8 1000 0.1 8 28 0 0 0 0
-3.482 -1 -2.998 -1 -3.028 -1 -3.222 -1 34
-3.125 -1 -2.646 -1 -2.692 -1 -2.996 -1 38
-2.844 -1 -2.456 -1 -2.454 -1 -2.852 -1 2
-2.653 -1 -2.318 -1 -2.35 -1 -2.8 -1 44
-2.575 -1 -2.25 -1 -2.304 -1 -2.81 -1 39
-2.557 -1 -2.234 -1 -2.252 -1 -2.734 -1 19
-2.493 -1 -2.172 -1 -2.178 -1 -2.68 -1 7
-2.429 -1 -2.122 -1 -2.14 -1 -2.726 -1 20
-2.433 -1 -2.122 -1 -2.188 -1 -2.748 -1 48
-2.468 -1 -2.136 -1 -2.164 -1 -2.682 -1 16
-2.423 -1 -2.084 -1 -2.096 -1 -2.64 -1 14
-2.368 -1 -2.014 -1 -2.044 -1 -2.706 -1 14
-2.375 -1 -2.058 -1 -2.11 -1 -2.668 -1 33
-2.389 -1 -2.05 -1 -2.052 -1 -2.602 -1 2
-2.327 -1 -1.992 -1 -2.064 -1 -2.582 -1 45
-2.323 -1 -1.98 -1 -2.024 -1 -2.516 -1 27
-2.27 -1 -1.922 -1 -2 -1 -2.532 -1 43
-2.266 -1 -1.926 -1 -1.982 -1 -2.53 -1 44
-2.256 -1 -1.902 -1 -1.966 -1 -2.584 -1 30
-2.275 -1 -1.924 -1 -1.938 -1 -2.56 -1 8
-2.249 -1 -1.91 -1 -1.976 -1 -2.58 -1 28
-2.278 -1 -1.924 -1 -1.946 -1 -2.448 -1 25
-2.197 -1 -1.872 -1 -1.912 -1 -2.506 -1 21
-2.209 -1 -1.892 -1 -1.894 -1 -2.382 -1 4
-2.138 -1 -1.822 -1 -1.898 -1 -2.466 -1 34
-2.182 -1 -1.86 -1 -1.872 -1 -2.396 -1 9
-2.134 -1 -1.834 -1 -1.858 -1 -2.352 -1 7
-2.105 -1 -1.784 -1 -1.818 -1 -2.258 0 17
