8 1000 0 4 39 0 0 0 0
-3.452 -1 -3.084 -1 -3.084 -1 -3.294 -1 0
-3.189 -1 -2.832 -1 -2.832 -1 -3.148 -1 0
-2.99 -1 -2.654 -1 -2.654 -1 -3.118 -1 0
-2.886 -1 -2.568 -1 -2.568 -1 -2.976 -1 0
-2.772 -1 -2.46 -1 -2.46 -1 -2.86 -1 0
-2.66 -1 -2.382 -1 -2.382 -1 -2.864 -1 0
-2.623 -1 -2.316 -1 -2.316 -1 -2.798 -1 0
-2.557 -1 -2.258 -1 -2.258 -1 -2.768 -1 0
-2.513 -1 -2.244 -1 -2.244 -1 -2.756 -1 0
-2.5 -1 -2.228 -1 -2.228 -1 -2.746 -1 0
-2.487 -1 -2.212 -1 -2.212 -1 -2.7 -1 0
-2.456 -1 -2.158 -1 -2.158 -1 -2.688 -1 0
-2.423 -1 -2.14 -1 -2.14 -1 -2.672 -1 0
-2.406 -1 -2.15 -1 -2.15 -1 -2.67 -1 0
-2.41 -1 -2.164 -1 -2.164 -1 -2.648 -1 0
-2.406 -1 -2.138 -1 -2.138 -1 -2.638 -1 0
-2.388 -1 -2.118 -1 -2.118 -1 -2.598 -1 0
-2.358 -1 -2.094 -1 -2.094 -1 -2.502 -1 0
-2.298 -1 -2.006 -1 -2.006 -1 -2.464 -1 0
-2.235 -1 -1.978 -1 -1.978 -1 -2.464 -1 0
-2.221 -1 -1.94 -1 -1.94 -1 -2.512 -1 0
-2.226 -1 -1.934 -1 -1.934 -1 -2.46 -1 0
-2.197 -1 -1.956 -1 -1.956 -1 -2.496 -1 0
-2.226 -1 -1.944 -1 -1.944 -1 -2.522 -1 0
-2.233 -1 -1.946 -1 -1.946 -1 -2.462 -1 0
-2.204 -1 -1.938 -1 -1.938 -1 -2.41 -1 0
-2.174 -1 -1.9 -1 -1.9 -1 -2.396 -1 0
-2.148 -1 -1.874 -1 -1.874 -1 -2.354 -1 0
-2.114 -1 -1.856 -1 -1.856 -1 -2.412 -1 0
-2.134 -1 -1.88 -1 -1.88 -1 -2.314 -1 0
-2.097 -1 -1.814 -1 -1.814 -1 -2.366 -1 0
-2.09 -1 -1.818 -1 -1.818 -1 -2.306 -1 0
-2.062 -1 -1.772 -1 -1.772 -1 -2.244 -1 0
-2.008 -1 -1.774 -1 -1.774 -1 -2.222 -1 0
-1.998 -1 -1.732 -1 -1.732 -1 -2.148 -1 0
-1.94 -1 -1.624 -1 -1.624 -1 -2.074 -1 0
-1.849 -1 -1.586 -1 -1.586 -1 -2.08 -1 0
-1.833 -1 -1.61 -1 -1.61 -1 -2.026 -1 0
-1.818 -1 -1.546 -1 -1.546 -1 -1.862 0 0
