9 1000 1 4 376 0 0 0 0
-3.64 -1 -3.298 -1 -3.346 -1 -3.532 -1 86
-3.439 -1 -3.098 -1 -3.378 -1 -3.53 -1 430
-3.454 -1 -3.104 -1 -3.258 -1 -3.422 -1 407
-3.34 -1 -3.01 -1 -3.186 -1 -3.384 -1 302
-3.285 -1 -2.898 -1 -3.072 -1 -3.292 -1 242
-3.182 -1 -2.822 -1 -3.168 -1 -3.398 -2 460
-3.283 -1 -2.908 -1 -2.996 -1 -3.252 -1 117
-3.124 -1 -2.748 -1 -2.988 -1 -3.292 -1 285
-3.14 -1 -2.822 -1 -2.926 -1 -3.24 -1 141
-3.083 -1 -2.74 -1 -2.964 -1 -3.23 -1 203
-3.097 -1 -2.72 -1 -3.016 -1 -3.214 -1 300
-3.115 -1 -2.768 -1 -3.188 -1 -3.288 -1 497
-3.238 -1 -2.874 -1 -3.104 -1 -3.382 -1 306
-3.243 -1 -2.902 -1 -3.11 -1 -3.346 -1 309
-3.228 -1 -2.816 -1 -2.894 -1 -3.248 -1 92
-3.071 -1 -2.71 -1 -2.878 -1 -3.222 -1 188
-3.05 -1 -2.708 -1 -3.124 -1 -3.312 -1 401
-3.218 -1 -2.818 -1 -2.994 -1 -3.228 -1 189
-3.111 -1 -2.76 -1 -3.116 -1 -3.34 -1 407
-3.228 -1 -2.83 -1 -3.172 -1 -3.39 -1 414
-3.281 -1 -2.928 -1 -3.176 -1 -3.4 -2 284
-3.288 -1 -2.926 -1 -3.002 -1 -3.214 -1 128
-3.108 -1 -2.79 -1 -2.99 -1 -3.174 -1 192
-3.082 -1 -2.688 -1 -3.062 -1 -3.28 -1 415
-3.171 -1 -2.804 -1 -2.846 -1 -3.188 -1 81
-3.017 -1 -2.706 -1 -3.094 -1 -3.368 -1 442
-3.231 -1 -2.862 -1 -2.986 -1 -3.29 -1 171
-3.138 -1 -2.792 -1 -2.864 -1 -3.17 -1 95
-3.017 -1 -2.68 -1 -2.764 -1 -3.096 -1 74
-2.93 -1 -2.574 -1 -3.016 -1 -3.33 -2 481
-3.173 -1 -2.794 -1 -2.904 -1 -3.2 -1 128
-3.052 -1 -2.69 -1 -2.708 -1 -3.086 -1 13
-2.897 -1 -2.586 -1 -2.902 -1 -3.224 -1 322
-3.063 -1 -2.718 -1 -3.04 -1 -3.176 -1 350
-3.108 -1 -2.8 -1 -3.032 -1 -3.238 -1 292
-3.135 -1 -2.766 -1 -3.042 -1 -3.312 -1 305
-3.177 -1 -2.786 -1 -2.816 -1 -3.122 -1 30
-2.969 -1 -2.62 -1 -3.054 -1 -3.31 -1 423
-3.182 -1 -2.77 -1 -3.104 -1 -3.338 -1 402
-3.221 -1 -2.866 -1 -2.878 -1 -3.126 -1 9
-3.002 -1 -2.644 -1 -2.88 -1 -3.236 -1 259
-3.058 -1 -2.682 -1 -3.108 -1 -3.354 -1 470
-3.231 -1 -2.852 -1 -3.078 -1 -3.314 -1 332
-3.196 -1 -2.792 -1 -3.084 -1 -3.338 -1 303
-3.211 -1 -2.842 -1 -3.11 -1 -3.372 -1 414
-3.241 -1 -2.89 -1 -3.018 -1 -3.27 -1 167
-3.144 -1 -2.768 -1 -2.966 -1 -3.246 -1 240
-3.106 -1 -2.738 -1 -2.776 -1 -3.066 -1 41
-2.921 -1 -2.598 -1 -2.78 -1 -3.022 -1 200
-2.901 -1 -2.584 -1 -2.742 -1 -3.106 -1 138
-2.924 -1 -2.618 -1 -2.908 -1 -3.264 -1 292
-3.086 -1 -2.78 -1 -2.914 -1 -3.226 -1 108
-3.07 -1 -2.734 -1 -3.122 -1 -3.304 -1 489
-3.213 -1 -2.82 -1 -2.908 -1 -3.176 -1 80
-3.042 -1 -2.724 -1 -2.96 -1 -3.234 -1 220
-3.097 -1 -2.726 -1 -3.052 -1 -3.334 -1 394
-3.193 -1 -2.864 -1 -3.14 -1 -3.392 -1 367
-3.266 -1 -2.908 -1 -3.098 -1 -3.282 -1 299
-3.19 -1 -2.89 -1 -2.952 -1 -3.282 -1 54
-3.117 -1 -2.74 -1 -2.74 -1 -3.124 -1 1
-2.932 -1 -2.67 -1 -3.144 -1 -3.344 -1 490
-3.244 -1 -2.912 -1 -2.91 -1 -3.248 -1 25
-3.079 -1 -2.736 -1 -3.006 -1 -3.302 -1 332
-3.154 -1 -2.784 -1 -3.088 -1 -3.318 -1 382
-3.203 -1 -2.872 -1 -3.084 -1 -3.246 -1 310
-3.165 -1 -2.794 -1 -3.162 -1 -3.474 -1 472
-3.318 -1 -2.964 -1 -3.054 -1 -3.244 -1 137
-3.149 -1 -2.78 -1 -3.004 -1 -3.282 -1 272
-3.143 -1 -2.776 -1 -2.954 -1 -3.228 -1 156
-3.091 -1 -2.756 -1 -3.02 -1 -3.278 -1 317
-3.149 -1 -2.748 -1 -2.856 -1 -3.134 -1 102
-2.995 -1 -2.658 -1 -2.746 -1 -3.156 -1 85
-2.951 -1 -2.658 -1 -2.768 -1 -3.158 -1 106
-2.963 -1 -2.666 -1 -2.956 -1 -3.28 -1 284
-3.118 -1 -2.75 -1 -2.772 -1 -3.084 -1 24
-2.928 -1 -2.616 -1 -2.82 -1 -3.146 -1 172
-2.983 -1 -2.62 -1 -2.95 -1 -3.162 -1 361
-3.056 -1 -2.666 -1 -2.934 -1 -3.16 -1 239
-3.047 -1 -2.722 -1 -2.852 -1 -3.138 -1 151
-2.995 -1 -2.628 -1 -3.104 -1 -3.3 -1 487
-3.202 -1 -2.79 -1 -2.882 -1 -3.256 -1 133
-3.069 -1 -2.69 -1 -2.862 -1 -3.164 -1 185
-3.013 -1 -2.662 -1 -2.768 -1 -3.076 -1 115
-2.922 -1 -2.578 -1 -3.06 -1 -3.268 -1 480
-3.164 -1 -2.782 -1 -2.778 -1 -3.11 -1 18
-2.944 -1 -2.578 -1 -2.89 -1 -3.23 -1 259
-3.06 -1 -2.626 -1 -3.118 -1 -3.344 -1 448
-3.231 -1 -2.796 -1 -3.022 -1 -3.22 -1 244
-3.121 -1 -2.79 -1 -2.798 -1 -3.12 -1 7
-2.959 -1 -2.658 -1 -3.12 -1 -3.33 -1 421
-3.225 -1 -2.85 -1 -2.942 -1 -3.23 -1 79
-3.086 -1 -2.728 -1 -3.012 -1 -3.146 -1 346
-3.079 -1 -2.686 -1 -2.778 -1 -3.07 -1 105
-2.924 -1 -2.586 -1 -2.868 -1 -3.21 -1 254
-3.039 -1 -2.642 -1 -2.76 -1 -3.18 -1 146
-2.97 -1 -2.656 -1 -3.068 -1 -3.33 -1 439
-3.199 -1 -2.834 -1 -2.926 -1 -3.172 -1 114
-3.049 -1 -2.7 -1 -2.934 -1 -3.21 -1 208
-3.072 -1 -2.718 -1 -2.734 -1 -3.108 -1 20
-2.921 -1 -2.624 -1 -3.032 -1 -3.25 -1 441
-3.141 -1 -2.72 -1 -3.006 -1 -3.242 -1 296
-3.124 -1 -2.69 -1 -2.726 -1 -3.066 -1 34
-2.896 -1 -2.61 -1 -2.922 -1 -3.212 -1 293
-3.067 -1 -2.678 -1 -3.066 -1 -3.318 -2 370
-3.192 -1 -2.794 -1 -3.094 -1 -3.244 -1 421
-3.169 -1 -2.802 -1 -2.958 -1 -3.248 -1 136
-3.103 -1 -2.754 -1 -2.976 -1 -3.158 -1 256
-3.067 -1 -2.71 -1 -2.784 -1 -3.116 -1 54
-2.95 -1 -2.59 -1 -2.906 -1 -3.234 -1 246
-3.07 -1 -2.714 -1 -3.108 -1 -3.284 -1 486
-3.196 -1 -2.828 -1 -2.96 -1 -3.284 -1 201
-3.122 -1 -2.736 -1 -3.164 -1 -3.36 -1 499
-3.262 -1 -2.87 -1 -2.938 -1 -3.266 -1 88
-3.102 -1 -2.726 -1 -3.06 -1 -3.382 -1 391
-3.221 -1 -2.846 -1 -3.148 -1 -3.346 -1 342
-3.247 -1 -2.854 -1 -3.03 -1 -3.298 -1 187
-3.164 -1 -2.836 -1 -3.13 -1 -3.302 -1 338
-3.216 -1 -2.846 -1 -3.09 -1 -3.342 -1 253
-3.216 -1 -2.828 -1 -2.984 -1 -3.3 -1 150
-3.142 -1 -2.76 -1 -2.908 -1 -3.188 -1 188
-3.048 -1 -2.73 -1 -2.762 -1 -3.152 -1 26
-2.957 -1 -2.614 -1 -2.662 -1 -3.052 -1 40
-2.857 -1 -2.566 -1 -2.882 -1 -3.126 -1 363
-3.004 -1 -2.658 -1 -2.958 -1 -3.196 -1 278
-3.077 -1 -2.676 -1 -2.99 -1 -3.284 -1 340
-3.137 -1 -2.754 -1 -2.816 -1 -3.216 -1 50
-3.016 -1 -2.664 -1 -2.76 -1 -3.092 -1 86
-2.926 -1 -2.602 -1 -2.768 -1 -3.192 -1 143
-2.98 -1 -2.662 -1 -3.074 -1 -3.256 -1 424
-3.165 -1 -2.76 -1 -3.1 -1 -3.332 -2 381
-3.216 -1 -2.854 -1 -2.99 -1 -3.252 -1 280
-3.121 -1 -2.762 -1 -2.868 -1 -3.072 -1 91
-2.97 -1 -2.628 -1 -3.038 -1 -3.29 -1 364
-3.164 -1 -2.772 -1 -2.874 -1 -3.2 -1 82
-3.037 -1 -2.682 -1 -3.002 -1 -3.272 -1 321
-3.137 -1 -2.802 -1 -2.998 -1 -3.276 -1 310
-3.137 -1 -2.822 -1 -3.056 -1 -3.266 -1 268
-3.161 -1 -2.758 -1 -2.872 -1 -3.278 -1 106
-3.075 -1 -2.74 -1 -2.838 -1 -3.114 -1 84
-2.976 -1 -2.612 -1 -3.026 -1 -3.264 -2 490
-3.145 -1 -2.794 -1 -3.014 -1 -3.244 -1 187
-3.129 -1 -2.742 -1 -3.056 -1 -3.262 -1 367
-3.159 -1 -2.794 -1 -3.012 -1 -3.22 -1 325
-3.116 -1 -2.75 -1 -3.04 -1 -3.284 -1 427
-3.162 -1 -2.792 -1 -2.946 -1 -3.198 -1 182
-3.072 -1 -2.704 -1 -2.916 -1 -3.228 -1 236
-3.072 -1 -2.668 -1 -2.688 -1 -3.028 -1 29
-2.858 -1 -2.546 -1 -2.858 -1 -3.226 -1 336
-3.042 -1 -2.688 -1 -2.748 -1 -3.106 -1 44
-2.927 -1 -2.544 -1 -3.066 -1 -3.256 -1 467
-3.161 -1 -2.832 -1 -3.102 -1 -3.324 -2 366
-3.213 -1 -2.858 -1 -3.016 -1 -3.318 -1 168
-3.167 -1 -2.786 -1 -2.944 -1 -3.246 -1 168
-3.095 -1 -2.768 -1 -2.846 -1 -3.158 -1 95
-3.002 -1 -2.662 -1 -3.022 -1 -3.24 -1 415
-3.131 -1 -2.782 -1 -2.982 -1 -3.32 -1 258
-3.151 -1 -2.792 -1 -2.83 -1 -3.218 -1 67
-3.024 -1 -2.7 -1 -2.878 -1 -3.204 -1 189
-3.041 -1 -2.674 -1 -2.962 -1 -3.18 -1 320
-3.071 -1 -2.768 -1 -3.014 -1 -3.246 -1 288
-3.13 -1 -2.776 -1 -3.15 -1 -3.37 -1 486
-3.26 -1 -2.876 -1 -2.912 -1 -3.116 -1 53
-3.014 -1 -2.67 -1 -2.768 -1 -3.216 -2 71
-2.992 -1 -2.67 -1 -3.122 -1 -3.286 -1 497
-3.204 -1 -2.846 -1 -3.18 -1 -3.3 -1 407
-3.24 -1 -2.844 -1 -3.08 -1 -3.358 -1 305
-3.219 -1 -2.82 -1 -3.138 -1 -3.358 -1 370
-3.248 -1 -2.85 -1 -3.168 -1 -3.33 -1 394
-3.249 -1 -2.874 -1 -2.964 -1 -3.278 -1 129
-3.121 -1 -2.786 -1 -3.01 -1 -3.262 -1 327
-3.136 -1 -2.768 -1 -3.06 -1 -3.328 -1 292
-3.194 -1 -2.822 -1 -3.116 -1 -3.302 -2 439
-3.209 -1 -2.852 -1 -3.108 -1 -3.278 -1 268
-3.193 -1 -2.846 -1 -3.108 -1 -3.318 -2 424
-3.213 -1 -2.86 -1 -3.088 -1 -3.334 -1 353
-3.211 -1 -2.912 -1 -2.93 -1 -3.208 -1 18
-3.069 -1 -2.744 -1 -3.032 -1 -3.34 -1 324
-3.186 -1 -2.834 -1 -3.134 -1 -3.316 -1 347
-3.225 -1 -2.882 -1 -3.088 -1 -3.3 -1 244
-3.194 -1 -2.802 -1 -2.846 -1 -3.248 -1 75
-3.047 -1 -2.72 -1 -3.014 -1 -3.256 -1 289
-3.135 -1 -2.752 -1 -2.992 -1 -3.256 -1 286
-3.124 -1 -2.724 -1 -2.992 -1 -3.24 -1 306
-3.116 -1 -2.702 -1 -2.926 -1 -3.336 -1 237
-3.131 -1 -2.776 -1 -3.174 -1 -3.31 -1 460
-3.242 -1 -2.882 -1 -3.18 -1 -3.39 -1 300
-3.285 -1 -2.914 -1 -3.148 -1 -3.324 -1 334
-3.236 -1 -2.854 -1 -3.132 -1 -3.39 -1 414
-3.261 -1 -2.928 -1 -3.16 -1 -3.33 -1 355
-3.245 -1 -2.93 -1 -2.986 -1 -3.326 -1 79
-3.156 -1 -2.826 -1 -3.128 -1 -3.346 -1 470
-3.237 -1 -2.862 -1 -3.094 -1 -3.326 -1 292
-3.21 -1 -2.838 -1 -3.15 -1 -3.31 -1 388
-3.23 -1 -2.892 -1 -3.12 -1 -3.328 -1 366
-3.224 -1 -2.844 -1 -3.222 -1 -3.376 -1 411
-3.299 -1 -2.922 -1 -3.114 -1 -3.318 -1 222
-3.216 -1 -2.81 -1 -3.124 -1 -3.314 -1 338
-3.219 -1 -2.882 -1 -3.222 -1 -3.44 -2 499
-3.331 -1 -2.988 -1 -3.124 -1 -3.322 -1 344
-3.223 -1 -2.88 -1 -3.2 -1 -3.382 -1 448
-3.291 -1 -2.904 -1 -3.178 -1 -3.362 -1 317
-3.27 -1 -2.934 -1 -2.968 -1 -3.242 -1 56
-3.105 -1 -2.788 -1 -3.03 -1 -3.27 -1 294
-3.15 -1 -2.804 -1 -2.948 -1 -3.236 -1 175
-3.092 -1 -2.76 -1 -2.972 -1 -3.224 -1 311
-3.098 -1 -2.758 -1 -3.048 -1 -3.22 -1 345
-3.134 -1 -2.8 -1 -2.966 -1 -3.276 -1 180
-3.121 -1 -2.74 -1 -3.156 -1 -3.366 -1 459
-3.261 -1 -2.898 -1 -3.098 -1 -3.226 -1 329
-3.162 -1 -2.808 -1 -2.968 -1 -3.25 -1 184
-3.109 -1 -2.77 -1 -2.82 -1 -3.184 -1 42
-3.002 -1 -2.694 -1 -3.158 -1 -3.26 -1 485
-3.209 -1 -2.854 -1 -3.132 -1 -3.338 -1 373
-3.235 -1 -2.88 -1 -2.99 -1 -3.25 -1 178
-3.12 -1 -2.76 -1 -2.828 -1 -3.156 -1 120
-2.992 -1 -2.722 -1 -2.89 -1 -3.196 -1 196
-3.043 -1 -2.692 -1 -3.046 -1 -3.204 -1 386
-3.125 -1 -2.734 -1 -3.104 -1 -3.336 -1 375
-3.22 -1 -2.868 -1 -2.93 -1 -3.2 -1 63
-3.065 -1 -2.722 -1 -2.988 -1 -3.218 -1 418
-3.103 -1 -2.736 -1 -2.936 -1 -3.24 -1 234
-3.088 -1 -2.736 -1 -2.948 -1 -3.234 -1 297
-3.091 -1 -2.74 -1 -2.938 -1 -3.182 -1 220
-3.06 -1 -2.718 -1 -2.908 -1 -3.164 -1 152
-3.036 -1 -2.718 -1 -2.99 -1 -3.208 -1 329
-3.099 -1 -2.692 -1 -2.98 -1 -3.214 -1 285
-3.097 -1 -2.722 -1 -2.774 -1 -3.184 -1 62
-2.979 -1 -2.662 -1 -2.822 -1 -3.156 -1 178
-2.989 -1 -2.618 -1 -2.906 -1 -3.208 -1 387
-3.057 -1 -2.736 -1 -3.12 -1 -3.314 -1 495
-3.217 -1 -2.826 -1 -2.978 -1 -3.23 -1 186
-3.104 -1 -2.754 -1 -2.918 -1 -3.19 -1 168
-3.054 -1 -2.69 -1 -2.908 -1 -3.198 -1 209
-3.053 -1 -2.734 -1 -3.1 -1 -3.298 -1 457
-3.199 -1 -2.794 -1 -2.906 -1 -3.2 -1 71
-3.053 -1 -2.718 -1 -2.764 -1 -3.086 -1 54
-2.925 -1 -2.604 -1 -2.71 -1 -3.132 -1 107
-2.921 -1 -2.616 -1 -2.802 -1 -3.15 -1 159
-2.976 -1 -2.61 -1 -2.964 -1 -3.186 -1 465
-3.075 -1 -2.728 -1 -2.962 -1 -3.286 -1 259
-3.124 -1 -2.804 -1 -2.986 -1 -3.192 -1 206
-3.089 -1 -2.714 -1 -2.874 -1 -3.264 -1 119
-3.069 -1 -2.704 -1 -2.79 -1 -3.098 -1 57
-2.944 -1 -2.586 -1 -2.872 -1 -3.166 -1 299
-3.019 -1 -2.646 -1 -3.076 -1 -3.26 -1 446
-3.168 -1 -2.8 -1 -3.032 -1 -3.28 -1 297
-3.156 -1 -2.776 -1 -2.89 -1 -3.268 -1 115
-3.079 -1 -2.664 -1 -3.062 -1 -3.302 -1 399
-3.182 -1 -2.846 -1 -2.862 -1 -3.172 -1 23
-3.017 -1 -2.676 -1 -2.84 -1 -3.168 -1 164
-3.004 -1 -2.65 -1 -2.68 -1 -3.112 -1 25
-2.896 -1 -2.51 -1 -2.916 -1 -3.18 -1 367
-3.048 -1 -2.684 -1 -2.992 -1 -3.224 -1 383
-3.108 -1 -2.728 -1 -2.946 -1 -3.182 -1 251
-3.064 -1 -2.72 -1 -3.058 -1 -3.268 -1 340
-3.163 -1 -2.796 -1 -2.88 -1 -3.194 -1 87
-3.037 -1 -2.704 -1 -3.162 -1 -3.324 -1 425
-3.243 -1 -2.842 -1 -3.048 -1 -3.32 -1 217
-3.184 -1 -2.796 -1 -3.054 -1 -3.244 -1 318
-3.149 -1 -2.79 -1 -2.938 -1 -3.216 -1 172
-3.077 -1 -2.746 -1 -3.088 -1 -3.276 -1 431
-3.182 -1 -2.768 -1 -2.928 -1 -3.286 -1 167
-3.107 -1 -2.76 -1 -2.898 -1 -3.18 -1 166
-3.039 -1 -2.712 -1 -3.142 -1 -3.292 -1 479
-3.217 -1 -2.864 -1 -3.136 -1 -3.404 -1 353
-3.27 -1 -2.88 -1 -2.96 -1 -3.194 -1 102
-3.077 -1 -2.73 -1 -2.898 -1 -3.236 -1 161
-3.067 -1 -2.672 -1 -3.06 -1 -3.334 -1 374
-3.197 -1 -2.8 -1 -3.008 -1 -3.278 -1 230
-3.143 -1 -2.75 -1 -3.048 -1 -3.28 -1 238
-3.164 -1 -2.782 -1 -3.09 -1 -3.326 -1 378
-3.208 -1 -2.85 -1 -3.122 -1 -3.29 -1 304
-3.206 -1 -2.806 -1 -2.882 -1 -3.12 -1 110
-3.001 -1 -2.66 -1 -2.844 -1 -3.192 -1 198
-3.018 -1 -2.656 -1 -3.066 -1 -3.176 -1 390
-3.121 -1 -2.752 -1 -3.072 -1 -3.278 -1 463
-3.175 -1 -2.838 -1 -3.13 -1 -3.314 -1 338
-3.222 -1 -2.822 -1 -3.044 -1 -3.258 -1 284
-3.151 -1 -2.78 -1 -2.804 -1 -3.19 -1 33
-2.997 -1 -2.658 -1 -2.808 -1 -3.144 -1 135
-2.976 -1 -2.64 -1 -2.992 -1 -3.298 -1 464
-3.145 -1 -2.762 -1 -2.916 -1 -3.236 -1 194
-3.076 -1 -2.714 -1 -2.982 -1 -3.256 -1 263
-3.119 -1 -2.742 -1 -3.062 -1 -3.296 -2 337
-3.179 -1 -2.834 -1 -3.038 -1 -3.246 -1 204
-3.142 -1 -2.79 -1 -3.158 -1 -3.336 -1 431
-3.247 -1 -2.826 -1 -3.08 -1 -3.32 -1 271
-3.2 -1 -2.832 -1 -2.848 -1 -3.184 -1 32
-3.016 -1 -2.704 -1 -2.914 -1 -3.142 -1 210
-3.028 -1 -2.708 -1 -3.042 -1 -3.27 -1 416
-3.156 -1 -2.85 -1 -2.928 -1 -3.184 -1 115
-3.056 -1 -2.702 -1 -2.992 -1 -3.312 -1 270
-3.152 -1 -2.798 -1 -2.866 -1 -3.148 -1 57
-3.007 -1 -2.678 -1 -3.04 -1 -3.282 -1 468
-3.161 -1 -2.806 -1 -2.888 -1 -3.178 -1 62
-3.033 -1 -2.692 -1 -2.976 -1 -3.316 -1 308
-3.146 -1 -2.78 -1 -3.202 -1 -3.364 -1 489
-3.283 -1 -2.908 -1 -3.274 -1 -3.46 -1 420
-3.367 -1 -2.98 -1 -3.198 -1 -3.372 -1 309
-3.285 -1 -2.938 -1 -3.186 -1 -3.34 -1 351
-3.263 -1 -2.864 -1 -3.004 -1 -3.264 -1 175
-3.134 -1 -2.772 -1 -3.136 -1 -3.306 -1 489
-3.221 -1 -2.864 -1 -2.898 -1 -3.202 -1 33
-3.05 -1 -2.726 -1 -3.096 -1 -3.41 -1 423
-3.253 -1 -2.876 -1 -3.072 -1 -3.308 -1 207
-3.19 -1 -2.842 -1 -3.004 -1 -3.37 -1 159
-3.187 -1 -2.858 -1 -3.158 -1 -3.372 -1 343
-3.265 -1 -2.866 -1 -2.96 -1 -3.194 -1 81
-3.077 -1 -2.734 -1 -3.11 -1 -3.404 -1 433
-3.257 -1 -2.85 -1 -2.858 -1 -3.18 -1 4
-3.019 -1 -2.714 -1 -2.82 -1 -3.134 -1 108
-2.977 -1 -2.648 -1 -2.89 -1 -3.174 -2 238
-3.032 -1 -2.656 -1 -2.942 -1 -3.186 -1 256
-3.064 -1 -2.704 -1 -2.892 -1 -3.142 -1 163
-3.017 -1 -2.704 -1 -2.738 -1 -3.09 -1 59
-2.914 -1 -2.588 -1 -2.894 -1 -3.232 -1 267
-3.063 -1 -2.664 -1 -3.098 -1 -3.348 -1 463
-3.223 -1 -2.81 -1 -2.956 -1 -3.208 -1 144
-3.082 -1 -2.76 -1 -3.122 -1 -3.35 -1 441
-3.236 -1 -2.834 -1 -2.99 -1 -3.282 -1 220
-3.136 -1 -2.816 -1 -3.132 -1 -3.304 -2 474
-3.218 -1 -2.864 -1 -3.1 -1 -3.33 -2 270
-3.215 -1 -2.83 -1 -3.166 -1 -3.364 -1 406
-3.265 -1 -2.908 -1 -3.17 -1 -3.394 -2 371
-3.282 -1 -2.93 -1 -3.29 -1 -3.464 -1 463
-3.377 -1 -2.952 -1 -3.17 -1 -3.322 -1 238
-3.246 -1 -2.876 -1 -2.876 -1 -3.218 -1 1
-3.047 -1 -2.718 -1 -3.078 -1 -3.314 -1 374
-3.196 -1 -2.836 -1 -3.084 -1 -3.292 -1 271
-3.188 -1 -2.804 -1 -2.944 -1 -3.212 -1 213
-3.078 -1 -2.758 -1 -2.926 -1 -3.232 -1 184
-3.079 -1 -2.704 -1 -3.028 -1 -3.282 -1 343
-3.155 -1 -2.79 -1 -2.794 -1 -3.178 -1 39
-2.986 -1 -2.676 -1 -2.694 -1 -3.094 -1 43
-2.894 -1 -2.596 -1 -3.04 -1 -3.232 -1 495
-3.136 -1 -2.796 -1 -3.182 -1 -3.342 -1 404
-3.262 -1 -2.886 -1 -3.082 -1 -3.296 -1 293
-3.189 -1 -2.848 -1 -3.198 -1 -3.356 -1 424
-3.277 -1 -2.908 -1 -2.916 -1 -3.178 -1 20
-3.047 -1 -2.722 -1 -3.03 -1 -3.242 -1 376
-3.136 -1 -2.726 -1 -2.922 -1 -3.208 -1 221
-3.065 -1 -2.758 -1 -2.91 -1 -3.194 -1 131
-3.052 -1 -2.702 -1 -3.078 -1 -3.298 -1 446
-3.188 -1 -2.82 -1 -3.112 -1 -3.266 -1 402
-3.189 -1 -2.816 -1 -3.098 -1 -3.28 -1 359
-3.189 -1 -2.846 -1 -3.092 -1 -3.298 -1 275
-3.195 -1 -2.796 -1 -2.868 -1 -3.244 -1 62
-3.056 -1 -2.698 -1 -2.91 -1 -3.15 -1 228
-3.03 -1 -2.684 -1 -3.054 -1 -3.214 -1 401
-3.134 -1 -2.77 -1 -2.938 -1 -3.284 -1 216
-3.111 -1 -2.744 -1 -3.082 -1 -3.268 -1 444
-3.175 -1 -2.822 -1 -3.046 -1 -3.264 -1 343
-3.155 -1 -2.792 -1 -3.13 -1 -3.366 -1 396
-3.248 -1 -2.876 -1 -3.164 -1 -3.368 -1 408
-3.266 -1 -2.884 -1 -3.018 -1 -3.314 -1 253
-3.166 -1 -2.792 -1 -3.074 -1 -3.336 -1 306
-3.205 -1 -2.852 -1 -3.076 -1 -3.262 -1 349
-3.169 -1 -2.792 -1 -3.07 -1 -3.228 -1 378
-3.149 -1 -2.784 -1 -2.784 -1 -3.114 -1 1
-2.949 -1 -2.62 -1 -2.834 -1 -3.198 -1 185
-3.016 -1 -2.654 -1 -2.778 -1 -3.102 -1 161
-2.94 -1 -2.568 -1 -2.702 -1 -3.068 -1 110
-2.885 -1 -2.552 -1 -3.036 -1 -3.256 -1 447
-3.146 -1 -2.758 -1 -2.924 -1 -3.224 -1 210
-3.074 -1 -2.706 -1 -2.728 -1 -3.148 -1 39
-2.938 -1 -2.634 -1 -3.054 -1 -3.314 -1 495
-3.184 -1 -2.83 -1 -3.172 -1 -3.31 -1 472
-3.241 -1 -2.832 -1 -2.832 -1 -3.198 -1 1
-3.015 -1 -2.7 -1 -2.792 -1 -3.168 -1 72
-2.98 -1 -2.606 -1 -2.998 -1 -3.23 -1 485
-3.114 -1 -2.714 -1 -2.892 -1 -3.244 -1 134
-3.068 -1 -2.686 -1 -2.762 -1 -3.086 -1 61
-2.924 -1 -2.564 -1 -2.634 -1 -3.068 -1 57
-2.851 -1 -2.572 -1 -2.988 -1 -3.252 -1 427
-3.12 -1 -2.732 -1 -3.126 -1 -3.29 -1 447
-3.208 -1 -2.862 -1 -3.102 -1 -3.272 0 309
