7 1000 0.7 3 22 0 0 0 0
-3.228 -1 -2.934 -1 -2.948 -1 -3.086 -1 36
-3.017 -1 -2.696 -1 -2.79 -1 -3.012 -1 113
-2.901 -1 -2.596 -1 -2.68 -1 -2.852 -1 97
-2.766 -1 -2.52 -1 -2.618 -1 -2.902 -1 111
-2.76 -1 -2.484 -1 -2.558 -1 -2.874 -1 99
-2.716 -1 -2.456 -1 -2.692 -1 -2.91 -1 328
-2.801 -1 -2.506 -1 -2.742 -1 -2.994 -1 311
-2.868 -1 -2.556 -1 -2.708 -1 -2.942 -1 210
-2.825 -1 -2.498 -1 -2.676 -1 -2.984 -1 227
-2.83 -1 -2.52 -1 -2.56 -1 -2.774 -1 80
-2.667 -1 -2.38 -1 -2.456 -1 -2.798 -1 87
-2.627 -1 -2.304 -1 -2.63 -1 -2.882 -1 349
-2.756 -1 -2.486 -1 -2.506 -1 -2.824 -1 25
-2.665 -1 -2.388 -1 -2.61 -1 -2.87 -1 325
-2.74 -1 -2.452 -1 -2.532 -1 -2.86 -1 110
-2.696 -1 -2.366 -1 -2.372 -1 -2.708 -1 2
-2.54 -1 -2.26 -1 -2.556 -1 -2.842 -1 293
-2.699 -1 -2.36 -1 -2.54 -1 -2.846 -1 185
-2.693 -1 -2.362 -1 -2.622 -1 -2.868 -1 267
-2.745 -1 -2.464 -1 -2.504 -1 -2.816 -1 56
-2.66 -1 -2.37 -1 -2.566 -1 -2.858 -1 258
-2.712 -1 -2.384 -1 -2.504 -1 -2.85 0 124
