9 1000 0.9 9 73 0 0 0 0
-3.617 -1 -3.078 -1 -3.214 -1 -3.392 -2 299
-3.303 -1 -2.866 -1 -2.922 -1 -3.244 -1 78
-3.083 -1 -2.652 -1 -2.816 -1 -3.206 -1 126
-3.011 -1 -2.6 -1 -2.952 -1 -3.176 -1 309
-3.064 -1 -2.606 -1 -2.824 -1 -3.212 -1 194
-3.018 -1 -2.592 -1 -2.958 -1 -3.268 -1 340
-3.113 -1 -2.646 -1 -2.774 -1 -3.152 -1 123
-2.963 -1 -2.496 -1 -2.536 -1 -2.948 -1 34
-2.742 -1 -2.344 -1 -2.718 -1 -3.07 -1 279
-2.894 -1 -2.442 -1 -2.618 -1 -3.096 -1 160
-2.857 -1 -2.452 -1 -2.63 -1 -3.062 -1 178
-2.846 -1 -2.438 -1 -2.784 -1 -3.156 -1 308
-2.97 -1 -2.524 -1 -2.852 -1 -3.192 -1 265
-3.022 -1 -2.538 -1 -2.864 -1 -3.084 -1 274
-2.974 -1 -2.538 -1 -2.552 -1 -2.982 -1 14
-2.767 -1 -2.388 -1 -2.83 -1 -3.188 -1 324
-3.009 -1 -2.542 -1 -2.814 -1 -3.106 -1 200
-2.96 -1 -2.488 -1 -2.686 -1 -3.064 -1 158
-2.875 -1 -2.47 -1 -2.92 -1 -3.2 -1 391
-3.06 -1 -2.564 -1 -2.852 -1 -3.174 -1 292
-3.013 -1 -2.554 -1 -3 -1 -3.284 -1 408
-3.142 -1 -2.668 -1 -2.95 -1 -3.246 -1 256
-3.098 -1 -2.634 -1 -2.92 -1 -3.144 -1 294
-3.032 -1 -2.59 -1 -2.72 -1 -3.108 -1 118
-2.914 -1 -2.51 -1 -2.762 -1 -3.146 -1 195
-2.954 -1 -2.572 -1 -3.042 -1 -3.28 -1 444
-3.161 -1 -2.67 -1 -2.94 -1 -3.222 -1 267
-3.081 -1 -2.634 -1 -2.964 -1 -3.236 -1 366
-3.1 -1 -2.642 -1 -3.062 -1 -3.27 -1 395
-3.166 -1 -2.694 -1 -2.812 -1 -3.23 -1 126
-3.021 -1 -2.606 -1 -2.96 -1 -3.242 -1 427
-3.101 -1 -2.662 -1 -2.952 -1 -3.22 -1 303
-3.086 -1 -2.586 -1 -2.774 -1 -3.142 -1 161
-2.958 -1 -2.522 -1 -2.606 -1 -3.058 -1 81
-2.832 -1 -2.42 -1 -2.624 -1 -3.046 -1 160
-2.835 -1 -2.404 -1 -2.72 -1 -3.054 -1 248
-2.887 -1 -2.47 -1 -2.828 -1 -3.148 -1 317
-2.988 -1 -2.552 -1 -2.786 -1 -3.098 -1 244
-2.942 -1 -2.502 -1 -2.918 -1 -3.13 -1 366
-3.024 -1 -2.57 -1 -2.992 -1 -3.284 -1 320
-3.138 -1 -2.668 -1 -2.988 -1 -3.184 -1 313
-3.086 -1 -2.64 -1 -2.734 -1 -3.146 -1 98
-2.94 -1 -2.566 -1 -2.902 -1 -3.152 -1 293
-3.027 -1 -2.592 -1 -2.842 -1 -3.132 -1 200
-2.987 -1 -2.58 -1 -2.664 -1 -3.066 -1 82
-2.865 -1 -2.456 -1 -2.602 -1 -3.032 -1 117
-2.817 -1 -2.42 -1 -2.61 -1 -3.104 -1 147
-2.857 -1 -2.46 -1 -2.866 -1 -3.142 -1 345
-3.004 -1 -2.524 -1 -2.628 -1 -2.988 -1 89
-2.808 -1 -2.442 -1 -2.536 -1 -2.986 -1 66
-2.761 -1 -2.376 -1 -2.486 -1 -2.912 -1 67
-2.699 -1 -2.332 -1 -2.332 -1 -2.9 -1 0
-2.616 -1 -2.296 -1 -2.376 -1 -2.918 -1 44
-2.647 -1 -2.312 -1 -2.718 -1 -3.14 -1 318
-2.929 -1 -2.466 -1 -2.486 -1 -2.954 -1 28
-2.72 -1 -2.34 -1 -2.676 -1 -3.09 -1 220
-2.883 -1 -2.422 -1 -2.582 -1 -3.034 -1 96
-2.808 -1 -2.356 -1 -2.692 -1 -3.078 -1 230
-2.885 -1 -2.434 -1 -2.506 -1 -2.954 -1 44
-2.73 -1 -2.34 -1 -2.732 -1 -3.038 -1 396
-2.885 -1 -2.428 -1 -2.558 -1 -3.024 -1 122
-2.791 -1 -2.414 -1 -2.628 -1 -3.006 -1 115
-2.817 -1 -2.376 -1 -2.794 -1 -3.056 -1 332
-2.925 -1 -2.444 -1 -2.814 -1 -3.21 -1 329
-3.012 -1 -2.564 -1 -2.762 -1 -3.108 -1 157
-2.935 -1 -2.5 -1 -2.52 -1 -2.908 -1 9
-2.714 -1 -2.358 -1 -2.788 -1 -3.092 -1 346
-2.94 -1 -2.496 -1 -2.942 -1 -3.19 -1 394
-3.066 -1 -2.564 -1 -2.894 -1 -3.174 -1 339
-3.034 -1 -2.586 -1 -2.858 -1 -3.16 -1 229
-3.009 -1 -2.552 -1 -2.66 -1 -3.072 -1 72
-2.866 -1 -2.448 -1 -2.96 -1 -3.218 -1 440
-3.089 -1 -2.608 -1 -3.032 0 -3.178 -1 403
