8 1000 0.1 2 47 0 0 0 0
-3.486 -1 -3.226 -1 -3.214 -1 -3.334 -1 35
-3.274 -1 -3.038 -1 -3.07 -1 -3.26 -1 39
-3.165 -1 -2.98 -1 -2.998 -1 -3.182 -1 32
-3.09 -1 -2.836 -1 -2.84 -1 -3.12 -1 4
-2.98 -1 -2.778 -1 -2.788 -1 -3.072 -1 12
-2.93 -1 -2.76 -1 -2.79 -1 -3.026 -1 16
-2.908 -1 -2.698 -1 -2.726 -1 -3.056 -1 18
-2.891 -1 -2.686 -1 -2.708 -1 -3.04 -1 30
-2.874 -1 -2.628 -1 -2.664 -1 -2.92 -1 42
-2.792 -1 -2.582 -1 -2.618 -1 -2.978 -1 26
-2.798 -1 -2.588 -1 -2.65 -1 -2.976 -1 42
-2.813 -1 -2.586 -1 -2.642 -1 -2.982 -1 36
-2.812 -1 -2.586 -1 -2.61 -1 -2.922 -1 15
-2.766 -1 -2.606 -1 -2.646 -1 -2.896 -1 41
-2.771 -1 -2.552 -1 -2.568 -1 -2.932 -1 16
-2.75 -1 -2.548 -1 -2.592 -1 -2.912 -1 38
-2.752 -1 -2.542 -1 -2.6 -1 -2.904 -1 49
-2.752 -1 -2.556 -1 -2.598 -1 -2.9 -1 42
-2.749 -1 -2.532 -1 -2.556 -1 -2.928 -1 41
-2.742 -1 -2.514 -1 -2.55 -1 -2.934 -1 35
-2.742 -1 -2.542 -1 -2.542 -1 -2.85 -1 0
-2.696 -1 -2.502 -1 -2.59 -1 -2.934 -1 43
-2.762 -1 -2.524 -1 -2.526 -1 -2.874 -1 1
-2.7 -1 -2.472 -1 -2.486 -1 -2.872 -1 9
-2.679 -1 -2.478 -1 -2.5 -1 -2.852 -1 18
-2.676 -1 -2.472 -1 -2.498 -1 -2.834 -1 22
-2.666 -1 -2.454 -1 -2.468 -1 -2.82 -1 9
-2.644 -1 -2.52 -1 -2.538 -1 -2.888 -1 13
-2.713 -1 -2.482 -1 -2.5 -1 -2.788 -1 26
-2.644 -1 -2.428 -1 -2.478 -1 -2.822 -1 32
-2.65 -1 -2.422 -1 -2.446 -1 -2.81 -1 25
-2.628 -1 -2.422 -1 -2.432 -1 -2.816 -1 10
-2.624 -1 -2.37 -1 -2.428 -1 -2.786 -1 43
-2.607 -1 -2.364 -1 -2.402 -1 -2.748 -1 31
-2.575 -1 -2.344 -1 -2.386 -1 -2.776 -1 31
-2.581 -1 -2.348 -1 -2.426 -1 -2.826 -1 47
-2.626 -1 -2.374 -1 -2.394 -1 -2.746 -1 34
-2.57 -1 -2.366 -1 -2.408 -1 -2.768 -1 43
-2.588 -1 -2.346 -1 -2.376 -1 -2.718 -1 20
-2.547 -1 -2.282 -1 -2.316 -1 -2.706 -1 26
-2.511 -1 -2.272 -1 -2.336 -1 -2.68 -1 49
-2.508 -1 -2.282 -1 -2.316 -1 -2.692 -1 27
-2.504 -1 -2.3 -1 -2.346 -1 -2.616 -1 42
-2.481 -1 -2.232 -1 -2.256 -1 -2.554 -1 18
-2.405 -1 -2.204 -1 -2.212 -1 -2.554 -1 21
-2.383 -1 -2.118 -1 -2.138 -1 -2.534 -1 18
-2.336 -1 -2.14 -1 -2.156 -1 -2.504 0 16
