10 1000 0.1 1 185 0 0 0 0
-3.832 -1 -3.656 -1 -3.662 -1 -3.73 -1 6
-3.696 -1 -3.572 -1 -3.576 -1 -3.598 -1 4
-3.587 -1 -3.464 -1 -3.466 -1 -3.632 -2 30
-3.549 -1 -3.418 -1 -3.414 -1 -3.492 -1 35
-3.453 -1 -3.378 -1 -3.378 -1 -3.494 -2 0
-3.436 -1 -3.282 -1 -3.302 -1 -3.498 -1 18
-3.4 -1 -3.234 -1 -3.234 -1 -3.494 -1 17
-3.364 -1 -3.224 -1 -3.224 -1 -3.464 -1 19
-3.344 -1 -3.186 -1 -3.188 -1 -3.44 -1 2
-3.314 -1 -3.174 -1 -3.176 -1 -3.36 -2 4
-3.268 -1 -3.142 -1 -3.152 -1 -3.408 -1 41
-3.28 -1 -3.148 -1 -3.162 -1 -3.358 -1 32
-3.26 -1 -3.06 -1 -3.106 -1 -3.386 -1 38
-3.246 -1 -3.124 -1 -3.14 -1 -3.314 -1 21
-3.227 -1 -3.17 -1 -3.214 -1 -3.37 -1 34
-3.292 -1 -3.14 -1 -3.152 -1 -3.366 -1 39
-3.259 -1 -3.068 -1 -3.08 -1 -3.394 -2 27
-3.237 -1 -3.108 -1 -3.124 -1 -3.392 -1 32
-3.258 -1 -3.092 -1 -3.11 -1 -3.344 -1 20
-3.227 -1 -3.09 -1 -3.122 -1 -3.326 -1 32
-3.224 -1 -3.1 -1 -3.124 -1 -3.34 -1 45
-3.232 -1 -3.086 -1 -3.118 -1 -3.304 -1 30
-3.211 -1 -3.036 -1 -3.07 -1 -3.294 -1 24
-3.182 -1 -2.986 -1 -2.99 -1 -3.274 -1 2
-3.132 -1 -3.034 -1 -3.038 -1 -3.326 -1 4
-3.182 -1 -3.088 -1 -3.102 -1 -3.26 -1 21
-3.181 -1 -3.016 -1 -3.044 -1 -3.262 -2 42
-3.153 -1 -3.044 -1 -3.082 -1 -3.308 -1 35
-3.195 -1 -3.068 -1 -3.104 -1 -3.404 -1 47
-3.254 -1 -3.142 -1 -3.15 -1 -3.344 -1 15
-3.247 -1 -3.116 -1 -3.126 -1 -3.328 -1 8
-3.227 -1 -3.058 -1 -3.07 -1 -3.29 -1 21
-3.18 -1 -3.052 -1 -3.076 -1 -3.37 -2 30
-3.223 -1 -3.116 -1 -3.114 -1 -3.36 -1 7
-3.237 -1 -3.112 -1 -3.128 -1 -3.262 -1 45
-3.195 -1 -3.056 -1 -3.064 -1 -3.246 -1 9
-3.155 -1 -3.034 -1 -3.034 -1 -3.272 -1 4
-3.153 -1 -3.002 -1 -3.044 -1 -3.252 -2 41
-3.148 -1 -2.994 -1 -3.052 -1 -3.304 -1 47
-3.178 -1 -3.108 -1 -3.118 -1 -3.25 -1 5
-3.184 -1 -3.008 -1 -3.012 -1 -3.274 -1 8
-3.143 -1 -3.058 -1 -3.058 -1 -3.212 -1 3
-3.135 -1 -3.014 -1 -3.044 -1 -3.212 -1 33
-3.128 -1 -3 -1 -2.998 -1 -3.22 -1 3
-3.109 -1 -2.984 -1 -2.988 -1 -3.204 -1 9
-3.096 -1 -2.95 -1 -2.946 -1 -3.246 -1 6
-3.096 -1 -2.974 -1 -2.974 -1 -3.288 -1 0
-3.131 -1 -3 -1 -2.998 -1 -3.214 -1 10
-3.106 -1 -2.986 -1 -3.012 -1 -3.256 -1 18
-3.134 -1 -3.05 -1 -3.052 -1 -3.222 -1 5
-3.137 -1 -3.01 -1 -3.022 -1 -3.278 -1 6
-3.15 -1 -3.05 -1 -3.076 -1 -3.218 -1 14
-3.147 -1 -3.042 -1 -3.066 -1 -3.25 -1 36
-3.158 -1 -3.064 -1 -3.068 -1 -3.292 -2 3
-3.18 -1 -3.042 -1 -3.044 -1 -3.242 -1 13
-3.143 -1 -3.064 -1 -3.098 -1 -3.298 -1 29
-3.198 -1 -3.078 -1 -3.092 -1 -3.282 -1 24
-3.187 -1 -3.068 -1 -3.098 -1 -3.302 -1 17
-3.2 -1 -3.132 -1 -3.15 -1 -3.32 -1 35
-3.235 -1 -3.158 -1 -3.182 -1 -3.336 -1 18
-3.259 -1 -3.142 -1 -3.166 -1 -3.286 -1 23
-3.226 -1 -3.074 -1 -3.1 -1 -3.242 -2 21
-3.171 -1 -3.066 -1 -3.076 -1 -3.216 -1 35
-3.146 -1 -2.98 -1 -3 -1 -3.198 -1 11
-3.099 -1 -2.946 -1 -2.98 -1 -3.186 -1 24
-3.083 -1 -2.964 -1 -2.994 -1 -3.234 -1 41
-3.114 -1 -2.986 -1 -3.012 -1 -3.204 -1 14
-3.108 -1 -2.974 -1 -2.994 -1 -3.24 -1 32
-3.117 -1 -3.056 -1 -3.084 -1 -3.234 -1 33
-3.159 -1 -3.106 -1 -3.118 -1 -3.29 -1 14
-3.204 -1 -3.084 -1 -3.088 -1 -3.324 -1 10
-3.206 -1 -3.078 -1 -3.102 -1 -3.226 -1 29
-3.164 -1 -3.054 -1 -3.066 -1 -3.274 -1 15
-3.17 -1 -3.042 -1 -3.056 -1 -3.226 -1 35
-3.141 -1 -3.01 -1 -3.064 -1 -3.268 -1 37
-3.166 -1 -3.034 -1 -3.072 -1 -3.268 -1 46
-3.17 -1 -3.05 -1 -3.056 -1 -3.198 -1 13
-3.127 -1 -2.99 -1 -3.018 -1 -3.15 -1 46
-3.084 -1 -2.952 -1 -3.004 -1 -3.136 -1 42
-3.07 -1 -2.946 -1 -2.956 -1 -3.192 -1 29
-3.074 -1 -2.906 -1 -2.916 -1 -3.204 -1 6
-3.06 -1 -2.924 -1 -2.942 -1 -3.18 -1 15
-3.061 -1 -2.958 -1 -2.962 -1 -3.206 -1 39
-3.084 -1 -2.95 -1 -2.988 -1 -3.19 -1 37
-3.089 -1 -3.008 -1 -3.018 -1 -3.196 -1 20
-3.107 -1 -3.002 -1 -3.006 -1 -3.19 -1 7
-3.098 -1 -2.976 -1 -2.976 -1 -3.194 -1 2
-3.085 -1 -2.986 -1 -3.008 -1 -3.168 -1 29
-3.088 -1 -2.914 -1 -2.942 -1 -3.136 -1 16
-3.039 -1 -2.926 -1 -2.924 -1 -3.068 -1 18
-2.996 -1 -2.882 -1 -2.882 -1 -3.11 -1 0
-2.996 -1 -2.82 -1 -2.856 -1 -3.09 -1 23
-2.973 -1 -2.846 -1 -2.892 -1 -3.096 -1 32
-2.994 -1 -2.854 -1 -2.882 -1 -3.126 -1 27
-3.004 -1 -2.908 -1 -2.972 -1 -3.156 -1 39
-3.064 -1 -2.934 -1 -2.956 -1 -3.136 -1 21
-3.046 -1 -2.92 -1 -2.938 -1 -3.112 -1 17
-3.025 -1 -2.892 -1 -2.902 -1 -3.116 -1 2
-3.009 -1 -2.858 -1 -2.902 -1 -3.03 -1 47
-2.966 -1 -2.832 -1 -2.832 -1 -3.062 -1 0
-2.947 -1 -2.842 -1 -2.846 -1 -3.112 -1 3
-2.979 -1 -2.87 -1 -2.924 -1 -3.114 -1 41
-3.019 -1 -2.886 -1 -2.89 -1 -3.08 -1 1
-2.985 -1 -2.814 -1 -2.86 -1 -3.002 -1 48
-2.931 -1 -2.818 -1 -2.846 -1 -3.04 -1 23
-2.943 -1 -2.812 -1 -2.824 -1 -3.072 -1 20
-2.948 -1 -2.858 -1 -2.9 -1 -3.106 -1 44
-3.003 -1 -2.884 -1 -2.908 -1 -3.076 -1 20
-2.992 -1 -2.9 -1 -2.938 -1 -3.126 -1 23
-3.032 -1 -2.864 -1 -2.896 -1 -3.072 -1 28
-2.984 -1 -2.882 -1 -2.898 -1 -3.096 -1 12
-2.997 -1 -2.884 -1 -2.918 -1 -3.082 -1 26
-3 -1 -2.91 -1 -2.934 -1 -3.106 -1 40
-3.02 -1 -2.876 -1 -2.908 -1 -3.15 -1 22
-3.029 -1 -2.892 -1 -2.898 -1 -3.118 -1 8
-3.008 -1 -2.864 -1 -2.894 -1 -3.092 -1 22
-2.993 -1 -2.844 -1 -2.892 -1 -3.056 -1 45
-2.974 -1 -2.782 -1 -2.818 -1 -3.016 -1 31
-2.917 -1 -2.794 -1 -2.832 -1 -3.016 -1 21
-2.924 -1 -2.782 -1 -2.79 -1 -3.026 -1 18
-2.908 -1 -2.754 -1 -2.796 -1 -3.016 -1 38
-2.906 -1 -2.742 -1 -2.776 -1 -3.03 -1 25
-2.903 -1 -2.752 -1 -2.766 -1 -3.024 -1 9
-2.895 -1 -2.778 -1 -2.83 -1 -3.054 -1 39
-2.942 -1 -2.832 -1 -2.848 -1 -2.99 -1 9
-2.919 -1 -2.782 -1 -2.832 -1 -3.074 -1 43
-2.953 -1 -2.764 -1 -2.762 -1 -2.988 -1 10
-2.875 -1 -2.796 -1 -2.832 -1 -3.034 -1 15
-2.933 -1 -2.742 -1 -2.754 -1 -3.006 -1 24
-2.88 -1 -2.704 -1 -2.706 -1 -2.934 -1 1
-2.82 -1 -2.672 -1 -2.69 -1 -2.876 -1 26
-2.783 -1 -2.642 -1 -2.654 -1 -2.82 -1 23
-2.737 -1 -2.604 -1 -2.612 -1 -2.888 -1 10
-2.75 -1 -2.62 -1 -2.624 -1 -2.82 -1 2
-2.722 -1 -2.588 -1 -2.634 -1 -2.824 -1 39
-2.729 -1 -2.578 -1 -2.63 -1 -2.844 -1 44
-2.737 -1 -2.588 -1 -2.598 -1 -2.854 -1 19
-2.726 -1 -2.574 -1 -2.598 -1 -2.81 -1 16
-2.704 -1 -2.564 -1 -2.64 -1 -2.866 -1 46
-2.753 -1 -2.622 -1 -2.682 -1 -2.934 -1 38
-2.808 -1 -2.654 -1 -2.702 -1 -2.806 -1 21
-2.754 -1 -2.56 -1 -2.634 -1 -2.85 -1 38
-2.742 -1 -2.54 -1 -2.546 -1 -2.788 -1 4
-2.667 -1 -2.512 -1 -2.55 -1 -2.806 -1 21
-2.678 -1 -2.55 -1 -2.614 -1 -2.812 -1 45
-2.713 -1 -2.568 -1 -2.594 -1 -2.774 -1 23
-2.684 -1 -2.584 -1 -2.632 -1 -2.786 -1 44
-2.709 -1 -2.576 -1 -2.614 -1 -2.782 -1 30
-2.698 -1 -2.536 -1 -2.572 -1 -2.76 -1 25
-2.666 -1 -2.54 -1 -2.61 -1 -2.828 -1 39
-2.719 -1 -2.554 -1 -2.576 -1 -2.742 -1 21
-2.659 -1 -2.488 -1 -2.502 -1 -2.71 -1 6
-2.606 -1 -2.464 -1 -2.524 -1 -2.72 -1 48
-2.622 -1 -2.492 -1 -2.51 -1 -2.722 -1 26
-2.616 -1 -2.476 -1 -2.476 -1 -2.664 -1 12
-2.57 -1 -2.428 -1 -2.472 -1 -2.69 -1 39
-2.581 -1 -2.448 -1 -2.476 -1 -2.606 -1 15
-2.541 -1 -2.342 -1 -2.36 -1 -2.572 -1 9
-2.466 -1 -2.33 -1 -2.376 -1 -2.586 -1 15
-2.481 -1 -2.348 -1 -2.376 -1 -2.526 -1 12
-2.451 -1 -2.292 -1 -2.302 -1 -2.502 -1 9
-2.402 -1 -2.294 -1 -2.346 -1 -2.568 -1 31
-2.457 -1 -2.35 -1 -2.378 -1 -2.544 -1 24
-2.461 -1 -2.336 -1 -2.336 -1 -2.502 -1 0
-2.419 -1 -2.274 -1 -2.278 -1 -2.49 -1 2
-2.384 -1 -2.212 -1 -2.246 -1 -2.39 -1 12
-2.318 -1 -2.154 -1 -2.26 -1 -2.468 -1 48
-2.364 -1 -2.198 -1 -2.252 -1 -2.43 -1 32
-2.341 -1 -2.156 -1 -2.176 -1 -2.374 -1 12
-2.275 -1 -2.126 -1 -2.154 -1 -2.3 -1 23
-2.227 -1 -2.112 -1 -2.182 -1 -2.34 -1 39
-2.261 -1 -2.078 -1 -2.112 -1 -2.32 -1 16
-2.216 -1 -2.04 -1 -2.048 -1 -2.216 -1 4
-2.132 -1 -1.944 -1 -2.024 -1 -2.238 -1 34
-2.131 -1 -1.948 -1 -1.966 -1 -2.178 -1 9
-2.072 -1 -1.888 -1 -1.93 -1 -2.124 -1 25
-2.027 -1 -1.85 -1 -1.914 -1 -2.076 -1 22
-1.995 -1 -1.838 -1 -1.848 -1 -2.034 -1 6
-1.941 -1 -1.804 -1 -1.83 -1 -2.024 -1 8
-1.927 -1 -1.802 -1 -1.802 -1 -1.974 -1 1
-1.888 -1 -1.776 -1 -1.85 -1 -1.916 -1 29
-1.883 -1 -1.746 -1 -1.78 -1 -1.912 -1 15
-1.846 -1 -1.688 -1 -1.73 -1 -1.876 -1 19
-1.803 -1 -1.63 -1 -1.748 -1 -1.948 -1 35
-1.848 -1 -1.69 -1 -1.7 -1 -1.834 0 3
