8 1000 0.7 8 19 0 0 0 0
-3.45 -1 -2.988 -1 -3.09 -1 -3.28 -1 312
-3.185 -1 -2.74 -1 -2.96 -1 -3.218 -1 327
-3.089 -1 -2.678 -1 -2.852 -1 -3.116 -1 238
-2.984 -1 -2.544 -1 -2.744 -1 -3.078 -1 190
-2.911 -1 -2.446 -1 -2.628 -1 -2.918 -1 154
-2.773 -1 -2.384 -1 -2.556 -1 -2.976 -1 122
-2.766 -1 -2.378 -1 -2.552 -1 -2.966 -1 179
-2.759 -1 -2.354 -1 -2.584 -1 -2.912 -1 180
-2.748 -1 -2.336 -1 -2.572 -1 -2.934 -1 205
-2.753 -1 -2.348 -1 -2.766 -1 -3.066 -1 349
-2.916 -1 -2.454 -1 -2.616 -1 -2.972 -1 151
-2.794 -1 -2.37 -1 -2.656 -1 -2.964 -1 240
-2.81 -1 -2.424 -1 -2.596 -1 -2.916 -1 193
-2.756 -1 -2.318 -1 -2.6 -1 -2.964 -1 225
-2.782 -1 -2.35 -1 -2.69 -1 -3.02 -1 301
-2.855 -1 -2.432 -1 -2.786 -1 -3.052 -1 293
-2.919 -1 -2.476 -1 -2.624 -1 -2.94 -1 123
-2.782 -1 -2.356 -1 -2.672 -1 -3.01 -1 294
-2.841 -1 -2.402 -1 -2.686 -1 -3.036 0 306
