7 1000 0.3 1 29 0 0 0 0
-3.24 -1 -3.062 -1 -3.072 -1 -3.138 -1 11
-3.105 -1 -3.006 -1 -3.03 -1 -3.158 -1 41
-3.094 -1 -2.966 -1 -3.034 -1 -3.124 -1 98
-3.079 -1 -2.938 -1 -2.95 -1 -3.092 -1 64
-3.021 -1 -2.884 -1 -2.98 -1 -3.044 -1 120
-3.012 -1 -2.918 -1 -2.928 -1 -3.068 -1 7
-2.998 -1 -2.882 -1 -2.936 -1 -3.038 -1 138
-2.987 -1 -2.94 -1 -2.962 -1 -3.008 -1 108
-2.985 -1 -2.864 -1 -2.864 -1 -2.934 -1 0
-2.899 -1 -2.732 -1 -2.822 -1 -3.008 -1 134
-2.915 -1 -2.744 -1 -2.8 -1 -3.006 -1 76
-2.903 -1 -2.762 -1 -2.806 -1 -2.982 -1 101
-2.894 -1 -2.736 -1 -2.774 -1 -2.972 -1 94
-2.873 -1 -2.738 -1 -2.81 -1 -3.008 -1 144
-2.909 -1 -2.772 -1 -2.79 -1 -2.958 -1 90
-2.874 -1 -2.698 -1 -2.766 -1 -2.958 -1 133
-2.862 -1 -2.734 -1 -2.766 -1 -2.922 -1 53
-2.844 -1 -2.724 -1 -2.83 -1 -3.062 -1 136
-2.946 -1 -2.806 -1 -2.82 -1 -2.986 -1 40
-2.903 -1 -2.762 -1 -2.854 -1 -3.014 -1 144
-2.934 -1 -2.76 -1 -2.768 -1 -2.952 -1 25
-2.86 -1 -2.726 -1 -2.772 -1 -2.94 -1 114
-2.856 -1 -2.718 -1 -2.736 -1 -2.918 -1 40
-2.827 -1 -2.678 -1 -2.696 -1 -2.888 -1 33
-2.792 -1 -2.612 -1 -2.674 -1 -2.904 -1 88
-2.789 -1 -2.674 -1 -2.704 -1 -2.9 -1 24
-2.802 -1 -2.634 -1 -2.672 -1 -2.914 -1 48
-2.793 -1 -2.666 -1 -2.662 -1 -2.938 -1 24
-2.8 -1 -2.63 -1 -2.742 -1 -2.882 0 145
