7 1000 0.9 10 20 0 0 0 0
-3.25 -1 -2.742 -1 -2.946 -1 -3.128 -1 434
-3.037 -1 -2.556 -1 -2.814 -1 -2.964 -1 365
-2.889 -1 -2.45 -1 -2.666 -1 -2.938 -1 296
-2.802 -1 -2.38 -1 -2.544 -1 -2.902 -1 144
-2.723 -1 -2.292 -1 -2.544 -1 -2.948 -1 326
-2.746 -1 -2.328 -1 -2.478 -1 -2.77 -1 160
-2.624 -1 -2.22 -1 -2.534 -1 -2.904 -1 268
-2.719 -1 -2.286 -1 -2.332 -1 -2.716 -1 75
-2.524 -1 -2.156 -1 -2.156 -1 -2.602 -1 3
-2.379 -1 -2.068 -1 -2.36 -1 -2.718 -1 216
-2.539 -1 -2.134 -1 -2.456 -1 -2.746 -1 303
-2.601 -1 -2.148 -1 -2.54 -1 -2.79 -1 386
-2.665 -1 -2.222 -1 -2.462 -1 -2.76 -1 202
-2.611 -1 -2.182 -1 -2.33 -1 -2.714 -1 149
-2.522 -1 -2.126 -1 -2.284 -1 -2.692 -1 109
-2.488 -1 -2.092 -1 -2.158 -1 -2.628 -1 42
-2.393 -1 -2.03 -1 -2.424 -1 -2.744 -1 309
-2.584 -1 -2.164 -1 -2.59 -1 -2.904 -1 356
-2.747 -1 -2.278 -1 -2.33 -1 -2.76 -1 45
-2.545 -1 -2.144 -1 -2.258 -1 -2.682 0 73
