8 1000 0.7 2 102 0 0 0 0
-3.504 -1 -3.264 -1 -3.28 -1 -3.396 -1 118
-3.338 -1 -3.14 -1 -3.158 -1 -3.326 -1 332
-3.242 -1 -3.048 -1 -3.114 -1 -3.234 -1 268
-3.174 -1 -2.858 -1 -2.964 -1 -3.166 -1 168
-3.065 -1 -2.798 -1 -2.96 -1 -3.186 -1 292
-3.073 -1 -2.872 -1 -2.97 -1 -3.22 -1 142
-3.095 -1 -2.826 -1 -2.96 -1 -3.246 -1 221
-3.103 -1 -2.838 -1 -2.884 -1 -3.122 -1 42
-3.003 -1 -2.74 -1 -2.826 -1 -3.154 -1 148
-2.99 -1 -2.726 -1 -2.75 -1 -2.996 -1 43
-2.873 -1 -2.646 -1 -2.71 -1 -3.032 -1 62
-2.871 -1 -2.546 -1 -2.588 -1 -3.006 -1 22
-2.797 -1 -2.606 -1 -2.924 -1 -3.128 -1 339
-3.026 -1 -2.784 -1 -2.924 -1 -3.118 -1 250
-3.021 -1 -2.75 -1 -2.75 -1 -3.03 -1 8
-2.89 -1 -2.64 -1 -2.866 -1 -3.114 -1 267
-2.99 -1 -2.766 -1 -2.904 -1 -3.156 -1 195
-3.03 -1 -2.788 -1 -2.932 -1 -3.118 -1 192
-3.025 -1 -2.786 -1 -2.876 -1 -3.12 -1 201
-2.998 -1 -2.77 -1 -2.916 -1 -3.124 -1 249
-3.02 -1 -2.758 -1 -2.916 -1 -3.13 -1 191
-3.023 -1 -2.744 -1 -2.938 -1 -3.152 -1 258
-3.045 -1 -2.798 -1 -2.958 -1 -3.154 -1 289
-3.056 -1 -2.818 -1 -2.898 -1 -3.132 -1 115
-3.015 -1 -2.806 -1 -2.95 -1 -3.136 -1 185
-3.043 -1 -2.822 -1 -2.912 -1 -3.116 -1 153
-3.014 -1 -2.718 -1 -2.762 -1 -3.02 -1 57
-2.891 -1 -2.648 -1 -2.854 -1 -3.154 -1 311
-3.004 -1 -2.722 -1 -2.842 -1 -3.112 -1 248
-2.977 -1 -2.73 -1 -2.944 -1 -3.19 -1 289
-3.067 -1 -2.806 -1 -3.052 -1 -3.17 -1 344
-3.111 -1 -2.846 -1 -3.004 -1 -3.176 -1 289
-3.09 -1 -2.83 -1 -2.906 -1 -3.13 -1 133
-3.018 -1 -2.772 -1 -2.982 -1 -3.132 -1 250
-3.057 -1 -2.82 -1 -2.98 -1 -3.18 -1 299
-3.08 -1 -2.804 -1 -2.896 -1 -3.112 -1 146
-3.004 -1 -2.78 -1 -2.918 -1 -3.178 -1 225
-3.048 -1 -2.822 -1 -2.974 -1 -3.194 -1 214
-3.084 -1 -2.842 -1 -2.984 -1 -3.204 -1 229
-3.094 -1 -2.862 -1 -2.994 -1 -3.162 -1 210
-3.078 -1 -2.842 -1 -2.856 -1 -3.024 -1 40
-2.94 -1 -2.692 -1 -2.768 -1 -3.03 -1 106
-2.899 -1 -2.632 -1 -2.796 -1 -3.034 -1 165
-2.915 -1 -2.676 -1 -2.882 -1 -3.12 -1 246
-3.001 -1 -2.77 -1 -2.83 -1 -3.096 -1 105
-2.963 -1 -2.752 -1 -2.804 -1 -3.044 -1 105
-2.924 -1 -2.692 -1 -2.862 -1 -3.144 -1 181
-3.003 -1 -2.754 -1 -2.866 -1 -3.064 -1 154
-2.965 -1 -2.758 -1 -2.868 -1 -3.166 -1 187
-3.017 -1 -2.8 -1 -2.958 -1 -3.13 -1 216
-3.044 -1 -2.798 -1 -2.846 -1 -3.094 -1 48
-2.97 -1 -2.754 -1 -2.988 -1 -3.23 -1 306
-3.109 -1 -2.876 -1 -2.894 -1 -3.082 -1 17
-2.988 -1 -2.71 -1 -2.772 -1 -3.052 -1 48
-2.912 -1 -2.686 -1 -2.832 -1 -3.096 -1 200
-2.964 -1 -2.73 -1 -2.792 -1 -3.036 -1 79
-2.914 -1 -2.712 -1 -2.974 -1 -3.192 -1 305
-3.083 -1 -2.86 -1 -2.958 -1 -3.154 -1 125
-3.056 -1 -2.856 -1 -3.012 -1 -3.178 -1 197
-3.095 -1 -2.88 -1 -2.938 -1 -3.118 -1 98
-3.028 -1 -2.83 -1 -2.904 -1 -3.196 -1 76
-3.05 -1 -2.758 -1 -2.97 -1 -3.158 -1 308
-3.064 -1 -2.796 -1 -2.96 -1 -3.068 -1 221
-3.014 -1 -2.786 -1 -3.014 -1 -3.19 -1 337
-3.102 -1 -2.84 -1 -2.92 -1 -3.088 -1 201
-3.004 -1 -2.776 -1 -2.784 -1 -3.12 -1 38
-2.952 -1 -2.678 -1 -2.854 -1 -3.11 -1 205
-2.982 -1 -2.74 -1 -2.928 -1 -3.124 -1 220
-3.026 -1 -2.78 -1 -2.894 -1 -3.08 -1 171
-2.987 -1 -2.796 -1 -2.924 -1 -3.142 -1 219
-3.033 -1 -2.788 -1 -2.89 -1 -3.104 -1 136
-2.997 -1 -2.764 -1 -2.89 -1 -3.106 -1 158
-2.998 -1 -2.792 -1 -2.894 -1 -3.09 -1 141
-2.992 -1 -2.768 -1 -3.002 -1 -3.198 -1 342
-3.1 -1 -2.876 -1 -3.032 -1 -3.262 -1 285
-3.147 -1 -2.89 -1 -2.976 -1 -3.09 -1 157
-3.033 -1 -2.77 -1 -2.792 -1 -3.078 -1 30
-2.935 -1 -2.742 -1 -2.94 -1 -3.186 -1 296
-3.063 -1 -2.838 -1 -3.006 -1 -3.156 -1 225
-3.081 -1 -2.866 -1 -3.018 -1 -3.178 -1 308
-3.098 -1 -2.85 -1 -2.95 -1 -3.162 -1 148
-3.056 -1 -2.892 -1 -2.938 -1 -3.144 -1 118
-3.041 -1 -2.866 -1 -2.976 -1 -3.206 -1 223
-3.091 -1 -2.9 -1 -3.008 -1 -3.162 -1 248
-3.085 -1 -2.81 -1 -2.832 -1 -3.08 -1 16
-2.956 -1 -2.716 -1 -2.84 -1 -3.108 -1 181
-2.974 -1 -2.714 -1 -2.75 -1 -2.998 -1 37
-2.874 -1 -2.644 -1 -2.854 -1 -3.116 -1 258
-2.985 -1 -2.732 -1 -2.782 -1 -3.086 -1 71
-2.934 -1 -2.702 -1 -2.858 -1 -3.064 -1 239
-2.961 -1 -2.74 -1 -2.832 -1 -3.114 -1 126
-2.973 -1 -2.67 -1 -2.892 -1 -3.086 -1 279
-2.989 -1 -2.764 -1 -2.87 -1 -3.072 -1 118
-2.971 -1 -2.718 -1 -2.832 -1 -3.106 -1 174
-2.969 -1 -2.714 -1 -2.714 -1 -3.022 -1 10
-2.868 -1 -2.628 -1 -2.834 -1 -3.042 -1 176
-2.938 -1 -2.724 -1 -2.73 -1 -3.02 -1 10
-2.875 -1 -2.62 -1 -2.71 -1 -3.022 -1 99
-2.866 -1 -2.612 -1 -2.762 -1 -3.05 -1 212
-2.906 -1 -2.66 -1 -2.762 -1 -2.92 -1 87
-2.841 -1 -2.59 -1 -2.786 -1 -2.986 -1 190
-2.886 -1 -2.626 -1 -2.716 -1 -2.988 0 110
