10 1000 0.8 9 156 0 0 0 0
-3.796 -1 -3.306 -1 -3.432 -1 -3.644 -1 158
-3.538 -1 -3.104 -1 -3.276 -1 -3.544 -2 232
-3.41 -1 -2.986 -1 -3.24 -2 -3.438 -2 282
-3.339 -2 -2.882 -2 -2.918 -2 -3.252 -1 49
-3.085 -1 -2.658 -1 -2.798 -1 -3.168 -1 117
-2.983 -1 -2.598 -1 -2.712 -1 -3.198 -1 100
-2.955 -1 -2.576 -1 -2.678 -1 -3.21 -1 68
-2.944 -1 -2.522 -1 -2.766 -1 -3.228 -1 148
-2.997 -1 -2.548 -1 -2.658 -1 -3.112 -1 71
-2.885 -1 -2.51 -1 -2.912 -1 -3.31 -1 348
-3.111 -1 -2.662 -1 -2.694 -1 -3.1 -1 29
-2.897 -1 -2.508 -1 -2.646 -1 -3.06 -1 99
-2.853 -1 -2.434 -1 -2.966 -1 -3.246 -1 345
-3.106 -1 -2.64 -1 -3.088 -1 -3.344 -1 387
-3.216 -1 -2.722 -1 -2.996 -1 -3.278 -2 226
-3.137 -1 -2.702 -1 -3.088 -1 -3.332 -1 360
-3.21 -1 -2.728 -1 -3.174 -1 -3.372 -1 398
-3.273 -1 -2.77 -1 -3.144 -1 -3.424 -1 283
-3.284 -1 -2.786 -1 -2.86 -1 -3.212 -1 64
-3.036 -1 -2.63 -1 -2.994 -1 -3.31 -1 266
-3.152 -1 -2.682 -1 -2.906 -1 -3.306 -1 201
-3.106 -1 -2.704 -1 -2.792 -1 -3.22 -1 80
-3.006 -1 -2.604 -1 -2.924 -1 -3.28 -1 293
-3.102 -1 -2.646 -1 -2.952 -1 -3.336 -1 263
-3.144 -1 -2.66 -1 -2.922 -1 -3.29 -1 232
-3.106 -1 -2.692 -1 -2.898 -1 -3.182 -1 230
-3.04 -1 -2.614 -1 -2.618 -1 -3.08 -2 5
-2.849 -1 -2.49 -1 -2.896 -1 -3.25 -1 343
-3.073 -1 -2.644 -1 -3.014 -1 -3.318 -1 286
-3.166 -1 -2.672 -1 -2.678 -1 -3.118 -1 4
-2.898 -1 -2.478 -1 -2.904 -1 -3.226 -1 342
-3.065 -1 -2.582 -1 -3.018 -1 -3.358 -1 347
-3.188 -1 -2.722 -1 -2.772 -1 -3.14 -1 30
-2.956 -1 -2.582 -1 -2.588 -1 -3.106 -1 6
-2.847 -1 -2.472 -1 -2.888 -1 -3.298 -1 290
-3.093 -1 -2.646 -1 -2.9 -1 -3.19 -1 162
-3.045 -1 -2.542 -1 -2.926 -1 -3.246 -1 357
-3.086 -1 -2.65 -1 -3.024 -1 -3.31 -1 329
-3.167 -1 -2.676 -1 -2.718 -1 -3.148 -1 48
-2.933 -1 -2.55 -1 -2.686 -1 -3.092 -1 117
-2.889 -1 -2.492 -1 -2.77 -1 -3.108 -1 174
-2.939 -1 -2.496 -1 -2.792 -1 -3.184 -1 257
-2.988 -1 -2.556 -1 -2.97 -1 -3.258 -1 370
-3.114 -1 -2.664 -1 -2.75 -1 -3.176 -1 64
-2.963 -1 -2.536 -1 -2.552 -1 -3.052 -1 7
-2.802 -1 -2.434 -1 -2.9 -1 -3.262 -1 327
-3.081 -1 -2.602 -1 -2.778 -1 -3.178 -1 123
-2.978 -1 -2.56 -1 -2.72 -1 -3.12 -1 110
-2.92 -1 -2.504 -1 -2.91 -1 -3.284 -1 290
-3.097 -1 -2.662 -1 -2.834 -1 -3.188 -1 156
-3.011 -1 -2.594 -1 -2.938 -1 -3.262 -1 253
-3.1 -1 -2.622 -1 -2.908 -1 -3.224 -1 275
-3.066 -1 -2.622 -1 -2.908 -1 -3.174 -1 326
-3.041 -1 -2.622 -1 -2.68 -1 -3.114 -1 28
-2.897 -1 -2.522 -1 -2.634 -1 -3.148 -1 85
-2.891 -1 -2.508 -1 -2.558 -1 -3.044 -1 23
-2.801 -1 -2.444 -1 -2.66 -1 -3.114 -1 140
-2.887 -1 -2.496 -1 -2.836 -1 -3.212 -1 276
-3.024 -1 -2.574 -1 -2.692 -1 -3.044 -1 72
-2.868 -1 -2.436 -1 -2.624 -1 -3.056 -1 134
-2.84 -1 -2.434 -1 -2.72 -1 -3.1 -1 168
-2.91 -1 -2.454 -1 -2.878 -1 -3.24 -1 287
-3.059 -1 -2.55 -1 -2.576 -1 -3.07 -1 26
-2.823 -1 -2.5 -1 -2.858 -1 -3.202 -1 224
-3.03 -1 -2.53 -1 -3.018 -1 -3.264 -1 385
-3.141 -1 -2.662 -1 -2.966 -1 -3.272 -1 248
-3.119 -1 -2.642 -1 -3 -1 -3.224 -1 310
-3.112 -1 -2.634 -1 -3.018 -1 -3.352 -1 301
-3.185 -1 -2.678 -1 -2.688 -1 -3.08 -1 8
-2.884 -1 -2.502 -1 -2.93 -1 -3.276 -1 368
-3.103 -1 -2.628 -1 -3.024 -1 -3.326 -1 298
-3.175 -1 -2.7 -1 -3.002 -1 -3.318 -1 316
-3.16 -1 -2.732 -1 -2.842 -1 -3.226 -1 103
-3.034 -1 -2.608 -1 -2.806 -1 -3.198 -1 164
-3.002 -1 -2.588 -1 -3.006 -1 -3.368 -1 383
-3.187 -1 -2.734 -1 -2.798 -1 -3.2 -1 59
-2.999 -1 -2.584 -1 -2.682 -1 -3.166 -1 76
-2.924 -1 -2.544 -1 -2.968 -1 -3.32 -1 313
-3.144 -1 -2.672 -1 -2.91 -1 -3.252 -1 228
-3.081 -1 -2.624 -1 -2.654 -1 -3.126 -1 23
-2.89 -1 -2.5 -1 -2.938 -1 -3.314 -1 307
-3.126 -1 -2.642 -1 -3.076 -1 -3.308 -1 372
-3.192 -1 -2.698 -1 -2.898 -1 -3.202 -1 206
-3.05 -1 -2.63 -1 -2.89 -1 -3.248 -1 216
-3.069 -1 -2.656 -1 -2.978 -1 -3.342 -1 286
-3.16 -1 -2.712 -1 -3.054 -1 -3.366 -1 335
-3.21 -1 -2.778 -1 -2.874 -1 -3.136 -1 81
-3.005 -1 -2.584 -1 -3.026 -1 -3.382 -1 386
-3.204 -1 -2.716 -1 -3.022 -1 -3.28 -1 260
-3.151 -1 -2.666 -1 -3.114 -1 -3.392 -1 386
-3.253 -1 -2.788 -1 -2.874 -1 -3.236 -1 87
-3.055 -1 -2.65 -1 -2.792 -1 -3.198 -1 118
-2.995 -1 -2.576 -1 -2.95 -1 -3.302 -2 298
-3.126 -1 -2.678 -1 -2.956 -1 -3.356 -2 237
-3.156 -1 -2.714 -1 -2.998 -1 -3.318 -1 240
-3.158 -1 -2.672 -1 -3.094 -1 -3.344 -1 350
-3.219 -1 -2.734 -1 -2.89 -1 -3.192 -1 125
-3.041 -1 -2.604 -1 -2.98 -1 -3.344 -1 286
-3.162 -1 -2.696 -1 -2.838 -1 -3.258 -1 136
-3.048 -1 -2.624 -1 -2.98 -1 -3.296 -1 318
-3.138 -1 -2.66 -1 -2.978 -1 -3.31 -1 264
-3.144 -1 -2.66 -1 -2.73 -1 -3.186 -1 58
-2.958 -1 -2.544 -1 -2.726 -1 -3.194 -1 119
-2.96 -1 -2.572 -1 -2.62 -1 -3.102 -1 41
-2.861 -1 -2.458 -1 -2.752 -1 -3.192 -1 198
-2.972 -1 -2.57 -1 -3.056 -1 -3.398 -1 384
-3.227 -1 -2.756 -1 -3.066 -1 -3.412 -1 266
-3.239 -1 -2.75 -1 -2.992 -1 -3.328 -1 221
-3.16 -1 -2.718 -1 -2.98 -1 -3.254 -1 199
-3.117 -1 -2.668 -1 -3.064 -1 -3.384 -1 377
-3.224 -1 -2.762 -1 -2.986 -1 -3.24 -1 175
-3.113 -1 -2.67 -1 -2.984 -1 -3.376 -1 283
-3.18 -1 -2.7 -1 -3.126 -1 -3.346 -1 369
-3.236 -1 -2.776 -1 -2.864 -1 -3.272 -2 72
-3.068 -1 -2.676 -1 -2.676 -1 -3.128 -2 5
-2.902 -1 -2.59 -1 -2.598 -1 -3.088 -1 12
-2.843 -1 -2.522 -1 -2.976 -1 -3.262 -1 385
-3.119 -1 -2.638 -1 -2.932 -1 -3.266 -1 223
-3.099 -1 -2.646 -1 -3.072 -1 -3.372 -1 319
-3.222 -1 -2.694 -1 -2.818 -1 -3.218 -1 94
-3.018 -1 -2.606 -1 -2.822 -1 -3.226 -1 197
-3.024 -1 -2.61 -1 -2.856 -1 -3.224 -1 196
-3.04 -1 -2.568 -1 -2.798 -1 -3.188 -1 142
-2.993 -1 -2.564 -1 -3.052 -1 -3.334 -1 396
-3.193 -1 -2.722 -1 -3.098 -1 -3.344 -1 299
-3.221 -1 -2.722 -1 -2.872 -1 -3.2 -1 110
-3.036 -1 -2.616 -1 -2.952 -1 -3.324 -1 278
-3.138 -1 -2.638 -1 -2.876 -1 -3.212 -1 185
-3.044 -1 -2.624 -1 -3.066 -1 -3.396 -1 349
-3.231 -1 -2.792 -1 -2.8 -1 -3.186 -1 15
-2.993 -1 -2.614 -1 -2.836 -1 -3.256 -2 172
-3.046 -1 -2.618 -1 -2.68 -1 -3.098 -1 36
-2.889 -1 -2.538 -1 -2.786 -1 -3.21 -1 189
-2.998 -1 -2.604 -1 -2.908 -1 -3.254 -1 270
-3.081 -1 -2.616 -1 -2.874 -1 -3.194 -1 218
-3.034 -1 -2.58 -1 -3.026 -1 -3.32 -1 361
-3.173 -1 -2.686 -1 -3.106 -1 -3.414 -1 380
-3.26 -1 -2.744 -1 -2.996 -1 -3.34 -1 173
-3.168 -1 -2.738 -1 -2.774 -1 -3.19 -1 33
-2.982 -1 -2.566 -1 -2.696 -1 -3.118 -1 88
-2.907 -1 -2.51 -1 -2.538 -1 -2.962 -1 23
-2.75 -1 -2.388 -1 -2.784 -1 -3.152 -1 256
-2.968 -1 -2.476 -1 -2.648 -1 -3.06 -1 109
-2.854 -1 -2.442 -1 -2.746 -1 -3.12 -1 229
-2.933 -1 -2.464 -1 -2.836 -1 -3.208 -1 235
-3.022 -1 -2.56 -1 -2.86 -1 -3.198 -1 266
-3.029 -1 -2.576 -1 -2.9 -1 -3.244 -1 290
-3.072 -1 -2.642 -1 -2.922 -1 -3.242 -1 189
-3.082 -1 -2.628 -1 -2.858 -1 -3.264 -1 219
-3.061 -1 -2.63 -1 -2.942 -1 -3.252 -1 249
-3.097 -1 -2.67 -1 -2.742 -1 -3.198 -1 60
-2.97 -1 -2.544 -1 -2.898 -1 -3.212 -1 264
-3.055 -1 -2.598 -1 -2.858 -1 -3.202 -1 230
-3.03 -1 -2.61 -1 -2.884 -1 -3.282 -1 223
-3.083 -1 -2.674 -1 -2.816 -1 -3.216 -1 105
-3.016 -1 -2.588 -1 -2.652 -1 -3.094 0 50
