8 1000 0.6 2 206 0 0 0 0
-3.471 -1 -3.28 -1 -3.34 -1 -3.462 -1 196
-3.401 -1 -3.15 -1 -3.21 -1 -3.244 -1 251
-3.227 -1 -2.996 -1 -3.102 -1 -3.312 -1 164
-3.207 -1 -2.936 -1 -3.032 -1 -3.206 -1 158
-3.119 -1 -2.85 -1 -2.886 -1 -3.072 -1 34
-2.979 -1 -2.772 -1 -2.872 -1 -3.172 -1 128
-3.022 -1 -2.752 -1 -2.888 -1 -3.108 -1 170
-2.998 -1 -2.742 -1 -2.748 -1 -3.006 -1 5
-2.877 -1 -2.658 -1 -2.796 -1 -3.056 -1 141
-2.926 -1 -2.68 -1 -2.804 -1 -3.016 -1 123
-2.91 -1 -2.658 -1 -2.794 -1 -3.072 -1 183
-2.933 -1 -2.74 -1 -2.876 -1 -3.14 -1 188
-3.008 -1 -2.814 -1 -2.934 -1 -3.136 -1 191
-3.035 -1 -2.812 -1 -2.83 -1 -3.106 -1 14
-2.968 -1 -2.766 -1 -2.784 -1 -3.104 -1 18
-2.944 -1 -2.704 -1 -2.958 -1 -3.18 -1 289
-3.069 -1 -2.822 -1 -2.966 -1 -3.204 -1 244
-3.085 -1 -2.862 -1 -2.934 -1 -3.072 -1 161
-3.003 -1 -2.774 -1 -2.982 -1 -3.184 -1 286
-3.083 -1 -2.846 -1 -2.92 -1 -3.202 -1 97
-3.061 -1 -2.806 -1 -2.952 -1 -3.188 -1 173
-3.07 -1 -2.824 -1 -2.906 -1 -3.132 -1 98
-3.019 -1 -2.784 -1 -2.926 -1 -3.152 -1 236
-3.039 -1 -2.782 -1 -2.874 -1 -3.12 -1 113
-2.997 -1 -2.8 -1 -2.904 -1 -3.124 -1 125
-3.014 -1 -2.768 -1 -2.908 -1 -3.14 -1 213
-3.024 -1 -2.772 -1 -2.842 -1 -3.108 -1 64
-2.975 -1 -2.788 -1 -2.806 -1 -3.022 -1 39
-2.914 -1 -2.656 -1 -2.776 -1 -3.072 -1 162
-2.924 -1 -2.69 -1 -2.808 -1 -3.08 -1 108
-2.944 -1 -2.694 -1 -2.888 -1 -3.078 -1 219
-2.983 -1 -2.704 -1 -2.92 -1 -3.138 -1 296
-3.029 -1 -2.808 -1 -2.972 -1 -3.172 -1 260
-3.072 -1 -2.87 -1 -2.98 -1 -3.152 -1 188
-3.066 -1 -2.802 -1 -2.974 -1 -3.184 -1 221
-3.079 -1 -2.844 -1 -3.01 -1 -3.232 -1 154
-3.121 -1 -2.904 -1 -3.068 -1 -3.234 -1 244
-3.151 -1 -2.85 -1 -2.982 -1 -3.258 -1 218
-3.12 -1 -2.852 -1 -2.974 -1 -3.2 -1 164
-3.087 -1 -2.822 -1 -2.956 -1 -3.19 -1 142
-3.073 -1 -2.788 -1 -2.79 -1 -3.094 -1 6
-2.942 -1 -2.69 -1 -2.874 -1 -3.14 -1 243
-3.007 -1 -2.752 -1 -2.828 -1 -3.118 -1 91
-2.973 -1 -2.76 -1 -2.824 -1 -3.086 -1 121
-2.955 -1 -2.73 -1 -2.914 -1 -3.096 -1 259
-3.005 -1 -2.77 -1 -2.876 -1 -3.088 -1 121
-2.982 -1 -2.696 -1 -2.748 -1 -3.05 -1 53
-2.899 -1 -2.68 -1 -2.926 -1 -3.172 -1 292
-3.049 -1 -2.82 -1 -2.922 -1 -3.192 -1 205
-3.057 -1 -2.814 -1 -2.928 -1 -3.106 -1 133
-3.017 -1 -2.784 -1 -2.994 -1 -3.142 -1 241
-3.068 -1 -2.836 -1 -2.968 -1 -3.154 -1 200
-3.061 -1 -2.764 -1 -2.784 -1 -3.116 -1 54
-2.95 -1 -2.754 -1 -2.798 -1 -3.13 -1 60
-2.964 -1 -2.716 -1 -2.794 -1 -3.066 -1 92
-2.93 -1 -2.722 -1 -2.848 -1 -3.12 -1 201
-2.984 -1 -2.772 -1 -2.95 -1 -3.102 -1 274
-3.026 -1 -2.766 -1 -2.826 -1 -3.08 -1 81
-2.953 -1 -2.702 -1 -2.84 -1 -3.016 -1 186
-2.928 -1 -2.694 -1 -2.742 -1 -3.056 -1 51
-2.899 -1 -2.688 -1 -2.762 -1 -3.09 -1 114
-2.926 -1 -2.694 -1 -2.86 -1 -3.104 -1 188
-2.982 -1 -2.714 -1 -2.768 -1 -2.958 -1 76
-2.863 -1 -2.6 -1 -2.664 -1 -2.968 -1 73
-2.816 -1 -2.622 -1 -2.64 -1 -3 -1 41
-2.82 -1 -2.634 -1 -2.742 -1 -2.952 -1 128
-2.847 -1 -2.638 -1 -2.728 -1 -2.962 -1 122
-2.845 -1 -2.62 -1 -2.616 -1 -2.94 -1 8
-2.778 -1 -2.576 -1 -2.84 -1 -3.098 -1 249
-2.969 -1 -2.732 -1 -2.746 -1 -2.906 -1 10
-2.826 -1 -2.578 -1 -2.82 -1 -3.116 -1 262
-2.968 -1 -2.754 -1 -2.862 -1 -3.136 -1 173
-2.999 -1 -2.752 -1 -2.798 -1 -3.05 -1 45
-2.924 -1 -2.728 -1 -2.84 -1 -3.08 -1 165
-2.96 -1 -2.74 -1 -2.792 -1 -3.064 -1 39
-2.928 -1 -2.686 -1 -2.702 -1 -2.962 -1 8
-2.832 -1 -2.632 -1 -2.884 -1 -3.172 -1 295
-3.028 -1 -2.81 -1 -2.934 -1 -3.17 -1 211
-3.052 -1 -2.82 -1 -2.888 -1 -3.142 -1 120
-3.015 -1 -2.734 -1 -2.904 -1 -3.134 -1 245
-3.019 -1 -2.762 -1 -2.808 -1 -3.092 -1 49
-2.95 -1 -2.71 -1 -2.92 -1 -3.132 -1 278
-3.026 -1 -2.732 -1 -2.908 -1 -3.13 -1 264
-3.019 -1 -2.79 -1 -2.908 -1 -3.166 -1 147
-3.037 -1 -2.846 -1 -2.986 -1 -3.158 -1 199
-3.072 -1 -2.82 -1 -2.822 -1 -3.1 -1 12
-2.961 -1 -2.734 -1 -2.74 -1 -3.048 -1 10
-2.894 -1 -2.668 -1 -2.914 -1 -3.064 -1 262
-2.989 -1 -2.732 -1 -2.936 -1 -3.136 -1 241
-3.036 -1 -2.784 -1 -2.88 -1 -3.126 -1 102
-3.003 -1 -2.728 -1 -2.878 -1 -3.092 -1 174
-2.985 -1 -2.754 -1 -3.004 -1 -3.22 -1 298
-3.112 -1 -2.91 -1 -2.954 -1 -3.036 -1 57
-2.995 -1 -2.756 -1 -2.798 -1 -3.086 -1 50
-2.942 -1 -2.678 -1 -2.81 -1 -3.092 -1 174
-2.951 -1 -2.69 -1 -2.698 -1 -3.05 -1 14
-2.874 -1 -2.646 -1 -2.86 -1 -3.14 -1 256
-3 -1 -2.802 -1 -2.826 -1 -3.01 -1 15
-2.918 -1 -2.624 -1 -2.682 -1 -2.99 -1 105
-2.836 -1 -2.59 -1 -2.694 -1 -2.928 -1 114
-2.811 -1 -2.592 -1 -2.65 -1 -2.926 -1 49
-2.788 -1 -2.56 -1 -2.63 -1 -2.944 -1 91
-2.787 -1 -2.538 -1 -2.782 -1 -2.992 -1 296
-2.887 -1 -2.654 -1 -2.732 -1 -3.036 -1 102
-2.884 -1 -2.63 -1 -2.756 -1 -2.94 -1 133
-2.848 -1 -2.642 -1 -2.766 -1 -3.042 -1 161
-2.904 -1 -2.632 -1 -2.698 -1 -2.974 -1 74
-2.836 -1 -2.56 -1 -2.618 -1 -2.876 -1 60
-2.747 -1 -2.466 -1 -2.71 -1 -2.976 -1 220
-2.843 -1 -2.602 -1 -2.676 -1 -2.964 -1 49
-2.82 -1 -2.622 -1 -2.656 -1 -2.938 -1 29
-2.797 -1 -2.576 -1 -2.734 -1 -2.962 -1 134
-2.848 -1 -2.614 -1 -2.834 -1 -3.006 -1 239
-2.92 -1 -2.672 -1 -2.788 -1 -3.042 -1 156
-2.915 -1 -2.668 -1 -2.906 -1 -3.17 -1 296
-3.038 -1 -2.762 -1 -2.766 -1 -3.074 -1 5
-2.92 -1 -2.702 -1 -2.776 -1 -2.988 -1 134
-2.882 -1 -2.692 -1 -2.738 -1 -3.026 -1 82
-2.882 -1 -2.69 -1 -2.826 -1 -3.104 -1 154
-2.965 -1 -2.734 -1 -2.874 -1 -3.106 -1 193
-2.99 -1 -2.81 -1 -2.864 -1 -3.082 -1 91
-2.973 -1 -2.71 -1 -2.864 -1 -3.026 -1 202
-2.945 -1 -2.724 -1 -2.794 -1 -3.024 -1 73
-2.909 -1 -2.67 -1 -2.702 -1 -3.02 -1 35
-2.861 -1 -2.622 -1 -2.798 -1 -3.086 -1 162
-2.942 -1 -2.698 -1 -2.892 -1 -3.11 -1 298
-3.001 -1 -2.752 -1 -2.818 -1 -3.144 -1 79
-2.981 -1 -2.752 -1 -2.814 -1 -3.072 -1 86
-2.943 -1 -2.714 -1 -2.912 -1 -3.164 -1 250
-3.038 -1 -2.82 -1 -2.934 -1 -3.19 -1 264
-3.062 -1 -2.818 -1 -2.874 -1 -3.112 -1 101
-2.993 -1 -2.67 -1 -2.8 -1 -3.066 -1 145
-2.933 -1 -2.76 -1 -2.786 -1 -3.022 -1 53
-2.904 -1 -2.63 -1 -2.824 -1 -3.05 -1 188
-2.937 -1 -2.646 -1 -2.848 -1 -3.092 -1 260
-2.97 -1 -2.716 -1 -2.734 -1 -3.006 -1 27
-2.87 -1 -2.638 -1 -2.822 -1 -3.082 -1 160
-2.952 -1 -2.694 -1 -2.838 -1 -3.1 -1 215
-2.969 -1 -2.706 -1 -2.824 -1 -3.116 -1 90
-2.97 -1 -2.722 -1 -2.942 -1 -3.218 -1 260
-3.08 -1 -2.828 -1 -2.876 -1 -3.1 -1 72
-2.988 -1 -2.768 -1 -2.944 -1 -3.128 -1 191
-3.036 -1 -2.796 -1 -2.918 -1 -3.088 -1 189
-3.003 -1 -2.73 -1 -2.946 -1 -3.068 -1 296
-3.007 -1 -2.76 -1 -2.96 -1 -3.132 -1 274
-3.046 -1 -2.794 -1 -2.958 -1 -3.14 -1 206
-3.049 -1 -2.862 -1 -3.002 -1 -3.242 -1 183
-3.122 -1 -2.906 -1 -3.008 -1 -3.196 -1 183
-3.102 -1 -2.822 -1 -3.012 -1 -3.216 -1 265
-3.114 -1 -2.856 -1 -2.976 -1 -3.222 -1 117
-3.099 -1 -2.842 -1 -2.99 -1 -3.146 -1 181
-3.068 -1 -2.812 -1 -2.946 -1 -3.168 -1 282
-3.057 -1 -2.878 -1 -2.914 -1 -3.082 -1 96
-2.998 -1 -2.75 -1 -2.894 -1 -3.176 -1 189
-3.035 -1 -2.83 -1 -2.87 -1 -3.142 -1 49
-3.006 -1 -2.762 -1 -3.012 -1 -3.162 -1 245
-3.087 -1 -2.878 -1 -2.972 -1 -3.152 -1 133
-3.062 -1 -2.83 -1 -2.91 -1 -3.16 -1 72
-3.035 -1 -2.768 -1 -2.91 -1 -3.182 -1 156
-3.046 -1 -2.826 -1 -2.872 -1 -3.09 -1 51
-2.981 -1 -2.744 -1 -2.876 -1 -3.104 -1 203
-2.99 -1 -2.762 -1 -2.954 -1 -3.132 -1 238
-3.043 -1 -2.846 -1 -3.028 -1 -3.246 -1 186
-3.137 -1 -2.89 -1 -3.084 -1 -3.224 -1 258
-3.154 -1 -2.886 -1 -3.034 -1 -3.252 -1 196
-3.143 -1 -2.888 -1 -2.976 -1 -3.19 -1 134
-3.083 -1 -2.806 -1 -2.96 -1 -3.178 -1 206
-3.069 -1 -2.8 -1 -2.874 -1 -3.088 -1 81
-2.981 -1 -2.73 -1 -2.896 -1 -3.126 -1 253
-3.011 -1 -2.808 -1 -2.83 -1 -3.108 -1 22
-2.969 -1 -2.706 -1 -2.898 -1 -3.056 -1 277
-2.977 -1 -2.758 -1 -2.914 -1 -3.122 -1 229
-3.018 -1 -2.786 -1 -2.868 -1 -3.044 -1 74
-2.956 -1 -2.744 -1 -2.942 -1 -3.144 -1 251
-3.043 -1 -2.822 -1 -2.95 -1 -3.136 -1 156
-3.043 -1 -2.764 -1 -2.836 -1 -3.066 -1 107
-2.951 -1 -2.648 -1 -2.698 -1 -2.97 -1 54
-2.834 -1 -2.558 -1 -2.592 -1 -2.932 -1 19
-2.762 -1 -2.53 -1 -2.664 -1 -3.022 -1 140
-2.843 -1 -2.63 -1 -2.866 -1 -3.066 -1 290
-2.966 -1 -2.712 -1 -2.852 -1 -3.074 -1 189
-2.963 -1 -2.746 -1 -2.888 -1 -3.168 -1 186
-3.028 -1 -2.776 -1 -2.808 -1 -2.994 -1 45
-2.901 -1 -2.682 -1 -2.726 -1 -3.056 -1 41
-2.891 -1 -2.684 -1 -2.882 -1 -3.084 -1 209
-2.983 -1 -2.762 -1 -2.87 -1 -3.138 -1 152
-3.004 -1 -2.712 -1 -2.702 -1 -3.034 -1 24
-2.868 -1 -2.664 -1 -2.87 -1 -3.152 -1 281
-3.011 -1 -2.766 -1 -2.852 -1 -3.098 -1 114
-2.975 -1 -2.736 -1 -2.78 -1 -2.96 -1 39
-2.87 -1 -2.63 -1 -2.834 -1 -3.04 -1 259
-2.937 -1 -2.662 -1 -2.714 -1 -3.004 -1 67
-2.859 -1 -2.642 -1 -2.69 -1 -2.958 -1 26
-2.824 -1 -2.638 -1 -2.746 -1 -3.05 -1 117
-2.898 -1 -2.702 -1 -2.88 -1 -3.066 -1 200
-2.973 -1 -2.754 -1 -2.79 -1 -3.018 -1 26
-2.904 -1 -2.728 -1 -2.88 -1 -3.102 -1 216
-2.991 -1 -2.762 -1 -2.948 -1 -3.17 -1 229
-3.059 -1 -2.81 -1 -2.81 -1 -3.034 -1 8
-2.922 -1 -2.718 -1 -2.886 -1 -3.008 -1 232
-2.947 -1 -2.704 -1 -2.852 -1 -3.024 -1 182
-2.938 -1 -2.742 -1 -2.84 -1 -3.056 -1 118
-2.948 -1 -2.782 -1 -2.902 -1 -3.086 -1 135
-2.994 -1 -2.77 -1 -2.864 -1 -3.048 -1 118
-2.956 -1 -2.646 -1 -2.646 -1 -2.968 -1 0
-2.807 -1 -2.59 -1 -2.63 -1 -2.988 0 35
