9 1000 0.5 4 61 0 0 0 0
-3.698 -1 -3.32 -1 -3.362 -1 -3.5 -1 234
-3.431 -1 -3.112 -1 -3.16 -1 -3.39 -1 224
-3.275 -1 -2.908 -1 -2.934 -1 -3.218 -1 21
-3.076 -1 -2.732 -1 -2.748 -1 -3.162 -1 11
-2.955 -1 -2.648 -1 -2.734 -1 -3.116 -1 87
-2.925 -1 -2.612 -1 -2.654 -1 -3.058 -1 73
-2.856 -1 -2.56 -1 -2.66 -1 -3.012 -1 108
-2.836 -1 -2.498 -1 -2.532 -1 -3.044 -1 28
-2.788 -1 -2.456 -1 -2.672 -1 -3.112 -1 165
-2.892 -1 -2.574 -1 -2.648 -1 -3.054 -1 52
-2.851 -1 -2.524 -1 -2.668 -1 -3.036 -1 110
-2.852 -1 -2.512 -1 -2.732 -1 -3.104 -1 147
-2.918 -1 -2.59 -1 -2.62 -1 -3.03 -1 14
-2.825 -1 -2.554 -1 -2.806 -1 -3.094 -1 241
-2.95 -1 -2.59 -1 -2.694 -1 -3.086 -1 112
-2.89 -1 -2.564 -1 -2.816 -1 -3.15 -1 223
-2.983 -1 -2.646 -1 -2.84 -1 -3.162 -1 162
-3.001 -1 -2.634 -1 -2.706 -1 -3.054 -1 118
-2.88 -1 -2.588 -1 -2.73 -1 -3.07 -1 91
-2.9 -1 -2.57 -1 -2.738 -1 -3.126 -1 133
-2.932 -1 -2.584 -1 -2.826 -1 -3.146 -1 241
-2.986 -1 -2.596 -1 -2.8 -1 -3.088 -1 217
-2.944 -1 -2.568 -1 -2.73 -1 -3.068 -1 142
-2.899 -1 -2.542 -1 -2.846 -1 -3.112 -1 229
-2.979 -1 -2.598 -1 -2.872 -1 -3.162 -1 218
-3.017 -1 -2.646 -1 -2.694 -1 -3.082 -1 47
-2.888 -1 -2.55 -1 -2.592 -1 -2.96 -1 44
-2.776 -1 -2.472 -1 -2.562 -1 -2.96 -1 56
-2.761 -1 -2.478 -1 -2.636 -1 -3.044 -1 163
-2.84 -1 -2.486 -1 -2.514 -1 -2.998 -1 42
-2.756 -1 -2.422 -1 -2.526 -1 -2.932 -1 97
-2.729 -1 -2.424 -1 -2.57 -1 -3 -1 121
-2.785 -1 -2.45 -1 -2.694 -1 -3.016 -1 188
-2.855 -1 -2.488 -1 -2.5 -1 -2.918 -1 9
-2.709 -1 -2.388 -1 -2.708 -1 -3.024 -1 241
-2.866 -1 -2.474 -1 -2.562 -1 -2.972 -1 60
-2.767 -1 -2.422 -1 -2.508 -1 -2.976 -1 43
-2.742 -1 -2.402 -1 -2.522 -1 -2.96 -1 96
-2.741 -1 -2.406 -1 -2.528 -1 -2.914 -1 81
-2.721 -1 -2.4 -1 -2.502 -1 -2.972 -1 72
-2.737 -1 -2.44 -1 -2.718 -1 -3.062 -1 249
-2.89 -1 -2.506 -1 -2.586 -1 -2.972 -1 64
-2.779 -1 -2.458 -1 -2.764 -1 -3.108 -1 196
-2.936 -1 -2.554 -1 -2.622 -1 -3.002 -1 58
-2.812 -1 -2.514 -1 -2.726 -1 -3.058 -1 178
-2.892 -1 -2.568 -1 -2.73 -1 -3.158 -1 167
-2.944 -1 -2.608 -1 -2.818 -1 -3.14 -1 161
-2.979 -1 -2.63 -1 -2.836 -1 -3.174 -1 151
-3.005 -1 -2.612 -1 -2.792 -1 -3.082 -1 193
-2.937 -1 -2.6 -1 -2.752 -1 -3.05 -1 127
-2.901 -1 -2.58 -1 -2.754 -1 -3.076 -1 205
-2.915 -1 -2.598 -1 -2.784 -1 -3.056 -1 198
-2.92 -1 -2.56 -1 -2.666 -1 -2.958 -1 89
-2.812 -1 -2.466 -1 -2.542 -1 -2.984 -1 60
-2.763 -1 -2.428 -1 -2.514 -1 -2.806 -1 51
-2.66 -1 -2.344 -1 -2.58 -1 -2.968 -1 145
-2.774 -1 -2.434 -1 -2.522 -1 -2.89 -1 64
-2.706 -1 -2.384 -1 -2.434 -1 -2.884 -1 39
-2.659 -1 -2.348 -1 -2.482 -1 -2.892 -1 120
-2.687 -1 -2.364 -1 -2.658 -1 -2.968 -1 239
-2.813 -1 -2.436 -1 -2.618 -1 -3.026 0 110
