8 1000 1 10 41 0 0 0 0
-3.483 -1 -2.978 -1 -3.016 -1 -3.214 -1 48
-3.115 -1 -2.658 -1 -2.738 -1 -3.048 -1 78
-2.893 -1 -2.474 -1 -2.918 -1 -3.13 -1 459
-3.024 -1 -2.606 -1 -2.748 -1 -3.136 -1 122
-2.942 -1 -2.488 -1 -2.87 -1 -3.074 -1 412
-2.972 -1 -2.54 -1 -2.836 -1 -3.168 -1 297
-3.002 -1 -2.556 -1 -2.656 -1 -3.042 -1 103
-2.849 -1 -2.428 -1 -2.558 -1 -2.95 -1 88
-2.754 -1 -2.354 -1 -2.668 -1 -2.976 -1 246
-2.822 -1 -2.41 -1 -2.55 -1 -2.936 -1 110
-2.743 -1 -2.348 -1 -2.728 -1 -3.024 -1 286
-2.876 -1 -2.464 -1 -2.488 -1 -2.896 -1 46
-2.692 -1 -2.29 -1 -2.716 -1 -2.972 -1 338
-2.844 -1 -2.366 -1 -2.612 -1 -2.91 -1 175
-2.761 -1 -2.308 -1 -2.462 -1 -2.872 -1 124
-2.667 -1 -2.262 -1 -2.612 -1 -2.904 -1 299
-2.758 -1 -2.32 -1 -2.504 -1 -2.932 -1 156
-2.718 -1 -2.304 -1 -2.656 -1 -2.92 -1 293
-2.788 -1 -2.31 -1 -2.766 -1 -3.034 -1 422
-2.9 -1 -2.444 -1 -2.724 -1 -2.992 -1 264
-2.858 -1 -2.428 -1 -2.822 -1 -3.13 -1 370
-2.976 -1 -2.522 -1 -2.726 -1 -2.938 -1 238
-2.832 -1 -2.45 -1 -2.858 -1 -3.1 -1 378
-2.979 -1 -2.536 -1 -2.87 -1 -3.038 -1 386
-2.954 -1 -2.498 -1 -2.53 -1 -2.954 -1 18
-2.742 -1 -2.354 -1 -2.778 -1 -3.058 -1 410
-2.918 -1 -2.488 -1 -2.87 -1 -3.092 -1 443
-2.981 -1 -2.52 -1 -2.952 -1 -3.172 -1 442
-3.062 -1 -2.58 -1 -2.852 -1 -3.078 -1 241
-2.965 -1 -2.5 -1 -2.744 -1 -3.072 -1 259
-2.908 -1 -2.472 -1 -2.472 -1 -2.92 -1 1
-2.696 -1 -2.326 -1 -2.744 -1 -3.07 -1 440
-2.907 -1 -2.476 -1 -2.904 -1 -3.13 -1 396
-3.017 -1 -2.542 -1 -2.598 -1 -3.034 -1 77
-2.816 -1 -2.41 -1 -2.448 -1 -2.85 -1 17
-2.649 -1 -2.29 -1 -2.304 -1 -2.824 -1 19
-2.564 -1 -2.248 -1 -2.766 -1 -3.018 -1 436
-2.892 -1 -2.43 -1 -2.676 -1 -3.028 -1 195
-2.852 -1 -2.392 -1 -2.82 -1 -3.118 -1 342
-2.969 -1 -2.496 -1 -2.694 -1 -3.042 -1 227
-2.868 -1 -2.424 -1 -2.556 -1 -2.952 0 114
