7 1000 0.6 9 18 0 0 0 0
-3.236 -1 -2.75 -1 -2.822 -1 -3.022 -1 177
-2.922 -1 -2.51 -1 -2.658 -1 -2.946 -1 226
-2.802 -1 -2.408 -1 -2.608 -1 -2.908 -1 289
-2.758 -1 -2.322 -1 -2.4 -1 -2.834 -1 108
-2.617 -1 -2.246 -1 -2.468 -1 -2.848 -1 211
-2.658 -1 -2.3 -1 -2.466 -1 -2.812 -1 177
-2.639 -1 -2.222 -1 -2.224 -1 -2.732 -1 6
-2.478 -1 -2.124 -1 -2.356 -1 -2.772 -1 206
-2.564 -1 -2.186 -1 -2.248 -1 -2.7 -1 41
-2.474 -1 -2.082 -1 -2.3 -1 -2.74 -1 159
-2.52 -1 -2.122 -1 -2.142 -1 -2.62 -1 12
-2.381 -1 -2.032 -1 -2.19 -1 -2.614 -1 104
-2.402 -1 -2.038 -1 -2.402 -1 -2.724 -1 265
-2.563 -1 -2.128 -1 -2.296 -1 -2.766 -1 180
-2.531 -1 -2.128 -1 -2.408 -1 -2.754 -1 295
-2.581 -1 -2.172 -1 -2.324 -1 -2.756 -1 142
-2.54 -1 -2.176 -1 -2.318 -1 -2.706 -1 105
-2.512 -1 -2.102 -1 -2.416 -1 -2.808 0 292
