10 1000 0.5 5 1142 0 0 0 0
-3.776 -1 -3.378 -1 -3.396 -1 -3.516 -1 46
-3.456 -1 -3.068 -1 -3.182 -1 -3.5 -1 136
-3.341 -1 -2.962 -1 -3.068 -1 -3.408 -2 104
-3.238 -1 -2.882 -1 -3.082 -1 -3.438 -1 181
-3.26 -1 -2.858 -1 -3.018 -1 -3.318 -1 116
-3.168 -1 -2.776 -1 -2.818 -1 -3.218 -1 42
-3.018 -1 -2.67 -1 -2.94 -1 -3.26 -1 223
-3.1 -1 -2.73 -1 -2.846 -1 -3.242 -1 95
-3.044 -1 -2.702 -1 -2.782 -1 -3.242 -1 71
-3.012 -1 -2.664 -1 -2.726 -1 -3.146 -1 45
-2.936 -1 -2.58 -1 -2.782 -1 -3.166 -1 186
-2.974 -1 -2.626 -1 -2.888 -1 -3.252 -1 215
-3.07 -1 -2.67 -1 -2.8 -1 -3.232 -1 106
-3.016 -1 -2.65 -1 -2.766 -1 -3.124 -1 106
-2.945 -1 -2.556 -1 -2.85 -1 -3.252 -1 207
-3.051 -1 -2.636 -1 -2.822 -1 -3.186 -2 178
-3.004 -1 -2.666 -1 -2.686 -1 -3.042 -1 16
-2.864 -1 -2.51 -1 -2.696 -1 -3.156 -1 163
-2.926 -1 -2.6 -1 -2.91 -1 -3.238 -1 220
-3.074 -1 -2.664 -1 -2.978 -1 -3.248 -2 236
-3.113 -1 -2.736 -1 -2.87 -1 -3.268 -2 126
-3.069 -1 -2.692 -1 -2.882 -1 -3.16 -1 155
-3.021 -1 -2.65 -1 -2.826 -1 -3.158 -1 137
-2.992 -1 -2.624 -1 -2.754 -1 -3.116 -1 102
-2.935 -1 -2.594 -1 -2.754 -1 -3.13 -2 120
-2.942 -1 -2.584 -1 -2.698 -1 -3.118 -1 91
-2.908 -1 -2.568 -1 -2.59 -1 -3.048 -1 29
-2.819 -1 -2.532 -1 -2.808 -1 -3.154 -1 206
-2.981 -1 -2.612 -1 -2.876 -1 -3.208 -1 227
-3.042 -1 -2.648 -1 -2.786 -1 -3.176 -1 98
-2.981 -1 -2.596 -1 -2.702 -1 -3.094 -1 65
-2.898 -1 -2.568 -1 -2.65 -1 -3.16 -1 42
-2.905 -1 -2.58 -1 -2.604 -1 -3.004 -1 22
-2.804 -1 -2.486 -1 -2.862 -1 -3.152 -1 229
-3.007 -1 -2.576 -1 -2.8 -1 -3.196 -2 193
-2.998 -1 -2.616 -1 -2.696 -1 -3.078 -1 86
-2.887 -1 -2.512 -1 -2.692 -1 -3.108 -1 154
-2.9 -1 -2.58 -1 -2.876 -1 -3.202 -1 237
-3.039 -1 -2.638 -1 -2.772 -1 -3.118 -1 109
-2.945 -1 -2.57 -1 -2.764 -1 -3.142 -1 132
-2.953 -1 -2.612 -1 -2.902 -1 -3.168 -1 172
-3.035 -1 -2.604 -1 -2.754 -1 -3.256 -1 119
-3.005 -1 -2.644 -1 -2.71 -1 -3.136 -1 57
-2.923 -1 -2.536 -1 -2.676 -1 -3.144 -1 81
-2.91 -1 -2.548 -1 -2.724 -1 -3.098 -1 154
-2.911 -1 -2.548 -1 -2.834 -1 -3.27 -1 248
-3.052 -1 -2.61 -1 -2.814 -1 -3.2 -1 143
-3.007 -1 -2.634 -1 -2.93 -1 -3.202 -1 214
-3.066 -1 -2.646 -1 -2.886 -1 -3.222 -1 180
-3.054 -1 -2.68 -1 -2.73 -1 -3.13 -1 36
-2.93 -1 -2.576 -1 -2.706 -1 -3.106 -1 87
-2.906 -1 -2.54 -1 -2.744 -1 -3.14 -1 170
-2.942 -1 -2.572 -1 -2.636 -1 -3.078 -1 61
-2.857 -1 -2.488 -1 -2.712 -1 -3.104 -1 152
-2.908 -1 -2.56 -1 -2.804 -1 -3.142 -1 179
-2.973 -1 -2.572 -1 -2.614 -1 -3.054 -1 34
-2.834 -1 -2.506 -1 -2.616 -1 -3.072 -1 69
-2.844 -1 -2.484 -1 -2.516 -1 -2.978 -1 16
-2.747 -1 -2.432 -1 -2.742 -1 -3.15 -1 212
-2.946 -1 -2.524 -1 -2.626 -1 -3.086 -1 89
-2.856 -1 -2.472 -1 -2.512 -1 -3.024 -1 31
-2.768 -1 -2.422 -1 -2.6 -1 -3.046 -1 137
-2.823 -1 -2.432 -1 -2.586 -1 -3.048 -1 94
-2.817 -1 -2.438 -1 -2.806 -1 -3.21 -1 236
-3.008 -1 -2.616 -1 -2.65 -1 -3.044 -1 52
-2.847 -1 -2.476 -1 -2.634 -1 -3.004 -1 115
-2.819 -1 -2.464 -1 -2.608 -1 -3.006 -1 100
-2.807 -1 -2.426 -1 -2.656 -1 -3.046 -1 145
-2.851 -1 -2.49 -1 -2.596 -1 -2.996 -1 75
-2.796 -1 -2.438 -1 -2.774 -1 -3.152 -1 233
-2.963 -1 -2.56 -1 -2.764 -1 -3.144 -2 150
-2.954 -1 -2.568 -1 -2.852 -1 -3.228 -1 214
-3.04 -1 -2.612 -1 -2.878 -1 -3.19 -1 211
-3.034 -1 -2.696 -1 -2.976 -1 -3.322 -1 230
-3.149 -1 -2.748 -1 -2.918 -1 -3.174 -1 134
-3.046 -1 -2.664 -1 -2.952 -1 -3.23 -1 210
-3.091 -1 -2.706 -1 -2.82 -1 -3.138 -1 73
-2.979 -1 -2.582 -1 -2.646 -1 -3.082 -1 30
-2.864 -1 -2.56 -1 -2.714 -1 -3.078 -1 106
-2.896 -1 -2.552 -1 -2.58 -1 -2.962 -1 40
-2.771 -1 -2.442 -1 -2.662 -1 -3.07 -1 166
-2.866 -1 -2.476 -1 -2.476 -1 -2.928 -1 0
-2.702 -1 -2.394 -1 -2.518 -1 -2.982 -1 64
-2.75 -1 -2.39 -1 -2.616 -1 -3.042 -1 136
-2.829 -1 -2.466 -1 -2.62 -1 -2.994 -1 124
-2.807 -1 -2.41 -1 -2.436 -1 -2.958 -1 24
-2.697 -1 -2.368 -1 -2.446 -1 -2.948 -1 50
-2.697 -1 -2.368 -1 -2.494 -1 -2.904 -1 76
-2.699 -1 -2.358 -1 -2.408 -1 -2.914 -1 29
-2.661 -1 -2.342 -1 -2.436 -1 -2.882 -1 48
-2.659 -1 -2.348 -1 -2.424 -1 -2.99 -1 34
-2.707 -1 -2.418 -1 -2.724 -1 -3.082 -1 228
-2.903 -1 -2.528 -1 -2.59 -1 -3.018 -1 36
-2.804 -1 -2.442 -1 -2.784 -1 -3.162 -1 207
-2.973 -1 -2.528 -1 -2.784 -1 -3.126 -1 163
-2.955 -1 -2.6 -1 -2.632 -1 -3.05 -1 26
-2.841 -1 -2.494 -1 -2.672 -1 -3.11 -1 96
-2.891 -1 -2.516 -1 -2.518 -1 -2.96 -1 2
-2.739 -1 -2.416 -1 -2.724 -1 -3.158 -1 222
-2.941 -1 -2.586 -1 -2.642 -1 -3.118 -1 47
-2.88 -1 -2.556 -1 -2.582 -1 -2.966 -1 25
-2.774 -1 -2.434 -1 -2.472 -1 -2.876 -1 34
-2.674 -1 -2.352 -1 -2.59 -1 -2.998 -1 154
-2.794 -1 -2.426 -1 -2.56 -1 -3.028 -1 92
-2.794 -1 -2.418 -1 -2.744 -1 -3.152 -1 209
-2.948 -1 -2.574 -1 -2.88 -1 -3.206 -1 227
-3.043 -1 -2.62 -1 -2.686 -1 -3.064 -1 55
-2.875 -1 -2.486 -1 -2.744 -1 -3.05 -1 169
-2.897 -1 -2.526 -1 -2.73 -1 -3.086 -1 157
-2.908 -1 -2.51 -1 -2.77 -1 -3.182 -1 190
-2.976 -1 -2.614 -1 -2.858 -1 -3.2 -1 178
-3.029 -1 -2.61 -1 -2.728 -1 -3.054 -1 69
-2.891 -1 -2.512 -1 -2.526 -1 -3.006 -1 8
-2.766 -1 -2.448 -1 -2.836 -1 -3.188 -1 247
-3.012 -1 -2.6 -1 -2.612 -1 -3.134 -1 8
-2.873 -1 -2.522 -1 -2.716 -1 -3.088 -1 133
-2.902 -1 -2.534 -1 -2.748 -1 -3.154 -1 152
-2.951 -1 -2.542 -1 -2.838 -1 -3.224 -1 204
-3.031 -1 -2.662 -1 -2.69 -1 -3.102 -1 30
-2.896 -1 -2.566 -1 -2.73 -1 -3.1 -1 130
-2.915 -1 -2.528 -1 -2.67 -1 -3.176 -1 129
-2.923 -1 -2.576 -1 -2.726 -1 -3.096 -1 129
-2.911 -1 -2.566 -1 -2.696 -1 -3.12 -1 69
-2.908 -1 -2.536 -1 -2.602 -1 -2.994 -1 57
-2.798 -1 -2.452 -1 -2.55 -1 -2.944 -1 47
-2.747 -1 -2.394 -1 -2.686 -1 -3.048 -1 216
-2.867 -1 -2.456 -1 -2.704 -1 -3.156 -1 142
-2.93 -1 -2.512 -1 -2.9 -1 -3.18 -1 230
-3.04 -1 -2.626 -1 -2.632 -1 -3.014 -1 4
-2.823 -1 -2.464 -1 -2.732 -1 -3.036 -1 157
-2.884 -1 -2.506 -1 -2.808 -1 -3.164 -1 203
-2.986 -1 -2.614 -1 -2.824 -1 -3.182 -1 119
-3.003 -1 -2.598 -1 -2.638 -1 -3 -1 33
-2.819 -1 -2.464 -1 -2.55 -1 -2.956 -1 58
-2.753 -1 -2.416 -1 -2.482 -1 -2.9 -1 31
-2.691 -1 -2.35 -1 -2.514 -1 -2.912 -1 76
-2.713 -1 -2.334 -1 -2.376 -1 -2.898 -1 17
-2.637 -1 -2.296 -1 -2.508 -1 -2.85 -1 146
-2.679 -1 -2.344 -1 -2.564 -1 -3 -1 142
-2.782 -1 -2.414 -1 -2.794 -1 -3.034 -1 244
-2.914 -1 -2.502 -1 -2.766 -1 -3.052 -1 177
-2.909 -1 -2.532 -1 -2.804 -1 -3.186 -1 183
-2.995 -1 -2.556 -1 -2.694 -1 -2.994 -1 97
-2.844 -1 -2.462 -1 -2.71 -1 -2.994 -1 191
-2.852 -1 -2.498 -1 -2.716 -1 -3.112 -1 164
-2.914 -1 -2.506 -1 -2.634 -1 -3.02 -1 76
-2.827 -1 -2.442 -1 -2.478 -1 -2.946 -1 14
-2.712 -1 -2.396 -1 -2.728 -1 -3.084 -1 226
-2.906 -1 -2.548 -1 -2.84 -1 -3.134 -1 247
-2.987 -1 -2.572 -1 -2.812 -1 -3.164 -1 191
-2.988 -1 -2.6 -1 -2.794 -1 -3.12 -1 149
-2.957 -1 -2.598 -1 -2.802 -1 -3.194 -1 155
-2.998 -1 -2.604 -1 -2.634 -1 -2.976 -1 63
-2.805 -1 -2.49 -1 -2.572 -1 -3.04 -1 73
-2.806 -1 -2.498 -1 -2.532 -1 -2.976 -1 27
-2.754 -1 -2.444 -1 -2.448 -1 -2.912 -1 2
-2.68 -1 -2.37 -1 -2.742 -1 -3.054 -1 234
-2.898 -1 -2.508 -1 -2.614 -1 -3.056 -1 76
-2.835 -1 -2.462 -1 -2.672 -1 -3.134 -1 199
-2.903 -1 -2.528 -1 -2.676 -1 -3.098 -1 108
-2.887 -1 -2.528 -1 -2.642 -1 -2.972 -1 79
-2.807 -1 -2.452 -1 -2.728 -1 -3.118 -1 202
-2.923 -1 -2.566 -1 -2.568 -1 -2.964 -1 4
-2.766 -1 -2.398 -1 -2.402 -1 -2.842 -1 2
-2.622 -1 -2.334 -1 -2.552 -1 -2.91 -1 149
-2.731 -1 -2.39 -1 -2.418 -1 -2.852 -1 17
-2.635 -1 -2.328 -1 -2.422 -1 -2.816 -1 50
-2.619 -1 -2.252 -1 -2.462 -1 -2.934 -1 131
-2.698 -1 -2.33 -1 -2.384 -1 -2.834 -1 43
-2.609 -1 -2.252 -1 -2.332 -1 -2.786 -1 51
-2.559 -1 -2.224 -1 -2.474 -1 -2.944 -1 139
-2.709 -1 -2.324 -1 -2.358 -1 -2.758 -1 24
-2.558 -1 -2.23 -1 -2.604 -1 -2.902 -1 228
-2.753 -1 -2.358 -1 -2.604 -1 -2.956 -1 163
-2.78 -1 -2.39 -1 -2.69 -1 -3.008 -1 225
-2.849 -1 -2.448 -1 -2.502 -1 -2.952 -1 34
-2.727 -1 -2.358 -1 -2.544 -1 -2.99 -1 105
-2.767 -1 -2.372 -1 -2.504 -1 -2.826 -1 84
-2.665 -1 -2.334 -1 -2.598 -1 -2.962 -1 204
-2.78 -1 -2.392 -1 -2.646 -1 -3.016 -1 148
-2.831 -1 -2.462 -1 -2.786 -1 -3.11 -1 226
-2.948 -1 -2.554 -1 -2.886 -1 -3.184 -1 223
-3.035 -1 -2.624 -1 -2.712 -1 -3.102 -1 67
-2.907 -1 -2.502 -1 -2.582 -1 -3.046 -1 47
-2.814 -1 -2.48 -1 -2.668 -1 -3.006 -1 127
-2.837 -1 -2.472 -1 -2.59 -1 -3.054 -1 69
-2.822 -1 -2.48 -1 -2.48 -1 -2.894 -1 1
-2.687 -1 -2.364 -1 -2.756 -1 -3.048 -1 229
-2.902 -1 -2.45 -1 -2.498 -1 -2.902 -1 40
-2.7 -1 -2.33 -1 -2.686 -1 -3.074 -1 242
-2.88 -1 -2.438 -1 -2.724 -1 -3.086 -1 208
-2.905 -1 -2.492 -1 -2.838 -1 -3.116 -1 214
-2.977 -1 -2.558 -1 -2.75 -1 -3.084 -1 142
-2.917 -1 -2.526 -1 -2.722 -1 -3.11 -1 125
-2.916 -1 -2.538 -1 -2.688 -1 -3.072 -1 90
-2.88 -1 -2.486 -1 -2.504 -1 -2.902 -1 12
-2.703 -1 -2.406 -1 -2.462 -1 -2.898 -1 28
-2.68 -1 -2.332 -1 -2.528 -1 -2.96 -1 125
-2.744 -1 -2.418 -1 -2.66 -1 -3.038 -1 161
-2.849 -1 -2.46 -1 -2.5 -1 -2.922 -1 35
-2.711 -1 -2.394 -1 -2.546 -1 -2.876 -1 89
-2.711 -1 -2.35 -1 -2.494 -1 -2.994 -1 77
-2.744 -1 -2.378 -1 -2.428 -1 -2.872 -1 33
-2.65 -1 -2.312 -1 -2.672 -1 -3.036 -1 240
-2.854 -1 -2.466 -1 -2.86 -1 -3.176 -1 233
-3.018 -1 -2.618 -1 -2.672 -1 -3.01 -1 30
-2.841 -1 -2.408 -1 -2.634 -1 -3.098 -1 156
-2.866 -1 -2.49 -1 -2.762 -1 -3.138 -1 205
-2.95 -1 -2.552 -1 -2.552 -1 -2.944 -1 0
-2.748 -1 -2.398 -1 -2.72 -1 -3.05 -1 213
-2.885 -1 -2.466 -1 -2.62 -1 -3.092 -1 89
-2.856 -1 -2.492 -1 -2.816 -1 -3.158 -1 228
-2.987 -1 -2.602 -1 -2.732 -1 -3.092 -1 98
-2.912 -1 -2.522 -1 -2.74 -1 -3.064 -1 152
-2.902 -1 -2.52 -1 -2.754 -1 -3.174 -1 166
-2.964 -1 -2.536 -1 -2.854 -1 -3.206 -1 217
-3.03 -1 -2.622 -1 -2.87 -1 -3.276 -1 202
-3.073 -1 -2.632 -1 -2.878 -1 -3.168 -1 186
-3.023 -1 -2.63 -1 -2.864 -1 -3.154 -1 203
-3.009 -1 -2.554 -1 -2.798 -1 -3.184 -1 177
-2.991 -1 -2.606 -1 -2.85 -1 -3.184 -1 177
-3.017 -1 -2.614 -1 -2.874 -1 -3.204 -1 214
-3.039 -1 -2.644 -1 -2.806 -1 -3.16 -1 129
-2.983 -1 -2.582 -1 -2.622 -1 -2.996 -1 28
-2.809 -1 -2.438 -1 -2.438 -1 -2.992 -1 0
-2.715 -1 -2.418 -1 -2.56 -1 -2.972 -1 83
-2.766 -1 -2.412 -1 -2.662 -1 -3.092 -1 174
-2.877 -1 -2.512 -1 -2.634 -1 -2.994 -1 101
-2.814 -1 -2.496 -1 -2.706 -1 -3.102 -1 151
-2.904 -1 -2.514 -1 -2.626 -1 -2.99 -1 81
-2.808 -1 -2.454 -1 -2.514 -1 -2.928 -1 35
-2.721 -1 -2.416 -1 -2.616 -1 -2.982 -1 158
-2.799 -1 -2.424 -1 -2.75 -1 -3.122 -1 237
-2.936 -1 -2.566 -1 -2.562 -1 -3.022 -1 4
-2.792 -1 -2.41 -1 -2.476 -1 -2.932 -1 34
-2.704 -1 -2.368 -1 -2.424 -1 -2.972 -1 23
-2.698 -1 -2.356 -1 -2.634 -1 -2.992 -1 177
-2.813 -1 -2.434 -1 -2.6 -1 -3.014 -1 135
-2.807 -1 -2.464 -1 -2.736 -1 -2.996 -1 217
-2.866 -1 -2.446 -1 -2.502 -1 -3.036 -1 38
-2.769 -1 -2.402 -1 -2.526 -1 -2.96 -1 79
-2.743 -1 -2.368 -1 -2.68 -1 -3.082 -1 219
-2.881 -1 -2.514 -1 -2.712 -1 -3.078 -1 135
-2.895 -1 -2.5 -1 -2.79 -1 -3.17 -1 245
-2.98 -1 -2.528 -1 -2.804 -1 -3.164 -1 237
-2.984 -1 -2.612 -1 -2.808 -1 -3.156 -1 155
-2.982 -1 -2.542 -1 -2.652 -1 -3.12 -1 82
-2.886 -1 -2.506 -1 -2.748 -1 -3.162 -1 147
-2.955 -1 -2.532 -1 -2.634 -1 -2.956 -1 75
-2.795 -1 -2.426 -1 -2.52 -1 -2.99 -1 62
-2.755 -1 -2.408 -1 -2.588 -1 -3.018 -1 154
-2.803 -1 -2.464 -1 -2.64 -1 -2.99 -1 98
-2.815 -1 -2.432 -1 -2.56 -1 -2.988 -1 99
-2.774 -1 -2.456 -1 -2.64 -1 -3.018 -1 133
-2.829 -1 -2.486 -1 -2.492 -1 -2.88 -1 7
-2.686 -1 -2.352 -1 -2.61 -1 -3.006 -1 142
-2.808 -1 -2.402 -1 -2.688 -1 -3.074 -1 181
-2.881 -1 -2.482 -1 -2.762 -1 -3.074 -1 214
-2.918 -1 -2.58 -1 -2.762 -1 -3.092 -1 150
-2.927 -1 -2.53 -1 -2.72 -1 -3.11 -1 134
-2.915 -1 -2.564 -1 -2.638 -1 -3.106 -1 52
-2.872 -1 -2.508 -1 -2.812 -1 -3.18 -1 196
-2.996 -1 -2.572 -1 -2.87 -1 -3.13 -1 197
-3 -1 -2.6 -1 -2.796 -1 -3.132 -1 160
-2.964 -1 -2.596 -1 -2.598 -1 -3.002 -1 1
-2.8 -1 -2.444 -1 -2.508 -1 -2.852 -1 52
-2.68 -1 -2.35 -1 -2.564 -1 -2.93 -1 135
-2.747 -1 -2.386 -1 -2.614 -1 -2.97 -1 154
-2.792 -1 -2.368 -1 -2.626 -1 -3.024 -1 155
-2.825 -1 -2.45 -1 -2.65 -1 -2.996 -1 137
-2.823 -1 -2.454 -1 -2.494 -1 -2.89 -1 34
-2.692 -1 -2.352 -1 -2.566 -1 -2.986 -1 141
-2.776 -1 -2.372 -1 -2.51 -1 -2.918 -1 76
-2.714 -1 -2.314 -1 -2.678 -1 -3.008 -1 220
-2.843 -1 -2.436 -1 -2.836 -1 -3.158 -1 220
-2.997 -1 -2.578 -1 -2.746 -1 -3.178 -1 136
-2.962 -1 -2.524 -1 -2.712 -1 -3.04 -1 129
-2.876 -1 -2.458 -1 -2.762 -1 -3.14 -1 201
-2.951 -1 -2.512 -1 -2.694 -1 -3.03 -1 142
-2.862 -1 -2.466 -1 -2.618 -1 -2.988 -1 97
-2.803 -1 -2.384 -1 -2.446 -1 -2.866 -1 43
-2.656 -1 -2.288 -1 -2.36 -1 -2.82 -1 62
-2.59 -1 -2.272 -1 -2.498 -1 -2.886 -1 140
-2.692 -1 -2.336 -1 -2.35 -1 -2.806 -1 8
-2.578 -1 -2.26 -1 -2.306 -1 -2.798 -1 37
-2.552 -1 -2.17 -1 -2.57 -1 -2.926 -1 211
-2.748 -1 -2.328 -1 -2.5 -1 -2.888 -1 93
-2.694 -1 -2.31 -1 -2.678 -1 -2.988 -1 212
-2.833 -1 -2.424 -1 -2.734 -1 -3.032 -1 180
-2.883 -1 -2.478 -1 -2.714 -1 -3.002 -1 157
-2.858 -1 -2.418 -1 -2.538 -1 -2.836 -1 91
-2.687 -1 -2.32 -1 -2.614 -1 -2.904 -1 158
-2.759 -1 -2.358 -1 -2.488 -1 -2.838 -1 77
-2.663 -1 -2.278 -1 -2.356 -1 -2.732 -1 46
-2.544 -1 -2.178 -1 -2.464 -1 -2.822 -1 149
-2.643 -1 -2.218 -1 -2.442 -1 -2.778 -1 129
-2.61 -1 -2.216 -1 -2.482 -1 -2.932 -1 179
-2.707 -1 -2.288 -1 -2.528 -1 -2.86 -1 160
-2.694 -1 -2.284 -1 -2.398 -1 -2.802 -1 56
-2.6 -1 -2.198 -1 -2.312 -1 -2.674 -1 44
-2.493 -1 -2.12 -1 -2.45 -1 -2.814 -1 202
-2.632 -1 -2.224 -1 -2.224 -1 -2.598 -1 0
-2.411 -1 -2.068 -1 -2.14 -1 -2.602 -1 38
-2.371 -1 -2.066 -1 -2.506 -1 -2.796 -1 238
-2.651 -1 -2.192 -1 -2.48 -1 -2.77 -1 184
-2.625 -1 -2.2 -1 -2.542 -1 -2.864 -1 205
-2.703 -1 -2.274 -1 -2.582 -1 -2.836 -1 218
-2.709 -1 -2.24 -1 -2.674 -1 -3.012 -1 239
-2.843 -1 -2.368 -1 -2.738 -1 -3.028 -1 249
-2.883 -1 -2.402 -1 -2.522 -1 -2.816 -1 66
-2.669 -1 -2.282 -1 -2.534 -1 -2.88 -1 154
-2.707 -1 -2.322 -1 -2.688 -1 -2.966 -1 230
-2.827 -1 -2.406 -1 -2.604 -1 -2.934 -1 128
-2.769 -1 -2.324 -1 -2.586 -1 -2.85 -1 153
-2.718 -1 -2.302 -1 -2.496 -1 -2.836 -1 98
-2.666 -1 -2.264 -1 -2.562 -1 -2.884 -1 170
-2.723 -1 -2.312 -1 -2.592 -1 -2.884 -1 169
-2.738 -1 -2.344 -1 -2.37 -1 -2.764 -1 15
-2.567 -1 -2.19 -1 -2.216 -1 -2.646 -1 8
-2.431 -1 -2.124 -1 -2.162 -1 -2.58 -1 12
-2.371 -1 -2.042 -1 -2.262 -1 -2.662 -1 145
-2.462 -1 -2.074 -1 -2.182 -1 -2.64 -1 62
-2.411 -1 -2.03 -1 -2.054 -1 -2.46 -1 12
-2.257 -1 -1.926 -1 -2.016 -1 -2.434 -1 37
-2.225 -1 -1.876 -1 -2.236 -1 -2.574 -1 191
-2.405 -1 -1.988 -1 -2.256 -1 -2.636 -1 134
-2.446 -1 -2.018 -1 -2.256 -1 -2.66 -1 97
-2.458 -1 -2.004 -1 -2.2 -1 -2.494 -1 76
-2.347 -1 -1.972 -1 -2.188 -1 -2.56 -1 108
-2.374 -1 -1.934 -1 -2.25 -1 -2.57 -1 124
-2.41 -1 -1.992 -1 -2.114 -1 -2.414 -1 65
-2.264 -1 -1.818 -1 -1.82 -1 -2.218 -1 1
-2.019 -1 -1.672 -1 -1.672 -1 -2.034 -1 0
-1.853 -1 -1.526 -1 -1.762 -1 -2.12 -1 95
-1.941 -1 -1.546 -1 -1.626 -1 -1.994 -1 27
-1.81 -1 -1.462 -1 -1.832 -1 -2.094 -1 134
-1.963 -1 -1.566 -1 -1.954 -1 -2.308 -1 172
-2.131 -1 -1.67 -1 -1.856 -1 -2.144 -1 88
-2 -1 -1.59 -1 -2.098 -1 -2.336 -1 208
-2.217 -1 -1.778 -1 -2.012 -1 -2.36 -1 99
-2.186 -1 -1.718 -1 -1.874 -1 -2.122 -1 53
-1.998 -1 -1.612 -1 -1.828 -1 -2.09 -1 82
-1.959 -1 -1.554 -1 -1.696 -1 -1.944 -1 49
-1.82 -1 -1.46 -1 -1.962 -1 -2.162 -1 208
-2.062 -1 -1.614 -1 -1.732 -1 -1.986 -1 42
-1.859 -1 -1.5 -1 -1.874 -1 -2.058 -1 140
-1.966 -1 -1.52 -1 -2.104 -1 -2.33 -1 242
-2.217 -1 -1.724 -1 -1.908 -1 -2.154 -1 64
-2.031 -1 -1.556 -1 -1.852 -1 -2.134 -1 106
-1.993 -1 -1.532 -1 -1.568 -1 -1.796 -1 11
-1.682 -1 -1.326 -1 -1.712 -1 -1.98 -1 130
-1.846 -1 -1.39 -1 -1.568 -1 -1.78 -1 52
-1.674 -1 -1.334 -1 -1.578 -1 -1.782 -1 85
-1.68 -1 -1.316 -1 -1.654 -1 -1.914 -1 126
-1.784 -1 -1.41 -1 -1.998 -1 -2.236 -1 217
-2.117 -1 -1.576 -1 -1.774 -1 -1.992 -1 89
-1.883 -1 -1.45 -1 -2.092 -1 -2.282 -1 240
-2.187 -1 -1.678 -1 -2.058 -1 -2.368 -1 178
-2.213 -1 -1.716 -1 -2.218 -1 -2.442 -1 228
-2.33 -1 -1.84 -1 -2.266 -1 -2.502 -1 215
-2.384 -1 -1.918 -1 -2.428 -1 -2.612 -1 242
-2.52 -1 -2.002 -1 -2.132 -1 -2.406 -1 57
-2.269 -1 -1.834 -1 -2.08 -1 -2.402 -1 130
-2.241 -1 -1.758 -1 -2.008 -1 -2.25 -1 103
-2.129 -1 -1.652 -1 -2.214 -1 -2.4 -1 212
-2.307 -1 -1.786 -1 -2.036 -1 -2.352 -1 120
-2.194 -1 -1.776 -1 -1.966 -1 -2.196 -1 70
-2.081 -1 -1.64 -1 -2.034 -1 -2.312 -1 187
-2.173 -1 -1.73 -1 -1.966 -1 -2.24 -1 101
-2.103 -1 -1.658 -1 -2.066 -1 -2.304 -1 173
-2.185 -1 -1.69 -1 -2.276 -1 -2.518 -1 245
-2.397 -1 -1.868 -1 -2.206 -1 -2.468 -1 200
-2.337 -1 -1.876 -1 -2.11 -1 -2.338 -1 112
-2.224 -1 -1.732 -1 -1.94 -1 -2.126 -1 87
-2.033 -1 -1.598 -1 -1.978 -1 -2.244 -1 175
-2.111 -1 -1.646 -1 -1.982 -1 -2.268 -1 147
-2.125 -1 -1.656 -1 -1.662 -1 -1.908 -1 3
-1.785 -1 -1.462 -1 -2.044 -1 -2.25 -1 228
-2.147 -1 -1.702 -1 -1.742 -1 -1.962 -1 17
-1.852 -1 -1.458 -1 -1.966 -1 -2.178 -1 198
-2.072 -1 -1.59 -1 -1.888 -1 -2.064 -1 106
-1.976 -1 -1.526 -1 -1.746 -1 -1.974 -1 83
-1.86 -1 -1.416 -1 -1.752 -1 -1.988 -1 111
-1.87 -1 -1.432 -1 -1.906 -1 -2.08 -1 180
-1.993 -1 -1.518 -1 -1.632 -1 -1.872 -1 48
-1.752 -1 -1.398 -1 -1.658 -1 -1.796 -1 96
-1.727 -1 -1.342 -1 -1.894 -1 -2.074 -1 198
-1.984 -1 -1.554 -1 -1.604 -1 -1.776 -1 33
-1.69 -1 -1.324 -1 -1.35 -1 -1.47 -1 10
-1.41 -1 -1.152 -1 -1.816 -1 -2.012 -1 228
-1.914 -1 -1.44 -1 -1.518 -1 -1.68 -1 29
-1.599 -1 -1.234 -1 -1.77 -1 -1.906 -1 177
-1.838 -1 -1.404 -1 -1.862 -1 -2.078 -1 184
-1.97 -1 -1.48 -1 -1.774 -1 -1.974 -1 111
-1.874 -1 -1.434 -1 -1.698 -1 -1.884 -1 82
-1.791 -1 -1.386 -1 -1.784 -1 -1.956 -1 152
-1.87 -1 -1.42 -1 -1.612 -1 -1.788 -1 53
-1.7 -1 -1.334 -1 -1.524 -1 -1.692 -1 62
-1.608 -1 -1.294 -1 -1.494 -1 -1.642 -1 73
-1.568 -1 -1.23 -1 -1.724 -1 -1.894 -1 176
-1.809 -1 -1.386 -1 -1.59 -1 -1.784 -1 59
-1.687 -1 -1.352 -1 -1.886 -1 -2.06 -1 212
-1.973 -1 -1.518 -1 -1.606 -1 -1.768 -1 38
-1.687 -1 -1.312 -1 -1.782 -1 -2 -1 166
-1.891 -1 -1.462 -1 -1.892 -1 -2.072 -1 185
-1.982 -1 -1.492 -1 -2.166 -1 -2.314 -1 243
-2.24 -1 -1.688 -1 -2.026 -1 -2.208 -1 131
-2.117 -1 -1.616 -1 -2.084 -1 -2.284 -1 195
-2.184 -1 -1.686 -1 -1.846 -1 -2.01 -1 64
-1.928 -1 -1.514 -1 -1.948 -1 -2.17 -1 173
-2.059 -1 -1.59 -1 -1.72 -1 -1.948 -1 44
-1.834 -1 -1.458 -1 -1.906 -1 -2.126 -1 179
-2.016 -1 -1.57 -1 -2.054 -1 -2.298 -1 187
-2.176 -1 -1.676 -1 -1.804 -1 -2.052 -1 52
-1.928 -1 -1.564 -1 -2.112 -1 -2.344 -1 241
-2.228 -1 -1.73 -1 -2.012 -1 -2.278 -1 109
-2.145 -1 -1.68 -1 -1.94 -1 -2.122 -1 96
-2.031 -1 -1.6 -1 -1.992 -1 -2.19 -1 129
-2.091 -1 -1.574 -1 -2.004 -1 -2.252 -1 194
-2.128 -1 -1.672 -1 -1.812 -1 -1.974 -1 57
-1.893 -1 -1.454 -1 -1.868 -1 -2.074 -1 172
-1.971 -1 -1.518 -1 -1.924 -1 -2.216 -1 159
-2.07 -1 -1.592 -1 -1.73 -1 -1.948 -1 50
-1.839 -1 -1.42 -1 -1.794 -1 -1.992 -1 147
-1.893 -1 -1.464 -1 -1.878 -1 -2.102 -1 165
-1.99 -1 -1.506 -1 -1.72 -1 -1.918 -1 68
-1.819 -1 -1.394 -1 -1.846 -1 -2.088 -1 159
-1.967 -1 -1.518 -1 -2.02 -1 -2.242 -1 187
-2.131 -1 -1.638 -1 -1.728 -1 -1.904 -1 30
-1.816 -1 -1.444 -1 -2.068 -1 -2.348 -1 248
-2.208 -1 -1.664 -1 -1.974 -1 -2.208 -1 131
-2.091 -1 -1.66 -1 -2.17 -1 -2.4 -1 213
-2.285 -1 -1.754 -1 -2.026 -1 -2.252 -1 117
-2.139 -1 -1.656 -1 -1.982 -1 -2.276 -1 151
-2.129 -1 -1.642 -1 -2.072 -1 -2.354 -1 188
-2.213 -1 -1.706 -1 -2.11 -1 -2.282 -1 170
-2.196 -1 -1.75 -1 -2.142 -1 -2.394 -1 179
-2.268 -1 -1.814 -1 -2.264 -1 -2.52 -1 208
-2.392 -1 -1.934 -1 -2.334 -1 -2.612 -1 188
-2.473 -1 -1.908 -1 -2.202 -1 -2.444 -1 134
-2.323 -1 -1.826 -1 -2.196 -1 -2.478 -1 184
-2.337 -1 -1.838 -1 -2.09 -1 -2.36 -1 114
-2.225 -1 -1.712 -1 -2.12 -1 -2.316 -1 166
-2.218 -1 -1.678 -1 -1.81 -1 -2.016 -1 49
-1.913 -1 -1.514 -1 -1.694 -1 -1.944 -1 49
-1.819 -1 -1.416 -1 -2.026 -1 -2.156 -1 240
-2.091 -1 -1.576 -1 -1.876 -1 -2.086 -1 95
-1.981 -1 -1.556 -1 -1.746 -1 -1.972 -1 65
-1.859 -1 -1.414 -1 -1.742 -1 -1.948 -1 102
-1.845 -1 -1.412 -1 -1.818 -1 -2.024 -1 147
-1.921 -1 -1.476 -1 -1.634 -1 -1.824 -1 59
-1.729 -1 -1.348 -1 -1.586 -1 -1.718 -1 88
-1.652 -1 -1.296 -1 -1.61 -1 -1.78 -1 95
-1.695 -1 -1.286 -1 -1.93 -1 -2.116 -1 219
-2.023 -1 -1.5 -1 -1.736 -1 -1.922 -1 85
-1.829 -1 -1.384 -1 -1.408 -1 -1.57 -1 6
-1.489 -1 -1.234 -1 -1.672 -1 -1.842 -1 133
-1.757 -1 -1.354 -1 -1.944 -1 -2.186 -1 223
-2.065 -1 -1.596 -1 -2.11 -1 -2.334 -1 230
-2.222 -1 -1.75 -1 -1.926 -1 -2.12 -1 73
-2.023 -1 -1.57 -1 -2.034 -1 -2.284 -1 190
-2.159 -1 -1.672 -1 -2.216 -1 -2.394 -1 224
-2.305 -1 -1.774 -1 -2.238 -1 -2.426 -1 207
-2.332 -1 -1.814 -1 -1.894 -1 -2.108 -1 30
-2.001 -1 -1.582 -1 -1.606 -1 -1.816 -1 9
-1.711 -1 -1.4 -1 -1.924 -1 -2.122 -1 188
-2.023 -1 -1.512 -1 -1.656 -1 -1.844 -1 52
-1.75 -1 -1.408 -1 -1.676 -1 -1.826 -1 98
-1.751 -1 -1.352 -1 -1.824 -1 -2.066 -1 169
-1.945 -1 -1.47 -1 -1.944 -1 -2.128 -1 196
-2.036 -1 -1.596 -1 -1.976 -1 -2.186 -1 158
-2.081 -1 -1.558 -1 -1.72 -1 -1.928 -1 68
-1.824 -1 -1.432 -1 -1.744 -1 -1.898 -1 106
-1.821 -1 -1.466 -1 -1.586 -1 -1.822 -1 39
-1.704 -1 -1.348 -1 -1.672 -1 -1.878 -1 108
-1.775 -1 -1.326 -1 -1.716 -1 -1.932 -1 124
-1.824 -1 -1.412 -1 -1.828 -1 -2.028 -1 128
-1.928 -1 -1.46 -1 -1.962 -1 -2.148 -1 191
-2.055 -1 -1.572 -1 -1.916 -1 -2.128 -1 143
-2.022 -1 -1.576 -1 -1.758 -1 -1.992 -1 62
-1.875 -1 -1.462 -1 -1.894 -1 -2.04 -1 167
-1.967 -1 -1.534 -1 -1.874 -1 -2.038 -1 121
-1.956 -1 -1.502 -1 -2.016 -1 -2.3 -1 202
-2.158 -1 -1.644 -1 -2.128 -1 -2.362 -1 194
-2.245 -1 -1.732 -1 -1.89 -1 -2.1 -1 56
-1.995 -1 -1.55 -1 -1.91 -1 -2.114 -1 134
-2.012 -1 -1.574 -1 -1.948 -1 -2.142 -1 147
-2.045 -1 -1.572 -1 -1.984 -1 -2.126 -1 150
-2.055 -1 -1.572 -1 -1.918 -1 -2.114 -1 126
-2.016 -1 -1.532 -1 -1.532 -1 -1.722 -1 0
-1.627 -1 -1.322 -1 -1.428 -1 -1.574 -1 36
-1.501 -1 -1.214 -1 -1.47 -1 -1.61 -1 90
-1.54 -1 -1.178 -1 -1.378 -1 -1.482 -1 63
-1.43 -1 -1.172 -1 -1.352 -1 -1.462 -1 58
-1.407 -1 -1.146 -1 -1.306 -1 -1.398 -1 43
-1.352 -1 -1.132 -1 -1.696 -1 -1.872 -1 177
-1.784 -1 -1.334 -1 -1.712 -1 -1.922 -1 158
-1.817 -1 -1.376 -1 -1.912 -1 -2.068 -1 202
-1.99 -1 -1.506 -1 -1.606 -1 -1.76 -1 29
-1.683 -1 -1.312 -1 -1.814 -1 -1.97 -1 187
-1.892 -1 -1.452 -1 -1.482 -1 -1.65 -1 9
-1.566 -1 -1.254 -1 -1.614 -1 -1.834 -1 136
-1.724 -1 -1.308 -1 -1.838 -1 -1.996 -1 198
-1.917 -1 -1.452 -1 -1.904 -1 -2.116 -1 187
-2.01 -1 -1.56 -1 -1.724 -1 -1.888 -1 58
-1.806 -1 -1.436 -1 -1.926 -1 -2.156 -1 167
-2.041 -1 -1.588 -1 -1.926 -1 -2.082 -1 110
-2.004 -1 -1.52 -1 -2.066 -1 -2.246 -1 222
-2.156 -1 -1.648 -1 -1.83 -1 -2.062 -1 77
-1.946 -1 -1.512 -1 -2.112 -1 -2.292 -1 234
-2.202 -1 -1.72 -1 -1.732 -1 -1.942 -1 4
-1.837 -1 -1.496 -1 -1.738 -1 -1.912 -1 93
-1.825 -1 -1.44 -1 -1.912 -1 -2.136 -1 191
-2.024 -1 -1.56 -1 -1.584 -1 -1.792 -1 7
-1.688 -1 -1.32 -1 -1.36 -1 -1.488 -1 9
-1.424 -1 -1.162 -1 -1.456 -1 -1.672 -1 112
-1.564 -1 -1.256 -1 -1.562 -1 -1.754 -1 102
-1.658 -1 -1.324 -1 -1.83 -1 -1.982 -1 172
-1.906 -1 -1.44 -1 -1.44 -1 -1.576 -1 0
-1.508 -1 -1.218 -1 -1.388 -1 -1.506 -1 57
-1.447 -1 -1.182 -1 -1.834 -1 -2.012 -1 216
-1.923 -1 -1.468 -1 -1.862 -1 -2.098 -1 173
-1.98 -1 -1.486 -1 -1.896 -1 -2.134 -1 148
-2.015 -1 -1.544 -1 -1.938 -1 -2.144 -1 167
-2.041 -1 -1.61 -1 -1.87 -1 -2.022 -1 89
-1.946 -1 -1.484 -1 -1.758 -1 -1.964 -1 85
-1.861 -1 -1.464 -1 -2.134 -1 -2.336 -1 243
-2.235 -1 -1.734 -1 -2.222 -1 -2.406 -1 213
-2.314 -1 -1.81 -1 -2.236 -1 -2.476 -1 211
-2.356 -1 -1.906 -1 -1.94 -1 -2.19 -1 15
-2.065 -1 -1.636 -1 -1.882 -1 -2.138 -1 100
-2.01 -1 -1.584 -1 -1.762 -1 -1.99 -1 58
-1.876 -1 -1.468 -1 -1.798 -1 -2.03 -1 126
-1.914 -1 -1.46 -1 -1.74 -1 -1.926 -1 98
-1.833 -1 -1.43 -1 -1.498 -1 -1.668 -1 27
-1.583 -1 -1.258 -1 -1.816 -1 -2.04 -1 214
-1.928 -1 -1.456 -1 -1.868 -1 -2.13 -1 183
-1.999 -1 -1.536 -1 -1.96 -1 -2.162 -1 141
-2.061 -1 -1.572 -1 -1.932 -1 -2.216 -1 151
-2.074 -1 -1.56 -1 -1.996 -1 -2.196 -1 184
-2.096 -1 -1.61 -1 -2.152 -1 -2.346 -1 237
-2.249 -1 -1.746 -1 -1.916 -1 -2.21 -1 63
-2.063 -1 -1.61 -1 -2.146 -1 -2.374 -1 217
-2.26 -1 -1.756 -1 -2.098 -1 -2.398 -1 142
-2.248 -1 -1.78 -1 -2.22 -1 -2.448 -1 190
-2.334 -1 -1.818 -1 -2.236 -1 -2.466 -1 167
-2.351 -1 -1.8 -1 -2.236 -1 -2.478 -1 205
-2.357 -1 -1.822 -1 -2.04 -1 -2.288 -1 83
-2.164 -1 -1.738 -1 -2.152 -1 -2.376 -1 159
-2.264 -1 -1.744 -1 -2.276 -1 -2.522 -1 243
-2.399 -1 -1.848 -1 -2.1 -1 -2.282 -1 101
-2.191 -1 -1.73 -1 -1.928 -1 -2.208 -1 92
-2.068 -1 -1.628 -1 -1.934 -1 -2.188 -1 105
-2.061 -1 -1.64 -1 -2.024 -1 -2.218 -1 162
-2.121 -1 -1.68 -1 -2.122 -1 -2.376 -1 173
-2.249 -1 -1.74 -1 -2.068 -1 -2.298 -1 154
-2.183 -1 -1.7 -1 -1.932 -1 -2.198 -1 101
-2.065 -1 -1.658 -1 -1.952 -1 -2.18 -1 136
-2.066 -1 -1.656 -1 -2.012 -1 -2.272 -1 152
-2.142 -1 -1.664 -1 -1.836 -1 -2.09 -1 58
-1.963 -1 -1.518 -1 -1.772 -1 -2.03 -1 83
-1.901 -1 -1.464 -1 -1.598 -1 -1.788 -1 45
-1.693 -1 -1.328 -1 -1.544 -1 -1.724 -1 70
-1.634 -1 -1.28 -1 -1.92 -1 -2.158 -1 208
-2.039 -1 -1.55 -1 -1.826 -1 -2.092 -1 115
-1.959 -1 -1.534 -1 -2.066 -1 -2.318 -1 230
-2.192 -1 -1.678 -1 -1.766 -1 -1.978 -1 29
-1.872 -1 -1.494 -1 -1.914 -1 -2.084 -1 174
-1.999 -1 -1.54 -1 -1.816 -1 -2.026 -1 104
-1.921 -1 -1.458 -1 -1.786 -1 -2.02 -1 127
-1.903 -1 -1.466 -1 -1.818 -1 -2.038 -1 110
-1.928 -1 -1.494 -1 -2.136 -1 -2.318 -1 245
-2.227 -1 -1.662 -1 -2.034 -1 -2.282 -1 175
-2.158 -1 -1.706 -1 -2.052 -1 -2.246 -1 131
-2.149 -1 -1.66 -1 -1.964 -1 -2.152 -1 111
-2.058 -1 -1.594 -1 -1.856 -1 -2.116 -1 107
-1.986 -1 -1.6 -1 -1.958 -1 -2.162 -1 127
-2.06 -1 -1.612 -1 -1.762 -1 -1.994 -1 61
-1.878 -1 -1.444 -1 -1.722 -1 -1.954 -1 112
-1.838 -1 -1.38 -1 -1.646 -1 -1.826 -1 113
-1.736 -1 -1.366 -1 -1.828 -1 -2.004 -1 182
-1.916 -1 -1.472 -1 -1.606 -1 -1.758 -1 38
-1.682 -1 -1.338 -1 -1.598 -1 -1.78 -1 106
-1.689 -1 -1.31 -1 -1.688 -1 -1.906 -1 141
-1.797 -1 -1.356 -1 -1.988 -1 -2.228 -1 215
-2.108 -1 -1.558 -1 -1.802 -1 -2.002 -1 97
-1.902 -1 -1.426 -1 -1.76 -1 -1.944 -1 112
-1.852 -1 -1.39 -1 -1.468 -1 -1.622 -1 28
-1.545 -1 -1.264 -1 -1.826 -1 -2.044 -1 201
-1.935 -1 -1.512 -1 -1.666 -1 -1.816 -1 48
-1.741 -1 -1.388 -1 -1.992 -1 -2.162 -1 238
-2.077 -1 -1.582 -1 -1.976 -1 -2.136 -1 142
-2.056 -1 -1.592 -1 -2.042 -1 -2.27 -1 144
-2.156 -1 -1.676 -1 -2.146 -1 -2.35 -1 206
-2.248 -1 -1.75 -1 -2.064 -1 -2.258 -1 135
-2.161 -1 -1.674 -1 -2.064 -1 -2.26 -1 174
-2.162 -1 -1.638 -1 -2.046 -1 -2.282 -1 156
-2.164 -1 -1.67 -1 -1.96 -1 -2.14 -1 135
-2.05 -1 -1.62 -1 -2.104 -1 -2.296 -1 164
-2.2 -1 -1.664 -1 -2.134 -1 -2.34 -1 186
-2.237 -1 -1.792 -1 -2.062 -1 -2.304 -1 136
-2.183 -1 -1.694 -1 -1.924 -1 -2.128 -1 91
-2.026 -1 -1.532 -1 -1.89 -1 -2.116 -1 130
-2.003 -1 -1.592 -1 -1.96 -1 -2.25 -1 147
-2.105 -1 -1.624 -1 -2.044 -1 -2.198 -1 193
-2.121 -1 -1.624 -1 -2.126 -1 -2.32 -1 210
-2.223 -1 -1.736 -1 -1.784 -1 -1.97 -1 19
-1.877 -1 -1.496 -1 -1.594 -1 -1.786 -1 33
-1.69 -1 -1.334 -1 -1.918 -1 -2.116 -1 200
-2.017 -1 -1.604 -1 -1.956 -1 -2.166 -1 130
-2.061 -1 -1.54 -1 -1.764 -1 -1.976 -1 90
-1.87 -1 -1.472 -1 -1.83 -1 -1.988 -1 124
-1.909 -1 -1.468 -1 -1.956 -1 -2.224 -1 182
-2.09 -1 -1.59 -1 -1.984 -1 -2.178 -1 167
-2.081 -1 -1.646 -1 -2.058 -1 -2.244 -1 160
-2.151 -1 -1.682 -1 -2.21 -1 -2.448 -1 237
-2.329 -1 -1.8 -1 -2.156 -1 -2.416 -1 157
-2.286 -1 -1.814 -1 -2.31 -1 -2.538 -1 210
-2.424 -1 -1.906 -1 -2.03 -1 -2.268 -1 58
-2.149 -1 -1.71 -1 -2.254 -1 -2.468 -1 230
-2.361 -1 -1.846 -1 -2.198 -1 -2.418 -1 153
-2.308 -1 -1.836 -1 -2.36 -1 -2.608 -1 225
-2.484 -1 -1.942 -1 -2.302 -1 -2.598 -1 171
-2.45 -1 -1.998 -1 -2.362 -1 -2.636 -1 158
-2.499 -1 -1.928 -1 -2.38 -1 -2.676 -1 198
-2.528 -1 -2.03 -1 -2.39 -1 -2.634 -1 198
-2.512 -1 -2.036 -1 -2.314 -1 -2.598 -1 113
-2.456 -1 -1.95 -1 -2.052 -1 -2.306 -1 49
-2.179 -1 -1.764 -1 -2.008 -1 -2.278 -1 88
-2.143 -1 -1.712 -1 -2.026 -1 -2.276 -1 126
-2.151 -1 -1.718 -1 -1.836 -1 -2.08 -1 38
-1.958 -1 -1.568 -1 -1.66 -1 -1.864 -1 31
-1.762 -1 -1.38 -1 -1.99 -1 -2.278 -1 228
-2.134 -1 -1.678 -1 -2.18 -1 -2.41 -1 242
-2.295 -1 -1.796 -1 -1.858 -1 -2.096 -1 25
-1.977 -1 -1.556 -1 -2.106 -1 -2.31 -1 217
-2.208 -1 -1.682 -1 -2.218 -1 -2.416 -1 234
-2.317 -1 -1.774 -1 -2.06 -1 -2.282 -1 122
-2.171 -1 -1.734 -1 -1.892 -1 -2.174 -1 64
-2.033 -1 -1.624 -1 -2.06 -1 -2.294 -1 196
-2.177 -1 -1.706 -1 -2.094 -1 -2.32 -1 195
-2.207 -1 -1.734 -1 -2.028 -1 -2.282 -1 120
-2.155 -1 -1.678 -1 -1.964 -1 -2.218 -1 113
-2.091 -1 -1.634 -1 -1.866 -1 -2.062 -1 84
-1.964 -1 -1.55 -1 -1.774 -1 -2.034 -1 95
-1.904 -1 -1.492 -1 -1.95 -1 -2.128 -1 173
-2.039 -1 -1.566 -1 -1.77 -1 -1.986 -1 73
-1.878 -1 -1.47 -1 -1.522 -1 -1.746 -1 19
-1.634 -1 -1.338 -1 -1.706 -1 -1.94 -1 133
-1.823 -1 -1.412 -1 -1.742 -1 -1.954 -1 116
-1.848 -1 -1.404 -1 -1.804 -1 -2.028 -1 155
-1.916 -1 -1.486 -1 -1.836 -1 -2.038 -1 131
-1.937 -1 -1.516 -1 -1.808 -1 -2.062 -1 112
-1.935 -1 -1.488 -1 -1.77 -1 -1.936 -1 96
-1.853 -1 -1.434 -1 -1.556 -1 -1.718 -1 59
-1.637 -1 -1.262 -1 -1.498 -1 -1.618 -1 86
-1.558 -1 -1.24 -1 -1.668 -1 -1.89 -1 149
-1.779 -1 -1.384 -1 -1.57 -1 -1.702 -1 60
-1.636 -1 -1.278 -1 -1.302 -1 -1.45 -1 8
-1.376 -1 -1.14 -1 -1.342 -1 -1.456 -1 61
-1.399 -1 -1.162 -1 -1.38 -1 -1.558 -1 76
-1.469 -1 -1.176 -1 -1.384 -1 -1.492 -1 62
-1.438 -1 -1.17 -1 -1.456 -1 -1.606 -1 84
-1.531 -1 -1.216 -1 -1.436 -1 -1.596 -1 67
-1.516 -1 -1.212 -1 -1.56 -1 -1.664 -1 104
-1.612 -1 -1.24 -1 -1.82 -1 -1.99 -1 206
-1.905 -1 -1.404 -1 -1.71 -1 -1.894 -1 126
-1.802 -1 -1.426 -1 -1.63 -1 -1.83 -1 80
-1.73 -1 -1.378 -1 -1.928 -1 -2.112 -1 198
-2.02 -1 -1.492 -1 -1.872 -1 -2.06 -1 176
-1.966 -1 -1.506 -1 -1.52 -1 -1.668 -1 8
-1.594 -1 -1.286 -1 -1.488 -1 -1.594 -1 74
-1.541 -1 -1.218 -1 -1.864 -1 -2.064 -1 230
-1.964 -1 -1.494 -1 -1.738 -1 -1.948 -1 95
-1.843 -1 -1.416 -1 -1.672 -1 -1.894 -1 97
-1.783 -1 -1.402 -1 -1.948 -1 -2.06 -1 188
-2.004 -1 -1.558 -1 -2.036 -1 -2.21 -1 186
-2.123 -1 -1.604 -1 -1.908 -1 -2.13 -1 124
-2.019 -1 -1.572 -1 -1.718 -1 -1.916 -1 55
-1.817 -1 -1.45 -1 -2.032 -1 -2.216 -1 208
-2.124 -1 -1.644 -1 -1.898 -1 -2.076 -1 96
-1.987 -1 -1.524 -1 -1.702 -1 -1.878 -1 60
-1.79 -1 -1.404 -1 -1.694 -1 -1.912 -1 100
-1.803 -1 -1.388 -1 -1.936 -1 -2.146 -1 216
-2.041 -1 -1.568 -1 -2.09 -1 -2.296 -1 243
-2.193 -1 -1.662 -1 -2.07 -1 -2.298 -1 161
-2.184 -1 -1.694 -1 -1.944 -1 -2.156 -1 104
-2.05 -1 -1.592 -1 -2.066 -1 -2.316 -1 206
-2.191 -1 -1.702 -1 -1.878 -1 -2.098 -1 76
-1.988 -1 -1.54 -1 -1.748 -1 -2.006 -1 82
-1.877 -1 -1.464 -1 -1.782 -1 -1.974 -1 117
-1.878 -1 -1.482 -1 -1.98 -1 -2.178 -1 208
-2.079 -1 -1.61 -1 -1.664 -1 -1.824 -1 18
-1.744 -1 -1.358 -1 -1.614 -1 -1.832 -1 92
-1.723 -1 -1.37 -1 -1.68 -1 -1.89 -1 108
-1.785 -1 -1.404 -1 -2.068 -1 -2.292 -1 235
-2.18 -1 -1.656 -1 -2.198 -1 -2.364 -1 249
-2.281 -1 -1.808 -1 -2.122 -1 -2.326 -1 134
-2.224 -1 -1.756 -1 -1.836 -1 -2.072 -1 34
-1.954 -1 -1.548 -1 -2.03 -1 -2.284 -1 171
-2.157 -1 -1.626 -1 -1.818 -1 -2.078 -1 79
-1.948 -1 -1.488 -1 -1.682 -1 -1.898 -1 71
-1.79 -1 -1.404 -1 -1.602 -1 -1.788 -1 74
-1.695 -1 -1.332 -1 -1.862 -1 -2.092 -1 219
-1.977 -1 -1.52 -1 -1.956 -1 -2.188 -1 166
-2.072 -1 -1.59 -1 -1.908 -1 -2.138 -1 125
-2.023 -1 -1.58 -1 -1.978 -1 -2.194 -1 159
-2.086 -1 -1.608 -1 -1.87 -1 -2.106 -1 97
-1.988 -1 -1.578 -1 -2.034 -1 -2.31 -1 193
-2.172 -1 -1.726 -1 -1.772 -1 -1.938 -1 17
-1.855 -1 -1.438 -1 -1.77 -1 -1.924 -1 114
-1.847 -1 -1.42 -1 -1.49 -1 -1.714 -1 22
-1.602 -1 -1.294 -1 -1.692 -1 -1.9 -1 145
-1.796 -1 -1.368 -1 -1.978 -1 -2.148 -1 220
-2.063 -1 -1.556 -1 -1.874 -1 -2.048 -1 110
-1.961 -1 -1.514 -1 -1.988 -1 -2.162 -1 198
-2.075 -1 -1.576 -1 -2.012 -1 -2.286 -1 176
-2.149 -1 -1.626 -1 -2.01 -1 -2.248 -1 156
-2.129 -1 -1.662 -1 -2.096 -1 -2.298 -1 192
-2.197 -1 -1.684 -1 -1.796 -1 -1.972 -1 47
-1.884 -1 -1.456 -1 -1.79 -1 -2.096 -1 127
-1.943 -1 -1.516 -1 -1.796 -1 -1.986 -1 115
-1.891 -1 -1.486 -1 -2.07 -1 -2.306 -1 236
-2.188 -1 -1.64 -1 -2.112 -1 -2.368 -1 200
-2.24 -1 -1.68 -1 -1.962 -1 -2.13 -1 108
-2.046 -1 -1.592 -1 -2.084 -1 -2.28 -1 222
-2.182 -1 -1.686 -1 -2.226 -1 -2.498 -1 232
-2.362 -1 -1.852 -1 -2.18 -1 -2.446 -1 153
-2.313 -1 -1.818 -1 -2.344 -1 -2.514 -1 237
-2.429 -1 -1.958 -1 -2.374 -1 -2.586 -1 243
-2.48 -1 -1.998 -1 -1.998 -1 -2.26 -1 0
-2.129 -1 -1.73 -1 -1.778 -1 -2.05 -1 20
-1.914 -1 -1.52 -1 -2.14 -1 -2.384 -1 249
-2.262 -1 -1.778 -1 -1.894 -1 -2.172 -1 53
-2.033 -1 -1.616 -1 -1.816 -1 -2.028 -1 74
-1.922 -1 -1.55 -1 -1.734 -1 -1.998 -1 62
-1.866 -1 -1.47 -1 -1.822 -1 -2.018 -1 126
-1.92 -1 -1.492 -1 -1.968 -1 -2.224 -1 190
-2.096 -1 -1.608 -1 -2.072 -1 -2.292 -1 194
-2.182 -1 -1.7 -1 -2.238 -1 -2.482 -1 237
-2.36 -1 -1.858 -1 -2.358 -1 -2.534 -1 249
-2.446 -1 -1.992 -1 -2.23 -1 -2.486 -1 117
-2.358 -1 -1.854 -1 -1.862 -1 -2.1 -1 3
-1.981 -1 -1.62 -1 -2.168 -1 -2.428 -1 222
-2.298 -1 -1.754 -1 -2.2 -1 -2.48 -1 182
-2.34 -1 -1.852 -1 -2.224 -1 -2.498 -1 172
-2.361 -1 -1.86 -1 -2.288 -1 -2.472 -1 212
-2.38 -1 -1.912 -1 -2.096 -1 -2.278 -1 81
-2.187 -1 -1.746 -1 -2.206 -1 -2.434 -1 207
-2.32 -1 -1.85 -1 -2.266 -1 -2.462 -1 182
-2.364 -1 -1.862 -1 -2.24 -1 -2.454 -1 166
-2.347 -1 -1.856 -1 -1.874 -1 -2.16 -1 11
-2.017 -1 -1.638 -1 -1.824 -1 -2.07 -1 66
-1.947 -1 -1.544 -1 -1.576 -1 -1.798 -1 9
-1.687 -1 -1.34 -1 -1.592 -1 -1.804 -1 81
-1.698 -1 -1.358 -1 -1.626 -1 -1.838 -1 81
-1.732 -1 -1.332 -1 -1.694 -1 -1.892 -1 113
-1.793 -1 -1.388 -1 -1.974 -1 -2.176 -1 209
-2.075 -1 -1.55 -1 -2.004 -1 -2.198 -1 151
-2.101 -1 -1.624 -1 -2.062 -1 -2.256 -1 170
-2.159 -1 -1.606 -1 -1.988 -1 -2.192 -1 153
-2.09 -1 -1.582 -1 -1.786 -1 -1.988 -1 69
-1.887 -1 -1.446 -1 -1.63 -1 -1.856 -1 66
-1.743 -1 -1.348 -1 -1.632 -1 -1.846 -1 79
-1.739 -1 -1.338 -1 -2.006 -1 -2.256 -1 249
-2.131 -1 -1.618 -1 -2.02 -1 -2.22 -1 164
-2.12 -1 -1.614 -1 -1.742 -1 -1.922 -1 43
-1.832 -1 -1.41 -1 -1.478 -1 -1.708 -1 20
-1.593 -1 -1.24 -1 -1.47 -1 -1.636 -1 74
-1.553 -1 -1.22 -1 -1.61 -1 -1.782 -1 128
-1.696 -1 -1.302 -1 -1.636 -1 -1.836 -1 103
-1.736 -1 -1.298 -1 -1.726 -1 -1.938 -1 157
-1.832 -1 -1.404 -1 -1.616 -1 -1.844 -1 75
-1.73 -1 -1.336 -1 -2.038 -1 -2.236 -1 244
-2.137 -1 -1.558 -1 -1.562 -1 -1.76 -1 2
-1.661 -1 -1.35 -1 -1.61 -1 -1.786 -1 83
-1.698 -1 -1.306 -1 -1.478 -1 -1.618 -1 53
-1.548 -1 -1.226 -1 -1.314 -1 -1.418 -1 22
-1.366 -1 -1.126 -1 -1.14 -1 -1.23 -1 3
-1.185 -1 -1.04 -1 -1.076 -1 -1.156 -1 12
-1.116 -1 -1.042 -1 -1.226 -1 -1.332 -1 57
-1.279 -1 -1.09 -1 -1.214 -1 -1.298 -1 35
-1.256 -1 -1.076 -1 -1.222 -1 -1.366 -1 47
-1.294 -1 -1.114 -1 -1.484 -1 -1.61 -1 110
-1.547 -1 -1.268 -1 -1.36 -1 -1.462 -1 31
-1.411 -1 -1.138 -1 -1.138 -1 -1.198 -1 0
-1.168 -1 -1.036 -1 -1.46 -1 -1.568 -1 137
-1.514 -1 -1.176 -1 -1.352 -1 -1.456 -1 55
-1.404 -1 -1.126 -1 -1.876 -1 -2.066 -1 244
-1.971 -1 -1.454 -1 -1.796 -1 -1.9 -1 116
-1.848 -1 -1.422 -1 -1.97 -1 -2.144 -1 187
-2.057 -1 -1.546 -1 -1.706 -1 -1.906 -1 61
-1.806 -1 -1.364 -1 -1.948 -1 -2.184 -1 231
-2.066 -1 -1.544 -1 -1.866 -1 -2.036 -1 119
-1.951 -1 -1.496 -1 -1.676 -1 -1.864 -1 62
-1.77 -1 -1.38 -1 -1.554 -1 -1.728 -1 60
-1.641 -1 -1.278 -1 -1.526 -1 -1.758 -1 98
-1.642 -1 -1.302 -1 -1.33 -1 -1.444 -1 9
-1.387 -1 -1.1 -1 -1.55 -1 -1.688 -1 138
-1.619 -1 -1.268 -1 -1.772 -1 -1.928 -1 199
-1.85 -1 -1.428 -1 -1.97 -1 -2.17 -1 213
-2.07 -1 -1.614 -1 -1.938 -1 -2.148 -1 130
-2.043 -1 -1.598 -1 -1.872 -1 -2.044 -1 115
-1.958 -1 -1.53 -1 -1.968 -1 -2.16 -1 169
-2.064 -1 -1.602 -1 -2.136 -1 -2.316 -1 233
-2.226 -1 -1.706 -1 -1.888 -1 -2.118 -1 73
-2.003 -1 -1.578 -1 -2.162 -1 -2.392 -1 244
-2.277 -1 -1.75 -1 -2.012 -1 -2.244 -1 124
-2.128 -1 -1.67 -1 -2.09 -1 -2.406 -1 198
-2.248 -1 -1.76 -1 -1.822 -1 -2.058 -1 30
-1.94 -1 -1.566 -1 -1.688 -1 -1.932 -1 45
-1.81 -1 -1.432 -1 -1.534 -1 -1.71 -1 38
-1.622 -1 -1.318 -1 -1.778 -1 -1.98 -1 161
-1.879 -1 -1.486 -1 -2.038 -1 -2.234 -1 228
-2.136 -1 -1.622 -1 -2.138 -1 -2.386 -1 207
-2.262 -1 -1.73 -1 -2.264 -1 -2.468 -1 235
-2.366 -1 -1.812 -1 -2.306 -1 -2.554 -1 234
-2.43 -1 -1.882 -1 -2.174 -1 -2.466 -1 155
-2.32 -1 -1.826 -1 -1.91 -1 -2.168 -1 36
-2.039 -1 -1.67 -1 -2.098 -1 -2.286 -1 173
-2.192 -1 -1.636 -1 -1.906 -1 -2.112 -1 102
-2.009 -1 -1.544 -1 -2.09 -1 -2.264 -1 218
-2.177 -1 -1.676 -1 -1.8 -1 -2.08 -1 51
-1.94 -1 -1.508 -1 -1.57 -1 -1.78 -1 22
-1.675 -1 -1.358 -1 -1.646 -1 -1.848 -1 90
-1.747 -1 -1.374 -1 -1.94 -1 -2.184 -1 219
-2.062 -1 -1.628 -1 -2.004 -1 -2.252 -1 144
-2.128 -1 -1.624 -1 -1.788 -1 -2.05 -1 65
-1.919 -1 -1.44 -1 -1.452 -1 -1.69 -1 6
-1.571 -1 -1.262 -1 -1.96 -1 -2.17 -1 242
-2.065 -1 -1.53 -1 -1.724 -1 -1.948 -1 75
-1.836 -1 -1.422 -1 -1.62 -1 -1.816 -1 64
-1.718 -1 -1.334 -1 -1.478 -1 -1.728 -1 53
-1.603 -1 -1.274 -1 -1.9 -1 -2.082 -1 212
-1.991 -1 -1.476 -1 -1.996 -1 -2.232 -1 209
-2.114 -1 -1.62 -1 -2.07 -1 -2.268 -1 190
-2.169 -1 -1.646 -1 -2.122 -1 -2.376 -1 196
-2.249 -1 -1.764 -1 -1.816 -1 -1.994 -1 17
-1.905 -1 -1.462 -1 -1.924 -1 -2.154 -1 170
-2.039 -1 -1.572 -1 -1.76 -1 -1.944 -1 78
-1.852 -1 -1.458 -1 -1.972 -1 -2.214 -1 204
-2.093 -1 -1.606 -1 -2.156 -1 -2.374 -1 218
-2.265 -1 -1.766 -1 -2.08 -1 -2.336 -1 123
-2.208 -1 -1.744 -1 -1.824 -1 -2.036 -1 37
-1.93 -1 -1.532 -1 -2.1 -1 -2.312 -1 239
-2.206 -1 -1.738 -1 -1.826 -1 -2.152 -1 31
-1.989 -1 -1.576 -1 -1.582 -1 -1.802 -1 4
-1.692 -1 -1.37 -1 -1.652 -1 -1.84 -1 87
-1.746 -1 -1.384 -1 -2.038 -1 -2.248 -1 248
-2.143 -1 -1.664 -1 -2.066 -1 -2.208 -1 179
-2.137 -1 -1.642 -1 -2.11 -1 -2.326 -1 196
-2.218 -1 -1.714 -1 -2.104 -1 -2.304 -1 163
-2.204 -1 -1.688 -1 -2.054 -1 -2.332 -1 165
-2.193 -1 -1.682 -1 -1.844 -1 -2.132 -1 69
-1.988 -1 -1.524 -1 -1.664 -1 -1.858 -1 47
-1.761 -1 -1.37 -1 -1.45 -1 -1.642 -1 25
-1.546 -1 -1.226 -1 -1.394 -1 -1.534 -1 45
-1.464 -1 -1.178 -1 -1.37 -1 -1.524 -1 49
-1.447 -1 -1.188 -1 -1.662 -1 -1.814 -1 148
-1.738 -1 -1.324 -1 -1.674 -1 -1.868 -1 118
-1.771 -1 -1.378 -1 -1.774 -1 -1.938 -1 140
-1.856 -1 -1.412 -1 -1.736 -1 -1.914 -1 128
-1.825 -1 -1.416 -1 -1.574 -1 -1.748 -1 62
-1.661 -1 -1.276 -1 -1.872 -1 -2.09 -1 241
-1.981 -1 -1.5 -1 -1.872 -1 -2.064 -1 162
-1.968 -1 -1.544 -1 -2.096 -1 -2.312 -1 216
-2.204 -1 -1.686 -1 -2.182 -1 -2.348 -1 200
-2.265 -1 -1.716 -1 -2.244 -1 -2.5 -1 228
-2.372 -1 -1.862 -1 -2.032 -1 -2.25 -1 79
-2.141 -1 -1.714 -1 -1.914 -1 -2.156 -1 106
-2.035 -1 -1.652 -1 -2.1 -1 -2.336 -1 205
-2.218 -1 -1.716 -1 -2.218 -1 -2.382 -1 236
-2.3 -1 -1.788 -1 -2.118 -1 -2.294 -1 122
-2.206 -1 -1.778 -1 -1.968 -1 -2.258 -1 73
-2.113 -1 -1.684 -1 -1.864 -1 -2.106 -1 82
-1.985 -1 -1.572 -1 -1.694 -1 -1.9 -1 49
-1.797 -1 -1.404 -1 -1.416 -1 -1.574 -1 2
-1.495 -1 -1.204 -1 -1.588 -1 -1.772 -1 124
-1.68 -1 -1.3 -1 -1.628 -1 -1.808 -1 104
-1.718 -1 -1.33 -1 -1.362 -1 -1.502 -1 11
-1.432 -1 -1.166 -1 -1.814 -1 -1.988 -1 237
-1.901 -1 -1.456 -1 -1.654 -1 -1.806 -1 55
-1.73 -1 -1.33 -1 -1.388 -1 -1.554 -1 17
-1.471 -1 -1.178 -1 -1.628 -1 -1.8 -1 149
-1.714 -1 -1.294 -1 -1.828 -1 -2.008 -1 190
-1.918 -1 -1.48 -1 -1.48 -1 -1.66 -1 0
-1.57 -1 -1.24 -1 -1.842 -1 -2.042 -1 220
-1.942 -1 -1.492 -1 -1.614 -1 -1.832 -1 41
-1.723 -1 -1.342 -1 -1.652 -1 -1.814 -1 86
-1.733 -1 -1.314 -1 -1.78 -1 -1.99 -1 156
-1.885 -1 -1.434 -1 -1.502 -1 -1.672 -1 22
-1.587 -1 -1.252 -1 -1.632 -1 -1.818 -1 142
-1.725 -1 -1.322 -1 -1.356 -1 -1.506 -1 11
-1.431 -1 -1.174 -1 -1.658 -1 -1.862 -1 161
-1.76 -1 -1.346 -1 -1.84 -1 -2.042 -1 187
-1.941 -1 -1.496 -1 -1.55 -1 -1.744 -1 19
-1.647 -1 -1.264 -1 -1.546 -1 -1.69 -1 85
-1.618 -1 -1.242 -1 -1.802 -1 -2.084 -1 210
-1.943 -1 -1.476 -1 -1.496 -1 -1.682 -1 4
-1.589 -1 -1.236 -1 -1.812 -1 -2.032 -1 222
-1.922 -1 -1.464 -1 -1.732 -1 -1.932 -1 103
-1.832 -1 -1.392 -1 -1.968 -1 -2.184 -1 223
-2.076 -1 -1.558 -1 -2.01 -1 -2.222 -1 213
-2.116 -1 -1.606 -1 -2.016 -1 -2.216 -1 167
-2.116 -1 -1.67 -1 -1.9 -1 -2.104 -1 106
-2.002 -1 -1.566 -1 -2.094 -1 -2.336 -1 211
-2.215 -1 -1.766 -1 -2.142 -1 -2.362 -1 170
-2.252 -1 -1.758 -1 -1.918 -1 -2.116 -1 70
-2.017 -1 -1.616 -1 -2.16 -1 -2.414 -1 222
-2.287 -1 -1.772 -1 -2.144 -1 -2.416 -1 155
-2.28 -1 -1.808 -1 -1.972 -1 -2.198 -1 76
-2.085 -1 -1.606 -1 -1.676 -1 -1.91 -1 28
-1.793 -1 -1.444 -1 -1.908 -1 -2.178 -1 178
-2.043 -1 -1.558 -1 -1.826 -1 -2.074 -1 94
-1.95 -1 -1.52 -1 -1.86 -1 -2.108 -1 118
-1.984 -1 -1.506 -1 -1.618 -1 -1.816 -1 41
-1.717 -1 -1.384 -1 -1.93 -1 -2.186 -1 223
-2.058 -1 -1.582 -1 -1.932 -1 -2.172 -1 149
-2.052 -1 -1.59 -1 -1.718 -1 -1.948 -1 48
-1.833 -1 -1.444 -1 -1.966 -1 -2.146 -1 190
-2.056 -1 -1.6 -1 -2.182 -1 -2.372 -1 237
-2.277 -1 -1.74 -1 -1.844 -1 -2.076 -1 41
-1.96 -1 -1.462 -1 -1.5 -1 -1.682 -1 18
-1.591 -1 -1.288 -1 -1.628 -1 -1.82 -1 99
-1.724 -1 -1.35 -1 -1.35 -1 -1.486 -1 0
-1.418 -1 -1.148 -1 -1.63 -1 -1.77 -1 157
-1.7 -1 -1.32 -1 -1.52 -1 -1.71 -1 58
-1.615 -1 -1.256 -1 -1.778 -1 -2.034 -1 174
-1.906 -1 -1.408 -1 -1.706 -1 -1.936 -1 113
-1.821 -1 -1.376 -1 -1.638 -1 -1.872 -1 94
-1.755 -1 -1.348 -1 -1.896 -1 -2.108 -1 207
-2.002 -1 -1.558 -1 -2.098 -1 -2.302 -1 217
-2.2 -1 -1.71 -1 -1.962 -1 -2.198 -1 116
-2.08 -1 -1.602 -1 -2.182 -1 -2.396 -1 236
-2.289 -1 -1.744 -1 -2.26 -1 -2.472 -1 223
-2.366 -1 -1.824 -1 -2.158 -1 -2.356 -1 136
-2.257 -1 -1.726 -1 -1.864 -1 -2.106 -1 56
-1.985 -1 -1.572 -1 -1.89 -1 -2.144 -1 124
-2.017 -1 -1.524 -1 -1.528 -1 -1.78 -1 3
-1.654 -1 -1.322 -1 -1.676 -1 -1.89 -1 112
-1.783 -1 -1.39 -1 -1.602 -1 -1.816 -1 81
-1.709 -1 -1.318 -1 -1.752 -1 -1.916 -1 172
-1.834 -1 -1.424 -1 -1.454 -1 -1.664 -1 11
-1.559 -1 -1.26 -1 -1.278 -1 -1.44 -1 4
-1.359 -1 -1.13 -1 -1.346 -1 -1.538 -1 61
-1.442 -1 -1.182 -1 -1.574 -1 -1.722 -1 118
-1.648 -1 -1.282 -1 -1.72 -1 -1.876 -1 156
-1.798 -1 -1.364 -1 -1.662 -1 -1.828 -1 113
-1.745 -1 -1.34 -1 -1.464 -1 -1.622 -1 52
-1.543 -1 -1.242 -1 -1.422 -1 -1.564 -1 55
-1.493 -1 -1.194 -1 -1.278 -1 -1.404 -1 22
-1.341 -1 -1.132 -1 -1.656 -1 -1.822 -1 164
-1.739 -1 -1.348 -1 -1.954 -1 -2.16 -1 195
-2.057 -1 -1.524 -1 -1.636 -1 -1.808 -1 34
-1.722 -1 -1.33 -1 -1.884 -1 -2.072 -1 194
-1.978 -1 -1.538 -1 -2.134 -1 -2.29 -1 230
-2.212 -1 -1.708 -1 -2.034 -1 -2.266 -1 133
-2.15 -1 -1.66 -1 -1.708 -1 -1.876 -1 20
-1.792 -1 -1.422 -1 -1.66 -1 -1.856 -1 92
-1.758 -1 -1.368 -1 -1.716 -1 -1.874 -1 128
-1.795 -1 -1.384 -1 -1.636 -1 -1.798 -1 84
-1.717 -1 -1.35 -1 -2.022 -1 -2.254 -1 238
-2.138 -1 -1.62 -1 -2.182 -1 -2.4 -1 236
-2.291 -1 -1.81 -1 -2.076 -1 -2.274 -1 120
-2.175 -1 -1.744 -1 -2.102 -1 -2.352 -1 150
-2.227 -1 -1.734 -1 -2.126 -1 -2.37 -1 179
-2.248 -1 -1.794 -1 -2.226 -1 -2.458 -1 179
-2.342 -1 -1.834 -1 -1.84 -1 -2.012 -1 3
-1.926 -1 -1.53 -1 -1.672 -1 -1.89 -1 55
-1.781 -1 -1.412 -1 -1.542 -1 -1.716 -1 41
-1.629 -1 -1.278 -1 -1.772 -1 -1.962 -1 199
-1.867 -1 -1.43 -1 -1.966 -1 -2.134 -1 215
-2.05 -1 -1.544 -1 -1.948 -1 -2.202 -1 172
-2.075 -1 -1.6 -1 -2.068 -1 -2.27 -1 217
-2.169 -1 -1.686 -1 -2 -1 -2.25 -1 136
-2.125 -1 -1.698 -1 -2.242 -1 -2.436 -1 237
-2.339 -1 -1.762 -1 -2.062 -1 -2.3 -1 132
-2.181 -1 -1.68 -1 -2.048 -1 -2.266 -1 139
-2.157 -1 -1.668 -1 -2.026 -1 -2.234 -1 143
-2.13 -1 -1.64 -1 -1.668 -1 -1.888 -1 12
-1.778 -1 -1.432 -1 -1.776 -1 -1.986 -1 138
-1.881 -1 -1.476 -1 -2.002 -1 -2.234 -1 202
-2.118 -1 -1.564 -1 -1.602 -1 -1.784 -1 12
-1.693 -1 -1.39 -1 -1.622 -1 -1.808 -1 83
-1.715 -1 -1.348 -1 -1.892 -1 -2.072 -1 194
-1.982 -1 -1.522 -1 -1.99 -1 -2.196 -1 184
-2.093 -1 -1.614 -1 -2.16 -1 -2.412 -1 216
-2.286 -1 -1.802 -1 -1.906 -1 -2.142 -1 39
-2.024 -1 -1.572 -1 -2.132 -1 -2.35 -1 231
-2.241 -1 -1.744 -1 -1.75 -1 -1.96 -1 3
-1.855 -1 -1.472 -1 -2.04 -1 -2.266 -1 229
-2.153 -1 -1.68 -1 -2.066 -1 -2.32 -1 161
-2.193 -1 -1.702 -1 -2.026 -1 -2.286 -1 132
-2.156 -1 -1.628 -1 -1.762 -1 -1.952 -1 54
-1.857 -1 -1.454 -1 -2.076 -1 -2.328 -1 243
-2.202 -1 -1.708 -1 -1.926 -1 -2.144 -1 77
-2.035 -1 -1.596 -1 -1.902 -1 -2.116 -1 122
-2.009 -1 -1.532 -1 -2.03 -1 -2.256 -1 184
-2.143 -1 -1.656 -1 -1.85 -1 -2.034 -1 90
-1.942 -1 -1.51 -1 -1.794 -1 -1.984 -1 118
-1.889 -1 -1.468 -1 -1.566 -1 -1.76 -1 30
-1.663 -1 -1.4 -1 -1.608 -1 -1.778 -1 72
-1.693 -1 -1.382 -1 -1.42 -1 -1.566 -1 10
-1.493 -1 -1.208 -1 -1.386 -1 -1.574 -1 52
-1.48 -1 -1.196 -1 -1.492 -1 -1.644 -1 101
-1.568 -1 -1.234 -1 -1.602 -1 -1.758 -1 136
-1.68 -1 -1.298 -1 -1.878 -1 -2.054 -1 198
-1.966 -1 -1.454 -1 -1.856 -1 -2.102 -1 168
-1.979 -1 -1.532 -1 -1.826 -1 -2.08 -1 133
-1.953 -1 -1.482 -1 -1.748 -1 -1.94 -1 97
-1.844 -1 -1.438 -1 -1.814 -1 -1.982 -1 148
-1.898 -1 -1.422 -1 -1.486 -1 -1.59 -1 24
-1.538 -1 -1.222 -1 -1.598 -1 -1.8 -1 120
-1.699 -1 -1.326 -1 -1.734 -1 -1.92 -1 136
-1.827 -1 -1.348 -1 -1.736 -1 -1.912 -1 143
-1.824 -1 -1.398 -1 -1.822 -1 -2.052 -1 158
-1.937 -1 -1.514 -1 -1.516 -1 -1.744 -1 2
-1.63 -1 -1.286 -1 -1.882 -1 -2.116 -1 225
-1.999 -1 -1.472 -1 -1.504 -1 -1.664 -1 12
-1.584 -1 -1.286 -1 -1.73 -1 -1.886 -1 155
-1.808 -1 -1.412 -1 -1.956 -1 -2.162 -1 208
-2.059 -1 -1.552 -1 -1.834 -1 -2.082 -1 107
-1.958 -1 -1.49 -1 -1.822 -1 -2.04 -1 118
-1.931 -1 -1.506 -1 -1.71 -1 -1.862 -1 71
-1.786 -1 -1.414 -1 -1.766 -1 -2.002 -1 133
-1.884 -1 -1.42 -1 -2.036 -1 -2.248 -1 225
-2.142 -1 -1.628 -1 -1.948 -1 -2.164 -1 123
-2.056 -1 -1.574 -1 -1.948 -1 -2.176 -1 163
-2.062 -1 -1.608 -1 -1.746 -1 -2.02 -1 48
-1.883 -1 -1.434 -1 -1.872 -1 -2.082 -1 176
-1.977 -1 -1.536 -1 -2.102 -1 -2.354 -1 241
-2.228 -1 -1.724 -1 -1.802 -1 -2.03 -1 24
-1.916 -1 -1.518 -1 -2.164 -1 -2.324 -1 249
-2.244 -1 -1.748 -1 -1.984 -1 -2.23 -1 80
-2.107 -1 -1.598 -1 -2.082 -1 -2.29 -1 219
-2.186 -1 -1.672 -1 -2.154 -1 -2.372 -1 213
-2.263 -1 -1.806 -1 -2.16 -1 -2.368 -1 155
-2.264 -1 -1.758 -1 -2.112 -1 -2.38 -1 175
-2.246 -1 -1.772 -1 -1.916 -1 -2.11 -1 52
-2.013 -1 -1.566 -1 -2.144 -1 -2.394 -1 233
-2.269 -1 -1.732 -1 -2.144 -1 -2.37 -1 176
-2.257 -1 -1.788 -1 -2.312 -1 -2.52 -1 235
-2.416 -1 -1.9 -1 -2.406 -1 -2.678 -1 244
-2.542 -1 -1.998 -1 -2.438 -1 -2.712 -1 236
-2.575 -1 -2.044 -1 -2.292 -1 -2.548 -1 150
-2.42 -1 -1.96 -1 -2.042 -1 -2.256 -1 31
-2.149 -1 -1.728 -1 -2.286 -1 -2.554 -1 238
-2.42 -1 -1.964 -1 -2.378 -1 -2.668 -1 214
-2.523 -1 -2.018 -1 -2.066 -1 -2.29 -1 19
-2.178 -1 -1.694 -1 -1.994 -1 -2.24 -1 122
-2.117 -1 -1.67 -1 -2.016 -1 -2.306 -1 132
-2.161 -1 -1.71 -1 -2.062 -1 -2.24 -1 139
-2.151 -1 -1.626 -1 -1.626 -1 -1.834 -1 2
-1.73 -1 -1.388 -1 -1.842 -1 -2.066 -1 168
-1.954 -1 -1.514 -1 -2.044 -1 -2.234 -1 200
-2.139 -1 -1.656 -1 -1.848 -1 -2.038 -1 71
-1.943 -1 -1.498 -1 -1.86 -1 -2.102 -1 141
-1.981 -1 -1.526 -1 -1.56 -1 -1.712 -1 16
-1.636 -1 -1.294 -1 -1.466 -1 -1.722 -1 56
-1.594 -1 -1.274 -1 -1.332 -1 -1.516 -1 18
-1.424 -1 -1.17 -1 -1.836 -1 -2.078 -1 229
-1.957 -1 -1.452 -1 -1.926 -1 -2.136 -1 167
-2.031 -1 -1.506 -1 -1.994 -1 -2.204 -1 186
-2.099 -1 -1.594 -1 -1.78 -1 -1.99 -1 89
-1.885 -1 -1.394 -1 -1.754 -1 -2.032 -1 131
-1.893 -1 -1.478 -1 -1.794 -1 -1.958 -1 109
-1.876 -1 -1.44 -1 -1.698 -1 -1.882 -1 97
-1.79 -1 -1.394 -1 -1.588 -1 -1.75 -1 60
-1.669 -1 -1.302 -1 -1.398 -1 -1.57 -1 34
-1.484 -1 -1.2 -1 -1.486 -1 -1.652 -1 96
-1.569 -1 -1.24 -1 -1.508 -1 -1.71 -1 88
-1.609 -1 -1.25 -1 -1.786 -1 -1.972 -1 183
-1.879 -1 -1.436 -1 -1.742 -1 -1.9 -1 106
-1.821 -1 -1.386 -1 -1.818 -1 -1.978 -1 149
-1.898 -1 -1.434 -1 -2.094 -1 -2.33 -1 242
-2.212 -1 -1.658 -1 -2.23 -1 -2.458 -1 233
-2.344 -1 -1.802 -1 -1.946 -1 -2.172 -1 63
-2.059 -1 -1.632 -1 -1.784 -1 -1.99 -1 66
-1.887 -1 -1.426 -1 -2.002 -1 -2.216 -1 217
-2.109 -1 -1.648 -1 -1.996 -1 -2.222 -1 131
-2.109 -1 -1.628 -1 -2.168 -1 -2.364 -1 233
-2.266 -1 -1.758 -1 -1.95 -1 -2.176 -1 76
-2.063 -1 -1.604 -1 -2.016 -1 -2.26 -1 180
-2.138 -1 -1.634 -1 -1.726 -1 -1.966 -1 39
-1.846 -1 -1.434 -1 -1.456 -1 -1.668 -1 8
-1.562 -1 -1.324 -1 -1.84 -1 -2.064 -1 183
-1.952 -1 -1.412 -1 -1.99 -1 -2.242 -1 219
-2.116 -1 -1.626 -1 -1.634 -1 -1.856 -1 10
-1.745 -1 -1.356 -1 -1.72 -1 -1.88 -1 120
-1.8 -1 -1.354 -1 -1.706 -1 -1.92 -1 138
-1.813 -1 -1.38 -1 -1.588 -1 -1.748 -1 63
-1.668 -1 -1.316 -1 -1.418 -1 -1.59 -1 33
-1.504 -1 -1.196 -1 -1.232 -1 -1.346 -1 7
-1.289 -1 -1.092 -1 -1.812 -1 -2.008 -1 216
-1.91 -1 -1.466 -1 -1.892 -1 -2.11 -1 163
-2.001 -1 -1.488 -1 -1.852 -1 -2.026 -1 123
-1.939 -1 -1.47 -1 -2.006 -1 -2.186 -1 188
-2.096 -1 -1.606 -1 -2.02 -1 -2.288 -1 193
-2.154 -1 -1.656 -1 -2.106 -1 -2.342 -1 214
-2.224 -1 -1.746 -1 -1.918 -1 -2.128 -1 62
-2.023 -1 -1.626 -1 -1.942 -1 -2.158 -1 115
-2.05 -1 -1.562 -1 -1.788 -1 -1.976 -1 76
-1.882 -1 -1.496 -1 -1.892 -1 -2.12 -1 155
-2.006 -1 -1.548 -1 -1.684 -1 -1.888 -1 54
-1.786 -1 -1.366 -1 -1.602 -1 -1.808 -1 84
-1.705 -1 -1.306 -1 -1.856 -1 -2.056 -1 195
-1.956 -1 -1.45 -1 -1.588 -1 -1.782 -1 48
-1.685 -1 -1.332 -1 -1.69 -1 -1.888 -1 108
-1.789 -1 -1.372 -1 -1.806 -1 -1.992 -1 161
-1.899 -1 -1.4 -1 -1.892 -1 -2.114 -1 170
-2.003 -1 -1.544 -1 -1.584 -1 -1.726 -1 12
-1.655 -1 -1.29 -1 -1.604 -1 -1.788 -1 100
-1.696 -1 -1.312 -1 -1.664 -1 -1.83 -1 116
-1.747 -1 -1.29 -1 -1.792 -1 -2.02 -1 181
-1.906 -1 -1.478 -1 -2.086 -1 -2.296 -1 223
-2.191 -1 -1.63 -1 -1.666 -1 -1.886 -1 18
-1.776 -1 -1.384 -1 -1.86 -1 -2.028 -1 156
-1.944 -1 -1.482 -1 -2.068 -1 -2.308 -1 244
-2.188 -1 -1.644 -1 -1.692 -1 -1.904 -1 18
-1.798 -1 -1.384 -1 -1.932 -1 -2.128 -1 192
-2.03 -1 -1.552 -1 -1.87 -1 -2.078 -1 117
-1.974 -1 -1.498 -1 -1.516 -1 -1.7 -1 8
-1.608 -1 -1.294 -1 -1.584 -1 -1.822 -1 101
-1.703 -1 -1.308 -1 -1.618 -1 -1.824 -1 119
-1.721 -1 -1.314 -1 -1.44 -1 -1.59 -1 46
-1.515 -1 -1.206 -1 -1.25 -1 -1.374 -1 16
-1.312 -1 -1.118 -1 -1.86 -1 -2.044 -1 247
-1.952 -1 -1.496 -1 -2.178 -1 -2.352 -1 233
-2.265 -1 -1.704 -1 -1.846 -1 -2.092 -1 49
-1.969 -1 -1.54 -1 -1.944 -1 -2.18 -1 154
-2.062 -1 -1.588 -1 -2.198 -1 -2.408 -1 237
-2.303 -1 -1.732 -1 -2.178 -1 -2.396 -1 170
-2.287 -1 -1.786 -1 -2.106 -1 -2.328 -1 157
-2.217 -1 -1.712 -1 -2.21 -1 -2.45 -1 228
-2.33 -1 -1.818 -1 -2.226 -1 -2.462 -1 186
-2.344 -1 -1.83 -1 -1.954 -1 -2.166 -1 55
-2.06 -1 -1.614 -1 -1.848 -1 -2.122 -1 91
-1.985 -1 -1.57 -1 -1.756 -1 -1.994 -1 64
-1.875 -1 -1.492 -1 -2.002 -1 -2.198 -1 205
-2.1 -1 -1.568 -1 -1.956 -1 -2.188 -1 153
-2.072 -1 -1.606 -1 -1.666 -1 -1.884 -1 19
-1.775 -1 -1.404 -1 -1.576 -1 -1.778 0 75
