9 1000 0.2 7 43 0 0 0 0
-3.637 -1 -3.172 -1 -3.172 -1 -3.326 -1 4
-3.249 -1 -2.84 -1 -2.908 -1 -3.218 -2 75
-3.063 -1 -2.684 -1 -2.77 -1 -3.164 -1 73
-2.967 -1 -2.598 -1 -2.652 -1 -3.068 -1 53
-2.86 -1 -2.478 -1 -2.496 -1 -3.022 -1 34
-2.759 -1 -2.402 -1 -2.554 -1 -2.992 -1 93
-2.773 -1 -2.408 -1 -2.458 -1 -3.002 -1 44
-2.73 -1 -2.38 -1 -2.518 -1 -2.992 -1 68
-2.755 -1 -2.382 -1 -2.458 -1 -2.968 -1 70
-2.713 -1 -2.338 -1 -2.364 -1 -2.902 -1 21
-2.633 -1 -2.268 -1 -2.29 -1 -2.904 -1 13
-2.597 -1 -2.242 -1 -2.27 -1 -2.728 -1 11
-2.499 -1 -2.182 -1 -2.206 -1 -2.794 -1 13
-2.5 -1 -2.172 -1 -2.222 -1 -2.788 -1 24
-2.505 -1 -2.17 -1 -2.206 -1 -2.728 -1 24
-2.467 -1 -2.148 -1 -2.232 -1 -2.78 -1 40
-2.506 -1 -2.156 -1 -2.216 -1 -2.752 -1 37
-2.484 -1 -2.134 -1 -2.216 -1 -2.674 -1 48
-2.445 -1 -2.106 -1 -2.302 -1 -2.78 -1 84
-2.541 -1 -2.174 -1 -2.232 -1 -2.658 -1 47
-2.445 -1 -2.1 -1 -2.256 -1 -2.78 -1 90
-2.518 -1 -2.146 -1 -2.19 -1 -2.702 -1 28
-2.446 -1 -2.112 -1 -2.218 -1 -2.69 -1 75
-2.454 -1 -2.072 -1 -2.184 -1 -2.672 -1 60
-2.428 -1 -2.056 -1 -2.144 -1 -2.66 -1 41
-2.402 -1 -2.024 -1 -2.104 -1 -2.628 -1 41
-2.366 -1 -2 -1 -2.12 -1 -2.674 -1 71
-2.397 -1 -2.006 -1 -2.074 -1 -2.526 -1 36
-2.3 -1 -1.958 -1 -2.036 -1 -2.628 -1 49
-2.332 -1 -1.964 -1 -2.03 -1 -2.582 -1 30
-2.306 -1 -1.96 -1 -1.99 -1 -2.442 -1 13
-2.216 -1 -1.856 -1 -1.962 -1 -2.4 -1 57
-2.181 -1 -1.788 -1 -1.972 -1 -2.458 -1 86
-2.215 -1 -1.786 -1 -1.962 -1 -2.438 -1 90
-2.2 -1 -1.81 -1 -2.028 -1 -2.412 -1 97
-2.22 -1 -1.804 -1 -1.992 -1 -2.418 -1 76
-2.205 -1 -1.788 -1 -1.892 -1 -2.264 -1 48
-2.078 -1 -1.692 -1 -1.694 -1 -2.096 -1 1
-1.895 -1 -1.586 -1 -1.718 -1 -2.122 -1 60
-1.92 -1 -1.514 -1 -1.734 -1 -2.122 -1 98
-1.928 -1 -1.53 -1 -1.666 -1 -1.966 -1 53
-1.816 -1 -1.434 -1 -1.616 -1 -1.938 -1 72
-1.777 -1 -1.384 -1 -1.432 -1 -1.748 0 15
