10 1000 0.4 3 311 0 0 0 0
-3.777 -2 -3.472 -2 -3.512 -1 -3.67 -1 85
-3.591 -1 -3.236 -1 -3.34 -1 -3.516 -1 178
-3.428 -1 -3.146 -1 -3.184 -1 -3.434 -2 48
-3.309 -1 -3.05 -1 -3.098 -1 -3.486 -2 72
-3.292 -1 -3.01 -1 -3.018 -1 -3.266 -1 13
-3.142 -1 -2.884 -1 -2.972 -1 -3.37 -2 83
-3.171 -1 -2.906 -1 -3.068 -1 -3.378 -2 173
-3.223 -1 -2.942 -1 -3.092 -1 -3.278 -1 180
-3.185 -1 -2.928 -1 -2.984 -1 -3.38 -1 56
-3.182 -1 -2.884 -1 -3.066 -1 -3.408 -1 173
-3.237 -1 -2.962 -1 -3 -1 -3.296 -1 38
-3.148 -1 -2.882 -1 -3.06 -1 -3.41 -2 178
-3.235 -1 -2.944 -1 -2.982 -1 -3.37 -2 39
-3.176 -1 -2.908 -2 -2.99 -2 -3.276 -1 68
-3.133 -1 -2.842 -2 -2.888 -2 -3.24 -1 45
-3.064 -1 -2.792 -1 -3 -1 -3.256 -2 179
-3.128 -1 -2.806 -1 -2.914 -1 -3.28 -1 104
-3.097 -1 -2.826 -1 -3.026 -1 -3.332 -1 147
-3.179 -1 -2.852 -1 -2.866 -1 -3.25 -1 42
-3.058 -1 -2.758 -1 -2.85 -1 -3.28 -1 87
-3.065 -1 -2.768 -1 -2.904 -1 -3.226 -1 112
-3.065 -1 -2.76 -1 -2.764 -1 -3.068 -1 5
-2.916 -1 -2.65 -1 -2.796 -1 -3.226 -1 170
-3.011 -1 -2.71 -1 -2.852 -1 -3.226 -1 124
-3.039 -1 -2.708 -1 -2.808 -1 -3.17 -1 73
-2.989 -1 -2.702 -1 -2.766 -1 -3.116 -1 53
-2.941 -1 -2.68 -1 -2.796 -1 -3.148 -1 89
-2.972 -1 -2.682 -1 -2.844 -1 -3.182 -1 124
-3.013 -1 -2.704 -1 -2.81 -1 -3.144 -1 96
-2.977 -1 -2.662 -1 -2.746 -1 -3.206 -1 45
-2.976 -1 -2.72 -1 -2.752 -1 -3.118 -1 40
-2.935 -1 -2.664 -1 -2.85 -1 -3.198 -1 174
-3.024 -1 -2.736 -1 -2.918 -1 -3.234 -1 170
-3.076 -1 -2.736 -1 -2.876 -1 -3.224 -1 128
-3.05 -1 -2.742 -1 -2.772 -1 -3.134 -1 40
-2.953 -1 -2.662 -1 -2.684 -1 -3.112 -1 26
-2.898 -1 -2.612 -1 -2.67 -1 -3.072 -1 53
-2.871 -1 -2.576 -1 -2.602 -1 -3.05 -1 27
-2.826 -1 -2.544 -1 -2.586 -1 -3.034 -1 19
-2.81 -1 -2.524 -1 -2.778 -1 -3.146 -1 185
-2.962 -1 -2.596 -1 -2.634 -1 -3.012 -1 26
-2.823 -1 -2.514 -1 -2.634 -1 -3.052 -1 66
-2.843 -1 -2.542 -1 -2.748 -1 -3.128 -1 149
-2.938 -1 -2.61 -1 -2.758 -1 -3.14 -1 170
-2.949 -1 -2.65 -1 -2.658 -1 -3.072 -1 11
-2.865 -1 -2.62 -1 -2.688 -1 -3.048 -1 47
-2.868 -1 -2.598 -1 -2.734 -1 -3.094 -1 121
-2.914 -1 -2.612 -1 -2.628 -1 -3.04 -1 28
-2.834 -1 -2.578 -1 -2.666 -1 -3.038 -1 64
-2.852 -1 -2.55 -1 -2.574 -1 -3.06 -1 29
-2.817 -1 -2.534 -1 -2.548 -1 -2.918 -1 6
-2.733 -1 -2.478 -1 -2.504 -1 -3.032 -1 17
-2.768 -1 -2.506 -1 -2.572 -1 -2.956 -1 41
-2.764 -1 -2.51 -1 -2.67 -1 -3.054 -1 105
-2.862 -1 -2.582 -1 -2.608 -1 -3.032 -1 27
-2.82 -1 -2.532 -1 -2.756 -1 -3.148 -1 181
-2.952 -1 -2.604 -1 -2.694 -1 -3.056 -1 57
-2.875 -1 -2.554 -1 -2.688 -1 -3.076 -1 95
-2.882 -1 -2.566 -1 -2.636 -1 -3.022 -1 43
-2.829 -1 -2.506 -1 -2.718 -1 -3.078 -1 136
-2.898 -1 -2.624 -1 -2.706 -1 -3.074 -1 56
-2.89 -1 -2.622 -1 -2.652 -1 -3.018 -1 33
-2.835 -1 -2.632 -1 -2.722 -1 -3.022 -1 68
-2.872 -1 -2.568 -1 -2.734 -1 -3.078 -1 133
-2.906 -1 -2.622 -1 -2.674 -1 -3.052 -1 69
-2.863 -1 -2.552 -1 -2.736 -1 -3.19 -1 170
-2.963 -1 -2.632 -1 -2.872 -1 -3.152 -1 177
-3.012 -1 -2.74 -1 -2.97 -1 -3.23 -1 197
-3.1 -1 -2.812 -1 -2.88 -1 -3.204 -1 54
-3.042 -1 -2.688 -1 -2.904 -1 -3.26 -1 170
-3.082 -1 -2.778 -1 -2.868 -1 -3.138 -1 74
-3.003 -1 -2.752 -1 -2.808 -1 -3.148 -1 48
-2.978 -1 -2.698 -1 -2.726 -1 -3.046 -1 29
-2.886 -1 -2.628 -1 -2.812 -1 -3.138 -1 133
-2.975 -1 -2.678 -1 -2.878 -1 -3.104 -1 198
-2.991 -1 -2.662 -1 -2.738 -1 -3.106 -1 78
-2.922 -1 -2.614 -1 -2.77 -1 -3.11 -1 143
-2.94 -1 -2.656 -1 -2.688 -1 -3.034 -1 33
-2.861 -1 -2.598 -1 -2.814 -1 -3.128 -2 167
-2.971 -1 -2.71 -1 -2.816 -1 -3.164 -1 70
-2.99 -1 -2.69 -1 -2.788 -1 -3.144 -1 80
-2.966 -1 -2.688 -1 -2.904 -1 -3.186 -1 198
-3.045 -1 -2.678 -1 -2.774 -1 -3.046 -1 71
-2.91 -1 -2.648 -1 -2.878 -1 -3.156 -1 133
-3.017 -1 -2.698 -1 -2.708 -1 -3.104 -1 13
-2.906 -1 -2.636 -1 -2.796 -1 -3.134 -1 91
-2.965 -1 -2.666 -1 -2.662 -1 -3.052 -1 2
-2.857 -1 -2.57 -1 -2.718 -1 -3.162 -1 111
-2.94 -1 -2.664 -1 -2.884 -1 -3.27 -1 196
-3.077 -1 -2.742 -1 -2.742 -1 -3.052 -1 2
-2.897 -1 -2.594 -1 -2.768 -1 -3.108 -1 161
-2.938 -1 -2.628 -1 -2.702 -1 -3.106 -1 55
-2.904 -1 -2.604 -1 -2.622 -1 -3.004 -1 9
-2.813 -1 -2.534 -1 -2.644 -1 -3.072 -1 85
-2.858 -1 -2.586 -1 -2.586 -1 -3.018 -1 0
-2.802 -1 -2.528 -1 -2.67 -1 -3.072 -1 116
-2.871 -1 -2.584 -1 -2.814 -1 -3.162 -1 171
-2.988 -1 -2.654 -1 -2.806 -1 -3.132 -1 154
-2.969 -1 -2.686 -1 -2.722 -1 -3.104 -1 27
-2.913 -1 -2.578 -1 -2.818 -1 -3.12 -1 190
-2.969 -1 -2.676 -1 -2.728 -1 -3.11 -1 45
-2.919 -1 -2.638 -1 -2.844 -1 -3.176 -1 184
-3.01 -1 -2.718 -1 -2.89 -1 -3.174 -1 158
-3.032 -1 -2.76 -1 -2.998 -1 -3.252 -1 171
-3.125 -1 -2.778 -1 -2.998 -1 -3.278 -1 184
-3.138 -1 -2.81 -1 -2.99 -1 -3.214 -1 151
-3.102 -1 -2.814 -1 -3.022 -1 -3.242 -1 183
-3.132 -1 -2.864 -1 -2.998 -1 -3.29 -2 108
-3.144 -1 -2.854 -1 -2.908 -1 -3.178 -1 46
-3.043 -1 -2.79 -1 -2.996 -1 -3.25 -1 196
-3.123 -1 -2.83 -1 -2.982 -1 -3.232 -1 121
-3.107 -1 -2.82 -1 -2.964 -1 -3.24 -1 151
-3.102 -1 -2.798 -1 -2.964 -1 -3.274 -1 185
-3.119 -1 -2.796 -1 -2.812 -1 -3.158 -1 21
-2.985 -1 -2.66 -1 -2.676 -1 -3.112 -1 22
-2.894 -1 -2.65 -1 -2.802 -1 -3.094 -1 127
-2.948 -1 -2.652 -1 -2.802 -1 -3.128 -1 103
-2.965 -1 -2.668 -1 -2.726 -1 -3.13 -1 54
-2.928 -1 -2.658 -1 -2.668 -1 -3.016 -1 3
-2.842 -1 -2.55 -1 -2.78 -1 -3.128 -1 172
-2.954 -1 -2.688 -1 -2.802 -1 -3.168 -1 117
-2.985 -1 -2.69 -1 -2.764 -1 -3.092 -1 63
-2.928 -1 -2.69 -1 -2.89 -1 -3.206 -1 166
-3.048 -1 -2.746 -1 -2.762 -1 -3.108 -1 14
-2.935 -1 -2.68 -1 -2.852 -1 -3.192 -1 147
-3.022 -1 -2.738 -1 -2.886 -1 -3.146 -1 147
-3.016 -1 -2.732 -1 -2.856 -1 -3.138 -1 108
-2.997 -1 -2.716 -1 -2.788 -1 -3.1 -1 72
-2.944 -1 -2.628 -1 -2.914 -1 -3.234 -1 193
-3.074 -1 -2.764 -1 -2.76 -1 -3.126 -1 10
-2.943 -1 -2.604 -1 -2.63 -1 -3.01 -1 30
-2.82 -1 -2.542 -1 -2.618 -1 -3.11 -1 54
-2.864 -1 -2.604 -1 -2.878 -1 -3.178 -1 189
-3.028 -1 -2.746 -1 -2.778 -1 -3.088 -1 25
-2.933 -1 -2.65 -1 -2.776 -1 -3.022 -1 91
-2.899 -1 -2.602 -1 -2.604 -1 -2.996 -1 1
-2.8 -1 -2.528 -1 -2.638 -1 -2.994 -1 91
-2.816 -1 -2.506 -1 -2.56 -1 -3.044 -1 32
-2.802 -1 -2.536 -1 -2.804 -1 -3.146 -1 179
-2.975 -1 -2.704 -1 -2.798 -1 -3.102 -1 76
-2.95 -1 -2.646 -1 -2.8 -1 -3.118 -1 127
-2.959 -1 -2.664 -1 -2.902 -1 -3.264 -1 192
-3.083 -1 -2.772 -1 -2.922 -1 -3.192 -1 138
-3.057 -1 -2.758 -1 -2.866 -1 -3.19 -1 120
-3.028 -1 -2.74 -1 -2.856 -1 -3.18 -1 91
-3.018 -1 -2.758 -1 -2.954 -1 -3.276 -1 174
-3.115 -1 -2.836 -1 -3.024 -1 -3.228 -1 191
-3.126 -1 -2.83 -1 -2.954 -1 -3.252 -1 96
-3.103 -1 -2.794 -1 -3.028 -1 -3.318 -1 173
-3.173 -1 -2.848 -1 -3.058 -1 -3.346 -1 197
-3.202 -1 -2.828 -1 -2.984 -1 -3.292 -1 190
-3.138 -1 -2.838 -1 -3.032 -1 -3.332 -1 178
-3.182 -1 -2.81 -1 -2.902 -1 -3.192 -1 74
-3.047 -1 -2.758 -1 -2.794 -1 -3.266 -1 31
-3.03 -1 -2.724 -1 -2.794 -1 -3.116 -1 48
-2.955 -1 -2.69 -1 -2.762 -1 -3.15 -1 52
-2.956 -1 -2.694 -1 -2.878 -1 -3.214 -1 163
-3.046 -1 -2.776 -1 -2.79 -1 -3.158 -1 8
-2.974 -1 -2.676 -1 -2.88 -1 -3.214 -1 195
-3.047 -1 -2.722 -1 -2.87 -1 -3.186 -1 111
-3.028 -1 -2.734 -1 -2.93 -1 -3.186 -1 178
-3.058 -1 -2.768 -1 -2.894 -1 -3.226 -1 122
-3.06 -1 -2.78 -1 -2.806 -1 -3.142 -1 14
-2.974 -1 -2.664 -1 -2.716 -1 -3.086 -1 37
-2.901 -1 -2.674 -1 -2.884 -1 -3.284 -1 184
-3.084 -1 -2.758 -1 -2.872 -1 -3.196 -1 85
-3.034 -1 -2.736 -1 -2.748 -1 -3.09 -1 10
-2.919 -1 -2.664 -1 -2.694 -1 -3.078 -1 33
-2.886 -1 -2.616 -1 -2.726 -1 -3.112 -1 84
-2.919 -1 -2.632 -1 -2.838 -1 -3.198 -1 158
-3.018 -1 -2.648 -1 -2.752 -1 -3.038 -1 75
-2.895 -1 -2.65 -1 -2.83 -1 -3.13 -1 167
-2.98 -1 -2.624 -1 -2.68 -1 -3.09 -1 45
-2.885 -1 -2.622 -1 -2.756 -1 -3.114 -2 126
-2.935 -1 -2.64 -1 -2.854 -1 -3.174 -1 191
-3.014 -1 -2.674 -1 -2.722 -1 -3.094 -1 28
-2.908 -1 -2.612 -1 -2.72 -1 -3.134 -1 65
-2.927 -1 -2.614 -1 -2.87 -1 -3.172 -1 195
-3.021 -1 -2.708 -1 -2.872 -1 -3.232 -1 142
-3.052 -1 -2.722 -1 -2.872 -1 -3.186 -1 81
-3.029 -1 -2.73 -1 -2.748 -1 -3.082 -1 10
-2.915 -1 -2.624 -1 -2.8 -1 -3.136 -1 123
-2.968 -1 -2.668 -1 -2.74 -1 -3.122 -1 84
-2.931 -1 -2.652 -1 -2.7 -1 -3.08 -1 47
-2.89 -1 -2.628 -1 -2.7 -1 -3.072 -1 59
-2.886 -1 -2.586 -1 -2.666 -1 -3.074 -1 54
-2.87 -1 -2.614 -1 -2.738 -1 -3.132 -1 122
-2.935 -1 -2.65 -1 -2.66 -1 -3.038 -1 2
-2.849 -1 -2.632 -1 -2.766 -1 -3.126 -1 135
-2.946 -1 -2.67 -1 -2.864 -1 -3.118 -1 142
-2.991 -1 -2.732 -1 -2.856 -1 -3.226 -1 119
-3.041 -1 -2.758 -1 -2.798 -1 -3.18 -1 21
-2.989 -1 -2.662 -1 -2.812 -1 -3.136 -1 120
-2.974 -1 -2.656 -1 -2.848 -1 -3.096 -1 133
-2.972 -1 -2.614 -1 -2.688 -1 -3.056 -1 56
-2.872 -1 -2.654 -1 -2.838 -1 -3.16 -1 137
-2.999 -1 -2.696 -1 -2.964 -1 -3.264 -1 188
-3.114 -1 -2.808 -1 -2.808 -1 -3.144 -1 2
-2.976 -1 -2.69 -1 -2.756 -1 -3.172 -1 64
-2.964 -1 -2.62 -1 -2.68 -1 -3.102 -1 35
-2.891 -1 -2.618 -1 -2.646 -1 -3.004 -1 21
-2.825 -1 -2.52 -1 -2.67 -1 -3.03 -1 111
-2.85 -1 -2.55 -1 -2.59 -1 -2.946 -1 34
-2.768 -1 -2.502 -1 -2.554 -1 -2.968 -1 33
-2.761 -1 -2.534 -1 -2.56 -1 -2.9 -1 14
-2.73 -1 -2.516 -1 -2.624 -1 -2.974 -1 86
-2.799 -1 -2.554 -1 -2.612 -1 -2.94 -1 32
-2.776 -1 -2.498 -1 -2.598 -1 -2.976 -1 104
-2.787 -1 -2.542 -1 -2.766 -1 -3.132 -1 153
-2.949 -1 -2.662 -1 -2.848 -1 -3.144 -1 172
-2.996 -1 -2.682 -1 -2.682 -1 -3.066 -1 3
-2.874 -1 -2.612 -1 -2.656 -1 -2.99 -1 34
-2.823 -1 -2.56 -1 -2.77 -1 -3.076 -1 174
-2.923 -1 -2.646 -1 -2.778 -1 -3.16 -1 68
-2.969 -1 -2.622 -1 -2.804 -1 -3.102 -1 139
-2.953 -1 -2.652 -1 -2.652 -1 -2.99 -1 1
-2.821 -1 -2.568 -1 -2.712 -1 -3.054 -1 102
-2.883 -1 -2.574 -1 -2.72 -1 -3.106 -1 85
-2.913 -1 -2.592 -1 -2.64 -1 -3.024 -1 27
-2.832 -1 -2.552 -1 -2.748 -1 -3.098 -1 162
-2.923 -1 -2.644 -1 -2.794 -1 -3.156 -1 117
-2.975 -1 -2.648 -1 -2.744 -1 -3.124 -1 69
-2.934 -1 -2.626 -1 -2.712 -1 -3.018 -1 76
-2.865 -1 -2.61 -1 -2.616 -1 -2.994 -1 7
-2.805 -1 -2.53 -1 -2.788 -1 -3.11 -1 183
-2.949 -1 -2.65 -1 -2.752 -1 -3.136 -1 78
-2.944 -1 -2.69 -1 -2.896 -1 -3.142 -1 184
-3.019 -1 -2.678 -1 -2.89 -1 -3.2 -1 193
-3.045 -1 -2.76 -1 -2.77 -1 -3.132 -1 7
-2.951 -1 -2.662 -1 -2.83 -1 -3.208 -1 149
-3.019 -1 -2.698 -1 -2.788 -1 -3.17 -1 67
-2.979 -1 -2.712 -1 -2.712 -1 -3.092 -1 1
-2.902 -1 -2.628 -1 -2.646 -1 -3.004 -1 10
-2.825 -1 -2.532 -1 -2.616 -1 -3.026 -1 77
-2.821 -1 -2.568 -1 -2.584 -1 -2.994 -1 27
-2.789 -1 -2.53 -1 -2.702 -1 -3.078 -1 138
-2.89 -1 -2.616 -1 -2.658 -1 -3.034 -1 27
-2.846 -1 -2.578 -1 -2.66 -1 -3.102 -1 66
-2.881 -1 -2.648 -1 -2.866 -1 -3.142 -1 185
-3.004 -1 -2.664 -1 -2.902 -1 -3.234 -1 175
-3.068 -1 -2.752 -1 -2.886 -1 -3.182 -1 92
-3.034 -1 -2.7 -1 -2.89 -1 -3.244 -1 168
-3.067 -1 -2.756 -1 -2.786 -1 -3.11 -1 26
-2.948 -1 -2.67 -1 -2.864 -1 -3.172 -1 145
-3.018 -1 -2.754 -1 -2.816 -1 -3.128 -1 77
-2.972 -1 -2.732 -1 -2.74 -1 -3.008 -1 3
-2.874 -1 -2.544 -1 -2.598 -1 -2.926 -1 50
-2.762 -1 -2.492 -1 -2.624 -1 -2.992 -1 88
-2.808 -1 -2.51 -1 -2.684 -1 -3.02 -1 134
-2.852 -1 -2.588 -1 -2.714 -1 -3.07 -1 102
-2.892 -1 -2.566 -1 -2.732 -1 -3.056 -1 98
-2.894 -1 -2.6 -1 -2.728 -1 -3.05 -1 113
-2.889 -1 -2.594 -1 -2.692 -1 -3.01 -1 82
-2.851 -1 -2.596 -1 -2.772 -1 -3.06 -1 136
-2.916 -1 -2.632 -1 -2.784 -1 -3.086 -1 108
-2.935 -1 -2.656 -1 -2.842 -1 -3.158 -1 132
-3 -1 -2.724 -1 -2.758 -1 -3.062 -1 30
-2.91 -1 -2.596 -1 -2.854 -1 -3.104 -1 179
-2.979 -1 -2.644 -1 -2.844 -1 -3.152 -1 148
-2.998 -1 -2.706 -1 -2.87 -1 -3.124 -1 111
-2.997 -1 -2.658 -1 -2.834 -1 -3.1 -1 154
-2.967 -1 -2.68 -1 -2.872 -1 -3.192 -1 164
-3.032 -1 -2.712 -1 -2.868 -1 -3.176 -1 152
-3.022 -1 -2.752 -1 -2.92 -1 -3.22 -1 143
-3.07 -1 -2.704 -1 -2.87 -1 -3.156 -1 158
-3.013 -1 -2.674 -1 -2.73 -1 -3.138 -1 48
-2.934 -1 -2.626 -1 -2.844 -1 -3.184 -1 167
-3.014 -1 -2.668 -1 -2.908 -1 -3.232 -1 154
-3.07 -1 -2.776 -1 -2.986 -1 -3.28 -1 175
-3.133 -1 -2.86 -1 -2.958 -1 -3.228 -1 103
-3.093 -1 -2.766 -1 -2.872 -1 -3.14 -1 72
-3.006 -1 -2.72 -1 -2.956 -1 -3.218 -1 165
-3.087 -1 -2.782 -1 -2.884 -1 -3.21 -1 88
-3.047 -1 -2.748 -1 -2.924 -1 -3.198 -1 142
-3.061 -1 -2.792 -1 -2.898 -1 -3.158 -1 101
-3.028 -1 -2.708 -1 -2.852 -1 -3.124 -1 141
-2.988 -1 -2.698 -1 -2.83 -1 -3.158 -1 132
-2.994 -1 -2.698 -1 -2.826 -1 -3.15 -1 131
-2.988 -1 -2.694 -1 -2.804 -1 -3.15 -1 96
-2.977 -1 -2.668 -1 -2.912 -1 -3.272 -1 182
-3.092 -1 -2.788 -1 -2.874 -1 -3.204 -1 60
-3.039 -1 -2.732 -1 -2.814 -1 -3.146 -1 78
-2.98 -1 -2.688 -1 -2.79 -1 -3.168 -1 89
-2.979 -1 -2.672 -1 -2.744 -1 -3.09 -1 78
-2.917 -1 -2.662 -1 -2.862 -1 -3.2 -1 133
-3.031 -1 -2.724 -1 -2.724 -1 -3.082 -1 9
-2.903 -1 -2.608 -1 -2.78 -1 -3.128 -1 121
-2.954 -1 -2.608 -1 -2.704 -1 -3.078 -1 71
-2.891 -1 -2.566 -1 -2.656 -1 -3.008 -1 68
-2.832 -1 -2.54 -1 -2.712 -1 -3.07 -1 133
-2.891 -1 -2.544 -1 -2.638 -1 -3.006 -1 70
-2.822 -1 -2.54 -1 -2.702 -1 -3.062 -1 157
-2.882 -1 -2.596 -1 -2.668 -1 -3.06 -1 67
-2.864 -1 -2.58 -1 -2.64 -1 -3.006 -1 29
-2.823 -1 -2.546 -1 -2.574 -1 -2.988 -1 20
-2.781 -1 -2.52 -1 -2.716 -1 -3.07 -1 130
-2.893 -1 -2.592 -1 -2.664 -1 -3.064 -1 41
-2.864 -1 -2.55 -1 -2.664 -1 -3.006 -1 91
-2.835 -1 -2.532 -1 -2.53 -1 -2.854 -1 2
-2.692 -1 -2.444 -1 -2.54 -1 -2.924 -1 54
-2.732 -1 -2.452 -1 -2.462 -1 -2.884 -1 9
-2.673 -1 -2.418 -1 -2.69 -1 -2.97 -1 177
-2.83 -1 -2.502 -1 -2.642 -1 -2.972 -1 74
-2.807 -1 -2.546 -1 -2.708 -1 -3.096 -1 135
-2.902 -1 -2.586 -1 -2.672 -1 -2.958 -1 41
-2.815 -1 -2.512 -1 -2.656 -1 -2.982 -1 108
-2.819 -1 -2.548 -1 -2.818 -1 -3.162 -1 166
-2.99 -1 -2.638 -1 -2.734 -1 -3.054 -1 95
-2.894 -1 -2.588 -1 -2.722 -1 -3.02 -1 100
-2.871 -1 -2.592 -1 -2.634 -1 -3.062 -1 37
-2.848 -1 -2.618 -1 -2.784 -1 -3.108 0 93
