8 1000 1 5 131 0 0 0 0
-3.471 -1 -3.102 -1 -3.158 -1 -3.3 -1 109
-3.229 -1 -2.798 -1 -2.796 -1 -3.124 -1 17
-2.96 -1 -2.632 -1 -2.698 -1 -3.082 -1 60
-2.89 -1 -2.524 -1 -2.592 -1 -2.94 -1 68
-2.766 -1 -2.452 -1 -2.49 -1 -2.894 -1 36
-2.692 -1 -2.374 -1 -2.768 -1 -3.044 -1 461
-2.906 -1 -2.536 -1 -2.718 -1 -3.05 -1 178
-2.884 -1 -2.52 -1 -2.598 -1 -2.964 -1 89
-2.781 -1 -2.402 -1 -2.594 -1 -2.956 -1 169
-2.775 -1 -2.398 -1 -2.822 -1 -3.07 -1 443
-2.946 -1 -2.532 -1 -2.894 -1 -3.132 -1 374
-3.013 -1 -2.58 -1 -2.902 -1 -3.14 -1 473
-3.021 -1 -2.624 -1 -2.908 -1 -3.186 -1 358
-3.047 -1 -2.674 -1 -2.714 -1 -3.004 -1 50
-2.859 -1 -2.52 -1 -2.622 -1 -2.976 -1 76
-2.799 -1 -2.43 -1 -2.7 -1 -2.986 -1 283
-2.843 -1 -2.476 -1 -2.49 -1 -2.834 -1 8
-2.662 -1 -2.352 -1 -2.444 -1 -2.836 -1 75
-2.64 -1 -2.336 -1 -2.748 -1 -3.026 -1 402
-2.887 -1 -2.476 -1 -2.712 -1 -2.98 -1 249
-2.846 -1 -2.476 -1 -2.764 -1 -3.014 -1 216
-2.889 -1 -2.512 -1 -2.958 -1 -3.198 -1 496
-3.078 -1 -2.638 -1 -2.818 -1 -3.064 -1 225
-2.941 -1 -2.548 -1 -2.622 -1 -3.002 -1 57
-2.812 -1 -2.488 -1 -2.75 -1 -3.064 -1 237
-2.907 -1 -2.578 -1 -2.884 -1 -3.15 -1 367
-3.017 -1 -2.642 -1 -2.916 -1 -3.108 -1 327
-3.012 -1 -2.572 -1 -2.812 -1 -3.084 -1 319
-2.948 -1 -2.556 -1 -2.932 -1 -3.114 -1 487
-3.023 -1 -2.652 -1 -2.808 -1 -3.138 -1 189
-2.973 -1 -2.574 -1 -2.992 -1 -3.254 -1 472
-3.123 -1 -2.732 -1 -2.99 -1 -3.174 -1 481
-3.082 -1 -2.648 -1 -2.962 -1 -3.102 -1 344
-3.032 -1 -2.618 -1 -2.936 -1 -3.216 -1 344
-3.076 -1 -2.674 -1 -2.768 -1 -3.046 -1 92
-2.907 -1 -2.498 -1 -2.76 -1 -3.062 -1 311
-2.911 -1 -2.528 -1 -2.836 -1 -3.128 -1 444
-2.982 -1 -2.568 -1 -2.638 -1 -3.014 -1 60
-2.826 -1 -2.484 -1 -2.706 -1 -3.034 -1 191
-2.87 -1 -2.498 -1 -2.744 -1 -3.084 -1 291
-2.914 -1 -2.56 -1 -2.884 -1 -3.146 -1 358
-3.015 -1 -2.596 -1 -2.64 -1 -2.946 -1 48
-2.793 -1 -2.432 -1 -2.692 -1 -3.036 -1 264
-2.864 -1 -2.492 -1 -2.786 -1 -3 -1 266
-2.893 -1 -2.52 -1 -2.976 -1 -3.126 -1 451
-3.051 -1 -2.644 -1 -2.89 -1 -3.11 -1 297
-3 -1 -2.622 -1 -2.858 -1 -3.096 -1 237
-2.977 -1 -2.594 -1 -2.94 -1 -3.16 -1 467
-3.05 -1 -2.582 -1 -2.86 -1 -3.084 -1 233
-2.972 -1 -2.618 -1 -2.648 -1 -3.028 -1 16
-2.838 -1 -2.498 -1 -2.792 -1 -3.032 -1 361
-2.912 -1 -2.52 -1 -2.856 -1 -3.128 -1 407
-2.992 -1 -2.604 -1 -2.812 -1 -3.018 -1 213
-2.915 -1 -2.542 -1 -2.93 -1 -3.124 -1 459
-3.027 -1 -2.632 -1 -2.676 -1 -2.996 -1 52
-2.836 -1 -2.51 -1 -2.688 -1 -2.978 -1 206
-2.833 -1 -2.432 -1 -2.564 -1 -2.946 -1 124
-2.755 -1 -2.398 -1 -2.602 -1 -2.94 -1 181
-2.771 -1 -2.426 -1 -2.55 -1 -2.976 -1 121
-2.763 -1 -2.398 -1 -2.482 -1 -2.874 -1 73
-2.678 -1 -2.362 -1 -2.802 -1 -3.046 -1 422
-2.924 -1 -2.54 -1 -2.77 -1 -3.012 -1 240
-2.891 -1 -2.476 -1 -2.754 -1 -3.072 -1 317
-2.913 -1 -2.506 -1 -2.77 -1 -3.102 -1 284
-2.936 -1 -2.53 -1 -2.77 -1 -3.042 -1 235
-2.906 -1 -2.506 -1 -2.754 -1 -3.002 -1 259
-2.878 -1 -2.474 -1 -2.512 -1 -2.85 -1 37
-2.681 -1 -2.32 -1 -2.468 -1 -2.894 -1 129
-2.681 -1 -2.346 -1 -2.398 -1 -2.864 -1 49
-2.631 -1 -2.288 -1 -2.444 -1 -2.826 -1 123
-2.635 -1 -2.302 -1 -2.494 -1 -2.848 -1 186
-2.671 -1 -2.312 -1 -2.69 -1 -2.97 -1 336
-2.83 -1 -2.404 -1 -2.648 -1 -2.918 -1 273
-2.783 -1 -2.422 -1 -2.538 -1 -2.914 -1 95
-2.726 -1 -2.376 -1 -2.79 -1 -3.018 -1 401
-2.904 -1 -2.484 -1 -2.862 -1 -3.008 -1 404
-2.935 -1 -2.54 -1 -2.932 -1 -3.116 -1 479
-3.024 -1 -2.644 -1 -2.732 -1 -3.052 -1 60
-2.892 -1 -2.54 -1 -2.854 -1 -3.018 -1 302
-2.936 -1 -2.536 -1 -2.726 -1 -3.024 -1 213
-2.875 -1 -2.504 -1 -2.642 -1 -2.958 -1 113
-2.8 -1 -2.416 -1 -2.82 -1 -3.058 -1 408
-2.939 -1 -2.558 -1 -2.972 -1 -3.156 -1 384
-3.064 -1 -2.686 -1 -2.742 -1 -3.084 -1 112
-2.913 -1 -2.56 -1 -2.838 -1 -3.114 -1 381
-2.976 -1 -2.586 -1 -2.964 -1 -3.08 -1 491
-3.022 -1 -2.652 -1 -2.77 -1 -3.082 -1 122
-2.926 -1 -2.54 -1 -2.624 -1 -2.954 -1 78
-2.789 -1 -2.4 -1 -2.686 -1 -2.956 -1 239
-2.821 -1 -2.444 -1 -2.816 -1 -3.064 -1 395
-2.94 -1 -2.514 -1 -2.79 -1 -3.064 -1 254
-2.927 -1 -2.49 -1 -2.704 -1 -2.984 -1 199
-2.844 -1 -2.482 -1 -2.854 -1 -3.062 -1 438
-2.958 -1 -2.576 -1 -2.674 -1 -2.966 -1 112
-2.82 -1 -2.446 -1 -2.506 -1 -2.898 -1 38
-2.702 -1 -2.368 -1 -2.614 -1 -2.938 -1 222
-2.776 -1 -2.428 -1 -2.836 -1 -3.06 -1 393
-2.948 -1 -2.576 -1 -2.588 -1 -2.896 -1 9
-2.742 -1 -2.42 -1 -2.502 -1 -2.876 -1 80
-2.689 -1 -2.338 -1 -2.84 -1 -3.056 -1 478
-2.948 -1 -2.494 -1 -2.79 -1 -3.076 -1 291
-2.933 -1 -2.524 -1 -2.71 -1 -3.054 -1 219
-2.882 -1 -2.52 -1 -2.908 -1 -3.094 -1 430
-3.001 -1 -2.608 -1 -2.722 -1 -3.048 -1 99
-2.885 -1 -2.5 -1 -2.59 -1 -2.962 -1 104
-2.776 -1 -2.376 -1 -2.54 -1 -2.978 -1 200
-2.759 -1 -2.43 -1 -2.724 -1 -2.956 -1 280
-2.84 -1 -2.444 -1 -2.808 -1 -3.054 -1 344
-2.931 -1 -2.504 -1 -2.726 -1 -3.024 -1 218
-2.875 -1 -2.456 -1 -2.69 -1 -3.002 -1 196
-2.846 -1 -2.468 -1 -2.754 -1 -3.068 -1 278
-2.911 -1 -2.48 -1 -2.762 -1 -3.042 -1 296
-2.902 -1 -2.542 -1 -2.838 -1 -3.128 -1 297
-2.983 -1 -2.568 -1 -2.69 -1 -2.984 -1 106
-2.837 -1 -2.49 -1 -2.496 -1 -2.91 -1 4
-2.703 -1 -2.366 -1 -2.616 -1 -2.956 -1 253
-2.786 -1 -2.412 -1 -2.798 -1 -3.098 -1 377
-2.948 -1 -2.594 -1 -2.876 -1 -3.092 -1 324
-2.984 -1 -2.594 -1 -2.688 -1 -3.042 -1 100
-2.865 -1 -2.496 -1 -2.852 -1 -3.126 -1 309
-2.989 -1 -2.586 -1 -2.9 -1 -3.098 -1 440
-2.999 -1 -2.634 -1 -2.942 -1 -3.182 -1 366
-3.062 -1 -2.64 -1 -2.886 -1 -3.142 -1 346
-3.014 -1 -2.594 -1 -2.894 -1 -3.116 -1 387
-3.005 -1 -2.588 -1 -2.848 -1 -3.098 -1 439
-2.973 -1 -2.602 -1 -2.862 -1 -3.082 -1 343
-2.972 -1 -2.612 -1 -2.716 -1 -3 -1 133
-2.858 -1 -2.454 -1 -2.824 -1 -3.102 -1 439
-2.963 -1 -2.516 -1 -2.526 -1 -2.882 -1 26
-2.704 -1 -2.378 -1 -2.61 -1 -3.012 -1 201
-2.811 -1 -2.462 -1 -2.882 0 -3.116 -1 495
