9 1000 0.1 3 98 0 0 0 0
-3.685 -1 -3.342 -1 -3.358 -1 -3.486 -2 24
-3.422 -1 -3.148 -1 -3.166 -1 -3.384 -1 38
-3.275 -1 -2.974 -1 -2.98 -1 -3.278 -1 19
-3.129 -1 -2.834 -1 -2.856 -1 -3.144 -1 37
-3 -1 -2.708 -1 -2.732 -1 -3.11 -1 32
-2.921 -1 -2.648 -1 -2.656 -1 -3.008 -1 5
-2.832 -1 -2.596 -1 -2.666 -1 -3.082 -1 43
-2.874 -1 -2.616 -1 -2.676 -1 -3.068 -1 41
-2.872 -1 -2.608 -1 -2.68 -1 -2.958 -1 42
-2.819 -1 -2.548 -1 -2.588 -1 -2.956 -1 18
-2.772 -1 -2.516 -1 -2.516 -1 -2.94 -1 0
-2.728 -1 -2.486 -1 -2.538 -1 -2.89 -1 34
-2.714 -1 -2.464 -1 -2.55 -1 -2.908 -1 49
-2.729 -1 -2.43 -1 -2.486 -1 -2.934 -1 37
-2.71 -1 -2.45 -1 -2.452 -1 -2.878 -1 1
-2.665 -1 -2.418 -1 -2.44 -1 -2.842 -1 13
-2.641 -1 -2.396 -1 -2.464 -1 -2.902 -1 40
-2.683 -1 -2.396 -1 -2.398 -1 -2.826 -1 1
-2.612 -1 -2.348 -1 -2.38 -1 -2.802 -1 19
-2.591 -1 -2.34 -1 -2.412 -1 -2.796 -1 49
-2.604 -1 -2.372 -1 -2.372 -1 -2.81 -1 0
-2.591 -1 -2.332 -1 -2.346 -1 -2.724 -1 11
-2.535 -1 -2.26 -1 -2.298 -1 -2.742 -1 25
-2.52 -1 -2.292 -1 -2.34 -1 -2.774 -1 32
-2.557 -1 -2.302 -1 -2.368 -1 -2.8 -1 34
-2.584 -1 -2.29 -1 -2.33 -1 -2.74 -1 36
-2.535 -1 -2.24 -1 -2.26 -1 -2.742 -1 19
-2.501 -1 -2.26 -1 -2.262 -1 -2.732 -1 4
-2.497 -1 -2.224 -1 -2.286 -1 -2.69 -1 32
-2.488 -1 -2.198 -1 -2.272 -1 -2.702 -1 42
-2.487 -1 -2.164 -1 -2.17 -1 -2.61 -1 9
-2.39 -1 -2.134 -1 -2.19 -1 -2.534 -1 33
-2.362 -1 -2.084 -1 -2.126 -1 -2.618 -1 24
-2.372 -1 -2.118 -1 -2.128 -1 -2.556 -1 3
-2.342 -1 -2.072 -1 -2.154 -1 -2.548 -1 39
-2.351 -1 -2.098 -1 -2.186 -1 -2.586 -1 45
-2.386 -1 -2.098 -1 -2.12 -1 -2.558 -1 6
-2.339 -1 -2.078 -1 -2.126 -1 -2.556 -1 27
-2.341 -1 -2.066 -1 -2.122 -1 -2.572 -1 48
-2.347 -1 -2.072 -1 -2.136 -1 -2.536 -1 31
-2.336 -1 -2.032 -1 -2.106 -1 -2.448 -1 38
-2.277 -1 -2.002 -1 -2.01 -1 -2.374 -1 4
-2.192 -1 -1.93 -1 -1.958 -1 -2.4 -1 17
-2.179 -1 -1.9 -1 -1.952 -1 -2.326 -1 26
-2.139 -1 -1.824 -1 -1.902 -1 -2.326 -1 32
-2.114 -1 -1.814 -1 -1.886 -1 -2.29 -1 36
-2.088 -1 -1.81 -1 -1.816 -1 -2.174 -1 1
-1.995 -1 -1.706 -1 -1.776 -1 -2.234 -1 31
-2.005 -1 -1.722 -1 -1.784 -1 -2.178 -1 24
-1.981 -1 -1.706 -1 -1.782 -1 -2.16 -1 30
-1.971 -1 -1.682 -1 -1.714 -1 -2.036 -1 16
-1.875 -1 -1.618 -1 -1.702 -1 -2.01 -1 37
-1.856 -1 -1.59 -1 -1.622 -1 -1.958 -1 12
-1.79 -1 -1.534 -1 -1.624 -1 -2.006 -1 34
-1.815 -1 -1.51 -1 -1.592 -1 -1.912 -1 32
-1.752 -1 -1.474 -1 -1.53 -1 -1.8 -1 23
-1.665 -1 -1.388 -1 -1.502 -1 -1.804 -1 46
-1.653 -1 -1.37 -1 -1.454 -1 -1.734 -1 39
-1.594 -1 -1.312 -1 -1.442 -1 -1.778 -1 41
-1.61 -1 -1.32 -1 -1.426 -1 -1.666 -1 38
-1.546 -1 -1.292 -1 -1.364 -1 -1.56 -1 23
-1.462 -1 -1.232 -1 -1.346 -1 -1.572 -1 34
-1.459 -1 -1.246 -1 -1.374 -1 -1.61 -1 40
-1.492 -1 -1.238 -1 -1.238 -1 -1.394 -1 0
-1.316 -1 -1.158 -1 -1.296 -1 -1.428 -1 42
-1.362 -1 -1.166 -1 -1.24 -1 -1.348 -1 21
-1.294 -1 -1.12 -1 -1.15 -1 -1.272 -1 11
-1.211 -1 -1.094 -1 -1.226 -1 -1.396 -1 36
-1.311 -1 -1.136 -1 -1.21 -1 -1.316 -1 28
-1.263 -1 -1.11 -1 -1.18 -1 -1.292 -1 21
-1.236 -1 -1.094 -1 -1.164 -1 -1.236 -1 20
-1.2 -1 -1.058 -1 -1.182 -1 -1.248 -1 36
-1.215 -1 -1.072 -1 -1.176 -1 -1.238 -1 34
-1.207 -1 -1.112 -1 -1.228 -1 -1.306 -1 43
-1.267 -1 -1.108 -1 -1.22 -1 -1.3 -1 43
-1.26 -1 -1.116 -1 -1.134 -1 -1.172 -1 4
-1.153 -1 -1.038 -1 -1.192 -1 -1.264 -1 42
-1.228 -1 -1.078 -1 -1.092 -1 -1.146 -1 3
-1.119 -1 -1.046 -1 -1.12 -1 -1.18 -1 20
-1.15 -1 -1.046 -1 -1.046 -1 -1.096 -1 0
-1.071 -1 -1.024 -1 -1.076 -1 -1.154 -1 18
-1.115 -1 -1.05 -1 -1.086 -1 -1.122 -1 7
-1.104 -1 -1.028 -1 -1.182 -1 -1.244 -1 45
-1.213 -1 -1.074 -1 -1.206 -1 -1.25 -1 38
-1.228 -1 -1.062 -1 -1.228 -1 -1.308 -1 48
-1.268 -1 -1.118 -1 -1.14 -1 -1.182 -1 9
-1.161 -1 -1.04 -1 -1.062 -1 -1.098 -1 6
-1.08 -1 -1.034 -1 -1.074 -1 -1.126 -1 12
-1.1 -1 -1.03 -1 -1.082 -1 -1.11 -1 18
-1.096 -1 -1.04 -1 -1.14 -1 -1.188 -1 36
-1.164 -1 -1.056 -1 -1.164 -1 -1.204 -1 39
-1.184 -1 -1.06 -1 -1.184 -1 -1.26 -1 41
-1.222 -1 -1.092 -1 -1.174 -1 -1.212 -1 31
-1.193 -1 -1.062 -1 -1.21 -1 -1.276 -1 44
-1.243 -1 -1.084 -1 -1.21 -1 -1.262 -1 35
-1.236 -1 -1.088 -1 -1.238 -1 -1.296 -1 39
-1.267 -1 -1.102 -1 -1.226 -1 -1.302 -1 39
-1.264 -1 -1.106 -1 -1.14 0 -1.194 -1 14
