9 1000 0.8 3 939 0 0 0 0
-3.591 -1 -3.298 -1 -3.36 -1 -3.508 -1 207
-3.434 -1 -3.114 -1 -3.284 -1 -3.422 -1 339
-3.353 -1 -3.03 -1 -3.18 -1 -3.298 -1 231
-3.239 -1 -2.956 -1 -3.062 -1 -3.326 -1 187
-3.194 -1 -2.892 -1 -2.91 -1 -3.24 -2 7
-3.075 -1 -2.76 -1 -3.01 -1 -3.242 -1 275
-3.126 -1 -2.85 -1 -2.968 -1 -3.25 -2 133
-3.109 -1 -2.822 -1 -2.992 -1 -3.208 -1 193
-3.1 -1 -2.838 -1 -3.028 -1 -3.326 -1 244
-3.177 -1 -2.896 -1 -3.038 -1 -3.318 -1 241
-3.178 -1 -2.9 -1 -3.108 -1 -3.274 -1 263
-3.191 -1 -2.886 -1 -3.072 -1 -3.282 -1 196
-3.177 -1 -2.876 -1 -3.054 -1 -3.332 -1 198
-3.193 -1 -2.896 -1 -2.95 -1 -3.238 -1 55
-3.094 -1 -2.76 -1 -2.886 -1 -3.194 -1 110
-3.04 -1 -2.768 -1 -2.838 -1 -3.16 -1 81
-2.999 -1 -2.664 -1 -3.08 -1 -3.372 -1 369
-3.226 -1 -2.888 -1 -3.086 -1 -3.26 -1 264
-3.173 -1 -2.878 -1 -2.954 -1 -3.212 -2 96
-3.083 -1 -2.81 -1 -2.958 -1 -3.198 -1 122
-3.078 -1 -2.798 -1 -3.038 -1 -3.214 -1 376
-3.126 -1 -2.816 -1 -2.844 -1 -3.114 -1 20
-2.979 -1 -2.702 -1 -2.762 -1 -3.154 -1 63
-2.958 -1 -2.644 -1 -2.666 -1 -3.024 -1 11
-2.845 -1 -2.614 -1 -2.912 -1 -3.174 -1 293
-3.043 -1 -2.734 -1 -2.976 -1 -3.224 -1 299
-3.1 -1 -2.822 -1 -3.088 -1 -3.32 -1 385
-3.204 -1 -2.864 -1 -3.078 -1 -3.236 -1 284
-3.157 -1 -2.874 -1 -2.92 -1 -3.248 -1 49
-3.084 -1 -2.772 -1 -2.844 -1 -3.23 -1 64
-3.037 -1 -2.728 -1 -2.74 -1 -3.022 -1 26
-2.881 -1 -2.604 -1 -2.962 -1 -3.226 -1 363
-3.094 -1 -2.76 -1 -2.942 -1 -3.182 -1 220
-3.062 -1 -2.736 -1 -3.016 -1 -3.264 -1 383
-3.14 -1 -2.786 -1 -2.898 -1 -3.19 -1 127
-3.044 -1 -2.69 -1 -2.762 -1 -3.128 -1 78
-2.945 -1 -2.674 -1 -2.69 -1 -3.118 -1 11
-2.904 -1 -2.65 -1 -2.922 -1 -3.146 -1 265
-3.034 -1 -2.718 -1 -2.898 -1 -3.188 -1 134
-3.043 -1 -2.74 -1 -2.762 -1 -3.056 -1 27
-2.909 -1 -2.656 -1 -2.668 -1 -3.08 -1 15
-2.874 -1 -2.598 -1 -2.792 -1 -3.134 -1 172
-2.963 -1 -2.712 -1 -2.88 -1 -3.128 -1 202
-3.004 -1 -2.716 -1 -2.906 -1 -3.214 -1 168
-3.06 -1 -2.758 -1 -3.08 -1 -3.234 -1 368
-3.157 -1 -2.832 -1 -3.046 -1 -3.31 -1 350
-3.178 -1 -2.866 -1 -2.99 -1 -3.216 -1 215
-3.103 -1 -2.804 -1 -2.972 -1 -3.216 -1 162
-3.094 -1 -2.8 -1 -2.972 -1 -3.282 -1 148
-3.127 -1 -2.818 -1 -2.952 -1 -3.172 -1 153
-3.062 -1 -2.79 -1 -3.092 -1 -3.238 -1 378
-3.165 -1 -2.89 -1 -3.118 -1 -3.342 -1 341
-3.23 -1 -2.868 -1 -2.868 -1 -3.222 -1 0
-3.045 -1 -2.722 -1 -2.982 -1 -3.298 -1 340
-3.14 -1 -2.846 -1 -3.108 -1 -3.36 -2 363
-3.234 -1 -2.914 -1 -2.912 -1 -3.18 -1 1
-3.046 -1 -2.758 -1 -2.908 -1 -3.32 -1 166
-3.114 -1 -2.808 -1 -2.81 -1 -3.19 -1 7
-3 -1 -2.724 -1 -2.986 -1 -3.2 -1 235
-3.093 -1 -2.806 -1 -3.088 -1 -3.346 -1 348
-3.217 -1 -2.9 -1 -3.104 -1 -3.308 -1 298
-3.206 -1 -2.9 -1 -2.946 -1 -3.24 -1 38
-3.093 -1 -2.842 -1 -2.888 -1 -3.268 -1 67
-3.078 -1 -2.792 -1 -3.066 -1 -3.328 -1 271
-3.197 -1 -2.876 -1 -3.078 -1 -3.26 -2 230
-3.169 -1 -2.856 -1 -3.024 -1 -3.25 -1 228
-3.137 -1 -2.854 -1 -3.12 -1 -3.238 -1 389
-3.179 -1 -2.85 -1 -3.006 -1 -3.274 -1 214
-3.14 -1 -2.8 -1 -2.98 -1 -3.25 -1 265
-3.115 -1 -2.784 -1 -2.918 -1 -3.184 -1 110
-3.051 -1 -2.766 -1 -3.072 -1 -3.312 -1 331
-3.192 -1 -2.872 -1 -3.144 -1 -3.294 -1 317
-3.219 -1 -2.9 -1 -2.914 -1 -3.216 -1 20
-3.065 -1 -2.774 -1 -2.94 -1 -3.186 -1 141
-3.063 -1 -2.768 -1 -3.004 -1 -3.23 -1 325
-3.117 -1 -2.82 -1 -2.932 -1 -3.226 -1 114
-3.079 -1 -2.76 -1 -2.91 -1 -3.14 -1 183
-3.025 -1 -2.718 -1 -2.882 -1 -3.242 -1 170
-3.062 -1 -2.76 -1 -3.138 -1 -3.288 -1 365
-3.213 -1 -2.826 -1 -3.124 -1 -3.326 -1 394
-3.225 -1 -2.93 -1 -3.054 -1 -3.272 -1 149
-3.163 -1 -2.874 -1 -3.022 -1 -3.284 -1 203
-3.153 -1 -2.862 -1 -2.938 -1 -3.188 -1 60
-3.063 -1 -2.738 -1 -2.976 -1 -3.276 -1 238
-3.126 -1 -2.82 -1 -2.922 -1 -3.292 -1 84
-3.107 -1 -2.794 -1 -2.814 -1 -3.108 -1 56
-2.961 -1 -2.662 -1 -2.802 -1 -3.098 -1 133
-2.95 -1 -2.636 -1 -2.734 -1 -3.122 -1 101
-2.928 -1 -2.642 -1 -2.98 -1 -3.212 -1 328
-3.096 -1 -2.756 -1 -2.882 -1 -3.222 -1 199
-3.052 -1 -2.8 -1 -3.08 -1 -3.29 -1 312
-3.185 -1 -2.862 -1 -3.138 -1 -3.294 -1 361
-3.216 -1 -2.902 -1 -3.112 -1 -3.334 -1 242
-3.223 -1 -2.862 -1 -2.882 -1 -3.19 -1 15
-3.036 -1 -2.742 -1 -3.026 -1 -3.25 -1 300
-3.138 -1 -2.816 -1 -3.012 -1 -3.278 -1 181
-3.145 -1 -2.82 -1 -3.094 -1 -3.318 -1 379
-3.206 -1 -2.912 -1 -3.128 -1 -3.32 -1 291
-3.224 -1 -2.932 -1 -2.974 -1 -3.248 -1 29
-3.111 -1 -2.794 -1 -2.838 -1 -3.176 -1 51
-3.007 -1 -2.69 -1 -3.132 -1 -3.384 -1 399
-3.258 -1 -2.894 -1 -3.116 -1 -3.33 -1 288
-3.223 -1 -2.914 -1 -3.066 -1 -3.244 -1 164
-3.155 -1 -2.84 -1 -3.056 -1 -3.286 -1 265
-3.171 -1 -2.878 -1 -3.034 -1 -3.296 -1 179
-3.165 -1 -2.852 -1 -2.938 -1 -3.184 -1 94
-3.061 -1 -2.774 -1 -2.962 -1 -3.224 -1 228
-3.093 -1 -2.788 -1 -2.942 -1 -3.23 -1 178
-3.086 -1 -2.774 -1 -3.03 -1 -3.262 -2 350
-3.146 -1 -2.824 -1 -2.892 -1 -3.226 -1 154
-3.059 -1 -2.79 -1 -3.034 -1 -3.228 -1 291
-3.131 -1 -2.838 -1 -2.846 -1 -3.172 -1 11
-3.009 -1 -2.75 -1 -3.018 -1 -3.306 -2 337
-3.162 -1 -2.85 -1 -3.042 -1 -3.282 -1 230
-3.162 -1 -2.82 -1 -2.896 -1 -3.172 -1 113
-3.034 -1 -2.752 -1 -2.844 -1 -3.178 -1 77
-3.011 -1 -2.734 -1 -2.996 -1 -3.236 -1 343
-3.116 -1 -2.816 -1 -2.832 -1 -3.122 -1 27
-2.977 -1 -2.684 -1 -2.788 -1 -3.188 -1 109
-2.988 -1 -2.692 -1 -2.886 -1 -3.166 -1 179
-3.026 -1 -2.696 -1 -2.96 -1 -3.294 -1 258
-3.127 -1 -2.842 -1 -2.92 -1 -3.222 -1 88
-3.071 -1 -2.794 -1 -2.938 -1 -3.22 -1 204
-3.079 -1 -2.766 -1 -2.934 -1 -3.208 -1 280
-3.071 -1 -2.786 -1 -3.092 -1 -3.26 -1 252
-3.176 -1 -2.842 -1 -2.952 -1 -3.154 -1 141
-3.053 -1 -2.76 -1 -3.03 -1 -3.252 -1 336
-3.141 -1 -2.836 -1 -2.932 -1 -3.146 -1 86
-3.039 -1 -2.714 -1 -2.93 -1 -3.206 -1 258
-3.068 -1 -2.748 -1 -2.862 -1 -3.192 -1 100
-3.027 -1 -2.756 -1 -2.82 -1 -3.164 -1 54
-2.992 -1 -2.686 -1 -2.768 -1 -3.102 -1 63
-2.935 -1 -2.654 -1 -2.76 -1 -3.076 -1 98
-2.918 -1 -2.6 -1 -2.97 -1 -3.212 -1 364
-3.091 -1 -2.748 -1 -2.98 -1 -3.242 -1 278
-3.111 -1 -2.804 -1 -2.958 -1 -3.204 -1 192
-3.081 -1 -2.73 -1 -3.114 -1 -3.314 -1 398
-3.214 -1 -2.844 -1 -3.056 -1 -3.29 -1 237
-3.173 -1 -2.826 -1 -3.09 -1 -3.304 -1 369
-3.197 -1 -2.834 -1 -3.158 -1 -3.352 -1 373
-3.255 -1 -2.922 -1 -3.022 -1 -3.294 -1 122
-3.158 -1 -2.884 -1 -3.116 -1 -3.308 -1 317
-3.212 -1 -2.878 -1 -3.158 -1 -3.322 -1 384
-3.24 -1 -2.94 -1 -3.032 -1 -3.202 -1 121
-3.117 -1 -2.808 -1 -2.882 -1 -3.206 -1 91
-3.044 -1 -2.756 -1 -3.026 -1 -3.3 -1 309
-3.163 -1 -2.86 -1 -2.898 -1 -3.14 -1 37
-3.019 -1 -2.74 -1 -2.852 -1 -3.148 -1 133
-3 -1 -2.704 -1 -2.984 -1 -3.216 -1 319
-3.1 -1 -2.728 -1 -2.764 -1 -3.17 -1 26
-2.967 -1 -2.638 -1 -2.682 -1 -3.11 -1 34
-2.896 -1 -2.66 -1 -2.69 -1 -3.074 -1 23
-2.882 -1 -2.578 -1 -2.706 -1 -3.09 -1 110
-2.898 -1 -2.59 -1 -2.636 -1 -3.006 -1 31
-2.821 -1 -2.55 -1 -2.922 -1 -3.238 -1 359
-3.08 -1 -2.818 -1 -2.88 -1 -3.214 -1 74
-3.047 -1 -2.766 -1 -2.988 -1 -3.17 -1 283
-3.079 -1 -2.744 -1 -3.01 -1 -3.324 -1 318
-3.167 -1 -2.868 -1 -2.936 -1 -3.252 -1 90
-3.094 -1 -2.784 -1 -2.96 -1 -3.24 -1 206
-3.1 -1 -2.794 -1 -2.81 -1 -3.118 -1 9
-2.964 -1 -2.662 -1 -2.864 -1 -3.178 -1 184
-3.021 -1 -2.72 -1 -3.03 -1 -3.206 -1 267
-3.118 -1 -2.782 -1 -2.984 -1 -3.274 -1 245
-3.129 -1 -2.8 -1 -2.856 -1 -3.17 -1 65
-3.013 -1 -2.764 -1 -3.038 -1 -3.282 -1 311
-3.16 -1 -2.882 -1 -3.094 -1 -3.236 -1 255
-3.165 -1 -2.832 -1 -2.932 -1 -3.182 -1 168
-3.057 -1 -2.766 -1 -2.84 -1 -3.104 -1 72
-2.972 -1 -2.736 -1 -2.984 -1 -3.2 -1 232
-3.092 -1 -2.738 -1 -3.048 -1 -3.304 -1 360
-3.176 -1 -2.818 -1 -3.062 -1 -3.296 -1 299
-3.179 -1 -2.878 -1 -2.928 -1 -3.172 -1 61
-3.05 -1 -2.716 -1 -2.912 -1 -3.146 -1 245
-3.029 -1 -2.7 -1 -2.98 -1 -3.224 -1 289
-3.102 -1 -2.716 -1 -3.008 -1 -3.268 -1 303
-3.138 -1 -2.816 -1 -2.986 -1 -3.176 -1 162
-3.081 -1 -2.722 -1 -2.808 -1 -3.1 -1 78
-2.954 -1 -2.658 -1 -2.668 -1 -3.066 -1 6
-2.867 -1 -2.606 -1 -2.95 -1 -3.21 -1 357
-3.08 -1 -2.78 -1 -2.926 -1 -3.162 -1 195
-3.044 -1 -2.688 -1 -2.746 -1 -3.05 -1 29
-2.898 -1 -2.664 -1 -3.016 -1 -3.282 -1 372
-3.149 -1 -2.872 -1 -3.142 -1 -3.344 -1 328
-3.243 -1 -2.916 -1 -3.102 -1 -3.308 -1 266
-3.205 -1 -2.88 -1 -3.166 -1 -3.332 -1 390
-3.249 -1 -2.948 -1 -3.014 -1 -3.232 -1 59
-3.123 -1 -2.82 -1 -2.97 -1 -3.256 -1 152
-3.113 -1 -2.794 -1 -2.96 -1 -3.258 -1 246
-3.109 -1 -2.82 -1 -2.948 -1 -3.25 -1 129
-3.099 -1 -2.806 -1 -2.846 -1 -3.146 -1 54
-2.996 -1 -2.702 -1 -2.714 -1 -3.036 -1 5
-2.875 -1 -2.624 -1 -2.83 -1 -3.122 -1 192
-2.976 -1 -2.678 -1 -2.866 -1 -3.056 -1 148
-2.961 -1 -2.696 -1 -2.92 -1 -3.164 -1 170
-3.042 -1 -2.75 -1 -2.788 -1 -3.078 -1 63
-2.933 -1 -2.638 -1 -2.71 -1 -3.046 -1 76
-2.878 -1 -2.596 -1 -2.9 -1 -3.17 -1 292
-3.035 -1 -2.69 -1 -2.706 -1 -3.028 -1 21
-2.867 -1 -2.582 -1 -2.744 -1 -3.148 -1 152
-2.946 -1 -2.614 -1 -2.728 -1 -3.096 -1 111
-2.912 -1 -2.628 -1 -3.022 -1 -3.262 -1 387
-3.142 -1 -2.842 -1 -3.112 -1 -3.272 -1 364
-3.192 -1 -2.876 -1 -2.99 -1 -3.212 -1 130
-3.101 -1 -2.812 -1 -2.992 -1 -3.22 -1 195
-3.106 -1 -2.754 -1 -3.014 -1 -3.272 -1 299
-3.143 -1 -2.808 -1 -3.088 -1 -3.334 -1 355
-3.211 -1 -2.93 -1 -3.128 -1 -3.282 -1 318
-3.205 -1 -2.878 -1 -3.064 -1 -3.232 -1 224
-3.148 -1 -2.79 -1 -2.826 -1 -3.13 -1 54
-2.978 -1 -2.726 -1 -2.9 -1 -3.248 -1 129
-3.074 -1 -2.74 -1 -2.928 -1 -3.198 -1 217
-3.063 -1 -2.756 -1 -2.914 -1 -3.212 -1 182
-3.063 -1 -2.774 -1 -3.072 -1 -3.264 -1 343
-3.168 -1 -2.87 -1 -3.096 -1 -3.252 -1 234
-3.174 -1 -2.844 -1 -3.042 -1 -3.304 -1 202
-3.173 -1 -2.868 -1 -3.182 -1 -3.328 -1 367
-3.255 -1 -2.934 -1 -3.134 -1 -3.34 -1 322
-3.237 -1 -2.902 -1 -2.95 -1 -3.286 -1 81
-3.118 -1 -2.798 -1 -3.042 -1 -3.274 -1 277
-3.158 -1 -2.818 -1 -2.846 -1 -3.23 -1 35
-3.038 -1 -2.734 -1 -2.858 -1 -3.084 -1 123
-2.971 -1 -2.682 -1 -2.808 -1 -3.128 -1 95
-2.968 -1 -2.712 -1 -2.752 -1 -3.16 -2 22
-2.956 -1 -2.69 -1 -2.986 -1 -3.288 -1 316
-3.137 -1 -2.818 -1 -2.886 -1 -3.176 -1 46
-3.031 -1 -2.726 -1 -3.028 -1 -3.288 -1 346
-3.158 -1 -2.858 -1 -3.138 -1 -3.366 -1 395
-3.252 -1 -2.902 -1 -3.102 -1 -3.314 -1 315
-3.208 -1 -2.82 -1 -2.966 -1 -3.248 -1 256
-3.107 -1 -2.82 -1 -3.166 -1 -3.398 -1 384
-3.282 -1 -2.984 -1 -3.036 -1 -3.282 -1 103
-3.159 -1 -2.842 -1 -3.126 -1 -3.338 -1 352
-3.232 -1 -2.916 -1 -3.068 -1 -3.274 -1 249
-3.171 -1 -2.886 -1 -2.884 -1 -3.21 -1 20
-3.047 -1 -2.75 -1 -3.1 -1 -3.27 -1 394
-3.185 -1 -2.894 -1 -2.926 -1 -3.212 -1 23
-3.069 -1 -2.804 -1 -2.904 -1 -3.182 -1 145
-3.043 -1 -2.776 -1 -3.14 -1 -3.392 -1 343
-3.266 -1 -2.944 -1 -2.962 -1 -3.298 -1 39
-3.13 -1 -2.786 -1 -2.972 -1 -3.188 -1 239
-3.08 -1 -2.76 -1 -2.986 -1 -3.218 -1 209
-3.102 -1 -2.784 -1 -2.988 -1 -3.214 -1 210
-3.101 -1 -2.798 -1 -2.964 -1 -3.23 -1 177
-3.097 -1 -2.826 -1 -3.112 -1 -3.364 -1 355
-3.238 -1 -2.922 -1 -2.924 -1 -3.224 -1 20
-3.074 -1 -2.786 -1 -2.99 -1 -3.3 -1 237
-3.145 -1 -2.814 -1 -2.856 -1 -3.142 -1 26
-2.999 -1 -2.722 -1 -2.89 -1 -3.134 -1 159
-3.012 -1 -2.738 -1 -3.068 -1 -3.266 -1 373
-3.167 -1 -2.868 -1 -2.998 -1 -3.196 -1 136
-3.097 -1 -2.816 -1 -3.114 -1 -3.246 -1 363
-3.18 -1 -2.838 -1 -2.922 -1 -3.234 -1 89
-3.078 -1 -2.754 -1 -2.966 -1 -3.184 -1 264
-3.075 -1 -2.792 -1 -2.876 -1 -3.148 -1 86
-3.012 -1 -2.7 -1 -2.862 -1 -3.116 -1 147
-2.989 -1 -2.69 -1 -2.99 -1 -3.252 -1 313
-3.121 -1 -2.842 -1 -2.974 -1 -3.186 -1 156
-3.08 -1 -2.732 -1 -3.052 -1 -3.244 -1 291
-3.148 -1 -2.83 -1 -3.024 -1 -3.258 -1 192
-3.141 -1 -2.834 -1 -3.122 -1 -3.362 -1 352
-3.242 -1 -2.902 -1 -3.162 -1 -3.32 -1 354
-3.241 -1 -2.924 -1 -3.16 -1 -3.376 -1 290
-3.268 -1 -3.022 -1 -3.206 -1 -3.372 -1 255
-3.289 -1 -2.962 -1 -3.202 -1 -3.318 -1 356
-3.26 -1 -2.908 -1 -3.138 -1 -3.282 -1 398
-3.21 -1 -2.876 -1 -2.926 -1 -3.176 -1 32
-3.051 -1 -2.712 -1 -2.93 -1 -3.214 -1 194
-3.072 -1 -2.774 -1 -2.804 -1 -3.16 -1 34
-2.982 -1 -2.674 -1 -2.788 -1 -3.158 -1 129
-2.973 -1 -2.676 -1 -2.986 -1 -3.244 -1 274
-3.115 -1 -2.808 -1 -2.96 -1 -3.2 -1 180
-3.08 -1 -2.768 -1 -2.78 -1 -3.094 -1 14
-2.937 -1 -2.664 -1 -2.776 -1 -3.094 -1 114
-2.935 -1 -2.626 -1 -2.922 -1 -3.144 -1 269
-3.033 -1 -2.69 -1 -3.046 -1 -3.28 -1 398
-3.163 -1 -2.822 -1 -2.96 -1 -3.258 -1 153
-3.109 -1 -2.79 -1 -2.804 -1 -3.096 -1 29
-2.95 -1 -2.656 -1 -2.716 -1 -3.072 -1 59
-2.894 -1 -2.594 -1 -2.602 -1 -3.046 -1 7
-2.824 -1 -2.566 -1 -2.754 -1 -3.132 -1 214
-2.943 -1 -2.66 -1 -2.798 -1 -3.084 -1 109
-2.941 -1 -2.662 -1 -2.8 -1 -3.09 -1 132
-2.945 -1 -2.706 -1 -2.97 -1 -3.21 -1 306
-3.09 -1 -2.784 -1 -2.824 -1 -3.122 -1 38
-2.973 -1 -2.646 -1 -2.73 -1 -3.138 -1 86
-2.934 -1 -2.622 -1 -2.934 -1 -3.174 -1 328
-3.054 -1 -2.714 -1 -2.822 -1 -3.17 -1 104
-2.996 -1 -2.658 -1 -2.766 -1 -3.106 -1 103
-2.936 -1 -2.626 -1 -2.82 -1 -3.114 -1 190
-2.967 -1 -2.634 -1 -2.82 -1 -3.18 -1 149
-3 -1 -2.67 -1 -2.748 -1 -3.086 -1 63
-2.917 -1 -2.626 -1 -2.992 -1 -3.208 -1 362
-3.1 -1 -2.77 -1 -2.926 -1 -3.14 -1 154
-3.033 -1 -2.73 -1 -2.86 -1 -3.186 -1 125
-3.023 -1 -2.764 -1 -3.122 -1 -3.324 -1 381
-3.223 -1 -2.932 -1 -2.932 -1 -3.23 -1 8
-3.081 -1 -2.768 -1 -3.016 -1 -3.238 -1 281
-3.127 -1 -2.784 -1 -3.01 -1 -3.244 -1 199
-3.127 -1 -2.774 -1 -2.816 -1 -3.122 -1 38
-2.969 -1 -2.658 -1 -2.832 -1 -3.156 -1 129
-2.994 -1 -2.7 -1 -2.946 -1 -3.248 -1 221
-3.097 -1 -2.786 -1 -3.15 -1 -3.306 -1 387
-3.228 -1 -2.924 -1 -3.136 -1 -3.364 -1 364
-3.25 -1 -2.944 -1 -3.048 -1 -3.296 -1 135
-3.172 -1 -2.872 -1 -2.91 -1 -3.172 -1 49
-3.041 -1 -2.746 -1 -2.788 -1 -3.136 -1 59
-2.962 -1 -2.692 -1 -2.962 -1 -3.278 -1 265
-3.12 -1 -2.846 -1 -3.148 -1 -3.364 -2 372
-3.256 -1 -2.928 -1 -2.936 -1 -3.236 -1 9
-3.086 -1 -2.832 -1 -3.114 -1 -3.32 -1 351
-3.217 -1 -2.932 -1 -3.11 -1 -3.302 -1 209
-3.206 -1 -2.932 -1 -3.06 -1 -3.278 -1 180
-3.169 -1 -2.828 -1 -2.924 -1 -3.206 -1 85
-3.065 -1 -2.75 -1 -2.918 -1 -3.258 -1 179
-3.088 -1 -2.77 -1 -2.87 -1 -3.206 -1 104
-3.038 -1 -2.758 -1 -3.082 -1 -3.278 -1 349
-3.18 -1 -2.876 -1 -3.1 -1 -3.218 -1 283
-3.159 -1 -2.902 -1 -3.062 -1 -3.394 -1 233
-3.228 -1 -2.934 -1 -3.052 -1 -3.338 -1 161
-3.195 -1 -2.888 -1 -2.972 -1 -3.254 -1 119
-3.113 -1 -2.762 -1 -2.856 -1 -3.202 -1 99
-3.029 -1 -2.73 -1 -2.898 -1 -3.174 -1 189
-3.036 -1 -2.712 -1 -2.954 -1 -3.184 -1 204
-3.069 -1 -2.726 -1 -2.778 -1 -3.142 -1 51
-2.96 -1 -2.644 -1 -2.898 -1 -3.206 -1 260
-3.052 -1 -2.758 -1 -2.966 -1 -3.29 -1 184
-3.128 -1 -2.818 -1 -3.026 -1 -3.222 -1 252
-3.124 -1 -2.792 -1 -3.054 -1 -3.246 -1 266
-3.15 -1 -2.83 -1 -3.066 -1 -3.3 -1 247
-3.183 -1 -2.884 -1 -2.992 -1 -3.248 -1 155
-3.12 -1 -2.812 -1 -3.172 -1 -3.32 -1 374
-3.246 -1 -2.912 -1 -2.992 -1 -3.216 -1 112
-3.104 -1 -2.858 -1 -3.062 -1 -3.248 -1 198
-3.155 -1 -2.794 -1 -2.954 -1 -3.212 -1 174
-3.083 -1 -2.774 -1 -2.99 -1 -3.246 -1 241
-3.118 -1 -2.78 -1 -2.892 -1 -3.182 -1 133
-3.037 -1 -2.7 -1 -2.834 -1 -3.146 -1 96
-2.99 -1 -2.704 -1 -2.754 -1 -3.128 -1 65
-2.941 -1 -2.65 -1 -2.858 -1 -3.196 -1 184
-3.027 -1 -2.734 -1 -3.09 -1 -3.224 -1 394
-3.157 -1 -2.796 -1 -3.002 -1 -3.224 -1 195
-3.113 -1 -2.822 -1 -2.846 -1 -3.066 -1 16
-2.956 -1 -2.646 -1 -2.808 -1 -3.18 -1 188
-2.994 -1 -2.72 -1 -3.05 -1 -3.292 -1 389
-3.171 -1 -2.832 -1 -3.05 -1 -3.268 -1 282
-3.159 -1 -2.806 -1 -2.966 -1 -3.31 -1 176
-3.138 -1 -2.808 -1 -3.094 -1 -3.308 -1 395
-3.201 -1 -2.866 -1 -3.014 -1 -3.296 -1 182
-3.155 -1 -2.856 -1 -3.086 -1 -3.236 -1 368
-3.161 -1 -2.848 -1 -3.07 -1 -3.276 -1 311
-3.173 -1 -2.83 -1 -2.834 -1 -3.19 -1 6
-3.012 -1 -2.722 -1 -3.046 -1 -3.262 -1 347
-3.154 -1 -2.818 -1 -2.866 -1 -3.154 -1 45
-3.01 -1 -2.706 -1 -3.002 -1 -3.254 -2 344
-3.128 -1 -2.83 -1 -3.128 -1 -3.378 -1 333
-3.253 -1 -2.924 -1 -2.94 -1 -3.126 -1 25
-3.033 -1 -2.728 -1 -2.756 -1 -3.152 -1 35
-2.954 -1 -2.676 -1 -2.724 -1 -3.104 -1 43
-2.914 -1 -2.668 -1 -3.008 -1 -3.272 -1 335
-3.14 -1 -2.8 -1 -3.076 -1 -3.312 -1 355
-3.194 -1 -2.848 -1 -3.092 -1 -3.29 -1 311
-3.191 -1 -2.922 -1 -2.922 -1 -3.186 -1 21
-3.054 -1 -2.74 -1 -2.898 -1 -3.166 -1 201
-3.032 -1 -2.748 -1 -3.032 -1 -3.286 -1 375
-3.159 -1 -2.852 -1 -2.886 -1 -3.208 -1 47
-3.047 -1 -2.778 -1 -2.874 -1 -3.188 -1 102
-3.031 -1 -2.69 -1 -2.894 -1 -3.154 -1 228
-3.024 -1 -2.698 -1 -2.888 -1 -3.17 -1 153
-3.029 -1 -2.728 -1 -2.87 -1 -3.092 -1 183
-2.981 -1 -2.694 -1 -2.95 -1 -3.194 -1 278
-3.072 -1 -2.734 -1 -3.084 -1 -3.312 -1 383
-3.198 -1 -2.884 -1 -2.94 -1 -3.226 -1 80
-3.083 -1 -2.738 -1 -2.946 -1 -3.162 -1 192
-3.054 -1 -2.77 -1 -2.874 -1 -3.176 -1 79
-3.025 -1 -2.646 -1 -2.722 -1 -3.062 -1 47
-2.892 -1 -2.61 -1 -3 -1 -3.27 -1 341
-3.135 -1 -2.766 -1 -3.008 -1 -3.246 -1 249
-3.127 -1 -2.814 -1 -2.908 -1 -3.154 -1 95
-3.031 -1 -2.726 -1 -2.81 -1 -3.19 -1 70
-3 -1 -2.722 -1 -2.976 -1 -3.25 -1 331
-3.113 -1 -2.774 -1 -2.96 -1 -3.218 -1 189
-3.089 -1 -2.802 -1 -2.934 -1 -3.202 -1 156
-3.068 -1 -2.732 -1 -2.84 -1 -3.136 -1 125
-2.988 -1 -2.706 -1 -2.914 -1 -3.2 -1 215
-3.057 -1 -2.748 -1 -3.076 -1 -3.358 -1 393
-3.217 -1 -2.9 -1 -2.996 -1 -3.284 -1 163
-3.14 -1 -2.834 -1 -2.912 -1 -3.236 -1 72
-3.074 -1 -2.77 -1 -2.896 -1 -3.308 -1 125
-3.102 -1 -2.796 -1 -3.128 -1 -3.288 -1 391
-3.208 -1 -2.86 -1 -3.058 -1 -3.282 -1 270
-3.17 -1 -2.86 -1 -3.134 -1 -3.298 -1 342
-3.216 -1 -2.904 -1 -2.952 -1 -3.248 -1 49
-3.1 -1 -2.78 -1 -2.978 -1 -3.24 -1 180
-3.109 -1 -2.822 -1 -3.05 -1 -3.284 -1 256
-3.167 -1 -2.844 -1 -2.908 -1 -3.246 -1 71
-3.077 -1 -2.802 -1 -3.082 -1 -3.264 -1 294
-3.173 -1 -2.862 -1 -3.128 -1 -3.372 -2 357
-3.25 -1 -3.002 -1 -3.112 -1 -3.284 -1 196
-3.198 -1 -2.902 -1 -2.902 -1 -3.138 -1 1
-3.02 -1 -2.712 -1 -2.894 -1 -3.186 -1 181
-3.04 -1 -2.738 -1 -2.764 -1 -3.146 -1 42
-2.955 -1 -2.69 -1 -2.696 -1 -3.124 -1 8
-2.91 -1 -2.57 -1 -2.65 -1 -3.006 -1 84
-2.828 -1 -2.562 -1 -2.68 -1 -3.066 -1 99
-2.873 -1 -2.564 -1 -2.872 -1 -3.188 -1 230
-3.03 -1 -2.684 -1 -2.996 -1 -3.284 -1 306
-3.14 -1 -2.804 -1 -2.896 -1 -3.226 -1 143
-3.061 -1 -2.76 -1 -2.954 -1 -3.228 -1 220
-3.091 -1 -2.774 -1 -3.084 -1 -3.25 -1 343
-3.167 -1 -2.828 -1 -3.098 -1 -3.4 -1 305
-3.249 -1 -2.906 -1 -3.036 -1 -3.252 -1 164
-3.144 -1 -2.812 -1 -3.012 -1 -3.284 -1 209
-3.148 -1 -2.858 -1 -3.04 -1 -3.288 -1 168
-3.164 -1 -2.862 -1 -3.072 -1 -3.3 -1 284
-3.186 -1 -2.846 -1 -2.9 -1 -3.234 -1 66
-3.067 -1 -2.752 -1 -2.97 -1 -3.238 -1 214
-3.104 -1 -2.8 -1 -2.998 -1 -3.308 -1 206
-3.153 -1 -2.822 -1 -3.004 -1 -3.26 -1 260
-3.132 -1 -2.82 -1 -3.08 -1 -3.304 -1 393
-3.192 -1 -2.878 -1 -2.882 -1 -3.214 -2 2
-3.048 -1 -2.786 -1 -2.896 -1 -3.18 -1 128
-3.038 -1 -2.732 -1 -3.032 -1 -3.286 -1 335
-3.159 -1 -2.816 -1 -3.052 -1 -3.28 -1 290
-3.166 -1 -2.824 -1 -3.112 -1 -3.368 -1 342
-3.24 -1 -2.884 -1 -3.026 -1 -3.264 -1 276
-3.145 -1 -2.82 -1 -2.862 -1 -3.138 -1 93
-3 -1 -2.694 -1 -2.794 -1 -3.142 -1 88
-2.968 -1 -2.644 -1 -2.976 -1 -3.224 -1 307
-3.1 -1 -2.786 -1 -2.93 -1 -3.236 -1 157
-3.083 -1 -2.738 -1 -2.866 -1 -3.23 -1 115
-3.048 -1 -2.748 -1 -2.978 -1 -3.206 -1 239
-3.092 -1 -2.762 -1 -2.966 -1 -3.258 -1 244
-3.112 -1 -2.794 -1 -2.916 -1 -3.238 -1 112
-3.077 -1 -2.704 -1 -2.706 -1 -3.108 -1 2
-2.907 -1 -2.63 -1 -2.964 -1 -3.222 -1 322
-3.093 -1 -2.75 -1 -2.918 -1 -3.222 -1 142
-3.07 -1 -2.748 -1 -3 -1 -3.202 -1 293
-3.101 -1 -2.824 -1 -3.092 -1 -3.298 -1 348
-3.195 -1 -2.864 -1 -2.886 -1 -3.116 -1 22
-3.001 -1 -2.67 -1 -2.902 -1 -3.166 -1 264
-3.034 -1 -2.742 -1 -2.952 -1 -3.124 -1 213
-3.038 -1 -2.72 -1 -3.036 -1 -3.3 -1 398
-3.168 -1 -2.862 -1 -3.14 -1 -3.298 -1 332
-3.219 -1 -2.96 -1 -3.09 -1 -3.266 -1 194
-3.178 -1 -2.902 -1 -3.134 -1 -3.274 -1 287
-3.204 -1 -2.854 -1 -2.914 -1 -3.21 -1 78
-3.062 -1 -2.828 -1 -2.9 -1 -3.17 -2 61
-3.035 -1 -2.766 -1 -2.856 -1 -3.174 -1 89
-3.015 -1 -2.726 -1 -2.874 -1 -3.218 -1 158
-3.046 -1 -2.746 -1 -3.066 -1 -3.27 -1 387
-3.168 -1 -2.874 -1 -3.042 -1 -3.334 -1 154
-3.188 -1 -2.918 -1 -3.038 -1 -3.32 -2 125
-3.179 -1 -2.856 -1 -2.922 -1 -3.15 -1 73
-3.036 -1 -2.752 -1 -2.914 -1 -3.258 -1 159
-3.086 -1 -2.768 -1 -3.032 -1 -3.266 -1 266
-3.149 -1 -2.822 -1 -2.822 -1 -3.148 -1 11
-2.985 -1 -2.724 -1 -3.02 -1 -3.22 -1 295
-3.12 -1 -2.82 -1 -3.084 -1 -3.332 -1 318
-3.208 -1 -2.906 -1 -3.052 -1 -3.328 -1 208
-3.19 -1 -2.844 -1 -3.076 -1 -3.332 -1 301
-3.204 -1 -2.924 -1 -3.112 -1 -3.338 -1 343
-3.225 -1 -2.89 -1 -3.048 -1 -3.344 -1 192
-3.196 -1 -2.852 -1 -3.1 -1 -3.338 -1 259
-3.219 -1 -2.884 -1 -3.022 -1 -3.304 -1 163
-3.163 -1 -2.882 -1 -3.08 -1 -3.222 -1 200
-3.151 -1 -2.848 -1 -2.952 -1 -3.17 -1 126
-3.061 -1 -2.834 -1 -3.062 -1 -3.252 -1 268
-3.157 -1 -2.84 -1 -3.112 -1 -3.364 -1 382
-3.238 -1 -2.974 -1 -3.08 -1 -3.266 -1 99
-3.173 -1 -2.868 -1 -2.976 -1 -3.242 -1 124
-3.109 -1 -2.796 -1 -2.996 -1 -3.232 -1 225
-3.114 -1 -2.806 -1 -2.82 -1 -3.16 -1 19
-2.99 -1 -2.67 -1 -2.884 -1 -3.19 -1 252
-3.037 -1 -2.746 -1 -2.746 -1 -3.1 -1 14
-2.923 -1 -2.654 -1 -2.99 -1 -3.176 -1 342
-3.083 -1 -2.732 -1 -3.052 -1 -3.32 -1 343
-3.186 -1 -2.846 -1 -3.136 -1 -3.372 -1 366
-3.254 -1 -2.95 -1 -2.998 -1 -3.29 -1 74
-3.144 -1 -2.882 -1 -3.068 -1 -3.308 -1 257
-3.188 -1 -2.88 -1 -3.006 -1 -3.236 -1 157
-3.121 -1 -2.85 -1 -3.162 -1 -3.346 -1 358
-3.254 -1 -2.948 -1 -3.092 -1 -3.322 -1 194
-3.207 -1 -2.864 -1 -3.146 -1 -3.388 -1 340
-3.267 -1 -2.976 -1 -3.088 -1 -3.286 -1 202
-3.187 -1 -2.88 -1 -2.984 -1 -3.276 -1 89
-3.13 -1 -2.76 -1 -2.76 -1 -3.126 -1 0
-2.943 -1 -2.654 -1 -3 -1 -3.184 -1 325
-3.092 -1 -2.764 -1 -3.038 -1 -3.208 -1 258
-3.123 -1 -2.758 -1 -3.06 -1 -3.266 -1 241
-3.163 -1 -2.842 -1 -2.876 -1 -3.142 -1 56
-3.009 -1 -2.694 -1 -2.758 -1 -3.074 -1 59
-2.916 -1 -2.596 -1 -2.958 -1 -3.232 -1 375
-3.095 -1 -2.786 -1 -2.818 -1 -3.126 -1 29
-2.972 -1 -2.67 -1 -2.75 -1 -3.108 -1 50
-2.929 -1 -2.674 -1 -2.716 -1 -3.056 -1 33
-2.886 -1 -2.568 -1 -2.966 -1 -3.208 -1 369
-3.087 -1 -2.738 -1 -2.884 -1 -3.158 -1 162
-3.021 -1 -2.73 -1 -2.944 -1 -3.23 -1 275
-3.087 -1 -2.8 -1 -2.922 -1 -3.166 -1 115
-3.044 -1 -2.748 -1 -2.792 -1 -3.114 -1 58
-2.953 -1 -2.64 -1 -2.974 -1 -3.234 -1 377
-3.104 -1 -2.8 -1 -2.968 -1 -3.218 -1 301
-3.093 -1 -2.8 -1 -2.806 -1 -3.158 -1 17
-2.982 -1 -2.718 -1 -2.924 -1 -3.174 -1 197
-3.049 -1 -2.758 -1 -2.764 -1 -3.106 -1 4
-2.935 -1 -2.71 -1 -2.918 -1 -3.218 -1 262
-3.068 -1 -2.782 -1 -3.07 -1 -3.286 -1 328
-3.178 -1 -2.856 -1 -3.054 -1 -3.234 -1 211
-3.144 -1 -2.802 -1 -3.08 -1 -3.34 -1 398
-3.21 -1 -2.84 -1 -3.03 -1 -3.27 -1 324
-3.15 -1 -2.882 -1 -3.1 -1 -3.312 -1 271
-3.206 -1 -2.944 -1 -3.144 -1 -3.39 -1 283
-3.267 -1 -2.952 -1 -3.028 -1 -3.262 -1 97
-3.145 -1 -2.81 -1 -2.876 -1 -3.172 -1 88
-3.024 -1 -2.736 -1 -2.898 -1 -3.226 -1 164
-3.062 -1 -2.796 -1 -2.856 -1 -3.156 -1 45
-3.006 -1 -2.73 -1 -2.778 -1 -3.174 -1 53
-2.976 -1 -2.682 -1 -2.828 -1 -3.144 -1 138
-2.986 -1 -2.674 -1 -2.734 -1 -3.148 -1 65
-2.941 -1 -2.65 -1 -3.042 -1 -3.262 -1 377
-3.152 -1 -2.824 -1 -2.956 -1 -3.19 -1 103
-3.073 -1 -2.788 -1 -2.834 -1 -3.07 -1 44
-2.952 -1 -2.62 -1 -2.634 -1 -3.002 -1 8
-2.818 -1 -2.558 -1 -2.802 -1 -3.148 -1 198
-2.975 -1 -2.66 -1 -2.73 -1 -3.098 -1 78
-2.914 -1 -2.63 -1 -2.998 -1 -3.192 -1 348
-3.095 -1 -2.808 -1 -2.892 -1 -3.17 -1 111
-3.031 -1 -2.746 -1 -2.832 -1 -3.176 -1 120
-3.004 -1 -2.714 -1 -2.808 -1 -3.092 -2 79
-2.95 -1 -2.674 -1 -2.812 -1 -3.078 -1 181
-2.945 -1 -2.638 -1 -3.008 -1 -3.22 -1 397
-3.114 -1 -2.756 -1 -2.802 -1 -3.004 -1 54
-2.903 -1 -2.642 -1 -2.782 -1 -3.08 -1 85
-2.931 -1 -2.59 -1 -2.9 -1 -3.19 -1 317
-3.045 -1 -2.698 -1 -2.836 -1 -3.128 -1 208
-2.982 -1 -2.7 -1 -2.79 -1 -3.14 -1 86
-2.965 -1 -2.658 -1 -2.782 -1 -3.084 -1 101
-2.933 -1 -2.658 -1 -2.996 -1 -3.248 -1 377
-3.122 -1 -2.822 -1 -3.128 -1 -3.288 -1 349
-3.208 -1 -2.874 -1 -2.908 -1 -3.132 -1 31
-3.02 -1 -2.668 -1 -2.788 -1 -3.106 -1 132
-2.947 -1 -2.644 -1 -2.924 -1 -3.136 -1 240
-3.03 -1 -2.712 -1 -3.076 -1 -3.296 -1 393
-3.186 -1 -2.838 -1 -3.098 -1 -3.306 -1 344
-3.202 -1 -2.854 -1 -2.954 -1 -3.232 -1 92
-3.093 -1 -2.796 -1 -3.024 -1 -3.228 -1 220
-3.126 -1 -2.798 -1 -3.024 -1 -3.286 -1 262
-3.155 -1 -2.824 -1 -2.87 -1 -3.214 -1 40
-3.042 -1 -2.748 -1 -3.014 -1 -3.284 -1 297
-3.149 -1 -2.876 -1 -3.036 -1 -3.238 -1 159
-3.137 -1 -2.792 -1 -3.056 -1 -3.24 -1 255
-3.148 -1 -2.838 -1 -3.014 -1 -3.278 -1 170
-3.146 -1 -2.804 -1 -3.114 -1 -3.338 -1 352
-3.226 -1 -2.93 -1 -3.114 -1 -3.294 -1 266
-3.204 -1 -2.904 -1 -3.058 -1 -3.254 -1 180
-3.156 -1 -2.866 -1 -2.884 -1 -3.138 -1 20
-3.011 -1 -2.728 -1 -2.984 -1 -3.228 -1 298
-3.106 -1 -2.81 -1 -3.062 -1 -3.31 -1 314
-3.186 -1 -2.882 -1 -3 -1 -3.264 -1 140
-3.132 -1 -2.818 -1 -2.978 -1 -3.158 -1 162
-3.068 -1 -2.76 -1 -3.03 -1 -3.294 -1 336
-3.162 -1 -2.854 -1 -3.11 -1 -3.362 -2 326
-3.236 -1 -2.93 -1 -2.93 -1 -3.174 -1 0
-3.052 -1 -2.788 -1 -3.088 -1 -3.302 -1 360
-3.195 -1 -2.928 -1 -3.134 -1 -3.314 -1 259
-3.224 -1 -2.866 -1 -2.868 -1 -3.176 -1 2
-3.022 -1 -2.766 -1 -2.832 -1 -3.184 -1 139
-3.008 -1 -2.702 -1 -2.988 -1 -3.208 -1 264
-3.098 -1 -2.814 -1 -3.07 -1 -3.356 -1 367
-3.213 -1 -2.902 -1 -2.942 -1 -3.234 -2 44
-3.088 -1 -2.774 -1 -3.04 -1 -3.312 -2 308
-3.176 -1 -2.892 -1 -3.062 -1 -3.288 -1 224
-3.175 -1 -2.822 -1 -3.002 -1 -3.304 -2 195
-3.153 -1 -2.896 -1 -2.918 -1 -3.206 -1 94
-3.062 -1 -2.76 -1 -3.022 -1 -3.296 -1 261
-3.159 -1 -2.904 -1 -2.92 -1 -3.14 -1 52
-3.03 -1 -2.74 -1 -2.98 -1 -3.214 -1 324
-3.097 -1 -2.786 -1 -2.798 -1 -3.118 -1 10
-2.958 -1 -2.672 -1 -2.782 -1 -3.126 -1 88
-2.954 -1 -2.634 -1 -2.94 -1 -3.176 -1 273
-3.058 -1 -2.768 -1 -3.03 -1 -3.24 -1 393
-3.135 -1 -2.78 -1 -3.008 -1 -3.252 -1 279
-3.13 -1 -2.792 -1 -2.9 -1 -3.126 -1 80
-3.013 -1 -2.694 -1 -2.868 -1 -3.182 -1 118
-3.025 -1 -2.71 -1 -2.826 -1 -3.144 -1 85
-2.985 -1 -2.696 -1 -2.788 -1 -3.072 -1 111
-2.93 -1 -2.648 -1 -2.902 -1 -3.18 -1 308
-3.041 -1 -2.766 -1 -2.816 -1 -3.158 -1 41
-2.987 -1 -2.73 -1 -2.772 -1 -3.14 -1 80
-2.956 -1 -2.676 -1 -2.68 -1 -3.056 -1 11
-2.868 -1 -2.606 -1 -2.698 -1 -3.048 -1 65
-2.873 -1 -2.616 -1 -2.778 -1 -3.09 -1 119
-2.934 -1 -2.598 -1 -2.704 -1 -3.012 -1 84
-2.858 -1 -2.586 -1 -2.814 -1 -3.068 -1 211
-2.941 -1 -2.618 -1 -2.61 -1 -3.072 -1 9
-2.841 -1 -2.574 -1 -2.576 -1 -2.992 -1 1
-2.784 -1 -2.532 -1 -2.776 -1 -3.036 -1 229
-2.906 -1 -2.606 -1 -2.71 -1 -3.094 -1 139
-2.902 -1 -2.61 -1 -2.694 -1 -3.086 -1 102
-2.89 -1 -2.578 -1 -2.822 -1 -3.172 -1 216
-2.997 -1 -2.692 -1 -2.746 -1 -3.088 -1 47
-2.917 -1 -2.624 -1 -2.876 -1 -3.112 -1 245
-2.994 -1 -2.702 -1 -3.014 -1 -3.268 -1 339
-3.141 -1 -2.768 -1 -2.952 -1 -3.156 -1 166
-3.054 -1 -2.716 -1 -2.99 -1 -3.244 -1 329
-3.117 -1 -2.834 -1 -2.936 -1 -3.234 -1 139
-3.085 -1 -2.724 -1 -2.744 -1 -3.066 -1 19
-2.905 -1 -2.618 -1 -2.762 -1 -3.12 -1 132
-2.941 -1 -2.662 -1 -2.672 -1 -3.106 -1 9
-2.889 -1 -2.58 -1 -2.644 -1 -3.008 -1 51
-2.826 -1 -2.538 -1 -2.598 -1 -2.938 -1 35
-2.768 -1 -2.548 -1 -2.924 -1 -3.152 -1 328
-3.038 -1 -2.72 -1 -2.93 -1 -3.168 -1 190
-3.049 -1 -2.732 -1 -3.012 -1 -3.21 -1 382
-3.111 -1 -2.802 -1 -2.954 -1 -3.194 -1 203
-3.074 -1 -2.778 -1 -2.864 -1 -3.156 -1 108
-3.01 -1 -2.688 -1 -2.83 -1 -3.168 -1 117
-2.999 -1 -2.686 -1 -2.894 -1 -3.244 -1 239
-3.069 -1 -2.762 -1 -2.8 -1 -3.134 -1 50
-2.967 -1 -2.646 -1 -2.914 -1 -3.166 -1 253
-3.04 -1 -2.732 -1 -2.772 -1 -3.14 -1 48
-2.956 -1 -2.652 -1 -2.95 -1 -3.21 -1 282
-3.08 -1 -2.762 -1 -2.984 -1 -3.292 -1 235
-3.138 -1 -2.812 -1 -2.976 -1 -3.218 -1 204
-3.097 -1 -2.816 -1 -2.948 -1 -3.158 -1 188
-3.053 -1 -2.684 -1 -2.95 -1 -3.23 -1 293
-3.09 -1 -2.812 -1 -2.874 -1 -3.222 -1 84
-3.048 -1 -2.762 -1 -2.922 -1 -3.208 -1 179
-3.065 -1 -2.754 -1 -3.052 -1 -3.356 -1 370
-3.204 -1 -2.86 -1 -3.102 -1 -3.248 -1 362
-3.175 -1 -2.878 -1 -3.068 -1 -3.268 -1 216
-3.168 -1 -2.85 -1 -3.096 -1 -3.292 -1 352
-3.194 -1 -2.884 -1 -3.1 -1 -3.328 -1 324
-3.214 -1 -2.908 -1 -2.97 -1 -3.208 -1 127
-3.089 -1 -2.804 -1 -2.886 -1 -3.196 -1 84
-3.041 -1 -2.724 -1 -2.736 -1 -3.078 -1 13
-2.907 -1 -2.618 -1 -2.664 -1 -3.08 -1 56
-2.872 -1 -2.63 -1 -2.856 -1 -3.156 -1 243
-3.006 -1 -2.738 -1 -3.046 -1 -3.326 -1 351
-3.186 -1 -2.85 -1 -2.88 -1 -3.17 -1 46
-3.025 -1 -2.728 -1 -2.894 -1 -3.242 -1 170
-3.068 -1 -2.79 -1 -2.938 -1 -3.162 -1 165
-3.05 -1 -2.754 -1 -3.022 -1 -3.274 -1 304
-3.148 -1 -2.832 -1 -2.946 -1 -3.206 -1 102
-3.076 -1 -2.776 -1 -3.098 -1 -3.298 -1 360
-3.198 -1 -2.838 -1 -2.942 -1 -3.16 -1 92
-3.051 -1 -2.712 -1 -2.712 -1 -3.07 -1 1
-2.891 -1 -2.618 -1 -2.672 -1 -3.052 -1 66
-2.862 -1 -2.568 -1 -2.95 -1 -3.206 -1 314
-3.078 -1 -2.722 -1 -2.816 -1 -3.172 -1 84
-2.994 -1 -2.702 -1 -2.986 -1 -3.218 -1 338
-3.102 -1 -2.78 -1 -2.83 -1 -3.028 -1 82
-2.929 -1 -2.598 -1 -2.782 -1 -3.154 -1 161
-2.968 -1 -2.604 -1 -2.93 -1 -3.206 -1 327
-3.068 -1 -2.7 -1 -3.036 -1 -3.304 -1 318
-3.17 -1 -2.866 -1 -3.122 -1 -3.296 -1 366
-3.209 -1 -2.928 -1 -3.186 -1 -3.326 -1 393
-3.256 -1 -2.938 -1 -3.106 -1 -3.376 -1 220
-3.241 -1 -2.908 -1 -3.116 -1 -3.308 -1 284
-3.212 -1 -2.834 -1 -3.018 -1 -3.298 -1 226
-3.158 -1 -2.832 -1 -2.876 -1 -3.24 -2 74
-3.058 -1 -2.754 -1 -3.032 -1 -3.252 -1 277
-3.142 -1 -2.864 -1 -2.888 -1 -3.244 -1 14
-3.066 -1 -2.752 -1 -2.908 -1 -3.212 -1 184
-3.06 -1 -2.754 -1 -2.93 -1 -3.226 -1 176
-3.078 -1 -2.772 -1 -3.008 -1 -3.242 -1 319
-3.125 -1 -2.856 -1 -3.074 -1 -3.334 -1 260
-3.204 -1 -2.884 -1 -3.172 -1 -3.34 -1 388
-3.256 -1 -2.976 -1 -3.22 -1 -3.352 -1 323
-3.286 -1 -2.946 -1 -3.136 -1 -3.31 -1 242
-3.223 -1 -2.906 -1 -3.148 -1 -3.318 -1 333
-3.233 -1 -2.922 -1 -3.186 -1 -3.39 -2 303
-3.288 -1 -2.888 -1 -3.022 -1 -3.272 -1 254
-3.147 -1 -2.824 -1 -2.946 -1 -3.254 -1 108
-3.1 -1 -2.82 -1 -2.924 -1 -3.234 -1 115
-3.079 -1 -2.804 -1 -2.996 -1 -3.246 -1 245
-3.121 -1 -2.782 -1 -2.916 -1 -3.194 -1 140
-3.055 -1 -2.754 -1 -2.784 -1 -3.096 -1 29
-2.94 -1 -2.69 -1 -2.928 -1 -3.17 -1 269
-3.049 -1 -2.784 -1 -2.836 -1 -3.21 -1 35
-3.023 -1 -2.794 -1 -3.044 -1 -3.346 -1 314
-3.195 -1 -2.904 -1 -3.102 -1 -3.34 -1 293
-3.221 -1 -2.95 -1 -3.192 -1 -3.368 -1 392
-3.28 -1 -2.982 -1 -3.178 -1 -3.372 -1 361
-3.275 -1 -2.968 -1 -3.06 -1 -3.344 -1 141
-3.202 -1 -2.854 -1 -3.108 -1 -3.378 -1 261
-3.243 -1 -2.888 -1 -2.916 -1 -3.226 -1 35
-3.071 -1 -2.818 -1 -3.05 -1 -3.306 -1 239
-3.178 -1 -2.89 -1 -3.14 -1 -3.302 -1 380
-3.221 -1 -2.928 -1 -3.184 -1 -3.39 -1 389
-3.287 -1 -2.936 -1 -2.936 -1 -3.248 -1 0
-3.092 -1 -2.814 -1 -3.09 -1 -3.304 -1 322
-3.197 -1 -2.87 -1 -3.122 -1 -3.314 -1 292
-3.218 -1 -2.912 -1 -3.102 -1 -3.264 -1 283
-3.183 -1 -2.9 -1 -3.106 -1 -3.3 -1 310
-3.203 -1 -2.898 -1 -3.062 -1 -3.32 -1 170
-3.191 -1 -2.872 -1 -3.128 -1 -3.326 -1 343
-3.227 -1 -2.912 -1 -3.2 -1 -3.426 -1 393
-3.313 -1 -3 -1 -3.132 -1 -3.344 -1 227
-3.238 -1 -2.9 -1 -3.172 -1 -3.39 -1 338
-3.281 -1 -2.99 -1 -3.194 -1 -3.326 -1 274
-3.26 -1 -2.936 -1 -3.074 -1 -3.352 -1 173
-3.213 -1 -2.922 -1 -3.144 -1 -3.314 -1 229
-3.229 -1 -2.946 -1 -3.092 -1 -3.29 -1 193
-3.191 -1 -2.844 -1 -3.036 -1 -3.172 -1 222
-3.104 -1 -2.814 -1 -2.95 -1 -3.17 -1 178
-3.06 -1 -2.746 -1 -3.066 -1 -3.29 -1 387
-3.178 -1 -2.884 -1 -2.916 -1 -3.164 -2 39
-3.04 -1 -2.734 -1 -3.01 -1 -3.286 -1 298
-3.148 -1 -2.84 -1 -2.974 -1 -3.256 -1 199
-3.115 -1 -2.768 -1 -2.812 -1 -3.152 -1 46
-2.982 -1 -2.712 -1 -3.02 -1 -3.29 -1 385
-3.155 -1 -2.83 -1 -2.84 -1 -3.166 -1 27
-3.003 -1 -2.656 -1 -3.012 -1 -3.292 -1 283
-3.152 -1 -2.814 -1 -3.098 -1 -3.34 -1 315
-3.219 -1 -2.938 -1 -3.098 -1 -3.276 -1 185
-3.187 -1 -2.876 -1 -2.972 -1 -3.282 -1 75
-3.127 -1 -2.806 -1 -3.014 -1 -3.312 -1 279
-3.163 -1 -2.776 -1 -3.026 -1 -3.308 -1 297
-3.167 -1 -2.842 -1 -2.97 -1 -3.258 -1 101
-3.114 -1 -2.824 -1 -2.894 -1 -3.148 -1 83
-3.021 -1 -2.722 -1 -2.858 -1 -3.196 -1 179
-3.027 -1 -2.74 -1 -3 -1 -3.286 -1 299
-3.143 -1 -2.816 -1 -3.068 -1 -3.352 -1 249
-3.21 -1 -2.804 -1 -2.962 -1 -3.208 -1 176
-3.085 -1 -2.782 -1 -2.856 -1 -3.208 -1 74
-3.032 -1 -2.76 -1 -3.016 -1 -3.32 -1 338
-3.168 -1 -2.85 -1 -3.064 -1 -3.3 -1 229
-3.182 -1 -2.842 -1 -2.846 -1 -3.132 -1 2
-2.989 -1 -2.702 -1 -2.868 -1 -3.188 -1 134
-3.028 -1 -2.728 -1 -2.842 -1 -3.172 -1 112
-3.007 -1 -2.702 -1 -2.708 -1 -3.082 -1 16
-2.895 -1 -2.606 -1 -2.618 -1 -3.058 -1 7
-2.838 -1 -2.584 -1 -2.802 -1 -3.12 -1 197
-2.961 -1 -2.674 -1 -3.014 -1 -3.164 -1 287
-3.089 -1 -2.762 -1 -2.968 -1 -3.226 -1 232
-3.097 -1 -2.724 -1 -2.946 -1 -3.284 -1 217
-3.115 -1 -2.79 -1 -3.094 -1 -3.238 -1 331
-3.166 -1 -2.836 -1 -3.206 -1 -3.27 -1 399
-3.238 -1 -2.93 -1 -3.024 -1 -3.292 -1 93
-3.158 -1 -2.838 -1 -2.86 -1 -3.224 -1 40
-3.042 -1 -2.804 -1 -2.956 -1 -3.196 -1 235
-3.076 -1 -2.788 -1 -3.016 -1 -3.268 -1 325
-3.142 -1 -2.846 -1 -2.968 -1 -3.136 -1 180
-3.052 -1 -2.746 -1 -2.978 -1 -3.252 -1 289
-3.115 -1 -2.836 -1 -3.17 -1 -3.344 -1 375
-3.257 -1 -2.878 -1 -3.028 -1 -3.326 -1 209
-3.177 -1 -2.86 -1 -2.944 -1 -3.198 -1 107
-3.071 -1 -2.772 -1 -3.13 -1 -3.266 -1 320
-3.198 -1 -2.834 -1 -3.128 -1 -3.384 -1 387
-3.256 -1 -2.934 -1 -3.062 -1 -3.286 -1 168
-3.174 -1 -2.844 -1 -3.068 -1 -3.384 -1 280
-3.226 -1 -2.932 -1 -2.956 -1 -3.228 -1 31
-3.092 -1 -2.79 -1 -2.79 -1 -3.182 -1 1
-2.986 -1 -2.728 -1 -3.064 -1 -3.232 -1 313
-3.148 -1 -2.802 -1 -3.126 -1 -3.27 -1 349
-3.198 -1 -2.854 -1 -2.918 -1 -3.228 -1 101
-3.073 -1 -2.804 -1 -2.928 -1 -3.19 -1 101
-3.059 -1 -2.76 -1 -2.796 -1 -3.184 -1 33
-2.99 -1 -2.72 -1 -3.082 -1 -3.314 -1 396
-3.198 -1 -2.868 -1 -2.886 -1 -3.14 -1 19
-3.013 -1 -2.706 -1 -2.722 -1 -3.11 -1 11
-2.916 -1 -2.612 -1 -2.77 -1 -3.164 -1 164
-2.967 -1 -2.716 -1 -2.844 -1 -3.122 -1 145
-2.983 -1 -2.676 -1 -2.884 -1 -3.08 -1 231
-2.982 -1 -2.666 -1 -2.9 -1 -3.254 -1 252
-3.077 -1 -2.78 -1 -3.066 -1 -3.224 -1 298
-3.145 -1 -2.824 -1 -2.942 -1 -3.28 -1 134
-3.111 -1 -2.788 -1 -2.894 -1 -3.158 -1 145
-3.026 -1 -2.758 -1 -3.006 -1 -3.268 -1 313
-3.137 -1 -2.848 -1 -3.088 -1 -3.282 -1 362
-3.185 -1 -2.874 -1 -3.132 -1 -3.348 -2 349
-3.24 -1 -2.936 -1 -3.014 -1 -3.252 -1 120
-3.133 -1 -2.826 -1 -2.918 -1 -3.192 -1 147
-3.055 -1 -2.766 -1 -2.882 -1 -3.194 -2 107
-3.038 -1 -2.708 -1 -2.862 -1 -3.188 -1 193
-3.025 -1 -2.754 -1 -2.758 -1 -3.076 -1 10
-2.917 -1 -2.64 -1 -2.95 -1 -3.288 -1 313
-3.119 -1 -2.788 -1 -3.066 -1 -3.314 -1 310
-3.19 -1 -2.878 -1 -3.136 -1 -3.32 -1 318
-3.228 -1 -2.908 -1 -3.08 -1 -3.274 -1 265
-3.177 -1 -2.854 -1 -2.98 -1 -3.282 -1 144
-3.131 -1 -2.856 -1 -3.03 -1 -3.208 -1 257
-3.119 -1 -2.754 -1 -2.872 -1 -3.192 -1 146
-3.032 -1 -2.744 -1 -2.818 -1 -3.14 -1 63
-2.979 -1 -2.714 -1 -3.036 -1 -3.284 -1 327
-3.16 -1 -2.85 -1 -2.938 -1 -3.298 -1 92
-3.118 -1 -2.802 -1 -3.064 -1 -3.332 -1 367
-3.198 -1 -2.872 -1 -3.202 -1 -3.428 -1 390
-3.315 -1 -3.02 -1 -3.158 -1 -3.374 -1 221
-3.266 -1 -2.924 -1 -3.144 -1 -3.448 -1 288
-3.296 -1 -3.036 -1 -3.144 -1 -3.394 -1 195
-3.269 -1 -2.982 -1 -3.048 -1 -3.278 -1 86
-3.163 -1 -2.888 -1 -3.054 -1 -3.266 -1 221
-3.16 -1 -2.864 -1 -3.134 -1 -3.32 -1 371
-3.227 -1 -2.958 -1 -3.182 -1 -3.382 -1 369
-3.282 -1 -2.94 -1 -2.976 -1 -3.278 -1 25
-3.127 -1 -2.828 -1 -2.97 -1 -3.166 -1 151
-3.068 -1 -2.768 -1 -3 -1 -3.23 -1 231
-3.115 -1 -2.762 -1 -3.096 -1 -3.27 -1 356
-3.183 -1 -2.836 -1 -2.842 -1 -3.16 -1 14
-3.001 -1 -2.73 -1 -2.9 -1 -3.22 -1 147
-3.06 -1 -2.754 -1 -3.114 -1 -3.236 -1 393
-3.175 -1 -2.888 -1 -3.128 -1 -3.318 -1 360
-3.223 -1 -2.868 -1 -2.912 -1 -3.284 -1 55
-3.098 -1 -2.802 -1 -2.956 -1 -3.248 -2 184
-3.102 -1 -2.816 -1 -2.876 -1 -3.218 -1 57
-3.047 -1 -2.774 -1 -2.784 -1 -3.152 -1 16
-2.968 -1 -2.688 -1 -3.038 -1 -3.25 -1 392
-3.144 -1 -2.86 -1 -2.896 -1 -3.238 -2 27
-3.067 -1 -2.8 -1 -2.81 -1 -3.098 -1 7
-2.954 -1 -2.688 -1 -3.002 -1 -3.238 -1 360
-3.12 -1 -2.816 -1 -3.004 -1 -3.254 -1 179
-3.129 -1 -2.856 -1 -3.034 -1 -3.248 -1 240
-3.141 -1 -2.816 -1 -2.822 -1 -3.242 -1 16
-3.032 -1 -2.718 -1 -2.874 -1 -3.202 -1 116
-3.038 -1 -2.77 -1 -2.9 -1 -3.15 -1 109
-3.025 -1 -2.738 -1 -2.836 -1 -3.14 -1 125
-2.988 -1 -2.684 -1 -3.016 -1 -3.222 -1 349
-3.119 -1 -2.842 -1 -2.934 -1 -3.192 -1 104
-3.063 -1 -2.772 -1 -2.958 -1 -3.234 -1 220
-3.096 -1 -2.798 -1 -2.916 -1 -3.228 -1 127
-3.072 -1 -2.696 -1 -2.816 -1 -3.148 -1 161
-2.982 -1 -2.678 -1 -2.994 -1 -3.17 -1 314
-3.082 -1 -2.78 -1 -3.056 -1 -3.268 -1 344
-3.162 -1 -2.842 -1 -3.11 -1 -3.286 -1 363
-3.198 -1 -2.872 -1 -2.984 -1 -3.198 -1 124
-3.091 -1 -2.794 -1 -3.026 -1 -3.288 -1 236
-3.157 -1 -2.87 -1 -3.04 -1 -3.254 -1 176
-3.147 -1 -2.832 -1 -2.838 -1 -3.162 -1 1
-3 -1 -2.73 -1 -2.924 -1 -3.122 -1 190
-3.023 -1 -2.698 -1 -2.81 -1 -3.166 -1 114
-2.988 -1 -2.69 -1 -3.012 -1 -3.208 -1 354
-3.11 -1 -2.774 -1 -3.114 -1 -3.286 -1 363
-3.2 -1 -2.936 -1 -3.038 -1 -3.302 -1 119
-3.17 -1 -2.882 -1 -2.9 -1 -3.212 -1 27
-3.056 -1 -2.81 -1 -3 -1 -3.244 -1 267
-3.122 -1 -2.83 -1 -3.068 -1 -3.3 -1 306
-3.184 -1 -2.872 -1 -3.03 -1 -3.324 -1 245
-3.177 -1 -2.924 -1 -2.964 -1 -3.284 -1 59
-3.124 -1 -2.812 -1 -3.088 -1 -3.322 -1 378
-3.205 -1 -2.89 -1 -2.89 -1 -3.214 -1 1
-3.052 -1 -2.77 -1 -2.93 -1 -3.27 -1 170
-3.1 -1 -2.792 -1 -3.008 -1 -3.262 -1 232
-3.135 -1 -2.826 -1 -2.896 -1 -3.17 -1 78
-3.033 -1 -2.774 -1 -2.886 -1 -3.166 -1 113
-3.026 -1 -2.728 -1 -2.898 -1 -3.15 -1 250
-3.024 -1 -2.742 -1 -3.012 -1 -3.252 -1 364
-3.132 -1 -2.834 -1 -3.092 -1 -3.288 -1 284
-3.19 -1 -2.85 -1 -2.926 -1 -3.224 -2 69
-3.075 -1 -2.766 -1 -3.046 -1 -3.284 -1 303
-3.165 -1 -2.846 -1 -2.944 -1 -3.162 -2 136
-3.053 -1 -2.754 -1 -2.978 -1 -3.226 -1 375
-3.102 -1 -2.834 -1 -3.136 -1 -3.294 -1 388
-3.215 -1 -2.908 -1 -3.058 -1 -3.298 -1 216
-3.178 -1 -2.868 -1 -3.036 -1 -3.25 -1 165
-3.143 -1 -2.822 -1 -2.826 -1 -3.166 -1 6
-2.996 -1 -2.698 -1 -2.756 -1 -3.104 -1 52
-2.93 -1 -2.646 -1 -3.01 -1 -3.272 -1 387
-3.141 -1 -2.794 -1 -3.03 -1 -3.308 -1 311
-3.169 -1 -2.796 -1 -3.024 -1 -3.226 -1 304
-3.125 -1 -2.87 -1 -3.07 -1 -3.294 -1 320
-3.182 -1 -2.882 -1 -3.042 -1 -3.164 -1 207
-3.103 -1 -2.768 -1 -2.834 -1 -3.186 -1 54
-3.01 -1 -2.748 -1 -3.078 -1 -3.322 -1 345
-3.2 -1 -2.898 -1 -2.984 -1 -3.212 -1 96
-3.098 -1 -2.778 -1 -2.992 -1 -3.222 -1 222
-3.107 -1 -2.834 -1 -2.954 -1 -3.178 -1 101
-3.066 -1 -2.742 -1 -2.934 -1 -3.202 -1 197
-3.068 -1 -2.754 -1 -2.762 -1 -3.138 -1 21
-2.95 -1 -2.66 -1 -2.7 -1 -3.024 -1 38
-2.862 -1 -2.606 -1 -2.72 -1 -3.028 -1 125
-2.874 -1 -2.582 -1 -2.668 -1 -3.118 -1 70
-2.893 -1 -2.598 -1 -2.988 -1 -3.258 -1 391
-3.123 -1 -2.784 -1 -3.062 -1 -3.268 -1 318
-3.165 -1 -2.826 -1 -2.982 -1 -3.278 -1 194
-3.13 -1 -2.846 -1 -2.958 -1 -3.164 -1 88
-3.061 -1 -2.736 -1 -2.754 -1 -3.07 -1 9
-2.912 -1 -2.664 -1 -2.918 -1 -3.16 -1 250
-3.039 -1 -2.73 -1 -2.846 -1 -3.166 -1 121
-3.006 -1 -2.692 -1 -2.77 -1 -3.134 -1 86
-2.952 -1 -2.686 -1 -2.972 -1 -3.204 -1 254
-3.088 -1 -2.732 -1 -2.97 -1 -3.268 -1 269
-3.119 -1 -2.812 -1 -3.034 -1 -3.288 -1 263
-3.161 -1 -2.854 -1 -2.964 -1 -3.19 -1 152
-3.077 -1 -2.784 -1 -2.968 -1 -3.226 -1 213
-3.097 -1 -2.792 -1 -3.07 -1 -3.334 -1 330
-3.202 -1 -2.906 -1 -2.92 -1 -3.192 -1 14
-3.056 -1 -2.732 -1 -2.842 -1 -3.21 -1 91
-3.026 -1 -2.7 -1 -2.996 -1 -3.2 -1 355
-3.098 -1 -2.792 -1 -2.932 -1 -3.188 -1 148
-3.06 -1 -2.776 -1 -2.788 -1 -3.21 -1 13
-2.999 -1 -2.69 -1 -3.046 -1 -3.34 -1 343
-3.193 -1 -2.836 -1 -2.988 -1 -3.248 -1 147
-3.118 -1 -2.79 -1 -2.9 -1 -3.172 -1 148
-3.036 -1 -2.754 -1 -3.016 -1 -3.21 -1 312
-3.113 -1 -2.782 -1 -3.016 -1 -3.252 -1 244
-3.134 -1 -2.804 -1 -3.048 -1 -3.26 -1 268
-3.154 -1 -2.82 -1 -2.956 -1 -3.228 -1 158
-3.092 -1 -2.81 -1 -2.864 -1 -3.174 -1 69
-3.019 -1 -2.732 -1 -3.03 -1 -3.254 -1 368
-3.142 -1 -2.89 -1 -3.136 -1 -3.33 -1 330
-3.233 -1 -2.924 -1 -3.018 -1 -3.332 -2 149
-3.175 -1 -2.918 -1 -3.182 -1 -3.388 -1 350
-3.285 -1 -2.976 -1 -3.028 -1 -3.266 -1 83
-3.147 -1 -2.862 -1 -2.918 -1 -3.146 -1 47
-3.032 -1 -2.716 -1 -2.864 -1 -3.132 -1 164
-2.998 -1 -2.72 -1 -2.898 -1 -3.154 -1 165
-3.026 -1 -2.724 -1 -3.1 -1 -3.382 -1 372
-3.241 -1 -2.93 -1 -3.144 -1 -3.296 -1 371
-3.22 -1 -2.914 -1 -3.158 -1 -3.326 -1 307
-3.242 -1 -2.878 -1 -3.118 -1 -3.334 -1 325
-3.226 -1 -2.944 -1 -2.98 -1 -3.26 -1 44
-3.12 -1 -2.852 -1 -2.994 -1 -3.25 -1 137
-3.122 -1 -2.804 -1 -2.82 -1 -3.196 -1 20
-3.008 -1 -2.71 -1 -3.07 -1 -3.348 -1 386
-3.209 -1 -2.91 -1 -2.986 -1 -3.232 -1 76
-3.109 -1 -2.804 -1 -3.002 -1 -3.208 -1 192
-3.105 -1 -2.802 -1 -2.96 -1 -3.274 -1 176
-3.117 -1 -2.814 -1 -3.066 -1 -3.342 -1 360
-3.204 -1 -2.888 -1 -3.126 -1 -3.346 -1 276
-3.236 -1 -2.904 -1 -2.98 -1 -3.238 -1 86
-3.109 -1 -2.81 -1 -2.918 -1 -3.26 -1 136
-3.089 -1 -2.752 -1 -3.122 -1 -3.368 -1 354
-3.245 -1 -2.904 -1 -3.146 -1 -3.326 -1 328
-3.236 -1 -2.914 -1 -2.932 -1 -3.276 -1 25
-3.104 -1 -2.822 -1 -3.114 -1 -3.292 -1 336
-3.203 -1 -2.892 -1 -3.042 -1 -3.248 -1 187
-3.145 -1 -2.852 -1 -3.12 -1 -3.302 -1 355
-3.211 -1 -2.906 -1 -3.106 -1 -3.332 -1 204
-3.219 -1 -2.912 -1 -2.96 -1 -3.224 -1 54
-3.092 -1 -2.768 -1 -3.024 -1 -3.22 -1 235
-3.122 -1 -2.84 -1 -2.872 -1 -3.184 -1 29
-3.028 -1 -2.74 -1 -2.876 -1 -3.188 -1 131
-3.032 -1 -2.746 -1 -2.908 -1 -3.278 -1 212
-3.093 -1 -2.76 -1 -2.834 -1 -3.118 -1 79
-2.976 -1 -2.7 -1 -2.728 -1 -3.034 -1 36
-2.881 -1 -2.596 -1 -2.842 -1 -3.168 0 214
