9 1000 0.8 2 1709 0 0 0 0
-3.619 -1 -3.4 -1 -3.41 -1 -3.562 -1 114
-3.486 -1 -3.208 -1 -3.334 -1 -3.464 -2 188
-3.399 -1 -3.186 -1 -3.28 -1 -3.448 -1 368
-3.364 -1 -3.138 -1 -3.288 -1 -3.444 -1 354
-3.366 -1 -3.17 -1 -3.326 -1 -3.536 -1 280
-3.431 -1 -3.178 -1 -3.276 -1 -3.48 -1 163
-3.378 -1 -3.142 -1 -3.316 -1 -3.41 -1 374
-3.363 -1 -3.172 -1 -3.196 -1 -3.4 -1 38
-3.298 -1 -3.088 -1 -3.252 -1 -3.336 -1 365
-3.294 -1 -3.054 -1 -3.168 -1 -3.376 -1 253
-3.272 -1 -3.084 -1 -3.168 -1 -3.308 -1 119
-3.238 -1 -2.986 -1 -3.202 -1 -3.374 -1 377
-3.288 -1 -3.094 -1 -3.21 -1 -3.41 -1 168
-3.31 -1 -3.068 -1 -3.128 -1 -3.306 -2 78
-3.217 -1 -2.98 -1 -3.1 -1 -3.31 -1 151
-3.205 -1 -2.954 -1 -2.954 -1 -3.272 -1 7
-3.113 -1 -2.896 -1 -3.106 -1 -3.358 -1 297
-3.232 -1 -3.032 -1 -3.268 -1 -3.396 -1 395
-3.332 -1 -3.11 -1 -3.168 -1 -3.314 -1 88
-3.241 -1 -2.974 -1 -3.096 -1 -3.316 -1 194
-3.206 -1 -2.974 -1 -3.09 -1 -3.318 -1 226
-3.204 -1 -2.944 -1 -2.978 -1 -3.27 -1 53
-3.124 -1 -2.926 -1 -3.064 -1 -3.328 -1 194
-3.196 -1 -2.956 -1 -3.156 -1 -3.296 -1 330
-3.226 -1 -3.006 -1 -3.104 -1 -3.378 -1 120
-3.241 -1 -3.048 -1 -3.314 -1 -3.4 -2 358
-3.357 -1 -3.114 -1 -3.286 -1 -3.336 -1 378
-3.311 -1 -3.07 -1 -3.328 -1 -3.438 -1 266
-3.383 -1 -3.128 -1 -3.196 -1 -3.376 -1 172
-3.286 -1 -3.018 -1 -3.206 -1 -3.372 -1 319
-3.289 -1 -3.05 -1 -3.082 -1 -3.33 -1 25
-3.206 -1 -2.984 -1 -3.186 -1 -3.372 -1 266
-3.279 -1 -3.056 -1 -3.29 -1 -3.416 -1 343
-3.353 -1 -3.11 -1 -3.26 -1 -3.414 -1 269
-3.337 -1 -3.066 -1 -3.17 -1 -3.352 -1 162
-3.261 -1 -2.958 -1 -3.084 -1 -3.328 -1 150
-3.206 -1 -2.97 -1 -3.046 -1 -3.334 -1 97
-3.19 -1 -3.01 -1 -3.182 -1 -3.39 -1 247
-3.286 -1 -3.028 -1 -3.092 -1 -3.322 -1 79
-3.207 -1 -2.944 -1 -2.968 -1 -3.212 -1 52
-3.09 -1 -2.822 -1 -3.054 -1 -3.276 -1 258
-3.165 -1 -2.942 -1 -2.96 -1 -3.272 -1 72
-3.116 -1 -2.844 -1 -3.088 -1 -3.294 -1 309
-3.191 -1 -2.956 -1 -3.172 -1 -3.39 -1 371
-3.281 -1 -3.064 -1 -3.094 -1 -3.258 -1 74
-3.176 -1 -2.95 -1 -3.082 -1 -3.252 -1 163
-3.167 -1 -2.888 -1 -2.924 -1 -3.218 -1 34
-3.071 -1 -2.842 -1 -3.052 -1 -3.29 -1 250
-3.171 -1 -2.922 -1 -3.18 -1 -3.398 -1 365
-3.289 -1 -3.066 -1 -3.274 -1 -3.398 -1 356
-3.336 -1 -3.11 -1 -3.276 -1 -3.458 -1 228
-3.367 -1 -3.152 -1 -3.178 -1 -3.342 -1 63
-3.26 -1 -3.008 -1 -3.24 -1 -3.386 -1 399
-3.313 -1 -3.076 -1 -3.092 -1 -3.338 -1 38
-3.215 -1 -2.942 -1 -3.17 -1 -3.344 -2 370
-3.257 -1 -3.108 -1 -3.236 -1 -3.308 -1 260
-3.272 -1 -3.052 -1 -3.088 -1 -3.234 -1 113
-3.161 -1 -2.908 -1 -3 -1 -3.306 -1 99
-3.153 -1 -2.938 -1 -3.012 -1 -3.204 -1 60
-3.108 -1 -2.902 -1 -3.146 -1 -3.314 -1 340
-3.23 -1 -2.986 -1 -2.988 -1 -3.312 -1 4
-3.15 -1 -2.87 -1 -2.95 -1 -3.228 -1 114
-3.089 -1 -2.85 -1 -2.932 -1 -3.224 -1 95
-3.078 -1 -2.806 -1 -2.838 -1 -3.156 -1 22
-2.997 -1 -2.772 -1 -2.914 -1 -3.136 -1 140
-3.025 -1 -2.756 -1 -2.882 -1 -3.14 -1 131
-3.011 -1 -2.806 -1 -3.034 -1 -3.262 -1 283
-3.148 -1 -2.942 -1 -3.192 -1 -3.32 -1 381
-3.256 -1 -2.99 -1 -3.156 -1 -3.348 -1 234
-3.252 -1 -3.082 -1 -3.13 -1 -3.326 -1 46
-3.228 -1 -3.046 -1 -3.076 -1 -3.296 -1 60
-3.186 -1 -2.962 -1 -3.058 -1 -3.23 -1 154
-3.144 -1 -2.904 -1 -2.974 -1 -3.228 -1 94
-3.101 -1 -2.878 -1 -3.048 -1 -3.282 -1 176
-3.165 -1 -2.944 -1 -2.998 -1 -3.226 -1 41
-3.112 -1 -2.908 -1 -3.122 -1 -3.288 -1 257
-3.205 -1 -2.978 -1 -3.046 -1 -3.228 -1 78
-3.137 -1 -2.924 -1 -3.16 -1 -3.242 -1 396
-3.201 -1 -2.97 -1 -3.14 -1 -3.284 -1 342
-3.212 -1 -2.934 -1 -3.192 -1 -3.388 -2 399
-3.29 -1 -3.028 -1 -3.168 -1 -3.346 -1 225
-3.257 -1 -2.972 -1 -3.016 -1 -3.224 -1 41
-3.12 -1 -2.88 -1 -3.024 -1 -3.276 -1 143
-3.15 -1 -2.916 -1 -3.154 -1 -3.384 -1 336
-3.269 -1 -3.034 -1 -3.066 -1 -3.304 -1 30
-3.185 -1 -2.954 -1 -3.086 -1 -3.236 -1 144
-3.161 -1 -2.964 -1 -3.222 -1 -3.352 -1 378
-3.287 -1 -3.094 -1 -3.322 -1 -3.48 -1 381
-3.401 -1 -3.138 -1 -3.146 -1 -3.294 -1 15
-3.22 -1 -3.026 -1 -3.204 -1 -3.354 -1 187
-3.279 -1 -3.026 -1 -3.284 -1 -3.402 -1 392
-3.343 -1 -3.114 -1 -3.338 -1 -3.44 -1 377
-3.389 -1 -3.146 -1 -3.212 -1 -3.464 -1 157
-3.338 -1 -3.046 -1 -3.236 -1 -3.402 -1 342
-3.319 -1 -3.076 -1 -3.132 -1 -3.312 -1 47
-3.222 -1 -3 -1 -3.102 -1 -3.362 -1 177
-3.232 -1 -2.96 -1 -3.042 -1 -3.276 -1 96
-3.159 -1 -2.93 -1 -3.026 -1 -3.286 -1 143
-3.156 -1 -2.916 -1 -3.104 -1 -3.288 -1 359
-3.196 -1 -2.974 -1 -3.086 -1 -3.33 -1 134
-3.208 -1 -2.964 -1 -3.098 -1 -3.33 -1 179
-3.214 -1 -2.946 -1 -2.982 -1 -3.262 -1 36
-3.122 -1 -2.87 -1 -3.02 -1 -3.224 -1 200
-3.122 -1 -2.948 -1 -3.07 -1 -3.302 -1 130
-3.186 -1 -2.92 -1 -2.95 -1 -3.19 -1 47
-3.07 -1 -2.836 -1 -3.044 -1 -3.276 -1 226
-3.16 -1 -2.88 -1 -3.086 -1 -3.28 -1 319
-3.183 -1 -2.978 -1 -3.136 -1 -3.308 -1 247
-3.222 -1 -2.966 -1 -3.104 -1 -3.276 -1 295
-3.19 -1 -2.926 -1 -3.048 -1 -3.288 -1 149
-3.168 -1 -2.916 -1 -2.966 -1 -3.202 -1 135
-3.084 -1 -2.88 -1 -3.174 -1 -3.354 -1 337
-3.264 -1 -2.956 -1 -3.2 -1 -3.39 -1 290
-3.295 -1 -3.058 -1 -3.298 -1 -3.4 -1 368
-3.349 -1 -3.11 -1 -3.216 -1 -3.42 -2 175
-3.318 -1 -3.096 -1 -3.236 -1 -3.39 -1 207
-3.313 -1 -3.084 -1 -3.16 -1 -3.386 -1 162
-3.273 -1 -3.086 -1 -3.22 -1 -3.396 -1 180
-3.308 -1 -3.08 -1 -3.092 -1 -3.298 -1 6
-3.195 -1 -3.004 -1 -3.022 -1 -3.284 -1 18
-3.153 -1 -2.952 -1 -2.96 -1 -3.28 -1 5
-3.12 -1 -2.876 -1 -3.016 -1 -3.256 -1 140
-3.136 -1 -2.91 -1 -3.012 -1 -3.226 -1 137
-3.119 -1 -2.874 -1 -2.986 -1 -3.218 -1 190
-3.102 -1 -2.862 -1 -2.962 -1 -3.232 -1 134
-3.097 -1 -2.92 -1 -3.06 -1 -3.252 -1 184
-3.156 -1 -2.93 -1 -3.086 -1 -3.242 -1 197
-3.164 -1 -2.912 -1 -2.924 -1 -3.196 -1 63
-3.06 -1 -2.868 -1 -3.078 -1 -3.196 -1 268
-3.137 -1 -2.876 -1 -3.048 -1 -3.258 -1 218
-3.153 -1 -2.878 -1 -2.904 -1 -3.19 -1 30
-3.047 -1 -2.824 -1 -2.968 -1 -3.262 -1 233
-3.115 -1 -2.85 -1 -3.184 -1 -3.366 -1 398
-3.275 -1 -3.004 -1 -3.23 -1 -3.334 -1 351
-3.282 -1 -3.014 -1 -3.146 -1 -3.406 -1 275
-3.276 -1 -3.034 -1 -3.2 -1 -3.402 -2 198
-3.301 -1 -3.016 -1 -3.046 -1 -3.306 -1 30
-3.176 -1 -2.962 -1 -3.064 -1 -3.312 -1 114
-3.188 -1 -2.998 -1 -3.12 -1 -3.318 -1 141
-3.219 -1 -2.986 -1 -3.082 -1 -3.296 -1 123
-3.189 -1 -2.936 -1 -3.062 -1 -3.278 -1 192
-3.17 -1 -2.92 -1 -3.12 -1 -3.346 -1 242
-3.233 -1 -3.006 -1 -3.11 -1 -3.32 -1 195
-3.215 -1 -2.952 -1 -3.166 -1 -3.408 -1 361
-3.287 -1 -3.034 -1 -3.088 -1 -3.24 -1 79
-3.164 -1 -2.942 -1 -3.042 -1 -3.272 -1 188
-3.157 -1 -2.934 -1 -3.204 -2 -3.374 -2 332
-3.289 -2 -3.048 -2 -3.186 -2 -3.376 -1 239
-3.281 -1 -3.008 -1 -3.092 -1 -3.322 -1 103
-3.207 -1 -2.98 -1 -3.198 -1 -3.43 -2 387
-3.314 -1 -3.072 -1 -3.286 -1 -3.434 -1 332
-3.36 -1 -3.104 -1 -3.276 -1 -3.424 -1 226
-3.35 -1 -3.062 -1 -3.204 -1 -3.464 -2 243
-3.334 -1 -3.068 -1 -3.132 -1 -3.298 -2 130
-3.215 -1 -2.996 -1 -3.068 -1 -3.256 -1 123
-3.162 -1 -2.91 -1 -3.028 -1 -3.266 -1 107
-3.147 -1 -2.904 -1 -2.902 -1 -3.212 -1 2
-3.057 -1 -2.82 -1 -3.058 -1 -3.312 -1 311
-3.185 -1 -2.93 -1 -3.046 -1 -3.3 -1 120
-3.173 -1 -2.922 -1 -3.198 -1 -3.368 -1 332
-3.283 -1 -3.02 -1 -3.246 -1 -3.404 -1 363
-3.325 -1 -3.1 -1 -3.246 -1 -3.384 -1 172
-3.315 -1 -3.08 -1 -3.31 -1 -3.328 -1 373
-3.319 -1 -3.1 -1 -3.148 -1 -3.348 -1 64
-3.248 -1 -3.04 -1 -3.176 -1 -3.404 -1 302
-3.29 -1 -3.058 -1 -3.224 -1 -3.374 -1 250
-3.299 -1 -3.032 -1 -3.162 -1 -3.362 -1 253
-3.262 -1 -2.994 -1 -3.238 -1 -3.384 -1 386
-3.311 -1 -3.138 -1 -3.172 -1 -3.314 -1 36
-3.243 -1 -2.996 -1 -3.212 -1 -3.382 -1 306
-3.297 -1 -3.062 -1 -3.254 -1 -3.43 -1 286
-3.342 -1 -3.124 -1 -3.244 -1 -3.458 -2 212
-3.351 -1 -3.196 -1 -3.366 -1 -3.45 -1 365
-3.408 -1 -3.146 -1 -3.316 -1 -3.462 -1 387
-3.389 -1 -3.112 -1 -3.264 -1 -3.402 -1 347
-3.333 -1 -3.118 -1 -3.314 -1 -3.446 -1 334
-3.38 -1 -3.074 -1 -3.14 -1 -3.326 -1 117
-3.233 -1 -3.006 -1 -3.208 -1 -3.324 -1 291
-3.266 -1 -3.038 -1 -3.084 -1 -3.33 -2 92
-3.207 -1 -2.988 -2 -3.224 -2 -3.336 -2 256
-3.28 -2 -3.074 -2 -3.134 -1 -3.44 -1 189
-3.287 -1 -3.056 -1 -3.148 -1 -3.36 -1 127
-3.254 -1 -3.016 -1 -3.204 -1 -3.382 -1 278
-3.293 -1 -3.048 -1 -3.188 -1 -3.386 -2 203
-3.287 -1 -3.008 -1 -3.174 -1 -3.358 -1 276
-3.266 -1 -2.968 -1 -3.042 -1 -3.294 -1 98
-3.168 -1 -2.938 -1 -3.214 -1 -3.322 -1 384
-3.268 -1 -2.992 -1 -3.042 -1 -3.25 -1 82
-3.146 -1 -2.93 -1 -3.102 -1 -3.368 -1 268
-3.235 -1 -2.982 -1 -3.108 -1 -3.312 -1 184
-3.21 -1 -2.972 -1 -3.038 -1 -3.316 -1 90
-3.177 -1 -2.974 -1 -3.128 -1 -3.308 -1 198
-3.218 -1 -3.016 -1 -3.176 -1 -3.34 -1 285
-3.258 -1 -2.972 -1 -3.082 -1 -3.326 -1 118
-3.204 -1 -2.946 -1 -3.142 -1 -3.288 -1 292
-3.215 -1 -3.004 -1 -3.03 -1 -3.304 -1 44
-3.167 -1 -2.978 -1 -3.18 -1 -3.398 -1 388
-3.289 -1 -3.11 -1 -3.328 -1 -3.464 -1 329
-3.396 -1 -3.126 -1 -3.282 -1 -3.476 -1 329
-3.379 -1 -3.11 -1 -3.196 -1 -3.364 -1 186
-3.28 -1 -3.012 -1 -3.03 -1 -3.29 -1 20
-3.16 -1 -2.974 -1 -3.008 -1 -3.24 -1 41
-3.124 -1 -2.884 -1 -2.904 -1 -3.212 -2 41
-3.058 -1 -2.816 -1 -2.88 -1 -3.16 -1 90
-3.02 -1 -2.804 -1 -2.988 -1 -3.196 -1 234
-3.092 -1 -2.88 -1 -3.194 -1 -3.356 -1 364
-3.275 -1 -3.068 -1 -3.17 -1 -3.34 -2 206
-3.255 -1 -3.086 -1 -3.23 -1 -3.346 -1 273
-3.288 -1 -3.04 -1 -3.176 -1 -3.32 -1 336
-3.248 -1 -2.96 -1 -3.236 -1 -3.392 -1 378
-3.314 -1 -3.044 -1 -3.078 -1 -3.278 -1 53
-3.178 -1 -2.966 -1 -3.022 -1 -3.29 -1 84
-3.156 -1 -2.964 -1 -3.134 -1 -3.452 -1 361
-3.293 -1 -3.044 -1 -3.126 -1 -3.274 -1 113
-3.2 -1 -2.968 -1 -2.992 -1 -3.282 -1 52
-3.137 -1 -2.872 -1 -2.942 -1 -3.132 -1 116
-3.037 -1 -2.82 -1 -3.12 -1 -3.356 -1 390
-3.238 -1 -2.972 -1 -3.144 -1 -3.32 -1 234
-3.232 -1 -2.936 -1 -3.164 -1 -3.354 -1 318
-3.259 -1 -3.056 -1 -3.188 -1 -3.322 -1 331
-3.255 -1 -3.002 -1 -3.028 -1 -3.238 -1 18
-3.133 -1 -2.876 -1 -3.112 -1 -3.256 -1 271
-3.184 -1 -2.956 -1 -3.096 -1 -3.26 -1 144
-3.178 -1 -2.94 -1 -3.204 -1 -3.312 -1 373
-3.258 -1 -3.03 -1 -3.154 -1 -3.398 -2 175
-3.276 -1 -3.016 -1 -3.15 -1 -3.42 -1 129
-3.285 -1 -3.092 -1 -3.094 -1 -3.292 -1 20
-3.193 -1 -2.934 -1 -3.02 -1 -3.302 -1 175
-3.161 -1 -2.96 -1 -3.2 -1 -3.298 -1 317
-3.249 -1 -3.062 -1 -3.112 -1 -3.276 -1 76
-3.194 -1 -3.002 -1 -3.216 -1 -3.366 -1 293
-3.291 -1 -3.028 -1 -3.112 -1 -3.304 -2 119
-3.208 -1 -3.02 -1 -3.16 -1 -3.324 -1 229
-3.242 -1 -3.018 -1 -3.126 -1 -3.31 -1 159
-3.218 -1 -3.03 -1 -3.228 -1 -3.42 -1 355
-3.324 -1 -3.086 -1 -3.144 -1 -3.322 -2 50
-3.233 -1 -2.976 -1 -3.11 -1 -3.316 -1 147
-3.213 -1 -3.012 -1 -3.136 -1 -3.382 -1 218
-3.259 -1 -3.08 -1 -3.072 -1 -3.326 -1 26
-3.199 -1 -2.908 -1 -3.07 -1 -3.292 -1 201
-3.181 -1 -2.922 -1 -3.136 -1 -3.238 -1 383
-3.187 -1 -2.982 -1 -3.102 -1 -3.372 -2 160
-3.237 -1 -2.96 -1 -3.006 -1 -3.264 -1 135
-3.135 -1 -2.892 -1 -2.998 -1 -3.254 -1 129
-3.126 -1 -2.878 -1 -2.994 -1 -3.276 -1 132
-3.135 -1 -2.88 -1 -3.128 -1 -3.388 -1 345
-3.258 -1 -3.026 -1 -3.084 -1 -3.322 -1 107
-3.203 -1 -2.968 -1 -3.1 -1 -3.368 -1 251
-3.234 -1 -2.998 -1 -3.052 -1 -3.24 -1 42
-3.146 -1 -2.93 -1 -3.102 -1 -3.262 -1 187
-3.182 -1 -2.952 -1 -3.182 -1 -3.294 -1 244
-3.238 -1 -2.972 -1 -3.042 -1 -3.314 -1 81
-3.178 -1 -2.992 -1 -3.098 -1 -3.314 -1 186
-3.206 -1 -3.014 -1 -3.13 -1 -3.266 -1 243
-3.198 -1 -2.99 -1 -3.146 -1 -3.346 -1 237
-3.246 -1 -3.028 -1 -3.202 -1 -3.328 -1 298
-3.265 -1 -3.046 -1 -3.076 -1 -3.314 -1 46
-3.195 -1 -2.944 -1 -3.182 -1 -3.386 -1 346
-3.284 -1 -3.06 -1 -3.104 -1 -3.314 -1 75
-3.209 -1 -2.954 -1 -3.09 -1 -3.338 -1 170
-3.214 -1 -3.014 -1 -3.142 -1 -3.424 -1 199
-3.283 -1 -3.068 -1 -3.282 -1 -3.35 -1 311
-3.316 -1 -3.046 -1 -3.118 -1 -3.34 -1 129
-3.229 -1 -2.944 -1 -3.066 -1 -3.254 -1 183
-3.16 -1 -2.914 -1 -3.148 -1 -3.322 -1 393
-3.235 -1 -2.956 -1 -3.028 -1 -3.238 -1 185
-3.133 -1 -2.91 -1 -3.012 -1 -3.21 -1 122
-3.111 -1 -2.852 -1 -3.028 -1 -3.252 -1 190
-3.14 -1 -2.918 -1 -3.004 -1 -3.22 -2 79
-3.112 -1 -2.938 -1 -3.092 -1 -3.234 -1 209
-3.163 -1 -2.892 -1 -3.162 -1 -3.354 -1 322
-3.258 -1 -2.978 -1 -3.142 -1 -3.308 -1 224
-3.225 -1 -2.974 -1 -3.02 -1 -3.24 -1 113
-3.13 -1 -2.914 -1 -2.946 -1 -3.278 -1 56
-3.112 -1 -2.926 -1 -2.956 -1 -3.222 -1 11
-3.089 -1 -2.874 -1 -2.902 -1 -3.174 -1 28
-3.038 -1 -2.858 -1 -2.858 -1 -3.214 -1 0
-3.036 -1 -2.81 -1 -3.016 -1 -3.21 -1 212
-3.113 -1 -2.864 -1 -3.094 -1 -3.294 -1 390
-3.194 -1 -2.982 -1 -3.084 -1 -3.33 -1 189
-3.207 -1 -2.972 -1 -3.216 -1 -3.386 -1 354
-3.301 -1 -3.042 -1 -3.192 -1 -3.354 -1 216
-3.273 -1 -3.034 -1 -3.242 -1 -3.366 -1 293
-3.304 -1 -3.014 -1 -3.08 -1 -3.3 -1 91
-3.19 -1 -2.984 -1 -3.168 -1 -3.352 -1 206
-3.26 -1 -3.026 -1 -3.166 -1 -3.34 -1 224
-3.253 -1 -2.994 -1 -3.11 -1 -3.37 -1 149
-3.24 -1 -3.03 -1 -3.254 -1 -3.346 -1 262
-3.3 -1 -3.096 -1 -3.266 -1 -3.44 -1 280
-3.353 -1 -3.102 -1 -3.198 -1 -3.366 -1 109
-3.282 -1 -3.102 -1 -3.258 -1 -3.374 -1 237
-3.316 -1 -3.074 -1 -3.078 -1 -3.276 -1 7
-3.177 -1 -2.918 -1 -2.98 -1 -3.27 -1 75
-3.125 -1 -2.934 -1 -3.166 -1 -3.354 -1 327
-3.26 -1 -3.044 -1 -3.254 -1 -3.446 -1 367
-3.35 -1 -3.096 -1 -3.162 -1 -3.398 -1 186
-3.28 -1 -2.986 -1 -3.192 -1 -3.326 -1 298
-3.259 -1 -2.974 -1 -3.124 -1 -3.352 -1 182
-3.238 -1 -3.006 -1 -3.078 -1 -3.332 -1 95
-3.205 -1 -2.956 -1 -3.27 -1 -3.432 -1 389
-3.351 -1 -3.112 -1 -3.186 -1 -3.286 -1 148
-3.236 -1 -2.974 -1 -2.992 -1 -3.342 -1 17
-3.167 -1 -2.97 -1 -3.052 -1 -3.282 -1 80
-3.167 -1 -2.936 -1 -3.16 -1 -3.362 -1 268
-3.261 -1 -3.028 -1 -3.242 -1 -3.32 -1 273
-3.281 -1 -3.062 -1 -3.234 -1 -3.418 -1 321
-3.326 -1 -3.076 -1 -3.282 -1 -3.368 -1 339
-3.325 -1 -3.07 -1 -3.21 -1 -3.41 -1 247
-3.31 -1 -3.072 -1 -3.224 -1 -3.446 -1 291
-3.335 -1 -3.046 -1 -3.226 -1 -3.368 -1 309
-3.297 -1 -3.036 -1 -3.112 -1 -3.342 -1 86
-3.227 -1 -2.988 -1 -3.052 -1 -3.28 -1 50
-3.166 -1 -2.936 -1 -3.182 -1 -3.292 -2 326
-3.237 -1 -2.976 -1 -3.09 -1 -3.294 -2 107
-3.192 -1 -2.934 -1 -2.954 -1 -3.266 -1 49
-3.11 -1 -2.898 -1 -2.952 -1 -3.17 -1 78
-3.061 -1 -2.83 -1 -2.956 -1 -3.242 -1 105
-3.099 -1 -2.878 -1 -3.002 -1 -3.254 -1 162
-3.128 -1 -2.866 -1 -3.108 -1 -3.304 -1 255
-3.206 -1 -2.974 -1 -3.134 -1 -3.394 -1 222
-3.264 -1 -3.022 -1 -3.108 -1 -3.286 -1 127
-3.197 -1 -2.968 -1 -2.986 -1 -3.23 -1 26
-3.108 -1 -2.898 -1 -2.91 -1 -3.186 -1 8
-3.048 -1 -2.782 -1 -2.858 -1 -3.192 -1 84
-3.025 -1 -2.806 -1 -2.916 -1 -3.168 -1 109
-3.042 -1 -2.818 -1 -3.038 -1 -3.222 -1 267
-3.13 -1 -2.902 -1 -3.088 -1 -3.298 -1 376
-3.193 -1 -2.964 -1 -3.028 -1 -3.216 -1 102
-3.122 -1 -2.882 -1 -3.038 -1 -3.31 -1 273
-3.174 -1 -2.924 -1 -3.02 -1 -3.256 -1 103
-3.138 -1 -2.91 -1 -3.188 -1 -3.278 -1 371
-3.233 -1 -3.042 -1 -3.302 -1 -3.44 -1 395
-3.371 -1 -3.092 -1 -3.17 -1 -3.33 -2 97
-3.25 -1 -3.038 -1 -3.248 -1 -3.348 -1 356
-3.298 -1 -3.074 -1 -3.238 -1 -3.374 -1 269
-3.306 -1 -3.072 -1 -3.132 -1 -3.308 -1 92
-3.22 -1 -2.996 -1 -3.108 -1 -3.374 -1 181
-3.241 -1 -3.01 -1 -3.122 -1 -3.282 -1 127
-3.202 -1 -2.958 -1 -3.204 -1 -3.384 -1 316
-3.294 -1 -3.046 -1 -3.118 -1 -3.258 -1 110
-3.188 -1 -2.934 -1 -3 -1 -3.196 -1 103
-3.098 -1 -2.886 -1 -3.086 -1 -3.29 -1 208
-3.188 -1 -2.976 -1 -3.082 -1 -3.29 -1 154
-3.186 -1 -2.956 -1 -3.034 -1 -3.26 -1 75
-3.147 -1 -2.906 -1 -3.122 -1 -3.282 -1 361
-3.202 -1 -2.912 -1 -3.208 -1 -3.446 -1 382
-3.327 -1 -3.046 -1 -3.194 -1 -3.394 -1 252
-3.294 -1 -3.036 -1 -3.19 -1 -3.348 -1 251
-3.269 -1 -3.07 -1 -3.296 -1 -3.478 -1 374
-3.387 -1 -3.116 -1 -3.398 -1 -3.476 -1 384
-3.437 -1 -3.138 -1 -3.238 -1 -3.41 -1 98
-3.324 -1 -3.092 -1 -3.248 -1 -3.436 -1 229
-3.342 -1 -3.052 -1 -3.236 -1 -3.348 -1 351
-3.292 -1 -3.112 -1 -3.182 -1 -3.374 -2 257
-3.278 -1 -3.042 -1 -3.096 -1 -3.346 -1 88
-3.221 -1 -3.064 -1 -3.22 -1 -3.384 -2 245
-3.302 -1 -3.064 -1 -3.062 -1 -3.302 -1 12
-3.182 -1 -2.942 -1 -3.17 -1 -3.282 -1 310
-3.226 -1 -2.976 -1 -3.246 -1 -3.36 -1 399
-3.303 -1 -3.076 -1 -3.242 -1 -3.376 -1 256
-3.309 -1 -3.076 -1 -3.212 -1 -3.334 -1 194
-3.273 -1 -2.986 -1 -3.124 -1 -3.342 -1 133
-3.233 -1 -2.994 -1 -3.158 -1 -3.324 -1 319
-3.241 -1 -3.016 -1 -3.138 -1 -3.35 -1 244
-3.244 -1 -3.032 -1 -3.2 -1 -3.372 -1 243
-3.286 -1 -3.028 -1 -3.236 -1 -3.386 -1 329
-3.311 -1 -3.058 -1 -3.218 -1 -3.36 -1 259
-3.289 -1 -3.09 -1 -3.116 -1 -3.296 -1 33
-3.206 -1 -2.962 -1 -3.03 -1 -3.294 -1 152
-3.162 -1 -2.934 -1 -3.13 -1 -3.338 -1 309
-3.234 -1 -3.042 -1 -3.038 -1 -3.274 -2 6
-3.156 -1 -2.908 -1 -3.088 -1 -3.292 -1 237
-3.19 -1 -2.916 -1 -2.924 -1 -3.278 -1 27
-3.101 -1 -2.896 -1 -3.078 -1 -3.302 -1 228
-3.19 -1 -2.928 -1 -3.106 -1 -3.348 -1 296
-3.227 -1 -2.966 -1 -3.108 -1 -3.286 -1 253
-3.197 -1 -2.958 -1 -2.984 -1 -3.218 -1 27
-3.101 -1 -2.878 -1 -3.128 -1 -3.316 -1 301
-3.222 -1 -3.004 -1 -3.168 -1 -3.352 -1 238
-3.26 -1 -2.94 -1 -3.048 -1 -3.248 -1 164
-3.148 -1 -2.908 -1 -3.17 -2 -3.318 -1 325
-3.244 -1 -3.05 -1 -3.198 -1 -3.326 -1 300
-3.262 -1 -3.004 -1 -3.138 -1 -3.274 -1 284
-3.206 -1 -2.996 -1 -3.028 -1 -3.236 -1 55
-3.132 -1 -2.914 -1 -2.984 -1 -3.198 -1 156
-3.091 -1 -2.872 -1 -2.924 -1 -3.216 -1 56
-3.07 -1 -2.892 -1 -3.156 -1 -3.366 -1 337
-3.261 -1 -2.988 -1 -3.032 -1 -3.232 -1 100
-3.132 -1 -2.882 -1 -3.06 -1 -3.362 -1 242
-3.211 -1 -2.99 -1 -3.106 -1 -3.358 -1 222
-3.232 -1 -2.97 -1 -3.01 -1 -3.29 -1 44
-3.15 -1 -2.932 -1 -2.988 -1 -3.26 -1 85
-3.124 -1 -2.864 -1 -3.048 -1 -3.23 -1 214
-3.139 -1 -2.914 -1 -2.944 -1 -3.232 -1 29
-3.088 -1 -2.856 -1 -3.046 -1 -3.266 -1 211
-3.156 -1 -2.92 -1 -3.174 -1 -3.33 -1 312
-3.252 -1 -3.028 -1 -3.23 -1 -3.342 -1 379
-3.286 -1 -3.052 -1 -3.174 -1 -3.404 -1 249
-3.289 -1 -3.068 -1 -3.104 -1 -3.284 -1 43
-3.194 -1 -2.914 -1 -3.034 -1 -3.222 -1 167
-3.128 -1 -2.92 -1 -2.984 -1 -3.242 -1 65
-3.113 -1 -2.852 -1 -2.888 -1 -3.142 -1 54
-3.015 -1 -2.768 -1 -3.096 -1 -3.298 -1 354
-3.197 -1 -2.974 -1 -3.128 -1 -3.362 -1 321
-3.245 -1 -2.992 -1 -3.146 -1 -3.304 -1 138
-3.225 -1 -2.974 -1 -3.076 -1 -3.316 -1 113
-3.196 -1 -3.004 -1 -3.222 -1 -3.368 -1 358
-3.295 -1 -3.014 -1 -3.016 -1 -3.266 -1 3
-3.141 -1 -2.942 -1 -3.208 -1 -3.374 -1 368
-3.291 -1 -3.002 -1 -3.114 -1 -3.35 -1 122
-3.232 -1 -3.014 -1 -3.144 -1 -3.316 -1 249
-3.23 -1 -2.992 -1 -2.994 -1 -3.272 -1 6
-3.133 -1 -2.878 -1 -2.91 -1 -3.206 -1 56
-3.058 -1 -2.846 -1 -3.006 -1 -3.276 -1 194
-3.141 -1 -2.958 -1 -3.032 -1 -3.286 -1 87
-3.159 -1 -2.914 -1 -3.202 -1 -3.336 -1 339
-3.269 -1 -3.008 -1 -3.08 -1 -3.288 -1 228
-3.184 -1 -2.998 -1 -3.038 -1 -3.306 -1 34
-3.172 -1 -2.934 -1 -3.064 -1 -3.244 -1 131
-3.154 -1 -2.942 -1 -3.192 -1 -3.324 -2 394
-3.258 -1 -3.012 -1 -3.174 -1 -3.296 -1 284
-3.235 -1 -3.058 -1 -3.068 -1 -3.28 -1 7
-3.174 -1 -2.96 -1 -3.144 -1 -3.268 -1 318
-3.206 -1 -2.99 -1 -3.078 -1 -3.334 -1 151
-3.206 -1 -2.996 -1 -3.26 -1 -3.422 -1 370
-3.341 -1 -3.132 -1 -3.294 -1 -3.394 -1 302
-3.344 -1 -3.09 -1 -3.16 -1 -3.366 -1 142
-3.263 -1 -2.988 -1 -3.024 -1 -3.278 -1 49
-3.151 -1 -2.91 -1 -2.91 -1 -3.152 -1 2
-3.031 -1 -2.804 -1 -2.88 -1 -3.198 -1 93
-3.039 -1 -2.772 -1 -2.808 -1 -3.066 -1 27
-2.937 -1 -2.776 -1 -2.804 -1 -3.16 -1 20
-2.982 -1 -2.758 -1 -2.962 -1 -3.208 -1 211
-3.085 -1 -2.816 -1 -2.984 -1 -3.178 -1 227
-3.081 -1 -2.912 -1 -3.058 -1 -3.22 -1 166
-3.139 -1 -2.932 -1 -3.032 -1 -3.26 -1 147
-3.146 -1 -2.936 -1 -3.166 -1 -3.294 -2 365
-3.23 -1 -2.96 -1 -3.122 -1 -3.326 -1 240
-3.224 -1 -2.99 -1 -3.088 -1 -3.372 -1 86
-3.23 -1 -3.01 -1 -3.254 -1 -3.414 -2 359
-3.334 -1 -3.076 -1 -3.234 -1 -3.422 -1 204
-3.328 -1 -3.084 -1 -3.246 -1 -3.384 -1 324
-3.315 -1 -3.094 -1 -3.17 -1 -3.354 -1 148
-3.262 -1 -3.01 -1 -3.072 -1 -3.318 -1 89
-3.195 -1 -2.948 -1 -3.228 -1 -3.372 -2 356
-3.3 -1 -3.066 -1 -3.24 -1 -3.446 -1 206
-3.343 -1 -3.088 -1 -3.092 -1 -3.32 -1 163
-3.206 -1 -2.952 -1 -3.012 -1 -3.286 -1 65
-3.149 -1 -2.922 -1 -3.07 -1 -3.308 -1 190
-3.189 -1 -2.974 -1 -3.056 -1 -3.284 -1 95
-3.17 -1 -2.914 -1 -3.138 -1 -3.324 -2 341
-3.231 -1 -3.018 -1 -3.056 -1 -3.294 -1 147
-3.175 -1 -2.994 -1 -3.216 -1 -3.3 -1 356
-3.258 -1 -3.004 -1 -3.254 -1 -3.368 -1 298
-3.311 -1 -3.106 -1 -3.134 -1 -3.348 -1 90
-3.241 -1 -3.02 -1 -3.176 -1 -3.394 -1 195
-3.285 -1 -3.032 -1 -3.23 -1 -3.364 -1 328
-3.297 -1 -3.072 -1 -3.23 -1 -3.378 -1 209
-3.304 -1 -3.034 -1 -3.124 -1 -3.386 -1 146
-3.255 -1 -2.996 -1 -3.274 -1 -3.458 -1 378
-3.366 -1 -3.12 -1 -3.274 -1 -3.42 -2 335
-3.347 -1 -3.084 -1 -3.276 -1 -3.368 -1 382
-3.322 -1 -3.09 -1 -3.2 -1 -3.39 -1 208
-3.295 -1 -3.098 -1 -3.256 -1 -3.47 -1 251
-3.363 -1 -3.102 -1 -3.26 -1 -3.406 -1 304
-3.333 -1 -3.182 -1 -3.38 -1 -3.464 -1 382
-3.422 -1 -3.148 -1 -3.232 -1 -3.418 -1 97
-3.325 -1 -3.124 -1 -3.154 -1 -3.412 -2 47
-3.283 -1 -3.072 -1 -3.138 -1 -3.464 -1 151
-3.301 -1 -3.054 -1 -3.088 -1 -3.28 -1 54
-3.184 -1 -2.97 -1 -3.056 -1 -3.268 -1 116
-3.162 -1 -2.958 -1 -3.034 -1 -3.252 -1 88
-3.143 -1 -2.91 -1 -3.058 -1 -3.26 -1 183
-3.159 -1 -2.914 -1 -3.162 -1 -3.376 -1 327
-3.269 -1 -3.014 -1 -3.08 -1 -3.29 -1 70
-3.185 -1 -2.914 -1 -3.068 -1 -3.292 -1 240
-3.18 -1 -2.946 -1 -3.09 -1 -3.296 -1 143
-3.193 -1 -2.892 -1 -2.966 -1 -3.196 -1 88
-3.081 -1 -2.842 -1 -2.846 -1 -3.14 -1 18
-2.993 -1 -2.82 -1 -3.062 -1 -3.268 -1 253
-3.165 -1 -2.912 -1 -3.164 -1 -3.33 -1 330
-3.247 -1 -3.024 -1 -3.046 -1 -3.286 -1 28
-3.166 -1 -2.956 -1 -3.004 -1 -3.278 -1 46
-3.141 -1 -2.896 -1 -3.052 -1 -3.284 -1 153
-3.168 -1 -2.94 -1 -3.11 -1 -3.25 -1 187
-3.18 -1 -2.956 -1 -3.136 -1 -3.256 -1 391
-3.196 -1 -2.858 -1 -2.874 -1 -3.274 -1 32
-3.074 -1 -2.85 -1 -3.148 -1 -3.294 -1 337
-3.221 -1 -2.912 -1 -3.072 -1 -3.298 -1 222
-3.185 -1 -2.982 -1 -3.182 -1 -3.32 -1 323
-3.251 -1 -3.036 -1 -3.236 -1 -3.448 -1 295
-3.342 -1 -3.108 -1 -3.234 -1 -3.39 -1 233
-3.312 -1 -3.102 -1 -3.206 -1 -3.404 -1 202
-3.305 -1 -3.07 -1 -3.112 -1 -3.378 -1 27
-3.245 -1 -3.024 -1 -3.064 -1 -3.276 -1 64
-3.17 -1 -2.928 -1 -3.126 -1 -3.36 -1 266
-3.243 -1 -2.974 -1 -3.142 -1 -3.34 -1 186
-3.241 -1 -2.946 -1 -3.19 -1 -3.354 -2 287
-3.272 -1 -3.086 -1 -3.222 -1 -3.392 -1 246
-3.307 -1 -3.068 -1 -3.098 -1 -3.334 -1 60
-3.216 -1 -3 -1 -3.07 -1 -3.314 -1 53
-3.192 -1 -2.918 -1 -3.048 -1 -3.248 -1 187
-3.148 -1 -2.946 -1 -3.016 -1 -3.32 -1 110
-3.168 -1 -2.946 -1 -3.168 -1 -3.338 -1 328
-3.253 -1 -3.004 -1 -3.196 -1 -3.394 -1 347
-3.295 -1 -3.098 -1 -3.22 -1 -3.328 -1 269
-3.274 -1 -3.032 -1 -3.216 -1 -3.346 -1 271
-3.281 -1 -3.03 -1 -3.094 -1 -3.336 -1 109
-3.215 -1 -2.974 -1 -3.062 -1 -3.324 -1 209
-3.193 -1 -2.96 -1 -3.07 -1 -3.312 -1 139
-3.191 -1 -2.976 -1 -3.106 -1 -3.314 -1 172
-3.21 -1 -3.028 -1 -3.06 -1 -3.22 -1 50
-3.14 -1 -2.898 -1 -3.116 -1 -3.336 -1 305
-3.226 -1 -3 -1 -3.042 -1 -3.252 -1 51
-3.147 -1 -2.916 -1 -3.088 -1 -3.302 -1 193
-3.195 -1 -2.922 -1 -3.032 -1 -3.274 -1 190
-3.153 -1 -2.922 -1 -2.99 -1 -3.322 -1 64
-3.156 -1 -2.928 -1 -2.996 -1 -3.214 -1 165
-3.105 -1 -2.848 -1 -2.87 -1 -3.184 -1 11
-3.027 -1 -2.812 -1 -2.95 -1 -3.166 -1 150
-3.058 -1 -2.828 -1 -3.132 -1 -3.344 -1 309
-3.238 -1 -2.932 -1 -3.138 -1 -3.282 -1 277
-3.21 -1 -2.92 -1 -3.016 -1 -3.284 -1 177
-3.15 -1 -2.944 -1 -2.978 -1 -3.22 -1 68
-3.099 -1 -2.884 -1 -2.882 -1 -3.176 -1 8
-3.029 -1 -2.786 -1 -3.094 -1 -3.308 -1 377
-3.201 -1 -2.95 -1 -2.996 -1 -3.272 -1 89
-3.134 -1 -2.846 -1 -3.106 -1 -3.308 -1 384
-3.207 -1 -2.98 -1 -3.07 -1 -3.236 -1 210
-3.153 -1 -2.906 -1 -3.114 -1 -3.328 -1 242
-3.221 -1 -2.946 -1 -3.15 -1 -3.332 -1 259
-3.241 -1 -3.014 -1 -3.126 -1 -3.334 -1 216
-3.23 -1 -3.014 -1 -3.06 -1 -3.268 -1 115
-3.164 -1 -2.926 -1 -3.176 -1 -3.368 -1 352
-3.272 -1 -3.102 -1 -3.228 -1 -3.484 -1 218
-3.356 -1 -3.088 -1 -3.254 -1 -3.458 -1 364
-3.356 -1 -3.108 -1 -3.152 -1 -3.304 -1 51
-3.228 -1 -2.99 -1 -3.11 -1 -3.332 -1 164
-3.221 -1 -2.97 -1 -3.24 -1 -3.374 -1 386
-3.307 -1 -3.076 -1 -3.268 -1 -3.368 -1 342
-3.318 -1 -3.082 -1 -3.174 -1 -3.356 -1 224
-3.265 -1 -3.026 -1 -3.04 -1 -3.318 -1 59
-3.179 -1 -2.972 -1 -2.986 -1 -3.214 -1 15
-3.1 -1 -2.85 -1 -2.956 -1 -3.256 -1 107
-3.106 -1 -2.876 -1 -2.94 -1 -3.174 -1 58
-3.057 -1 -2.816 -1 -3.07 -1 -3.276 -1 207
-3.173 -1 -2.928 -1 -3.082 -1 -3.266 -1 199
-3.174 -1 -2.954 -1 -3.078 -1 -3.29 -1 105
-3.184 -1 -2.96 -1 -3.156 -1 -3.352 -1 314
-3.254 -1 -2.998 -1 -3.142 -1 -3.348 -1 251
-3.245 -1 -2.984 -1 -3.002 -1 -3.266 -1 24
-3.134 -1 -2.864 -1 -2.998 -1 -3.284 -1 178
-3.141 -1 -2.918 -1 -2.938 -1 -3.234 -1 21
-3.086 -1 -2.852 -1 -3.042 -1 -3.292 -2 233
-3.167 -1 -2.948 -1 -3.058 -1 -3.292 -1 167
-3.175 -1 -2.912 -1 -3.018 -1 -3.296 -1 78
-3.157 -1 -2.902 -1 -3.214 -1 -3.406 -1 377
-3.31 -1 -3.096 -1 -3.272 -1 -3.364 -1 352
-3.318 -1 -3.058 -1 -3.1 -1 -3.352 -1 69
-3.226 -1 -2.974 -1 -3.206 -1 -3.394 -1 259
-3.3 -1 -3.09 -1 -3.184 -1 -3.366 -1 217
-3.275 -1 -3.034 -1 -3.102 -1 -3.316 -1 94
-3.209 -1 -3.016 -1 -3.114 -1 -3.294 -1 204
-3.204 -1 -2.97 -1 -3.184 -1 -3.37 -1 323
-3.277 -1 -3.1 -1 -3.17 -1 -3.302 -1 100
-3.236 -1 -3.032 -1 -3.234 -1 -3.43 -1 355
-3.332 -1 -3.138 -1 -3.244 -1 -3.4 -1 166
-3.322 -1 -3.088 -1 -3.17 -1 -3.356 -1 120
-3.263 -1 -3.022 -1 -3.022 -1 -3.318 -1 0
-3.17 -1 -2.97 -1 -3.078 -1 -3.248 -1 132
-3.163 -1 -2.93 -1 -2.984 -1 -3.326 -1 47
-3.155 -1 -2.93 -1 -3.164 -1 -3.43 -1 390
-3.297 -1 -3.064 -1 -3.064 -1 -3.3 -1 0
-3.182 -1 -2.914 -1 -3.016 -1 -3.268 -1 93
-3.142 -1 -2.92 -1 -2.986 -1 -3.242 -1 66
-3.114 -1 -2.876 -1 -2.876 -1 -3.18 -1 6
-3.028 -1 -2.8 -1 -3.032 -1 -3.344 -1 240
-3.188 -1 -2.88 -1 -3.178 -1 -3.366 -1 357
-3.272 -1 -3.038 -1 -3.192 -1 -3.34 -1 300
-3.266 -1 -3.03 -1 -3.214 -1 -3.332 -1 329
-3.273 -1 -3.054 -1 -3.102 -1 -3.28 -1 97
-3.191 -1 -2.998 -1 -3.208 -1 -3.334 -1 338
-3.271 -1 -3.02 -1 -3.166 -1 -3.414 -1 269
-3.29 -1 -3.052 -1 -3.232 -1 -3.414 -2 258
-3.323 -1 -3.022 -1 -3.154 -1 -3.314 -1 239
-3.234 -1 -2.962 -1 -2.992 -1 -3.316 -1 43
-3.154 -1 -2.978 -1 -2.992 -1 -3.326 -1 16
-3.159 -1 -2.928 -1 -3.144 -1 -3.36 -2 253
-3.252 -1 -3.026 -1 -3.176 -1 -3.352 -1 256
-3.264 -1 -3.098 -1 -3.134 -1 -3.304 -1 48
-3.219 -1 -2.96 -1 -3.026 -1 -3.308 -1 113
-3.167 -1 -2.934 -1 -3.104 -1 -3.268 -1 242
-3.186 -1 -3 -1 -3.224 -1 -3.36 -2 357
-3.292 -1 -3.072 -1 -3.192 -1 -3.4 -2 243
-3.296 -1 -3.086 -1 -3.122 -1 -3.358 -1 79
-3.24 -1 -3.034 -1 -3.142 -1 -3.402 -1 270
-3.272 -1 -3.018 -1 -3.27 -2 -3.434 -1 325
-3.352 -1 -3.094 -1 -3.106 -1 -3.312 -1 9
-3.209 -1 -2.944 -1 -3.09 -1 -3.332 -1 219
-3.211 -1 -3.012 -1 -3.24 -1 -3.4 -1 279
-3.32 -1 -3.084 -1 -3.222 -1 -3.416 -1 358
-3.319 -1 -3.13 -1 -3.204 -1 -3.406 -2 206
-3.305 -1 -3.06 -1 -3.228 -1 -3.398 -1 311
-3.313 -1 -3.068 -1 -3.244 -1 -3.4 -1 313
-3.322 -1 -3.09 -1 -3.182 -1 -3.336 -1 132
-3.259 -1 -3.014 -1 -3.17 -1 -3.416 -1 301
-3.293 -1 -2.956 -1 -3.156 -1 -3.422 -2 354
-3.289 -1 -3.11 -1 -3.318 -1 -3.426 -1 378
-3.372 -1 -3.16 -1 -3.204 -1 -3.356 -1 31
-3.28 -1 -3.062 -1 -3.198 -1 -3.338 -1 212
-3.268 -1 -3.08 -1 -3.204 -1 -3.394 -1 135
-3.299 -1 -3.074 -1 -3.168 -1 -3.412 -1 202
-3.29 -1 -3.064 -1 -3.174 -1 -3.39 -1 195
-3.282 -1 -3.042 -1 -3.154 -1 -3.35 -1 129
-3.252 -1 -2.998 -1 -3.212 -1 -3.352 -1 311
-3.282 -1 -3.034 -1 -3.178 -1 -3.26 -1 341
-3.219 -1 -2.998 -1 -3.248 -1 -3.416 -1 394
-3.332 -1 -3.11 -1 -3.306 -1 -3.408 -2 296
-3.357 -1 -3.106 -1 -3.336 -1 -3.436 -1 378
-3.386 -1 -3.234 -1 -3.4 -1 -3.494 -1 294
-3.447 -1 -3.16 -1 -3.346 -1 -3.472 -1 318
-3.409 -1 -3.186 -1 -3.248 -1 -3.452 -1 77
-3.35 -1 -3.05 -1 -3.168 -1 -3.38 -1 200
-3.274 -1 -3.01 -1 -3.202 -1 -3.314 -1 366
-3.258 -1 -3.064 -1 -3.16 -1 -3.426 -1 122
-3.293 -1 -3.062 -1 -3.254 -1 -3.362 -1 365
-3.308 -1 -3.084 -1 -3.236 -1 -3.346 -1 194
-3.291 -1 -3.08 -1 -3.172 -1 -3.316 -1 185
-3.244 -1 -2.954 -1 -3.106 -1 -3.336 -2 289
-3.221 -1 -2.988 -1 -3.25 -1 -3.428 -1 310
-3.339 -1 -3.104 -1 -3.276 -1 -3.48 -1 368
-3.378 -1 -3.102 -1 -3.126 -1 -3.33 -1 21
-3.228 -1 -3.006 -1 -3.154 -1 -3.358 -1 230
-3.256 -1 -3.022 -1 -3.234 -1 -3.428 -1 322
-3.331 -1 -3.096 -1 -3.134 -1 -3.292 -1 44
-3.213 -1 -2.988 -1 -3.204 -1 -3.368 -1 322
-3.286 -1 -3.126 -1 -3.162 -1 -3.328 -1 48
-3.245 -1 -3.002 -1 -3.014 -1 -3.282 -1 7
-3.148 -1 -2.896 -1 -2.906 -1 -3.202 -1 14
-3.054 -1 -2.81 -1 -2.898 -1 -3.218 -1 117
-3.058 -1 -2.824 -1 -3.038 -1 -3.214 -1 271
-3.126 -1 -2.936 -1 -3.046 -1 -3.322 -1 207
-3.184 -1 -2.974 -1 -2.996 -1 -3.258 -2 8
-3.127 -1 -2.87 -1 -3.122 -1 -3.326 -1 316
-3.224 -1 -2.976 -1 -3.108 -1 -3.348 -1 231
-3.228 -1 -2.982 -1 -3.14 -1 -3.316 -1 285
-3.228 -1 -2.956 -1 -2.964 -1 -3.206 -1 22
-3.085 -1 -2.864 -1 -3.026 -1 -3.292 -1 190
-3.159 -1 -2.91 -1 -3.152 -1 -3.346 -1 360
-3.249 -1 -3.05 -1 -3.086 -1 -3.3 -1 105
-3.193 -1 -2.94 -1 -3.064 -1 -3.378 -1 156
-3.221 -1 -2.962 -1 -3 -1 -3.294 -1 103
-3.147 -1 -2.936 -1 -3.034 -1 -3.264 -1 153
-3.149 -1 -2.952 -1 -2.95 -1 -3.252 -1 7
-3.101 -1 -2.892 -1 -3.074 -1 -3.288 -1 314
-3.181 -1 -2.998 -1 -3.01 -1 -3.23 -1 34
-3.12 -1 -2.882 -1 -2.886 -1 -3.23 -1 1
-3.058 -1 -2.814 -1 -2.83 -1 -3.124 -1 26
-2.977 -1 -2.726 -1 -2.844 -1 -3.144 -1 117
-2.994 -1 -2.738 -1 -2.888 -1 -3.16 -1 222
-3.024 -1 -2.756 -1 -3 -1 -3.212 -1 254
-3.106 -1 -2.85 -1 -3.026 -1 -3.292 -1 194
-3.159 -1 -2.9 -1 -2.936 -1 -3.18 -1 32
-3.058 -1 -2.856 -1 -2.924 -1 -3.168 -1 97
-3.046 -1 -2.846 -1 -2.916 -1 -3.16 -1 108
-3.038 -1 -2.772 -1 -2.826 -1 -3.136 -1 62
-2.981 -1 -2.738 -1 -3.032 -1 -3.264 -1 304
-3.148 -1 -2.898 -1 -3.198 -1 -3.328 -1 353
-3.263 -1 -3.068 -1 -3.122 -1 -3.374 -1 56
-3.248 -1 -3 -1 -3.06 -1 -3.276 -1 133
-3.168 -1 -2.952 -1 -3.212 -1 -3.34 -1 395
-3.276 -1 -3.006 -1 -3.204 -1 -3.41 -1 266
-3.307 -1 -3.002 -1 -3.156 -1 -3.31 -1 182
-3.233 -1 -2.976 -1 -3.144 -1 -3.364 -1 334
-3.254 -1 -2.986 -1 -3.202 -1 -3.344 -1 363
-3.273 -1 -2.992 -1 -3.016 -1 -3.29 -2 23
-3.153 -1 -2.95 -1 -3.046 -1 -3.28 -1 105
-3.163 -1 -2.926 -1 -3.066 -1 -3.272 -1 215
-3.169 -1 -2.898 -1 -3.116 -1 -3.322 -1 354
-3.219 -1 -2.978 -1 -3.186 -1 -3.352 -1 382
-3.269 -1 -2.97 -1 -3.088 -1 -3.308 -1 168
-3.198 -1 -2.962 -1 -3.158 -1 -3.322 -1 321
-3.24 -1 -2.994 -1 -3.152 -1 -3.328 -1 232
-3.24 -1 -2.97 -1 -3.072 -1 -3.246 -1 165
-3.159 -1 -2.94 -1 -2.974 -1 -3.226 -1 49
-3.1 -1 -2.866 -1 -3.062 -1 -3.23 -1 197
-3.146 -1 -2.916 -1 -3.14 -1 -3.404 -1 287
-3.272 -1 -3.072 -1 -3.192 -1 -3.338 -1 178
-3.265 -1 -3.038 -1 -3.244 -1 -3.414 -1 345
-3.329 -1 -3.096 -1 -3.272 -1 -3.324 -1 272
-3.298 -1 -3.03 -1 -3.246 -1 -3.338 -1 358
-3.292 -1 -3.022 -1 -3.186 -1 -3.352 -1 299
-3.269 -1 -3.018 -1 -3.142 -1 -3.316 -1 255
-3.229 -1 -2.976 -1 -3.142 -1 -3.312 -1 252
-3.227 -1 -3.01 -1 -3.056 -1 -3.344 -1 91
-3.2 -1 -2.994 -1 -3.058 -1 -3.262 -1 96
-3.16 -1 -2.93 -1 -3.07 -1 -3.318 -1 108
-3.194 -1 -2.962 -1 -3.188 -1 -3.384 -1 340
-3.286 -1 -3.062 -1 -3.104 -1 -3.344 -1 50
-3.224 -1 -3.06 -1 -3.082 -1 -3.226 -1 153
-3.154 -1 -2.9 -1 -2.92 -1 -3.222 -1 12
-3.071 -1 -2.806 -1 -3.012 -1 -3.26 -1 301
-3.136 -1 -2.948 -1 -3.236 -1 -3.376 -1 359
-3.306 -1 -3.082 -1 -3.194 -1 -3.4 -1 206
-3.297 -1 -3.002 -1 -3.208 -1 -3.406 -1 376
-3.307 -1 -3.054 -1 -3.31 -1 -3.49 -1 365
-3.4 -1 -3.172 -1 -3.342 -1 -3.494 -2 322
-3.418 -1 -3.162 -1 -3.17 -1 -3.354 -1 42
-3.262 -1 -3.042 -1 -3.192 -1 -3.35 -1 227
-3.271 -1 -3.05 -1 -3.212 -1 -3.364 -1 303
-3.288 -1 -3.054 -1 -3.134 -1 -3.338 -1 165
-3.236 -1 -3.026 -1 -3.238 -1 -3.448 -1 348
-3.343 -1 -3.062 -1 -3.076 -1 -3.26 -1 28
-3.168 -1 -2.942 -1 -3.196 -1 -3.376 -1 326
-3.286 -1 -3.022 -1 -3.168 -1 -3.304 -1 222
-3.236 -1 -3.028 -1 -3.152 -1 -3.362 -2 164
-3.257 -1 -2.996 -1 -3.02 -1 -3.332 -1 63
-3.176 -1 -2.966 -1 -2.97 -1 -3.238 -1 10
-3.104 -1 -2.88 -1 -3.082 -1 -3.278 -1 220
-3.18 -1 -2.884 -1 -3.058 -1 -3.228 -1 182
-3.143 -1 -2.938 -1 -3.092 -1 -3.312 -1 201
-3.202 -1 -2.958 -1 -3.222 -1 -3.374 -1 388
-3.298 -1 -3.046 -1 -3.302 -1 -3.432 -1 381
-3.367 -1 -3.156 -1 -3.168 -1 -3.344 -1 14
-3.256 -1 -3.05 -1 -3.08 -1 -3.3 -1 93
-3.19 -1 -2.95 -1 -3.026 -1 -3.332 -1 107
-3.179 -1 -2.898 -1 -2.93 -1 -3.234 -1 63
-3.082 -1 -2.886 -1 -3.142 -1 -3.378 -1 334
-3.26 -1 -3.058 -1 -3.17 -1 -3.304 -1 161
-3.237 -1 -3.002 -1 -3.212 -1 -3.394 -1 372
-3.303 -1 -3.11 -1 -3.214 -1 -3.29 -1 180
-3.252 -1 -3.06 -1 -3.17 -1 -3.316 -1 149
-3.243 -1 -2.978 -1 -3.014 -1 -3.208 -1 73
-3.111 -1 -2.826 -1 -2.9 -1 -3.208 -1 86
-3.054 -1 -2.802 -1 -3.018 -1 -3.268 -1 247
-3.143 -1 -2.924 -1 -2.974 -1 -3.198 -1 61
-3.086 -1 -2.834 -1 -3.028 -1 -3.246 -1 254
-3.137 -1 -2.862 -1 -3.164 -1 -3.408 -1 323
-3.286 -1 -3.028 -1 -3.124 -1 -3.334 -2 194
-3.229 -1 -3 -1 -3.234 -1 -3.37 -1 319
-3.302 -1 -3.034 -1 -3.05 -1 -3.288 -1 12
-3.169 -1 -2.898 -1 -2.958 -1 -3.238 -1 93
-3.098 -1 -2.862 -1 -2.958 -1 -3.206 -1 124
-3.082 -1 -2.874 -1 -2.98 -1 -3.226 -1 86
-3.103 -1 -2.896 -1 -3.066 -1 -3.29 -1 245
-3.178 -1 -2.932 -1 -3.062 -1 -3.294 -1 181
-3.178 -1 -2.916 -1 -3.004 -1 -3.242 -1 224
-3.123 -1 -2.862 -1 -2.884 -1 -3.176 -1 6
-3.03 -1 -2.806 -1 -2.91 -1 -3.192 -1 87
-3.051 -1 -2.802 -1 -2.924 -1 -3.23 -1 134
-3.077 -1 -2.844 -1 -2.998 -1 -3.238 -1 252
-3.118 -1 -2.892 -1 -2.948 -1 -3.198 -1 112
-3.073 -1 -2.86 -1 -3.236 -1 -3.404 -1 365
-3.32 -1 -3.042 -1 -3.274 -1 -3.444 -1 340
-3.359 -1 -3.11 -1 -3.17 -1 -3.284 -1 101
-3.227 -1 -3.004 -1 -3.186 -1 -3.33 -2 203
-3.258 -1 -3.034 -1 -3.282 -1 -3.422 -1 303
-3.352 -1 -3.112 -1 -3.236 -1 -3.386 -1 278
-3.311 -1 -3.086 -1 -3.258 -1 -3.41 -1 279
-3.334 -1 -3.092 -1 -3.164 -1 -3.296 -2 154
-3.23 -1 -3.046 -1 -3.308 -1 -3.44 -1 354
-3.374 -1 -3.128 -1 -3.316 -1 -3.45 -1 380
-3.383 -1 -3.14 -1 -3.186 -1 -3.392 -1 133
-3.289 -1 -3.07 -1 -3.184 -1 -3.378 -1 256
-3.281 -1 -2.994 -1 -3.16 -1 -3.304 -1 316
-3.232 -1 -2.966 -1 -3.174 -1 -3.38 -1 381
-3.277 -1 -3.026 -1 -3.05 -1 -3.28 -1 34
-3.165 -1 -2.88 -1 -3.154 -1 -3.358 -1 381
-3.256 -1 -2.976 -1 -3.082 -1 -3.36 -1 154
-3.221 -1 -2.976 -1 -3.03 -1 -3.244 -1 71
-3.137 -1 -2.896 -1 -3.044 -1 -3.258 -1 184
-3.151 -1 -2.864 -1 -2.942 -1 -3.198 -1 102
-3.07 -1 -2.856 -1 -3.134 -1 -3.288 -1 355
-3.211 -1 -3.02 -1 -3.164 -1 -3.396 -1 237
-3.28 -1 -3.05 -1 -3.212 -1 -3.32 -1 227
-3.266 -1 -3.024 -1 -3.116 -1 -3.284 -1 163
-3.2 -1 -3 -1 -3.31 -1 -3.438 -2 376
-3.374 -1 -3.116 -1 -3.236 -1 -3.406 -1 154
-3.321 -1 -3.046 -1 -3.226 -1 -3.384 -1 281
-3.305 -1 -3.102 -1 -3.232 -1 -3.416 -1 346
-3.324 -1 -3.074 -1 -3.24 -1 -3.396 -1 312
-3.318 -1 -3.058 -1 -3.248 -1 -3.418 -1 252
-3.333 -1 -3.094 -1 -3.266 -1 -3.514 -1 395
-3.39 -1 -3.154 -1 -3.278 -1 -3.382 -1 283
-3.33 -1 -3.13 -1 -3.332 -1 -3.394 -1 359
-3.363 -1 -3.124 -1 -3.31 -1 -3.436 -1 362
-3.373 -1 -3.088 -1 -3.174 -1 -3.412 -1 177
-3.293 -1 -3.028 -1 -3.094 -1 -3.33 -1 139
-3.212 -1 -2.924 -1 -3.13 -1 -3.296 -1 258
-3.213 -1 -2.998 -1 -3.15 -1 -3.376 -2 294
-3.263 -1 -2.988 -1 -3.024 -1 -3.252 -1 40
-3.138 -1 -2.89 -1 -3.056 -1 -3.286 -1 255
-3.171 -1 -2.952 -1 -3.05 -1 -3.284 -1 128
-3.167 -1 -2.976 -1 -2.982 -1 -3.28 -1 7
-3.131 -1 -2.862 -1 -2.978 -1 -3.266 -1 113
-3.122 -1 -2.914 -1 -3.126 -1 -3.334 -1 261
-3.23 -1 -2.966 -1 -3.206 -1 -3.346 -1 286
-3.276 -1 -3.056 -1 -3.106 -1 -3.31 -1 103
-3.208 -1 -2.98 -1 -2.982 -1 -3.224 -1 6
-3.103 -1 -2.878 -1 -2.974 -1 -3.266 -1 117
-3.12 -1 -2.866 -1 -2.964 -1 -3.246 -1 96
-3.105 -1 -2.876 -1 -3.094 -1 -3.336 -1 281
-3.215 -1 -2.98 -1 -3.106 -1 -3.29 -1 166
-3.198 -1 -2.958 -1 -3.176 -1 -3.352 -1 392
-3.264 -1 -3.038 -1 -3.112 -1 -3.36 -1 164
-3.236 -1 -3.038 -1 -3.092 -1 -3.356 -1 63
-3.224 -1 -2.95 -1 -3.022 -1 -3.292 -1 73
-3.157 -1 -2.934 -1 -3.086 -1 -3.342 -1 158
-3.214 -1 -2.916 -1 -3.13 -1 -3.312 -1 365
-3.221 -1 -2.998 -1 -3.136 -1 -3.296 -1 274
-3.216 -1 -3.01 -1 -3.106 -1 -3.304 -1 191
-3.205 -1 -2.976 -1 -3.054 -1 -3.29 -1 144
-3.172 -1 -2.92 -1 -2.926 -1 -3.24 -1 5
-3.083 -1 -2.892 -1 -3.142 -1 -3.356 -1 385
-3.249 -1 -3.02 -1 -3.034 -1 -3.28 -1 15
-3.157 -1 -2.964 -1 -3.164 -1 -3.348 -1 320
-3.256 -1 -3.016 -1 -3.212 -1 -3.424 -2 378
-3.318 -1 -3.062 -1 -3.206 -1 -3.362 -2 239
-3.284 -1 -3.024 -1 -3.102 -1 -3.334 -1 126
-3.218 -1 -2.94 -1 -3.132 -1 -3.274 -1 338
-3.203 -1 -3 -1 -3.194 -1 -3.35 -1 261
-3.272 -1 -3.082 -1 -3.086 -1 -3.302 -1 11
-3.194 -1 -2.978 -1 -3.174 -1 -3.37 -1 317
-3.272 -1 -3.058 -1 -3.192 -1 -3.394 -1 268
-3.293 -1 -3.034 -1 -3.088 -1 -3.302 -2 78
-3.195 -1 -2.988 -1 -3.2 -2 -3.322 -1 372
-3.261 -1 -3.024 -1 -3.198 -1 -3.366 -1 302
-3.282 -1 -3.08 -1 -3.248 -1 -3.516 -2 304
-3.382 -1 -3.118 -1 -3.15 -1 -3.344 -1 65
-3.247 -1 -3.02 -1 -3.1 -1 -3.318 -1 190
-3.209 -1 -2.938 -1 -2.998 -1 -3.314 -1 83
-3.156 -1 -2.954 -1 -3.2 -1 -3.378 -1 313
-3.289 -1 -3.088 -1 -3.242 -1 -3.368 -1 224
-3.305 -1 -3.028 -1 -3.094 -1 -3.338 -1 103
-3.216 -1 -2.98 -1 -3.012 -1 -3.264 -1 53
-3.138 -1 -2.892 -1 -3.182 -1 -3.356 -1 342
-3.269 -1 -2.97 -1 -2.982 -1 -3.298 -1 5
-3.14 -1 -2.94 -1 -3.094 -1 -3.272 -1 186
-3.183 -1 -2.93 -1 -3.18 -1 -3.318 -1 395
-3.249 -1 -3.016 -1 -3.116 -1 -3.31 -1 206
-3.213 -1 -2.952 -1 -3.176 -1 -3.364 -1 398
-3.27 -1 -3.032 -1 -3.23 -1 -3.388 -1 308
-3.309 -1 -3.036 -1 -3.244 -1 -3.398 -2 390
-3.321 -1 -3.112 -1 -3.16 -1 -3.462 -1 43
-3.311 -1 -3.078 -1 -3.262 -1 -3.378 -2 330
-3.32 -1 -3.09 -1 -3.202 -1 -3.352 -1 222
-3.277 -1 -3.076 -1 -3.278 -1 -3.42 -2 340
-3.349 -1 -3.126 -1 -3.29 -1 -3.406 -1 254
-3.348 -1 -3.114 -1 -3.312 -1 -3.424 -1 394
-3.368 -1 -3.116 -1 -3.236 -1 -3.402 -1 188
-3.319 -1 -3.082 -1 -3.342 -1 -3.5 -1 369
-3.421 -1 -3.132 -1 -3.284 -1 -3.45 -1 300
-3.367 -1 -3.142 -1 -3.33 -1 -3.504 -1 393
-3.417 -1 -3.146 -1 -3.252 -1 -3.374 -1 287
-3.313 -1 -3.044 -1 -3.224 -1 -3.408 -2 338
-3.316 -1 -3.104 -1 -3.266 -1 -3.384 -1 327
-3.325 -1 -3.112 -1 -3.168 -1 -3.34 -1 139
-3.254 -1 -2.99 -1 -3.188 -1 -3.356 -1 335
-3.272 -1 -3.004 -1 -3.256 -1 -3.318 -1 372
-3.287 -1 -3.072 -1 -3.144 -1 -3.392 -1 82
-3.268 -1 -3.072 -1 -3.24 -1 -3.324 -1 289
-3.282 -1 -3.056 -1 -3.11 -1 -3.318 -1 126
-3.214 -1 -2.954 -1 -3.222 -1 -3.366 -1 365
-3.294 -1 -3.04 -1 -3.154 -1 -3.314 -1 133
-3.234 -1 -3.004 -1 -3.042 -1 -3.286 -1 42
-3.164 -1 -2.896 -1 -3.03 -1 -3.264 -1 181
-3.147 -1 -2.918 -1 -2.916 -1 -3.198 -1 37
-3.057 -1 -2.842 -1 -2.916 -1 -3.214 -1 84
-3.065 -1 -2.852 -1 -2.862 -1 -3.134 -1 11
-2.998 -1 -2.716 -1 -2.988 -1 -3.29 -1 317
-3.139 -1 -2.892 -1 -3.146 -1 -3.318 -1 390
-3.232 -1 -2.986 -1 -3.066 -1 -3.332 -1 183
-3.199 -1 -2.982 -1 -3.178 -1 -3.308 -1 374
-3.243 -1 -3 -1 -3.132 -1 -3.312 -1 215
-3.222 -1 -2.986 -1 -3.118 -1 -3.35 -1 250
-3.234 -1 -2.94 -1 -3.204 -1 -3.37 -1 378
-3.287 -1 -3.022 -1 -3.174 -1 -3.36 -1 301
-3.267 -1 -3.046 -1 -3.226 -1 -3.384 -1 339
-3.305 -1 -3.03 -1 -3.176 -1 -3.286 -1 301
-3.231 -1 -3.016 -1 -3.118 -1 -3.26 -1 97
-3.189 -1 -2.964 -1 -3.116 -1 -3.308 -1 285
-3.212 -1 -2.982 -1 -3.028 -1 -3.346 -1 59
-3.187 -1 -2.938 -1 -3.18 -1 -3.36 -1 288
-3.27 -1 -3.01 -1 -3.256 -1 -3.44 -1 399
-3.348 -1 -3.134 -1 -3.298 -1 -3.39 -1 294
-3.344 -1 -3.08 -1 -3.27 -1 -3.392 -1 307
-3.331 -1 -3.082 -1 -3.18 -1 -3.412 -1 87
-3.296 -1 -3.044 -1 -3.15 -1 -3.382 -1 131
-3.266 -1 -3.032 -1 -3.228 -1 -3.454 -1 386
-3.341 -1 -3.156 -1 -3.24 -1 -3.392 -1 181
-3.316 -1 -3.096 -1 -3.136 -1 -3.344 -1 76
-3.24 -1 -3.004 -1 -3.104 -1 -3.318 -1 99
-3.211 -1 -2.974 -1 -3.164 -1 -3.31 -1 303
-3.237 -1 -2.932 -1 -3.08 -1 -3.326 -1 219
-3.203 -1 -2.964 -1 -3.196 -1 -3.396 -1 255
-3.296 -1 -3.02 -1 -3.074 -1 -3.282 -1 80
-3.178 -1 -2.92 -1 -3.02 -1 -3.254 -1 113
-3.137 -1 -2.884 -1 -3.008 -1 -3.242 -1 190
-3.125 -1 -2.886 -1 -3.01 -1 -3.216 -1 191
-3.113 -1 -2.834 -1 -2.92 -1 -3.254 -1 115
-3.087 -1 -2.892 -1 -3.096 -1 -3.364 -1 293
-3.23 -1 -3.01 -1 -3.072 -1 -3.31 -1 108
-3.191 -1 -2.926 -1 -3.128 -1 -3.36 -2 327
-3.244 -1 -2.976 -1 -3.112 -1 -3.332 -1 170
-3.222 -1 -2.998 -1 -3.14 -1 -3.328 -1 377
-3.234 -1 -2.992 -1 -3.19 -1 -3.366 -1 300
-3.278 -1 -3.076 -1 -3.19 -1 -3.396 -1 272
-3.293 -1 -3.036 -1 -3.212 -1 -3.43 -1 331
-3.321 -1 -3.058 -1 -3.11 -1 -3.296 -1 80
-3.203 -1 -3.018 -1 -3.138 -1 -3.356 -1 117
-3.247 -1 -3.012 -1 -3.042 -1 -3.224 -1 13
-3.133 -1 -2.898 -1 -3.014 -1 -3.226 -1 213
-3.12 -1 -2.858 -1 -3.072 -1 -3.25 -1 330
-3.161 -1 -2.932 -1 -3.032 -1 -3.242 -1 136
-3.137 -1 -2.876 -1 -3.176 -1 -3.342 -1 386
-3.259 -1 -2.994 -1 -3.194 -1 -3.336 -1 329
-3.265 -1 -3.004 -1 -3.102 -1 -3.346 -1 159
-3.224 -1 -2.98 -1 -3.164 -1 -3.35 -1 303
-3.257 -1 -3.002 -1 -3.066 -1 -3.286 -1 57
-3.176 -1 -2.932 -1 -3.156 -1 -3.342 -1 275
-3.249 -1 -2.986 -1 -3.174 -1 -3.288 -1 288
-3.231 -1 -2.98 -1 -3.22 -1 -3.462 -1 339
-3.341 -1 -3.054 -1 -3.29 -1 -3.378 -1 356
-3.334 -1 -3.076 -1 -3.182 -1 -3.378 -1 146
-3.28 -1 -3.024 -1 -3.244 -1 -3.406 -1 323
-3.325 -1 -3.104 -1 -3.254 -1 -3.41 -1 291
-3.332 -1 -3.09 -1 -3.18 -1 -3.344 -1 230
-3.262 -1 -2.99 -1 -3.164 -1 -3.364 -2 173
-3.264 -1 -3.036 -1 -3.068 -1 -3.252 -1 56
-3.16 -1 -2.938 -1 -3.136 -1 -3.334 -1 222
-3.235 -1 -3.032 -1 -3.072 -1 -3.324 -1 44
-3.198 -1 -2.994 -1 -3.194 -1 -3.356 -2 276
-3.275 -1 -3.088 -1 -3.236 -1 -3.35 -1 253
-3.293 -1 -3.07 -1 -3.132 -1 -3.33 -1 80
-3.231 -1 -3.016 -1 -3.212 -1 -3.384 -1 377
-3.298 -1 -3.066 -1 -3.308 -1 -3.42 -1 355
-3.364 -1 -3.14 -1 -3.17 -1 -3.344 -1 59
-3.257 -1 -3.044 -1 -3.196 -1 -3.354 -1 212
-3.275 -1 -3.05 -1 -3.26 -1 -3.458 -1 313
-3.359 -1 -3.146 -1 -3.168 -1 -3.342 -1 37
-3.255 -1 -3 -1 -3.142 -1 -3.354 -1 209
-3.248 -1 -2.954 -1 -3.166 -1 -3.436 -1 278
-3.301 -1 -2.998 -1 -3.238 -1 -3.364 -1 393
-3.301 -1 -3.09 -1 -3.176 -1 -3.392 -2 188
-3.284 -1 -3.082 -1 -3.134 -1 -3.318 -1 98
-3.226 -1 -2.972 -1 -3.008 -1 -3.214 -1 52
-3.111 -1 -2.87 -1 -2.922 -1 -3.228 -1 74
-3.075 -1 -2.854 -1 -2.924 -1 -3.128 -1 74
-3.026 -1 -2.778 -1 -2.814 -1 -3.118 -1 55
-2.966 -1 -2.762 -1 -2.824 -1 -3.102 -1 57
-2.963 -1 -2.736 -1 -2.932 -1 -3.184 -1 266
-3.058 -1 -2.814 -1 -3.13 -1 -3.318 -1 377
-3.224 -1 -3.008 -1 -3.062 -1 -3.324 -1 95
-3.193 -1 -2.906 -1 -3.166 -1 -3.348 -1 389
-3.257 -1 -3.06 -1 -3.274 -1 -3.374 -1 392
-3.324 -1 -3.09 -1 -3.198 -1 -3.324 -1 179
-3.261 -1 -3.016 -1 -3.252 -1 -3.382 -1 238
-3.317 -1 -3.078 -1 -3.148 -1 -3.324 -1 91
-3.236 -1 -2.986 -1 -3.05 -1 -3.224 -1 62
-3.137 -1 -2.92 -1 -3.04 -1 -3.232 -1 189
-3.136 -1 -2.872 -1 -3.164 -1 -3.308 -1 358
-3.236 -1 -2.96 -1 -3.15 -1 -3.292 -1 221
-3.221 -1 -2.942 -1 -3.158 -1 -3.346 -1 283
-3.252 -1 -3.02 -1 -3.188 -1 -3.336 -1 284
-3.262 -1 -3.014 -1 -3.104 -1 -3.374 -1 123
-3.239 -1 -3.012 -1 -3.048 -1 -3.354 -1 75
-3.201 -1 -2.988 -1 -3.132 -1 -3.302 -1 204
-3.217 -1 -2.986 -1 -3.002 -1 -3.284 -1 50
-3.143 -1 -2.962 -1 -3.124 -1 -3.296 -1 290
-3.21 -1 -2.974 -1 -3.08 -1 -3.306 -1 99
-3.193 -1 -2.976 -1 -2.994 -1 -3.236 -1 47
-3.115 -1 -2.886 -1 -3.026 -1 -3.24 -1 218
-3.133 -1 -2.87 -1 -2.998 -1 -3.272 -1 154
-3.135 -1 -2.864 -1 -3.094 -1 -3.326 -1 374
-3.21 -1 -2.92 -1 -2.97 -1 -3.18 -1 33
-3.075 -1 -2.836 -1 -3.032 -1 -3.26 -1 279
-3.146 -1 -2.942 -1 -3.07 -1 -3.298 -1 110
-3.184 -1 -2.972 -1 -3.196 -1 -3.336 -1 370
-3.266 -1 -3.03 -1 -3.158 -1 -3.32 -2 255
-3.239 -1 -3.002 -1 -3.012 -1 -3.274 -1 15
-3.143 -1 -2.942 -1 -3.056 -1 -3.324 -2 181
-3.19 -1 -3.008 -1 -3.052 -1 -3.264 -1 84
-3.158 -1 -2.924 -1 -3.034 -1 -3.264 -1 105
-3.149 -1 -2.888 -1 -2.898 -1 -3.232 -1 11
-3.065 -1 -2.842 -1 -3.082 -1 -3.26 -1 361
-3.171 -1 -2.922 -1 -3.034 -1 -3.278 -1 135
-3.156 -1 -2.906 -1 -2.972 -1 -3.186 -1 76
-3.079 -1 -2.818 -1 -2.892 -1 -3.196 -1 106
-3.044 -1 -2.888 -1 -3.028 -1 -3.28 -1 229
-3.154 -1 -2.936 -1 -3.144 -1 -3.258 -1 296
-3.201 -1 -2.962 -1 -3.138 -1 -3.29 -1 184
-3.214 -1 -2.946 -1 -3.228 -1 -3.354 -1 353
-3.291 -1 -3.026 -1 -3.172 -1 -3.41 -1 254
-3.291 -1 -3.038 -1 -3.126 -1 -3.304 -1 147
-3.215 -1 -2.988 -1 -3.03 -1 -3.204 -1 94
-3.117 -1 -2.866 -1 -3.156 -1 -3.412 -1 331
-3.284 -1 -3.06 -1 -3.074 -1 -3.33 -1 7
-3.202 -1 -2.914 -1 -3.146 -1 -3.358 -1 360
-3.252 -1 -2.99 -1 -3.18 -1 -3.35 -1 258
-3.265 -1 -3.052 -1 -3.304 -1 -3.398 -1 375
-3.351 -1 -3.13 -1 -3.306 -1 -3.458 -1 388
-3.382 -1 -3.116 -1 -3.302 -1 -3.368 -1 287
-3.335 -1 -3.088 -1 -3.128 -1 -3.372 -1 36
-3.25 -1 -3.038 -1 -3.202 -1 -3.354 -1 264
-3.278 -1 -3.03 -1 -3.134 -1 -3.372 -1 150
-3.253 -1 -2.992 -1 -3.22 -1 -3.41 -1 330
-3.315 -1 -3.022 -1 -3.198 -1 -3.338 -1 328
-3.268 -1 -2.958 -1 -3.108 -1 -3.34 -1 204
-3.224 -1 -2.99 -1 -3.166 -1 -3.336 -1 204
-3.251 -1 -3.028 -1 -3.24 -1 -3.37 -1 379
-3.305 -1 -3.048 -1 -3.222 -1 -3.372 -1 267
-3.297 -1 -3.066 -1 -3.174 -1 -3.358 -1 256
-3.266 -1 -3.004 -1 -3.078 -1 -3.304 -1 107
-3.191 -1 -2.976 -1 -3.11 -1 -3.316 -1 285
-3.213 -1 -2.962 -1 -3.112 -1 -3.35 -2 152
-3.231 -1 -3.018 -1 -3.236 -1 -3.36 -1 315
-3.298 -1 -3.014 -1 -3.092 -1 -3.362 -2 181
-3.227 -1 -3.024 -1 -3.134 -1 -3.348 -2 145
-3.241 -1 -3.034 -1 -3.086 -1 -3.29 -1 75
-3.188 -1 -2.944 -1 -3.036 -1 -3.222 -1 108
-3.129 -1 -2.91 -1 -2.92 -1 -3.164 -1 12
-3.042 -1 -2.78 -1 -2.88 -1 -3.102 -1 88
-2.991 -1 -2.792 -1 -3.046 -1 -3.286 -1 340
-3.166 -1 -2.962 -1 -2.962 -1 -3.224 -1 18
-3.093 -1 -2.86 -1 -2.882 -1 -3.186 -1 14
-3.034 -1 -2.826 -1 -2.988 -1 -3.182 -1 143
-3.085 -1 -2.88 -1 -3.012 -1 -3.24 -2 133
-3.126 -1 -2.884 -1 -3 -1 -3.278 -1 127
-3.139 -1 -2.908 -1 -3.04 -1 -3.288 -1 249
-3.164 -1 -2.868 -1 -3.1 -1 -3.294 -1 326
-3.197 -1 -3.03 -1 -3.126 -1 -3.25 -1 129
-3.188 -1 -2.956 -1 -3.02 -1 -3.232 -1 95
-3.126 -1 -2.916 -1 -3.134 -1 -3.35 -1 306
-3.242 -1 -2.982 -1 -3.02 -1 -3.318 -1 122
-3.169 -1 -2.944 -1 -3.11 -1 -3.392 -1 246
-3.251 -1 -3.014 -1 -3.15 -1 -3.314 -1 186
-3.232 -1 -2.998 -1 -3.084 -1 -3.352 -1 136
-3.218 -1 -3.006 -1 -3.162 -1 -3.422 -1 345
-3.292 -1 -3.046 -1 -3.248 -1 -3.428 -2 385
-3.338 -1 -3.154 -1 -3.282 -1 -3.444 -1 302
-3.363 -1 -3.084 -1 -3.204 -1 -3.38 -1 161
-3.292 -1 -3.048 -1 -3.178 -1 -3.33 -1 147
-3.254 -1 -2.968 -1 -3.048 -1 -3.306 -1 130
-3.177 -1 -2.96 -1 -3.168 -1 -3.316 -1 233
-3.242 -1 -2.964 -1 -3.088 -1 -3.282 -1 192
-3.185 -1 -2.91 -1 -2.982 -1 -3.206 -1 169
-3.094 -1 -2.856 -1 -2.992 -1 -3.22 -1 144
-3.106 -1 -2.908 -1 -2.95 -1 -3.202 -1 49
-3.076 -1 -2.924 -1 -3.112 -1 -3.33 -2 296
-3.221 -1 -3.014 -1 -3.202 -1 -3.41 -1 306
-3.306 -1 -3.048 -1 -3.102 -1 -3.364 -2 99
-3.233 -1 -3.01 -1 -3.218 -1 -3.344 -1 383
-3.281 -1 -2.99 -1 -3.086 -1 -3.272 -2 78
-3.179 -1 -2.938 -1 -3.118 -1 -3.314 -1 258
-3.216 -1 -3.018 -1 -3.2 -1 -3.274 -1 360
-3.237 -1 -3.01 -1 -3.082 -1 -3.264 -1 166
-3.173 -1 -2.924 -1 -3.006 -1 -3.276 -1 112
-3.141 -1 -2.942 -1 -3.166 -1 -3.372 -1 219
-3.269 -1 -3.022 -1 -3.202 -1 -3.398 -1 350
-3.3 -1 -3.058 -1 -3.298 -1 -3.41 -2 397
-3.354 -1 -3.066 -1 -3.274 -1 -3.446 -1 341
-3.36 -1 -3.136 -1 -3.208 -1 -3.34 -1 114
-3.274 -1 -2.992 -1 -3.248 -1 -3.418 -2 264
-3.333 -1 -3.098 -1 -3.132 -1 -3.306 -1 99
-3.219 -1 -3.004 -1 -3.006 -1 -3.256 -1 7
-3.131 -1 -2.938 -1 -3.174 -1 -3.322 -1 380
-3.248 -1 -2.976 -1 -3.008 -1 -3.27 -1 53
-3.139 -1 -2.918 -1 -3.226 -1 -3.388 -1 382
-3.307 -1 -3.074 -1 -3.138 -1 -3.284 -1 128
-3.211 -1 -2.982 -1 -3.244 -1 -3.446 -2 360
-3.345 -1 -3.116 -1 -3.164 -1 -3.332 -1 63
-3.248 -1 -3.028 -1 -3.15 -1 -3.288 -1 192
-3.219 -1 -3.028 -1 -3.12 -1 -3.372 -1 151
-3.246 -1 -3.024 -1 -3.158 -1 -3.316 -1 172
-3.237 -1 -2.944 -1 -3.182 -1 -3.328 -1 387
-3.255 -1 -3.068 -1 -3.172 -1 -3.286 -1 242
-3.229 -1 -2.948 -1 -3.064 -1 -3.258 -1 240
-3.161 -1 -2.922 -1 -3.158 -1 -3.386 -1 374
-3.272 -1 -2.948 -1 -3.126 -1 -3.324 -1 285
-3.225 -1 -3.028 -1 -3.078 -1 -3.278 -1 176
-3.178 -1 -2.946 -1 -3.134 -1 -3.364 -1 296
-3.249 -1 -3.024 -1 -3.204 -1 -3.34 -1 230
-3.272 -1 -2.998 -1 -2.988 -1 -3.298 -1 52
-3.143 -1 -2.916 -1 -3.132 -1 -3.26 -1 359
-3.196 -1 -2.94 -1 -2.948 -1 -3.186 -1 16
-3.067 -1 -2.81 -1 -2.934 -1 -3.198 -1 145
-3.066 -1 -2.8 -1 -2.824 -1 -3.116 -1 26
-2.97 -1 -2.752 -1 -2.764 -1 -3.07 -1 10
-2.917 -1 -2.72 -1 -2.778 -1 -3.158 -1 69
-2.968 -1 -2.742 -1 -2.958 -1 -3.256 -1 205
-3.107 -1 -2.826 -1 -3.076 -1 -3.244 -1 294
-3.16 -1 -2.972 -1 -3.168 -1 -3.32 -1 268
-3.244 -1 -3.014 -1 -3.19 -1 -3.382 -1 245
-3.286 -1 -3.052 -1 -3.226 -1 -3.354 -1 310
-3.29 -1 -3.05 -1 -3.096 -1 -3.336 -1 73
-3.216 -1 -3.002 -1 -3.258 -1 -3.404 -1 346
-3.331 -1 -3.114 -1 -3.126 -1 -3.356 -1 6
-3.241 -1 -2.968 -1 -3.114 -1 -3.324 -1 224
-3.219 -1 -2.954 -1 -3.144 -1 -3.34 -1 321
-3.242 -1 -3.036 -1 -3.054 -1 -3.278 -1 57
-3.166 -1 -2.978 -1 -3.166 -1 -3.308 -1 188
-3.237 -1 -2.996 -1 -3.224 -1 -3.34 -1 297
-3.282 -1 -3.032 -1 -3.176 -1 -3.36 -1 289
-3.268 -1 -3.008 -1 -3.188 -1 -3.28 -1 303
-3.234 -1 -2.974 -1 -2.99 -1 -3.238 -1 24
-3.114 -1 -2.916 -1 -2.978 -1 -3.238 -1 83
-3.108 -1 -2.922 -1 -3.132 -1 -3.364 -1 261
-3.248 -1 -3.028 -1 -3.19 -1 -3.354 -1 327
-3.272 -1 -3.024 -1 -3.15 -1 -3.372 -1 113
-3.261 -1 -3.004 -1 -3.046 -1 -3.33 -1 73
-3.188 -1 -3.002 -1 -3.042 -1 -3.24 -1 55
-3.141 -1 -2.926 -1 -3.094 -1 -3.322 -1 182
-3.208 -1 -2.918 -1 -2.988 -1 -3.236 -1 109
-3.112 -1 -2.934 -1 -3.18 -1 -3.316 -1 380
-3.248 -1 -3.008 -1 -3.138 -1 -3.334 -1 165
-3.236 -1 -2.988 -1 -3.208 -1 -3.344 -1 269
-3.276 -1 -2.99 -1 -3.078 -1 -3.238 -1 218
-3.158 -1 -2.91 -1 -3.044 -1 -3.248 -1 196
-3.146 -1 -2.876 -1 -3.018 -1 -3.242 -1 156
-3.13 -1 -2.87 -1 -2.99 -1 -3.286 -1 101
-3.138 -1 -2.884 -1 -2.944 -1 -3.176 -1 60
-3.06 -1 -2.748 -1 -2.998 -1 -3.31 -1 276
-3.154 -1 -2.896 -1 -3.106 -1 -3.304 -1 252
-3.205 -1 -2.89 -1 -3.044 -1 -3.312 -1 208
-3.178 -1 -2.976 -1 -3.198 -1 -3.346 -1 323
-3.272 -1 -3.018 -1 -3.24 -1 -3.364 -1 389
-3.302 -1 -3.03 -1 -3.192 -1 -3.384 -1 239
-3.288 -1 -3.054 -1 -3.118 -1 -3.376 -1 105
-3.247 -1 -2.994 -1 -3.11 -1 -3.316 -1 150
-3.213 -1 -2.94 -1 -3.044 -1 -3.346 -1 150
-3.195 -1 -2.976 -1 -3.11 -1 -3.308 -1 208
-3.209 -1 -2.962 -1 -3.24 -1 -3.422 -1 395
-3.331 -1 -3.106 -1 -3.134 -1 -3.278 -1 20
-3.206 -1 -2.932 -1 -2.95 -1 -3.236 -1 53
-3.093 -1 -2.85 -1 -3.132 -1 -3.35 -1 390
-3.241 -1 -3.002 -1 -3.166 -1 -3.37 -1 273
-3.268 -1 -3.042 -1 -3.128 -1 -3.29 -1 170
-3.209 -1 -2.974 -1 -3.008 -1 -3.286 -1 92
-3.147 -1 -2.894 -1 -3.136 -1 -3.286 -1 350
-3.211 -1 -2.982 -1 -3.08 -1 -3.336 -1 199
-3.208 -1 -2.952 -1 -3.214 -1 -3.334 -1 399
-3.274 -1 -3.028 -1 -3.286 -1 -3.384 -1 389
-3.335 -1 -3.11 -1 -3.146 -1 -3.384 -1 204
-3.265 -1 -3.046 -1 -3.166 -1 -3.404 -1 188
-3.285 -1 -3.038 -1 -3.242 -1 -3.392 -1 307
-3.317 -1 -3.046 -1 -3.168 -1 -3.354 -1 197
-3.261 -1 -3.032 -1 -3.072 -1 -3.306 -1 72
-3.189 -1 -2.96 -1 -3.148 -1 -3.364 -1 329
-3.256 -1 -3.078 -1 -3.28 -1 -3.39 -1 324
-3.335 -1 -3.032 -1 -3.21 -1 -3.356 -1 301
-3.283 -1 -3.04 -1 -3.21 -1 -3.382 -1 395
-3.296 -1 -2.994 -1 -3.172 -1 -3.358 -1 304
-3.265 -1 -2.994 -1 -3.12 -1 -3.328 -1 205
-3.224 -1 -2.964 -1 -3.234 -1 -3.386 -1 355
-3.31 -1 -3.038 -1 -3.154 -1 -3.36 -1 303
-3.257 -1 -3.04 -1 -3.192 -1 -3.388 -1 318
-3.29 -1 -3.002 -1 -3.178 -1 -3.316 -1 293
-3.247 -1 -2.984 -1 -3.2 -1 -3.372 -1 268
-3.286 -1 -3.042 -1 -3.24 -1 -3.382 -1 325
-3.311 -1 -3.074 -1 -3.228 -1 -3.37 -1 364
-3.299 -1 -3.036 -1 -3.224 -1 -3.402 -1 319
-3.313 -1 -3.012 -1 -3.12 -1 -3.322 -1 119
-3.221 -1 -3.048 -1 -3.262 -1 -3.42 -1 334
-3.341 -1 -3.092 -1 -3.274 -1 -3.376 -1 363
-3.325 -1 -3.024 -1 -3.102 -1 -3.344 -1 112
-3.223 -1 -2.998 -1 -3.04 -1 -3.342 -1 84
-3.191 -1 -2.966 -1 -3.014 -1 -3.312 -1 125
-3.163 -1 -2.982 -1 -3.128 -1 -3.384 -1 176
-3.256 -1 -3.032 -1 -3.188 -1 -3.364 -1 330
-3.276 -1 -3.034 -1 -3.168 -1 -3.338 -2 285
-3.253 -1 -3.026 -1 -3.042 -1 -3.25 -1 31
-3.146 -1 -2.904 -1 -3.14 -1 -3.294 -1 344
-3.217 -1 -3 -1 -3.24 -1 -3.362 -2 394
-3.301 -1 -3.07 -1 -3.26 -1 -3.452 -1 301
-3.356 -1 -3.144 -1 -3.298 -1 -3.47 -1 390
-3.384 -1 -3.17 -1 -3.306 -1 -3.454 -1 281
-3.38 -1 -3.112 -1 -3.136 -1 -3.412 -1 41
-3.274 -1 -3.002 -1 -3.072 -1 -3.368 -1 69
-3.22 -1 -2.982 -1 -3.158 -1 -3.38 -1 208
-3.269 -1 -3.018 -1 -3.192 -1 -3.444 -1 249
-3.318 -1 -3.046 -1 -3.238 -1 -3.34 -1 243
-3.289 -1 -3.042 -1 -3.15 -1 -3.3 -1 183
-3.225 -1 -2.986 -1 -3.142 -1 -3.302 -1 360
-3.222 -1 -3.034 -1 -3.252 -1 -3.394 -1 338
-3.323 -1 -3.062 -1 -3.182 -1 -3.3 -1 196
-3.241 -1 -3.04 -1 -3.114 -1 -3.32 -1 160
-3.217 -1 -3 -1 -3.004 -1 -3.282 -1 11
-3.143 -1 -2.93 -1 -3.114 -1 -3.3 -1 353
-3.207 -1 -2.954 -1 -3.224 -1 -3.346 -1 389
-3.285 -1 -3.078 -1 -3.158 -1 -3.39 -1 276
-3.274 -1 -3.014 -1 -3.146 -1 -3.346 -1 219
-3.246 -1 -2.998 -1 -3.162 -1 -3.332 -2 241
-3.247 -1 -3.002 -1 -3.172 -1 -3.308 -1 299
-3.24 -1 -3.036 -1 -3.214 -1 -3.392 -1 235
-3.303 -1 -3.102 -1 -3.254 -1 -3.408 -1 215
-3.331 -1 -3.054 -1 -3.278 -1 -3.416 -1 359
-3.347 -1 -3.14 -1 -3.358 -1 -3.466 -1 367
-3.412 -1 -3.124 -1 -3.192 -1 -3.35 -1 81
-3.271 -1 -2.984 -1 -3.016 -1 -3.222 -1 60
-3.119 -1 -2.862 -1 -2.92 -1 -3.22 -2 84
-3.07 -1 -2.852 -1 -2.968 -1 -3.144 -1 128
-3.056 -1 -2.838 -1 -2.86 -1 -3.226 -1 40
-3.043 -1 -2.85 -1 -3.102 -1 -3.306 -1 331
-3.204 -1 -2.954 -1 -3.006 -1 -3.272 -1 81
-3.139 -1 -2.872 -1 -3.058 -1 -3.262 -1 243
-3.16 -1 -2.914 -1 -3.19 -1 -3.332 -1 381
-3.261 -1 -3.034 -1 -3.236 -1 -3.334 -1 300
-3.285 -1 -3.04 -1 -3.144 -1 -3.348 -1 193
-3.246 -1 -3.024 -1 -3.062 -1 -3.26 -1 53
-3.161 -1 -2.926 -1 -3.122 -1 -3.268 -1 234
-3.195 -1 -2.918 -1 -3.008 -1 -3.226 -1 105
-3.117 -1 -2.894 -1 -3.034 -1 -3.224 -1 141
-3.129 -1 -2.84 -1 -2.958 -1 -3.248 -1 115
-3.103 -1 -2.818 -1 -3.052 -1 -3.274 -1 279
-3.163 -1 -2.906 -1 -3.126 -1 -3.332 -1 296
-3.229 -1 -2.952 -1 -3.142 -1 -3.282 -1 267
-3.212 -1 -2.988 -1 -3.026 -1 -3.21 -1 44
-3.118 -1 -2.892 -1 -3.048 -1 -3.28 -1 202
-3.164 -1 -2.908 -1 -3.11 -1 -3.34 -1 233
-3.225 -1 -2.966 -1 -2.974 -1 -3.3 -1 12
-3.137 -1 -2.942 -1 -3.204 -1 -3.382 -1 359
-3.293 -1 -3.03 -1 -3.036 -1 -3.274 -1 3
-3.155 -1 -2.926 -1 -3.09 -1 -3.216 -1 250
-3.153 -1 -2.912 -1 -3.208 -1 -3.388 -1 351
-3.298 -1 -3.082 -1 -3.226 -1 -3.422 -1 214
-3.324 -1 -3.082 -1 -3.296 -1 -3.416 -2 385
-3.356 -1 -3.108 -1 -3.216 -1 -3.378 -1 145
-3.297 -1 -3.096 -1 -3.152 -1 -3.31 -1 70
-3.231 -1 -2.99 -1 -3.064 -1 -3.346 -2 140
-3.205 -1 -2.942 -1 -3.13 -1 -3.39 -1 210
-3.26 -1 -3.014 -1 -3.15 -1 -3.372 -1 198
-3.261 -1 -3.014 -1 -3.14 -1 -3.356 -1 167
-3.248 -1 -3.022 -1 -3.16 -1 -3.37 -1 307
-3.265 -1 -3.042 -1 -3.216 -1 -3.386 -1 340
-3.301 -1 -3.064 -1 -3.146 -1 -3.364 -2 201
-3.255 -1 -3.042 -1 -3.098 -1 -3.404 -1 106
-3.251 -1 -3.014 -1 -3.026 -1 -3.258 -1 32
-3.142 -1 -2.988 -1 -3.148 -1 -3.342 -1 222
-3.245 -1 -3.002 -1 -3.176 -1 -3.438 -1 191
-3.307 -1 -3.032 -1 -3.156 -1 -3.328 -1 276
-3.242 -1 -3 -1 -3.152 -1 -3.37 -1 209
-3.261 -1 -3.016 -1 -3.21 -1 -3.376 -1 268
-3.293 -1 -3.072 -1 -3.286 -1 -3.528 -2 397
-3.407 -1 -3.104 -1 -3.236 -1 -3.384 -1 199
-3.31 -1 -3.044 -1 -3.126 -1 -3.298 -1 80
-3.212 -1 -3.036 -1 -3.09 -1 -3.308 -1 103
-3.199 -1 -2.996 -1 -3.004 -1 -3.212 -1 5
-3.108 -1 -2.918 -1 -3.028 -1 -3.286 -1 133
-3.157 -1 -2.988 -1 -3.024 -1 -3.236 -1 83
-3.13 -1 -2.886 -1 -3.122 -1 -3.328 -1 309
-3.225 -1 -2.93 -1 -3.006 -1 -3.218 -1 100
-3.112 -1 -2.888 -1 -3.048 -1 -3.29 -1 181
-3.169 -1 -2.93 -1 -2.998 -1 -3.25 -1 64
-3.124 -1 -2.916 -1 -2.998 -1 -3.232 -1 163
-3.115 -1 -2.884 -1 -3.116 -1 -3.282 -1 272
-3.199 -1 -2.972 -1 -3.194 -1 -3.348 -2 303
-3.271 -1 -3.058 -1 -3.126 -1 -3.32 -1 61
-3.223 -1 -2.98 -1 -3.188 -1 -3.3 -1 264
-3.244 -1 -3.024 -1 -3.24 -1 -3.402 -1 397
-3.321 -1 -3.104 -1 -3.1 -1 -3.298 -1 7
-3.199 -1 -2.984 -1 -2.984 -1 -3.27 -1 0
-3.127 -1 -2.946 -1 -3.108 -1 -3.322 -1 270
-3.215 -1 -2.984 -1 -3.082 -1 -3.24 -1 88
-3.161 -1 -2.888 -1 -3.018 -1 -3.27 -1 172
-3.144 -1 -2.89 -1 -2.922 -1 -3.22 -1 38
-3.071 -1 -2.806 -1 -2.904 -1 -3.192 -1 118
-3.048 -1 -2.846 -1 -3.062 -1 -3.274 -1 254
-3.168 -1 -2.932 -1 -3.09 -1 -3.322 -1 248
-3.206 -1 -2.942 -1 -3.088 -1 -3.286 -1 251
-3.187 -1 -2.932 -1 -3.166 -1 -3.33 -1 372
-3.248 -1 -2.972 -1 -3.152 -1 -3.358 -1 268
-3.255 -1 -3.048 -1 -3.104 -1 -3.316 -1 67
-3.21 -1 -2.936 -1 -3.044 -1 -3.264 -1 134
-3.154 -1 -2.848 -1 -3.016 -1 -3.202 -1 162
-3.109 -1 -2.856 -1 -3.142 -1 -3.356 -1 351
-3.249 -1 -3.028 -1 -3.028 -1 -3.264 -1 14
-3.146 -1 -2.944 -1 -3.036 -1 -3.254 -1 63
-3.145 -1 -2.904 -1 -3.162 -1 -3.318 -1 332
-3.24 -1 -2.946 -1 -3.176 -1 -3.384 -1 395
-3.28 -1 -3.048 -1 -3.198 -1 -3.35 -1 242
-3.274 -1 -3.094 -1 -3.142 -1 -3.332 -1 93
-3.237 -1 -2.992 -1 -3.12 -1 -3.312 -2 313
-3.216 -1 -2.998 -1 -3.202 -1 -3.4 -1 357
-3.301 -1 -3.054 -1 -3.066 -1 -3.248 -1 12
-3.157 -1 -2.942 -1 -3.116 -1 -3.318 -1 222
-3.217 -1 -2.94 -1 -3.05 -1 -3.242 -1 108
-3.146 -1 -2.902 -1 -3.008 -1 -3.23 -1 164
-3.119 -1 -2.882 -1 -2.918 -1 -3.206 -1 46
-3.062 -1 -2.836 -1 -3.006 -1 -3.222 -1 160
-3.114 -1 -2.898 -1 -3.148 -1 -3.322 -2 397
-3.235 -1 -3.032 -1 -3.184 -1 -3.336 -1 243
-3.26 -1 -2.996 -1 -2.996 -1 -3.252 -1 3
-3.124 -1 -2.92 -1 -3.128 -1 -3.212 -1 330
-3.17 -1 -2.892 -1 -2.944 -1 -3.234 -1 102
-3.089 -1 -2.84 -1 -3.1 -1 -3.318 -1 324
-3.209 -1 -2.998 -1 -3.2 -1 -3.37 -1 393
-3.285 -1 -3.018 -1 -3.05 -1 -3.248 -1 29
-3.149 -1 -2.912 -1 -3.154 -1 -3.35 -1 321
-3.252 -1 -2.984 -1 -3.12 -1 -3.276 -1 166
-3.198 -1 -2.934 -1 -2.948 -1 -3.166 -1 33
-3.057 -1 -2.846 -1 -3.118 -1 -3.282 -1 339
-3.2 -1 -2.956 -1 -3.226 -1 -3.39 -1 398
-3.308 -1 -3.082 -1 -3.116 -1 -3.358 -1 39
-3.237 -1 -3.02 -1 -3.128 -1 -3.35 -1 107
-3.239 -1 -2.984 -1 -3.086 -1 -3.338 -2 175
-3.212 -1 -2.938 -1 -3.092 -1 -3.32 -2 264
-3.206 -1 -2.934 -1 -3.028 -1 -3.232 -1 146
-3.13 -1 -2.93 -1 -3.08 -1 -3.27 -1 202
-3.175 -1 -2.916 -1 -3.066 -1 -3.35 -1 184
-3.208 -1 -2.952 -1 -3.134 -1 -3.348 -1 282
-3.241 -1 -3.024 -1 -3.194 -1 -3.364 -1 281
-3.279 -1 -3.042 -1 -3.06 -1 -3.296 -1 48
-3.178 -1 -2.962 -1 -3.122 -1 -3.33 -1 233
-3.226 -1 -3.078 -1 -3.106 -1 -3.278 -1 17
-3.192 -1 -2.896 -1 -3.204 -1 -3.362 -1 389
-3.283 -1 -3.038 -1 -3.09 -1 -3.384 -1 67
-3.237 -1 -2.99 -1 -3.178 -1 -3.344 -1 334
-3.261 -1 -3.06 -1 -3.202 -1 -3.312 -1 231
-3.257 -1 -3.066 -1 -3.116 -1 -3.326 -1 77
-3.221 -1 -3.008 -1 -3.142 -1 -3.292 -1 192
-3.217 -1 -3.02 -1 -3.182 -1 -3.336 -1 280
-3.259 -1 -3.002 -1 -3.05 -1 -3.268 -2 106
-3.159 -1 -2.89 -1 -3.066 -1 -3.322 -2 227
-3.194 -1 -2.986 -1 -3.234 -2 -3.368 -2 384
-3.301 -2 -3.01 -2 -3.25 -2 -3.422 -1 261
-3.336 -1 -3.086 -1 -3.124 -1 -3.326 -1 27
-3.225 -1 -2.964 -1 -3.216 -1 -3.466 -1 282
-3.341 -1 -3.1 -1 -3.278 -1 -3.388 -2 279
-3.333 -1 -3.096 -1 -3.204 -1 -3.348 -1 210
-3.276 -1 -3.01 -1 -3.102 -1 -3.31 -1 100
-3.206 -1 -2.998 -1 -3.034 -1 -3.236 -1 44
-3.135 -1 -2.902 -1 -3.034 -1 -3.27 -1 182
-3.152 -1 -2.96 -1 -3.012 -1 -3.216 -1 64
-3.114 -1 -2.842 -1 -3.062 -1 -3.304 -1 253
-3.183 -1 -2.946 -1 -3.112 -1 -3.302 -1 248
-3.207 -1 -2.976 -1 -3.118 -1 -3.322 -1 171
-3.22 -1 -2.968 -1 -3.044 -1 -3.242 -1 109
-3.143 -1 -2.942 -1 -3.104 -1 -3.312 -1 201
-3.208 -1 -2.986 -1 -3.196 -1 -3.39 -1 362
-3.293 -1 -3.074 -1 -3.084 -1 -3.336 -1 12
-3.21 -1 -3.004 -1 -3.064 -1 -3.32 -1 42
-3.192 -1 -2.954 -1 -2.996 -1 -3.26 -1 36
-3.128 -1 -2.892 -1 -3.084 -1 -3.27 -1 262
-3.177 -1 -2.936 -1 -3.108 -1 -3.3 -1 276
-3.204 -1 -3 -1 -3.188 -1 -3.43 -1 358
-3.309 -1 -3.098 -1 -3.196 -1 -3.368 -1 257
-3.282 -1 -3.068 -1 -3.238 -1 -3.372 -1 279
-3.305 -1 -3.068 -1 -3.244 -1 -3.35 -1 370
-3.297 -1 -3.036 -1 -3.194 -1 -3.366 -1 239
-3.28 -1 -3.074 -1 -3.092 -1 -3.33 -1 28
-3.211 -1 -2.992 -1 -3.04 -1 -3.268 -1 63
-3.154 -1 -2.944 -1 -2.962 -1 -3.176 -1 45
-3.069 -1 -2.86 -1 -2.918 -1 -3.22 -1 45
-3.069 -1 -2.85 -1 -3.074 -1 -3.316 -1 355
-3.195 -1 -2.964 -1 -3.158 -1 -3.422 -2 350
-3.29 -1 -3.064 -1 -3.204 -1 -3.422 -2 220
-3.313 -1 -3.084 -1 -3.188 -1 -3.408 -1 158
-3.298 -1 -3.054 -1 -3.29 -1 -3.408 -1 383
-3.349 -1 -3.076 -1 -3.118 -1 -3.324 -1 54
-3.221 -1 -2.998 -1 -3.182 -1 -3.39 -1 237
-3.286 -1 -3.01 -1 -3.086 -1 -3.266 -1 96
-3.176 -1 -2.986 -1 -3.106 -1 -3.296 -1 226
-3.201 -1 -2.96 -1 -3.058 -1 -3.244 -1 109
-3.151 -1 -2.91 -1 -2.94 -1 -3.21 -1 49
-3.075 -1 -2.882 -1 -3.096 -1 -3.308 -1 289
-3.202 -1 -2.94 -1 -2.956 -1 -3.282 -1 8
-3.119 -1 -2.9 -1 -3.002 -1 -3.306 -1 134
-3.154 -1 -2.942 -1 -3.254 -1 -3.39 -1 376
-3.322 -1 -3.094 -1 -3.106 -1 -3.336 -1 28
-3.221 -1 -3.062 -1 -3.296 -1 -3.354 -1 311
-3.325 -1 -3.05 -1 -3.238 -1 -3.41 -1 258
-3.324 -1 -3.088 -1 -3.11 -1 -3.35 -1 57
-3.23 -1 -2.994 -1 -3.174 -1 -3.404 -2 263
-3.289 -1 -3.064 -1 -3.132 -1 -3.272 -1 134
-3.202 -1 -2.972 -1 -3.19 -1 -3.346 -1 354
-3.268 -1 -3.056 -1 -3.172 -1 -3.284 -1 161
-3.228 -1 -2.948 -1 -3.01 -1 -3.302 -1 48
-3.156 -1 -2.91 -1 -3.158 -1 -3.35 -1 340
-3.254 -1 -3.042 -1 -3.23 -1 -3.336 -1 375
-3.283 -1 -3.024 -1 -3.25 -1 -3.43 -1 344
-3.34 -1 -3.13 -1 -3.18 -1 -3.394 -1 101
-3.287 -1 -3.04 -1 -3.244 -1 -3.408 -1 334
-3.326 -1 -3.104 -1 -3.302 -1 -3.438 -1 330
-3.37 -1 -3.132 -1 -3.148 -1 -3.342 -1 19
-3.245 -1 -3.034 -1 -3.19 -1 -3.326 -1 244
-3.258 -1 -3.014 -1 -3.27 -1 -3.422 -1 369
-3.346 -1 -3.062 -1 -3.264 -1 -3.446 -1 358
-3.355 -1 -3.12 -1 -3.262 -1 -3.424 -1 364
-3.343 -1 -3.144 -1 -3.224 -1 -3.366 -1 73
-3.295 -1 -3.096 -1 -3.222 -1 -3.424 -1 174
-3.323 -1 -3.094 -1 -3.118 -1 -3.294 -1 38
-3.206 -1 -2.962 -1 -3.006 -1 -3.208 -1 40
-3.107 -1 -2.874 -1 -2.936 -1 -3.206 -1 71
-3.071 -1 -2.86 -1 -3.038 -1 -3.29 -1 267
-3.164 -1 -2.908 -1 -2.992 -1 -3.188 -1 116
-3.09 -1 -2.828 -1 -3.094 -1 -3.238 -1 374
-3.166 -1 -2.95 -1 -3.064 -1 -3.23 -1 149
-3.147 -1 -2.896 -1 -3.01 -1 -3.298 -1 195
-3.154 -1 -2.98 -1 -3.13 -1 -3.278 -1 160
-3.204 -1 -2.952 -1 -3.146 -1 -3.32 -1 269
-3.233 -1 -3.008 -1 -3.108 -1 -3.31 -2 186
-3.209 -1 -3.008 -1 -3.246 -1 -3.486 -1 378
-3.366 -1 -3.098 -1 -3.28 -1 -3.48 -1 292
-3.38 -1 -3.1 -1 -3.128 -1 -3.384 -1 51
-3.256 -1 -2.976 -1 -3.124 -1 -3.314 -1 195
-3.219 -1 -2.966 -1 -3.134 -1 -3.324 -1 238
-3.229 -1 -2.954 -1 -2.972 -1 -3.244 -1 44
-3.108 -1 -2.876 -1 -3.108 -1 -3.344 -1 393
-3.226 -1 -2.976 -1 -3.206 -1 -3.344 -1 376
-3.275 -1 -3.034 -1 -3.178 -1 -3.376 -1 207
-3.277 -1 -3.102 -1 -3.246 -1 -3.37 -2 248
-3.308 -1 -3.076 -1 -3.106 -1 -3.294 -1 41
-3.2 -1 -2.982 -1 -3.008 -1 -3.292 -2 49
-3.15 -1 -2.936 -1 -3.14 -1 -3.338 -1 238
-3.239 -1 -2.988 -1 -3.176 -1 -3.384 -1 349
-3.28 -1 -3.026 -1 -3.062 -1 -3.286 -1 67
-3.174 -1 -2.962 -1 -3.13 -1 -3.386 -1 218
-3.258 -1 -3.064 -1 -3.216 -1 -3.394 -1 397
-3.305 -1 -3.012 -1 -3.154 -1 -3.332 -1 207
-3.243 -1 -3.026 -1 -3.146 -1 -3.352 -2 243
-3.249 -1 -3.006 -1 -3.23 -1 -3.36 -1 350
-3.295 -1 -3.082 -1 -3.208 -1 -3.294 -1 289
-3.251 -1 -2.982 -1 -3.254 -1 -3.374 -1 303
-3.314 -1 -3.024 -1 -3.068 -1 -3.338 -1 37
-3.203 -1 -2.992 -1 -3.106 -1 -3.272 -1 178
-3.189 -1 -2.962 -1 -3.026 -1 -3.282 -1 66
-3.154 -1 -2.912 -1 -2.924 -1 -3.3 -1 15
-3.112 -1 -2.938 -1 -3.084 -1 -3.282 -1 196
-3.183 -1 -2.974 -1 -3.11 -1 -3.324 -1 185
-3.217 -1 -2.978 -1 -3.208 -1 -3.43 -1 378
-3.319 -1 -3.038 -1 -3.08 -1 -3.31 -1 93
-3.195 -1 -2.966 -1 -3.258 -1 -3.358 -1 354
-3.308 -1 -3.014 -1 -3.134 -1 -3.348 -1 195
-3.241 -1 -3.002 -1 -3.248 -1 -3.41 -1 325
-3.329 -1 -3.142 -1 -3.154 -1 -3.37 -2 51
-3.262 -1 -3.01 -1 -3.108 -1 -3.272 -1 139
-3.19 -1 -3.01 -1 -3.052 -1 -3.358 -2 71
-3.205 -1 -2.946 -1 -2.986 -1 -3.268 -1 52
-3.127 -1 -2.926 -1 -3.054 -1 -3.322 -1 281
-3.188 -1 -2.94 -1 -2.996 -1 -3.27 -1 67
-3.133 -1 -2.898 -1 -3.022 -1 -3.26 -1 203
-3.141 -1 -2.938 -1 -3.096 -1 -3.298 -1 305
-3.197 -1 -2.958 -1 -3.144 -1 -3.372 -1 228
-3.258 -1 -3.028 -1 -3.168 -1 -3.406 -1 182
-3.287 -1 -3.06 -1 -3.134 -1 -3.338 -1 119
-3.236 -1 -3.036 -1 -3.196 -1 -3.308 -1 275
-3.252 -1 -3.022 -1 -3.206 -1 -3.366 -1 218
-3.286 -1 -3.022 -1 -3.102 -1 -3.35 -1 137
-3.226 -1 -3.016 -1 -3.032 -1 -3.284 -1 27
-3.158 -1 -2.986 -1 -3.158 -1 -3.348 -1 266
-3.253 -1 -3.03 -1 -3.166 -1 -3.394 -1 229
-3.28 -1 -3.016 -1 -3.156 -2 -3.324 -1 316
-3.24 -1 -3.056 -1 -3.138 -1 -3.354 -1 106
-3.246 -1 -3.052 -1 -3.126 -1 -3.35 -1 137
-3.238 -1 -2.998 -1 -3.092 -1 -3.28 -1 182
-3.186 -1 -2.986 -1 -2.988 -1 -3.202 -1 9
-3.095 -1 -2.916 -1 -3.076 -1 -3.294 -1 272
-3.185 -1 -2.95 -1 -3.146 -1 -3.306 -1 232
-3.226 -1 -2.922 -1 -3.102 -1 -3.302 -1 234
-3.202 -1 -3 -1 -3.194 -1 -3.426 -1 336
-3.31 -1 -3.032 -1 -3.294 -1 -3.4 -1 322
-3.347 -1 -3.09 -1 -3.11 -1 -3.296 -1 13
-3.203 -1 -2.976 -1 -2.98 -1 -3.28 -1 20
-3.13 -1 -2.89 -1 -2.886 -1 -3.236 -1 2
-3.061 -1 -2.882 -1 -2.96 -1 -3.184 -1 57
-3.072 -1 -2.832 -1 -2.854 -1 -3.126 -1 23
-2.99 -1 -2.768 -1 -2.996 -1 -3.294 -1 228
-3.145 -1 -2.864 -1 -3.07 -1 -3.266 -1 207
-3.168 -1 -2.944 -1 -2.974 -1 -3.234 -1 19
-3.104 -1 -2.892 -1 -3.026 -1 -3.2 -1 160
-3.113 -1 -2.82 -1 -3.084 -1 -3.276 -1 257
-3.18 -1 -2.93 -1 -3.088 -1 -3.298 -1 249
-3.193 -1 -2.944 -1 -3.028 -1 -3.324 -1 80
-3.176 -1 -2.93 -1 -3.168 -1 -3.262 -1 359
-3.215 -1 -2.988 -1 -3.052 -1 -3.31 -1 64
-3.181 -1 -2.912 -1 -3.118 -1 -3.32 -1 216
-3.219 -1 -2.996 -1 -3.074 -1 -3.248 -1 132
-3.161 -1 -2.932 -1 -3.058 -1 -3.318 -1 198
-3.188 -1 -2.92 -1 -3.2 -1 -3.386 -2 366
-3.293 -1 -3.068 -1 -3.07 -1 -3.292 -1 13
-3.181 -1 -2.97 -1 -3.124 -1 -3.35 -1 301
-3.237 -1 -2.994 -1 -3.222 -1 -3.422 -1 328
-3.322 -1 -3.132 -1 -3.308 -1 -3.426 -1 347
-3.367 -1 -3.052 -1 -3.258 -1 -3.388 -1 296
-3.323 -1 -3.048 -1 -3.18 -1 -3.432 -1 192
-3.306 -1 -3.062 -1 -3.24 -1 -3.394 -1 288
-3.317 -1 -3.072 -1 -3.258 -1 -3.41 -1 300
-3.334 -1 -3.064 -1 -3.258 -1 -3.398 -1 373
-3.328 -1 -3.092 -1 -3.202 -1 -3.39 -1 127
-3.296 -1 -3.068 -1 -3.158 -1 -3.342 -1 116
-3.25 -1 -3.016 -1 -3.1 -1 -3.326 -1 101
-3.213 -1 -2.944 -1 -3.128 -1 -3.356 -1 231
-3.242 -1 -2.98 -1 -3.164 -1 -3.402 -1 238
-3.283 -1 -3.016 -1 -3.08 -1 -3.368 -1 141
-3.224 -1 -2.966 -1 -3.028 -1 -3.244 -2 51
-3.136 -1 -2.94 -1 -3.01 -1 -3.238 -1 78
-3.124 -1 -2.846 -1 -2.996 -1 -3.232 -1 216
-3.114 -1 -2.894 -1 -2.918 -1 -3.184 -1 39
-3.051 -1 -2.848 -1 -3.076 -1 -3.256 -1 330
-3.166 -1 -2.932 -1 -3.094 -1 -3.31 -1 204
-3.202 -1 -2.992 -1 -3.254 -1 -3.442 -2 358
-3.348 -1 -3.11 -1 -3.26 -1 -3.4 -1 268
-3.33 -1 -3.084 -1 -3.202 -1 -3.432 -1 165
-3.317 -1 -3.078 -1 -3.174 -1 -3.33 -1 224
-3.252 -1 -3.01 -1 -3.002 -1 -3.278 -1 35
-3.14 -1 -2.936 -1 -3.03 -1 -3.27 -1 144
-3.15 -1 -2.928 -1 -3.114 -1 -3.338 -1 285
-3.226 -1 -2.982 -1 -3.204 -1 -3.392 -1 371
-3.298 -1 -3.028 -1 -3.056 -1 -3.304 -1 29
-3.18 -1 -2.962 -1 -3.226 -1 -3.386 -1 369
-3.306 -1 -3.062 -1 -3.146 -1 -3.316 -1 93
-3.231 -1 -3.032 -1 -3.144 -1 -3.402 -1 145
-3.273 -1 -2.98 -1 -3.088 -1 -3.254 -1 143
-3.171 -1 -2.884 -1 -3.08 -1 -3.298 -1 252
-3.189 -1 -2.964 -1 -2.962 -1 -3.29 -1 3
-3.126 -1 -2.908 -1 -2.932 -1 -3.186 -1 12
-3.059 -1 -2.818 -1 -2.854 -1 -3.198 -1 66
-3.026 -1 -2.794 -1 -2.942 -1 -3.198 -2 221
-3.07 -1 -2.836 -1 -2.84 -1 -3.198 -1 14
-3.019 -1 -2.778 -1 -3.022 -1 -3.264 -1 396
-3.143 -1 -2.872 -1 -3.062 -1 -3.36 -1 184
-3.211 -1 -2.946 -1 -3.198 -1 -3.376 -1 308
-3.287 -1 -3.074 -1 -3.276 -1 -3.38 -1 360
-3.328 -1 -3.066 -1 -3.242 -1 -3.394 -1 302
-3.318 -1 -3.098 -1 -3.114 -1 -3.322 -2 68
-3.218 -1 -3.03 -1 -3.076 -1 -3.314 -1 81
-3.195 -1 -2.972 -1 -3.088 -1 -3.294 -1 186
-3.191 -1 -2.978 -1 -3.168 -1 -3.3 -1 269
-3.234 -1 -2.972 -1 -3.138 -1 -3.298 -1 245
-3.218 -1 -2.968 -1 -3.06 -1 -3.298 -1 77
-3.179 -1 -2.904 -1 -2.944 -1 -3.252 -1 67
-3.098 -1 -2.856 -1 -3.07 -1 -3.342 -1 307
-3.206 -1 -2.926 -1 -3.088 -1 -3.268 -1 179
-3.178 -1 -2.926 -1 -2.952 -1 -3.172 -1 64
-3.062 -1 -2.852 -1 -3.13 -1 -3.346 -1 300
-3.238 -1 -3.002 -1 -3.136 -1 -3.366 -1 136
-3.251 -1 -3.008 -1 -3.034 -1 -3.3 -1 77
-3.167 -1 -2.934 -1 -3.15 -1 -3.294 -1 300
-3.222 -1 -3.008 -1 -3.046 -1 -3.276 -1 30
-3.161 -1 -2.894 -1 -3.074 -1 -3.302 -1 231
-3.188 -1 -2.978 -1 -3.086 -1 -3.266 -1 251
-3.176 -1 -2.926 -1 -3.224 -1 -3.374 -1 364
-3.299 -1 -3.078 -1 -3.26 -1 -3.406 -1 351
-3.333 -1 -3.098 -1 -3.232 -1 -3.364 -1 246
-3.298 -1 -3.046 -1 -3.276 -1 -3.42 -1 387
-3.348 -1 -3.132 -1 -3.288 -1 -3.384 -1 213
-3.336 -1 -3.068 -1 -3.176 -1 -3.4 -1 163
-3.288 -1 -3.07 -1 -3.068 -1 -3.348 -1 7
-3.208 -1 -2.934 -1 -3.164 -1 -3.342 -1 243
-3.253 -1 -2.984 -1 -3.182 -1 -3.27 -1 284
-3.226 -1 -2.966 -1 -3.146 -1 -3.388 -1 305
-3.267 -1 -2.98 -1 -3.092 -1 -3.326 -1 183
-3.209 -1 -3.002 -1 -3.178 -1 -3.43 -2 345
-3.304 -1 -3.066 -1 -3.258 -1 -3.416 -1 272
-3.337 -1 -3.132 -1 -3.28 -1 -3.442 -1 305
-3.361 -1 -3.116 -1 -3.258 -1 -3.358 -1 342
-3.308 -1 -3.074 -1 -3.18 -1 -3.296 -1 110
-3.238 -1 -3.03 -1 -3.146 -1 -3.306 -1 175
-3.226 -1 -3.018 -1 -3.124 -1 -3.382 -2 182
-3.253 -1 -3.048 -1 -3.05 -1 -3.282 -1 30
-3.166 -1 -2.974 -1 -3.082 -1 -3.356 -2 153
-3.219 -1 -3.008 -1 -3.072 -1 -3.294 -1 126
-3.183 -1 -2.946 -1 -2.998 -1 -3.286 -1 74
-3.142 -1 -2.876 -1 -3.09 -1 -3.346 -2 236
-3.218 -1 -2.954 -1 -3.202 -1 -3.406 -1 390
-3.304 -1 -3.042 -1 -3.186 -1 -3.366 -1 217
-3.276 -1 -3.03 -1 -3.104 -1 -3.256 -1 123
-3.18 -1 -2.972 -1 -3.018 -1 -3.328 -1 71
-3.173 -1 -2.966 -1 -3.118 -1 -3.322 -1 184
-3.22 -1 -3.016 -1 -3.26 -1 -3.37 -1 385
-3.315 -1 -3.124 -1 -3.16 -1 -3.34 -1 62
-3.25 -1 -3.006 -1 -3.112 -1 -3.284 -1 141
-3.198 -1 -2.978 -1 -3.108 -1 -3.382 -1 151
-3.245 -1 -3.02 -1 -3.218 -1 -3.338 -1 281
-3.278 -1 -3.062 -1 -3.184 -1 -3.41 -1 218
-3.297 -1 -3.078 -1 -3.15 -1 -3.36 -1 87
-3.255 -1 -2.996 -1 -3.182 -1 -3.398 -1 358
-3.29 -1 -3.05 -1 -3.162 -1 -3.414 -2 166
-3.288 -1 -3.042 -1 -3.072 -1 -3.232 -1 27
-3.152 -1 -2.94 -1 -2.974 -1 -3.156 -1 52
-3.065 -1 -2.842 -1 -3.106 -1 -3.318 -1 293
-3.212 -1 -3 -1 -3.248 -1 -3.31 -1 397
-3.279 -1 -3.032 -1 -3.232 -1 -3.33 -1 246
-3.281 -1 -3.006 -1 -3.044 -1 -3.246 -1 78
-3.145 -1 -2.924 -1 -3.072 -1 -3.328 -1 210
-3.2 -1 -2.964 -1 -3.168 -1 -3.324 -1 289
-3.246 -1 -2.972 -1 -3.018 -1 -3.196 -1 90
-3.107 -1 -2.912 -1 -3.1 -1 -3.348 -2 370
-3.224 -1 -2.974 -1 -3.068 -1 -3.262 -1 139
-3.165 -1 -2.96 -1 -3.1 -1 -3.314 -1 133
-3.207 -1 -2.962 -1 -3.07 -1 -3.28 -1 125
-3.175 -1 -2.948 -1 -3 -1 -3.22 -1 55
-3.11 -1 -2.868 -1 -3.024 -1 -3.264 -1 168
-3.144 -1 -2.936 -1 -3.148 -1 -3.302 -1 310
-3.225 -1 -2.986 -1 -3.118 -1 -3.268 -1 205
-3.193 -1 -2.928 -1 -3.186 -1 -3.342 -1 319
-3.264 -1 -3.014 -1 -3.262 -1 -3.392 -1 398
-3.327 -1 -3.02 -1 -3.238 -1 -3.432 -1 335
-3.335 -1 -3.078 -1 -3.21 -1 -3.386 -1 249
-3.298 -1 -3.082 -1 -3.248 -1 -3.322 -1 179
-3.285 -1 -3.026 -1 -3.242 -1 -3.428 -1 292
-3.335 -1 -3.122 -1 -3.198 -1 -3.384 -1 105
-3.291 -1 -3.046 -1 -3.308 -1 -3.41 -1 322
-3.359 -1 -3.108 -1 -3.172 -1 -3.308 -1 167
-3.24 -1 -2.988 -1 -3.096 -1 -3.34 -1 201
-3.218 -1 -2.984 -1 -3.076 -1 -3.322 -1 155
-3.199 -1 -2.934 -1 -3.194 -1 -3.33 -1 358
-3.262 -1 -2.984 -1 -3.216 -1 -3.364 -1 366
-3.29 -1 -3.036 -1 -3.116 -1 -3.346 -1 123
-3.231 -1 -3.026 -1 -3.068 -1 -3.336 -1 40
-3.202 -1 -2.956 -1 -3.194 -1 -3.38 -1 349
-3.287 -1 -3.046 -1 -3.212 -1 -3.406 -1 279
-3.309 -1 -3.034 -1 -3.148 -1 -3.368 -1 198
-3.258 -1 -2.994 -1 -3.224 -1 -3.364 -1 366
-3.294 -1 -3.064 -1 -3.092 -1 -3.318 -1 50
-3.205 -1 -2.994 -1 -3.04 -1 -3.262 -1 61
-3.151 -1 -2.92 -1 -3.032 -1 -3.256 -1 111
-3.144 -1 -2.902 -1 -3.158 -1 -3.374 -2 343
-3.266 -1 -3.022 -1 -3.036 -1 -3.236 -1 27
-3.136 -1 -2.904 -1 -3.026 -1 -3.25 -1 125
-3.138 -1 -2.89 -1 -3.1 -1 -3.234 -1 270
-3.167 -1 -2.972 -1 -3.152 -1 -3.304 -1 356
-3.228 -1 -2.996 -1 -3.002 -1 -3.29 -1 12
-3.146 -1 -2.876 -1 -3.058 -1 -3.292 -1 222
-3.175 -1 -2.92 -1 -3.038 -1 -3.31 -1 130
-3.174 -1 -2.954 -1 -3.026 -1 -3.24 -1 67
-3.133 -1 -2.876 -1 -3.148 -1 -3.366 -1 367
-3.257 -1 -3.012 -1 -3.176 -1 -3.304 -1 233
-3.24 -1 -3.026 -1 -3.026 -1 -3.314 -2 0
-3.17 -1 -2.958 -1 -2.986 -1 -3.25 -1 46
-3.118 -1 -2.876 -1 -3.082 -1 -3.28 -1 199
-3.181 -1 -2.988 -1 -3.034 -1 -3.374 -1 44
-3.204 -1 -3.028 -1 -3.162 -1 -3.382 -1 211
-3.272 -1 -3.046 -1 -3.242 -1 -3.348 -1 288
-3.295 -1 -3.064 -1 -3.196 -1 -3.394 -1 243
-3.295 -1 -3.1 -1 -3.272 -1 -3.42 -1 270
-3.346 -1 -3.082 -1 -3.204 -1 -3.408 -1 274
-3.306 -1 -3.1 -1 -3.12 -1 -3.322 -1 15
-3.221 -1 -2.976 -1 -3.03 -1 -3.306 -2 177
-3.168 -1 -2.918 -1 -2.964 -1 -3.202 -1 96
-3.083 -1 -2.864 -1 -2.882 -1 -3.232 -2 28
-3.057 -1 -2.86 -1 -2.986 -1 -3.172 -1 181
-3.079 -1 -2.844 -1 -2.948 -1 -3.264 -1 112
-3.106 -1 -2.864 -1 -3.07 -1 -3.242 -1 234
-3.156 -1 -2.918 -1 -3.014 -1 -3.242 -1 158
-3.128 -1 -2.912 -1 -3.146 -1 -3.302 -1 379
-3.224 -1 -2.978 -1 -3.034 -1 -3.334 -1 84
-3.184 -1 -2.926 -1 -3.098 -1 -3.288 -1 268
-3.193 -1 -3.004 -1 -3.144 -1 -3.246 -1 232
-3.195 -1 -2.948 -1 -3.032 -1 -3.268 -1 126
-3.15 -1 -2.948 -1 -3.066 -1 -3.262 -1 138
-3.164 -1 -2.946 -1 -3.202 -1 -3.32 -1 354
-3.261 -1 -2.992 -1 -3.032 -1 -3.288 -1 24
-3.16 -1 -2.93 -1 -3.09 -1 -3.284 -1 235
-3.187 -1 -2.92 -1 -3.1 -1 -3.328 -1 362
-3.214 -1 -2.996 -1 -3.008 -1 -3.292 -1 23
-3.15 -1 -2.892 -1 -3.106 -1 -3.346 -1 344
-3.226 -1 -2.952 -1 -3.066 -1 -3.298 -1 170
-3.182 -1 -2.958 -1 -3.006 -1 -3.306 -1 46
-3.156 -1 -2.878 -1 -3.114 -1 -3.288 -1 237
-3.201 -1 -2.872 -1 -3.126 -1 -3.394 -1 317
-3.26 -1 -2.938 -1 -3.12 -1 -3.34 -1 287
-3.23 -1 -3.024 -1 -3.256 -1 -3.426 -2 371
-3.341 -1 -3.1 -1 -3.206 -1 -3.38 -1 114
-3.293 -1 -3.016 -1 -3.134 -1 -3.394 -1 152
-3.264 -1 -3.02 -1 -3.036 -1 -3.258 -1 11
-3.147 -1 -2.97 -1 -3.156 -1 -3.3 -1 375
-3.228 -1 -3.006 -1 -3.12 -1 -3.312 -1 329
-3.216 -1 -2.982 -1 -3.238 -1 -3.364 -1 366
-3.301 -1 -3.046 -1 -3.15 -1 -3.352 -1 180
-3.251 -1 -3.068 -1 -3.086 -1 -3.302 -1 27
-3.194 -1 -3.052 -1 -3.244 -1 -3.39 -1 276
-3.317 -1 -3.064 -1 -3.13 -1 -3.346 -1 107
-3.238 -1 -2.972 -1 -3.078 -1 -3.36 -1 78
-3.219 -1 -2.988 -1 -3.186 -1 -3.38 -1 342
-3.283 -1 -3.078 -1 -3.078 -1 -3.384 -1 3
-3.231 -1 -3.008 -1 -3.042 -1 -3.216 -1 49
-3.129 -1 -2.926 -1 -3.048 -1 -3.276 -1 154
-3.162 -1 -2.968 -1 -2.974 -1 -3.218 -1 39
-3.096 -1 -2.884 -1 -3.08 -1 -3.338 -1 254
-3.209 -1 -2.972 -1 -3.032 -1 -3.32 -1 111
-3.176 -1 -2.918 -1 -3.216 -1 -3.374 -1 387
-3.295 -1 -2.982 -1 -3.188 -1 -3.26 -1 284
-3.224 -1 -3.004 -1 -3.172 -1 -3.404 -1 348
-3.288 -1 -3.06 -1 -3.126 -1 -3.398 -1 129
-3.262 -1 -2.98 -1 -3.016 -1 -3.258 -1 44
-3.137 -1 -2.938 -1 -3.182 -1 -3.416 -1 372
-3.299 -1 -3.034 -1 -3.276 -1 -3.488 -1 393
-3.382 -1 -3.096 -1 -3.216 -1 -3.356 -1 224
-3.286 -1 -3.068 -1 -3.264 -1 -3.302 -1 254
-3.283 -1 -3.038 -1 -3.07 -1 -3.312 -1 53
-3.191 -1 -2.952 -1 -3.09 -1 -3.374 -1 195
-3.232 -1 -2.96 -1 -3.034 -1 -3.332 -1 136
-3.183 -1 -2.91 -1 -2.98 -1 -3.266 -1 67
-3.123 -1 -2.796 -1 -2.85 -1 -3.174 -1 100
-3.012 -1 -2.82 -1 -2.906 -1 -3.168 -1 99
-3.037 -1 -2.814 -1 -2.912 -1 -3.206 -1 106
-3.059 -1 -2.832 -1 -2.978 -1 -3.246 -1 204
-3.112 -1 -2.89 -1 -3.076 -1 -3.294 -1 265
-3.185 -1 -2.932 -1 -3.2 -1 -3.39 -1 386
-3.295 -1 -3.082 -1 -3.126 -1 -3.354 -1 119
-3.24 -1 -2.968 -1 -3.084 -1 -3.404 -1 246
-3.244 -1 -2.956 -1 -2.95 -1 -3.228 -1 6
-3.089 -1 -2.896 -1 -3.04 -1 -3.294 -1 205
-3.167 -1 -2.894 -1 -2.942 -1 -3.246 -1 57
-3.094 -1 -2.87 -1 -3.154 -1 -3.35 -1 310
-3.252 -1 -3.01 -1 -3.236 -1 -3.476 -1 395
-3.356 -1 -3.112 -1 -3.114 -1 -3.3 -1 9
-3.207 -1 -2.968 -1 -3.072 0 -3.294 -1 190
