9 1000 0.6 8 103 0 0 0 0
-3.67 -1 -3.192 -1 -3.228 -1 -3.416 -1 58
-3.322 -1 -2.886 -1 -2.984 -1 -3.33 -2 94
-3.157 -1 -2.742 -1 -2.92 -1 -3.226 -1 183
-3.073 -1 -2.69 -1 -2.956 -1 -3.262 -1 287
-3.109 -1 -2.662 -1 -2.69 -1 -3.116 -1 21
-2.903 -1 -2.548 -1 -2.868 -1 -3.162 -1 276
-3.015 -1 -2.582 -1 -2.776 -1 -3.08 -1 223
-2.928 -1 -2.504 -1 -2.532 -1 -2.986 -1 17
-2.759 -1 -2.37 -1 -2.672 -1 -3.018 -1 209
-2.845 -1 -2.398 -1 -2.546 -1 -3.048 -1 105
-2.797 -1 -2.39 -1 -2.528 -1 -2.928 -1 112
-2.728 -1 -2.364 -1 -2.732 -1 -3.15 -1 242
-2.941 -1 -2.48 -1 -2.718 -1 -3.074 -1 262
-2.896 -1 -2.5 -1 -2.73 -1 -3.072 -1 224
-2.901 -1 -2.47 -1 -2.784 -1 -3.134 -1 258
-2.959 -1 -2.544 -1 -2.632 -1 -3.118 -1 74
-2.875 -1 -2.478 -1 -2.804 -1 -3.134 -1 250
-2.969 -1 -2.516 -1 -2.814 -1 -3.146 -1 270
-2.98 -1 -2.522 -1 -2.842 -1 -3.124 -1 299
-2.983 -1 -2.496 -1 -2.916 -1 -3.24 -1 290
-3.078 -1 -2.59 -1 -2.864 -1 -3.19 -1 275
-3.027 -1 -2.568 -1 -2.81 -1 -3.152 -1 206
-2.981 -1 -2.55 -1 -2.788 -1 -3.184 -1 243
-2.986 -1 -2.536 -1 -2.892 -1 -3.196 -1 292
-3.044 -1 -2.564 -1 -2.82 -1 -3.18 -1 179
-3 -1 -2.524 -1 -2.64 -1 -3.112 -1 81
-2.876 -1 -2.448 -1 -2.56 -1 -2.988 -1 97
-2.774 -1 -2.402 -1 -2.534 -1 -2.952 -1 136
-2.743 -1 -2.356 -1 -2.706 -1 -3.074 -1 274
-2.89 -1 -2.468 -1 -2.746 -1 -3.06 -1 222
-2.903 -1 -2.456 -1 -2.576 -1 -2.984 -1 67
-2.78 -1 -2.394 -1 -2.712 -1 -3.044 -1 226
-2.878 -1 -2.432 -1 -2.746 -1 -3.098 -1 258
-2.922 -1 -2.488 -1 -2.75 -1 -3.064 -1 246
-2.907 -1 -2.486 -1 -2.836 -1 -3.228 -1 278
-3.032 -1 -2.576 -1 -2.806 -1 -3.074 -1 242
-2.94 -1 -2.52 -1 -2.706 -1 -3.1 -1 187
-2.903 -1 -2.47 -1 -2.476 -1 -2.948 -1 9
-2.712 -1 -2.352 -1 -2.684 -1 -3.062 -1 225
-2.873 -1 -2.48 -1 -2.566 -1 -3.064 -1 50
-2.815 -1 -2.404 -1 -2.622 -1 -3.05 -1 169
-2.836 -1 -2.442 -1 -2.496 -1 -2.918 -1 29
-2.707 -1 -2.37 -1 -2.708 -1 -3.09 -1 238
-2.899 -1 -2.442 -1 -2.766 -1 -3.12 -1 295
-2.943 -1 -2.536 -1 -2.558 -1 -3.02 -1 9
-2.789 -1 -2.424 -1 -2.628 -1 -2.968 -1 154
-2.798 -1 -2.378 -1 -2.474 -1 -3.032 -1 96
-2.753 -1 -2.384 -1 -2.676 -1 -3.07 -1 243
-2.873 -1 -2.462 -1 -2.704 -1 -3.08 -1 177
-2.892 -1 -2.426 -1 -2.502 -1 -2.992 -1 53
-2.747 -1 -2.38 -1 -2.622 -1 -3.006 -1 182
-2.814 -1 -2.384 -1 -2.604 -1 -3.062 -1 174
-2.833 -1 -2.424 -1 -2.462 -1 -3.006 -1 32
-2.734 -1 -2.392 -1 -2.484 -1 -2.994 -1 74
-2.739 -1 -2.372 -1 -2.548 -1 -2.93 -1 120
-2.739 -1 -2.384 -1 -2.654 -1 -3.078 -1 182
-2.866 -1 -2.396 -1 -2.534 -1 -2.98 -1 93
-2.757 -1 -2.356 -1 -2.52 -1 -2.98 -1 120
-2.75 -1 -2.31 -1 -2.674 -1 -3.096 -1 219
-2.885 -1 -2.424 -1 -2.682 -1 -3.082 -1 184
-2.882 -1 -2.412 -1 -2.452 -1 -2.854 -1 26
-2.653 -1 -2.258 -1 -2.532 -1 -3.012 -1 162
-2.772 -1 -2.364 -1 -2.478 -1 -2.884 -1 82
-2.681 -1 -2.292 -1 -2.376 -1 -2.85 -1 66
-2.613 -1 -2.268 -1 -2.486 -1 -2.928 -1 134
-2.707 -1 -2.288 -1 -2.4 -1 -2.882 -1 95
-2.641 -1 -2.252 -1 -2.498 -1 -2.932 -1 185
-2.715 -1 -2.308 -1 -2.61 -1 -2.946 -1 229
-2.778 -1 -2.386 -1 -2.676 -1 -2.99 -1 227
-2.833 -1 -2.41 -1 -2.638 -1 -3.03 -1 178
-2.834 -1 -2.426 -1 -2.642 -1 -3.008 -1 127
-2.825 -1 -2.4 -1 -2.596 -1 -3.002 -1 119
-2.799 -1 -2.4 -1 -2.526 -1 -2.974 -1 65
-2.75 -1 -2.336 -1 -2.68 -1 -3.086 -1 283
-2.883 -1 -2.46 -1 -2.562 -1 -2.9 -1 60
-2.731 -1 -2.348 -1 -2.576 -1 -3.016 -1 144
-2.796 -1 -2.396 -1 -2.666 -1 -2.996 -1 188
-2.831 -1 -2.394 -1 -2.394 -1 -2.898 -1 0
-2.646 -1 -2.292 -1 -2.536 -1 -2.892 -1 198
-2.714 -1 -2.326 -1 -2.662 -1 -3.016 -1 263
-2.839 -1 -2.398 -1 -2.444 -1 -2.874 -1 11
-2.659 -1 -2.314 -1 -2.636 -1 -3.012 -1 221
-2.824 -1 -2.388 -1 -2.548 -1 -2.894 -1 124
-2.721 -1 -2.318 -1 -2.492 -1 -2.908 -1 122
-2.7 -1 -2.286 -1 -2.336 -1 -2.812 -1 32
-2.574 -1 -2.182 -1 -2.302 -1 -2.786 -1 69
-2.544 -1 -2.188 -1 -2.34 -1 -2.84 -1 107
-2.59 -1 -2.19 -1 -2.524 -1 -2.918 -1 223
-2.721 -1 -2.306 -1 -2.348 -1 -2.866 -1 32
-2.607 -1 -2.256 -1 -2.51 -1 -2.918 -1 170
-2.714 -1 -2.288 -1 -2.378 -1 -2.796 -1 66
-2.587 -1 -2.212 -1 -2.422 -1 -2.856 -1 147
-2.639 -1 -2.224 -1 -2.36 -1 -2.854 -1 81
-2.607 -1 -2.242 -1 -2.57 -1 -2.924 -1 236
-2.747 -1 -2.334 -1 -2.422 -1 -2.846 -1 72
-2.634 -1 -2.232 -1 -2.408 -1 -2.82 -1 116
-2.614 -1 -2.226 -1 -2.464 -1 -2.92 -1 175
-2.692 -1 -2.268 -1 -2.37 -1 -2.816 -1 72
-2.593 -1 -2.218 -1 -2.454 -1 -2.88 -1 104
-2.667 -1 -2.272 -1 -2.56 -1 -2.94 -1 205
-2.75 -1 -2.35 -1 -2.56 -1 -2.91 -1 131
-2.735 -1 -2.282 -1 -2.482 -1 -2.942 -1 140
-2.712 -1 -2.294 -1 -2.614 -1 -2.964 0 234
