8 1000 1 1 39 0 0 0 0
-3.455 -1 -3.25 -1 -3.356 -1 -3.394 -1 367
-3.375 -1 -3.226 -1 -3.356 -1 -3.376 -1 425
-3.366 -1 -3.22 -1 -3.36 -1 -3.466 -1 303
-3.413 -1 -3.274 -1 -3.308 -1 -3.4 -1 398
-3.354 -1 -3.18 -1 -3.332 -1 -3.414 -1 386
-3.373 -1 -3.28 -1 -3.308 -1 -3.306 -1 195
-3.307 -1 -3.17 -1 -3.15 -1 -3.322 -1 53
-3.236 -1 -3.1 -1 -3.112 -1 -3.248 -1 45
-3.18 -1 -3.018 -1 -3.104 -1 -3.234 -1 138
-3.169 -1 -3.044 -1 -3.174 -1 -3.252 -1 376
-3.213 -1 -3.082 -1 -3.23 -1 -3.316 -1 498
-3.273 -1 -3.164 -1 -3.186 -1 -3.36 -1 30
-3.273 -1 -3.166 -1 -3.168 -1 -3.29 -1 183
-3.229 -1 -3.09 -1 -3.09 -1 -3.152 -1 1
-3.121 -1 -3.012 -1 -3.168 -1 -3.23 -1 321
-3.199 -1 -3.068 -1 -3.118 -1 -3.244 -1 133
-3.181 -1 -3.076 -1 -3.154 -1 -3.316 -1 197
-3.235 -1 -3.136 -1 -3.352 -1 -3.428 -1 472
-3.39 -1 -3.308 -1 -3.362 -1 -3.438 -1 139
-3.4 -1 -3.258 -1 -3.344 -1 -3.402 -1 278
-3.373 -1 -3.256 -1 -3.29 -1 -3.354 -1 116
-3.322 -1 -3.184 -1 -3.3 -1 -3.374 -1 388
-3.337 -1 -3.166 -1 -3.23 -1 -3.322 -1 167
-3.276 -1 -3.152 -1 -3.282 -1 -3.35 -1 376
-3.316 -1 -3.206 -1 -3.262 -1 -3.322 -1 266
-3.292 -1 -3.152 -1 -3.264 -1 -3.34 -1 222
-3.302 -1 -3.152 -1 -3.17 -1 -3.3 -1 61
-3.235 -1 -3.08 -1 -3.082 -1 -3.25 -1 49
-3.166 -1 -3.042 -1 -3.216 -1 -3.268 -1 363
-3.242 -1 -3.104 -1 -3.124 -1 -3.308 -1 56
-3.216 -1 -3.132 -1 -3.256 -1 -3.328 -1 271
-3.292 -1 -3.156 -1 -3.274 -1 -3.324 -1 490
-3.299 -1 -3.172 -1 -3.226 -1 -3.306 -1 185
-3.266 -1 -3.132 -1 -3.23 -1 -3.288 -1 272
-3.259 -1 -3.16 -1 -3.236 -1 -3.35 -1 287
-3.293 -1 -3.154 -1 -3.146 -1 -3.248 -1 40
-3.197 -1 -3.05 -1 -3.066 -1 -3.238 -1 37
-3.152 -1 -2.998 -1 -3.074 -1 -3.232 -1 214
-3.153 -1 -3.07 -1 -3.152 -1 -3.244 0 253
