10 1000 0.7 9 821 0 0 0 0
-3.775 -1 -3.248 -1 -3.434 -1 -3.594 -1 295
-3.514 -1 -3.058 -1 -3.15 -1 -3.478 -1 114
-3.314 -1 -2.852 -1 -3.136 -1 -3.446 -2 217
-3.291 -1 -2.836 -1 -3.098 -1 -3.372 -1 280
-3.235 -1 -2.816 -1 -2.832 -1 -3.15 -1 28
-2.991 -1 -2.592 -1 -2.626 -1 -3.074 -1 18
-2.85 -1 -2.488 -1 -2.632 -1 -3.186 -1 92
-2.909 -1 -2.532 -1 -2.78 -1 -3.162 -1 159
-2.971 -1 -2.54 -1 -2.886 -1 -3.292 -1 259
-3.089 -1 -2.6 -1 -2.916 -1 -3.312 -1 283
-3.114 -1 -2.664 -1 -3.026 -1 -3.322 -1 305
-3.174 -1 -2.74 -1 -2.936 -1 -3.304 -1 183
-3.12 -1 -2.712 -1 -2.934 -1 -3.268 -1 177
-3.101 -1 -2.676 -1 -3.008 -1 -3.326 -1 244
-3.167 -1 -2.682 -1 -2.868 -1 -3.184 -1 149
-3.026 -1 -2.578 -1 -2.64 -1 -3.124 -1 55
-2.882 -1 -2.494 -1 -2.496 -1 -3.018 -1 1
-2.757 -1 -2.426 -1 -2.636 -1 -3.102 -1 124
-2.869 -1 -2.458 -1 -2.568 -1 -3.032 -1 74
-2.8 -1 -2.42 -1 -2.858 -1 -3.27 -1 283
-3.064 -1 -2.608 -1 -3.026 -1 -3.252 -1 313
-3.139 -1 -2.7 -1 -2.748 -1 -3.208 -1 18
-2.978 -1 -2.59 -1 -2.678 -1 -3.104 -1 56
-2.891 -1 -2.49 -1 -2.766 -1 -3.176 -1 213
-2.971 -1 -2.53 -1 -2.916 -1 -3.238 -1 277
-3.077 -1 -2.624 -1 -2.674 -1 -3.116 -1 37
-2.895 -1 -2.508 -1 -2.628 -1 -3.01 -1 95
-2.819 -1 -2.464 -1 -2.626 -1 -3.098 -1 128
-2.862 -1 -2.472 -1 -2.682 -1 -3.128 -1 159
-2.905 -1 -2.49 -1 -2.83 -1 -3.214 -1 300
-3.022 -1 -2.578 -1 -2.7 -1 -3.202 -1 97
-2.951 -1 -2.536 -1 -2.938 -1 -3.292 -1 309
-3.115 -1 -2.652 -1 -3.084 -1 -3.364 -1 348
-3.224 -1 -2.746 -1 -2.87 -1 -3.276 -1 92
-3.073 -1 -2.64 -1 -2.83 -1 -3.174 -1 143
-3.002 -1 -2.584 -1 -2.598 -1 -3.02 -1 9
-2.809 -1 -2.434 -1 -2.496 -1 -2.958 -1 39
-2.727 -1 -2.374 -1 -2.432 -1 -2.97 -1 40
-2.701 -1 -2.356 -1 -2.77 -1 -3.13 -1 268
-2.95 -1 -2.488 -1 -2.826 -1 -3.124 -1 204
-2.975 -1 -2.532 -1 -2.644 -1 -3.04 -1 61
-2.842 -1 -2.466 -1 -2.896 -1 -3.228 -1 284
-3.062 -1 -2.594 -1 -2.74 -1 -3.162 -1 109
-2.951 -1 -2.556 -1 -2.904 -1 -3.318 -2 299
-3.111 -1 -2.682 -1 -3.034 -1 -3.38 -1 299
-3.207 -1 -2.734 -1 -2.86 -1 -3.192 -1 90
-3.026 -1 -2.608 -1 -2.812 -1 -3.152 -1 201
-2.982 -1 -2.576 -1 -2.92 -1 -3.244 -1 247
-3.082 -1 -2.622 -1 -2.834 -1 -3.202 -1 185
-3.018 -1 -2.596 -1 -2.68 -1 -3.08 -1 57
-2.88 -1 -2.468 -1 -2.922 -1 -3.178 -1 319
-3.05 -1 -2.566 -1 -2.566 -1 -3.052 -1 0
-2.809 -1 -2.464 -1 -2.466 -1 -2.95 -1 6
-2.708 -1 -2.39 -1 -2.534 -1 -3.038 -1 91
-2.786 -1 -2.41 -1 -2.552 -1 -2.948 -1 85
-2.75 -1 -2.372 -1 -2.784 -1 -3.158 -1 276
-2.971 -1 -2.492 -1 -2.698 -1 -3.1 -1 149
-2.899 -1 -2.468 -1 -2.892 -1 -3.224 -1 297
-3.058 -1 -2.6 -1 -2.6 -1 -3.062 -1 0
-2.831 -1 -2.436 -1 -2.576 -1 -3.004 -1 106
-2.79 -1 -2.378 -1 -2.83 -1 -3.164 -1 283
-2.997 -1 -2.496 -1 -2.838 -1 -3.202 -1 260
-3.02 -1 -2.584 -1 -2.624 -1 -3.082 -1 21
-2.853 -1 -2.462 -1 -2.672 -1 -3.126 -1 151
-2.899 -1 -2.444 -1 -2.488 -1 -2.972 -1 25
-2.73 -1 -2.378 -1 -2.524 -1 -3.066 -1 74
-2.795 -1 -2.43 -1 -2.89 -1 -3.252 -1 336
-3.071 -1 -2.612 -1 -2.688 -1 -3.02 -1 37
-2.854 -1 -2.434 -1 -2.838 -1 -3.254 -1 304
-3.046 -1 -2.564 -1 -2.944 -1 -3.292 -1 348
-3.118 -1 -2.668 -1 -3.088 -1 -3.35 -1 298
-3.219 -1 -2.732 -1 -3.09 -1 -3.374 -1 331
-3.232 -1 -2.766 -1 -3.132 -1 -3.364 -1 334
-3.248 -1 -2.742 -1 -2.902 -1 -3.324 -1 118
-3.113 -1 -2.668 -1 -2.968 -1 -3.336 -1 249
-3.152 -1 -2.708 -1 -3.064 -1 -3.316 -1 325
-3.19 -1 -2.74 -1 -2.95 -1 -3.26 -1 179
-3.105 -1 -2.654 -1 -2.692 -1 -3.138 -1 30
-2.915 -1 -2.496 -1 -2.504 -1 -3.03 -1 6
-2.767 -1 -2.43 -1 -2.842 -1 -3.152 -1 302
-2.997 -1 -2.54 -1 -2.962 -1 -3.292 -1 304
-3.127 -1 -2.676 -1 -2.864 -1 -3.244 -1 159
-3.054 -1 -2.636 -1 -2.858 -1 -3.198 -1 161
-3.028 -1 -2.616 -1 -2.77 -1 -3.228 -1 112
-2.999 -1 -2.586 -1 -2.652 -1 -3.128 -1 42
-2.89 -1 -2.494 -1 -2.718 -1 -3.108 -1 192
-2.913 -1 -2.494 -1 -2.68 -1 -3.086 -1 118
-2.883 -1 -2.47 -1 -2.692 -1 -3.102 -1 199
-2.897 -1 -2.47 -1 -2.806 -1 -3.206 -1 280
-3.006 -1 -2.554 -1 -2.568 -1 -3.052 -1 18
-2.81 -1 -2.396 -1 -2.554 -1 -3.052 -1 106
-2.803 -1 -2.42 -1 -2.58 -1 -3.094 -1 108
-2.837 -1 -2.438 -1 -2.652 -1 -3.086 -1 147
-2.869 -1 -2.432 -1 -2.51 -1 -3.024 -1 52
-2.767 -1 -2.366 -1 -2.754 -1 -3.172 -1 277
-2.963 -1 -2.51 -1 -2.646 -1 -3.078 -1 86
-2.862 -1 -2.452 -1 -2.77 -1 -3.166 -1 239
-2.968 -1 -2.51 -1 -2.532 -1 -2.97 -1 11
-2.751 -1 -2.364 -1 -2.572 -1 -3.086 -1 130
-2.829 -1 -2.416 -1 -2.724 -1 -3.104 -1 218
-2.914 -1 -2.508 -1 -2.848 -1 -3.176 -1 283
-3.012 -1 -2.528 -1 -2.936 -1 -3.284 -1 324
-3.11 -1 -2.662 -1 -2.77 -1 -3.192 -1 65
-2.981 -1 -2.548 -1 -2.95 -1 -3.292 -1 289
-3.121 -1 -2.656 -1 -2.804 -1 -3.154 -1 118
-2.979 -1 -2.59 -1 -2.836 -1 -3.23 -1 182
-3.033 -1 -2.596 -1 -2.912 -1 -3.208 -1 278
-3.06 -1 -2.618 -1 -2.726 -1 -3.098 -1 93
-2.912 -1 -2.51 -1 -2.848 -1 -3.182 -1 251
-3.015 -1 -2.582 -1 -2.876 -1 -3.214 -1 220
-3.045 -1 -2.594 -1 -2.76 -1 -3.226 -1 154
-2.993 -1 -2.588 -1 -2.596 -1 -3.096 -1 8
-2.846 -1 -2.48 -1 -2.64 -1 -3.086 -1 102
-2.863 -1 -2.454 -1 -2.832 -1 -3.152 -1 283
-2.992 -1 -2.53 -1 -2.836 -1 -3.214 -1 208
-3.025 -1 -2.562 -1 -2.944 -1 -3.288 -1 317
-3.116 -1 -2.638 -1 -2.702 -1 -3.138 -1 59
-2.92 -1 -2.49 -1 -2.802 -1 -3.21 -1 236
-3.006 -1 -2.58 -1 -2.776 -1 -3.062 -1 158
-2.919 -1 -2.5 -1 -2.842 -1 -3.202 -1 208
-3.022 -1 -2.546 -1 -2.73 -1 -3.168 -1 142
-2.949 -1 -2.534 -1 -2.622 -1 -3.078 -1 78
-2.85 -1 -2.41 -1 -2.706 -1 -3.084 -1 202
-2.895 -1 -2.45 -1 -2.566 -1 -3.054 -1 68
-2.81 -1 -2.388 -1 -2.812 -1 -3.164 -1 349
-2.988 -1 -2.514 -1 -2.78 -1 -3.164 -1 177
-2.972 -1 -2.49 -1 -2.722 -1 -3.138 -1 160
-2.93 -1 -2.492 -1 -2.792 -1 -3.12 -1 243
-2.956 -1 -2.514 -1 -2.888 -1 -3.298 -1 336
-3.093 -1 -2.676 -1 -2.97 -1 -3.322 -1 292
-3.146 -1 -2.67 -1 -2.978 -1 -3.282 -1 273
-3.13 -1 -2.634 -1 -3.044 -1 -3.284 -1 286
-3.164 -1 -2.7 -1 -2.868 -1 -3.244 -1 154
-3.056 -1 -2.62 -1 -2.97 -1 -3.242 -1 254
-3.106 -1 -2.648 -1 -2.732 -1 -3.104 -1 51
-2.918 -1 -2.524 -1 -2.7 -1 -3.102 -1 99
-2.901 -1 -2.458 -1 -2.738 -1 -3.18 -1 236
-2.959 -1 -2.528 -1 -2.854 -1 -3.168 -1 289
-3.011 -1 -2.558 -1 -2.672 -1 -3.078 -1 62
-2.875 -1 -2.474 -1 -2.734 -1 -3.142 -1 183
-2.938 -1 -2.504 -1 -2.804 -1 -3.154 -1 230
-2.979 -1 -2.574 -1 -2.614 -1 -3.132 -1 42
-2.873 -1 -2.462 -1 -2.784 -1 -3.16 -1 222
-2.972 -1 -2.566 -1 -2.588 -1 -3.066 -2 15
-2.827 -1 -2.426 -1 -2.958 -1 -3.26 -1 328
-3.109 -1 -2.61 -1 -2.932 -1 -3.272 -1 267
-3.102 -1 -2.66 -1 -3.056 -1 -3.328 -1 342
-3.192 -1 -2.678 -1 -3.006 -1 -3.302 -1 322
-3.154 -1 -2.73 -1 -3.07 -1 -3.324 -1 293
-3.197 -1 -2.702 -1 -2.798 -1 -3.088 -1 67
-2.943 -1 -2.556 -1 -2.746 -1 -3.134 -1 120
-2.94 -1 -2.504 -1 -2.878 -1 -3.224 -1 283
-3.051 -1 -2.548 -1 -2.898 -1 -3.254 -1 284
-3.076 -1 -2.606 -1 -2.704 -1 -3.1 -1 84
-2.902 -1 -2.474 -1 -2.848 -1 -3.246 -1 252
-3.047 -1 -2.594 -1 -2.918 -1 -3.27 -1 297
-3.094 -1 -2.652 -1 -2.95 -1 -3.276 -1 257
-3.113 -1 -2.68 -1 -2.772 -1 -3.192 -1 56
-2.982 -1 -2.556 -1 -2.792 -1 -3.284 -1 230
-3.038 -1 -2.628 -1 -2.846 -1 -3.192 -1 135
-3.019 -1 -2.58 -1 -2.718 -1 -3.116 -1 87
-2.917 -1 -2.502 -1 -2.82 -1 -3.224 -1 207
-3.022 -1 -2.556 -1 -2.88 -1 -3.188 -1 248
-3.034 -1 -2.576 -1 -2.964 -1 -3.22 -1 295
-3.092 -1 -2.606 -1 -2.94 -1 -3.282 -1 295
-3.111 -1 -2.656 -1 -3.004 -1 -3.318 -1 274
-3.161 -1 -2.722 -1 -3.052 -1 -3.338 -1 335
-3.195 -1 -2.76 -1 -2.944 -1 -3.338 -1 186
-3.141 -1 -2.698 -1 -2.882 -1 -3.294 -1 218
-3.088 -1 -2.648 -1 -2.712 -1 -3.154 -1 80
-2.933 -1 -2.512 -1 -2.94 -1 -3.308 -1 310
-3.124 -1 -2.652 -1 -2.934 -1 -3.25 -1 185
-3.092 -1 -2.638 -1 -2.898 -1 -3.248 -1 200
-3.073 -1 -2.628 -1 -2.954 -1 -3.228 -1 253
-3.091 -1 -2.628 -1 -2.93 -1 -3.258 -1 224
-3.094 -1 -2.608 -1 -2.814 -1 -3.208 -1 174
-3.011 -1 -2.596 -1 -2.97 -1 -3.35 -1 272
-3.16 -1 -2.68 -1 -3.02 -1 -3.27 -1 251
-3.145 -1 -2.692 -1 -2.932 -1 -3.25 -1 187
-3.091 -1 -2.644 -1 -2.76 -1 -3.144 -1 97
-2.952 -1 -2.552 -1 -2.694 -1 -3.156 -1 110
-2.925 -1 -2.544 -1 -2.912 -1 -3.26 -1 274
-3.086 -1 -2.652 -1 -2.904 -1 -3.23 -1 239
-3.067 -1 -2.622 -1 -2.96 -1 -3.278 -1 295
-3.119 -1 -2.638 -1 -3.038 -1 -3.362 -1 282
-3.2 -1 -2.742 -1 -2.948 -1 -3.228 -1 182
-3.088 -1 -2.61 -1 -2.816 -1 -3.146 -1 150
-2.981 -1 -2.542 -1 -2.636 -1 -3.106 -1 80
-2.871 -1 -2.46 -1 -2.668 -1 -3.076 -1 143
-2.872 -1 -2.48 -1 -2.746 -1 -3.142 -1 205
-2.944 -1 -2.516 -1 -2.826 -1 -3.166 -1 211
-2.996 -1 -2.544 -1 -2.622 -1 -3.028 -1 64
-2.825 -1 -2.414 -1 -2.66 -1 -3.11 -1 149
-2.885 -1 -2.442 -1 -2.458 -1 -3.008 -1 14
-2.733 -1 -2.338 -1 -2.374 -1 -2.932 -1 23
-2.653 -1 -2.306 -1 -2.336 -1 -2.886 -1 10
-2.611 -1 -2.268 -1 -2.43 -1 -2.898 -1 88
-2.664 -1 -2.286 -1 -2.352 -1 -2.918 -1 46
-2.635 -1 -2.268 -1 -2.454 -1 -3.004 -1 103
-2.729 -1 -2.354 -1 -2.694 -1 -3.086 -1 184
-2.89 -1 -2.42 -1 -2.562 -1 -3.082 -1 90
-2.822 -1 -2.416 -1 -2.868 -1 -3.272 -1 335
-3.07 -1 -2.608 -1 -2.9 -1 -3.208 -1 237
-3.054 -1 -2.628 -1 -2.628 -1 -3.064 -1 1
-2.846 -1 -2.458 -1 -2.502 -1 -2.992 -1 30
-2.747 -1 -2.388 -1 -2.596 -1 -3.056 -1 134
-2.826 -1 -2.422 -1 -2.526 -1 -2.942 -1 49
-2.734 -1 -2.354 -1 -2.832 -1 -3.2 -1 330
-3.016 -1 -2.546 -1 -2.798 -1 -3.178 -1 196
-2.988 -1 -2.544 -1 -2.704 -1 -3.102 -1 89
-2.903 -1 -2.472 -1 -2.486 -1 -2.918 -1 13
-2.702 -1 -2.318 -1 -2.574 -1 -3.03 -1 184
-2.802 -1 -2.378 -1 -2.51 -1 -2.978 -1 99
-2.744 -1 -2.376 -1 -2.74 -1 -3.118 -1 221
-2.929 -1 -2.508 -1 -2.578 -1 -3.046 -1 60
-2.812 -1 -2.424 -1 -2.636 -1 -3.008 -1 139
-2.822 -1 -2.44 -1 -2.71 -1 -3.144 -1 190
-2.927 -1 -2.516 -1 -2.664 -1 -3.086 -1 127
-2.875 -1 -2.44 -1 -2.734 -1 -3.102 -1 184
-2.918 -1 -2.462 -1 -2.568 -1 -3.024 -1 59
-2.796 -1 -2.39 -1 -2.462 -1 -2.93 -1 43
-2.696 -1 -2.346 -1 -2.612 -1 -3.11 -1 171
-2.861 -1 -2.448 -1 -2.596 -1 -3.006 -1 73
-2.801 -1 -2.402 -1 -2.726 -1 -3.084 -1 277
-2.905 -1 -2.444 -1 -2.818 -1 -3.072 -1 229
-2.945 -1 -2.5 -1 -2.844 -1 -3.1 -1 238
-2.972 -1 -2.534 -1 -2.63 -1 -3.048 -1 64
-2.839 -1 -2.426 -1 -2.674 -1 -3.072 -1 178
-2.873 -1 -2.48 -1 -2.974 -1 -3.24 -1 333
-3.107 -1 -2.634 -1 -2.672 -1 -3.036 -1 46
-2.854 -1 -2.456 -1 -2.904 -1 -3.236 -2 313
-3.07 -1 -2.63 -1 -2.694 -1 -3.074 -1 50
-2.884 -1 -2.442 -1 -2.83 -1 -3.162 -1 278
-2.996 -1 -2.514 -1 -2.514 -1 -2.97 -1 7
-2.742 -1 -2.372 -1 -2.46 -1 -2.978 -1 70
-2.719 -1 -2.326 -1 -2.544 -1 -2.996 -1 131
-2.77 -1 -2.374 -1 -2.452 -1 -3.002 -1 65
-2.727 -1 -2.356 -1 -2.478 -1 -2.968 -1 108
-2.723 -1 -2.378 -1 -2.768 -1 -3.126 -1 313
-2.947 -1 -2.48 -1 -2.734 -1 -3.178 -1 183
-2.956 -1 -2.51 -1 -3.02 -1 -3.264 -1 334
-3.142 -1 -2.658 -1 -2.846 -1 -3.184 -1 160
-3.015 -1 -2.584 -1 -2.934 -1 -3.24 -1 263
-3.087 -1 -2.644 -1 -2.98 -1 -3.268 -1 280
-3.124 -1 -2.69 -1 -3.05 -1 -3.38 -1 321
-3.215 -1 -2.742 -1 -2.856 -1 -3.278 -1 115
-3.067 -1 -2.628 -1 -2.87 -1 -3.244 -1 191
-3.057 -1 -2.628 -1 -2.684 -1 -3.132 -1 40
-2.908 -1 -2.536 -1 -2.876 -1 -3.254 -1 278
-3.065 -1 -2.59 -1 -2.828 -1 -3.19 -1 184
-3.009 -1 -2.596 -1 -2.924 -1 -3.252 -1 203
-3.088 -1 -2.662 -1 -2.944 -1 -3.292 -1 184
-3.118 -1 -2.654 -1 -2.974 -1 -3.278 -1 229
-3.126 -1 -2.676 -1 -3.086 -1 -3.322 -1 302
-3.204 -1 -2.728 -1 -2.764 -1 -3.17 -1 31
-2.967 -1 -2.532 -1 -2.602 -1 -3.05 -1 46
-2.826 -1 -2.468 -1 -2.944 -1 -3.284 -1 342
-3.114 -1 -2.608 -1 -3 -1 -3.308 -1 341
-3.154 -1 -2.718 -1 -2.998 -1 -3.282 -1 234
-3.14 -1 -2.684 -1 -2.874 -1 -3.21 -1 175
-3.042 -1 -2.622 -1 -2.958 -1 -3.268 -1 259
-3.113 -1 -2.648 -1 -2.842 -1 -3.264 -1 154
-3.053 -1 -2.61 -1 -2.748 -1 -3.152 -1 126
-2.95 -1 -2.548 -1 -2.728 -1 -3.156 -1 122
-2.942 -1 -2.488 -1 -2.874 -1 -3.266 -2 301
-3.07 -1 -2.642 -1 -2.988 -1 -3.308 -1 325
-3.148 -1 -2.68 -1 -2.872 -1 -3.178 -1 144
-3.025 -1 -2.596 -1 -2.788 -1 -3.148 -1 151
-2.968 -1 -2.56 -1 -2.786 -1 -3.252 -1 196
-3.019 -1 -2.606 -1 -2.688 -1 -3.158 -1 45
-2.923 -1 -2.562 -1 -2.578 -1 -3.084 -1 13
-2.831 -1 -2.464 -1 -2.676 -1 -3.118 -1 138
-2.897 -1 -2.506 -1 -2.816 -1 -3.242 -1 222
-3.029 -1 -2.57 -1 -2.6 -1 -3.108 -1 30
-2.854 -1 -2.478 -1 -2.946 -1 -3.276 -1 337
-3.111 -1 -2.62 -1 -2.81 -1 -3.202 -1 150
-3.006 -1 -2.562 -1 -2.832 -1 -3.232 -1 175
-3.032 -1 -2.594 -1 -2.734 -1 -3.138 -1 91
-2.936 -1 -2.552 -1 -2.608 -1 -3.218 -1 34
-2.913 -1 -2.536 -1 -2.588 -1 -3.114 -1 46
-2.851 -1 -2.498 -1 -2.854 -1 -3.212 -1 267
-3.033 -1 -2.61 -1 -2.64 -1 -3.078 -1 19
-2.859 -1 -2.48 -1 -2.792 -1 -3.206 -1 202
-2.999 -1 -2.552 -1 -2.83 -1 -3.206 -1 203
-3.018 -1 -2.568 -1 -2.88 -1 -3.2 -1 220
-3.04 -1 -2.618 -1 -2.646 -1 -3.122 -1 22
-2.884 -1 -2.49 -1 -2.708 -1 -3.122 -1 154
-2.915 -1 -2.494 -1 -2.826 -1 -3.146 -1 247
-2.986 -1 -2.5 -1 -2.552 -1 -3.062 -1 54
-2.807 -1 -2.482 -1 -2.884 -1 -3.256 -1 302
-3.07 -1 -2.626 -1 -2.902 -1 -3.252 -1 212
-3.077 -1 -2.63 -1 -2.74 -1 -3.108 -1 83
-2.924 -1 -2.508 -1 -2.778 -1 -3.17 -1 222
-2.974 -1 -2.524 -1 -2.682 -1 -3.15 -1 104
-2.916 -1 -2.488 -1 -2.684 -1 -3.048 -1 161
-2.866 -1 -2.454 -1 -2.594 -1 -3.036 -1 87
-2.815 -1 -2.418 -1 -2.418 -1 -2.958 -1 0
-2.688 -1 -2.334 -1 -2.748 -1 -3.112 -1 247
-2.93 -1 -2.448 -1 -2.84 -1 -3.162 -1 283
-3.001 -1 -2.518 -1 -2.72 -1 -3.14 -1 149
-2.93 -1 -2.462 -1 -2.484 -1 -2.944 -1 15
-2.714 -1 -2.366 -1 -2.746 -1 -3.122 -1 239
-2.934 -1 -2.478 -1 -2.968 -1 -3.224 -1 328
-3.096 -1 -2.616 -1 -2.618 -1 -3.08 -1 1
-2.849 -1 -2.448 -1 -2.812 -1 -3.148 -1 252
-2.98 -1 -2.498 -1 -2.624 -1 -3.03 -1 88
-2.827 -1 -2.402 -1 -2.506 -1 -3 -1 56
-2.753 -1 -2.348 -1 -2.762 -1 -3.192 -1 307
-2.977 -1 -2.51 -1 -2.774 -1 -3.116 -1 204
-2.945 -1 -2.466 -1 -2.674 -1 -3.144 -1 151
-2.909 -1 -2.45 -1 -2.868 -1 -3.166 -1 286
-3.017 -1 -2.574 -1 -2.712 -1 -3.134 -1 129
-2.923 -1 -2.514 -1 -2.596 -1 -3.018 -1 55
-2.807 -1 -2.442 -1 -2.766 -1 -3.168 -1 205
-2.967 -1 -2.538 -1 -2.688 -1 -3.146 -1 136
-2.917 -1 -2.494 -1 -2.648 -1 -3.116 -1 106
-2.882 -1 -2.47 -1 -2.922 -1 -3.242 -1 329
-3.082 -1 -2.63 -1 -2.968 -1 -3.34 -1 234
-3.154 -1 -2.684 -1 -2.782 -1 -3.116 -1 76
-2.949 -1 -2.536 -1 -2.646 -1 -3.116 -1 74
-2.881 -1 -2.526 -1 -2.818 -1 -3.228 -1 227
-3.023 -1 -2.602 -1 -2.64 -1 -3.064 -1 19
-2.852 -1 -2.46 -1 -2.758 -1 -3.126 -1 201
-2.942 -1 -2.52 -1 -2.636 -1 -3.044 -1 88
-2.84 -1 -2.458 -1 -2.754 -1 -3.116 -1 210
-2.935 -1 -2.528 -1 -2.894 -1 -3.214 -1 338
-3.054 -1 -2.592 -1 -3.004 -1 -3.244 -1 293
-3.124 -1 -2.644 -1 -2.852 -1 -3.156 -1 165
-3.004 -1 -2.542 -1 -2.826 -1 -3.168 -1 250
-2.997 -1 -2.564 -1 -2.87 -1 -3.192 -1 276
-3.031 -1 -2.568 -1 -2.784 -1 -3.21 -1 211
-2.997 -1 -2.572 -1 -2.972 -1 -3.246 -1 318
-3.109 -1 -2.632 -1 -2.77 -1 -3.104 -1 117
-2.937 -1 -2.542 -1 -2.716 -1 -3.118 -1 113
-2.917 -1 -2.49 -1 -2.916 -1 -3.324 -1 301
-3.12 -1 -2.63 -1 -2.648 -1 -3.076 -1 13
-2.862 -1 -2.488 -1 -2.752 -1 -3.144 -1 208
-2.948 -1 -2.528 -1 -2.838 -1 -3.154 -1 247
-2.996 -1 -2.54 -1 -2.736 -1 -3.19 -1 184
-2.963 -1 -2.524 -1 -2.772 -1 -3.106 -1 162
-2.939 -1 -2.47 -1 -2.8 -1 -3.268 -1 239
-3.034 -1 -2.558 -1 -2.598 -1 -3.104 -1 38
-2.851 -1 -2.42 -1 -2.624 -1 -3.092 -1 161
-2.858 -1 -2.41 -1 -2.518 -1 -3.04 -1 71
-2.779 -1 -2.384 -1 -2.604 -1 -3.096 -1 154
-2.85 -1 -2.438 -1 -2.586 -1 -3.048 -1 78
-2.817 -1 -2.41 -1 -2.776 -1 -3.102 -1 266
-2.939 -1 -2.48 -1 -2.788 -1 -3.136 -1 253
-2.962 -1 -2.532 -1 -2.58 -1 -3.132 -1 34
-2.856 -1 -2.47 -1 -2.686 -1 -3.074 -1 129
-2.88 -1 -2.46 -1 -2.544 -1 -3.006 -1 54
-2.775 -1 -2.402 -1 -2.862 -1 -3.184 -1 338
-3.023 -1 -2.524 -1 -2.76 -1 -3.21 -1 182
-2.985 -1 -2.57 -1 -2.832 -1 -3.186 -1 199
-3.009 -1 -2.558 -1 -2.614 -1 -3.086 -1 42
-2.85 -1 -2.466 -1 -2.754 -1 -3.17 -1 204
-2.962 -1 -2.572 -1 -2.938 -1 -3.306 -1 306
-3.122 -1 -2.638 -1 -2.752 -1 -3.214 -1 90
-2.983 -1 -2.538 -1 -2.714 -1 -3.152 -1 99
-2.933 -1 -2.528 -1 -2.766 -1 -3.158 -1 181
-2.962 -1 -2.506 -1 -2.682 -1 -3.104 -1 146
-2.893 -1 -2.476 -1 -2.744 -1 -3.198 -1 198
-2.971 -1 -2.552 -1 -2.968 -1 -3.348 -1 309
-3.158 -1 -2.662 -1 -3.01 -1 -3.276 -2 297
-3.143 -1 -2.672 -1 -3.024 -1 -3.298 -2 316
-3.161 -1 -2.692 -1 -2.83 -1 -3.196 -1 145
-3.013 -1 -2.584 -1 -2.95 -1 -3.274 -1 265
-3.112 -1 -2.658 -1 -2.726 -1 -3.146 -1 44
-2.936 -1 -2.564 -1 -2.862 -1 -3.216 -1 208
-3.039 -1 -2.586 -1 -2.714 -1 -3.12 -1 104
-2.917 -1 -2.512 -1 -2.666 -1 -3.106 -1 124
-2.886 -1 -2.472 -1 -2.832 -1 -3.15 -1 285
-2.991 -1 -2.572 -1 -2.592 -1 -3.074 -1 15
-2.833 -1 -2.442 -1 -2.76 -1 -3.17 -1 224
-2.965 -1 -2.538 -1 -2.698 -1 -3.094 -1 107
-2.896 -1 -2.484 -1 -2.528 -1 -3.072 -1 24
-2.8 -1 -2.444 -1 -2.58 -1 -3.024 -1 82
-2.802 -1 -2.408 -1 -2.706 -1 -3.114 -1 190
-2.91 -1 -2.508 -1 -2.82 -1 -3.166 -1 262
-2.993 -1 -2.548 -1 -2.916 -1 -3.254 -1 297
-3.085 -1 -2.59 -1 -2.768 -1 -3.16 -1 108
-2.964 -1 -2.528 -1 -2.696 -1 -3.15 -1 138
-2.923 -1 -2.508 -1 -2.716 -1 -3.064 -1 134
-2.89 -1 -2.466 -1 -2.588 -1 -3.114 -1 92
-2.851 -1 -2.456 -1 -2.634 -1 -3.08 -1 128
-2.857 -1 -2.452 -1 -2.58 -1 -3.01 -1 76
-2.795 -1 -2.428 -1 -2.826 -1 -3.164 -1 334
-2.995 -1 -2.524 -1 -2.822 -1 -3.186 -1 214
-3.004 -1 -2.586 -1 -2.604 -1 -3.106 -1 6
-2.855 -1 -2.456 -1 -2.85 -1 -3.206 -1 293
-3.028 -1 -2.546 -1 -3.024 -1 -3.198 -1 310
-3.111 -1 -2.654 -1 -2.778 -1 -3.17 -1 122
-2.974 -1 -2.56 -1 -2.92 -1 -3.296 -1 295
-3.108 -1 -2.666 -1 -2.914 -1 -3.316 -2 207
-3.115 -1 -2.686 -1 -2.884 -1 -3.182 -1 182
-3.033 -1 -2.618 -1 -3.036 -1 -3.322 -2 313
-3.179 -1 -2.712 -1 -2.94 -1 -3.304 -1 195
-3.122 -1 -2.684 -1 -3.042 -1 -3.258 -1 308
-3.15 -1 -2.706 -1 -2.996 -1 -3.304 -1 265
-3.15 -1 -2.68 -1 -2.702 -1 -3.11 -1 24
-2.906 -1 -2.52 -1 -2.952 -1 -3.302 -1 295
-3.127 -1 -2.668 -1 -2.794 -1 -3.23 -1 81
-3.012 -1 -2.592 -1 -2.894 -1 -3.13 -1 206
-3.012 -1 -2.572 -1 -2.716 -1 -3.198 -1 118
-2.957 -1 -2.538 -1 -2.672 -1 -3.034 -1 78
-2.853 -1 -2.45 -1 -2.638 -1 -3.062 -1 120
-2.85 -1 -2.442 -1 -2.902 -1 -3.22 -1 329
-3.061 -1 -2.61 -1 -2.84 -1 -3.162 -1 164
-3.001 -1 -2.56 -1 -2.868 -1 -3.18 -1 226
-3.024 -1 -2.582 -1 -2.806 -1 -3.15 -1 176
-2.978 -1 -2.56 -1 -2.938 -1 -3.288 -2 262
-3.113 -1 -2.632 -1 -3.006 -1 -3.376 -1 343
-3.191 -1 -2.758 -1 -3.102 -1 -3.356 -1 333
-3.229 -1 -2.75 -1 -2.942 -1 -3.272 -1 161
-3.107 -1 -2.676 -1 -2.958 -1 -3.238 -1 258
-3.098 -1 -2.646 -1 -2.658 -1 -3.1 -1 18
-2.879 -1 -2.534 -1 -2.604 -1 -3.086 -1 53
-2.845 -1 -2.48 -1 -2.858 -1 -3.206 -1 234
-3.032 -1 -2.556 -1 -2.972 -1 -3.314 -1 340
-3.143 -1 -2.7 -1 -3.05 -1 -3.366 -1 300
-3.208 -1 -2.706 -1 -2.974 -1 -3.264 -1 238
-3.119 -1 -2.682 -1 -2.874 -1 -3.28 -1 150
-3.077 -1 -2.646 -1 -2.862 -1 -3.198 -1 197
-3.03 -1 -2.608 -1 -2.624 -1 -3.096 -1 12
-2.86 -1 -2.468 -1 -2.82 -1 -3.18 -1 259
-3 -1 -2.594 -1 -2.918 -1 -3.306 -1 239
-3.112 -1 -2.662 -1 -2.964 -1 -3.372 -1 255
-3.168 -1 -2.676 -1 -2.7 -1 -3.092 -1 14
-2.896 -1 -2.504 -1 -2.766 -1 -3.14 -1 184
-2.953 -1 -2.534 -1 -2.676 -1 -3.06 -1 99
-2.868 -1 -2.472 -1 -2.476 -1 -2.998 -1 1
-2.737 -1 -2.374 -1 -2.836 -1 -3.178 -1 339
-3.007 -1 -2.566 -1 -2.83 -1 -3.152 -1 186
-2.991 -1 -2.518 -1 -2.616 -1 -3.092 -1 60
-2.854 -1 -2.474 -1 -2.708 -1 -3.11 -1 158
-2.909 -1 -2.486 -1 -2.718 -1 -3.022 -1 149
-2.87 -1 -2.458 -1 -2.814 -1 -3.14 -1 274
-2.977 -1 -2.542 -1 -2.566 -1 -2.976 -1 14
-2.771 -1 -2.4 -1 -2.858 -1 -3.21 -1 348
-3.034 -1 -2.54 -1 -2.728 -1 -3.074 -1 121
-2.901 -1 -2.49 -1 -2.528 -1 -2.968 -1 21
-2.748 -1 -2.354 -1 -2.362 -1 -2.86 -1 4
-2.611 -1 -2.262 -1 -2.678 -1 -3.06 -1 245
-2.869 -1 -2.454 -1 -2.928 -1 -3.236 -1 326
-3.082 -1 -2.584 -1 -2.808 -1 -3.212 -1 199
-3.01 -1 -2.57 -1 -2.68 -1 -3.132 -1 76
-2.906 -1 -2.51 -1 -2.894 -1 -3.282 -1 298
-3.088 -1 -2.65 -1 -2.744 -1 -3.13 -1 60
-2.937 -1 -2.536 -1 -2.86 -1 -3.182 -1 237
-3.021 -1 -2.608 -1 -2.696 -1 -3.094 -1 64
-2.895 -1 -2.478 -1 -2.54 -1 -2.968 -1 42
-2.754 -1 -2.352 -1 -2.582 -1 -3.018 -1 139
-2.8 -1 -2.404 -1 -2.534 -1 -3.096 -1 87
-2.815 -1 -2.418 -1 -2.734 -1 -3.122 -1 200
-2.928 -1 -2.482 -1 -2.764 -1 -3.186 -2 190
-2.975 -1 -2.572 -1 -2.658 -1 -3.068 -1 89
-2.863 -1 -2.492 -1 -2.494 -1 -3.002 -1 1
-2.748 -1 -2.426 -1 -2.822 -1 -3.136 -1 289
-2.979 -1 -2.502 -1 -2.51 -1 -2.934 -1 5
-2.722 -1 -2.35 -1 -2.79 -1 -3.146 -1 345
-2.968 -1 -2.51 -1 -2.6 -1 -3.028 -1 68
-2.814 -1 -2.438 -1 -2.848 -1 -3.23 -1 293
-3.039 -1 -2.596 -1 -2.832 -1 -3.21 -1 192
-3.021 -1 -2.568 -1 -2.994 -1 -3.278 -1 339
-3.136 -1 -2.702 -1 -2.904 -1 -3.228 -1 180
-3.066 -1 -2.642 -1 -2.784 -1 -3.116 -1 105
-2.95 -1 -2.544 -1 -2.764 -1 -3.088 -1 161
-2.926 -1 -2.518 -1 -2.64 -1 -3.102 -1 106
-2.871 -1 -2.474 -1 -2.586 -1 -3.174 -1 74
-2.88 -1 -2.49 -1 -2.562 -1 -3.036 -1 48
-2.799 -1 -2.424 -1 -2.82 -1 -3.112 -1 311
-2.966 -1 -2.494 -1 -2.67 -1 -3.038 -1 133
-2.854 -1 -2.46 -1 -2.778 -1 -3.18 -1 195
-2.979 -1 -2.534 -1 -2.712 -1 -3.108 -1 113
-2.91 -1 -2.482 -1 -2.926 -1 -3.26 -1 312
-3.093 -1 -2.602 -1 -2.808 -1 -3.148 -1 200
-2.978 -1 -2.594 -1 -2.608 -1 -3.016 -1 12
-2.812 -1 -2.44 -1 -2.858 -1 -3.222 -1 278
-3.04 -1 -2.578 -1 -2.77 -1 -3.168 -1 129
-2.969 -1 -2.514 -1 -2.718 -1 -3.092 -1 144
-2.905 -1 -2.436 -1 -2.652 -1 -3.112 -1 172
-2.882 -1 -2.502 -1 -2.532 -1 -2.99 -1 21
-2.761 -1 -2.414 -1 -2.536 -1 -3 -1 87
-2.768 -1 -2.396 -1 -2.584 -1 -3.038 -1 126
-2.811 -1 -2.424 -1 -2.716 -1 -3.134 -1 239
-2.925 -1 -2.492 -1 -2.736 -1 -3.144 -1 162
-2.94 -1 -2.516 -1 -2.946 -1 -3.248 -1 305
-3.097 -1 -2.6 -1 -2.848 -1 -3.188 -1 202
-3.018 -1 -2.552 -1 -2.938 -1 -3.322 -1 298
-3.13 -1 -2.642 -1 -2.898 -1 -3.268 -1 177
-3.083 -1 -2.656 -1 -2.92 -1 -3.248 -1 194
-3.084 -1 -2.646 -1 -2.78 -1 -3.188 -1 106
-2.984 -1 -2.562 -1 -2.598 -1 -3.072 -1 17
-2.835 -1 -2.458 -1 -2.592 -1 -3.074 -1 93
-2.833 -1 -2.446 -1 -2.854 -1 -3.284 -1 323
-3.069 -1 -2.612 -1 -2.922 -1 -3.282 -1 277
-3.102 -1 -2.648 -1 -2.72 -1 -3.116 -1 69
-2.918 -1 -2.502 -1 -2.632 -1 -3.08 -1 81
-2.856 -1 -2.482 -1 -2.84 -1 -3.21 -1 284
-3.025 -1 -2.562 -1 -2.702 -1 -3.122 -1 84
-2.912 -1 -2.502 -1 -2.806 -1 -3.192 -1 222
-2.999 -1 -2.556 -1 -2.634 -1 -3.098 -1 63
-2.866 -1 -2.492 -1 -2.93 -1 -3.32 -2 318
-3.125 -1 -2.708 -1 -2.868 -1 -3.19 -1 148
-3.029 -1 -2.586 -1 -2.634 -1 -3.148 -1 38
-2.891 -1 -2.478 -1 -2.892 -1 -3.172 -1 305
-3.032 -1 -2.504 -1 -2.852 -1 -3.186 -1 260
-3.019 -1 -2.57 -1 -2.75 -1 -3.186 -1 142
-2.968 -1 -2.526 -1 -2.536 -1 -3.016 -1 14
-2.776 -1 -2.384 -1 -2.904 -1 -3.208 -1 343
-3.056 -1 -2.568 -1 -2.74 -1 -3.186 -1 142
-2.963 -1 -2.542 -1 -2.958 -1 -3.288 -1 343
-3.123 -1 -2.626 -1 -2.882 -1 -3.226 -1 210
-3.054 -1 -2.622 -1 -2.894 -1 -3.206 -1 228
-3.05 -1 -2.62 -1 -2.868 -1 -3.228 -1 226
-3.048 -1 -2.586 -1 -2.814 -1 -3.21 -1 169
-3.012 -1 -2.59 -1 -2.828 -1 -3.204 -1 206
-3.016 -1 -2.618 -1 -2.764 -1 -3.142 -1 108
-2.953 -1 -2.494 -1 -2.902 -1 -3.252 -1 312
-3.077 -1 -2.58 -1 -2.58 -1 -3.06 -1 0
-2.82 -1 -2.468 -1 -2.488 -1 -2.996 -1 39
-2.742 -1 -2.394 -1 -2.65 -1 -3.08 -1 165
-2.865 -1 -2.472 -1 -2.522 -1 -2.974 -1 29
-2.748 -1 -2.38 -1 -2.852 -1 -3.196 -1 349
-3.024 -1 -2.55 -1 -2.884 -1 -3.236 -1 287
-3.06 -1 -2.584 -1 -2.878 -1 -3.244 -1 244
-3.061 -1 -2.59 -1 -2.78 -1 -3.192 -1 150
-2.986 -1 -2.566 -1 -2.594 -1 -3.052 -1 23
-2.823 -1 -2.426 -1 -2.89 -1 -3.148 -1 349
-3.019 -1 -2.542 -1 -2.696 -1 -3.118 -1 106
-2.907 -1 -2.462 -1 -2.668 -1 -3.042 -1 143
-2.855 -1 -2.426 -1 -2.908 -1 -3.228 -1 341
-3.068 -1 -2.612 -1 -2.842 -1 -3.208 -1 220
-3.025 -1 -2.578 -1 -2.586 -1 -3.008 -1 8
-2.797 -1 -2.39 -1 -2.84 -1 -3.22 -1 317
-3.03 -1 -2.584 -1 -2.748 -1 -3.136 -1 153
-2.942 -1 -2.508 -1 -2.822 -1 -3.196 -1 215
-3.009 -1 -2.558 -1 -2.774 -1 -3.178 -1 175
-2.976 -1 -2.554 -1 -2.878 -1 -3.21 -1 226
-3.044 -1 -2.586 -1 -2.818 -1 -3.17 -1 201
-2.994 -1 -2.558 -1 -2.822 -1 -3.21 -2 192
-3.016 -1 -2.58 -1 -2.768 -1 -3.198 -1 103
-2.983 -1 -2.582 -1 -2.898 -1 -3.172 -1 279
-3.035 -1 -2.606 -1 -2.738 -1 -3.158 -1 102
-2.948 -1 -2.54 -1 -2.57 -1 -3.028 -1 19
-2.799 -1 -2.43 -1 -2.86 -1 -3.228 -1 346
-3.044 -1 -2.592 -1 -2.91 -1 -3.26 -1 218
-3.085 -1 -2.594 -1 -2.936 -1 -3.254 -1 273
-3.095 -1 -2.648 -1 -2.872 -1 -3.318 -1 163
-3.095 -1 -2.67 -1 -2.704 -1 -3.096 -1 19
-2.9 -1 -2.49 -1 -2.514 -1 -2.986 -1 20
-2.75 -1 -2.394 -1 -2.838 -1 -3.188 -1 281
-3.013 -1 -2.536 -1 -2.74 -1 -3.174 -1 124
-2.957 -1 -2.558 -1 -2.796 -1 -3.234 -1 148
-3.015 -1 -2.572 -1 -2.91 -1 -3.222 -1 223
-3.066 -1 -2.608 -1 -3.01 -1 -3.296 -1 285
-3.153 -1 -2.722 -1 -2.92 -1 -3.266 -2 136
-3.093 -1 -2.622 -1 -2.968 -1 -3.252 -1 258
-3.11 -1 -2.65 -1 -2.788 -1 -3.242 -1 115
-3.015 -1 -2.618 -1 -2.76 -1 -3.216 -1 104
-2.988 -1 -2.604 -1 -2.944 -1 -3.25 -1 277
-3.097 -1 -2.602 -1 -2.886 -1 -3.206 -1 302
-3.046 -1 -2.6 -1 -2.726 -1 -3.184 -1 87
-2.955 -1 -2.524 -1 -2.71 -1 -3.172 -1 127
-2.941 -1 -2.552 -1 -2.778 -1 -3.176 -1 157
-2.977 -1 -2.532 -1 -2.544 -1 -3.012 -1 11
-2.778 -1 -2.422 -1 -2.714 -1 -3.206 -1 234
-2.96 -1 -2.524 -1 -2.584 -1 -3.032 -1 40
-2.808 -1 -2.432 -1 -2.628 -1 -3.098 -1 99
-2.863 -1 -2.438 -1 -2.738 -1 -3.142 -1 185
-2.94 -1 -2.526 -1 -2.668 -1 -3.082 -1 127
-2.875 -1 -2.49 -1 -2.492 -1 -2.99 -1 3
-2.741 -1 -2.388 -1 -2.416 -1 -2.972 -1 21
-2.694 -1 -2.33 -1 -2.654 -1 -3.11 -1 205
-2.882 -1 -2.472 -1 -2.66 -1 -3.084 -1 126
-2.872 -1 -2.46 -1 -2.928 -1 -3.2 -1 338
-3.064 -1 -2.598 -1 -2.924 -1 -3.25 -1 218
-3.087 -1 -2.624 -1 -2.946 -1 -3.254 -1 239
-3.1 -1 -2.658 -1 -2.68 -1 -3.104 -1 16
-2.892 -1 -2.514 -1 -2.798 -1 -3.16 -1 187
-2.979 -1 -2.54 -1 -2.796 -1 -3.134 -1 207
-2.965 -1 -2.508 -1 -2.642 -1 -3.014 -1 69
-2.828 -1 -2.43 -1 -2.898 -1 -3.264 -1 340
-3.081 -1 -2.63 -1 -2.78 -1 -3.154 -1 120
-2.967 -1 -2.508 -1 -2.698 -1 -3.144 -1 122
-2.921 -1 -2.522 -1 -2.844 -1 -3.258 -1 238
-3.051 -1 -2.638 -1 -2.766 -1 -3.132 -1 138
-2.949 -1 -2.54 -1 -2.724 -1 -3.14 -1 138
-2.932 -1 -2.532 -1 -2.826 -1 -3.21 -1 227
-3.018 -1 -2.596 -1 -2.664 -1 -3.066 -1 51
-2.865 -1 -2.492 -1 -2.644 -1 -3.02 -1 100
-2.832 -1 -2.446 -1 -2.458 -1 -2.966 -1 8
-2.712 -1 -2.382 -1 -2.8 -1 -3.22 -1 265
-3.01 -1 -2.54 -1 -2.766 -1 -3.144 -1 158
-2.955 -1 -2.508 -1 -2.874 -1 -3.226 -1 286
-3.05 -1 -2.586 -1 -2.992 -1 -3.324 -1 308
-3.158 -1 -2.676 -1 -2.708 -1 -3.162 -1 18
-2.935 -1 -2.494 -1 -2.91 -1 -3.246 -1 316
-3.078 -1 -2.624 -1 -2.924 -1 -3.234 -1 212
-3.079 -1 -2.608 -1 -2.98 -1 -3.294 -1 304
-3.137 -1 -2.662 -1 -2.966 -1 -3.274 -1 258
-3.12 -1 -2.64 -1 -2.728 -1 -3.154 -1 89
-2.941 -1 -2.548 -1 -2.684 -1 -3.08 -1 113
-2.882 -1 -2.484 -1 -2.774 -1 -3.154 -1 205
-2.964 -1 -2.55 -1 -2.766 -1 -3.184 -1 135
-2.975 -1 -2.562 -1 -2.854 -1 -3.154 -1 198
-3.004 -1 -2.57 -1 -2.884 -1 -3.154 -1 263
-3.019 -1 -2.554 -1 -2.962 -1 -3.322 -1 290
-3.142 -1 -2.672 -1 -2.984 -1 -3.342 -1 310
-3.163 -1 -2.676 -1 -2.77 -1 -3.188 -1 112
-2.979 -1 -2.578 -1 -2.826 -1 -3.084 -1 174
-2.955 -1 -2.526 -1 -2.654 -1 -3.148 -1 99
-2.901 -1 -2.476 -1 -2.66 -1 -3.108 -1 112
-2.884 -1 -2.478 -1 -2.674 -1 -3.06 -1 149
-2.867 -1 -2.474 -1 -2.592 -1 -3.076 -1 76
-2.834 -1 -2.434 -1 -2.838 -1 -3.15 -1 252
-2.994 -1 -2.532 -1 -2.804 -1 -3.138 -1 189
-2.971 -1 -2.542 -1 -2.62 -1 -3.118 -1 49
-2.869 -1 -2.468 -1 -2.496 -1 -3.026 -1 15
-2.761 -1 -2.394 -1 -2.564 -1 -3.074 -1 102
-2.819 -1 -2.434 -1 -2.566 -1 -3.06 -1 75
-2.813 -1 -2.434 -1 -2.58 -1 -3.062 -1 97
-2.821 -1 -2.44 -1 -2.714 -1 -3.152 -1 192
-2.933 -1 -2.472 -1 -2.816 -1 -3.158 -1 206
-2.987 -1 -2.492 -1 -2.832 -1 -3.204 -1 255
-3.018 -1 -2.538 -1 -2.676 -1 -3.122 -1 88
-2.899 -1 -2.486 -1 -2.898 -1 -3.21 -1 308
-3.054 -1 -2.572 -1 -2.93 -1 -3.318 -1 305
-3.124 -1 -2.658 -1 -2.768 -1 -3.156 -1 91
-2.962 -1 -2.534 -1 -2.87 -1 -3.28 -1 263
-3.075 -1 -2.612 -1 -2.936 -1 -3.27 -1 204
-3.103 -1 -2.622 -1 -2.99 -1 -3.266 -1 296
-3.128 -1 -2.694 -1 -3.064 -1 -3.394 -1 338
-3.229 -1 -2.736 -1 -2.894 -1 -3.21 -1 176
-3.052 -1 -2.63 -1 -2.982 -1 -3.22 -1 314
-3.101 -1 -2.674 -1 -2.904 -1 -3.258 -1 175
-3.081 -1 -2.654 -1 -2.654 -1 -3.142 -1 0
-2.898 -1 -2.522 -1 -2.882 -1 -3.246 -1 277
-3.064 -1 -2.608 -1 -2.648 -1 -3.154 -1 27
-2.901 -1 -2.524 -1 -2.578 -1 -3.07 -1 32
-2.824 -1 -2.452 -1 -2.904 -1 -3.234 -1 307
-3.069 -1 -2.596 -1 -2.996 -1 -3.32 -1 325
-3.158 -1 -2.72 -1 -2.908 -1 -3.246 -1 130
-3.077 -1 -2.648 -1 -2.756 -1 -3.116 -2 87
-2.936 -1 -2.568 -1 -2.616 -1 -3.022 -1 40
-2.819 -1 -2.476 -1 -2.788 -1 -3.218 -1 238
-3.003 -1 -2.546 -1 -2.816 -1 -3.178 -1 204
-2.997 -1 -2.546 -1 -2.902 -1 -3.234 -1 291
-3.068 -1 -2.622 -1 -2.982 -1 -3.274 -1 288
-3.128 -1 -2.686 -1 -2.802 -1 -3.178 -1 83
-2.99 -1 -2.55 -1 -2.816 -1 -3.226 -1 204
-3.021 -1 -2.572 -1 -2.794 -1 -3.146 -1 149
-2.97 -1 -2.572 -1 -2.718 -1 -3.114 -1 105
-2.916 -1 -2.486 -1 -2.734 -1 -3.102 -1 203
-2.918 -1 -2.518 -1 -2.616 -1 -2.966 -1 50
-2.791 -1 -2.378 -1 -2.664 -1 -3.134 -1 152
-2.899 -1 -2.452 -1 -2.578 -1 -2.994 -1 75
-2.786 -1 -2.392 -1 -2.46 -1 -2.914 -1 54
-2.687 -1 -2.308 -1 -2.446 -1 -2.99 -1 60
-2.718 -1 -2.332 -1 -2.646 -1 -3.056 -1 211
-2.851 -1 -2.418 -1 -2.674 -1 -3.09 -1 198
-2.882 -1 -2.444 -1 -2.86 -1 -3.162 -1 325
-3.011 -1 -2.548 -1 -2.83 -1 -3.14 -1 221
-2.985 -1 -2.5 -1 -2.63 -1 -3.048 -1 82
-2.839 -1 -2.43 -1 -2.508 -1 -3.018 -1 33
-2.763 -1 -2.38 -1 -2.606 -1 -2.968 -1 122
-2.787 -1 -2.36 -1 -2.482 -1 -2.922 -1 73
-2.702 -1 -2.298 -1 -2.578 -1 -3 -1 131
-2.789 -1 -2.386 -1 -2.858 -1 -3.294 -1 317
-3.076 -1 -2.596 -1 -2.654 -1 -3.082 -1 57
-2.868 -1 -2.458 -1 -2.466 -1 -2.972 -1 4
-2.719 -1 -2.336 -1 -2.788 -1 -3.138 -1 315
-2.963 -1 -2.516 -1 -2.798 -1 -3.136 -1 220
-2.967 -1 -2.504 -1 -2.648 -1 -3.124 -1 119
-2.886 -1 -2.496 -1 -2.496 -1 -3.018 -1 0
-2.757 -1 -2.398 -1 -2.812 -1 -3.168 -1 301
-2.99 -1 -2.552 -1 -2.8 -1 -3.176 -1 193
-2.988 -1 -2.534 -1 -2.8 -1 -3.134 -1 190
-2.967 -1 -2.534 -1 -2.876 -1 -3.222 -1 232
-3.049 -1 -2.596 -1 -2.862 -1 -3.266 -1 232
-3.064 -1 -2.612 -1 -2.948 -1 -3.294 -1 255
-3.121 -1 -2.674 -1 -2.794 -1 -3.17 -1 120
-2.982 -1 -2.558 -1 -3.016 -1 -3.304 -2 320
-3.16 -1 -2.672 -1 -2.908 -1 -3.276 -2 228
-3.092 -1 -2.704 -1 -3.014 -1 -3.258 -1 262
-3.136 -1 -2.698 -1 -2.822 -1 -3.21 -1 123
-3.016 -1 -2.594 -1 -2.714 -1 -3.222 -1 93
-2.968 -1 -2.59 -1 -2.622 -1 -3.068 -1 30
-2.845 -1 -2.472 -1 -2.768 -1 -3.128 -1 229
-2.948 -1 -2.556 -1 -2.71 -1 -3.068 -1 95
-2.889 -1 -2.468 -1 -2.722 -1 -3.136 -1 214
-2.929 -1 -2.522 -1 -2.916 -1 -3.22 -1 318
-3.068 -1 -2.582 -1 -2.676 -1 -3.104 -1 69
-2.89 -1 -2.512 -1 -2.926 -1 -3.26 -1 341
-3.093 -1 -2.616 -1 -3.026 -1 -3.322 -1 333
-3.174 -1 -2.658 -1 -2.928 -1 -3.27 -1 241
-3.099 -1 -2.678 -1 -2.866 -1 -3.19 -1 132
-3.028 -1 -2.578 -1 -2.75 -1 -3.168 -1 124
-2.959 -1 -2.54 -1 -2.554 -1 -3.14 -1 9
-2.847 -1 -2.474 -1 -2.684 -1 -3.12 -1 120
-2.902 -1 -2.462 -1 -2.462 -1 -3.014 -1 0
-2.738 -1 -2.392 -1 -2.764 -1 -3.14 -1 248
-2.952 -1 -2.526 -1 -2.562 -1 -3.054 -1 25
-2.808 -1 -2.41 -1 -2.47 -1 -3.042 -1 37
-2.756 -1 -2.38 -1 -2.79 -1 -3.148 -1 274
-2.969 -1 -2.51 -1 -2.556 -1 -3.044 -1 26
-2.8 -1 -2.366 -1 -2.618 -1 -3.074 -1 167
-2.846 -1 -2.438 -1 -2.722 -1 -3.154 -1 185
-2.938 -1 -2.566 -1 -2.87 -1 -3.2 -1 264
-3.035 -1 -2.556 -1 -2.596 -1 -3.072 -1 38
-2.834 -1 -2.462 -1 -2.672 -1 -3.082 -1 131
-2.877 -1 -2.476 -1 -2.876 -1 -3.25 -1 310
-3.063 -1 -2.584 -1 -2.62 -1 -3.058 -1 31
-2.839 -1 -2.422 -1 -2.87 -1 -3.214 -1 330
-3.042 -1 -2.582 -1 -3.052 -1 -3.326 -1 316
-3.189 -1 -2.688 -1 -2.772 -1 -3.132 -1 50
-2.952 -1 -2.562 -1 -2.864 -1 -3.238 -1 228
-3.051 -1 -2.626 -1 -2.722 -1 -3.136 -1 62
-2.929 -1 -2.494 -1 -2.83 -1 -3.138 -1 267
-2.984 -1 -2.556 -1 -2.784 -1 -3.214 -1 179
-2.999 -1 -2.504 -1 -2.82 -1 -3.226 -1 217
-3.023 -1 -2.578 -1 -2.594 -1 -3.006 -1 8
-2.8 -1 -2.434 -1 -2.81 -1 -3.142 -1 233
-2.976 -1 -2.54 -1 -2.736 -1 -3.196 -1 132
-2.966 -1 -2.536 -1 -2.866 -1 -3.222 -1 258
-3.044 -1 -2.594 -1 -2.704 -1 -3.174 -1 97
-2.939 -1 -2.554 -1 -2.656 -1 -3.038 -1 87
-2.847 -1 -2.47 -1 -2.474 -1 -2.94 -1 1
-2.707 -1 -2.386 -1 -2.626 -1 -3.098 -1 157
-2.862 -1 -2.426 -1 -2.832 -1 -3.254 -1 229
-3.043 -1 -2.526 -1 -2.91 -1 -3.322 -1 300
-3.116 -1 -2.628 -1 -2.692 -1 -3.048 -1 51
-2.87 -1 -2.462 -1 -2.758 -1 -3.14 -1 218
-2.949 -1 -2.51 -1 -2.928 -1 -3.196 -1 303
-3.062 -1 -2.636 -1 -2.646 -1 -3.084 -1 6
-2.865 -1 -2.468 -1 -2.8 -1 -3.22 -1 230
-3.01 -1 -2.554 -1 -2.866 -1 -3.268 -1 258
-3.067 -1 -2.61 -1 -2.854 -1 -3.176 -1 154
-3.015 -1 -2.546 -1 -2.588 -1 -3.074 -1 33
-2.831 -1 -2.462 -1 -2.758 -1 -3.142 -1 206
-2.95 -1 -2.528 -1 -2.75 -1 -3.256 -1 163
-3.003 -1 -2.558 -1 -2.744 -1 -3.104 -1 136
-2.924 -1 -2.498 -1 -2.854 -1 -3.288 -1 340
-3.071 -1 -2.59 -1 -2.876 -1 -3.19 -1 217
-3.033 -1 -2.584 -1 -2.632 -1 -3.178 -1 35
-2.905 -1 -2.532 -1 -2.746 -1 -3.078 -1 148
-2.912 -1 -2.49 -1 -2.712 -1 -3.1 -1 149
-2.906 -1 -2.49 -1 -2.496 -1 -2.964 -1 7
-2.73 -1 -2.37 -1 -2.776 -1 -3.224 -1 264
-3 -1 -2.534 -1 -2.8 -1 -3.142 -1 181
-2.971 -1 -2.534 -1 -2.886 -1 -3.268 -1 279
-3.077 -1 -2.634 -1 -3.042 -1 -3.334 -1 338
-3.188 -1 -2.716 -1 -2.904 -1 -3.202 -1 174
-3.053 -1 -2.606 -1 -2.956 -1 -3.298 -1 282
-3.127 -1 -2.674 -1 -3.022 -1 -3.29 -1 268
-3.156 -1 -2.682 -1 -3.048 -1 -3.268 -1 302
-3.158 -1 -2.712 -1 -2.718 -1 -3.098 -1 5
-2.908 -1 -2.512 -1 -2.66 -1 -3.144 -1 94
-2.902 -1 -2.47 -1 -2.594 -1 -3.14 -1 70
-2.867 -1 -2.466 -1 -2.694 -1 -3.11 -1 157
-2.902 -1 -2.508 -1 -2.888 -1 -3.242 -1 265
-3.065 -1 -2.596 -1 -2.968 -1 -3.318 -1 340
-3.143 -1 -2.688 -1 -2.946 -1 -3.282 -1 196
-3.114 -1 -2.656 -1 -2.906 -1 -3.254 -1 198
-3.08 -1 -2.644 -1 -2.998 -1 -3.272 -1 283
-3.135 -1 -2.65 -1 -2.94 -1 -3.268 -1 282
-3.104 -1 -2.654 -1 -2.91 -1 -3.242 -1 194
-3.076 -1 -2.654 -1 -2.906 -1 -3.286 -1 249
-3.096 -1 -2.662 -1 -2.758 -1 -3.204 -1 99
-2.981 -1 -2.566 -1 -2.682 -1 -3.122 -1 87
-2.902 -1 -2.496 -1 -2.75 -1 -3.17 -1 207
-2.96 -1 -2.524 -1 -2.686 -1 -3.18 -1 108
-2.933 -1 -2.516 -1 -2.658 -1 -3.108 -1 92
-2.883 -1 -2.468 -1 -2.64 -1 -2.988 -1 106
-2.814 -1 -2.418 -1 -2.656 -1 -3.084 -1 145
-2.87 -1 -2.44 -1 -2.63 -1 -3.128 -1 138
-2.879 -1 -2.458 -1 -2.536 -1 -2.984 -1 52
-2.76 -1 -2.4 -1 -2.628 -1 -3.076 -1 114
-2.852 -1 -2.432 -1 -2.71 -1 -3.162 -1 168
-2.936 -1 -2.492 -1 -2.684 -1 -3.122 -1 120
-2.903 -1 -2.462 -1 -2.802 -1 -3.2 -1 280
-3.001 -1 -2.516 -1 -2.78 -1 -3.202 -1 181
-2.991 -1 -2.514 -1 -2.732 -1 -3.082 -1 148
-2.907 -1 -2.484 -1 -2.874 -1 -3.196 -1 263
-3.035 -1 -2.582 -1 -2.6 -1 -3.074 -1 8
-2.837 -1 -2.406 -1 -2.672 -1 -3.138 -1 155
-2.905 -1 -2.478 -1 -2.892 -1 -3.278 -1 307
-3.085 -1 -2.604 -1 -2.878 -1 -3.248 -1 233
-3.063 -1 -2.59 -1 -2.922 -1 -3.298 -1 288
-3.11 -1 -2.622 -1 -3.006 -1 -3.304 -1 262
-3.155 -1 -2.706 -1 -2.76 -1 -3.224 -1 48
-2.992 -1 -2.592 -1 -2.968 -1 -3.262 -1 340
-3.115 -1 -2.674 -1 -2.814 -1 -3.242 -1 111
-3.028 -1 -2.604 -1 -2.908 -1 -3.272 -1 233
-3.09 -1 -2.65 -1 -2.924 -1 -3.288 -2 246
-3.106 -1 -2.664 -1 -2.894 -1 -3.254 -1 180
-3.074 -1 -2.678 -1 -2.998 -1 -3.344 -1 308
-3.171 -1 -2.706 -1 -2.838 -1 -3.188 -1 100
-3.013 -1 -2.58 -1 -2.732 -1 -3.134 -2 102
-2.933 -1 -2.498 -1 -2.822 -1 -3.246 -1 320
-3.034 -1 -2.61 -1 -2.72 -1 -3.112 -1 94
-2.916 -1 -2.534 -1 -2.806 -1 -3.188 -2 180
-2.997 -1 -2.548 -1 -2.868 -1 -3.212 -1 249
-3.04 -1 -2.612 -1 -2.708 -1 -3.116 -1 53
-2.912 -1 -2.504 -1 -2.71 -1 -3.128 -1 120
-2.919 -1 -2.504 -1 -2.706 -1 -3.108 -1 140
-2.907 -1 -2.498 -1 -2.856 -1 -3.154 -1 291
-3.005 -1 -2.596 -1 -2.792 -1 -3.204 -1 197
-2.998 -1 -2.552 -1 -2.922 -1 -3.322 -1 259
-3.122 -1 -2.652 -1 -2.694 -1 -3.18 -1 46
-2.937 -1 -2.524 -1 -2.912 -1 -3.266 -1 287
-3.089 -1 -2.616 -1 -2.62 -1 -3.046 -1 2
-2.833 -1 -2.478 -1 -2.896 -1 -3.172 -1 283
-3.034 -1 -2.59 -1 -2.772 -1 -3.18 -1 134
-2.976 -1 -2.56 -1 -2.87 -1 -3.254 -1 224
-3.062 -1 -2.608 -1 -2.698 -1 -3.142 -1 83
-2.92 -1 -2.526 -1 -2.684 -1 -3.07 -1 86
-2.877 -1 -2.502 -1 -2.572 -1 -3.094 -1 35
-2.833 -1 -2.448 -1 -2.74 -1 -3.154 -1 225
-2.947 -1 -2.542 -1 -2.722 -1 -3.174 -1 125
-2.948 -1 -2.558 -1 -2.852 -1 -3.242 0 228
