9 1000 0.5 2 403 0 0 0 0
-3.612 -1 -3.392 -1 -3.458 -1 -3.554 -1 247
-3.506 -1 -3.262 -1 -3.314 -1 -3.402 -2 131
-3.358 -1 -3.124 -1 -3.122 -1 -3.37 -1 2
-3.246 -1 -3.006 -1 -3.08 -1 -3.36 -1 84
-3.22 -1 -2.99 -1 -3.08 -1 -3.23 -1 110
-3.155 -1 -2.916 -1 -2.944 -1 -3.172 -1 69
-3.058 -1 -2.796 -1 -2.958 -1 -3.242 -1 170
-3.1 -1 -2.842 -1 -2.968 -1 -3.176 -1 132
-3.072 -1 -2.866 -1 -3.028 -1 -3.236 -1 234
-3.132 -1 -2.89 -1 -2.892 -1 -3.196 -1 18
-3.044 -1 -2.83 -1 -3.026 -1 -3.278 -1 219
-3.152 -1 -2.932 -1 -3.024 -1 -3.304 -1 92
-3.164 -1 -2.922 -1 -2.94 -1 -3.208 -1 7
-3.074 -1 -2.866 -1 -2.97 -1 -3.244 -1 91
-3.107 -1 -2.912 -1 -3.042 -1 -3.294 -1 164
-3.168 -1 -2.942 -1 -2.99 -1 -3.196 -1 53
-3.093 -1 -2.872 -1 -2.94 -1 -3.21 -1 62
-3.075 -1 -2.902 -1 -2.964 -1 -3.27 -1 86
-3.117 -1 -2.9 -1 -3.008 -1 -3.16 -1 100
-3.084 -1 -2.788 -1 -2.8 -1 -3.12 -1 6
-2.96 -1 -2.774 -1 -2.87 -1 -3.146 -1 104
-3.008 -1 -2.754 -1 -2.846 -1 -3.128 -1 76
-2.987 -1 -2.794 -1 -2.85 -1 -3.158 -1 72
-3.004 -1 -2.776 -1 -2.908 -1 -3.216 -1 168
-3.062 -1 -2.848 -1 -3.036 -1 -3.24 -1 222
-3.138 -1 -2.88 -1 -2.95 -1 -3.258 -1 89
-3.104 -1 -2.846 -1 -3.016 -1 -3.244 -1 204
-3.13 -1 -2.896 -1 -2.896 -1 -3.18 -1 1
-3.038 -1 -2.832 -1 -2.908 -1 -3.18 -1 66
-3.044 -1 -2.836 -1 -2.94 -1 -3.224 -1 86
-3.082 -1 -2.866 -1 -2.922 -1 -3.192 -1 94
-3.057 -1 -2.856 -1 -3.018 -1 -3.22 -1 219
-3.119 -1 -2.896 -1 -3.004 -1 -3.212 -1 231
-3.108 -1 -2.892 -1 -3.054 -1 -3.258 -1 185
-3.156 -1 -2.874 -1 -2.952 -1 -3.24 -1 108
-3.096 -1 -2.894 -1 -3.016 -1 -3.294 -1 120
-3.155 -1 -2.906 -1 -3.082 -1 -3.248 -1 241
-3.165 -1 -2.936 -1 -3.066 -1 -3.274 -1 155
-3.17 -1 -2.952 -1 -2.954 -1 -3.144 -1 6
-3.049 -1 -2.832 -1 -2.928 -1 -3.18 -1 153
-3.054 -1 -2.844 -1 -2.958 -1 -3.244 -1 218
-3.101 -1 -2.87 -1 -2.868 -1 -3.118 -1 16
-2.993 -1 -2.814 -1 -2.874 -1 -3.162 -1 81
-3.018 -1 -2.762 -1 -2.864 -1 -3.096 -1 106
-2.98 -1 -2.72 -1 -2.836 -1 -3.152 -1 99
-2.994 -1 -2.72 -1 -2.888 -1 -3.206 -1 164
-3.047 -1 -2.842 -1 -3.006 -1 -3.232 -1 181
-3.119 -1 -2.876 -1 -2.992 -1 -3.252 -1 125
-3.122 -1 -2.838 -1 -3.006 -1 -3.25 -1 144
-3.128 -1 -2.842 -1 -2.97 -1 -3.188 -1 186
-3.079 -1 -2.826 -1 -2.98 -1 -3.306 -1 168
-3.143 -1 -2.908 -1 -2.996 -1 -3.2 -1 65
-3.098 -1 -2.908 -1 -2.998 -1 -3.16 -1 87
-3.079 -1 -2.85 -1 -2.944 -1 -3.23 -1 120
-3.087 -1 -2.86 -1 -2.886 -1 -3.14 -1 60
-3.013 -1 -2.796 -1 -2.97 -1 -3.196 -1 222
-3.083 -1 -2.862 -1 -2.97 -1 -3.21 -1 122
-3.09 -1 -2.886 -1 -3.08 -1 -3.282 -1 238
-3.181 -1 -2.96 -1 -3.068 -1 -3.252 -1 178
-3.16 -1 -2.93 -1 -3.032 -1 -3.238 -1 118
-3.135 -1 -2.906 -1 -3.014 -1 -3.196 -2 152
-3.105 -1 -2.836 -1 -2.904 -1 -3.178 -2 55
-3.041 -1 -2.864 -1 -2.96 -1 -3.264 -1 125
-3.112 -1 -2.866 -1 -2.92 -1 -3.126 -1 89
-3.023 -1 -2.786 -1 -2.824 -1 -3.146 -1 32
-2.985 -1 -2.814 -1 -2.918 -1 -3.07 -1 115
-2.994 -1 -2.756 -1 -2.962 -1 -3.234 -1 203
-3.098 -1 -2.872 -1 -3.006 -1 -3.266 -2 124
-3.136 -1 -2.886 -1 -2.95 -1 -3.264 -1 59
-3.107 -1 -2.888 -1 -3.042 -1 -3.256 -1 139
-3.149 -1 -2.922 -1 -3.048 -1 -3.288 -1 167
-3.168 -1 -2.94 -1 -3.028 -1 -3.178 -1 138
-3.103 -1 -2.864 -1 -3.058 -1 -3.22 -1 244
-3.139 -1 -2.898 -1 -3.112 -1 -3.294 -1 230
-3.203 -1 -2.884 -1 -3.098 -1 -3.316 -1 230
-3.207 -1 -2.982 -1 -3.048 -1 -3.3 -1 89
-3.174 -1 -2.97 -1 -3.026 -1 -3.232 -1 105
-3.129 -1 -2.9 -1 -3.06 -1 -3.296 -2 191
-3.178 -1 -2.96 -1 -3.014 -1 -3.198 -1 106
-3.106 -1 -2.864 -1 -3.044 -1 -3.314 -1 207
-3.179 -1 -2.922 -1 -3.076 -1 -3.358 -1 208
-3.217 -1 -2.964 -1 -3.074 -1 -3.322 -1 117
-3.198 -1 -2.928 -1 -3.066 -1 -3.346 -2 203
-3.206 -1 -2.956 -1 -2.964 -1 -3.278 -1 33
-3.121 -1 -2.922 -1 -3.09 -1 -3.272 -1 210
-3.181 -1 -2.98 -1 -3.066 -1 -3.318 -1 108
-3.192 -1 -2.97 -1 -3.064 -1 -3.254 -1 102
-3.159 -1 -2.972 -1 -3.118 -1 -3.322 -1 141
-3.22 -1 -3.002 -1 -3.092 -1 -3.254 -1 144
-3.173 -1 -2.958 -1 -3.052 -1 -3.344 -1 143
-3.198 -1 -2.964 -1 -3.056 -1 -3.298 -1 99
-3.177 -1 -2.98 -1 -3.106 -1 -3.362 -1 193
-3.234 -1 -2.994 -1 -3.158 -1 -3.37 -1 208
-3.264 -1 -3.046 -1 -3.068 -1 -3.212 -1 54
-3.14 -1 -2.946 -1 -3.088 -1 -3.342 -1 229
-3.215 -1 -2.974 -1 -3.08 -1 -3.35 -1 135
-3.215 -1 -2.954 -1 -3.11 -1 -3.404 -1 234
-3.257 -1 -2.998 -1 -3.07 -1 -3.344 -1 113
-3.207 -1 -2.984 -1 -3.006 -1 -3.174 -1 18
-3.09 -1 -2.874 -1 -3.056 -1 -3.25 -1 239
-3.153 -1 -2.932 -1 -2.996 -1 -3.246 -1 53
-3.121 -1 -2.866 -1 -2.936 -1 -3.208 -1 79
-3.072 -1 -2.826 -1 -2.938 -1 -3.268 -1 193
-3.103 -1 -2.806 -1 -2.998 -1 -3.198 -1 192
-3.098 -1 -2.878 -1 -3.008 -1 -3.216 -1 134
-3.112 -1 -2.868 -1 -3.088 -1 -3.252 -1 249
-3.17 -1 -2.92 -1 -2.986 -1 -3.266 -1 123
-3.126 -1 -2.892 -1 -2.916 -1 -3.206 -1 34
-3.061 -1 -2.862 -1 -3.028 -1 -3.186 -2 205
-3.107 -1 -2.906 -1 -3.004 -1 -3.238 -1 99
-3.121 -1 -2.882 -1 -3.096 -1 -3.238 -1 226
-3.167 -1 -2.95 -1 -3.052 -1 -3.26 -2 132
-3.156 -1 -2.894 -1 -2.918 -1 -3.102 -1 22
-3.01 -1 -2.752 -1 -2.908 -1 -3.192 -1 173
-3.05 -1 -2.822 -1 -2.994 -1 -3.218 -1 204
-3.106 -1 -2.868 -1 -2.964 -1 -3.222 -1 140
-3.093 -1 -2.846 -1 -2.912 -1 -3.154 -1 90
-3.033 -1 -2.814 -1 -2.966 -1 -3.192 -1 153
-3.079 -1 -2.846 -1 -3.024 -1 -3.28 -1 207
-3.152 -1 -2.85 -1 -2.892 -1 -3.156 -1 27
-3.024 -1 -2.78 -1 -2.908 -1 -3.274 -1 128
-3.091 -1 -2.818 -1 -2.988 -1 -3.206 -1 240
-3.097 -1 -2.84 -1 -2.846 -1 -3.092 -1 14
-2.969 -1 -2.752 -1 -2.934 -1 -3.24 -1 162
-3.087 -1 -2.822 -1 -2.872 -1 -3.176 -1 51
-3.024 -1 -2.778 -1 -2.902 -1 -3.188 -1 186
-3.045 -1 -2.798 -1 -2.838 -1 -3.132 -1 33
-2.985 -1 -2.766 -1 -2.794 -1 -3.154 -1 40
-2.974 -1 -2.742 -1 -2.944 -1 -3.182 -1 237
-3.063 -1 -2.82 -1 -2.84 -1 -3.078 -1 47
-2.959 -1 -2.768 -1 -2.966 -1 -3.128 -1 195
-3.047 -1 -2.794 -1 -2.834 -1 -3.126 -1 35
-2.98 -1 -2.738 -1 -2.768 -1 -3.078 -1 21
-2.923 -1 -2.696 -1 -2.914 -1 -3.218 -1 213
-3.066 -1 -2.812 -1 -3.046 -1 -3.236 -1 249
-3.141 -1 -2.864 -1 -3.028 -1 -3.298 -1 234
-3.163 -1 -2.862 -1 -3.024 -1 -3.248 -1 196
-3.136 -1 -2.938 -1 -3.084 -1 -3.262 -1 187
-3.173 -1 -2.93 -1 -3.052 -1 -3.286 -1 172
-3.169 -1 -2.916 -1 -3.058 -1 -3.232 -1 196
-3.145 -1 -2.926 -1 -3.086 -1 -3.214 -1 216
-3.15 -1 -2.888 -1 -3.082 -1 -3.278 -1 197
-3.18 -1 -2.922 -1 -3.11 -1 -3.316 -1 208
-3.213 -1 -2.926 -1 -2.928 -1 -3.194 -1 8
-3.061 -1 -2.8 -1 -2.844 -1 -3.164 -1 29
-3.004 -1 -2.732 -1 -2.794 -1 -3.088 -1 53
-2.941 -1 -2.66 -1 -2.922 -1 -3.228 -1 199
-3.075 -1 -2.802 -1 -2.944 -1 -3.156 -1 158
-3.05 -1 -2.838 -1 -2.994 -1 -3.27 -1 170
-3.132 -1 -2.908 -1 -3.076 -1 -3.252 -1 173
-3.164 -1 -2.946 -1 -3.11 -1 -3.316 -1 232
-3.213 -1 -2.982 -1 -3.128 -1 -3.388 -1 176
-3.258 -1 -3.042 -1 -3.096 -1 -3.25 -1 131
-3.173 -1 -2.93 -1 -3.064 -1 -3.376 -1 123
-3.22 -1 -3.028 -1 -3.082 -1 -3.296 -1 77
-3.189 -1 -2.962 -1 -3.014 -1 -3.232 -1 94
-3.123 -1 -2.908 -1 -3.002 -1 -3.226 -1 125
-3.114 -1 -2.856 -1 -3.02 -1 -3.242 -1 194
-3.131 -1 -2.916 -1 -3.082 -1 -3.204 -1 152
-3.143 -1 -2.884 -1 -3.03 -1 -3.246 -1 179
-3.138 -1 -2.892 -1 -2.992 -1 -3.214 -1 117
-3.103 -1 -2.88 -1 -3.024 -1 -3.232 -1 157
-3.128 -1 -2.886 -1 -3.068 -1 -3.296 -1 229
-3.182 -1 -2.956 -1 -3.074 -1 -3.262 -1 134
-3.168 -1 -2.964 -1 -3.004 -1 -3.346 -1 52
-3.175 -1 -2.948 -1 -2.994 -1 -3.196 -1 50
-3.095 -1 -2.902 -1 -2.932 -1 -3.196 -1 43
-3.064 -1 -2.864 -1 -3.05 -1 -3.234 -1 233
-3.142 -1 -2.894 -1 -2.972 -1 -3.17 -1 92
-3.071 -1 -2.836 -1 -2.952 -1 -3.26 -1 148
-3.106 -1 -2.868 -1 -2.99 -1 -3.224 -1 106
-3.107 -1 -2.908 -1 -2.938 -1 -3.206 -1 29
-3.072 -1 -2.854 -1 -2.964 -1 -3.206 -1 165
-3.085 -1 -2.922 -1 -3.08 -1 -3.282 -1 112
-3.181 -1 -2.92 -1 -3.026 -1 -3.24 -2 160
-3.133 -1 -2.92 -1 -3.008 -1 -3.192 -1 160
-3.1 -1 -2.932 -1 -2.994 -1 -3.27 -1 79
-3.132 -1 -2.924 -1 -3.02 -1 -3.288 -1 156
-3.154 -1 -2.938 -1 -3.096 -1 -3.298 -1 247
-3.197 -1 -2.972 -1 -3.142 -1 -3.296 -1 231
-3.219 -1 -2.964 -1 -3.09 -1 -3.288 -1 184
-3.189 -1 -2.916 -1 -2.964 -1 -3.222 -1 43
-3.093 -1 -2.894 -1 -2.958 -1 -3.18 -1 87
-3.069 -1 -2.862 -1 -2.922 -1 -3.236 -1 78
-3.079 -1 -2.848 -1 -2.936 -1 -3.19 -1 134
-3.063 -1 -2.852 -1 -3.062 -1 -3.172 -1 221
-3.117 -1 -2.938 -1 -3.034 -1 -3.234 -1 125
-3.134 -1 -2.944 -1 -3.008 -1 -3.238 -1 104
-3.123 -1 -2.84 -1 -2.942 -1 -3.242 -1 113
-3.092 -1 -2.902 -1 -2.992 -1 -3.242 -1 91
-3.117 -1 -2.856 -1 -3.068 -1 -3.3 -1 231
-3.184 -1 -2.898 -1 -3.064 -1 -3.266 -1 200
-3.165 -1 -2.928 -1 -3.102 -1 -3.274 -1 245
-3.188 -1 -2.99 -1 -3.066 -1 -3.244 -1 144
-3.155 -1 -2.952 -1 -3.062 -1 -3.258 -1 165
-3.16 -1 -2.924 -1 -2.982 -1 -3.174 -1 112
-3.078 -1 -2.864 -1 -2.988 -1 -3.25 -1 93
-3.119 -1 -2.858 -1 -2.964 -1 -3.268 -1 122
-3.116 -1 -2.918 -1 -3.088 -1 -3.25 -1 209
-3.169 -1 -2.926 -1 -3.07 -1 -3.284 -2 159
-3.177 -1 -2.962 -1 -2.99 -1 -3.222 -1 43
-3.106 -1 -2.86 -1 -2.9 -1 -3.182 -1 27
-3.041 -1 -2.822 -1 -2.864 -1 -3.192 -1 23
-3.028 -1 -2.862 -1 -2.928 -1 -3.156 -1 81
-3.042 -1 -2.834 -1 -2.988 -1 -3.122 -1 157
-3.055 -1 -2.848 -1 -2.872 -1 -3.188 -1 48
-3.03 -1 -2.83 -1 -2.83 -1 -3.2 -1 0
-3.015 -1 -2.852 -1 -2.98 -1 -3.17 -1 90
-3.075 -1 -2.864 -1 -3.02 -1 -3.288 -1 151
-3.154 -1 -2.91 -1 -3.07 -1 -3.288 -1 184
-3.179 -1 -2.92 -1 -2.972 -1 -3.168 -1 76
-3.07 -1 -2.846 -1 -2.942 -1 -3.166 -1 151
-3.054 -1 -2.772 -1 -2.78 -1 -3.16 -1 20
-2.97 -1 -2.722 -1 -2.954 -1 -3.166 -1 233
-3.06 -1 -2.854 -1 -2.934 -1 -3.216 -1 80
-3.075 -1 -2.854 -1 -2.934 -1 -3.22 -1 89
-3.077 -1 -2.84 -1 -3.018 -1 -3.212 -1 233
-3.115 -1 -2.874 -1 -3.128 -1 -3.31 -1 239
-3.219 -1 -2.906 -1 -2.906 -1 -3.176 -1 0
-3.041 -1 -2.838 -1 -2.9 -1 -3.228 -1 51
-3.064 -1 -2.83 -1 -3.018 -1 -3.152 -1 196
-3.085 -1 -2.862 -1 -2.924 -1 -3.208 -1 112
-3.066 -1 -2.892 -1 -3.07 -1 -3.23 -1 173
-3.15 -1 -2.872 -1 -2.96 -1 -3.196 -1 139
-3.078 -1 -2.866 -1 -3.056 -1 -3.296 -1 242
-3.176 -1 -2.968 -1 -3.068 -1 -3.246 -1 189
-3.157 -1 -2.942 -1 -2.98 -1 -3.172 -1 60
-3.076 -1 -2.858 -1 -2.97 -1 -3.242 -1 169
-3.106 -1 -2.832 -1 -2.884 -1 -3.196 -1 63
-3.04 -1 -2.774 -1 -2.934 -1 -3.178 -1 229
-3.056 -1 -2.814 -1 -2.846 -1 -3.166 -1 19
-3.006 -1 -2.748 -1 -2.956 -1 -3.204 -1 196
-3.08 -1 -2.802 -1 -3.026 -1 -3.282 -1 193
-3.154 -1 -2.882 -1 -2.998 -1 -3.17 -1 134
-3.084 -1 -2.88 -1 -2.892 -1 -3.138 -1 9
-3.015 -1 -2.804 -1 -3.038 -1 -3.226 -1 219
-3.132 -1 -2.92 -1 -3.004 -1 -3.192 -1 103
-3.098 -1 -2.888 -1 -3.01 -1 -3.256 -1 199
-3.133 -1 -2.916 -1 -3.064 -1 -3.208 -1 182
-3.136 -1 -2.904 -1 -2.976 -1 -3.242 -1 113
-3.109 -1 -2.864 -1 -3.014 -1 -3.186 -1 112
-3.1 -1 -2.852 -1 -3.028 -1 -3.244 -1 208
-3.136 -1 -2.914 -1 -3.07 -1 -3.306 -1 213
-3.188 -1 -2.99 -1 -3.048 -1 -3.26 -1 57
-3.154 -1 -2.912 -1 -2.98 -1 -3.292 -1 94
-3.136 -1 -2.856 -1 -2.968 -1 -3.238 -1 179
-3.103 -1 -2.898 -1 -3.024 -1 -3.274 -1 132
-3.149 -1 -2.928 -1 -3.054 -1 -3.306 -1 150
-3.18 -1 -2.906 -1 -2.99 -1 -3.24 -1 83
-3.115 -1 -2.896 -1 -3.014 -1 -3.268 -1 139
-3.141 -1 -2.888 -1 -2.96 -1 -3.186 -1 68
-3.073 -1 -2.822 -1 -2.926 -1 -3.16 -1 91
-3.043 -1 -2.836 -1 -2.948 -1 -3.194 -1 119
-3.071 -1 -2.82 -1 -2.916 -1 -3.218 -1 177
-3.067 -1 -2.826 -1 -2.952 -1 -3.242 -1 121
-3.097 -1 -2.844 -1 -3.01 -1 -3.278 -1 182
-3.144 -1 -2.894 -1 -2.932 -1 -3.238 -1 69
-3.085 -1 -2.894 -1 -2.906 -1 -3.2 -1 56
-3.053 -1 -2.854 -1 -3.044 -1 -3.298 -1 222
-3.171 -1 -2.906 -1 -3.096 -1 -3.298 -1 175
-3.197 -1 -2.958 -1 -3.064 -1 -3.32 -1 210
-3.192 -1 -2.948 -1 -2.954 -1 -3.234 -1 30
-3.094 -1 -2.82 -1 -2.88 -1 -3.15 -1 59
-3.015 -1 -2.802 -1 -2.978 -1 -3.158 -1 184
-3.068 -1 -2.864 -1 -2.884 -1 -3.19 -1 17
-3.037 -1 -2.81 -1 -2.87 -1 -3.192 -1 56
-3.031 -1 -2.804 -1 -2.83 -1 -3.21 -1 29
-3.02 -1 -2.834 -1 -2.89 -1 -3.232 -1 70
-3.061 -1 -2.842 -1 -2.886 -1 -3.194 -1 83
-3.04 -1 -2.758 -1 -2.902 -1 -3.148 -1 144
-3.025 -1 -2.806 -1 -2.908 -1 -3.208 -1 96
-3.058 -1 -2.846 -1 -2.91 -1 -3.146 -1 81
-3.028 -1 -2.79 -1 -2.796 -1 -3.148 -1 17
-2.972 -1 -2.716 -1 -2.902 -1 -3.092 -1 149
-2.997 -1 -2.702 -1 -2.826 -1 -3.146 -1 128
-2.986 -1 -2.778 -1 -2.946 -1 -3.198 -1 209
-3.072 -1 -2.874 -1 -2.926 -1 -3.158 -1 70
-3.042 -1 -2.786 -1 -2.858 -1 -3.202 -1 88
-3.03 -1 -2.808 -1 -2.96 -1 -3.31 -1 165
-3.135 -1 -2.892 -1 -3.018 -1 -3.306 -1 160
-3.162 -1 -2.894 -1 -3.078 -1 -3.316 -1 248
-3.197 -1 -2.98 -1 -3.022 -1 -3.284 -1 54
-3.153 -1 -2.938 -1 -2.982 -1 -3.206 -1 57
-3.094 -1 -2.794 -1 -3.024 -1 -3.308 -1 245
-3.166 -1 -2.884 -1 -3.046 -1 -3.294 -1 171
-3.17 -1 -2.918 -1 -2.94 -1 -3.144 -1 33
-3.042 -1 -2.81 -1 -2.976 -1 -3.252 -1 183
-3.114 -1 -2.832 -1 -3.08 -1 -3.26 -1 234
-3.17 -1 -2.948 -1 -3.09 -1 -3.294 -1 224
-3.192 -1 -2.972 -1 -3.054 -1 -3.25 -1 110
-3.152 -1 -2.92 -1 -3.072 -1 -3.348 -1 200
-3.21 -1 -2.908 -1 -2.976 -1 -3.188 -1 44
-3.082 -1 -2.866 -1 -3.032 -1 -3.348 -1 182
-3.19 -1 -2.968 -1 -3.018 -1 -3.294 -1 100
-3.156 -1 -2.862 -1 -2.9 -1 -3.21 -1 50
-3.055 -1 -2.822 -1 -2.84 -1 -3.19 -1 10
-3.015 -1 -2.776 -1 -2.856 -1 -3.178 -1 90
-3.017 -1 -2.806 -1 -3.052 -1 -3.3 -1 236
-3.176 -1 -2.948 -1 -2.976 -1 -3.264 -1 52
-3.12 -1 -2.904 -1 -2.994 -1 -3.28 -1 105
-3.137 -1 -2.936 -1 -3.068 -1 -3.306 -1 104
-3.187 -1 -2.952 -1 -3.11 -1 -3.23 -1 210
-3.17 -1 -2.934 -1 -3.106 -1 -3.312 -1 190
-3.209 -1 -2.958 -1 -3.034 -1 -3.256 -1 124
-3.145 -1 -2.922 -1 -3.054 -1 -3.226 -1 165
-3.14 -1 -2.898 -1 -3 -1 -3.248 -1 120
-3.124 -1 -2.896 -1 -3.038 -1 -3.228 -1 236
-3.133 -1 -2.938 -1 -3.066 -1 -3.248 -1 155
-3.157 -1 -2.9 -1 -3.024 -1 -3.252 -1 164
-3.138 -1 -2.86 -1 -3.032 -1 -3.254 -1 174
-3.143 -1 -2.908 -1 -3.088 -1 -3.314 -1 210
-3.201 -1 -2.98 -1 -3.126 -1 -3.304 -1 217
-3.215 -1 -2.988 -1 -3.08 -1 -3.32 -1 122
-3.2 -1 -2.968 -1 -3.114 -1 -3.342 -2 154
-3.228 -1 -2.982 -1 -3.094 -1 -3.322 -1 172
-3.208 -1 -2.906 -1 -3.098 -1 -3.364 -1 208
-3.231 -1 -2.974 -1 -3.002 -1 -3.256 -1 50
-3.129 -1 -2.866 -1 -2.912 -1 -3.16 -1 42
-3.036 -1 -2.774 -1 -2.882 -1 -3.272 -1 82
-3.077 -1 -2.842 -1 -2.998 -1 -3.216 -1 151
-3.107 -1 -2.87 -1 -2.956 -1 -3.226 -1 131
-3.091 -1 -2.842 -1 -3.018 -1 -3.238 -1 205
-3.128 -1 -2.896 -1 -3.026 -1 -3.218 -1 190
-3.122 -1 -2.862 -1 -3.002 -1 -3.286 -1 160
-3.144 -1 -2.88 -1 -3.038 -1 -3.278 -1 146
-3.158 -1 -2.898 -1 -2.902 -1 -3.118 -1 4
-3.01 -1 -2.79 -1 -2.992 -1 -3.278 -1 219
-3.135 -1 -2.9 -1 -2.986 -1 -3.186 -1 93
-3.086 -1 -2.856 -1 -2.922 -1 -3.26 -1 55
-3.091 -1 -2.848 -1 -2.888 -1 -3.182 -1 48
-3.035 -1 -2.778 -1 -2.88 -1 -3.22 -1 90
-3.05 -1 -2.848 -1 -2.978 -1 -3.2 -1 120
-3.089 -1 -2.874 -1 -2.936 -1 -3.24 -1 97
-3.088 -1 -2.806 -1 -2.808 -1 -3.11 -1 1
-2.959 -1 -2.702 -1 -2.934 -1 -3.188 -1 239
-3.061 -1 -2.788 -1 -2.864 -1 -3.15 -1 93
-3.007 -1 -2.752 -1 -2.772 -1 -3.096 -1 32
-2.934 -1 -2.692 -1 -2.752 -1 -3.094 -1 71
-2.923 -1 -2.724 -1 -2.886 -1 -3.156 -1 132
-3.021 -1 -2.782 -1 -2.91 -1 -3.172 -1 143
-3.041 -1 -2.834 -1 -3.018 -1 -3.242 -1 232
-3.13 -1 -2.878 -1 -2.99 -1 -3.166 -1 161
-3.078 -1 -2.866 -1 -2.908 -1 -3.166 -1 30
-3.037 -1 -2.784 -1 -2.864 -1 -3.162 -1 116
-3.013 -1 -2.788 -1 -2.938 -1 -3.252 -1 159
-3.095 -1 -2.896 -1 -3.002 -1 -3.242 -1 102
-3.122 -1 -2.892 -1 -2.922 -1 -3.202 -1 36
-3.062 -1 -2.824 -1 -3.014 -1 -3.292 -1 229
-3.153 -1 -2.898 -1 -3.058 -1 -3.272 -1 247
-3.165 -1 -2.898 -1 -2.994 -1 -3.162 -1 102
-3.078 -1 -2.872 -1 -2.928 -1 -3.172 -1 71
-3.05 -1 -2.802 -1 -2.944 -1 -3.154 -1 217
-3.049 -1 -2.872 -1 -2.922 -1 -3.202 -1 55
-3.062 -1 -2.8 -1 -2.938 -1 -3.194 -1 156
-3.066 -1 -2.8 -1 -2.926 -1 -3.184 -1 123
-3.055 -1 -2.848 -1 -2.848 -1 -3.076 -1 0
-2.962 -1 -2.72 -1 -2.75 -1 -3.072 -1 53
-2.911 -1 -2.696 -1 -2.846 -1 -3.14 -1 140
-2.993 -1 -2.734 -1 -2.796 -1 -3.12 -1 80
-2.958 -1 -2.744 -1 -2.8 -1 -3.12 -1 38
-2.96 -1 -2.732 -1 -2.874 -1 -3.228 -1 164
-3.051 -1 -2.776 -1 -2.85 -1 -3.126 -1 61
-2.988 -1 -2.728 -1 -2.966 -1 -3.16 -1 191
-3.063 -1 -2.774 -1 -2.854 -1 -3.182 -1 83
-3.018 -1 -2.796 -1 -2.964 -1 -3.246 -1 173
-3.105 -1 -2.884 -1 -2.944 -1 -3.146 -1 112
-3.045 -1 -2.838 -1 -2.97 -1 -3.192 -1 129
-3.081 -1 -2.856 -1 -2.962 -1 -3.216 -1 139
-3.089 -1 -2.86 -1 -2.924 -1 -3.218 -1 138
-3.071 -1 -2.866 -1 -2.89 -1 -3.14 -1 17
-3.015 -1 -2.782 -1 -2.824 -1 -3.116 -1 38
-2.97 -1 -2.736 -1 -2.874 -1 -3.116 -1 150
-2.995 -1 -2.768 -1 -2.766 -1 -3.162 -1 1
-2.964 -1 -2.776 -1 -2.902 -1 -3.176 -1 158
-3.039 -1 -2.808 -1 -2.864 -1 -3.058 -1 54
-2.961 -1 -2.71 -1 -2.878 -1 -3.21 -1 156
-3.044 -1 -2.752 -1 -2.878 -1 -3.186 -1 164
-3.032 -1 -2.83 -1 -3.008 -1 -3.208 -1 217
-3.108 -1 -2.858 -1 -2.954 -1 -3.182 -1 121
-3.068 -1 -2.872 -1 -3.048 -1 -3.26 -1 184
-3.154 -1 -2.92 -1 -3.056 -1 -3.28 -1 172
-3.168 -1 -3.006 -1 -3.164 -1 -3.348 -1 223
-3.256 -1 -2.992 -1 -3.05 -1 -3.238 -1 101
-3.144 -1 -2.884 -1 -3.024 -1 -3.188 -1 183
-3.106 -1 -2.88 -1 -3.066 -1 -3.306 -1 242
-3.186 -1 -2.894 -1 -2.99 -1 -3.22 -1 136
-3.105 -1 -2.896 -1 -2.918 -1 -3.19 -1 27
-3.054 -1 -2.812 -1 -2.982 -1 -3.268 -1 186
-3.125 -1 -2.878 -1 -2.958 -1 -3.21 -1 93
-3.084 -1 -2.892 -1 -2.98 -1 -3.23 -1 119
-3.105 -1 -2.868 -1 -2.958 -1 -3.28 -1 109
-3.119 -1 -2.866 -1 -3.038 -1 -3.248 -1 153
-3.143 -1 -2.92 -1 -2.944 -1 -3.158 -1 42
-3.051 -1 -2.764 -1 -2.962 -1 -3.2 -1 208
-3.081 -1 -2.836 -1 -2.836 -1 -3.23 -1 2
-3.033 -1 -2.826 -1 -2.862 -1 -3.158 -1 41
-3.01 -1 -2.814 -1 -3.018 -1 -3.254 -1 176
-3.136 -1 -2.882 -1 -2.888 -1 -3.14 -1 13
-3.014 -1 -2.802 -1 -2.838 -1 -3.134 -1 73
-2.986 -1 -2.728 -1 -2.76 -1 -3.124 -1 54
-2.942 -1 -2.738 -1 -2.802 -1 -3.116 -1 53
-2.959 -1 -2.774 -1 -2.876 -1 -3.164 -1 119
-3.02 -1 -2.714 -1 -2.732 -1 -3.014 0 12
