6 1000 0.3 8 14 0 0 0 0
-2.996 -1 -2.524 -1 -2.552 -1 -2.784 -1 75
-2.668 -1 -2.304 -1 -2.332 -1 -2.646 -1 27
-2.489 -1 -2.13 -1 -2.22 -1 -2.656 -1 77
-2.438 -1 -2.11 -1 -2.176 -1 -2.592 -1 48
-2.384 -1 -2.032 -1 -2.104 -1 -2.49 -1 56
-2.297 -1 -1.982 -1 -2.006 -1 -2.528 -1 22
-2.267 -1 -1.934 -1 -2.076 -1 -2.484 -1 134
-2.28 -1 -1.916 -1 -2.032 -1 -2.414 -1 91
-2.223 -1 -1.902 -1 -1.926 -1 -2.422 -1 18
-2.174 -1 -1.862 -1 -1.966 -1 -2.374 -1 74
-2.17 -1 -1.818 -1 -1.962 -1 -2.35 -1 96
-2.156 -1 -1.786 -1 -1.826 -1 -2.404 -1 33
-2.115 -1 -1.746 -1 -1.88 -1 -2.474 -1 123
-2.177 -1 -1.816 -1 -1.98 -1 -2.398 0 133
