8 1000 0 5 13 0 0 0 0
-3.485 -1 -3.088 -1 -3.088 -1 -3.288 -1 0
-3.188 -1 -2.862 -1 -2.862 -1 -3.146 -1 0
-3.004 -1 -2.63 -1 -2.63 -1 -3.014 -1 0
-2.822 -1 -2.472 -1 -2.472 -1 -2.924 -1 0
-2.698 -1 -2.37 -1 -2.37 -1 -2.776 -1 0
-2.573 -1 -2.294 -1 -2.294 -1 -2.778 -1 0
-2.536 -1 -2.27 -1 -2.27 -1 -2.756 -1 0
-2.513 -1 -2.23 -1 -2.23 -1 -2.73 -1 0
-2.48 -1 -2.176 -1 -2.176 -1 -2.69 -1 0
-2.433 -1 -2.148 -1 -2.148 -1 -2.678 -1 0
-2.413 -1 -2.122 -1 -2.122 -1 -2.67 -1 0
-2.396 -1 -2.116 -1 -2.116 -1 -2.59 -1 0
-2.353 -1 -2.06 -1 -2.06 -1 -2.584 0 0
