8 1000 0.1 7 29 0 0 0 0
-3.511 -1 -3.014 -1 -3.022 -1 -3.21 -1 26
-3.116 -1 -2.698 -1 -2.726 -1 -3.068 -1 32
-2.897 -1 -2.53 -1 -2.54 -1 -2.954 -1 35
-2.747 -1 -2.376 -1 -2.414 -1 -2.876 -1 37
-2.645 -1 -2.3 -1 -2.3 -1 -2.78 -1 2
-2.54 -1 -2.23 -1 -2.302 -1 -2.85 -1 44
-2.576 -1 -2.212 -1 -2.244 -1 -2.758 -1 28
-2.501 -1 -2.204 -1 -2.256 -1 -2.81 -1 27
-2.533 -1 -2.17 -1 -2.236 -1 -2.76 -1 31
-2.498 -1 -2.152 -1 -2.164 -1 -2.71 -1 6
-2.437 -1 -2.084 -1 -2.154 -1 -2.65 -1 36
-2.402 -1 -2.056 -1 -2.106 -1 -2.654 -1 28
-2.38 -1 -2.108 -1 -2.12 -1 -2.672 -1 7
-2.396 -1 -2.076 -1 -2.094 -1 -2.616 -1 14
-2.355 -1 -2.046 -1 -2.06 -1 -2.608 -1 10
-2.334 -1 -2.018 -1 -2.064 -1 -2.662 -1 35
-2.363 -1 -2.032 -1 -2.066 -1 -2.606 -1 28
-2.336 -1 -2.022 -1 -2.11 -1 -2.634 -1 46
-2.372 -1 -2.01 -1 -2.044 -1 -2.5 -1 25
-2.272 -1 -1.946 -1 -2.006 -1 -2.452 -1 30
-2.229 -1 -1.898 -1 -1.986 -1 -2.528 -1 42
-2.257 -1 -1.918 -1 -1.954 -1 -2.468 -1 20
-2.211 -1 -1.906 -1 -1.936 -1 -2.472 -1 20
-2.204 -1 -1.866 -1 -1.882 -1 -2.378 -1 8
-2.13 -1 -1.852 -1 -1.888 -1 -2.478 -1 17
-2.183 -1 -1.854 -1 -1.918 -1 -2.44 -1 35
-2.179 -1 -1.814 -1 -1.838 -1 -2.336 -1 12
-2.087 -1 -1.764 -1 -1.81 -1 -2.4 -1 31
-2.105 -1 -1.78 -1 -1.78 -1 -2.386 0 0
