7 1000 0 8 13 0 0 0 0
-3.272 -1 -2.812 -1 -2.812 -1 -3.08 -1 0
-2.946 -1 -2.578 -1 -2.578 -1 -2.942 -1 0
-2.76 -1 -2.4 -1 -2.4 -1 -2.748 -1 0
-2.574 -1 -2.238 -1 -2.238 -1 -2.692 -1 0
-2.465 -1 -2.142 -1 -2.142 -1 -2.654 -1 0
-2.398 -1 -2.08 -1 -2.08 -1 -2.568 -1 0
-2.324 -1 -2.002 -1 -2.002 -1 -2.562 -1 0
-2.282 -1 -1.96 -1 -1.96 -1 -2.53 -1 0
-2.245 -1 -1.91 -1 -1.91 -1 -2.454 -1 0
-2.182 -1 -1.864 -1 -1.864 -1 -2.458 -1 0
-2.161 -1 -1.858 -1 -1.858 -1 -2.442 -1 0
-2.15 -1 -1.844 -1 -1.844 -1 -2.438 -1 0
-2.141 -1 -1.826 -1 -1.826 -1 -2.394 0 0
