9 1000 0.2 5 43 0 0 0 0
-3.627 -1 -3.204 -1 -3.24 -1 -3.47 -1 93
-3.355 -1 -2.978 -1 -2.99 -1 -3.328 -1 21
-3.159 -1 -2.798 -1 -2.848 -1 -3.206 -1 56
-3.027 -1 -2.69 -1 -2.716 -1 -3.152 -1 23
-2.934 -1 -2.598 -1 -2.692 -1 -3.106 -1 69
-2.899 -1 -2.518 -1 -2.59 -1 -3.098 -1 46
-2.844 -1 -2.518 -1 -2.648 -1 -3.178 -1 91
-2.913 -1 -2.586 -1 -2.65 -1 -3.044 -1 60
-2.847 -1 -2.508 -1 -2.53 -1 -2.928 -1 19
-2.729 -1 -2.404 -1 -2.52 -1 -2.95 -1 76
-2.735 -1 -2.44 -1 -2.562 -1 -2.95 -1 86
-2.756 -1 -2.39 -1 -2.44 -1 -2.858 -1 25
-2.649 -1 -2.36 -1 -2.446 -1 -2.926 -1 38
-2.686 -1 -2.35 -1 -2.51 -1 -2.888 -1 77
-2.699 -1 -2.344 -1 -2.496 -1 -2.896 -1 76
-2.696 -1 -2.316 -1 -2.356 -1 -2.854 -1 18
-2.605 -1 -2.304 -1 -2.438 -1 -2.824 -1 94
-2.631 -1 -2.29 -1 -2.35 -1 -2.774 -1 52
-2.562 -1 -2.224 -1 -2.378 -1 -2.818 -1 69
-2.598 -1 -2.256 -1 -2.374 -1 -2.84 -1 75
-2.607 -1 -2.256 -1 -2.426 -1 -2.872 -1 99
-2.649 -1 -2.34 -1 -2.388 -1 -2.864 -1 36
-2.626 -1 -2.286 -1 -2.39 -1 -2.822 -1 54
-2.606 -1 -2.284 -1 -2.304 -1 -2.756 -1 12
-2.53 -1 -2.194 -1 -2.24 -1 -2.75 -1 39
-2.495 -1 -2.164 -1 -2.214 -1 -2.728 -1 25
-2.471 -1 -2.14 -1 -2.264 -1 -2.754 -1 58
-2.509 -1 -2.148 -1 -2.25 -1 -2.732 -1 58
-2.491 -1 -2.142 -1 -2.184 -1 -2.67 -1 30
-2.427 -1 -2.084 -1 -2.098 -1 -2.594 -1 8
-2.346 -1 -2.08 -1 -2.18 -1 -2.668 -1 65
-2.424 -1 -2.072 -1 -2.204 -1 -2.702 -1 61
-2.453 -1 -2.092 -1 -2.32 -1 -2.78 -1 90
-2.55 -1 -2.156 -1 -2.23 -1 -2.628 -1 52
-2.429 -1 -2.06 -1 -2.128 -1 -2.624 -1 33
-2.376 -1 -2.034 -1 -2.136 -1 -2.494 -1 46
-2.315 -1 -1.978 -1 -2.052 -1 -2.532 -1 32
-2.292 -1 -2.002 -1 -2.108 -1 -2.564 -1 63
-2.336 -1 -1.998 -1 -2.086 -1 -2.572 -1 43
-2.329 -1 -1.96 -1 -1.99 -1 -2.4 -1 11
-2.195 -1 -1.876 -1 -2.024 -1 -2.458 -1 55
-2.241 -1 -1.888 -1 -2.014 -1 -2.394 -1 58
-2.204 -1 -1.842 -1 -1.984 -1 -2.312 0 73
