8 1000 0.2 4 43 0 0 0 0
-3.466 -1 -3.074 -1 -3.11 -1 -3.284 -1 79
-3.197 -1 -2.828 -1 -2.89 -1 -3.164 -1 67
-3.027 -1 -2.67 -1 -2.736 -1 -3.07 -1 75
-2.903 -1 -2.588 -1 -2.668 -1 -3.01 -1 84
-2.839 -1 -2.5 -1 -2.624 -1 -2.912 -1 98
-2.768 -1 -2.448 -1 -2.448 -1 -2.904 -1 0
-2.676 -1 -2.4 -1 -2.474 -1 -2.848 -1 79
-2.661 -1 -2.32 -1 -2.436 -1 -2.94 -1 84
-2.688 -1 -2.37 -1 -2.394 -1 -2.838 -1 16
-2.616 -1 -2.328 -1 -2.352 -1 -2.878 -1 14
-2.615 -1 -2.318 -1 -2.324 -1 -2.842 -1 3
-2.583 -1 -2.296 -1 -2.424 -1 -2.828 -1 88
-2.626 -1 -2.224 -1 -2.32 -1 -2.812 -1 67
-2.566 -1 -2.262 -1 -2.336 -1 -2.846 -1 52
-2.591 -1 -2.278 -1 -2.362 -1 -2.764 -1 56
-2.563 -1 -2.23 -1 -2.33 -1 -2.688 -1 72
-2.509 -1 -2.158 -1 -2.21 -1 -2.68 -1 29
-2.445 -1 -2.16 -1 -2.222 -1 -2.624 -1 30
-2.423 -1 -2.094 -1 -2.218 -1 -2.67 -1 86
-2.444 -1 -2.14 -1 -2.218 -1 -2.606 -1 56
-2.412 -1 -2.14 -1 -2.178 -1 -2.67 -1 18
-2.424 -1 -2.112 -1 -2.142 -1 -2.584 -1 20
-2.363 -1 -2.054 -1 -2.188 -1 -2.618 -1 84
-2.403 -1 -2.068 -1 -2.17 -1 -2.612 -1 60
-2.391 -1 -2.052 -1 -2.178 -1 -2.628 -1 72
-2.403 -1 -2.09 -1 -2.156 -1 -2.698 -1 38
-2.427 -1 -2.112 -1 -2.206 -1 -2.638 -1 42
-2.422 -1 -2.086 -1 -2.126 -1 -2.626 -1 32
-2.376 -1 -2.02 -1 -2.064 -1 -2.51 -1 37
-2.287 -1 -1.968 -1 -2.01 -1 -2.506 -1 20
-2.258 -1 -1.936 -1 -1.956 -1 -2.486 -1 10
-2.221 -1 -1.892 -1 -1.9 -1 -2.398 -1 5
-2.149 -1 -1.866 -1 -1.884 -1 -2.388 -1 8
-2.136 -1 -1.834 -1 -1.932 -1 -2.412 -1 52
-2.172 -1 -1.82 -1 -2.018 -1 -2.382 -1 87
-2.2 -1 -1.84 -1 -1.85 -1 -2.358 -1 8
-2.104 -1 -1.852 -1 -1.868 -1 -2.306 -1 7
-2.087 -1 -1.816 -1 -1.862 -1 -2.302 -1 30
-2.082 -1 -1.786 -1 -1.892 -1 -2.3 -1 60
-2.096 -1 -1.754 -1 -1.826 -1 -2.308 -1 37
-2.067 -1 -1.782 -1 -1.872 -1 -2.288 -1 54
-2.08 -1 -1.758 -1 -1.858 -1 -2.302 -1 52
-2.08 -1 -1.756 -1 -1.854 -1 -2.216 0 54
