10 1000 0.2 5 97 0 0 0 0
-3.813 -1 -3.406 -1 -3.44 -2 -3.66 -2 45
-3.55 -2 -3.178 -2 -3.25 -2 -3.56 -2 93
-3.405 -2 -3.07 -2 -3.094 -2 -3.366 -1 18
-3.23 -1 -2.898 -1 -2.964 -1 -3.356 -1 61
-3.16 -1 -2.828 -1 -2.868 -1 -3.32 -2 23
-3.094 -1 -2.782 -1 -2.848 -1 -3.196 -1 72
-3.022 -1 -2.708 -1 -2.716 -1 -3.162 -1 7
-2.939 -1 -2.612 -1 -2.672 -1 -3.112 -1 48
-2.892 -1 -2.556 -1 -2.576 -1 -3.096 -1 19
-2.836 -1 -2.528 -1 -2.538 -1 -3.002 -1 6
-2.77 -1 -2.466 -1 -2.536 -1 -3.03 -1 49
-2.783 -1 -2.506 -1 -2.584 -1 -3.022 -1 66
-2.803 -1 -2.476 -1 -2.572 -1 -2.978 -1 71
-2.775 -1 -2.454 -1 -2.546 -1 -3.056 -1 57
-2.801 -1 -2.486 -1 -2.598 -1 -3.026 -1 66
-2.812 -1 -2.466 -1 -2.548 -1 -3.022 -1 60
-2.785 -1 -2.444 -1 -2.6 -1 -3.01 -1 87
-2.805 -1 -2.512 -1 -2.552 -1 -3.012 -1 23
-2.782 -1 -2.45 -1 -2.592 -1 -3 -1 81
-2.796 -1 -2.428 -1 -2.532 -1 -2.966 -1 84
-2.749 -1 -2.404 -1 -2.536 -1 -2.998 -1 68
-2.767 -1 -2.412 -1 -2.518 -1 -3.018 -1 83
-2.768 -1 -2.448 -1 -2.462 -1 -2.986 -1 14
-2.724 -1 -2.388 -1 -2.534 -1 -2.964 -1 84
-2.749 -1 -2.392 -1 -2.486 -1 -2.956 -1 69
-2.721 -1 -2.376 -1 -2.46 -1 -2.924 -1 44
-2.692 -1 -2.386 -1 -2.486 -1 -3.032 -1 66
-2.759 -1 -2.442 -1 -2.46 -1 -2.944 -1 19
-2.702 -1 -2.376 -1 -2.52 -1 -2.94 -1 81
-2.73 -1 -2.37 -1 -2.426 -1 -2.942 -1 25
-2.684 -1 -2.35 -1 -2.5 -1 -2.936 -1 90
-2.718 -1 -2.386 -1 -2.5 -1 -2.946 -1 57
-2.723 -1 -2.374 -1 -2.47 -1 -2.918 -1 57
-2.694 -1 -2.326 -1 -2.468 -1 -2.884 -1 84
-2.676 -1 -2.302 -1 -2.42 -1 -2.932 -1 55
-2.676 -1 -2.36 -1 -2.404 -1 -2.918 -1 45
-2.661 -1 -2.342 -1 -2.374 -1 -2.862 -1 15
-2.618 -1 -2.304 -1 -2.414 -1 -2.842 -1 67
-2.628 -1 -2.318 -1 -2.458 -1 -2.874 -1 82
-2.666 -1 -2.316 -1 -2.362 -1 -2.892 -1 26
-2.627 -1 -2.274 -1 -2.414 -1 -2.83 -1 88
-2.622 -1 -2.242 -1 -2.246 -1 -2.698 -1 6
-2.472 -1 -2.164 -1 -2.192 -1 -2.698 -1 7
-2.445 -1 -2.116 -1 -2.264 -1 -2.722 -1 65
-2.493 -1 -2.15 -1 -2.228 -1 -2.71 -1 39
-2.469 -1 -2.092 -1 -2.096 -1 -2.592 -1 1
-2.344 -1 -2.046 -1 -2.112 -1 -2.572 -1 32
-2.342 -1 -2.044 -1 -2.212 -1 -2.686 -1 88
-2.449 -1 -2.082 -1 -2.094 -1 -2.51 -1 9
-2.302 -1 -2.014 -1 -2.104 -1 -2.556 -1 47
-2.33 -1 -2.028 -1 -2.074 -1 -2.492 -1 26
-2.283 -1 -1.944 -1 -1.944 -1 -2.494 -1 2
-2.219 -1 -1.934 -1 -1.984 -1 -2.446 -1 30
-2.215 -1 -1.904 -1 -1.922 -1 -2.386 -1 11
-2.154 -1 -1.854 -1 -1.854 -1 -2.37 -1 2
-2.112 -1 -1.834 -1 -1.92 -1 -2.32 -1 31
-2.12 -1 -1.756 -1 -1.786 -1 -2.208 -1 21
-1.997 -1 -1.73 -1 -1.852 -1 -2.24 -1 54
-2.046 -1 -1.696 -1 -1.968 -1 -2.372 -1 90
-2.17 -1 -1.79 -1 -1.92 -1 -2.3 -1 57
-2.11 -1 -1.722 -1 -1.964 -1 -2.266 -1 97
-2.115 -1 -1.722 -1 -1.93 -1 -2.242 -1 77
-2.086 -1 -1.71 -1 -1.892 -1 -2.246 -1 80
-2.069 -1 -1.658 -1 -1.66 -1 -2.038 -1 3
-1.849 -1 -1.51 -1 -1.618 -1 -1.918 -1 36
-1.768 -1 -1.422 -1 -1.652 -1 -1.952 -1 72
-1.802 -1 -1.434 -1 -1.552 -1 -1.824 -1 40
-1.688 -1 -1.364 -1 -1.54 -1 -1.808 -1 57
-1.674 -1 -1.306 -1 -1.534 -1 -1.772 -1 67
-1.653 -1 -1.326 -1 -1.52 -1 -1.79 -1 65
-1.655 -1 -1.304 -1 -1.562 -1 -1.876 -1 81
-1.719 -1 -1.38 -1 -1.45 -1 -1.712 -1 19
-1.581 -1 -1.274 -1 -1.512 -1 -1.788 -1 78
-1.65 -1 -1.274 -1 -1.366 -1 -1.566 -1 29
-1.466 -1 -1.184 -1 -1.374 -1 -1.612 -1 67
-1.493 -1 -1.23 -1 -1.516 -1 -1.704 -1 87
-1.61 -1 -1.26 -1 -1.486 -1 -1.666 -1 71
-1.576 -1 -1.248 -1 -1.458 -1 -1.664 -1 73
-1.561 -1 -1.214 -1 -1.294 -1 -1.446 -1 24
-1.37 -1 -1.108 -1 -1.142 -1 -1.284 -1 9
-1.213 -1 -1.074 -1 -1.074 -1 -1.19 -1 0
-1.132 -1 -1.038 -1 -1.326 -1 -1.488 -1 88
-1.407 -1 -1.144 -1 -1.37 -1 -1.506 -1 65
-1.438 -1 -1.132 -1 -1.182 -1 -1.306 -1 13
-1.244 -1 -1.088 -1 -1.116 -1 -1.226 -1 9
-1.171 -1 -1.052 -1 -1.234 -1 -1.374 -1 51
-1.304 -1 -1.124 -1 -1.436 -1 -1.56 -1 85
-1.498 -1 -1.216 -1 -1.262 -1 -1.384 -1 23
-1.323 -1 -1.116 -1 -1.26 -1 -1.346 -1 46
-1.303 -1 -1.086 -1 -1.308 -1 -1.39 -1 56
-1.349 -1 -1.12 -1 -1.422 -1 -1.54 -1 87
-1.481 -1 -1.232 -1 -1.232 -1 -1.32 -1 0
-1.276 -1 -1.086 -1 -1.162 -1 -1.226 -1 31
-1.194 -1 -1.052 -1 -1.276 -1 -1.396 -1 69
-1.336 -1 -1.098 -1 -1.202 -1 -1.288 -1 32
-1.245 -1 -1.082 -1 -1.23 -1 -1.348 -1 44
-1.289 -1 -1.114 -1 -1.352 -1 -1.416 0 79
