8 1000 0.7 1 22 0 0 0 0
-3.443 -1 -3.256 -1 -3.288 -1 -3.366 -1 59
-3.327 -1 -3.224 -1 -3.256 -1 -3.408 -2 243
-3.332 -1 -3.264 -1 -3.364 -1 -3.364 -1 342
-3.364 -1 -3.204 -1 -3.202 -1 -3.298 -1 197
-3.25 -1 -3.144 -1 -3.2 -1 -3.236 -1 212
-3.218 -1 -3.04 -1 -3.042 -1 -3.21 -1 15
-3.126 -1 -2.988 -1 -2.978 -1 -3.152 -1 51
-3.065 -1 -2.962 -1 -3.182 -1 -3.262 -1 312
-3.222 -1 -3.076 -1 -3.14 -1 -3.232 -1 276
-3.186 -1 -3.062 -1 -3.128 -1 -3.312 -1 182
-3.22 -1 -3.102 -1 -3.114 -1 -3.35 -1 37
-3.232 -1 -3.086 -1 -3.12 -1 -3.212 -1 51
-3.166 -1 -3.048 -1 -3.122 -1 -3.262 -1 158
-3.192 -1 -3.09 -1 -3.18 -1 -3.338 -1 255
-3.259 -1 -3.172 -1 -3.232 -1 -3.302 -1 201
-3.267 -1 -3.108 -1 -3.12 -1 -3.238 -1 110
-3.179 -1 -3.058 -1 -3.166 -1 -3.242 -1 257
-3.204 -1 -3.024 -1 -3.062 -1 -3.218 -1 65
-3.14 -1 -3.014 -1 -3.05 -1 -3.198 -1 139
-3.124 -1 -2.952 -1 -3.076 -1 -3.234 -1 241
-3.155 -1 -2.98 -1 -3.018 -1 -3.154 -1 21
-3.086 -1 -2.926 -1 -2.966 -1 -3.2 0 93
