9 1000 1 9 250 0 0 0 0
-3.639 -1 -3.148 -1 -3.18 -1 -3.44 -1 45
-3.31 -1 -2.898 -1 -3.15 -1 -3.392 -1 294
-3.271 -1 -2.796 -1 -2.956 -1 -3.22 -1 204
-3.088 -1 -2.688 -1 -2.802 -1 -3.122 -1 129
-2.962 -1 -2.59 -1 -2.932 -1 -3.21 -1 386
-3.071 -1 -2.638 -1 -2.722 -1 -3.124 -1 92
-2.923 -1 -2.508 -1 -2.682 -1 -3.1 -1 122
-2.891 -1 -2.464 -1 -2.602 -1 -2.97 -1 88
-2.786 -1 -2.418 -1 -2.77 -1 -3.12 -1 314
-2.945 -1 -2.518 -1 -3.048 -1 -3.328 -1 499
-3.188 -1 -2.694 -1 -3.064 -1 -3.276 -1 437
-3.17 -1 -2.692 -1 -3.008 -1 -3.302 -1 360
-3.155 -1 -2.698 -1 -2.71 -1 -3.136 -1 35
-2.923 -1 -2.538 -1 -2.966 -1 -3.206 -1 474
-3.086 -1 -2.614 -1 -3.038 -1 -3.29 -1 391
-3.164 -1 -2.682 -1 -2.766 -1 -3.05 -1 75
-2.908 -1 -2.462 -1 -2.898 -1 -3.24 -1 389
-3.069 -1 -2.596 -1 -2.606 -1 -3.084 -1 14
-2.845 -1 -2.49 -1 -2.7 -1 -3.086 -1 196
-2.893 -1 -2.52 -1 -2.998 -1 -3.23 -1 431
-3.114 -1 -2.62 -1 -2.728 -1 -3.056 -1 85
-2.892 -1 -2.47 -1 -2.652 -1 -3.048 -1 119
-2.85 -1 -2.41 -1 -2.884 -1 -3.186 -1 411
-3.035 -1 -2.562 -1 -2.942 -1 -3.262 -1 387
-3.102 -1 -2.634 -1 -3.006 -1 -3.266 -1 342
-3.136 -1 -2.634 -1 -3.116 -1 -3.274 -1 461
-3.195 -1 -2.712 -1 -2.914 -1 -3.208 -1 230
-3.061 -1 -2.608 -1 -2.82 -1 -3.126 -1 188
-2.973 -1 -2.542 -1 -2.752 -1 -3.122 -1 153
-2.937 -1 -2.518 -1 -2.714 -1 -3.026 -1 149
-2.87 -1 -2.444 -1 -2.986 -1 -3.256 -1 412
-3.121 -1 -2.606 -1 -2.63 -1 -3.024 -1 22
-2.827 -1 -2.446 -1 -2.986 -1 -3.248 -1 413
-3.117 -1 -2.638 -1 -2.936 -1 -3.21 -1 286
-3.073 -1 -2.628 -1 -2.82 -1 -3.116 -1 173
-2.968 -1 -2.514 -1 -2.884 -1 -3.192 -1 361
-3.038 -1 -2.578 -1 -3.034 -1 -3.286 -1 460
-3.16 -1 -2.658 -1 -2.94 -1 -3.28 -1 269
-3.11 -1 -2.67 -1 -2.738 -1 -3.076 -1 84
-2.907 -1 -2.504 -1 -2.938 -1 -3.236 -1 416
-3.087 -1 -2.65 -1 -2.756 -1 -3.07 -1 160
-2.913 -1 -2.484 -1 -2.73 -1 -3.106 -1 241
-2.918 -1 -2.492 -1 -2.534 -1 -2.992 -1 34
-2.763 -1 -2.4 -1 -2.652 -1 -3.022 -1 190
-2.837 -1 -2.414 -1 -2.428 -1 -2.97 -1 21
-2.699 -1 -2.316 -1 -2.33 -1 -2.764 -1 14
-2.547 -1 -2.216 -1 -2.67 -1 -3.058 -1 310
-2.864 -1 -2.334 -1 -2.84 -1 -3.072 -1 467
-2.956 -1 -2.474 -1 -2.82 -1 -3.172 -1 312
-2.996 -1 -2.532 -1 -3.012 -1 -3.284 -1 406
-3.148 -1 -2.648 -1 -2.864 -1 -3.214 -1 231
-3.039 -1 -2.62 -1 -3.062 -1 -3.258 -1 387
-3.16 -1 -2.692 -1 -2.924 -1 -3.196 -2 230
-3.06 -1 -2.592 -1 -3.014 -1 -3.19 -1 457
-3.102 -1 -2.618 -1 -2.804 -1 -3.232 -1 202
-3.018 -1 -2.58 -1 -3.056 -1 -3.276 -1 471
-3.166 -1 -2.69 -1 -2.808 -1 -3.164 -1 107
-2.986 -1 -2.534 -1 -2.834 -1 -3.156 -1 224
-2.995 -1 -2.548 -1 -2.888 -1 -3.184 -1 326
-3.036 -1 -2.566 -1 -2.786 -1 -3.19 -1 196
-2.988 -1 -2.584 -1 -2.768 -1 -3.09 -1 173
-2.929 -1 -2.498 -1 -2.72 -1 -3.106 -1 212
-2.913 -1 -2.484 -1 -2.81 -1 -3.096 -1 293
-2.953 -1 -2.536 -1 -2.918 -1 -3.23 -1 391
-3.074 -1 -2.642 -1 -2.928 -1 -3.214 -1 278
-3.071 -1 -2.58 -1 -2.848 -1 -3.184 -1 243
-3.016 -1 -2.574 -1 -2.828 -1 -3.214 -1 220
-3.021 -1 -2.558 -1 -2.686 -1 -3.014 -1 109
-2.85 -1 -2.456 -1 -2.624 -1 -3.064 -1 115
-2.844 -1 -2.418 -1 -2.686 -1 -3.114 -1 174
-2.9 -1 -2.458 -1 -2.702 -1 -3.078 -1 193
-2.89 -1 -2.466 -1 -2.84 -1 -3.068 -1 306
-2.954 -1 -2.512 -1 -2.704 -1 -3.092 -1 146
-2.898 -1 -2.486 -1 -2.84 -1 -3.212 -1 333
-3.026 -1 -2.616 -1 -2.792 -1 -3.122 -1 171
-2.957 -1 -2.518 -1 -2.584 -1 -3.006 -1 68
-2.795 -1 -2.404 -1 -2.692 -1 -3.086 -1 235
-2.889 -1 -2.466 -1 -2.692 -1 -3.034 -1 188
-2.863 -1 -2.45 -1 -2.69 -1 -3.048 -1 155
-2.869 -1 -2.43 -1 -2.514 -1 -2.972 -1 71
-2.743 -1 -2.358 -1 -2.48 -1 -2.942 -1 83
-2.711 -1 -2.338 -1 -2.856 -1 -3.086 -1 461
-2.971 -1 -2.484 -1 -3.004 -1 -3.24 -1 498
-3.122 -1 -2.604 -1 -2.678 -1 -3.046 -1 79
-2.862 -1 -2.44 -1 -2.586 -1 -3.038 -1 140
-2.812 -1 -2.404 -1 -2.518 -1 -2.998 -1 73
-2.758 -1 -2.366 -1 -2.63 -1 -3.086 -1 248
-2.858 -1 -2.41 -1 -2.856 -1 -3.162 -1 348
-3.009 -1 -2.502 -1 -2.89 -1 -3.224 -1 390
-3.057 -1 -2.556 -1 -2.97 -1 -3.274 -1 367
-3.122 -1 -2.602 -1 -2.802 -1 -3.11 -1 182
-2.956 -1 -2.524 -1 -3.01 -1 -3.214 -1 436
-3.112 -1 -2.622 -1 -2.824 -1 -3.178 -1 187
-3.001 -1 -2.558 -1 -2.72 -1 -3.14 -1 118
-2.93 -1 -2.502 -1 -2.85 -1 -3.154 -1 355
-3.002 -1 -2.544 -1 -2.816 -1 -3.092 -1 197
-2.954 -1 -2.502 -1 -2.722 -1 -3.092 -1 159
-2.907 -1 -2.48 -1 -2.814 -1 -3.122 -1 291
-2.968 -1 -2.496 -1 -2.786 -1 -3.132 -1 276
-2.959 -1 -2.52 -1 -2.93 -1 -3.23 -1 406
-3.08 -1 -2.62 -1 -2.938 -1 -3.18 -1 313
-3.059 -1 -2.572 -1 -2.808 -1 -3.176 -1 210
-2.992 -1 -2.544 -1 -2.68 -1 -3.08 -1 147
-2.88 -1 -2.484 -1 -2.708 -1 -3.084 -1 181
-2.896 -1 -2.48 -1 -2.828 -1 -3.136 -1 337
-2.982 -1 -2.518 -1 -3.032 -1 -3.298 -2 460
-3.165 -1 -2.64 -1 -2.708 -1 -3.112 -1 88
-2.91 -1 -2.53 -1 -2.916 -1 -3.136 -1 347
-3.026 -1 -2.568 -1 -2.906 -1 -3.22 -1 321
-3.063 -1 -2.612 -1 -2.958 -1 -3.14 -1 377
-3.049 -1 -2.592 -1 -3.058 -1 -3.294 -1 464
-3.176 -1 -2.688 -1 -3.162 -1 -3.296 -1 470
-3.229 -1 -2.774 -1 -3.132 -1 -3.366 -2 478
-3.249 -1 -2.786 -1 -3.042 -1 -3.32 -1 298
-3.181 -1 -2.734 -1 -3.032 -1 -3.274 -1 356
-3.153 -1 -2.684 -1 -3.026 -1 -3.236 -1 351
-3.131 -1 -2.682 -1 -2.968 -1 -3.274 -1 348
-3.121 -1 -2.668 -1 -2.892 -1 -3.224 -1 218
-3.058 -1 -2.64 -1 -3 -1 -3.194 -1 350
-3.097 -1 -2.656 -1 -3.06 -1 -3.306 -1 396
-3.183 -1 -2.686 -1 -2.884 -1 -3.184 -1 202
-3.034 -1 -2.612 -1 -2.788 -1 -3.162 -1 187
-2.975 -1 -2.562 -1 -2.954 -1 -3.216 -1 357
-3.085 -1 -2.652 -1 -2.942 -1 -3.258 -1 308
-3.1 -1 -2.65 -1 -2.992 -1 -3.282 -1 318
-3.137 -1 -2.678 -1 -2.794 -1 -3.152 -1 120
-2.973 -1 -2.564 -1 -2.888 -1 -3.252 -1 318
-3.07 -1 -2.6 -1 -3.068 -1 -3.31 -2 471
-3.189 -1 -2.708 -1 -2.748 -1 -3.102 -1 45
-2.925 -1 -2.522 -1 -2.93 -1 -3.242 -1 366
-3.086 -1 -2.61 -1 -2.932 -1 -3.226 -1 340
-3.079 -1 -2.638 -1 -3.126 -1 -3.394 -1 446
-3.26 -1 -2.778 -1 -2.982 -1 -3.296 -1 187
-3.139 -1 -2.698 -1 -2.898 -1 -3.158 -1 177
-3.028 -1 -2.574 -1 -3.026 -1 -3.322 -1 458
-3.174 -1 -2.72 -1 -3.128 -1 -3.336 -1 463
-3.232 -1 -2.754 -1 -3.104 -1 -3.376 -1 477
-3.24 -1 -2.76 -1 -3.182 -1 -3.326 -1 481
-3.254 -1 -2.77 -1 -2.902 -1 -3.218 -1 126
-3.06 -1 -2.61 -1 -2.946 -1 -3.324 -1 320
-3.135 -1 -2.676 -1 -2.93 -1 -3.188 -1 228
-3.059 -1 -2.606 -1 -3.032 -1 -3.274 -1 441
-3.153 -1 -2.658 -1 -2.948 -1 -3.242 -1 333
-3.095 -1 -2.628 -1 -2.748 -1 -3.182 -1 115
-2.965 -1 -2.572 -1 -2.724 -1 -3.086 -1 131
-2.905 -1 -2.484 -1 -2.528 -1 -2.974 -1 24
-2.751 -1 -2.402 -1 -2.832 -1 -3.182 -1 380
-3.007 -1 -2.534 -1 -2.758 -1 -3.136 -1 159
-2.947 -1 -2.53 -1 -2.776 -1 -3.108 -1 173
-2.942 -1 -2.52 -1 -2.882 -1 -3.232 -1 364
-3.057 -1 -2.568 -1 -3.084 -1 -3.23 -1 486
-3.157 -1 -2.68 -1 -2.974 -1 -3.228 -1 278
-3.101 -1 -2.62 -1 -2.664 -1 -3.116 -1 38
-2.89 -1 -2.488 -1 -2.862 -1 -3.118 -1 329
-2.99 -1 -2.51 -1 -2.546 -1 -2.978 -1 30
-2.762 -1 -2.422 -1 -2.878 -1 -3.204 -1 398
-3.041 -1 -2.548 -1 -2.972 -1 -3.268 -1 448
-3.12 -1 -2.662 -1 -2.93 -1 -3.212 -1 256
-3.071 -1 -2.616 -1 -3.044 -1 -3.26 -1 478
-3.152 -1 -2.69 -1 -2.768 -1 -3.124 -1 85
-2.946 -1 -2.522 -1 -3.012 -1 -3.252 -1 455
-3.132 -1 -2.652 -1 -2.818 -1 -3.136 -1 164
-2.977 -1 -2.566 -1 -3.002 -1 -3.338 -1 358
-3.17 -1 -2.686 -1 -2.936 -1 -3.204 -1 266
-3.07 -1 -2.632 -1 -2.782 -1 -3.15 -1 143
-2.966 -1 -2.542 -1 -2.948 -1 -3.21 -1 373
-3.079 -1 -2.628 -1 -2.696 -1 -3.034 -1 57
-2.865 -1 -2.482 -1 -3.028 -1 -3.322 -1 466
-3.175 -1 -2.686 -1 -2.802 -1 -3.178 -1 113
-2.99 -1 -2.572 -1 -2.74 -1 -3.084 -1 169
-2.912 -1 -2.524 -1 -2.724 -1 -3.042 -1 202
-2.883 -1 -2.5 -1 -2.552 -1 -3.03 -1 31
-2.791 -1 -2.378 -1 -2.576 -1 -2.954 -1 151
-2.765 -1 -2.378 -1 -2.512 -1 -2.968 -1 113
-2.74 -1 -2.366 -1 -2.562 -1 -2.972 -1 127
-2.767 -1 -2.372 -1 -2.678 -1 -3.054 -1 180
-2.866 -1 -2.414 -1 -2.962 -1 -3.252 -1 436
-3.107 -1 -2.644 -1 -3.018 -1 -3.254 -1 472
-3.136 -1 -2.674 -1 -3.076 -1 -3.382 -1 471
-3.229 -1 -2.766 -1 -3.048 -1 -3.25 -1 280
-3.149 -1 -2.69 -1 -3 -1 -3.246 -1 335
-3.123 -1 -2.66 -1 -2.934 -1 -3.192 -1 232
-3.063 -1 -2.634 -1 -3.086 -1 -3.26 -1 462
-3.173 -1 -2.72 -1 -2.916 -1 -3.166 -1 247
-3.041 -1 -2.616 -1 -2.774 -1 -3.116 -1 143
-2.945 -1 -2.526 -1 -2.712 -1 -3.098 -1 156
-2.905 -1 -2.462 -1 -2.772 -1 -3.15 -1 233
-2.961 -1 -2.53 -1 -3.014 -1 -3.222 -1 407
-3.118 -1 -2.642 -1 -3.022 -1 -3.278 -1 384
-3.15 -1 -2.694 -1 -3.078 -1 -3.246 -1 445
-3.162 -1 -2.702 -1 -2.818 -1 -3.074 -1 99
-2.946 -1 -2.524 -1 -2.732 -1 -3.176 -1 173
-2.954 -1 -2.538 -1 -2.808 -1 -3.088 -1 213
-2.948 -1 -2.496 -1 -2.912 -1 -3.216 -1 435
-3.064 -1 -2.62 -1 -2.786 -1 -3.114 -1 188
-2.95 -1 -2.538 -1 -2.806 -1 -3.182 -1 253
-2.994 -1 -2.564 -1 -2.892 -1 -3.168 -1 357
-3.03 -1 -2.578 -1 -3.038 -1 -3.31 -1 492
-3.174 -1 -2.694 -1 -2.788 -1 -3.17 -1 86
-2.979 -1 -2.578 -1 -2.662 -1 -3.092 -1 79
-2.877 -1 -2.502 -1 -2.602 -1 -3.05 -1 95
-2.826 -1 -2.436 -1 -2.874 -1 -3.162 -1 418
-3.018 -1 -2.586 -1 -2.586 -1 -2.998 -1 0
-2.792 -1 -2.416 -1 -2.698 -1 -3.076 -1 201
-2.887 -1 -2.444 -1 -2.808 -1 -3.158 -1 260
-2.983 -1 -2.506 -1 -2.726 -1 -3.092 -1 176
-2.909 -1 -2.49 -1 -2.934 -1 -3.234 -1 348
-3.084 -1 -2.614 -1 -2.788 -1 -3.082 -1 172
-2.935 -1 -2.506 -1 -2.908 -1 -3.184 -1 395
-3.046 -1 -2.608 -1 -2.674 -1 -3.046 -1 62
-2.86 -1 -2.45 -1 -2.612 -1 -3.038 -1 126
-2.825 -1 -2.408 -1 -2.928 -1 -3.216 -1 412
-3.072 -1 -2.618 -1 -2.952 -1 -3.214 -1 346
-3.083 -1 -2.61 -1 -2.85 -1 -3.224 -1 249
-3.037 -1 -2.594 -1 -2.942 -1 -3.256 -1 327
-3.099 -1 -2.638 -1 -2.924 -1 -3.19 -1 266
-3.057 -1 -2.644 -1 -2.93 -1 -3.28 -1 265
-3.105 -1 -2.674 -1 -2.912 -1 -3.196 -1 264
-3.054 -1 -2.632 -1 -3.024 -1 -3.302 -1 427
-3.163 -1 -2.716 -1 -3.086 -1 -3.228 -1 340
-3.157 -1 -2.686 -1 -2.712 -1 -3.074 -1 19
-2.893 -1 -2.49 -1 -2.734 -1 -3.098 -1 232
-2.916 -1 -2.518 -1 -3.062 -1 -3.306 -1 499
-3.184 -1 -2.662 -1 -3.138 -1 -3.306 -1 472
-3.222 -1 -2.77 -1 -3.02 -1 -3.294 -1 264
-3.157 -1 -2.702 -1 -2.912 -1 -3.216 -1 170
-3.064 -1 -2.598 -1 -2.926 -1 -3.298 -1 373
-3.112 -1 -2.688 -1 -2.784 -1 -3.098 -1 126
-2.941 -1 -2.5 -1 -2.922 -1 -3.268 -1 368
-3.095 -1 -2.626 -1 -2.964 -1 -3.21 -1 348
-3.087 -1 -2.61 -1 -2.638 -1 -3.044 -1 18
-2.841 -1 -2.474 -1 -2.618 -1 -3.006 -1 130
-2.812 -1 -2.428 -1 -2.76 -1 -3.122 -1 280
-2.941 -1 -2.504 -1 -2.97 -1 -3.27 -1 434
-3.12 -1 -2.614 -1 -2.628 -1 -3.006 -1 17
-2.817 -1 -2.422 -1 -2.704 -1 -3.102 -1 207
-2.903 -1 -2.496 -1 -2.89 -1 -3.178 -2 327
-3.034 -1 -2.566 -1 -2.934 -1 -3.186 -1 335
-3.06 -1 -2.616 -1 -3.09 -1 -3.318 -1 473
-3.204 -1 -2.736 -1 -2.99 -1 -3.226 -1 252
-3.108 -1 -2.672 -1 -2.802 -1 -3.136 -1 118
-2.969 -1 -2.554 -1 -3.01 -1 -3.242 -1 478
-3.126 -1 -2.64 -1 -2.756 -1 -3.092 -1 85
-2.924 -1 -2.49 -1 -2.5 -1 -2.932 -1 9
-2.716 -1 -2.362 -1 -2.88 -1 -3.164 -1 375
-3.022 -1 -2.542 -1 -2.672 -1 -3.056 -1 78
-2.864 -1 -2.452 -1 -2.744 -1 -3.004 -1 231
-2.874 -1 -2.484 -1 -2.906 -1 -3.202 -1 377
-3.054 -1 -2.534 -1 -2.934 -1 -3.19 -1 398
-3.062 -1 -2.606 -1 -2.72 -1 -3.032 0 75
