9 1000 0 8 28 0 0 0 0
-3.571 -1 -3.094 -1 -3.094 -1 -3.312 -1 0
-3.203 -1 -2.79 -1 -2.79 -1 -3.18 -1 0
-2.985 -1 -2.618 -1 -2.618 -1 -3.122 -1 0
-2.87 -1 -2.502 -1 -2.502 -1 -3.05 -1 0
-2.776 -1 -2.392 -1 -2.392 -1 -2.972 -1 0
-2.682 -1 -2.35 -1 -2.35 -1 -2.89 -1 0
-2.62 -1 -2.282 -1 -2.282 -1 -2.88 -1 0
-2.581 -1 -2.246 -1 -2.246 -1 -2.868 -1 0
-2.557 -1 -2.268 -1 -2.268 -1 -2.89 -1 0
-2.579 -1 -2.262 -1 -2.262 -1 -2.804 -1 0
-2.533 -1 -2.2 -1 -2.2 -1 -2.726 -1 0
-2.463 -1 -2.182 -1 -2.182 -1 -2.748 -1 0
-2.465 -1 -2.17 -1 -2.17 -1 -2.708 -1 0
-2.439 -1 -2.138 -1 -2.138 -1 -2.696 -1 0
-2.417 -1 -2.128 -1 -2.128 -1 -2.654 -1 0
-2.391 -1 -2.08 -1 -2.08 -1 -2.726 -1 0
-2.403 -1 -2.074 -1 -2.074 -1 -2.66 -1 0
-2.367 -1 -2.028 -1 -2.028 -1 -2.614 -1 0
-2.321 -1 -2.02 -1 -2.02 -1 -2.576 -1 0
-2.298 -1 -2.002 -1 -2.002 -1 -2.536 -1 0
-2.269 -1 -1.954 -1 -1.954 -1 -2.548 -1 0
-2.251 -1 -1.944 -1 -1.944 -1 -2.536 -1 0
-2.24 -1 -1.924 -1 -1.924 -1 -2.592 -1 0
-2.258 -1 -1.97 -1 -1.97 -1 -2.558 -1 0
-2.264 -1 -1.948 -1 -1.948 -1 -2.568 -1 0
-2.258 -1 -1.918 -1 -1.918 -1 -2.504 -1 0
-2.211 -1 -1.922 -1 -1.922 -1 -2.494 -1 0
-2.208 -1 -1.914 -1 -1.914 -1 -2.43 0 0
