10 1000 0.1 8 1485 0 0 0 0
-3.808 -2 -3.322 -2 -3.334 -2 -3.588 -1 12
-3.461 -1 -3.016 -1 -3.022 -1 -3.316 -1 3
-3.169 -1 -2.824 -1 -2.842 -1 -3.272 -1 17
-3.057 -1 -2.732 -1 -2.786 -1 -3.178 -1 44
-2.982 -1 -2.576 -1 -2.612 -1 -3.14 -1 15
-2.876 -1 -2.508 -1 -2.566 -1 -3.018 -1 38
-2.792 -1 -2.434 -1 -2.47 -1 -2.964 -1 23
-2.717 -1 -2.388 -1 -2.458 -1 -3.032 -1 42
-2.745 -1 -2.422 -1 -2.426 -1 -2.998 -1 3
-2.712 -1 -2.354 -1 -2.386 -1 -2.954 -1 40
-2.67 -1 -2.348 -1 -2.406 -1 -2.966 -1 19
-2.686 -1 -2.32 -1 -2.336 -1 -2.842 -1 10
-2.589 -1 -2.254 -1 -2.344 -1 -2.856 -1 42
-2.6 -1 -2.238 -1 -2.354 -1 -2.922 -1 46
-2.638 -1 -2.258 -1 -2.264 -1 -2.874 -1 3
-2.569 -1 -2.234 -1 -2.256 -1 -2.842 -1 6
-2.549 -1 -2.184 -1 -2.25 -1 -2.848 -1 49
-2.549 -1 -2.218 -1 -2.286 -1 -2.844 -1 23
-2.565 -1 -2.208 -1 -2.258 -1 -2.854 -1 29
-2.556 -1 -2.226 -1 -2.278 -1 -2.826 -1 33
-2.552 -1 -2.2 -1 -2.204 -1 -2.784 -1 3
-2.494 -1 -2.14 -1 -2.164 -1 -2.73 -1 7
-2.447 -1 -2.112 -1 -2.192 -1 -2.81 -1 39
-2.501 -1 -2.168 -1 -2.168 -1 -2.67 -1 0
-2.419 -1 -2.088 -1 -2.104 -1 -2.66 -1 11
-2.382 -1 -2.082 -1 -2.082 -1 -2.676 -1 0
-2.379 -1 -2.056 -1 -2.12 -1 -2.758 -1 39
-2.439 -1 -2.098 -1 -2.136 -1 -2.716 -1 27
-2.426 -1 -2.12 -1 -2.14 -1 -2.672 -1 10
-2.406 -1 -2.116 -1 -2.192 -1 -2.818 -1 31
-2.505 -1 -2.176 -1 -2.21 -1 -2.756 -1 16
-2.483 -1 -2.164 -1 -2.228 -1 -2.71 -1 27
-2.469 -1 -2.128 -1 -2.134 -1 -2.67 -1 6
-2.402 -1 -2.106 -1 -2.174 -1 -2.766 -1 31
-2.47 -1 -2.134 -1 -2.206 -1 -2.74 -1 48
-2.473 -1 -2.134 -1 -2.148 -1 -2.672 -1 3
-2.41 -1 -2.128 -1 -2.158 -1 -2.618 -1 12
-2.388 -1 -2.1 -1 -2.116 -1 -2.672 -1 8
-2.394 -1 -2.07 -1 -2.132 -1 -2.652 -1 30
-2.392 -1 -2.072 -1 -2.132 -1 -2.736 -1 31
-2.434 -1 -2.084 -1 -2.172 -1 -2.65 -1 30
-2.411 -1 -2.094 -1 -2.21 -1 -2.704 -1 40
-2.457 -1 -2.098 -1 -2.134 -1 -2.63 -1 23
-2.382 -1 -2.026 -1 -2.096 -1 -2.662 -1 35
-2.379 -1 -2.05 -1 -2.11 -1 -2.592 -1 31
-2.351 -1 -2.02 -1 -2.068 -1 -2.622 -1 23
-2.345 -1 -2.028 -1 -2.102 -1 -2.56 -1 40
-2.331 -1 -2.006 -1 -2.008 -1 -2.442 -1 1
-2.225 -1 -1.92 -1 -1.998 -1 -2.56 -1 37
-2.279 -1 -1.958 -1 -1.99 -1 -2.496 -1 11
-2.243 -1 -1.928 -1 -2.036 -1 -2.566 -1 47
-2.301 -1 -1.94 -1 -2.018 -1 -2.472 -1 48
-2.245 -1 -1.898 -1 -1.946 -1 -2.412 -1 20
-2.179 -1 -1.85 -1 -1.86 -1 -2.386 -1 11
-2.123 -1 -1.842 -1 -1.892 -1 -2.408 -1 18
-2.15 -1 -1.814 -1 -1.906 -1 -2.376 -1 32
-2.141 -1 -1.818 -1 -1.91 -1 -2.362 -1 36
-2.136 -1 -1.78 -1 -1.788 -1 -2.278 -1 3
-2.033 -1 -1.662 -1 -1.728 -1 -2.172 -1 35
-1.95 -1 -1.622 -1 -1.622 -1 -2.128 -1 1
-1.875 -1 -1.568 -1 -1.678 -1 -2.176 -1 36
-1.927 -1 -1.562 -1 -1.68 -1 -2.038 -1 36
-1.859 -1 -1.502 -1 -1.618 -1 -2.114 -1 42
-1.866 -1 -1.508 -1 -1.648 -1 -2.046 -1 47
-1.847 -1 -1.516 -1 -1.612 -1 -2.048 -1 44
-1.83 -1 -1.502 -1 -1.502 -1 -1.932 -1 0
-1.717 -1 -1.388 -1 -1.446 -1 -1.938 -1 21
-1.692 -1 -1.382 -1 -1.482 -1 -1.876 -1 36
-1.679 -1 -1.356 -1 -1.46 -1 -1.9 -1 30
-1.68 -1 -1.386 -1 -1.49 -1 -1.826 -1 38
-1.658 -1 -1.364 -1 -1.442 -1 -1.72 -1 29
-1.581 -1 -1.268 -1 -1.39 -1 -1.688 -1 40
-1.539 -1 -1.274 -1 -1.328 -1 -1.608 -1 18
-1.468 -1 -1.174 -1 -1.308 -1 -1.632 -1 38
-1.47 -1 -1.194 -1 -1.202 -1 -1.474 -1 2
-1.338 -1 -1.128 -1 -1.134 -1 -1.394 -1 2
-1.264 -1 -1.1 -1 -1.212 -1 -1.466 -1 29
-1.339 -1 -1.154 -1 -1.162 -1 -1.384 -1 2
-1.273 -1 -1.106 -1 -1.236 -1 -1.468 -1 40
-1.352 -1 -1.126 -1 -1.23 -1 -1.454 -1 32
-1.342 -1 -1.13 -1 -1.292 -1 -1.474 -1 43
-1.383 -1 -1.126 -1 -1.182 -1 -1.384 -1 16
-1.283 -1 -1.098 -1 -1.21 -1 -1.388 -1 32
-1.299 -1 -1.098 -1 -1.098 -1 -1.206 -1 1
-1.152 -1 -1.03 -1 -1.136 -1 -1.306 -1 27
-1.221 -1 -1.058 -1 -1.094 -1 -1.232 -1 9
-1.163 -1 -1.046 -1 -1.186 -1 -1.34 -1 41
-1.263 -1 -1.072 -1 -1.162 -1 -1.288 -1 32
-1.225 -1 -1.056 -1 -1.076 -1 -1.206 -1 5
-1.141 -1 -1.04 -1 -1.146 -1 -1.27 -1 33
-1.208 -1 -1.072 -1 -1.158 -1 -1.294 -1 32
-1.226 -1 -1.084 -1 -1.136 -1 -1.23 -1 19
-1.183 -1 -1.058 -1 -1.22 -1 -1.338 -1 48
-1.279 -1 -1.07 -1 -1.082 -1 -1.186 -1 4
-1.134 -1 -1.036 -1 -1.142 -1 -1.27 -1 32
-1.206 -1 -1.058 -1 -1.102 -1 -1.232 -1 15
-1.167 -1 -1.04 -1 -1.17 -1 -1.32 -1 43
-1.245 -1 -1.094 -1 -1.174 -1 -1.276 -1 25
-1.225 -1 -1.062 -1 -1.13 -1 -1.216 -1 23
-1.173 -1 -1.054 -1 -1.166 -1 -1.282 -1 32
-1.224 -1 -1.062 -1 -1.096 -1 -1.182 -1 8
-1.139 -1 -1.022 -1 -1.068 -1 -1.12 -1 13
-1.094 -1 -1.024 -1 -1.052 -1 -1.098 -1 6
-1.075 -1 -1.008 -1 -1.01 -1 -1.066 -1 2
-1.038 -1 -1.006 -1 -1.034 -1 -1.082 -1 9
-1.058 -1 -1.016 -1 -1.072 -1 -1.134 -1 14
-1.103 -1 -1.03 -1 -1.142 -1 -1.184 -1 30
-1.163 -1 -1.036 -1 -1.21 -1 -1.268 -1 45
-1.239 -1 -1.074 -1 -1.252 -1 -1.35 -1 49
-1.301 -1 -1.108 -1 -1.24 -1 -1.306 -1 46
-1.273 -1 -1.114 -1 -1.144 -1 -1.186 -1 13
-1.165 -1 -1.052 -1 -1.176 -1 -1.27 -1 45
-1.223 -1 -1.068 -1 -1.196 -1 -1.276 -1 36
-1.236 -1 -1.074 -1 -1.168 -1 -1.208 -1 21
-1.188 -1 -1.056 -1 -1.118 -1 -1.172 -1 17
-1.145 -1 -1.034 -1 -1.046 -1 -1.056 -1 3
-1.051 -1 -1 -1 -1.01 -1 -1.036 -1 2
-1.023 -1 -1.006 -1 -1.018 -1 -1.038 -1 2
-1.028 -1 -1.006 -1 -1.03 -1 -1.062 -1 7
-1.046 -1 -1.004 -1 -1.08 -1 -1.106 -1 22
-1.093 -1 -1.018 -1 -1.102 -1 -1.136 -1 25
-1.119 -1 -1.018 -1 -1.104 -1 -1.142 -1 29
-1.123 -1 -1.032 -1 -1.05 -1 -1.088 -1 10
-1.069 -1 -1.02 -1 -1.126 -1 -1.176 -1 27
-1.151 -1 -1.05 -1 -1.092 -1 -1.116 -1 12
-1.104 -1 -1.016 -1 -1.168 -1 -1.238 -1 46
-1.203 -1 -1.07 -1 -1.19 -1 -1.246 -1 37
-1.218 -1 -1.058 -1 -1.182 -1 -1.244 -1 25
-1.213 -1 -1.062 -1 -1.174 -1 -1.248 -1 37
-1.211 -1 -1.09 -1 -1.154 -1 -1.238 -1 18
-1.196 -1 -1.056 -1 -1.162 -1 -1.22 -1 31
-1.191 -1 -1.058 -1 -1.128 -1 -1.172 -1 17
-1.15 -1 -1.032 -1 -1.16 -1 -1.242 -1 36
-1.201 -1 -1.06 -1 -1.112 -1 -1.16 -1 19
-1.136 -1 -1.042 -1 -1.162 -1 -1.19 -1 34
-1.176 -1 -1.042 -1 -1.224 -1 -1.32 -1 49
-1.272 -1 -1.076 -1 -1.128 -1 -1.204 -1 15
-1.166 -1 -1.044 -1 -1.166 -1 -1.232 -1 37
-1.199 -1 -1.056 -1 -1.062 -1 -1.088 -1 3
-1.075 -1 -1.016 -1 -1.032 -1 -1.044 -1 5
-1.038 -1 -1.006 -1 -1.014 -1 -1.038 -1 2
-1.026 -1 -1.008 -1 -1.018 -1 -1.034 -1 2
-1.026 -1 -1.008 -1 -1.034 -1 -1.044 -1 6
-1.039 -1 -1.004 -1 -1.104 -1 -1.16 -1 29
-1.132 -1 -1.034 -1 -1.054 -1 -1.08 -1 7
-1.067 -1 -1.018 -1 -1.136 -1 -1.184 -1 40
-1.16 -1 -1.048 -1 -1.188 -1 -1.218 -1 38
-1.203 -1 -1.066 -1 -1.214 -1 -1.274 -1 41
-1.244 -1 -1.068 -1 -1.156 -1 -1.198 -1 24
-1.177 -1 -1.042 -1 -1.188 -1 -1.268 -1 46
-1.228 -1 -1.082 -1 -1.082 -1 -1.102 -1 0
-1.092 -1 -1.016 -1 -1.158 -1 -1.194 -1 45
-1.176 -1 -1.04 -1 -1.106 -1 -1.142 -1 16
-1.124 -1 -1.022 -1 -1.154 -1 -1.196 -1 34
-1.175 -1 -1.048 -1 -1.086 -1 -1.116 -1 12
-1.101 -1 -1.02 -1 -1.146 -1 -1.2 -1 36
-1.173 -1 -1.052 -1 -1.156 -1 -1.194 -1 34
-1.175 -1 -1.032 -1 -1.074 -1 -1.106 -1 14
-1.09 -1 -1.022 -1 -1.154 -1 -1.212 -1 37
-1.183 -1 -1.05 -1 -1.226 -1 -1.286 -1 47
-1.256 -1 -1.066 -1 -1.174 -1 -1.216 -1 28
-1.195 -1 -1.05 -1 -1.118 -1 -1.174 -1 25
-1.146 -1 -1.056 -1 -1.18 -1 -1.224 -1 37
-1.202 -1 -1.054 -1 -1.174 -1 -1.188 -1 35
-1.181 -1 -1.052 -1 -1.174 -1 -1.248 -1 39
-1.211 -1 -1.07 -1 -1.174 -1 -1.236 -1 47
-1.205 -1 -1.076 -1 -1.18 -1 -1.224 -1 35
-1.202 -1 -1.046 -1 -1.074 -1 -1.096 -1 6
-1.085 -1 -1.022 -1 -1.09 -1 -1.124 -1 21
-1.107 -1 -1.03 -1 -1.094 -1 -1.122 -1 19
-1.108 -1 -1.032 -1 -1.082 -1 -1.128 -1 14
-1.105 -1 -1.022 -1 -1.052 -1 -1.074 -1 13
-1.063 -1 -1.01 -1 -1.052 -1 -1.098 -1 12
-1.075 -1 -1.024 -1 -1.138 -1 -1.174 -1 33
-1.156 -1 -1.052 -1 -1.172 -1 -1.222 -1 33
-1.197 -1 -1.048 -1 -1.184 -1 -1.246 -1 42
-1.215 -1 -1.072 -1 -1.076 -1 -1.078 -1 1
-1.077 -1 -1.012 -1 -1.154 -1 -1.21 -1 46
-1.182 -1 -1.05 -1 -1.094 -1 -1.132 -1 13
-1.113 -1 -1.044 -1 -1.082 -1 -1.114 -1 12
-1.098 -1 -1.02 -1 -1.15 -1 -1.184 -1 35
-1.167 -1 -1.046 -1 -1.112 -1 -1.154 -1 20
-1.133 -1 -1.038 -1 -1.084 -1 -1.122 -1 11
-1.103 -1 -1.024 -1 -1.078 -1 -1.122 -1 21
-1.1 -1 -1.04 -1 -1.06 -1 -1.082 -1 5
-1.071 -1 -1.016 -1 -1.1 -1 -1.164 -1 26
-1.132 -1 -1.042 -1 -1.116 -1 -1.136 -1 18
-1.126 -1 -1.028 -1 -1.076 -1 -1.106 -1 11
-1.091 -1 -1.02 -1 -1.04 -1 -1.062 -1 5
-1.051 -1 -1.018 -1 -1.08 -1 -1.102 -1 19
-1.091 -1 -1.024 -1 -1.1 -1 -1.124 -1 26
-1.112 -1 -1.034 -1 -1.134 -1 -1.19 -1 33
-1.162 -1 -1.05 -1 -1.136 -1 -1.198 -1 21
-1.167 -1 -1.062 -1 -1.134 -1 -1.172 -1 20
-1.153 -1 -1.044 -1 -1.228 -1 -1.276 -1 47
-1.252 -1 -1.084 -1 -1.132 -1 -1.172 -1 12
-1.152 -1 -1.034 -1 -1.172 -1 -1.218 -1 32
-1.195 -1 -1.048 -1 -1.096 -1 -1.13 -1 12
-1.113 -1 -1.038 -1 -1.08 -1 -1.092 -1 9
-1.086 -1 -1.01 -1 -1.018 -1 -1.03 -1 1
-1.024 -1 -1.004 -1 -1.118 -1 -1.16 -1 37
-1.139 -1 -1.044 -1 -1.14 -1 -1.19 -1 35
-1.165 -1 -1.046 -1 -1.062 -1 -1.096 -1 4
-1.079 -1 -1.026 -1 -1.196 -1 -1.254 -1 38
-1.225 -1 -1.072 -1 -1.138 -1 -1.168 -1 18
-1.153 -1 -1.036 -1 -1.134 -1 -1.168 -1 28
-1.151 -1 -1.044 -1 -1.132 -1 -1.182 -1 27
-1.157 -1 -1.048 -1 -1.19 -1 -1.23 -1 39
-1.21 -1 -1.07 -1 -1.074 -1 -1.094 -1 1
-1.084 -1 -1.01 -1 -1.064 -1 -1.08 -1 16
-1.072 -1 -1.02 -1 -1.144 -1 -1.18 -1 39
-1.162 -1 -1.056 -1 -1.154 -1 -1.194 -1 23
-1.174 -1 -1.042 -1 -1.168 -1 -1.234 -1 35
-1.201 -1 -1.058 -1 -1.112 -1 -1.13 -1 17
-1.121 -1 -1.022 -1 -1.022 -1 -1.046 -1 1
-1.034 -1 -1.004 -1 -1.08 -1 -1.106 -1 22
-1.093 -1 -1.024 -1 -1.086 -1 -1.118 -1 19
-1.102 -1 -1.026 -1 -1.126 -1 -1.172 -1 32
-1.149 -1 -1.044 -1 -1.166 -1 -1.214 -1 38
-1.19 -1 -1.06 -1 -1.224 -1 -1.286 -1 46
-1.255 -1 -1.08 -1 -1.12 -1 -1.148 -1 16
-1.134 -1 -1.034 -1 -1.064 -1 -1.082 -1 11
-1.073 -1 -1.016 -1 -1.106 -1 -1.144 -1 29
-1.125 -1 -1.038 -1 -1.086 -1 -1.098 -1 13
-1.092 -1 -1.014 -1 -1.076 -1 -1.102 -1 14
-1.089 -1 -1.024 -1 -1.038 -1 -1.04 -1 3
-1.039 -1 -1.002 -1 -1.148 -1 -1.184 -1 36
-1.166 -1 -1.052 -1 -1.104 -1 -1.14 -1 20
-1.122 -1 -1.028 -1 -1.082 -1 -1.106 -1 15
-1.094 -1 -1.022 -1 -1.102 -1 -1.128 -1 22
-1.115 -1 -1.022 -1 -1.148 -1 -1.194 -1 43
-1.171 -1 -1.054 -1 -1.142 -1 -1.18 -1 27
-1.161 -1 -1.048 -1 -1.184 -1 -1.254 -1 40
-1.219 -1 -1.052 -1 -1.052 -1 -1.064 -1 0
-1.058 -1 -1.01 -1 -1.048 -1 -1.074 -1 14
-1.061 -1 -1.024 -1 -1.062 -1 -1.074 -1 12
-1.068 -1 -1.016 -1 -1.04 -1 -1.06 -1 7
-1.05 -1 -1.014 -1 -1.186 -1 -1.254 -1 48
-1.22 -1 -1.07 -1 -1.118 -1 -1.162 -1 18
-1.14 -1 -1.046 -1 -1.07 -1 -1.098 -1 7
-1.084 -1 -1.02 -1 -1.178 -1 -1.234 -1 42
-1.206 -1 -1.058 -1 -1.118 -1 -1.138 -1 17
-1.128 -1 -1.022 -1 -1.144 -1 -1.198 -1 40
-1.171 -1 -1.044 -1 -1.102 -1 -1.128 -1 14
-1.115 -1 -1.028 -1 -1.172 -1 -1.232 -1 49
-1.202 -1 -1.064 -1 -1.154 -1 -1.186 -1 21
-1.17 -1 -1.044 -1 -1.106 -1 -1.148 -1 18
-1.127 -1 -1.032 -1 -1.06 -1 -1.078 -1 6
-1.069 -1 -1.016 -1 -1.138 -1 -1.2 -1 34
-1.169 -1 -1.046 -1 -1.21 -1 -1.242 -1 45
-1.226 -1 -1.06 -1 -1.138 -1 -1.172 -1 22
-1.155 -1 -1.03 -1 -1.146 -1 -1.204 -1 37
-1.175 -1 -1.04 -1 -1.07 -1 -1.1 -1 7
-1.085 -1 -1.014 -1 -1.16 -1 -1.212 -1 48
-1.186 -1 -1.046 -1 -1.118 -1 -1.16 -1 25
-1.139 -1 -1.036 -1 -1.13 -1 -1.174 -1 30
-1.152 -1 -1.044 -1 -1.062 -1 -1.1 -1 7
-1.081 -1 -1.014 -1 -1.17 -1 -1.216 -1 41
-1.193 -1 -1.038 -1 -1.118 -1 -1.148 -1 20
-1.133 -1 -1.028 -1 -1.134 -1 -1.162 -1 29
-1.148 -1 -1.044 -1 -1.198 -1 -1.252 -1 43
-1.225 -1 -1.066 -1 -1.168 -1 -1.204 -1 33
-1.186 -1 -1.066 -1 -1.124 -1 -1.158 -1 13
-1.141 -1 -1.038 -1 -1.068 -1 -1.088 -1 7
-1.078 -1 -1.016 -1 -1.176 -1 -1.224 -1 49
-1.2 -1 -1.06 -1 -1.198 -1 -1.244 -1 41
-1.221 -1 -1.058 -1 -1.162 -1 -1.22 -1 27
-1.191 -1 -1.064 -1 -1.172 -1 -1.22 -1 33
-1.196 -1 -1.06 -1 -1.106 -1 -1.138 -1 12
-1.122 -1 -1.034 -1 -1.048 -1 -1.07 -1 4
-1.059 -1 -1.008 -1 -1.038 -1 -1.07 -1 8
-1.054 -1 -1.016 -1 -1.174 -1 -1.232 -1 46
-1.203 -1 -1.076 -1 -1.198 -1 -1.238 -1 32
-1.218 -1 -1.048 -1 -1.098 -1 -1.122 -1 13
-1.11 -1 -1.024 -1 -1.15 -1 -1.202 -1 36
-1.176 -1 -1.052 -1 -1.156 -1 -1.218 -1 23
-1.187 -1 -1.04 -1 -1.138 -1 -1.18 -1 27
-1.159 -1 -1.036 -1 -1.062 -1 -1.084 -1 7
-1.073 -1 -1.014 -1 -1.06 -1 -1.096 -1 16
-1.078 -1 -1.018 -1 -1.106 -1 -1.164 -1 24
-1.135 -1 -1.044 -1 -1.152 -1 -1.198 -1 29
-1.175 -1 -1.038 -1 -1.164 -1 -1.214 -1 31
-1.189 -1 -1.056 -1 -1.24 -1 -1.318 -1 48
-1.279 -1 -1.078 -1 -1.164 -1 -1.2 -1 30
-1.182 -1 -1.03 -1 -1.042 -1 -1.068 -1 4
-1.055 -1 -1.014 -1 -1.154 -1 -1.208 -1 42
-1.181 -1 -1.068 -1 -1.208 -1 -1.288 -1 48
-1.248 -1 -1.078 -1 -1.088 -1 -1.108 -1 2
-1.098 -1 -1.02 -1 -1.178 -1 -1.228 -1 44
-1.203 -1 -1.054 -1 -1.054 -1 -1.07 -1 0
-1.062 -1 -1.01 -1 -1.11 -1 -1.162 -1 31
-1.136 -1 -1.048 -1 -1.14 -1 -1.178 -1 27
-1.159 -1 -1.048 -1 -1.142 -1 -1.192 -1 32
-1.167 -1 -1.066 -1 -1.096 -1 -1.142 -1 10
-1.119 -1 -1.04 -1 -1.102 -1 -1.134 -1 17
-1.118 -1 -1.038 -1 -1.124 -1 -1.148 -1 20
-1.136 -1 -1.028 -1 -1.174 -1 -1.212 -1 46
-1.193 -1 -1.064 -1 -1.158 -1 -1.198 -1 33
-1.178 -1 -1.05 -1 -1.122 -1 -1.156 -1 17
-1.139 -1 -1.04 -1 -1.178 -1 -1.246 -1 39
-1.212 -1 -1.07 -1 -1.078 -1 -1.082 -1 3
-1.08 -1 -1.022 -1 -1.196 -1 -1.248 -1 43
-1.222 -1 -1.064 -1 -1.088 -1 -1.126 -1 7
-1.107 -1 -1.028 -1 -1.05 -1 -1.076 -1 5
-1.063 -1 -1.016 -1 -1.072 -1 -1.1 -1 17
-1.086 -1 -1.02 -1 -1.092 -1 -1.138 -1 21
-1.115 -1 -1.036 -1 -1.12 -1 -1.164 -1 21
-1.142 -1 -1.044 -1 -1.202 -1 -1.272 -1 46
-1.237 -1 -1.078 -1 -1.08 -1 -1.09 -1 2
-1.085 -1 -1.02 -1 -1.126 -1 -1.168 -1 31
-1.147 -1 -1.042 -1 -1.118 -1 -1.148 -1 20
-1.133 -1 -1.032 -1 -1.142 -1 -1.186 -1 27
-1.164 -1 -1.054 -1 -1.086 -1 -1.126 -1 8
-1.106 -1 -1.02 -1 -1.05 -1 -1.074 -1 7
-1.062 -1 -1.012 -1 -1.024 -1 -1.032 -1 5
-1.028 -1 -1.006 -1 -1.086 -1 -1.116 -1 21
-1.101 -1 -1.028 -1 -1.158 -1 -1.184 -1 36
-1.171 -1 -1.054 -1 -1.084 -1 -1.108 -1 10
-1.096 -1 -1.016 -1 -1.122 -1 -1.172 -1 29
-1.147 -1 -1.044 -1 -1.13 -1 -1.172 -1 26
-1.151 -1 -1.036 -1 -1.102 -1 -1.164 -1 19
-1.133 -1 -1.036 -1 -1.206 -1 -1.248 -1 44
-1.227 -1 -1.064 -1 -1.088 -1 -1.104 -1 9
-1.096 -1 -1.026 -1 -1.026 -1 -1.042 -1 0
-1.034 -1 -1.006 -1 -1.154 -1 -1.216 -1 35
-1.185 -1 -1.058 -1 -1.084 -1 -1.106 -1 6
-1.095 -1 -1.016 -1 -1.122 -1 -1.158 -1 29
-1.14 -1 -1.038 -1 -1.058 -1 -1.074 -1 7
-1.066 -1 -1.008 -1 -1.136 -1 -1.176 -1 37
-1.156 -1 -1.05 -1 -1.214 -1 -1.28 -1 45
-1.247 -1 -1.088 -1 -1.176 -1 -1.22 -1 25
-1.198 -1 -1.054 -1 -1.06 -1 -1.066 -1 6
-1.063 -1 -1.01 -1 -1.122 -1 -1.176 -1 29
-1.149 -1 -1.064 -1 -1.172 -1 -1.238 -1 33
-1.205 -1 -1.062 -1 -1.128 -1 -1.16 -1 27
-1.144 -1 -1.028 -1 -1.052 -1 -1.076 -1 8
-1.064 -1 -1.012 -1 -1.172 -1 -1.234 -1 41
-1.203 -1 -1.056 -1 -1.16 -1 -1.188 -1 34
-1.174 -1 -1.038 -1 -1.132 -1 -1.206 -1 31
-1.169 -1 -1.058 -1 -1.066 -1 -1.106 -1 4
-1.086 -1 -1.022 -1 -1.166 -1 -1.234 -1 39
-1.2 -1 -1.066 -1 -1.198 -1 -1.27 -1 36
-1.234 -1 -1.074 -1 -1.254 -1 -1.3 -1 49
-1.277 -1 -1.086 -1 -1.096 -1 -1.124 -1 4
-1.11 -1 -1.026 -1 -1.096 -1 -1.108 -1 20
-1.102 -1 -1.02 -1 -1.1 -1 -1.118 -1 22
-1.109 -1 -1.026 -1 -1.072 -1 -1.096 -1 18
-1.084 -1 -1.02 -1 -1.136 -1 -1.168 -1 34
-1.152 -1 -1.05 -1 -1.14 -1 -1.168 -1 25
-1.154 -1 -1.044 -1 -1.066 -1 -1.082 -1 7
-1.074 -1 -1.018 -1 -1.174 -1 -1.242 -1 42
-1.208 -1 -1.066 -1 -1.096 -1 -1.116 -1 5
-1.106 -1 -1.024 -1 -1.184 -1 -1.256 -1 45
-1.22 -1 -1.094 -1 -1.252 -1 -1.308 -1 45
-1.28 -1 -1.082 -1 -1.092 -1 -1.122 -1 4
-1.107 -1 -1.028 -1 -1.036 -1 -1.048 -1 2
-1.042 -1 -1.008 -1 -1.054 -1 -1.064 -1 12
-1.059 -1 -1.01 -1 -1.138 -1 -1.19 -1 39
-1.164 -1 -1.044 -1 -1.124 -1 -1.158 -1 23
-1.141 -1 -1.048 -1 -1.206 -1 -1.266 -1 46
-1.236 -1 -1.068 -1 -1.172 -1 -1.214 -1 30
-1.193 -1 -1.048 -1 -1.074 -1 -1.092 -1 8
-1.083 -1 -1.014 -1 -1.142 -1 -1.176 -1 37
-1.159 -1 -1.06 -1 -1.09 -1 -1.11 -1 8
-1.1 -1 -1.02 -1 -1.084 -1 -1.114 -1 22
-1.099 -1 -1.03 -1 -1.174 -1 -1.234 -1 43
-1.204 -1 -1.046 -1 -1.136 -1 -1.182 -1 23
-1.159 -1 -1.044 -1 -1.14 -1 -1.196 -1 26
-1.168 -1 -1.05 -1 -1.072 -1 -1.09 -1 7
-1.081 -1 -1.02 -1 -1.042 -1 -1.058 -1 7
-1.05 -1 -1.01 -1 -1.108 -1 -1.146 -1 26
-1.127 -1 -1.034 -1 -1.066 -1 -1.078 -1 6
-1.072 -1 -1.018 -1 -1.174 -1 -1.196 -1 46
-1.185 -1 -1.05 -1 -1.116 -1 -1.142 -1 20
-1.129 -1 -1.032 -1 -1.146 -1 -1.182 -1 34
-1.164 -1 -1.036 -1 -1.038 -1 -1.054 -1 1
-1.046 -1 -1.008 -1 -1.008 -1 -1.02 -1 0
-1.014 -1 -1.006 -1 -1.156 -1 -1.232 -1 43
-1.194 -1 -1.072 -1 -1.18 -1 -1.208 -1 31
-1.194 -1 -1.048 -1 -1.156 -1 -1.192 -1 32
-1.174 -1 -1.04 -1 -1.102 -1 -1.138 -1 24
-1.12 -1 -1.03 -1 -1.172 -1 -1.204 -1 40
-1.188 -1 -1.054 -1 -1.194 -1 -1.244 -1 42
-1.219 -1 -1.064 -1 -1.146 -1 -1.18 -1 26
-1.163 -1 -1.046 -1 -1.124 -1 -1.148 -1 20
-1.136 -1 -1.028 -1 -1.13 -1 -1.158 -1 31
-1.144 -1 -1.05 -1 -1.118 -1 -1.12 -1 23
-1.119 -1 -1.036 -1 -1.08 -1 -1.108 -1 11
-1.094 -1 -1.018 -1 -1.082 -1 -1.114 -1 17
-1.098 -1 -1.028 -1 -1.15 -1 -1.168 -1 34
-1.159 -1 -1.028 -1 -1.146 -1 -1.182 -1 32
-1.164 -1 -1.034 -1 -1.034 -1 -1.04 -1 0
-1.037 -1 -1.004 -1 -1.128 -1 -1.182 -1 39
-1.155 -1 -1.06 -1 -1.08 -1 -1.1 -1 7
-1.09 -1 -1.012 -1 -1.044 -1 -1.068 -1 7
-1.056 -1 -1.018 -1 -1.202 -1 -1.274 -1 48
-1.238 -1 -1.076 -1 -1.136 -1 -1.19 -1 19
-1.163 -1 -1.042 -1 -1.18 -1 -1.216 -1 42
-1.198 -1 -1.038 -1 -1.162 -1 -1.2 -1 38
-1.181 -1 -1.066 -1 -1.142 -1 -1.17 -1 21
-1.156 -1 -1.056 -1 -1.17 -1 -1.214 -1 38
-1.192 -1 -1.058 -1 -1.174 -1 -1.214 -1 34
-1.194 -1 -1.06 -1 -1.166 -1 -1.216 -1 30
-1.191 -1 -1.052 -1 -1.172 -1 -1.22 -1 33
-1.196 -1 -1.05 -1 -1.174 -1 -1.222 -1 41
-1.198 -1 -1.06 -1 -1.064 -1 -1.084 -1 1
-1.074 -1 -1.022 -1 -1.196 -1 -1.254 -1 49
-1.225 -1 -1.068 -1 -1.076 -1 -1.1 -1 2
-1.088 -1 -1.014 -1 -1.07 -1 -1.1 -1 19
-1.085 -1 -1.018 -1 -1.12 -1 -1.168 -1 38
-1.144 -1 -1.034 -1 -1.034 -1 -1.044 -1 0
-1.039 -1 -1.004 -1 -1.036 -1 -1.05 -1 8
-1.043 -1 -1.01 -1 -1.15 -1 -1.188 -1 36
-1.169 -1 -1.046 -1 -1.174 -1 -1.22 -1 28
-1.197 -1 -1.052 -1 -1.184 -1 -1.248 -1 45
-1.216 -1 -1.06 -1 -1.13 -1 -1.164 -1 23
-1.147 -1 -1.048 -1 -1.17 -1 -1.222 -1 37
-1.196 -1 -1.056 -1 -1.104 -1 -1.14 -1 14
-1.122 -1 -1.032 -1 -1.156 -1 -1.198 -1 34
-1.177 -1 -1.042 -1 -1.048 -1 -1.072 -1 2
-1.06 -1 -1.01 -1 -1.178 -1 -1.24 -1 48
-1.209 -1 -1.082 -1 -1.102 -1 -1.146 -1 7
-1.124 -1 -1.038 -1 -1.184 -1 -1.234 -1 46
-1.209 -1 -1.074 -1 -1.15 -1 -1.202 -1 19
-1.176 -1 -1.05 -1 -1.112 -1 -1.15 -1 17
-1.131 -1 -1.042 -1 -1.2 -1 -1.252 -1 35
-1.226 -1 -1.064 -1 -1.16 -1 -1.194 -1 26
-1.177 -1 -1.058 -1 -1.114 -1 -1.146 -1 19
-1.13 -1 -1.034 -1 -1.16 -1 -1.206 -1 34
-1.183 -1 -1.054 -1 -1.152 -1 -1.198 -1 28
-1.175 -1 -1.054 -1 -1.196 -1 -1.258 -1 40
-1.227 -1 -1.058 -1 -1.104 -1 -1.138 -1 12
-1.121 -1 -1.026 -1 -1.04 -1 -1.054 -1 4
-1.047 -1 -1.008 -1 -1.056 -1 -1.082 -1 14
-1.069 -1 -1.022 -1 -1.076 -1 -1.102 -1 18
-1.089 -1 -1.022 -1 -1.022 -1 -1.052 -1 0
-1.037 -1 -1.016 -1 -1.114 -1 -1.136 -1 22
-1.125 -1 -1.042 -1 -1.206 -1 -1.28 -1 43
-1.243 -1 -1.084 -1 -1.194 -1 -1.264 -1 32
-1.229 -1 -1.074 -1 -1.164 -1 -1.198 -1 30
-1.181 -1 -1.052 -1 -1.058 -1 -1.086 -1 1
-1.072 -1 -1.02 -1 -1.178 -1 -1.222 -1 47
-1.2 -1 -1.064 -1 -1.23 -1 -1.318 -1 48
-1.274 -1 -1.098 -1 -1.126 -1 -1.17 -1 7
-1.148 -1 -1.054 -1 -1.16 -1 -1.196 -1 30
-1.178 -1 -1.056 -1 -1.098 -1 -1.136 -1 15
-1.117 -1 -1.042 -1 -1.102 -1 -1.126 -1 16
-1.114 -1 -1.016 -1 -1.156 -1 -1.194 -1 43
-1.175 -1 -1.07 -1 -1.112 -1 -1.148 -1 13
-1.13 -1 -1.03 -1 -1.034 -1 -1.052 -1 1
-1.043 -1 -1.006 -1 -1.062 -1 -1.094 -1 11
-1.078 -1 -1.016 -1 -1.016 -1 -1.02 -1 0
-1.018 -1 -1 -1 -1.112 -1 -1.136 -1 43
-1.124 -1 -1.036 -1 -1.166 -1 -1.198 -1 43
-1.182 -1 -1.076 -1 -1.214 -1 -1.3 -1 43
-1.257 -1 -1.094 -1 -1.19 -1 -1.228 -1 31
-1.209 -1 -1.07 -1 -1.172 -1 -1.218 -1 29
-1.195 -1 -1.036 -1 -1.108 -1 -1.14 -1 20
-1.124 -1 -1.026 -1 -1.066 -1 -1.088 -1 13
-1.077 -1 -1.02 -1 -1.138 -1 -1.184 -1 31
-1.161 -1 -1.05 -1 -1.064 -1 -1.09 -1 5
-1.077 -1 -1.016 -1 -1.142 -1 -1.198 -1 32
-1.17 -1 -1.054 -1 -1.144 -1 -1.186 -1 20
-1.165 -1 -1.048 -1 -1.138 -1 -1.182 -1 28
-1.16 -1 -1.056 -1 -1.184 -1 -1.238 -1 37
-1.211 -1 -1.058 -1 -1.12 -1 -1.144 -1 20
-1.132 -1 -1.022 -1 -1.176 -1 -1.214 -1 48
-1.195 -1 -1.052 -1 -1.076 -1 -1.094 -1 7
-1.085 -1 -1.02 -1 -1.144 -1 -1.198 -1 31
-1.171 -1 -1.054 -1 -1.156 -1 -1.198 -1 30
-1.177 -1 -1.058 -1 -1.082 -1 -1.106 -1 9
-1.094 -1 -1.024 -1 -1.034 -1 -1.066 -1 3
-1.05 -1 -1.014 -1 -1.064 -1 -1.092 -1 18
-1.078 -1 -1.014 -1 -1.202 -1 -1.24 -1 49
-1.221 -1 -1.066 -1 -1.17 -1 -1.254 -1 30
-1.212 -1 -1.07 -1 -1.082 -1 -1.104 -1 6
-1.093 -1 -1.02 -1 -1.084 -1 -1.09 -1 14
-1.087 -1 -1.014 -1 -1.038 -1 -1.058 -1 8
-1.048 -1 -1.016 -1 -1.068 -1 -1.084 -1 19
-1.076 -1 -1.02 -1 -1.044 -1 -1.066 -1 10
-1.055 -1 -1.014 -1 -1.116 -1 -1.148 -1 31
-1.132 -1 -1.032 -1 -1.1 -1 -1.136 -1 21
-1.118 -1 -1.032 -1 -1.094 -1 -1.112 -1 19
-1.103 -1 -1.026 -1 -1.084 -1 -1.126 -1 15
-1.105 -1 -1.024 -1 -1.188 -1 -1.238 -1 45
-1.213 -1 -1.074 -1 -1.096 -1 -1.126 -1 7
-1.111 -1 -1.022 -1 -1.048 -1 -1.066 -1 9
-1.057 -1 -1.012 -1 -1.142 -1 -1.192 -1 28
-1.167 -1 -1.056 -1 -1.078 -1 -1.104 -1 8
-1.091 -1 -1.01 -1 -1.042 -1 -1.064 -1 6
-1.053 -1 -1.016 -1 -1.146 -1 -1.196 -1 46
-1.171 -1 -1.056 -1 -1.104 -1 -1.14 -1 14
-1.122 -1 -1.024 -1 -1.158 -1 -1.202 -1 40
-1.18 -1 -1.048 -1 -1.214 -1 -1.27 -1 42
-1.242 -1 -1.068 -1 -1.166 -1 -1.176 -1 24
-1.171 -1 -1.02 -1 -1.126 -1 -1.152 -1 32
-1.139 -1 -1.032 -1 -1.07 -1 -1.094 -1 9
-1.082 -1 -1.008 -1 -1.136 -1 -1.178 -1 31
-1.157 -1 -1.042 -1 -1.122 -1 -1.164 -1 21
-1.143 -1 -1.036 -1 -1.036 -1 -1.066 -1 0
-1.051 -1 -1.008 -1 -1.104 -1 -1.164 -1 31
-1.134 -1 -1.042 -1 -1.116 -1 -1.156 -1 21
-1.136 -1 -1.034 -1 -1.082 -1 -1.122 -1 15
-1.102 -1 -1.034 -1 -1.162 -1 -1.198 -1 30
-1.18 -1 -1.046 -1 -1.088 -1 -1.122 -1 11
-1.105 -1 -1.026 -1 -1.092 -1 -1.14 -1 21
-1.116 -1 -1.034 -1 -1.194 -1 -1.246 -1 44
-1.22 -1 -1.058 -1 -1.074 -1 -1.096 -1 4
-1.085 -1 -1.026 -1 -1.178 -1 -1.246 -1 38
-1.212 -1 -1.056 -1 -1.148 -1 -1.206 -1 23
-1.177 -1 -1.058 -1 -1.14 -1 -1.174 -1 24
-1.157 -1 -1.042 -1 -1.138 -1 -1.2 -1 31
-1.169 -1 -1.048 -1 -1.222 -1 -1.276 -1 48
-1.249 -1 -1.078 -1 -1.188 -1 -1.244 -1 33
-1.216 -1 -1.076 -1 -1.122 -1 -1.15 -1 15
-1.136 -1 -1.026 -1 -1.142 -1 -1.19 -1 31
-1.166 -1 -1.042 -1 -1.114 -1 -1.174 -1 22
-1.144 -1 -1.046 -1 -1.192 -1 -1.262 -1 43
-1.227 -1 -1.066 -1 -1.162 -1 -1.186 -1 27
-1.174 -1 -1.038 -1 -1.192 -1 -1.268 -1 48
-1.23 -1 -1.052 -1 -1.112 -1 -1.188 -1 23
-1.15 -1 -1.046 -1 -1.056 -1 -1.086 -1 6
-1.071 -1 -1.014 -1 -1.176 -1 -1.234 -1 48
-1.205 -1 -1.078 -1 -1.168 -1 -1.248 -1 27
-1.208 -1 -1.064 -1 -1.234 -1 -1.312 -1 47
-1.273 -1 -1.088 -1 -1.276 -1 -1.364 -1 48
-1.32 -1 -1.094 -1 -1.138 -1 -1.182 -1 15
-1.16 -1 -1.04 -1 -1.04 -1 -1.072 -1 0
-1.056 -1 -1.012 -1 -1.148 -1 -1.232 -1 45
-1.19 -1 -1.072 -1 -1.114 -1 -1.16 -1 13
-1.137 -1 -1.03 -1 -1.084 -1 -1.138 -1 15
-1.111 -1 -1.03 -1 -1.162 -1 -1.21 -1 39
-1.186 -1 -1.042 -1 -1.142 -1 -1.19 -1 27
-1.166 -1 -1.04 -1 -1.178 -1 -1.256 -1 45
-1.217 -1 -1.07 -1 -1.192 -1 -1.258 -1 26
-1.225 -1 -1.078 -1 -1.132 -1 -1.162 -1 16
-1.147 -1 -1.038 -1 -1.066 -1 -1.09 -1 7
-1.078 -1 -1.018 -1 -1.058 -1 -1.096 -1 14
-1.077 -1 -1.022 -1 -1.146 -1 -1.194 -1 35
-1.17 -1 -1.05 -1 -1.1 -1 -1.134 -1 14
-1.117 -1 -1.036 -1 -1.082 -1 -1.11 -1 13
-1.096 -1 -1.02 -1 -1.034 -1 -1.052 -1 3
-1.043 -1 -1.008 -1 -1.08 -1 -1.106 -1 16
-1.093 -1 -1.022 -1 -1.034 -1 -1.052 -1 4
-1.043 -1 -1.01 -1 -1.142 -1 -1.17 -1 35
-1.156 -1 -1.042 -1 -1.156 -1 -1.22 -1 31
-1.188 -1 -1.062 -1 -1.14 -1 -1.17 -1 19
-1.155 -1 -1.05 -1 -1.18 -1 -1.242 -1 47
-1.211 -1 -1.07 -1 -1.128 -1 -1.19 -1 15
-1.159 -1 -1.052 -1 -1.152 -1 -1.208 -1 27
-1.18 -1 -1.07 -1 -1.15 -1 -1.19 -1 26
-1.17 -1 -1.052 -1 -1.206 -1 -1.266 -1 48
-1.236 -1 -1.072 -1 -1.168 -1 -1.208 -1 32
-1.188 -1 -1.066 -1 -1.222 -1 -1.278 -1 41
-1.25 -1 -1.07 -1 -1.088 -1 -1.096 -1 6
-1.092 -1 -1.012 -1 -1.03 -1 -1.042 -1 7
-1.036 -1 -1.01 -1 -1.014 -1 -1.026 -1 1
-1.02 -1 -1.006 -1 -1.16 -1 -1.226 -1 44
-1.193 -1 -1.074 -1 -1.204 -1 -1.248 -1 36
-1.226 -1 -1.076 -1 -1.19 -1 -1.254 -1 38
-1.222 -1 -1.08 -1 -1.176 -1 -1.226 -1 27
-1.201 -1 -1.056 -1 -1.072 -1 -1.09 -1 4
-1.081 -1 -1.016 -1 -1.044 -1 -1.062 -1 12
-1.053 -1 -1.006 -1 -1.084 -1 -1.122 -1 22
-1.103 -1 -1.03 -1 -1.076 -1 -1.1 -1 12
-1.088 -1 -1.036 -1 -1.09 -1 -1.112 -1 14
-1.101 -1 -1.034 -1 -1.11 -1 -1.124 -1 21
-1.117 -1 -1.02 -1 -1.084 -1 -1.102 -1 16
-1.093 -1 -1.01 -1 -1.136 -1 -1.178 -1 37
-1.157 -1 -1.032 -1 -1.032 -1 -1.038 -1 0
-1.035 -1 -1.004 -1 -1.1 -1 -1.122 -1 33
-1.111 -1 -1.02 -1 -1.13 -1 -1.18 -1 35
-1.155 -1 -1.054 -1 -1.206 -1 -1.27 -1 49
-1.238 -1 -1.086 -1 -1.19 -1 -1.262 -1 32
-1.226 -1 -1.078 -1 -1.12 -1 -1.18 -1 12
-1.15 -1 -1.054 -1 -1.108 -1 -1.144 -1 14
-1.126 -1 -1.028 -1 -1.156 -1 -1.188 -1 37
-1.172 -1 -1.046 -1 -1.05 -1 -1.09 -1 1
-1.07 -1 -1.018 -1 -1.098 -1 -1.13 -1 21
-1.114 -1 -1.018 -1 -1.062 -1 -1.118 -1 14
-1.09 -1 -1.032 -1 -1.038 -1 -1.052 -1 2
-1.045 -1 -1.004 -1 -1.102 -1 -1.144 -1 23
-1.123 -1 -1.04 -1 -1.152 -1 -1.184 -1 40
-1.168 -1 -1.044 -1 -1.146 -1 -1.188 -1 32
-1.167 -1 -1.048 -1 -1.2 -1 -1.274 -1 43
-1.237 -1 -1.066 -1 -1.232 -1 -1.274 -1 48
-1.253 -1 -1.088 -1 -1.146 -1 -1.2 -1 23
-1.173 -1 -1.046 -1 -1.088 -1 -1.126 -1 12
-1.107 -1 -1.024 -1 -1.048 -1 -1.066 -1 7
-1.057 -1 -1.014 -1 -1.106 -1 -1.14 -1 27
-1.123 -1 -1.04 -1 -1.19 -1 -1.232 -1 35
-1.211 -1 -1.06 -1 -1.138 -1 -1.19 -1 19
-1.164 -1 -1.044 -1 -1.182 -1 -1.254 -1 38
-1.218 -1 -1.056 -1 -1.088 -1 -1.108 -1 11
-1.098 -1 -1.014 -1 -1.116 -1 -1.154 -1 29
-1.135 -1 -1.04 -1 -1.066 -1 -1.09 -1 9
-1.078 -1 -1.018 -1 -1.152 -1 -1.194 -1 34
-1.173 -1 -1.06 -1 -1.088 -1 -1.138 -1 9
-1.113 -1 -1.032 -1 -1.132 -1 -1.17 -1 28
-1.151 -1 -1.026 -1 -1.166 -1 -1.236 -1 38
-1.201 -1 -1.062 -1 -1.18 -1 -1.234 -1 33
-1.207 -1 -1.062 -1 -1.07 -1 -1.078 -1 2
-1.074 -1 -1.004 -1 -1.1 -1 -1.156 -1 29
-1.128 -1 -1.04 -1 -1.126 -1 -1.168 -1 30
-1.147 -1 -1.04 -1 -1.134 -1 -1.196 -1 24
-1.165 -1 -1.048 -1 -1.102 -1 -1.138 -1 16
-1.12 -1 -1.028 -1 -1.096 -1 -1.146 -1 23
-1.121 -1 -1.036 -1 -1.23 -1 -1.274 -1 48
-1.252 -1 -1.086 -1 -1.232 -1 -1.316 -1 44
-1.274 -1 -1.1 -1 -1.174 -1 -1.232 -1 25
-1.203 -1 -1.056 -1 -1.136 -1 -1.18 -1 25
-1.158 -1 -1.034 -1 -1.192 -1 -1.248 -1 38
-1.22 -1 -1.052 -1 -1.18 -1 -1.236 -1 39
-1.208 -1 -1.06 -1 -1.072 -1 -1.096 -1 6
-1.084 -1 -1.01 -1 -1.166 -1 -1.222 -1 45
-1.194 -1 -1.074 -1 -1.11 -1 -1.146 -1 11
-1.128 -1 -1.022 -1 -1.108 -1 -1.136 -1 24
-1.122 -1 -1.032 -1 -1.188 -1 -1.254 -1 43
-1.221 -1 -1.064 -1 -1.216 -1 -1.298 -1 47
-1.257 -1 -1.086 -1 -1.242 -1 -1.296 -1 39
-1.269 -1 -1.074 -1 -1.124 -1 -1.2 -1 17
-1.162 -1 -1.062 -1 -1.142 -1 -1.176 -1 21
-1.159 -1 -1.036 -1 -1.116 -1 -1.152 -1 26
-1.134 -1 -1.026 -1 -1.026 -1 -1.04 -1 0
-1.033 -1 -1 -1 -1.108 -1 -1.138 -1 34
-1.123 -1 -1.018 -1 -1.114 -1 -1.158 -1 30
-1.136 -1 -1.04 -1 -1.152 -1 -1.186 -1 30
-1.169 -1 -1.038 -1 -1.046 -1 -1.09 -1 3
-1.068 -1 -1.018 -1 -1.188 -1 -1.242 -1 47
-1.215 -1 -1.054 -1 -1.054 -1 -1.08 -1 0
-1.067 -1 -1.01 -1 -1.136 -1 -1.18 -1 39
-1.158 -1 -1.044 -1 -1.078 -1 -1.11 -1 9
-1.094 -1 -1.026 -1 -1.082 -1 -1.126 -1 20
-1.104 -1 -1.032 -1 -1.146 -1 -1.19 -1 29
-1.168 -1 -1.044 -1 -1.058 -1 -1.088 -1 3
-1.073 -1 -1.012 -1 -1.152 -1 -1.214 -1 42
-1.183 -1 -1.07 -1 -1.158 -1 -1.232 -1 30
-1.195 -1 -1.086 -1 -1.184 -1 -1.246 -1 30
-1.215 -1 -1.064 -1 -1.09 -1 -1.128 -1 9
-1.109 -1 -1.022 -1 -1.128 -1 -1.182 -1 30
-1.155 -1 -1.056 -1 -1.194 -1 -1.24 -1 32
-1.217 -1 -1.064 -1 -1.162 -1 -1.196 -1 35
-1.179 -1 -1.044 -1 -1.044 -1 -1.052 -1 0
-1.048 -1 -1.006 -1 -1.056 -1 -1.082 -1 17
-1.069 -1 -1.026 -1 -1.152 -1 -1.204 -1 40
-1.178 -1 -1.052 -1 -1.172 -1 -1.218 -1 30
-1.195 -1 -1.07 -1 -1.186 -1 -1.234 -1 37
-1.21 -1 -1.056 -1 -1.202 -1 -1.26 -1 39
-1.231 -1 -1.078 -1 -1.116 -1 -1.15 -1 9
-1.133 -1 -1.032 -1 -1.142 -1 -1.174 -1 36
-1.158 -1 -1.05 -1 -1.198 -1 -1.262 -1 48
-1.23 -1 -1.072 -1 -1.174 -1 -1.226 -1 25
-1.2 -1 -1.064 -1 -1.068 -1 -1.096 -1 1
-1.082 -1 -1.01 -1 -1.19 -1 -1.28 -1 47
-1.235 -1 -1.086 -1 -1.148 -1 -1.22 -1 26
-1.184 -1 -1.07 -1 -1.138 -1 -1.2 -1 25
-1.169 -1 -1.05 -1 -1.202 -1 -1.26 -1 45
-1.231 -1 -1.058 -1 -1.154 -1 -1.18 -1 32
-1.167 -1 -1.038 -1 -1.08 -1 -1.108 -1 10
-1.094 -1 -1.024 -1 -1.03 -1 -1.046 -1 1
-1.038 -1 -1.004 -1 -1.106 -1 -1.138 -1 30
-1.122 -1 -1.042 -1 -1.12 -1 -1.152 -1 25
-1.136 -1 -1.032 -1 -1.186 -1 -1.25 -1 41
-1.218 -1 -1.08 -1 -1.208 -1 -1.268 -1 44
-1.238 -1 -1.086 -1 -1.092 -1 -1.128 -1 2
-1.11 -1 -1.032 -1 -1.086 -1 -1.13 -1 12
-1.108 -1 -1.02 -1 -1.038 -1 -1.052 -1 5
-1.045 -1 -1.004 -1 -1.126 -1 -1.166 -1 39
-1.146 -1 -1.034 -1 -1.1 -1 -1.13 -1 20
-1.115 -1 -1.022 -1 -1.026 -1 -1.042 -1 2
-1.034 -1 -1.004 -1 -1.118 -1 -1.168 -1 33
-1.143 -1 -1.04 -1 -1.23 -1 -1.288 -1 48
-1.259 -1 -1.082 -1 -1.234 -1 -1.31 -1 39
-1.272 -1 -1.084 -1 -1.244 -1 -1.324 -1 46
-1.284 -1 -1.088 -1 -1.212 -1 -1.264 -1 35
-1.238 -1 -1.054 -1 -1.216 -1 -1.29 -1 39
-1.253 -1 -1.082 -1 -1.104 -1 -1.158 -1 8
-1.131 -1 -1.038 -1 -1.072 -1 -1.104 -1 14
-1.088 -1 -1.014 -1 -1.174 -1 -1.248 -1 47
-1.211 -1 -1.068 -1 -1.156 -1 -1.21 -1 24
-1.183 -1 -1.042 -1 -1.134 -1 -1.178 -1 26
-1.156 -1 -1.052 -1 -1.068 -1 -1.098 -1 4
-1.083 -1 -1.022 -1 -1.128 -1 -1.186 -1 29
-1.157 -1 -1.036 -1 -1.164 -1 -1.224 -1 32
-1.194 -1 -1.054 -1 -1.168 -1 -1.202 -1 28
-1.185 -1 -1.04 -1 -1.202 -1 -1.302 -1 46
-1.252 -1 -1.072 -1 -1.122 -1 -1.148 -1 19
-1.135 -1 -1.03 -1 -1.036 -1 -1.062 -1 1
-1.049 -1 -1.008 -1 -1.102 -1 -1.146 -1 19
-1.124 -1 -1.032 -1 -1.124 -1 -1.166 -1 31
-1.145 -1 -1.04 -1 -1.202 -1 -1.262 -1 47
-1.232 -1 -1.08 -1 -1.144 -1 -1.18 -1 17
-1.162 -1 -1.05 -1 -1.168 -1 -1.214 -1 37
-1.191 -1 -1.058 -1 -1.136 -1 -1.176 -1 24
-1.156 -1 -1.046 -1 -1.142 -1 -1.19 -1 36
-1.166 -1 -1.048 -1 -1.07 -1 -1.1 -1 10
-1.085 -1 -1.018 -1 -1.04 -1 -1.064 -1 7
-1.052 -1 -1.012 -1 -1.08 -1 -1.118 -1 19
-1.099 -1 -1.03 -1 -1.066 -1 -1.12 -1 13
-1.093 -1 -1.03 -1 -1.166 -1 -1.21 -1 42
-1.188 -1 -1.05 -1 -1.204 -1 -1.248 -1 46
-1.226 -1 -1.056 -1 -1.136 -1 -1.186 -1 21
-1.161 -1 -1.03 -1 -1.146 -1 -1.176 -1 34
-1.161 -1 -1.034 -1 -1.048 -1 -1.08 -1 3
-1.064 -1 -1.01 -1 -1.012 -1 -1.026 -1 2
-1.019 -1 -1.002 -1 -1.154 -1 -1.214 -1 46
-1.184 -1 -1.044 -1 -1.058 -1 -1.096 -1 5
-1.077 -1 -1.018 -1 -1.176 -1 -1.244 -1 47
-1.21 -1 -1.096 -1 -1.168 -1 -1.228 -1 19
-1.198 -1 -1.046 -1 -1.146 -1 -1.182 -1 33
-1.164 -1 -1.046 -1 -1.078 -1 -1.102 -1 7
-1.09 -1 -1.02 -1 -1.19 -1 -1.244 -1 49
-1.217 -1 -1.06 -1 -1.19 -1 -1.258 -1 49
-1.224 -1 -1.072 -1 -1.104 -1 -1.148 -1 8
-1.126 -1 -1.032 -1 -1.078 -1 -1.104 -1 12
-1.091 -1 -1.02 -1 -1.142 -1 -1.198 -1 35
-1.17 -1 -1.046 -1 -1.184 -1 -1.246 -1 38
-1.215 -1 -1.062 -1 -1.182 -1 -1.254 -1 33
-1.218 -1 -1.06 -1 -1.182 -1 -1.232 -1 32
-1.207 -1 -1.064 -1 -1.104 -1 -1.116 -1 16
-1.11 -1 -1.026 -1 -1.098 -1 -1.13 -1 20
-1.114 -1 -1.026 -1 -1.19 -1 -1.254 -1 47
-1.222 -1 -1.066 -1 -1.24 -1 -1.304 -1 47
-1.272 -1 -1.092 -1 -1.264 -1 -1.352 -1 49
-1.308 -1 -1.098 -1 -1.24 -1 -1.316 -1 49
-1.278 -1 -1.096 -1 -1.182 -1 -1.214 -1 32
-1.198 -1 -1.042 -1 -1.16 -1 -1.224 -1 33
-1.192 -1 -1.038 -1 -1.184 -1 -1.244 -1 43
-1.214 -1 -1.062 -1 -1.194 -1 -1.282 -1 39
-1.238 -1 -1.074 -1 -1.156 -1 -1.208 -1 28
-1.182 -1 -1.036 -1 -1.042 -1 -1.054 -1 1
-1.048 -1 -1.004 -1 -1.126 -1 -1.18 -1 30
-1.153 -1 -1.05 -1 -1.176 -1 -1.216 -1 37
-1.196 -1 -1.052 -1 -1.214 -1 -1.27 -1 46
-1.242 -1 -1.062 -1 -1.178 -1 -1.248 -1 32
-1.213 -1 -1.078 -1 -1.128 -1 -1.148 -1 16
-1.138 -1 -1.028 -1 -1.106 -1 -1.148 -1 22
-1.127 -1 -1.034 -1 -1.068 -1 -1.09 -1 8
-1.079 -1 -1.022 -1 -1.084 -1 -1.124 -1 18
-1.104 -1 -1.024 -1 -1.028 -1 -1.054 -1 2
-1.041 -1 -1.004 -1 -1.064 -1 -1.098 -1 20
-1.081 -1 -1.026 -1 -1.09 -1 -1.126 -1 20
-1.108 -1 -1.026 -1 -1.032 -1 -1.044 -1 2
-1.038 -1 -1.01 -1 -1.056 -1 -1.06 -1 14
-1.058 -1 -1.004 -1 -1.016 -1 -1.034 -1 3
-1.025 -1 -1.006 -1 -1.154 -1 -1.194 -1 41
-1.174 -1 -1.062 -1 -1.218 -1 -1.286 -1 45
-1.252 -1 -1.078 -1 -1.196 -1 -1.26 -1 27
-1.228 -1 -1.058 -1 -1.13 -1 -1.158 -1 27
-1.144 -1 -1.028 -1 -1.082 -1 -1.106 -1 18
-1.094 -1 -1.028 -1 -1.154 -1 -1.194 -1 44
-1.174 -1 -1.058 -1 -1.164 -1 -1.234 -1 33
-1.199 -1 -1.07 -1 -1.086 -1 -1.11 -1 4
-1.098 -1 -1.014 -1 -1.116 -1 -1.14 -1 33
-1.128 -1 -1.03 -1 -1.062 -1 -1.09 -1 8
-1.076 -1 -1.014 -1 -1.104 -1 -1.15 -1 24
-1.127 -1 -1.044 -1 -1.166 -1 -1.206 -1 33
-1.186 -1 -1.042 -1 -1.18 -1 -1.24 -1 47
-1.21 -1 -1.076 -1 -1.09 -1 -1.11 -1 4
-1.1 -1 -1.018 -1 -1.018 -1 -1.024 -1 0
-1.021 -1 -1 -1 -1 -1 -1.004 -1 0
-1.002 -1 -1 -1 -1.104 -1 -1.136 -1 32
-1.12 -1 -1.028 -1 -1.03 -1 -1.038 -1 2
-1.034 -1 -1.006 -1 -1.138 -1 -1.168 -1 37
-1.153 -1 -1.036 -1 -1.174 -1 -1.216 -1 35
-1.195 -1 -1.054 -1 -1.16 -1 -1.2 -1 29
-1.18 -1 -1.04 -1 -1.124 -1 -1.154 -1 24
-1.139 -1 -1.028 -1 -1.18 -1 -1.226 -1 38
-1.203 -1 -1.06 -1 -1.118 -1 -1.148 -1 19
-1.133 -1 -1.03 -1 -1.196 -1 -1.25 -1 45
-1.223 -1 -1.074 -1 -1.078 -1 -1.098 -1 1
-1.088 -1 -1.008 -1 -1.164 -1 -1.21 -1 40
-1.187 -1 -1.064 -1 -1.206 -1 -1.242 -1 47
-1.224 -1 -1.08 -1 -1.204 -1 -1.268 -1 41
-1.236 -1 -1.052 -1 -1.184 -1 -1.26 -1 39
-1.222 -1 -1.082 -1 -1.094 -1 -1.138 -1 8
-1.116 -1 -1.032 -1 -1.178 -1 -1.246 -1 41
-1.212 -1 -1.062 -1 -1.198 -1 -1.276 -1 39
-1.237 -1 -1.072 -1 -1.078 -1 -1.106 -1 1
-1.092 -1 -1.014 -1 -1.074 -1 -1.108 -1 20
-1.091 -1 -1.02 -1 -1.12 -1 -1.18 -1 31
-1.15 -1 -1.048 -1 -1.114 -1 -1.148 -1 17
-1.131 -1 -1.038 -1 -1.102 -1 -1.144 -1 22
-1.123 -1 -1.038 -1 -1.146 -1 -1.194 -1 37
-1.17 -1 -1.06 -1 -1.124 -1 -1.174 -1 20
-1.149 -1 -1.038 -1 -1.152 -1 -1.216 -1 37
-1.184 -1 -1.056 -1 -1.106 -1 -1.138 -1 16
-1.122 -1 -1.034 -1 -1.126 -1 -1.17 -1 27
-1.148 -1 -1.032 -1 -1.08 -1 -1.118 -1 12
-1.099 -1 -1.016 -1 -1.03 -1 -1.036 -1 3
-1.033 -1 -1.006 -1 -1.06 -1 -1.098 -1 15
-1.079 -1 -1.018 -1 -1.14 -1 -1.194 -1 32
-1.167 -1 -1.04 -1 -1.158 -1 -1.22 -1 43
-1.189 -1 -1.07 -1 -1.076 -1 -1.114 -1 4
-1.095 -1 -1.016 -1 -1.148 -1 -1.212 -1 35
-1.18 -1 -1.058 -1 -1.19 -1 -1.236 -1 37
-1.213 -1 -1.066 -1 -1.094 -1 -1.128 -1 8
-1.111 -1 -1.016 -1 -1.08 -1 -1.124 -1 19
-1.102 -1 -1.032 -1 -1.106 -1 -1.154 -1 26
-1.13 -1 -1.03 -1 -1.19 -1 -1.236 -1 47
-1.213 -1 -1.062 -1 -1.078 -1 -1.122 -1 6
-1.1 -1 -1.018 -1 -1.15 -1 -1.216 -1 29
-1.183 -1 -1.06 -1 -1.152 -1 -1.194 -1 33
-1.173 -1 -1.036 -1 -1.162 -1 -1.208 -1 36
-1.185 -1 -1.062 -1 -1.176 -1 -1.22 -1 34
-1.198 -1 -1.048 -1 -1.06 -1 -1.076 -1 5
-1.068 -1 -1.008 -1 -1.1 -1 -1.138 -1 20
-1.119 -1 -1.036 -1 -1.176 -1 -1.232 -1 45
-1.204 -1 -1.068 -1 -1.14 -1 -1.176 -1 19
-1.158 -1 -1.032 -1 -1.044 -1 -1.054 -1 2
-1.049 -1 -1.012 -1 -1.16 -1 -1.206 -1 41
-1.183 -1 -1.056 -1 -1.19 -1 -1.246 -1 35
-1.218 -1 -1.068 -1 -1.186 -1 -1.238 -1 28
-1.212 -1 -1.052 -1 -1.206 -1 -1.256 -1 46
-1.231 -1 -1.076 -1 -1.248 -1 -1.304 -1 41
-1.276 -1 -1.082 -1 -1.214 -1 -1.268 -1 39
-1.241 -1 -1.08 -1 -1.228 -1 -1.28 -1 41
-1.254 -1 -1.072 -1 -1.178 -1 -1.222 -1 31
-1.2 -1 -1.048 -1 -1.146 -1 -1.188 -1 31
-1.167 -1 -1.05 -1 -1.09 -1 -1.106 -1 10
-1.098 -1 -1.02 -1 -1.07 -1 -1.086 -1 11
-1.078 -1 -1.02 -1 -1.126 -1 -1.158 -1 30
-1.142 -1 -1.03 -1 -1.04 -1 -1.064 -1 2
-1.052 -1 -1.014 -1 -1.138 -1 -1.16 -1 31
-1.149 -1 -1.036 -1 -1.158 -1 -1.224 -1 27
-1.191 -1 -1.062 -1 -1.142 -1 -1.192 -1 27
-1.167 -1 -1.05 -1 -1.072 -1 -1.092 -1 8
-1.082 -1 -1.022 -1 -1.072 -1 -1.104 -1 15
-1.088 -1 -1.024 -1 -1.182 -1 -1.234 -1 40
-1.208 -1 -1.066 -1 -1.138 -1 -1.178 -1 25
-1.158 -1 -1.032 -1 -1.098 -1 -1.116 -1 15
-1.107 -1 -1.018 -1 -1.192 -1 -1.256 -1 49
-1.224 -1 -1.082 -1 -1.176 -1 -1.22 -1 23
-1.198 -1 -1.06 -1 -1.148 -1 -1.196 -1 24
-1.172 -1 -1.048 -1 -1.174 -1 -1.23 -1 35
-1.202 -1 -1.04 -1 -1.186 -1 -1.23 -1 39
-1.208 -1 -1.06 -1 -1.188 -1 -1.232 -1 31
-1.21 -1 -1.048 -1 -1.144 -1 -1.188 -1 21
-1.166 -1 -1.044 -1 -1.2 -1 -1.25 -1 39
-1.225 -1 -1.07 -1 -1.116 -1 -1.138 -1 10
-1.127 -1 -1.034 -1 -1.08 -1 -1.094 -1 13
-1.087 -1 -1.016 -1 -1.09 -1 -1.114 -1 20
-1.102 -1 -1.028 -1 -1.1 -1 -1.15 -1 21
-1.125 -1 -1.026 -1 -1.058 -1 -1.098 -1 10
-1.078 -1 -1.022 -1 -1.168 -1 -1.214 -1 42
-1.191 -1 -1.054 -1 -1.2 -1 -1.234 -1 41
-1.217 -1 -1.066 -1 -1.14 -1 -1.162 -1 22
-1.151 -1 -1.03 -1 -1.116 -1 -1.158 -1 21
-1.137 -1 -1.036 -1 -1.118 -1 -1.164 -1 30
-1.141 -1 -1.036 -1 -1.06 -1 -1.094 -1 6
-1.077 -1 -1.018 -1 -1.054 -1 -1.078 -1 10
-1.066 -1 -1.01 -1 -1.07 -1 -1.098 -1 18
-1.084 -1 -1.026 -1 -1.052 -1 -1.076 -1 7
-1.064 -1 -1.018 -1 -1.19 -1 -1.244 -1 45
-1.217 -1 -1.058 -1 -1.096 -1 -1.136 -1 12
-1.116 -1 -1.024 -1 -1.072 -1 -1.098 -1 10
-1.085 -1 -1.034 -1 -1.106 -1 -1.132 -1 25
-1.119 -1 -1.03 -1 -1.132 -1 -1.166 -1 32
-1.149 -1 -1.036 -1 -1.056 -1 -1.094 -1 11
-1.075 -1 -1.018 -1 -1.026 -1 -1.046 -1 2
-1.036 -1 -1.008 -1 -1.08 -1 -1.118 -1 24
-1.099 -1 -1.024 -1 -1.178 -1 -1.244 -1 43
-1.211 -1 -1.056 -1 -1.12 -1 -1.146 -1 21
-1.133 -1 -1.024 -1 -1.126 -1 -1.19 -1 28
-1.158 -1 -1.05 -1 -1.118 -1 -1.154 -1 21
-1.136 -1 -1.026 -1 -1.092 -1 -1.136 -1 20
-1.114 -1 -1.032 -1 -1.15 -1 -1.244 -1 39
-1.197 -1 -1.082 -1 -1.21 -1 -1.274 -1 36
-1.242 -1 -1.07 -1 -1.098 -1 -1.152 -1 9
-1.125 -1 -1.034 -1 -1.046 -1 -1.078 -1 3
-1.062 -1 -1.022 -1 -1.136 -1 -1.184 -1 37
-1.16 -1 -1.046 -1 -1.062 -1 -1.092 -1 4
-1.077 -1 -1.01 -1 -1.024 -1 -1.038 -1 3
-1.031 -1 -1.002 -1 -1.058 -1 -1.088 -1 19
-1.073 -1 -1.028 -1 -1.08 -1 -1.11 -1 14
-1.095 -1 -1.022 -1 -1.158 -1 -1.21 -1 37
-1.184 -1 -1.054 -1 -1.068 -1 -1.094 -1 6
-1.081 -1 -1.02 -1 -1.202 -1 -1.27 -1 49
-1.236 -1 -1.07 -1 -1.162 -1 -1.206 -1 31
-1.184 -1 -1.054 -1 -1.126 -1 -1.162 -1 19
-1.144 -1 -1.034 -1 -1.18 -1 -1.234 -1 46
-1.207 -1 -1.064 -1 -1.214 -1 -1.286 -1 45
-1.25 -1 -1.086 -1 -1.114 -1 -1.146 -1 7
-1.13 -1 -1.024 -1 -1.138 -1 -1.196 -1 32
-1.167 -1 -1.082 -1 -1.246 -1 -1.292 -1 47
-1.269 -1 -1.092 -1 -1.092 -1 -1.112 -1 1
-1.102 -1 -1.014 -1 -1.024 -1 -1.032 -1 3
-1.028 -1 -1 -1 -1.008 -1 -1.02 -1 4
-1.014 -1 -1.004 -1 -1.006 -1 -1.022 -1 1
-1.014 -1 -1.004 -1 -1.128 -1 -1.178 -1 37
-1.153 -1 -1.052 -1 -1.096 -1 -1.136 -1 14
-1.116 -1 -1.028 -1 -1.198 -1 -1.232 -1 45
-1.215 -1 -1.048 -1 -1.074 -1 -1.092 -1 9
-1.083 -1 -1.026 -1 -1.13 -1 -1.168 -1 29
-1.149 -1 -1.024 -1 -1.126 -1 -1.166 -1 33
-1.146 -1 -1.048 -1 -1.122 -1 -1.162 -1 22
-1.142 -1 -1.048 -1 -1.164 -1 -1.214 -1 35
-1.189 -1 -1.046 -1 -1.154 -1 -1.192 -1 26
-1.173 -1 -1.044 -1 -1.078 -1 -1.106 -1 12
-1.092 -1 -1.024 -1 -1.074 -1 -1.084 -1 17
-1.079 -1 -1.01 -1 -1.038 -1 -1.064 -1 7
-1.051 -1 -1.014 -1 -1.058 -1 -1.078 -1 14
-1.068 -1 -1.014 -1 -1.198 -1 -1.262 -1 45
-1.23 -1 -1.084 -1 -1.154 -1 -1.194 -1 21
-1.174 -1 -1.048 -1 -1.198 -1 -1.23 -1 42
-1.214 -1 -1.06 -1 -1.16 -1 -1.184 -1 28
-1.172 -1 -1.052 -1 -1.11 -1 -1.134 -1 13
-1.122 -1 -1.036 -1 -1.04 -1 -1.046 -1 1
-1.043 -1 -1.004 -1 -1.116 -1 -1.148 -1 33
-1.132 -1 -1.04 -1 -1.13 -1 -1.17 -1 28
-1.15 -1 -1.04 -1 -1.178 -1 -1.22 -1 38
-1.199 -1 -1.076 -1 -1.16 -1 -1.194 -1 26
-1.177 -1 -1.042 -1 -1.172 -1 -1.21 -1 36
-1.191 -1 -1.056 -1 -1.088 -1 -1.116 -1 9
-1.102 -1 -1.03 -1 -1.192 -1 -1.258 -1 47
-1.225 -1 -1.066 -1 -1.17 -1 -1.222 -1 31
-1.196 -1 -1.048 -1 -1.2 -1 -1.242 -1 46
-1.221 -1 -1.064 -1 -1.166 -1 -1.206 -1 36
-1.186 -1 -1.04 -1 -1.086 -1 -1.106 -1 11
-1.096 -1 -1.024 -1 -1.106 -1 -1.128 -1 30
-1.117 -1 -1.026 -1 -1.064 -1 -1.096 -1 10
-1.08 -1 -1.024 -1 -1.088 -1 -1.11 -1 19
-1.099 -1 -1.024 -1 -1.044 -1 -1.06 -1 10
-1.052 -1 -1.01 -1 -1.17 -1 -1.22 -1 47
-1.195 -1 -1.05 -1 -1.16 -1 -1.198 -1 34
-1.179 -1 -1.052 -1 -1.19 -1 -1.248 -1 37
-1.219 -1 -1.054 -1 -1.078 -1 -1.12 -1 6
-1.099 -1 -1.022 -1 -1.138 -1 -1.178 -1 33
-1.158 -1 -1.038 -1 -1.132 -1 -1.17 -1 27
-1.151 -1 -1.05 -1 -1.064 -1 -1.074 -1 4
-1.069 -1 -1.014 -1 -1.168 -1 -1.232 -1 39
-1.2 -1 -1.054 -1 -1.14 -1 -1.174 -1 23
-1.157 -1 -1.044 -1 -1.162 -1 -1.208 -1 36
-1.185 -1 -1.056 -1 -1.104 -1 -1.11 -1 16
-1.107 -1 -1.01 -1 -1.124 -1 -1.17 -1 36
-1.147 -1 -1.048 -1 -1.196 -1 -1.274 -1 37
-1.235 -1 -1.072 -1 -1.076 -1 -1.118 -1 1
-1.097 -1 -1.022 -1 -1.186 -1 -1.262 -1 49
-1.224 -1 -1.072 -1 -1.108 -1 -1.15 -1 15
-1.129 -1 -1.026 -1 -1.16 -1 -1.218 -1 43
-1.189 -1 -1.064 -1 -1.094 -1 -1.112 -1 8
-1.103 -1 -1.016 -1 -1.084 -1 -1.128 -1 24
-1.106 -1 -1.022 -1 -1.128 -1 -1.186 -1 31
-1.157 -1 -1.044 -1 -1.08 -1 -1.104 -1 13
-1.092 -1 -1.012 -1 -1.162 -1 -1.22 -1 37
-1.191 -1 -1.064 -1 -1.204 -1 -1.268 -1 36
-1.236 -1 -1.058 -1 -1.198 -1 -1.26 -1 46
-1.229 -1 -1.058 -1 -1.094 -1 -1.126 -1 12
-1.11 -1 -1.016 -1 -1.04 -1 -1.066 -1 6
-1.053 -1 -1.012 -1 -1.166 -1 -1.224 -1 39
-1.195 -1 -1.05 -1 -1.084 -1 -1.104 -1 6
-1.094 -1 -1.026 -1 -1.098 -1 -1.14 -1 21
-1.119 -1 -1.034 -1 -1.084 -1 -1.12 -1 13
-1.102 -1 -1.022 -1 -1.046 -1 -1.06 -1 6
-1.053 -1 -1.01 -1 -1.166 -1 -1.23 -1 44
-1.198 -1 -1.064 -1 -1.154 -1 -1.206 -1 26
-1.18 -1 -1.054 -1 -1.192 -1 -1.216 -1 35
-1.204 -1 -1.048 -1 -1.16 -1 -1.218 -1 37
-1.189 -1 -1.06 -1 -1.098 -1 -1.142 -1 13
-1.12 -1 -1.032 -1 -1.11 -1 -1.144 -1 22
-1.127 -1 -1.034 -1 -1.044 -1 -1.074 -1 2
-1.059 -1 -1.012 -1 -1.148 -1 -1.222 -1 38
-1.185 -1 -1.064 -1 -1.216 -1 -1.274 -1 43
-1.245 -1 -1.056 -1 -1.186 -1 -1.238 -1 40
-1.212 -1 -1.07 -1 -1.176 -1 -1.236 -1 34
-1.206 -1 -1.054 -1 -1.166 -1 -1.218 -1 35
-1.192 -1 -1.066 -1 -1.168 -1 -1.224 -1 27
-1.196 -1 -1.07 -1 -1.124 -1 -1.18 -1 14
-1.152 -1 -1.04 -1 -1.08 -1 -1.126 -1 13
-1.103 -1 -1.026 -1 -1.118 -1 -1.176 -1 30
-1.147 -1 -1.048 -1 -1.092 -1 -1.13 -1 14
-1.111 -1 -1.018 -1 -1.098 -1 -1.15 -1 21
-1.124 -1 -1.044 -1 -1.2 -1 -1.278 -1 43
-1.239 -1 -1.078 -1 -1.246 -1 -1.304 -1 47
-1.275 -1 -1.064 -1 -1.204 -1 -1.252 -1 37
-1.228 -1 -1.08 -1 -1.234 -1 -1.31 -1 43
-1.272 -1 -1.074 -1 -1.188 -1 -1.25 -1 34
-1.219 -1 -1.052 -1 -1.088 -1 -1.134 -1 12
-1.111 -1 -1.038 -1 -1.146 -1 -1.228 -1 29
-1.187 -1 -1.048 -1 -1.078 -1 -1.13 -1 10
-1.104 -1 -1.02 -1 -1.146 -1 -1.194 -1 37
-1.17 -1 -1.05 -1 -1.08 -1 -1.104 -1 9
-1.092 -1 -1.016 -1 -1.056 -1 -1.084 -1 13
-1.07 -1 -1.02 -1 -1.032 -1 -1.062 -1 5
-1.047 -1 -1.012 -1 -1.012 -1 -1.018 -1 0
-1.015 -1 -1 -1 -1.148 -1 -1.21 -1 35
-1.179 -1 -1.066 -1 -1.242 -1 -1.298 -1 47
-1.27 -1 -1.096 -1 -1.21 -1 -1.276 -1 40
-1.243 -1 -1.072 -1 -1.076 -1 -1.104 -1 1
-1.09 -1 -1.018 -1 -1.064 -1 -1.094 -1 14
-1.079 -1 -1.016 -1 -1.182 -1 -1.238 -1 46
-1.21 -1 -1.072 -1 -1.122 -1 -1.182 -1 14
-1.152 -1 -1.05 -1 -1.05 -1 -1.074 -1 0
-1.062 -1 -1.016 -1 -1.166 -1 -1.206 -1 43
-1.186 -1 -1.048 -1 -1.082 -1 -1.114 -1 9
-1.098 -1 -1.022 -1 -1.194 -1 -1.236 -1 46
-1.215 -1 -1.074 -1 -1.252 -1 -1.316 -1 47
-1.284 -1 -1.094 -1 -1.108 -1 -1.138 -1 4
-1.123 -1 -1.028 -1 -1.148 -1 -1.176 -1 27
-1.162 -1 -1.046 -1 -1.184 -1 -1.222 -1 35
-1.203 -1 -1.044 -1 -1.118 -1 -1.15 -1 21
-1.134 -1 -1.028 -1 -1.152 -1 -1.192 -1 36
-1.172 -1 -1.042 -1 -1.174 -1 -1.222 -1 44
-1.198 -1 -1.06 -1 -1.164 -1 -1.21 -1 32
-1.187 -1 -1.036 -1 -1.208 -1 -1.262 -1 44
-1.235 -1 -1.09 -1 -1.164 -1 -1.194 -1 25
-1.179 -1 -1.034 -1 -1.034 -1 -1.058 -1 0
-1.046 -1 -1.006 -1 -1.17 -1 -1.238 -1 47
-1.204 -1 -1.07 -1 -1.178 -1 -1.234 -1 27
-1.206 -1 -1.058 -1 -1.182 -1 -1.234 -1 30
-1.208 -1 -1.07 -1 -1.176 -1 -1.236 -1 37
-1.206 -1 -1.066 -1 -1.112 -1 -1.146 -1 13
-1.129 -1 -1.04 -1 -1.084 -1 -1.116 -1 18
-1.1 -1 -1.016 -1 -1.07 -1 -1.098 -1 14
-1.084 -1 -1.028 -1 -1.156 -1 -1.19 -1 41
-1.173 -1 -1.042 -1 -1.106 -1 -1.142 -1 23
-1.124 -1 -1.026 -1 -1.076 -1 -1.114 -1 13
-1.095 -1 -1.014 -1 -1.16 -1 -1.22 -1 40
-1.19 -1 -1.06 -1 -1.132 -1 -1.152 -1 24
-1.142 -1 -1.02 -1 -1.036 -1 -1.062 -1 6
-1.049 -1 -1.006 -1 -1.018 -1 -1.052 -1 4
-1.035 -1 -1.006 -1 -1.084 -1 -1.134 -1 23
-1.109 -1 -1.028 -1 -1.2 -1 -1.248 -1 49
-1.224 -1 -1.06 -1 -1.182 -1 -1.26 -1 46
-1.221 -1 -1.072 -1 -1.142 -1 -1.184 -1 19
-1.163 -1 -1.038 -1 -1.176 -1 -1.226 -1 44
-1.201 -1 -1.058 -1 -1.2 -1 -1.272 -1 40
-1.236 -1 -1.068 -1 -1.086 -1 -1.122 -1 6
-1.104 -1 -1.026 -1 -1.09 -1 -1.114 -1 17
-1.102 -1 -1.026 -1 -1.146 -1 -1.22 -1 39
-1.183 -1 -1.052 -1 -1.148 -1 -1.206 -1 24
-1.177 -1 -1.046 -1 -1.062 -1 -1.088 -1 6
-1.075 -1 -1.018 -1 -1.16 -1 -1.232 -1 47
-1.196 -1 -1.078 -1 -1.082 -1 -1.102 -1 2
-1.092 -1 -1.026 -1 -1.04 -1 -1.064 -1 3
-1.052 -1 -1.016 -1 -1.048 -1 -1.054 -1 7
-1.051 -1 -1.004 -1 -1.048 -1 -1.06 -1 12
-1.054 -1 -1.01 -1 -1.17 -1 -1.226 -1 42
-1.198 -1 -1.06 -1 -1.202 -1 -1.268 -1 37
-1.235 -1 -1.062 -1 -1.204 -1 -1.262 -1 48
-1.233 -1 -1.058 -1 -1.144 -1 -1.186 -1 23
-1.165 -1 -1.04 -1 -1.064 -1 -1.094 -1 6
-1.079 -1 -1.012 -1 -1.08 -1 -1.116 -1 20
-1.098 -1 -1.024 -1 -1.046 -1 -1.082 -1 6
-1.064 -1 -1.018 -1 -1.068 -1 -1.09 -1 15
-1.079 -1 -1.03 -1 -1.108 -1 -1.138 -1 21
-1.123 -1 -1.034 -1 -1.152 -1 -1.21 -1 34
-1.181 -1 -1.068 -1 -1.126 -1 -1.182 -1 15
-1.154 -1 -1.052 -1 -1.142 -1 -1.182 -1 24
-1.162 -1 -1.03 -1 -1.136 -1 -1.186 -1 32
-1.161 -1 -1.036 -1 -1.078 -1 -1.102 -1 11
-1.09 -1 -1.022 -1 -1.052 -1 -1.09 -1 8
-1.071 -1 -1.012 -1 -1.024 -1 -1.052 -1 3
-1.038 -1 -1.002 -1 -1.166 -1 -1.214 -1 49
-1.19 -1 -1.06 -1 -1.212 -1 -1.288 -1 47
-1.25 -1 -1.106 -1 -1.16 -1 -1.232 -1 24
-1.196 -1 -1.076 -1 -1.206 -1 -1.272 -1 42
-1.239 -1 -1.076 -1 -1.192 -1 -1.248 -1 36
-1.22 -1 -1.062 -1 -1.222 -1 -1.278 -1 47
-1.25 -1 -1.086 -1 -1.202 -1 -1.242 -1 31
-1.222 -1 -1.072 -1 -1.132 -1 -1.174 -1 18
-1.153 -1 -1.034 -1 -1.2 -1 -1.274 -1 44
-1.237 -1 -1.07 -1 -1.152 -1 -1.21 -1 23
-1.181 -1 -1.054 -1 -1.1 -1 -1.134 -1 13
-1.117 -1 -1.034 -1 -1.088 -1 -1.116 -1 14
-1.102 -1 -1.022 -1 -1.14 -1 -1.178 -1 36
-1.159 -1 -1.044 -1 -1.078 -1 -1.116 -1 10
-1.097 -1 -1.032 -1 -1.122 -1 -1.162 -1 26
-1.142 -1 -1.04 -1 -1.098 -1 -1.138 -1 17
-1.118 -1 -1.026 -1 -1.064 -1 -1.088 -1 9
-1.076 -1 -1.026 -1 -1.138 -1 -1.184 -1 36
-1.161 -1 -1.056 -1 -1.088 -1 -1.12 -1 12
-1.104 -1 -1.026 -1 -1.12 -1 -1.164 -1 26
-1.142 -1 -1.038 -1 -1.166 -1 -1.194 -1 32
-1.18 -1 -1.044 -1 -1.142 -1 -1.194 -1 30
-1.168 -1 -1.048 -1 -1.128 -1 -1.19 -1 19
-1.159 -1 -1.06 -1 -1.128 -1 -1.17 -1 24
-1.149 -1 -1.038 -1 -1.208 -1 -1.262 -1 41
-1.235 -1 -1.074 -1 -1.21 -1 -1.278 -1 37
-1.244 -1 -1.066 -1 -1.214 -1 -1.258 -1 38
-1.236 -1 -1.08 -1 -1.162 -1 -1.194 -1 24
-1.178 -1 -1.054 -1 -1.144 -1 -1.166 -1 34
-1.155 -1 -1.038 -1 -1.078 -1 -1.1 -1 14
-1.089 -1 -1.032 -1 -1.172 -1 -1.182 -1 38
-1.177 -1 -1.046 -1 -1.072 -1 -1.084 -1 6
-1.078 -1 -1.018 -1 -1.15 -1 -1.198 -1 37
-1.174 -1 -1.05 -1 -1.056 -1 -1.106 -1 4
-1.081 -1 -1.024 -1 -1.062 -1 -1.082 -1 8
-1.072 -1 -1.012 -1 -1.036 -1 -1.05 -1 6
-1.043 -1 -1.01 -1 -1.118 -1 -1.16 -1 33
-1.139 -1 -1.052 -1 -1.108 -1 -1.142 -1 15
-1.125 -1 -1.042 -1 -1.196 -1 -1.218 -1 40
-1.207 -1 -1.042 -1 -1.074 -1 -1.11 -1 12
-1.092 -1 -1.026 -1 -1.152 -1 -1.178 -1 32
-1.165 -1 -1.034 -1 -1.09 -1 -1.11 -1 17
-1.1 -1 -1.022 -1 -1.174 -1 -1.222 -1 38
-1.198 -1 -1.054 -1 -1.106 -1 -1.146 -1 17
-1.126 -1 -1.028 -1 -1.09 -1 -1.122 -1 22
-1.106 -1 -1.038 -1 -1.06 -1 -1.092 -1 8
-1.076 -1 -1.018 -1 -1.17 -1 -1.22 -1 39
-1.195 -1 -1.05 -1 -1.162 -1 -1.196 -1 36
-1.179 -1 -1.048 -1 -1.212 -1 -1.286 -1 45
-1.249 -1 -1.082 -1 -1.274 -1 -1.326 -1 48
-1.3 -1 -1.08 -1 -1.128 -1 -1.18 -1 16
-1.154 -1 -1.042 -1 -1.06 -1 -1.07 -1 3
-1.065 -1 -1.014 -1 -1.014 -1 -1.022 -1 0
-1.018 -1 -1.002 -1 -1.11 -1 -1.134 -1 34
-1.122 -1 -1.028 -1 -1.106 -1 -1.128 -1 18
-1.117 -1 -1.042 -1 -1.166 -1 -1.208 -1 36
-1.187 -1 -1.06 -1 -1.138 -1 -1.148 -1 20
-1.143 -1 -1.032 -1 -1.142 -1 -1.2 -1 35
-1.171 -1 -1.058 -1 -1.1 -1 -1.136 -1 16
-1.118 -1 -1.034 -1 -1.142 -1 -1.198 -1 35
-1.17 -1 -1.054 -1 -1.086 -1 -1.122 -1 8
-1.104 -1 -1.028 -1 -1.038 -1 -1.048 -1 2
-1.043 -1 -1.006 -1 -1.102 -1 -1.132 -1 25
-1.117 -1 -1.022 -1 -1.094 -1 -1.132 -1 19
-1.113 -1 -1.034 -1 -1.178 -1 -1.214 -1 40
-1.196 -1 -1.046 -1 -1.07 -1 -1.09 -1 5
-1.08 -1 -1.012 -1 -1.176 -1 -1.248 -1 45
-1.212 -1 -1.064 -1 -1.12 -1 -1.14 -1 19
-1.13 -1 -1.038 -1 -1.144 -1 -1.2 -1 30
-1.172 -1 -1.052 -1 -1.172 -1 -1.21 -1 29
-1.191 -1 -1.06 -1 -1.086 -1 -1.134 -1 11
-1.11 -1 -1.024 -1 -1.148 -1 -1.19 -1 32
-1.169 -1 -1.05 -1 -1.094 -1 -1.136 -1 14
-1.115 -1 -1.038 -1 -1.088 -1 -1.12 -1 13
-1.104 -1 -1.024 -1 -1.08 -1 -1.102 -1 15
-1.091 -1 -1.02 -1 -1.13 -1 -1.18 -1 34
-1.155 -1 -1.03 -1 -1.092 -1 -1.118 -1 17
-1.105 -1 -1.02 -1 -1.12 -1 -1.17 -1 26
-1.145 -1 -1.038 -1 -1.038 -1 -1.052 -1 0
-1.045 -1 -1.008 -1 -1.03 -1 -1.048 -1 5
-1.039 -1 -1.01 -1 -1.028 -1 -1.044 -1 6
-1.036 -1 -1.004 -1 -1.106 -1 -1.152 -1 29
-1.129 -1 -1.034 -1 -1.21 -1 -1.258 -1 42
-1.234 -1 -1.072 -1 -1.22 -1 -1.282 -1 43
-1.251 -1 -1.086 -1 -1.086 -1 -1.136 -1 0
-1.111 -1 -1.032 -1 -1.138 -1 -1.198 -1 29
-1.168 -1 -1.064 -1 -1.066 -1 -1.076 -1 1
-1.071 -1 -1.008 -1 -1.008 -1 -1.01 -1 0
-1.009 -1 -1 -1 -1.052 -1 -1.076 -1 12
-1.064 -1 -1.016 -1 -1.082 -1 -1.104 -1 22
-1.093 -1 -1.022 -1 -1.108 -1 -1.13 -1 21
-1.119 -1 -1.03 -1 -1.078 -1 -1.09 -1 13
-1.084 -1 -1.012 -1 -1.198 -1 -1.286 -1 49
-1.242 -1 -1.102 -1 -1.208 -1 -1.276 -1 35
-1.242 -1 -1.082 -1 -1.082 -1 -1.086 -1 0
-1.084 -1 -1.012 -1 -1.022 -1 -1.038 -1 5
-1.03 -1 -1.006 -1 -1.108 -1 -1.152 -1 31
-1.13 -1 -1.052 -1 -1.118 -1 -1.148 -1 18
-1.133 -1 -1.042 -1 -1.128 -1 -1.168 -1 21
-1.148 -1 -1.034 -1 -1.054 -1 -1.064 -1 5
-1.059 -1 -1.02 -1 -1.02 -1 -1.036 -1 0
-1.028 -1 -1.01 -1 -1.054 -1 -1.072 -1 12
-1.063 -1 -1.016 -1 -1.05 -1 -1.068 -1 10
-1.059 -1 -1.012 -1 -1.036 -1 -1.042 -1 7
-1.039 -1 -1.008 -1 -1.118 -1 -1.166 -1 32
-1.142 -1 -1.048 -1 -1.084 -1 -1.102 -1 10
-1.093 -1 -1.022 -1 -1.086 -1 -1.108 -1 20
-1.097 -1 -1.022 -1 -1.16 -1 -1.212 -1 35
-1.186 -1 -1.06 -1 -1.15 -1 -1.186 -1 29
-1.168 -1 -1.046 -1 -1.15 -1 -1.178 -1 30
-1.164 -1 -1.044 -1 -1.098 -1 -1.14 -1 16
-1.119 -1 -1.028 -1 -1.178 -1 -1.21 -1 40
-1.194 -1 -1.054 -1 -1.222 -1 -1.28 -1 40
-1.251 -1 -1.07 -1 -1.192 -1 -1.24 -1 43
-1.216 -1 -1.06 -1 -1.12 -1 -1.182 -1 17
-1.151 -1 -1.044 -1 -1.198 -1 -1.27 -1 45
-1.234 -1 -1.074 -1 -1.134 -1 -1.174 -1 21
-1.154 -1 -1.036 -1 -1.116 -1 -1.162 -1 16
-1.139 -1 -1.036 -1 -1.204 -1 -1.272 -1 46
-1.238 -1 -1.068 -1 -1.21 -1 -1.296 -1 45
-1.253 -1 -1.074 -1 -1.178 -1 -1.26 -1 29
-1.219 -1 -1.056 -1 -1.128 -1 -1.208 -1 29
-1.168 -1 -1.04 -1 -1.084 -1 -1.122 -1 14
-1.103 -1 -1.024 -1 -1.03 -1 -1.064 -1 1
-1.047 -1 -1.014 -1 -1.072 -1 -1.108 -1 15
-1.09 -1 -1.024 -1 -1.056 -1 -1.07 -1 5
-1.063 -1 -1.01 -1 -1.074 -1 -1.124 -1 16
-1.099 -1 -1.038 -1 -1.134 -1 -1.154 -1 29
-1.144 -1 -1.038 -1 -1.064 -1 -1.104 -1 7
-1.084 -1 -1.02 -1 -1.044 -1 -1.054 -1 11
-1.049 -1 -1.004 -1 -1.07 -1 -1.104 -1 24
-1.087 -1 -1.018 -1 -1.11 -1 -1.148 -1 28
-1.129 -1 -1.034 -1 -1.058 -1 -1.078 -1 6
-1.068 -1 -1.016 -1 -1.134 -1 -1.186 -1 35
-1.16 -1 -1.042 -1 -1.084 -1 -1.114 -1 11
-1.099 -1 -1.024 -1 -1.028 -1 -1.038 -1 2
-1.033 -1 -1.006 -1 -1.124 -1 -1.178 -1 33
-1.151 -1 -1.046 -1 -1.174 -1 -1.234 -1 42
-1.204 -1 -1.076 -1 -1.178 -1 -1.236 -1 27
-1.207 -1 -1.066 -1 -1.218 -1 -1.27 -1 36
-1.244 -1 -1.06 -1 -1.068 -1 -1.1 -1 1
-1.084 -1 -1.01 -1 -1.136 -1 -1.168 -1 40
-1.152 -1 -1.046 -1 -1.096 -1 -1.118 -1 15
-1.107 -1 -1.014 -1 -1.112 -1 -1.18 -1 37
-1.146 -1 -1.042 -1 -1.22 -1 -1.302 -1 47
-1.261 -1 -1.12 -1 -1.186 -1 -1.232 -1 20
-1.209 -1 -1.07 -1 -1.224 -1 -1.32 -1 43
-1.272 -1 -1.078 -1 -1.186 -1 -1.25 -1 37
-1.218 -1 -1.066 -1 -1.112 -1 -1.16 -1 11
-1.136 -1 -1.028 -1 -1.078 -1 -1.124 -1 14
-1.101 -1 -1.03 -1 -1.184 -1 -1.256 -1 46
-1.22 -1 -1.052 -1 -1.184 -1 -1.25 -1 36
-1.217 -1 -1.076 -1 -1.154 -1 -1.216 -1 25
-1.185 -1 -1.048 -1 -1.058 -1 -1.08 -1 3
-1.069 -1 -1.004 -1 -1.034 -1 -1.05 -1 9
-1.042 -1 -1.006 -1 -1.138 -1 -1.206 -1 39
-1.172 -1 -1.052 -1 -1.094 -1 -1.126 -1 9
-1.11 -1 -1.024 -1 -1.03 -1 -1.038 -1 2
-1.034 -1 -1 -1 -1.1 -1 -1.144 -1 33
-1.122 -1 -1.032 -1 -1.136 -1 -1.198 -1 27
-1.167 -1 -1.052 -1 -1.132 -1 -1.17 -1 29
-1.151 -1 -1.052 -1 -1.06 -1 -1.092 -1 3
-1.076 -1 -1.018 -1 -1.054 -1 -1.06 -1 10
-1.057 -1 -1.02 -1 -1.128 -1 -1.18 -1 36
-1.154 -1 -1.046 -1 -1.19 -1 -1.236 -1 45
-1.213 -1 -1.05 -1 -1.108 -1 -1.15 -1 17
-1.129 -1 -1.038 -1 -1.11 -1 -1.138 -1 27
-1.124 -1 -1.022 -1 -1.192 -1 -1.238 -1 44
-1.215 -1 -1.052 -1 -1.074 -1 -1.12 -1 8
-1.097 -1 -1.026 -1 -1.126 -1 -1.188 -1 28
-1.157 -1 -1.058 -1 -1.18 -1 -1.22 -1 29
-1.2 -1 -1.06 -1 -1.182 -1 -1.264 -1 42
-1.223 -1 -1.074 -1 -1.102 -1 -1.138 -1 12
-1.12 -1 -1.034 -1 -1.034 -1 -1.062 -1 0
-1.048 -1 -1.012 -1 -1.062 -1 -1.088 -1 14
-1.075 -1 -1.012 -1 -1.064 -1 -1.088 -1 13
-1.076 -1 -1.02 -1 -1.066 -1 -1.108 -1 12
-1.087 -1 -1.026 -1 -1.16 -1 -1.208 -1 36
-1.184 -1 -1.064 -1 -1.072 -1 -1.096 -1 3
-1.084 -1 -1.02 -1 -1.122 -1 -1.176 -1 27
-1.149 -1 -1.048 -1 -1.17 -1 -1.208 -1 30
-1.189 -1 -1.06 -1 -1.142 -1 -1.196 -1 20
-1.169 -1 -1.042 -1 -1.092 -1 -1.134 -1 18
-1.113 -1 -1.03 -1 -1.108 -1 -1.144 -1 22
-1.126 -1 -1.038 -1 -1.164 -1 -1.226 -1 41
-1.195 -1 -1.076 -1 -1.218 -1 -1.256 -1 42
-1.237 -1 -1.068 -1 -1.144 -1 -1.196 -1 23
-1.17 -1 -1.048 -1 -1.084 -1 -1.114 -1 10
-1.099 -1 -1.026 -1 -1.072 -1 -1.1 -1 11
-1.086 -1 -1.004 -1 -1.09 -1 -1.138 -1 24
-1.114 -1 -1.028 -1 -1.08 -1 -1.106 -1 11
-1.093 -1 -1.018 -1 -1.172 -1 -1.24 -1 44
-1.206 -1 -1.08 -1 -1.218 -1 -1.276 -1 43
-1.247 -1 -1.068 -1 -1.24 -1 -1.29 -1 48
-1.265 -1 -1.06 -1 -1.146 -1 -1.196 -1 23
-1.171 -1 -1.048 -1 -1.168 -1 -1.226 -1 33
-1.197 -1 -1.054 -1 -1.064 -1 -1.082 -1 3
-1.073 -1 -1.012 -1 -1.156 -1 -1.234 -1 42
-1.195 -1 -1.072 -1 -1.102 -1 -1.13 -1 9
-1.116 -1 -1.016 -1 -1.05 -1 -1.074 -1 10
-1.062 -1 -1.012 -1 -1.07 -1 -1.112 -1 16
-1.091 -1 -1.032 -1 -1.138 -1 -1.182 -1 32
-1.16 -1 -1.05 -1 -1.054 -1 -1.072 -1 5
-1.063 -1 -1.01 -1 -1.096 -1 -1.134 -1 30
-1.115 -1 -1.03 -1 -1.15 -1 -1.19 -1 28
-1.17 -1 -1.056 -1 -1.13 -1 -1.168 -1 22
-1.149 -1 -1.04 -1 -1.054 -1 -1.068 -1 4
-1.061 -1 -1.01 -1 -1.06 -1 -1.088 -1 17
-1.074 -1 -1.014 -1 -1.112 -1 -1.158 -1 27
-1.135 -1 -1.034 -1 -1.16 -1 -1.206 -1 35
-1.183 -1 -1.052 -1 -1.146 -1 -1.178 -1 24
-1.162 -1 -1.038 -1 -1.158 -1 -1.18 -1 29
-1.169 -1 -1.034 -1 -1.128 -1 -1.174 -1 27
-1.151 -1 -1.044 -1 -1.164 -1 -1.218 -1 31
-1.191 -1 -1.052 -1 -1.222 -1 -1.256 -1 41
-1.239 -1 -1.056 -1 -1.186 -1 -1.23 -1 42
-1.208 -1 -1.056 -1 -1.084 -1 -1.104 -1 8
-1.094 -1 -1.012 -1 -1.106 -1 -1.152 -1 23
-1.129 -1 -1.038 -1 -1.06 -1 -1.086 -1 6
-1.073 -1 -1.014 -1 -1.146 -1 -1.198 -1 38
-1.172 -1 -1.046 -1 -1.2 -1 -1.24 -1 44
-1.22 -1 -1.064 -1 -1.176 -1 -1.232 -1 32
-1.204 -1 -1.062 -1 -1.08 -1 -1.094 -1 6
-1.087 -1 -1.012 -1 -1.13 -1 -1.17 -1 30
-1.15 -1 -1.044 -1 -1.152 -1 -1.198 -1 32
-1.175 -1 -1.04 -1 -1.11 -1 -1.144 -1 20
-1.127 -1 -1.042 -1 -1.066 -1 -1.08 -1 8
-1.073 -1 -1.01 -1 -1.084 -1 -1.118 -1 21
-1.101 -1 -1.022 -1 -1.098 -1 -1.132 -1 20
-1.115 -1 -1.03 -1 -1.054 -1 -1.092 -1 6
-1.073 -1 -1.016 -1 -1.076 -1 -1.104 -1 20
-1.09 -1 -1.016 -1 -1.116 -1 -1.16 -1 26
-1.138 -1 -1.048 -1 -1.116 -1 -1.14 -1 24
-1.128 -1 -1.03 -1 -1.124 -1 -1.156 -1 31
-1.14 -1 -1.024 -1 -1.192 -1 -1.264 -1 48
-1.228 -1 -1.076 -1 -1.124 -1 -1.168 -1 10
-1.146 -1 -1.032 -1 -1.136 -1 -1.196 -1 33
-1.166 -1 -1.036 -1 -1.078 -1 -1.116 -1 16
-1.097 -1 -1.024 -1 -1.098 -1 -1.13 -1 17
-1.114 -1 -1.024 -1 -1.14 -1 -1.2 -1 39
-1.17 -1 -1.066 -1 -1.204 -1 -1.236 -1 38
-1.22 -1 -1.076 -1 -1.244 -1 -1.282 -1 45
-1.263 -1 -1.082 -1 -1.11 -1 -1.136 -1 7
-1.123 -1 -1.018 -1 -1.144 -1 -1.198 -1 36
-1.171 -1 -1.058 -1 -1.112 -1 -1.156 -1 16
-1.134 -1 -1.026 -1 -1.032 -1 -1.052 -1 1
-1.042 -1 -1.004 -1 -1.016 -1 -1.046 -1 3
-1.031 -1 -1.01 -1 -1.13 -1 -1.174 -1 28
-1.152 -1 -1.042 -1 -1.146 -1 -1.198 -1 28
-1.172 -1 -1.048 -1 -1.048 -1 -1.084 -1 0
-1.066 -1 -1.024 -1 -1.212 -1 -1.256 -1 49
-1.234 -1 -1.066 -1 -1.1 -1 -1.118 -1 9
-1.109 -1 -1.028 -1 -1.136 -1 -1.182 -1 30
-1.159 -1 -1.062 -1 -1.174 -1 -1.202 -1 30
-1.188 -1 -1.04 -1 -1.134 -1 -1.152 -1 19
-1.143 -1 -1.052 -1 -1.138 -1 -1.166 -1 23
-1.152 -1 -1.038 -1 -1.106 -1 -1.154 -1 19
-1.13 -1 -1.04 -1 -1.076 -1 -1.108 -1 9
-1.092 -1 -1.016 -1 -1.188 -1 -1.248 -1 49
-1.218 -1 -1.05 -1 -1.164 -1 -1.216 -1 31
-1.19 -1 -1.068 -1 -1.13 -1 -1.178 -1 15
-1.154 -1 -1.042 -1 -1.208 -1 -1.27 -1 49
-1.239 -1 -1.08 -1 -1.196 -1 -1.25 -1 31
-1.223 -1 -1.058 -1 -1.128 -1 -1.18 -1 22
-1.154 -1 -1.044 -1 -1.11 -1 -1.14 -1 19
-1.125 -1 -1.032 -1 -1.07 -1 -1.094 -1 10
-1.082 -1 -1.02 -1 -1.118 -1 -1.184 -1 28
-1.151 -1 -1.046 -1 -1.056 -1 -1.078 -1 5
-1.067 -1 -1.008 -1 -1.17 -1 -1.232 -1 41
-1.201 -1 -1.074 -1 -1.146 -1 -1.172 -1 16
-1.159 -1 -1.032 -1 -1.042 -1 -1.058 -1 4
-1.05 -1 -1.006 -1 -1.052 -1 -1.068 -1 14
-1.06 -1 -1.014 -1 -1.022 -1 -1.032 -1 2
-1.027 -1 -1.004 -1 -1.168 -1 -1.238 -1 43
-1.203 -1 -1.074 -1 -1.142 -1 -1.196 -1 23
-1.169 -1 -1.062 -1 -1.21 -1 -1.264 -1 47
-1.237 -1 -1.082 -1 -1.224 -1 -1.27 -1 42
-1.247 -1 -1.068 -1 -1.188 -1 -1.24 -1 36
-1.214 -1 -1.064 -1 -1.124 -1 -1.152 -1 15
-1.138 -1 -1.034 -1 -1.05 -1 -1.062 -1 3
-1.056 -1 -1.004 -1 -1.052 -1 -1.07 -1 12
-1.061 -1 -1.012 -1 -1.16 -1 -1.23 -1 31
-1.195 -1 -1.058 -1 -1.124 -1 -1.164 -1 17
-1.144 -1 -1.032 -1 -1.066 -1 -1.086 -1 9
-1.076 -1 -1.01 -1 -1.134 -1 -1.176 -1 38
-1.155 -1 -1.05 -1 -1.182 -1 -1.226 -1 38
-1.204 -1 -1.056 -1 -1.196 -1 -1.252 -1 41
-1.224 -1 -1.068 -1 -1.086 -1 -1.116 -1 8
-1.101 -1 -1.01 -1 -1.088 -1 -1.128 -1 23
-1.108 -1 -1.032 -1 -1.158 -1 -1.208 -1 36
-1.183 -1 -1.046 -1 -1.046 -1 -1.076 -1 1
-1.061 -1 -1.014 -1 -1.12 -1 -1.176 -1 32
-1.148 -1 -1.048 -1 -1.186 -1 -1.24 -1 49
-1.213 -1 -1.07 -1 -1.158 -1 -1.198 -1 26
-1.178 -1 -1.062 -1 -1.16 -1 -1.194 -1 31
-1.177 -1 -1.042 -1 -1.126 -1 -1.166 -1 26
-1.146 -1 -1.05 -1 -1.144 -1 -1.19 -1 25
-1.167 -1 -1.052 -1 -1.112 -1 -1.144 -1 19
-1.128 -1 -1.036 -1 -1.044 -1 -1.068 -1 1
-1.056 -1 -1.014 -1 -1.17 -1 -1.266 -1 41
-1.218 -1 -1.082 -1 -1.164 -1 -1.188 -1 28
-1.176 -1 -1.048 -1 -1.134 -1 -1.196 -1 28
-1.165 -1 -1.052 -1 -1.128 -1 -1.164 -1 21
-1.146 -1 -1.038 -1 -1.206 -1 -1.286 -1 47
-1.246 -1 -1.082 -1 -1.2 -1 -1.26 -1 34
-1.23 -1 -1.056 -1 -1.174 -1 -1.256 -1 37
-1.215 -1 -1.076 -1 -1.176 -1 -1.234 -1 32
-1.205 -1 -1.05 -1 -1.208 -1 -1.264 -1 41
-1.236 -1 -1.066 -1 -1.232 -1 -1.288 -1 47
-1.26 -1 -1.078 -1 -1.186 -1 -1.234 -1 27
-1.21 -1 -1.042 -1 -1.164 -1 -1.234 -1 41
-1.199 -1 -1.048 -1 -1.196 -1 -1.248 -1 42
-1.222 -1 -1.074 -1 -1.192 -1 -1.25 -1 40
-1.221 -1 -1.052 -1 -1.154 -1 -1.226 -1 28
-1.19 -1 -1.05 -1 -1.098 -1 -1.13 -1 13
-1.114 -1 -1.036 -1 -1.082 -1 -1.118 -1 19
-1.1 -1 -1.024 -1 -1.026 -1 -1.034 -1 1
-1.03 -1 -1.006 -1 -1.172 -1 -1.206 -1 37
-1.189 -1 -1.056 -1 -1.126 -1 -1.166 -1 17
-1.146 -1 -1.03 -1 -1.092 -1 -1.14 -1 19
-1.116 -1 -1.034 -1 -1.036 -1 -1.042 -1 1
-1.039 -1 -1.006 -1 -1.08 -1 -1.098 -1 20
-1.089 -1 -1.014 -1 -1.094 -1 -1.134 -1 23
-1.114 -1 -1.028 -1 -1.124 -1 -1.154 -1 35
-1.139 -1 -1.034 -1 -1.094 -1 -1.12 -1 16
-1.107 -1 -1.032 -1 -1.156 -1 -1.208 -1 34
-1.182 -1 -1.054 -1 -1.116 -1 -1.138 -1 19
-1.127 -1 -1.03 -1 -1.098 -1 -1.124 -1 29
-1.111 -1 -1.024 -1 -1.09 -1 -1.116 -1 23
-1.103 -1 -1.034 -1 -1.108 -1 -1.148 -1 18
-1.128 -1 -1.032 -1 -1.192 -1 -1.284 -1 48
-1.238 -1 -1.074 -1 -1.242 -1 -1.312 -1 48
-1.277 -1 -1.09 -1 -1.128 -1 -1.178 -1 10
-1.153 -1 -1.048 -1 -1.068 -1 -1.102 -1 6
-1.085 -1 -1.02 -1 -1.206 -1 -1.274 -1 47
-1.24 -1 -1.078 -1 -1.124 -1 -1.172 -1 17
-1.148 -1 -1.034 -1 -1.054 -1 -1.09 -1 6
-1.072 -1 -1.012 -1 -1.066 -1 -1.096 -1 15
-1.081 -1 -1.026 -1 -1.168 -1 -1.258 -1 38
-1.213 -1 -1.078 -1 -1.148 -1 -1.19 -1 17
-1.169 -1 -1.034 -1 -1.214 -1 -1.288 -1 49
-1.251 -1 -1.096 -1 -1.168 -1 -1.226 -1 20
-1.197 -1 -1.044 -1 -1.15 -1 -1.198 -1 30
-1.174 -1 -1.058 -1 -1.13 -1 -1.204 -1 28
-1.167 -1 -1.056 -1 -1.1 -1 -1.134 -1 16
-1.117 -1 -1.024 -1 -1.172 -1 -1.26 -1 33
-1.216 -1 -1.076 -1 -1.094 -1 -1.12 -1 8
-1.107 -1 -1.014 -1 -1.114 -1 -1.174 -1 34
-1.144 -1 -1.05 -1 -1.05 -1 -1.074 -1 0
-1.062 -1 -1.016 -1 -1.056 -1 -1.104 -1 10
-1.08 -1 -1.022 -1 -1.202 -1 -1.248 -1 47
-1.225 -1 -1.058 -1 -1.07 -1 -1.098 -1 4
-1.084 -1 -1.01 -1 -1.044 -1 -1.06 -1 6
-1.052 -1 -1.01 -1 -1.062 -1 -1.078 -1 17
-1.07 -1 -1.012 -1 -1.1 -1 -1.122 -1 20
-1.111 -1 -1.024 -1 -1.092 -1 -1.134 -1 22
-1.113 -1 -1.03 -1 -1.116 -1 -1.158 -1 21
-1.137 -1 -1.044 -1 -1.176 -1 -1.214 -1 31
-1.195 -1 -1.062 -1 -1.138 -1 -1.176 -1 23
-1.157 -1 -1.04 -1 -1.164 -1 -1.206 -1 37
-1.185 -1 -1.048 -1 -1.12 -1 -1.186 -1 20
-1.153 -1 -1.058 -1 -1.126 -1 -1.156 -1 22
-1.141 -1 -1.034 -1 -1.082 -1 -1.12 -1 17
-1.101 -1 -1.016 -1 -1.068 -1 -1.09 -1 13
-1.079 -1 -1.018 -1 -1.17 -1 -1.22 -1 42
-1.195 -1 -1.058 -1 -1.196 -1 -1.24 -1 47
-1.218 -1 -1.062 -1 -1.174 -1 -1.23 -1 30
-1.202 -1 -1.06 -1 -1.072 -1 -1.098 -1 5
-1.085 -1 -1.02 -1 -1.208 -1 -1.276 -1 48
-1.242 -1 -1.082 -1 -1.082 -1 -1.11 -1 0
-1.096 -1 -1.018 -1 -1.042 -1 -1.068 -1 7
-1.055 -1 -1.02 -1 -1.164 -1 -1.216 -1 44
-1.19 -1 -1.058 -1 -1.184 -1 -1.254 -1 30
-1.219 -1 -1.078 -1 -1.206 -1 -1.234 -1 36
-1.22 -1 -1.048 -1 -1.084 -1 -1.13 -1 9
-1.107 -1 -1.038 -1 -1.112 -1 -1.134 -1 19
-1.123 -1 -1.032 -1 -1.092 -1 -1.12 -1 16
-1.106 -1 -1.018 -1 -1.148 -1 -1.212 -1 48
-1.18 -1 -1.054 -1 -1.172 -1 -1.22 -1 30
-1.196 -1 -1.062 -1 -1.084 -1 -1.102 -1 6
-1.093 -1 -1.028 -1 -1.114 -1 -1.14 -1 28
-1.127 -1 -1.034 -1 -1.18 -1 -1.238 -1 42
-1.209 -1 -1.06 -1 -1.184 -1 -1.204 -1 30
-1.194 -1 -1.05 -1 -1.192 -1 -1.254 -1 37
-1.223 -1 -1.05 -1 -1.094 -1 -1.126 -1 17
-1.11 -1 -1.034 -1 -1.034 -1 -1.046 -1 0
-1.04 -1 -1.008 -1 -1.028 -1 -1.054 -1 9
-1.041 -1 -1.01 -1 -1.178 -1 -1.272 -1 48
-1.225 -1 -1.086 -1 -1.116 -1 -1.152 -1 7
-1.134 -1 -1.032 -1 -1.046 -1 -1.072 -1 5
-1.059 -1 -1.016 -1 -1.18 -1 -1.224 -1 44
-1.202 -1 -1.056 -1 -1.14 -1 -1.192 -1 20
-1.166 -1 -1.04 -1 -1.106 -1 -1.138 -1 23
-1.122 -1 -1.03 -1 -1.21 -1 -1.256 -1 48
-1.233 -1 -1.064 -1 -1.152 -1 -1.2 -1 27
-1.176 -1 -1.04 -1 -1.094 -1 -1.14 -1 16
-1.117 -1 -1.034 -1 -1.162 -1 -1.218 -1 37
-1.19 -1 -1.046 -1 -1.066 -1 -1.088 -1 7
-1.077 -1 -1.012 -1 -1.11 -1 -1.152 -1 26
-1.131 -1 -1.04 -1 -1.158 -1 -1.198 -1 34
-1.178 -1 -1.06 -1 -1.108 -1 -1.124 -1 12
-1.116 -1 -1.034 -1 -1.16 -1 -1.224 -1 37
-1.192 -1 -1.074 -1 -1.114 -1 -1.142 -1 13
-1.128 -1 -1.03 -1 -1.132 -1 -1.166 -1 22
-1.149 -1 -1.04 -1 -1.068 -1 -1.104 -1 10
-1.086 -1 -1.022 -1 -1.158 -1 -1.218 -1 45
-1.188 -1 -1.066 -1 -1.214 -1 -1.282 -1 45
-1.248 -1 -1.096 -1 -1.17 -1 -1.218 -1 19
-1.194 -1 -1.054 -1 -1.102 -1 -1.138 -1 14
-1.12 -1 -1.038 -1 -1.094 -1 -1.128 -1 22
-1.111 -1 -1.042 -1 -1.046 -1 -1.058 -1 1
-1.052 -1 -1.006 -1 -1.006 -1 -1.01 -1 0
-1.008 -1 -1 -1 -1.102 -1 -1.138 -1 33
-1.12 -1 -1.026 -1 -1.032 -1 -1.044 -1 2
-1.038 -1 -1.008 -1 -1.19 -1 -1.268 -1 47
-1.229 -1 -1.082 -1 -1.226 -1 -1.28 -1 46
-1.253 -1 -1.078 -1 -1.102 -1 -1.124 -1 7
-1.113 -1 -1.022 -1 -1.082 -1 -1.11 -1 19
-1.096 -1 -1.024 -1 -1.088 -1 -1.128 -1 21
-1.108 -1 -1.03 -1 -1.114 -1 -1.136 -1 22
-1.125 -1 -1.028 -1 -1.108 -1 -1.124 -1 20
-1.116 -1 -1.038 -1 -1.134 -1 -1.144 -1 25
-1.139 -1 -1.036 -1 -1.13 -1 -1.168 -1 28
-1.149 -1 -1.034 -1 -1.11 -1 -1.136 -1 19
-1.123 -1 -1.034 -1 -1.146 -1 -1.178 -1 42
-1.162 -1 -1.04 -1 -1.16 -1 -1.202 -1 37
-1.181 -1 -1.06 -1 -1.106 -1 -1.118 -1 13
-1.112 -1 -1.012 -1 -1.082 -1 -1.114 -1 17
-1.098 -1 -1.018 -1 -1.174 -1 -1.232 -1 42
-1.203 -1 -1.058 -1 -1.134 -1 -1.17 -1 26
-1.152 -1 -1.038 -1 -1.13 -1 -1.178 -1 29
-1.154 -1 -1.044 -1 -1.15 0 -1.218 -1 30
