7 1000 0 4 12 0 0 0 0
-3.234 -1 -2.914 -1 -2.914 -1 -3.078 -1 0
-2.996 -1 -2.668 -1 -2.668 -1 -2.942 -1 0
-2.805 -1 -2.492 -1 -2.492 -1 -2.848 -1 0
-2.67 -1 -2.406 -1 -2.406 -1 -2.79 -1 0
-2.598 -1 -2.288 -1 -2.288 -1 -2.786 -1 0
-2.537 -1 -2.278 -1 -2.278 -1 -2.704 -1 0
-2.491 -1 -2.238 -1 -2.238 -1 -2.736 -1 0
-2.487 -1 -2.246 -1 -2.246 -1 -2.73 -1 0
-2.488 -1 -2.158 -1 -2.158 -1 -2.656 -1 0
-2.407 -1 -2.126 -1 -2.126 -1 -2.59 -1 0
-2.358 -1 -2.058 -1 -2.058 -1 -2.586 -1 0
-2.322 -1 -2.04 -1 -2.04 -1 -2.522 0 0
