9 1000 0.1 8 21 0 0 0 0
-3.635 -1 -3.11 -1 -3.142 -1 -3.364 -1 16
-3.253 -1 -2.812 -1 -2.824 -1 -3.15 -1 19
-2.987 -1 -2.616 -1 -2.664 -1 -3.13 -1 33
-2.897 -1 -2.512 -1 -2.532 -1 -3.032 -1 18
-2.782 -1 -2.41 -1 -2.414 -1 -2.96 -1 12
-2.687 -1 -2.376 -1 -2.376 -1 -2.902 -1 3
-2.639 -1 -2.29 -1 -2.29 -1 -2.86 -1 0
-2.575 -1 -2.246 -1 -2.32 -1 -2.84 -1 48
-2.58 -1 -2.224 -1 -2.306 -1 -2.79 -1 40
-2.548 -1 -2.194 -1 -2.192 -1 -2.742 -1 7
-2.467 -1 -2.148 -1 -2.188 -1 -2.75 -1 17
-2.469 -1 -2.116 -1 -2.156 -1 -2.748 -1 15
-2.452 -1 -2.112 -1 -2.124 -1 -2.782 -1 5
-2.453 -1 -2.154 -1 -2.224 -1 -2.764 -1 44
-2.494 -1 -2.146 -1 -2.162 -1 -2.74 -1 5
-2.451 -1 -2.146 -1 -2.166 -1 -2.702 -1 13
-2.434 -1 -2.116 -1 -2.122 -1 -2.716 -1 6
-2.419 -1 -2.112 -1 -2.164 -1 -2.644 -1 29
-2.404 -1 -2.062 -1 -2.07 -1 -2.674 -1 9
-2.372 -1 -2.038 -1 -2.064 -1 -2.608 -1 20
-2.336 -1 -2.022 -1 -2.058 -1 -2.614 0 16
