10 1000 0.3 1 170 0 0 0 0
-3.834 -1 -3.744 -1 -3.734 -1 -3.742 -2 76
-3.738 -1 -3.65 -1 -3.664 -1 -3.688 -1 91
-3.676 -1 -3.524 -1 -3.578 -1 -3.678 -2 143
-3.628 -1 -3.516 -2 -3.554 -2 -3.682 -1 136
-3.618 -1 -3.544 -1 -3.556 -1 -3.696 -1 72
-3.626 -1 -3.496 -1 -3.51 -1 -3.658 -2 14
-3.584 -1 -3.45 -1 -3.506 -1 -3.618 -2 130
-3.562 -1 -3.466 -1 -3.464 -1 -3.628 -1 44
-3.546 -1 -3.444 -1 -3.48 -1 -3.602 -1 101
-3.541 -1 -3.408 -1 -3.454 -1 -3.604 -2 141
-3.529 -1 -3.408 -1 -3.42 -1 -3.616 -1 28
-3.518 -1 -3.416 -1 -3.448 -1 -3.58 -1 34
-3.514 -1 -3.396 -1 -3.414 -1 -3.546 -2 38
-3.48 -1 -3.318 -1 -3.35 -1 -3.508 -1 71
-3.429 -1 -3.266 -1 -3.36 -1 -3.516 -1 113
-3.438 -1 -3.376 -1 -3.394 -1 -3.514 -2 54
-3.454 -1 -3.256 -1 -3.308 -1 -3.546 -1 123
-3.427 -1 -3.35 -1 -3.352 -1 -3.486 -1 3
-3.419 -1 -3.33 -1 -3.406 -1 -3.556 -2 74
-3.481 -1 -3.376 -1 -3.418 -1 -3.534 -2 104
-3.476 -1 -3.376 -1 -3.39 -1 -3.594 -1 83
-3.492 -1 -3.366 -1 -3.386 -1 -3.508 -2 54
-3.447 -1 -3.3 -1 -3.34 -1 -3.516 -2 99
-3.428 -1 -3.258 -1 -3.334 -1 -3.53 -2 132
-3.432 -1 -3.284 -1 -3.376 -1 -3.526 -2 109
-3.451 -1 -3.316 -2 -3.318 -2 -3.456 -1 2
-3.387 -1 -3.268 -1 -3.302 -1 -3.46 -2 42
-3.381 -1 -3.254 -1 -3.308 -1 -3.524 -1 103
-3.416 -1 -3.306 -1 -3.412 -1 -3.51 -1 108
-3.461 -1 -3.322 -1 -3.404 -1 -3.582 -2 135
-3.493 -1 -3.36 -1 -3.436 -1 -3.618 -1 94
-3.527 -1 -3.34 -1 -3.42 -1 -3.538 -1 128
-3.479 -1 -3.324 -1 -3.384 -1 -3.52 -1 95
-3.452 -1 -3.3 -1 -3.312 -1 -3.564 -1 39
-3.438 -1 -3.314 -1 -3.372 -1 -3.504 -1 97
-3.438 -1 -3.33 -1 -3.39 -1 -3.532 -1 118
-3.461 -1 -3.326 -1 -3.33 -1 -3.508 -1 7
-3.419 -1 -3.224 -1 -3.234 -1 -3.42 -1 35
-3.327 -1 -3.202 -1 -3.216 -1 -3.39 -2 65
-3.303 -1 -3.19 -1 -3.274 -1 -3.466 -1 122
-3.37 -1 -3.262 -1 -3.312 -1 -3.4 -1 123
-3.356 -1 -3.21 -1 -3.298 -1 -3.474 -1 116
-3.386 -1 -3.292 -1 -3.384 -1 -3.596 -1 95
-3.49 -1 -3.328 -1 -3.418 -1 -3.518 -1 144
-3.468 -1 -3.346 -1 -3.374 -1 -3.47 -2 58
-3.422 -1 -3.24 -1 -3.298 -1 -3.484 -1 140
-3.391 -1 -3.264 -1 -3.366 -2 -3.602 -2 135
-3.484 -2 -3.354 -2 -3.358 -2 -3.542 -2 13
-3.45 -2 -3.3 -2 -3.392 -2 -3.598 -1 149
-3.495 -1 -3.338 -1 -3.372 -1 -3.482 -2 117
-3.427 -1 -3.344 -1 -3.364 -1 -3.496 -2 56
-3.43 -1 -3.324 -1 -3.358 -1 -3.586 -2 93
-3.472 -1 -3.288 -1 -3.374 -2 -3.622 -1 110
-3.498 -1 -3.344 -2 -3.352 -2 -3.506 -1 30
-3.429 -1 -3.35 -1 -3.39 -1 -3.496 -1 75
-3.443 -1 -3.354 -1 -3.384 -1 -3.598 -2 51
-3.491 -1 -3.362 -1 -3.446 -1 -3.52 -1 106
-3.483 -1 -3.356 -1 -3.378 -1 -3.544 -1 49
-3.461 -1 -3.352 -1 -3.37 -1 -3.51 -1 102
-3.44 -1 -3.288 -1 -3.284 -1 -3.53 -1 3
-3.407 -1 -3.262 -1 -3.26 -1 -3.472 -2 11
-3.366 -1 -3.28 -1 -3.31 -1 -3.472 -1 74
-3.391 -1 -3.3 -1 -3.348 -1 -3.478 -1 67
-3.413 -1 -3.236 -1 -3.238 -1 -3.422 -1 56
-3.33 -1 -3.208 -1 -3.258 -1 -3.482 -1 73
-3.37 -1 -3.204 -1 -3.208 -1 -3.446 -1 12
-3.327 -1 -3.172 -1 -3.238 -1 -3.406 -2 138
-3.322 -1 -3.174 -1 -3.198 -1 -3.444 -1 92
-3.321 -1 -3.192 -1 -3.282 -1 -3.462 -1 147
-3.372 -1 -3.24 -1 -3.27 -1 -3.432 -1 50
-3.351 -1 -3.25 -1 -3.314 -1 -3.522 -1 71
-3.418 -1 -3.238 -1 -3.282 -1 -3.45 -1 75
-3.366 -1 -3.272 -1 -3.314 -1 -3.496 -1 82
-3.405 -1 -3.298 -1 -3.366 -1 -3.476 -1 137
-3.421 -1 -3.338 -1 -3.348 -1 -3.506 -2 22
-3.427 -1 -3.302 -2 -3.304 -2 -3.46 -2 31
-3.382 -2 -3.224 -2 -3.24 -2 -3.446 -1 8
-3.343 -1 -3.224 -1 -3.288 -1 -3.47 -2 112
-3.379 -1 -3.298 -1 -3.33 -1 -3.502 -2 119
-3.416 -1 -3.272 -1 -3.312 -1 -3.396 -1 57
-3.354 -1 -3.198 -1 -3.2 -1 -3.374 -1 14
-3.287 -1 -3.156 -1 -3.26 -1 -3.47 -1 140
-3.365 -1 -3.272 -1 -3.318 -1 -3.428 -1 91
-3.373 -1 -3.244 -1 -3.248 -1 -3.444 -2 30
-3.346 -1 -3.244 -1 -3.34 -1 -3.48 -2 121
-3.41 -1 -3.252 -1 -3.316 -1 -3.484 -1 142
-3.4 -1 -3.296 -1 -3.302 -1 -3.438 -1 10
-3.37 -1 -3.214 -1 -3.25 -1 -3.496 -1 46
-3.373 -1 -3.246 -1 -3.264 -1 -3.434 -1 32
-3.349 -1 -3.262 -1 -3.334 -1 -3.482 -2 78
-3.408 -1 -3.286 -1 -3.356 -1 -3.464 -1 76
-3.41 -1 -3.258 -1 -3.314 -1 -3.49 -1 80
-3.402 -1 -3.238 -1 -3.264 -1 -3.43 -1 31
-3.347 -1 -3.252 -1 -3.312 -1 -3.46 -1 112
-3.386 -1 -3.238 -1 -3.304 -1 -3.476 -2 60
-3.39 -1 -3.236 -1 -3.32 -1 -3.48 -1 125
-3.4 -1 -3.312 -1 -3.314 -1 -3.474 -1 1
-3.394 -1 -3.228 -1 -3.312 -1 -3.498 -1 96
-3.405 -1 -3.268 -1 -3.336 -1 -3.494 -1 124
-3.415 -1 -3.28 -1 -3.32 -1 -3.466 -1 111
-3.393 -1 -3.286 -1 -3.336 -1 -3.47 -1 60
-3.403 -1 -3.266 -1 -3.282 -1 -3.404 -2 79
-3.343 -1 -3.194 -1 -3.232 -1 -3.386 -1 59
-3.309 -1 -3.176 -1 -3.266 -1 -3.376 -1 124
-3.321 -1 -3.196 -1 -3.242 -1 -3.462 -1 84
-3.352 -1 -3.186 -1 -3.214 -1 -3.428 -1 63
-3.321 -1 -3.2 -1 -3.244 -1 -3.448 -2 116
-3.346 -1 -3.198 -1 -3.286 -1 -3.448 -1 132
-3.367 -1 -3.222 -1 -3.298 -1 -3.436 -2 136
-3.367 -1 -3.186 -1 -3.212 -1 -3.428 -1 66
-3.32 -1 -3.19 -1 -3.234 -1 -3.48 -2 55
-3.357 -1 -3.212 -1 -3.25 -2 -3.504 -2 148
-3.377 -2 -3.232 -2 -3.332 -2 -3.424 -2 136
-3.378 -2 -3.206 -2 -3.256 -2 -3.43 -1 76
-3.343 -1 -3.218 -1 -3.228 -1 -3.488 -1 3
-3.358 -1 -3.186 -1 -3.24 -1 -3.454 -2 131
-3.347 -1 -3.246 -2 -3.258 -2 -3.432 -1 14
-3.345 -1 -3.216 -2 -3.234 -2 -3.396 -2 20
-3.315 -2 -3.17 -2 -3.198 -2 -3.404 -1 63
-3.301 -1 -3.158 -2 -3.184 -2 -3.422 -1 70
-3.303 -1 -3.136 -1 -3.188 -1 -3.384 -1 46
-3.286 -1 -3.136 -1 -3.132 -1 -3.344 -1 21
-3.238 -1 -3.072 -1 -3.074 -1 -3.316 -1 4
-3.195 -1 -3.082 -1 -3.166 -1 -3.382 -1 70
-3.274 -1 -3.182 -1 -3.276 -1 -3.534 -1 109
-3.405 -1 -3.198 -1 -3.306 -1 -3.45 -1 148
-3.378 -1 -3.224 -1 -3.224 -1 -3.414 -1 2
-3.319 -1 -3.26 -1 -3.268 -1 -3.446 -2 15
-3.357 -1 -3.26 -1 -3.306 -1 -3.522 -1 103
-3.414 -1 -3.306 -1 -3.368 -1 -3.502 -2 121
-3.435 -1 -3.278 -1 -3.29 -1 -3.494 -1 40
-3.392 -1 -3.24 -1 -3.288 -1 -3.448 -1 103
-3.368 -1 -3.198 -1 -3.212 -1 -3.418 -2 8
-3.315 -1 -3.224 -1 -3.252 -1 -3.5 -2 25
-3.376 -1 -3.25 -1 -3.296 -1 -3.464 -1 80
-3.38 -1 -3.304 -1 -3.368 -1 -3.42 -1 69
-3.394 -1 -3.218 -1 -3.226 -1 -3.42 -1 5
-3.323 -1 -3.242 -1 -3.282 -1 -3.464 -1 141
-3.373 -1 -3.202 -1 -3.216 -1 -3.396 -1 16
-3.306 -1 -3.166 -1 -3.262 -1 -3.434 -1 130
-3.348 -1 -3.242 -1 -3.318 -1 -3.418 -1 71
-3.368 -1 -3.264 -1 -3.316 -1 -3.514 -2 74
-3.415 -1 -3.266 -1 -3.32 -1 -3.444 -2 71
-3.382 -1 -3.292 -1 -3.29 -1 -3.5 -2 1
-3.395 -1 -3.24 -1 -3.302 -1 -3.426 -1 71
-3.364 -1 -3.188 -1 -3.208 -1 -3.414 -1 45
-3.311 -1 -3.156 -1 -3.154 -1 -3.4 -2 10
-3.277 -1 -3.176 -1 -3.208 -1 -3.39 -1 25
-3.299 -1 -3.174 -1 -3.19 -1 -3.346 -1 15
-3.268 -1 -3.118 -1 -3.122 -1 -3.302 -1 8
-3.212 -1 -3.086 -1 -3.174 -1 -3.366 -1 122
-3.27 -1 -3.096 -1 -3.16 -1 -3.396 -1 73
-3.278 -1 -3.138 -1 -3.172 -1 -3.414 -1 85
-3.293 -1 -3.136 -1 -3.216 -1 -3.446 -1 101
-3.331 -1 -3.166 -1 -3.178 -1 -3.36 -1 28
-3.269 -1 -3.102 -1 -3.182 -1 -3.358 -1 115
-3.27 -1 -3.154 -1 -3.168 -1 -3.324 -2 22
-3.246 -1 -3.148 -2 -3.17 -2 -3.416 -1 21
-3.293 -1 -3.17 -1 -3.248 -1 -3.344 -1 112
-3.296 -1 -3.162 -1 -3.208 -1 -3.392 -1 97
-3.3 -1 -3.176 -1 -3.278 -1 -3.388 -1 126
-3.333 -1 -3.208 -1 -3.208 -1 -3.424 -1 1
-3.316 -1 -3.214 -1 -3.29 -1 -3.39 -1 129
-3.34 -1 -3.178 -1 -3.268 -1 -3.444 -1 111
-3.356 -1 -3.222 -1 -3.242 -1 -3.426 -1 8
-3.334 -1 -3.222 -1 -3.224 -1 -3.428 -1 2
-3.326 -1 -3.236 -1 -3.354 -1 -3.454 -1 118
-3.404 -1 -3.304 -1 -3.32 -1 -3.506 -1 50
-3.413 -1 -3.27 -1 -3.308 -1 -3.474 -1 136
-3.391 -1 -3.296 -1 -3.396 -1 -3.474 0 123
