8 1000 0.9 3 55 0 0 0 0
-3.509 -1 -3.232 -1 -3.296 -1 -3.408 -1 294
-3.352 -1 -3.022 -1 -3.16 -1 -3.268 -1 364
-3.214 -1 -2.934 -1 -3.074 -1 -3.198 -1 388
-3.136 -1 -2.836 -1 -2.942 -1 -3.212 -1 175
-3.077 -1 -2.786 -1 -3 -1 -3.252 -1 449
-3.126 -1 -2.796 -1 -2.884 -1 -3.218 -1 122
-3.051 -1 -2.734 -1 -3.042 -1 -3.194 -1 440
-3.118 -1 -2.802 -1 -2.97 -1 -3.14 -1 295
-3.055 -1 -2.74 -1 -2.846 -1 -3.116 -1 134
-2.981 -1 -2.696 -1 -3.016 -1 -3.162 -1 351
-3.089 -1 -2.802 -1 -2.918 -1 -3.13 -1 162
-3.024 -1 -2.714 -1 -2.756 -1 -3.004 -1 40
-2.88 -1 -2.596 -1 -2.74 -1 -3.064 -1 162
-2.902 -1 -2.63 -1 -2.874 -1 -3.128 -1 256
-3.001 -1 -2.714 -1 -2.9 -1 -3.148 -1 199
-3.024 -1 -2.706 -1 -2.782 -1 -3.094 -1 91
-2.938 -1 -2.658 -1 -2.86 -1 -3.184 -1 240
-3.022 -1 -2.72 -1 -3.004 -1 -3.15 -1 395
-3.077 -1 -2.762 -1 -3.072 -1 -3.226 -1 412
-3.149 -1 -2.85 -1 -2.918 -1 -3.096 -1 114
-3.007 -1 -2.67 -1 -2.928 -1 -3.084 -1 398
-3.006 -1 -2.706 -1 -2.824 -1 -3.164 -1 77
-2.994 -1 -2.69 -1 -2.986 -1 -3.212 -1 400
-3.099 -1 -2.8 -1 -2.874 -1 -3.086 -1 120
-2.98 -1 -2.664 -1 -2.902 -1 -3.052 -1 200
-2.977 -1 -2.656 -1 -2.946 -1 -3.188 -1 375
-3.067 -1 -2.804 -1 -3.03 -1 -3.114 -1 316
-3.072 -1 -2.77 -1 -2.96 -1 -3.26 -1 293
-3.11 -1 -2.738 -1 -3.002 -1 -3.18 -1 429
-3.091 -1 -2.768 -1 -2.91 -1 -3.098 -1 153
-3.004 -1 -2.696 -1 -2.712 -1 -3.088 -1 20
-2.9 -1 -2.628 -1 -2.774 -1 -3.034 -1 160
-2.904 -1 -2.654 -1 -2.852 -1 -3.042 -1 274
-2.947 -1 -2.65 -1 -2.794 -1 -3.086 -1 225
-2.94 -1 -2.63 -1 -2.642 -1 -3.01 -1 18
-2.826 -1 -2.558 -1 -2.832 -1 -3.09 -1 284
-2.961 -1 -2.622 -1 -2.826 -1 -3.14 -1 300
-2.983 -1 -2.682 -1 -2.906 -1 -3.104 -1 276
-3.005 -1 -2.672 -1 -2.942 -1 -3.206 -1 377
-3.074 -1 -2.78 -1 -2.864 -1 -3.076 -1 227
-2.97 -1 -2.658 -1 -2.882 -1 -3.14 -1 202
-3.011 -1 -2.716 -1 -3.042 -1 -3.172 -1 413
-3.107 -1 -2.788 -1 -2.9 -1 -3.136 -1 104
-3.018 -1 -2.712 -1 -2.722 -1 -3.024 -1 8
-2.873 -1 -2.61 -1 -2.752 -1 -3.036 -1 151
-2.894 -1 -2.574 -1 -2.81 -1 -3.082 -1 295
-2.946 -1 -2.624 -1 -2.972 -1 -3.164 -1 399
-3.068 -1 -2.792 -1 -2.878 -1 -3.122 -1 162
-3 -1 -2.726 -1 -2.95 -1 -3.194 -1 364
-3.072 -1 -2.724 -1 -2.914 -1 -3.112 -1 201
-3.013 -1 -2.746 -1 -2.996 -1 -3.256 -1 367
-3.126 -1 -2.832 -1 -3.12 -1 -3.178 -1 371
-3.149 -1 -2.834 -1 -2.918 -1 -3.162 -1 139
-3.04 -1 -2.734 -1 -2.872 -1 -3.154 -1 144
-3.013 -1 -2.718 -1 -2.982 -1 -3.164 0 413
