8 1000 0.4 3 70 0 0 0 0
-3.502 -1 -3.134 -1 -3.204 -1 -3.37 -1 157
-3.287 -1 -2.934 -1 -2.96 -1 -3.164 -1 104
-3.062 -1 -2.782 -1 -2.906 -1 -3.154 -1 146
-3.03 -1 -2.73 -1 -2.732 -1 -3.066 -1 5
-2.899 -1 -2.618 -1 -2.796 -1 -3.054 -1 146
-2.925 -1 -2.642 -1 -2.676 -1 -2.978 -1 25
-2.827 -1 -2.554 -1 -2.752 -1 -3.052 -1 154
-2.902 -1 -2.598 -1 -2.736 -1 -3.048 -1 141
-2.892 -1 -2.588 -1 -2.696 -1 -3.036 -1 122
-2.866 -1 -2.54 -1 -2.63 -1 -2.946 -1 66
-2.788 -1 -2.484 -1 -2.648 -1 -2.98 -1 149
-2.814 -1 -2.534 -1 -2.558 -1 -2.906 -1 17
-2.732 -1 -2.442 -1 -2.644 -1 -2.94 -1 183
-2.792 -1 -2.502 -1 -2.668 -1 -2.904 -1 145
-2.786 -1 -2.482 -1 -2.58 -1 -2.914 -1 100
-2.747 -1 -2.44 -1 -2.56 -1 -2.876 -1 86
-2.718 -1 -2.466 -1 -2.508 -1 -2.846 -1 46
-2.677 -1 -2.396 -1 -2.516 -1 -2.922 -1 103
-2.719 -1 -2.39 -1 -2.626 -1 -2.954 -1 171
-2.79 -1 -2.466 -1 -2.48 -1 -2.844 -1 15
-2.662 -1 -2.392 -1 -2.396 -1 -2.762 -1 2
-2.579 -1 -2.322 -1 -2.44 -1 -2.844 -1 106
-2.642 -1 -2.334 -1 -2.394 -1 -2.738 -1 58
-2.566 -1 -2.302 -1 -2.432 -1 -2.854 -1 108
-2.643 -1 -2.312 -1 -2.482 -1 -2.878 -1 125
-2.68 -1 -2.35 -1 -2.57 -1 -2.886 -1 185
-2.728 -1 -2.436 -1 -2.552 -1 -2.936 -1 135
-2.744 -1 -2.472 -1 -2.632 -1 -2.93 -1 141
-2.781 -1 -2.476 -1 -2.698 -1 -3.044 -1 188
-2.871 -1 -2.582 -1 -2.62 -1 -2.984 -1 43
-2.802 -1 -2.524 -1 -2.528 -1 -2.902 -1 20
-2.715 -1 -2.426 -1 -2.63 -1 -2.842 -1 137
-2.736 -1 -2.422 -1 -2.466 -1 -2.822 -1 35
-2.644 -1 -2.348 -1 -2.508 -1 -2.856 -1 120
-2.682 -1 -2.376 -1 -2.386 -1 -2.784 -1 11
-2.585 -1 -2.256 -1 -2.428 -1 -2.816 -1 151
-2.622 -1 -2.306 -1 -2.386 -1 -2.806 -1 57
-2.596 -1 -2.27 -1 -2.352 -1 -2.776 -1 59
-2.564 -1 -2.224 -1 -2.344 -1 -2.77 -1 71
-2.557 -1 -2.268 -1 -2.456 -1 -2.778 -1 113
-2.617 -1 -2.3 -1 -2.478 -1 -2.794 -1 168
-2.636 -1 -2.28 -1 -2.464 -1 -2.9 -1 139
-2.682 -1 -2.334 -1 -2.526 -1 -2.848 -1 168
-2.687 -1 -2.348 -1 -2.412 -1 -2.806 -1 79
-2.609 -1 -2.28 -1 -2.294 -1 -2.7 -1 21
-2.497 -1 -2.228 -1 -2.472 -1 -2.868 -1 176
-2.67 -1 -2.386 -1 -2.438 -1 -2.824 -1 43
-2.631 -1 -2.288 -1 -2.32 -1 -2.696 -1 26
-2.508 -1 -2.216 -1 -2.29 -1 -2.762 -1 63
-2.526 -1 -2.222 -1 -2.274 -1 -2.708 -1 26
-2.491 -1 -2.18 -1 -2.442 -1 -2.766 -1 165
-2.604 -1 -2.312 -1 -2.39 -1 -2.7 -1 59
-2.545 -1 -2.22 -1 -2.4 -1 -2.74 -1 148
-2.57 -1 -2.284 -1 -2.442 -1 -2.798 -1 112
-2.62 -1 -2.306 -1 -2.508 -1 -2.824 -1 163
-2.666 -1 -2.342 -1 -2.516 -1 -2.9 -1 140
-2.708 -1 -2.396 -1 -2.516 -1 -2.794 -1 75
-2.655 -1 -2.342 -1 -2.382 -1 -2.796 -1 61
-2.589 -1 -2.29 -1 -2.462 -1 -2.784 -1 117
-2.623 -1 -2.322 -1 -2.43 -1 -2.736 -1 87
-2.583 -1 -2.296 -1 -2.436 -1 -2.772 -1 87
-2.604 -1 -2.292 -1 -2.458 -1 -2.772 -1 109
-2.615 -1 -2.338 -1 -2.404 -1 -2.82 -1 47
-2.612 -1 -2.29 -1 -2.396 -1 -2.748 -1 110
-2.572 -1 -2.258 -1 -2.306 -1 -2.666 -1 34
-2.486 -1 -2.168 -1 -2.354 -1 -2.646 -1 114
-2.5 -1 -2.154 -1 -2.398 -1 -2.77 -1 162
-2.584 -1 -2.272 -1 -2.346 -1 -2.584 -1 50
-2.465 -1 -2.148 -1 -2.446 -1 -2.786 -1 185
-2.616 -1 -2.324 -1 -2.456 -1 -2.78 0 126
