9 1000 0.9 3 249 0 0 0 0
-3.675 -1 -3.342 -1 -3.42 -1 -3.578 -1 208
-3.499 -1 -3.21 -1 -3.37 -1 -3.466 -1 354
-3.418 -1 -3.116 -1 -3.244 -1 -3.408 -1 230
-3.326 -1 -3.026 -1 -3.302 -1 -3.386 -1 436
-3.344 -1 -3.1 -1 -3.24 -1 -3.366 -1 235
-3.303 -1 -2.95 -1 -3.06 -1 -3.282 -1 237
-3.171 -1 -2.88 -1 -2.938 -1 -3.166 -1 70
-3.052 -1 -2.75 -1 -2.84 -1 -3.09 -1 59
-2.965 -1 -2.706 -1 -3.028 -1 -3.264 -1 441
-3.146 -1 -2.81 -1 -3.094 -1 -3.294 -1 288
-3.194 -1 -2.914 -1 -3.12 -1 -3.304 -1 429
-3.212 -1 -2.892 -1 -3.136 -1 -3.38 -1 377
-3.258 -1 -2.916 -1 -3.116 -1 -3.324 -1 296
-3.22 -1 -2.872 -1 -3.044 -1 -3.298 -1 178
-3.171 -1 -2.876 -1 -2.886 -1 -3.156 -1 18
-3.021 -1 -2.788 -1 -2.946 -1 -3.24 -1 177
-3.093 -1 -2.772 -1 -2.992 -1 -3.31 -1 272
-3.151 -1 -2.842 -1 -2.966 -1 -3.204 -1 116
-3.085 -1 -2.76 -1 -2.784 -1 -3.066 -1 36
-2.925 -1 -2.604 -1 -2.896 -1 -3.208 -1 304
-3.052 -1 -2.736 -1 -2.916 -1 -3.11 -1 158
-3.013 -1 -2.694 -1 -3.118 -1 -3.274 -1 443
-3.196 -1 -2.858 -1 -3.156 -1 -3.358 -1 364
-3.257 -1 -2.942 -1 -3.036 -1 -3.248 -1 107
-3.142 -1 -2.9 -1 -2.968 -1 -3.202 -1 112
-3.085 -1 -2.824 -1 -3.038 -1 -3.236 -1 270
-3.137 -1 -2.844 -1 -3.036 -1 -3.324 -1 189
-3.18 -1 -2.91 -1 -2.976 -1 -3.234 -1 51
-3.105 -1 -2.796 -1 -3.036 -1 -3.272 -1 268
-3.154 -1 -2.816 -1 -2.898 -1 -3.22 -1 89
-3.059 -1 -2.752 -1 -2.846 -1 -3.128 -1 94
-2.987 -1 -2.67 -1 -2.882 -1 -3.212 -1 204
-3.047 -1 -2.758 -1 -3.138 -1 -3.308 -1 438
-3.223 -1 -2.942 -1 -3.14 -1 -3.38 -1 180
-3.26 -1 -2.912 -1 -2.974 -1 -3.218 -1 107
-3.096 -1 -2.778 -1 -3.076 -1 -3.29 -1 318
-3.183 -1 -2.836 -1 -2.93 -1 -3.244 -1 87
-3.087 -1 -2.724 -1 -2.806 -1 -3.174 -1 46
-2.99 -1 -2.708 -1 -2.978 -1 -3.264 -1 261
-3.121 -1 -2.77 -1 -2.804 -1 -3.152 -1 48
-2.978 -1 -2.694 -1 -2.912 -1 -3.178 -1 240
-3.045 -1 -2.75 -1 -2.986 -1 -3.236 -1 329
-3.111 -1 -2.792 -1 -2.882 -1 -3.156 -1 100
-3.019 -1 -2.778 -1 -3.042 -1 -3.284 -1 353
-3.163 -1 -2.822 -1 -3.138 -1 -3.28 -1 378
-3.209 -1 -2.89 -1 -3.028 -1 -3.21 -1 158
-3.119 -1 -2.796 -1 -2.83 -1 -3.162 -1 77
-2.996 -1 -2.718 -1 -2.886 -1 -3.236 -1 136
-3.061 -1 -2.766 -1 -2.98 -1 -3.282 -1 259
-3.131 -1 -2.812 -1 -3.042 -1 -3.284 -1 226
-3.163 -1 -2.822 -1 -2.89 -1 -3.178 -1 79
-3.034 -1 -2.724 -1 -2.896 -1 -3.154 -1 141
-3.025 -1 -2.736 -1 -2.99 -1 -3.302 -1 237
-3.146 -1 -2.816 -1 -3.06 -1 -3.324 -2 241
-3.192 -1 -2.876 -1 -2.89 -1 -3.16 -1 10
-3.025 -1 -2.78 -1 -2.928 -1 -3.162 -1 178
-3.045 -1 -2.774 -1 -2.94 -1 -3.178 -1 131
-3.059 -1 -2.798 -1 -2.876 -1 -3.124 -1 97
-3 -1 -2.75 -1 -2.918 -1 -3.19 -1 174
-3.054 -1 -2.762 -1 -3.168 -1 -3.306 -1 419
-3.237 -1 -2.922 -1 -2.946 -1 -3.152 -1 26
-3.049 -1 -2.77 -1 -2.94 -1 -3.232 -1 182
-3.086 -1 -2.788 -1 -3.07 -1 -3.246 -1 390
-3.158 -1 -2.878 -1 -3.006 -1 -3.284 -1 146
-3.145 -1 -2.83 -1 -3.026 -1 -3.234 -1 278
-3.13 -1 -2.806 -1 -2.816 -1 -3.124 -1 11
-2.97 -1 -2.684 -1 -2.964 -1 -3.208 -1 330
-3.086 -1 -2.79 -1 -3.14 -1 -3.306 -1 443
-3.223 -1 -2.876 -1 -2.978 -1 -3.258 -2 94
-3.118 -1 -2.836 -1 -3.04 -1 -3.282 -1 278
-3.161 -1 -2.888 -1 -2.956 -1 -3.168 -1 96
-3.062 -1 -2.79 -1 -2.852 -1 -3.182 -1 40
-3.017 -1 -2.71 -1 -2.772 -1 -3.026 -1 66
-2.899 -1 -2.646 -1 -2.676 -1 -2.994 -1 30
-2.835 -1 -2.554 -1 -2.922 -1 -3.192 -1 331
-3.057 -1 -2.746 -1 -2.822 -1 -3.146 -1 64
-2.984 -1 -2.658 -1 -2.702 -1 -3.042 -1 26
-2.872 -1 -2.604 -1 -2.978 -1 -3.206 -1 414
-3.092 -1 -2.79 -1 -2.802 -1 -3.108 -1 11
-2.955 -1 -2.67 -1 -3.024 -1 -3.252 -1 327
-3.138 -1 -2.81 -1 -2.87 -1 -3.17 -1 56
-3.02 -1 -2.7 -1 -2.834 -1 -3.12 -1 102
-2.977 -1 -2.682 -1 -2.9 -1 -3.2 -1 232
-3.05 -1 -2.736 -1 -2.938 -1 -3.19 -1 239
-3.064 -1 -2.762 -1 -3.054 -1 -3.218 -1 378
-3.136 -1 -2.804 -1 -2.924 -1 -3.192 -1 149
-3.058 -1 -2.696 -1 -2.834 -1 -3.124 -1 122
-2.979 -1 -2.684 -1 -2.8 -1 -3.132 -1 95
-2.966 -1 -2.712 -1 -2.998 -1 -3.23 -1 309
-3.114 -1 -2.822 -1 -3.078 -1 -3.342 -1 241
-3.21 -1 -2.838 -1 -2.878 -1 -3.214 -1 41
-3.046 -1 -2.808 -1 -3.06 -1 -3.304 -1 374
-3.182 -1 -2.83 -1 -3.044 -1 -3.378 -1 250
-3.211 -1 -2.862 -1 -3.064 -1 -3.29 -1 252
-3.177 -1 -2.812 -1 -3.06 -1 -3.244 -1 284
-3.152 -1 -2.814 -1 -2.938 -1 -3.202 -1 139
-3.07 -1 -2.79 -1 -3.056 -1 -3.296 -1 359
-3.176 -1 -2.878 -1 -2.998 -1 -3.23 -1 126
-3.114 -1 -2.806 -1 -2.854 -1 -3.118 -1 62
-2.986 -1 -2.656 -1 -2.874 -1 -3.21 -2 214
-3.042 -1 -2.786 -1 -3.116 -1 -3.276 -1 350
-3.196 -1 -2.856 -1 -3.194 -1 -3.372 -1 370
-3.283 -1 -2.918 -1 -3.19 -1 -3.364 -1 394
-3.277 -1 -2.932 -1 -3.016 -1 -3.28 -1 132
-3.148 -1 -2.87 -1 -2.98 -1 -3.224 -1 175
-3.102 -1 -2.84 -1 -3.158 -1 -3.254 -1 443
-3.206 -1 -2.9 -1 -3.162 -1 -3.412 -1 269
-3.287 -1 -2.946 -1 -3 -1 -3.234 -1 42
-3.117 -1 -2.806 -1 -2.862 -1 -3.14 -1 47
-3.001 -1 -2.72 -1 -2.75 -1 -3.122 -1 23
-2.936 -1 -2.7 -1 -3.052 -1 -3.258 -2 399
-3.155 -1 -2.806 -1 -2.972 -1 -3.258 -1 157
-3.115 -1 -2.794 -1 -2.85 -1 -3.144 -1 77
-2.997 -1 -2.696 -1 -2.748 -1 -3.054 -1 52
-2.901 -1 -2.658 -1 -2.68 -1 -3.034 -1 10
-2.857 -1 -2.654 -1 -3.1 -1 -3.31 -1 442
-3.205 -1 -2.856 -1 -3.208 -1 -3.288 -1 445
-3.248 -1 -2.93 -1 -3.124 -1 -3.342 -1 317
-3.233 -1 -2.882 -1 -3.144 -1 -3.294 -1 422
-3.219 -1 -2.942 -1 -3.012 -1 -3.258 -1 63
-3.135 -1 -2.838 -1 -3.234 -1 -3.384 -1 404
-3.309 -1 -2.992 -1 -3.098 -1 -3.282 -1 160
-3.19 -1 -2.906 -1 -3.004 -1 -3.212 -1 112
-3.108 -1 -2.82 -1 -3.154 -1 -3.35 -1 446
-3.252 -1 -2.944 -1 -2.966 -1 -3.23 -1 17
-3.098 -1 -2.752 -1 -3.078 -1 -3.35 -1 441
-3.214 -1 -2.882 -1 -3.158 -1 -3.374 -1 402
-3.266 -1 -2.984 -1 -2.998 -1 -3.27 -1 45
-3.134 -1 -2.81 -1 -3.096 -1 -3.294 -1 330
-3.195 -1 -2.876 -1 -3.13 -1 -3.362 -1 410
-3.246 -1 -2.972 -1 -3.08 -1 -3.292 -1 121
-3.186 -1 -2.916 -1 -2.918 -1 -3.2 -1 4
-3.059 -1 -2.83 -1 -2.95 -1 -3.274 -1 170
-3.112 -1 -2.796 -1 -2.996 -1 -3.25 -1 362
-3.123 -1 -2.85 -1 -3.194 -1 -3.378 -1 421
-3.286 -1 -2.952 -1 -3.15 -1 -3.37 -1 415
-3.26 -1 -2.97 -1 -2.996 -1 -3.298 -2 40
-3.147 -1 -2.798 -1 -3.13 -1 -3.358 -1 414
-3.244 -1 -2.954 -1 -3.054 -1 -3.236 -2 153
-3.145 -1 -2.862 -1 -3.1 -1 -3.338 -1 302
-3.219 -1 -2.932 -1 -3.13 -1 -3.326 -2 314
-3.228 -1 -2.922 -2 -3.152 -1 -3.338 -1 337
-3.245 -1 -2.932 -1 -3.086 -1 -3.284 -1 205
-3.185 -1 -2.864 -1 -3.096 -1 -3.354 -1 271
-3.225 -1 -2.91 -1 -3.018 -1 -3.266 -1 117
-3.142 -1 -2.886 -1 -2.968 -1 -3.144 -1 110
-3.056 -1 -2.784 -1 -3.016 -1 -3.322 -1 284
-3.169 -1 -2.862 -1 -3.074 -1 -3.312 -1 275
-3.193 -1 -2.882 -1 -2.968 -1 -3.224 -1 81
-3.096 -1 -2.842 -1 -3.024 -1 -3.304 -1 223
-3.164 -1 -2.856 -1 -2.918 -1 -3.254 -1 39
-3.086 -1 -2.792 -1 -2.846 -1 -3.144 -1 33
-2.995 -1 -2.716 -1 -2.778 -1 -3.124 -1 77
-2.951 -1 -2.652 -1 -2.746 -1 -3.068 -1 115
-2.907 -1 -2.622 -1 -2.94 -1 -3.172 -1 291
-3.056 -1 -2.684 -1 -2.996 -1 -3.198 -1 331
-3.097 -1 -2.764 -1 -2.898 -1 -3.232 -1 131
-3.065 -1 -2.75 -1 -3.014 -1 -3.204 -1 329
-3.109 -1 -2.78 -1 -2.938 -1 -3.294 -1 160
-3.116 -1 -2.832 -1 -2.906 -1 -3.172 -1 67
-3.039 -1 -2.768 -1 -3.072 -1 -3.39 -1 393
-3.231 -1 -2.872 -1 -2.902 -1 -3.168 -1 48
-3.035 -1 -2.716 -1 -3.014 -1 -3.258 -1 344
-3.136 -1 -2.774 -1 -2.796 -1 -3.158 -1 35
-2.977 -1 -2.694 -1 -2.784 -1 -3.118 -1 77
-2.951 -1 -2.652 -1 -2.996 -1 -3.188 -1 322
-3.092 -1 -2.742 -1 -3.09 -1 -3.268 -1 396
-3.179 -1 -2.824 -1 -3.004 -1 -3.26 -1 307
-3.132 -1 -2.802 -1 -2.98 -1 -3.25 -1 186
-3.115 -1 -2.84 -1 -2.896 -1 -3.194 -1 27
-3.045 -1 -2.766 -1 -2.862 -1 -3.188 -1 95
-3.025 -1 -2.734 -1 -3.028 -1 -3.258 -1 313
-3.143 -1 -2.838 -1 -3.026 -1 -3.302 -1 262
-3.164 -1 -2.88 -1 -3 -1 -3.27 -1 162
-3.135 -1 -2.822 -1 -3.088 -1 -3.286 -1 357
-3.187 -1 -2.874 -1 -3.044 -1 -3.284 -1 270
-3.164 -1 -2.852 -1 -3.034 -1 -3.32 -1 209
-3.177 -1 -2.85 -1 -2.85 -1 -3.18 -1 9
-3.015 -1 -2.754 -1 -2.91 -1 -3.198 -1 151
-3.054 -1 -2.796 -1 -3.058 -1 -3.224 -1 306
-3.141 -1 -2.79 -1 -2.828 -1 -3.146 -1 40
-2.987 -1 -2.712 -1 -3.07 -1 -3.362 -1 432
-3.216 -1 -2.888 -1 -2.992 -1 -3.286 -1 205
-3.139 -1 -2.802 -1 -3.064 -1 -3.278 -1 435
-3.171 -1 -2.828 -1 -2.834 -1 -3.25 -1 35
-3.042 -1 -2.73 -1 -3.08 -1 -3.316 -1 420
-3.198 -1 -2.86 -1 -3.132 -1 -3.396 -1 416
-3.264 -1 -2.98 -1 -3.138 -1 -3.296 -1 281
-3.217 -1 -2.884 -1 -2.954 -1 -3.21 -1 164
-3.082 -1 -2.762 -1 -2.944 -1 -3.182 -1 214
-3.063 -1 -2.78 -1 -3.1 -1 -3.338 -1 385
-3.219 -1 -2.918 -1 -2.932 -1 -3.264 -1 25
-3.098 -1 -2.852 -1 -3.128 -1 -3.392 -1 415
-3.26 -1 -2.934 -1 -3.022 -1 -3.286 -1 66
-3.154 -1 -2.87 -1 -3.012 -1 -3.3 -1 156
-3.156 -1 -2.852 -1 -3.114 -1 -3.36 -1 378
-3.237 -1 -2.902 -1 -3.142 -1 -3.314 -1 313
-3.228 -1 -2.9 -1 -3.032 -1 -3.262 -1 140
-3.147 -1 -2.826 -1 -3.074 -1 -3.282 -1 288
-3.178 -1 -2.798 -1 -2.83 -1 -3.172 -1 35
-3.001 -1 -2.75 -1 -3.09 -1 -3.252 -1 346
-3.171 -1 -2.844 -1 -2.86 -1 -3.208 -1 8
-3.034 -1 -2.778 -1 -2.856 -1 -3.204 -1 85
-3.03 -1 -2.7 -1 -2.934 -1 -3.264 -1 295
-3.099 -1 -2.784 -1 -2.988 -1 -3.238 -2 229
-3.113 -1 -2.79 -1 -3.1 -1 -3.27 -1 313
-3.185 -1 -2.832 -1 -2.87 -1 -3.116 -1 60
-2.993 -1 -2.696 -1 -2.982 -1 -3.264 -1 273
-3.123 -1 -2.808 -1 -3.15 -1 -3.292 -1 351
-3.221 -1 -2.882 -1 -3.106 -1 -3.276 -1 330
-3.191 -1 -2.85 -1 -2.976 -1 -3.322 -2 119
-3.149 -1 -2.82 -1 -2.908 -1 -3.132 -1 91
-3.02 -1 -2.748 -1 -2.792 -1 -3.108 -1 41
-2.95 -1 -2.682 -1 -2.992 -1 -3.218 -1 364
-3.105 -1 -2.812 -1 -2.886 -1 -3.156 -1 44
-3.021 -1 -2.748 -1 -2.998 -1 -3.186 -1 207
-3.092 -1 -2.766 -1 -3.026 -1 -3.23 -1 362
-3.128 -1 -2.828 -1 -2.848 -1 -3.172 -1 34
-3.01 -1 -2.718 -1 -2.98 -1 -3.25 -1 317
-3.115 -1 -2.786 -1 -2.846 -1 -3.112 -1 46
-2.979 -1 -2.688 -1 -2.74 -1 -3.138 -1 39
-2.939 -1 -2.688 -1 -3 -1 -3.22 -1 402
-3.11 -1 -2.8 -1 -3.046 -1 -3.296 -1 278
-3.171 -1 -2.866 -1 -3.118 -1 -3.29 -1 357
-3.204 -1 -2.886 -1 -3.112 -1 -3.322 -1 382
-3.217 -1 -2.88 -1 -3.036 -1 -3.248 -1 355
-3.142 -1 -2.864 -1 -3.044 -1 -3.298 -1 223
-3.171 -1 -2.844 -1 -3.062 -1 -3.32 -1 351
-3.191 -1 -2.872 -1 -2.954 -1 -3.204 -1 118
-3.079 -1 -2.79 -1 -2.79 -1 -3.174 -1 14
-2.982 -1 -2.706 -1 -2.87 -1 -3.18 -1 148
-3.025 -1 -2.752 -1 -2.916 -1 -3.21 -1 193
-3.063 -1 -2.746 -1 -2.938 -1 -3.212 -1 189
-3.075 -1 -2.726 -1 -2.94 -1 -3.198 -1 253
-3.069 -1 -2.79 -1 -2.876 -1 -3.168 -1 106
-3.022 -1 -2.754 -1 -2.794 -1 -3.126 -1 56
-2.96 -1 -2.666 -1 -3.082 -1 -3.284 -1 423
-3.183 -1 -2.81 -1 -3.042 -1 -3.246 -1 221
-3.144 -1 -2.828 -1 -2.928 -1 -3.198 -1 90
-3.063 -1 -2.764 -1 -3.036 -1 -3.272 -1 361
-3.154 -1 -2.828 -1 -2.854 -1 -3.172 -1 50
-3.013 -1 -2.764 -1 -2.916 -1 -3.198 -1 191
-3.057 -1 -2.814 -1 -3.134 -1 -3.316 -1 394
-3.225 -1 -2.894 -1 -2.968 -1 -3.206 -2 58
-3.087 -1 -2.754 -1 -3.128 -1 -3.254 -1 409
-3.191 -1 -2.912 -1 -3.002 -1 -3.202 -1 132
-3.102 -1 -2.768 -1 -3.06 -1 -3.354 -1 358
-3.207 -1 -2.88 -1 -2.928 -1 -3.198 -1 49
-3.063 -1 -2.79 -1 -3.006 -1 -3.274 0 253
