8 1000 0.7 6 55 0 0 0 0
-3.452 -1 -3.02 -1 -3.168 -1 -3.286 -1 216
-3.227 -1 -2.834 -1 -2.95 -1 -3.2 -1 193
-3.075 -1 -2.65 -1 -2.698 -1 -3.06 -1 101
-2.879 -1 -2.522 -1 -2.61 -1 -2.976 -1 51
-2.793 -1 -2.454 -1 -2.778 -1 -3.078 -1 336
-2.928 -1 -2.516 -1 -2.668 -1 -3.018 -1 126
-2.843 -1 -2.454 -1 -2.696 -1 -3.046 -1 240
-2.871 -1 -2.482 -1 -2.77 -1 -3.136 -1 238
-2.953 -1 -2.538 -1 -2.654 -1 -2.986 -1 93
-2.82 -1 -2.446 -1 -2.642 -1 -2.982 -1 181
-2.812 -1 -2.42 -1 -2.722 -1 -2.986 -1 214
-2.854 -1 -2.464 -1 -2.49 -1 -2.882 -1 12
-2.686 -1 -2.358 -1 -2.482 -1 -2.924 -1 107
-2.703 -1 -2.35 -1 -2.61 -1 -2.896 -1 198
-2.753 -1 -2.35 -1 -2.614 -1 -2.974 -1 237
-2.794 -1 -2.398 -1 -2.4 -1 -2.826 -1 2
-2.613 -1 -2.252 -1 -2.686 -1 -2.974 -1 347
-2.83 -1 -2.408 -1 -2.73 -1 -3.05 -1 287
-2.89 -1 -2.486 -1 -2.612 -1 -3.024 -1 111
-2.818 -1 -2.414 -1 -2.728 -1 -3.012 -1 275
-2.87 -1 -2.478 -1 -2.804 -1 -3.062 -1 331
-2.933 -1 -2.524 -1 -2.562 -1 -2.902 -1 62
-2.732 -1 -2.386 -1 -2.7 -1 -3.03 -1 327
-2.865 -1 -2.466 -1 -2.62 -1 -2.96 -1 148
-2.79 -1 -2.374 -1 -2.76 -1 -3.114 -1 335
-2.937 -1 -2.494 -1 -2.496 -1 -2.928 -1 12
-2.712 -1 -2.344 -1 -2.504 -1 -2.856 -1 105
-2.68 -1 -2.312 -1 -2.596 -1 -2.912 -1 226
-2.754 -1 -2.352 -1 -2.698 -1 -3.014 -1 327
-2.856 -1 -2.434 -1 -2.742 -1 -3.012 -1 283
-2.877 -1 -2.462 -1 -2.6 -1 -2.966 -1 140
-2.783 -1 -2.392 -1 -2.428 -1 -2.866 -1 38
-2.647 -1 -2.292 -1 -2.508 -1 -2.882 -1 166
-2.695 -1 -2.306 -1 -2.342 -1 -2.776 -1 41
-2.559 -1 -2.212 -1 -2.626 -1 -2.928 -1 318
-2.777 -1 -2.328 -1 -2.462 -1 -2.864 -1 117
-2.663 -1 -2.274 -1 -2.582 -1 -2.87 -1 222
-2.726 -1 -2.324 -1 -2.616 -1 -2.928 -1 292
-2.772 -1 -2.368 -1 -2.478 -1 -2.942 -1 87
-2.71 -1 -2.344 -1 -2.636 -1 -2.95 -1 302
-2.793 -1 -2.402 -1 -2.452 -1 -2.84 -1 36
-2.646 -1 -2.282 -1 -2.502 -1 -2.904 -1 161
-2.703 -1 -2.322 -1 -2.434 -1 -2.882 -1 70
-2.658 -1 -2.302 -1 -2.424 -1 -2.84 -1 85
-2.632 -1 -2.266 -1 -2.668 -1 -2.906 -1 323
-2.787 -1 -2.404 -1 -2.718 -1 -2.996 -1 284
-2.857 -1 -2.416 -1 -2.74 -1 -2.97 -1 248
-2.855 -1 -2.43 -1 -2.612 -1 -2.946 -1 176
-2.779 -1 -2.382 -1 -2.406 -1 -2.824 -1 14
-2.615 -1 -2.21 -1 -2.61 -1 -2.928 -1 319
-2.769 -1 -2.312 -1 -2.378 -1 -2.836 -1 46
-2.607 -1 -2.244 -1 -2.478 -1 -2.908 -1 177
-2.693 -1 -2.29 -1 -2.36 -1 -2.734 -1 45
-2.547 -1 -2.168 -1 -2.338 -1 -2.762 -1 88
-2.55 -1 -2.168 -1 -2.516 0 -2.846 -1 253
