7 1000 0.5 4 12 0 0 0 0
-3.229 -1 -2.86 -1 -2.88 -1 -3.094 -1 44
-2.987 -1 -2.68 -1 -2.782 -1 -3.038 -1 231
-2.91 -1 -2.554 -1 -2.702 -1 -2.918 -1 225
-2.81 -1 -2.462 -1 -2.57 -1 -2.886 -1 123
-2.728 -1 -2.4 -1 -2.448 -1 -2.812 -1 36
-2.63 -1 -2.312 -1 -2.518 -1 -2.876 -1 205
-2.697 -1 -2.384 -1 -2.59 -1 -2.888 -1 227
-2.739 -1 -2.408 -1 -2.64 -1 -2.872 -1 247
-2.756 -1 -2.45 -1 -2.494 -1 -2.824 -1 57
-2.659 -1 -2.324 -1 -2.47 -1 -2.81 -1 158
-2.64 -1 -2.35 -1 -2.412 -1 -2.682 -1 58
-2.547 -1 -2.196 -1 -2.38 -1 -2.768 0 170
