7 1000 0.5 3 24 0 0 0 0
-3.242 -1 -2.958 -1 -2.962 -1 -3.124 -1 4
-3.043 -1 -2.724 -1 -2.834 -1 -3.016 -1 227
-2.925 -1 -2.57 -1 -2.636 -1 -2.926 -1 76
-2.781 -1 -2.484 -1 -2.614 -1 -2.892 -1 193
-2.753 -1 -2.476 -1 -2.574 -1 -2.904 -1 164
-2.739 -1 -2.44 -1 -2.55 -1 -2.834 -1 109
-2.692 -1 -2.42 -1 -2.428 -1 -2.782 -1 8
-2.605 -1 -2.318 -1 -2.48 -1 -2.822 -1 193
-2.651 -1 -2.352 -1 -2.472 -1 -2.792 -1 126
-2.632 -1 -2.312 -1 -2.362 -1 -2.768 -1 41
-2.565 -1 -2.252 -1 -2.272 -1 -2.666 -1 16
-2.469 -1 -2.168 -1 -2.372 -1 -2.756 -1 207
-2.564 -1 -2.264 -1 -2.404 -1 -2.748 -1 112
-2.576 -1 -2.276 -1 -2.398 -1 -2.806 -1 103
-2.602 -1 -2.246 -1 -2.394 -1 -2.764 -1 99
-2.579 -1 -2.284 -1 -2.31 -1 -2.692 -1 13
-2.501 -1 -2.252 -1 -2.292 -1 -2.676 -1 36
-2.484 -1 -2.176 -1 -2.316 -1 -2.782 -1 123
-2.549 -1 -2.284 -1 -2.532 -1 -2.8 -1 208
-2.666 -1 -2.364 -1 -2.588 -1 -2.838 -1 239
-2.713 -1 -2.384 -1 -2.57 -1 -2.778 -1 197
-2.674 -1 -2.344 -1 -2.558 -1 -2.876 -1 248
-2.717 -1 -2.384 -1 -2.44 -1 -2.742 -1 70
-2.591 -1 -2.248 -1 -2.28 -1 -2.746 0 23
