9 1000 0.1 7 94 0 0 0 0
-3.64 -1 -3.112 -1 -3.148 -1 -3.348 -2 48
-3.248 -1 -2.814 -1 -2.82 -1 -3.244 -1 6
-3.032 -1 -2.654 -1 -2.686 -1 -3.088 -1 16
-2.887 -1 -2.53 -1 -2.584 -1 -3.026 -1 43
-2.805 -1 -2.478 -1 -2.518 -1 -2.936 -1 32
-2.727 -1 -2.39 -1 -2.402 -1 -2.912 -1 4
-2.657 -1 -2.36 -1 -2.382 -1 -2.88 -1 17
-2.631 -1 -2.296 -1 -2.344 -1 -2.904 -1 30
-2.624 -1 -2.308 -1 -2.378 -1 -2.85 -1 48
-2.614 -1 -2.244 -1 -2.288 -1 -2.814 -1 27
-2.551 -1 -2.242 -1 -2.268 -1 -2.862 -1 27
-2.565 -1 -2.218 -1 -2.274 -1 -2.878 -1 28
-2.576 -1 -2.26 -1 -2.318 -1 -2.8 -1 41
-2.559 -1 -2.226 -1 -2.274 -1 -2.858 -1 27
-2.566 -1 -2.254 -1 -2.26 -1 -2.772 -1 3
-2.516 -1 -2.198 -1 -2.286 -1 -2.794 -1 48
-2.54 -1 -2.198 -1 -2.254 -1 -2.702 -1 30
-2.478 -1 -2.166 -1 -2.184 -1 -2.688 -1 10
-2.436 -1 -2.114 -1 -2.134 -1 -2.704 -1 16
-2.419 -1 -2.116 -1 -2.124 -1 -2.676 -1 4
-2.4 -1 -2.086 -1 -2.124 -1 -2.658 -1 36
-2.391 -1 -2.056 -1 -2.112 -1 -2.71 -1 39
-2.411 -1 -2.078 -1 -2.132 -1 -2.702 -1 28
-2.417 -1 -2.114 -1 -2.206 -1 -2.68 -1 44
-2.443 -1 -2.084 -1 -2.122 -1 -2.596 -1 24
-2.359 -1 -2.052 -1 -2.092 -1 -2.644 -1 18
-2.368 -1 -2.04 -1 -2.054 -1 -2.664 -1 6
-2.359 -1 -2.05 -1 -2.128 -1 -2.68 -1 41
-2.404 -1 -2.046 -1 -2.09 -1 -2.58 -1 21
-2.335 -1 -1.994 -1 -2.014 -1 -2.54 -1 23
-2.277 -1 -1.976 -1 -2.024 -1 -2.662 -1 25
-2.343 -1 -2.01 -1 -2.044 -1 -2.61 -1 28
-2.327 -1 -2.006 -1 -2.112 -1 -2.6 -1 37
-2.356 -1 -2.026 -1 -2.098 -1 -2.602 -1 32
-2.35 -1 -2.008 -1 -2.114 -1 -2.66 -1 47
-2.387 -1 -2.046 -1 -2.058 -1 -2.626 -1 22
-2.342 -1 -2.014 -1 -2.018 -1 -2.564 -1 3
-2.291 -1 -1.96 -1 -1.998 -1 -2.572 -1 16
-2.285 -1 -1.96 -1 -2.026 -1 -2.59 -1 31
-2.308 -1 -1.964 -1 -2.03 -1 -2.642 -1 40
-2.336 -1 -1.988 -1 -2.02 -1 -2.602 -1 14
-2.311 -1 -1.988 -1 -2.012 -1 -2.574 -1 25
-2.293 -1 -1.946 -1 -1.988 -1 -2.516 -1 21
-2.252 -1 -1.956 -1 -2.016 -1 -2.598 -1 27
-2.307 -1 -1.972 -1 -2.016 -1 -2.528 -1 26
-2.272 -1 -1.946 -1 -1.958 -1 -2.484 -1 5
-2.221 -1 -1.882 -1 -1.958 -1 -2.468 -1 48
-2.213 -1 -1.86 -1 -1.914 -1 -2.432 -1 27
-2.173 -1 -1.824 -1 -1.844 -1 -2.37 -1 7
-2.107 -1 -1.774 -1 -1.806 -1 -2.316 -1 9
-2.061 -1 -1.736 -1 -1.796 -1 -2.332 -1 32
-2.064 -1 -1.704 -1 -1.796 -1 -2.222 -1 45
-2.009 -1 -1.67 -1 -1.68 -1 -2.194 -1 2
-1.937 -1 -1.592 -1 -1.598 -1 -2.084 -1 4
-1.841 -1 -1.508 -1 -1.572 -1 -2.05 -1 18
-1.811 -1 -1.484 -1 -1.574 -1 -1.964 -1 31
-1.769 -1 -1.444 -1 -1.462 -1 -1.786 -1 7
-1.624 -1 -1.318 -1 -1.354 -1 -1.656 -1 13
-1.505 -1 -1.198 -1 -1.224 -1 -1.57 -1 11
-1.397 -1 -1.184 -1 -1.224 -1 -1.462 -1 13
-1.343 -1 -1.126 -1 -1.126 -1 -1.37 -1 2
-1.248 -1 -1.086 -1 -1.19 -1 -1.422 -1 38
-1.306 -1 -1.116 -1 -1.116 -1 -1.276 -1 0
-1.196 -1 -1.07 -1 -1.208 -1 -1.378 -1 44
-1.293 -1 -1.09 -1 -1.194 -1 -1.312 -1 29
-1.253 -1 -1.082 -1 -1.12 -1 -1.212 -1 12
-1.166 -1 -1.052 -1 -1.096 -1 -1.16 -1 11
-1.128 -1 -1.028 -1 -1.156 -1 -1.228 -1 46
-1.192 -1 -1.056 -1 -1.08 -1 -1.152 -1 7
-1.116 -1 -1.03 -1 -1.108 -1 -1.204 -1 28
-1.156 -1 -1.044 -1 -1.174 -1 -1.25 -1 39
-1.212 -1 -1.034 -1 -1.088 -1 -1.154 -1 19
-1.121 -1 -1.02 -1 -1.154 -1 -1.216 -1 42
-1.185 -1 -1.052 -1 -1.104 -1 -1.152 -1 15
-1.128 -1 -1.024 -1 -1.062 -1 -1.126 -1 11
-1.094 -1 -1.028 -1 -1.156 -1 -1.216 -1 41
-1.186 -1 -1.04 -1 -1.184 -1 -1.282 -1 43
-1.233 -1 -1.082 -1 -1.202 -1 -1.288 -1 36
-1.245 -1 -1.054 -1 -1.184 -1 -1.27 -1 36
-1.227 -1 -1.06 -1 -1.106 -1 -1.158 -1 13
-1.132 -1 -1.036 -1 -1.148 -1 -1.214 -1 39
-1.181 -1 -1.048 -1 -1.056 -1 -1.098 -1 2
-1.077 -1 -1.008 -1 -1.08 -1 -1.146 -1 20
-1.113 -1 -1.032 -1 -1.158 -1 -1.216 -1 39
-1.187 -1 -1.056 -1 -1.162 -1 -1.224 -1 32
-1.193 -1 -1.048 -1 -1.128 -1 -1.198 -1 24
-1.163 -1 -1.036 -1 -1.102 -1 -1.158 -1 22
-1.13 -1 -1.024 -1 -1.058 -1 -1.078 -1 8
-1.068 -1 -1.016 -1 -1.084 -1 -1.166 -1 21
-1.125 -1 -1.034 -1 -1.196 -1 -1.28 -1 49
-1.238 -1 -1.062 -1 -1.244 -1 -1.328 -1 49
-1.286 -1 -1.074 -1 -1.084 -1 -1.152 -1 3
-1.118 -1 -1.036 -1 -1.128 -1 -1.172 -1 34
-1.15 -1 -1.02 -1 -1.04 -1 -1.086 0 8
