10 1000 0.4 9 139 0 0 0 0
-3.843 -1 -3.374 -1 -3.38 -1 -3.63 -2 4
-3.505 -1 -3.09 -1 -3.196 -1 -3.476 -1 195
-3.336 -1 -2.912 -1 -2.998 -1 -3.42 -1 87
-3.209 -1 -2.822 -1 -2.86 -1 -3.264 -2 29
-3.062 -1 -2.686 -1 -2.826 -1 -3.22 -1 114
-3.023 -1 -2.646 -1 -2.816 -1 -3.206 -1 164
-3.011 -1 -2.6 -1 -2.832 -1 -3.198 -1 174
-3.015 -1 -2.572 -1 -2.826 -1 -3.188 -1 184
-3.007 -1 -2.578 -1 -2.728 -1 -3.082 -1 96
-2.905 -1 -2.492 -1 -2.804 -1 -3.18 -1 192
-2.992 -1 -2.538 -1 -2.664 -1 -3.122 -1 89
-2.893 -1 -2.476 -1 -2.646 -1 -3.07 -1 92
-2.858 -1 -2.44 -1 -2.614 -1 -3.118 -1 108
-2.866 -1 -2.458 -1 -2.482 -1 -3.014 -1 13
-2.748 -1 -2.392 -1 -2.582 -1 -3.014 -1 129
-2.798 -1 -2.408 -1 -2.628 -1 -3.128 -1 121
-2.878 -1 -2.476 -1 -2.604 -1 -3.064 -1 93
-2.834 -1 -2.436 -1 -2.634 -1 -3.146 -1 128
-2.89 -1 -2.496 -1 -2.608 -1 -3.068 -1 68
-2.838 -1 -2.498 -1 -2.668 -1 -3.098 -1 117
-2.883 -1 -2.498 -1 -2.764 -1 -3.21 -1 192
-2.987 -1 -2.518 -1 -2.602 -1 -3.108 -1 43
-2.855 -1 -2.448 -1 -2.714 -1 -3.08 -1 141
-2.897 -1 -2.46 -1 -2.696 -1 -3.084 -1 151
-2.89 -1 -2.462 -1 -2.658 -1 -3.072 -2 123
-2.865 -1 -2.452 -1 -2.702 -1 -3.11 -1 162
-2.906 -1 -2.516 -1 -2.73 -1 -3.15 -1 158
-2.94 -1 -2.524 -1 -2.794 -1 -3.14 -1 185
-2.967 -1 -2.548 -1 -2.776 -1 -3.142 -1 175
-2.959 -1 -2.484 -1 -2.654 -1 -3.098 -1 100
-2.876 -1 -2.446 -1 -2.69 -1 -3.124 -1 133
-2.907 -1 -2.462 -1 -2.526 -1 -2.986 -1 34
-2.756 -1 -2.402 -1 -2.594 -1 -3.07 -1 128
-2.832 -1 -2.408 -1 -2.734 -1 -3.146 -1 184
-2.94 -1 -2.476 -1 -2.75 -1 -3.114 -1 178
-2.932 -1 -2.502 -1 -2.664 -1 -3.094 -1 129
-2.879 -1 -2.472 -1 -2.788 -1 -3.072 -1 196
-2.93 -1 -2.482 -1 -2.73 -1 -3.092 -1 165
-2.911 -1 -2.462 -1 -2.718 -1 -3.108 -1 185
-2.913 -1 -2.49 -1 -2.584 -1 -3.076 -1 65
-2.83 -1 -2.448 -1 -2.552 -1 -3.042 -1 70
-2.797 -1 -2.404 -1 -2.554 -1 -3.046 -1 89
-2.8 -1 -2.406 -1 -2.702 -1 -3.108 -1 151
-2.905 -1 -2.484 -1 -2.684 -1 -3.102 -1 163
-2.893 -1 -2.482 -1 -2.644 -1 -3.078 -1 88
-2.861 -1 -2.466 -1 -2.708 -1 -3.078 -1 195
-2.893 -1 -2.466 -1 -2.62 -1 -3.072 -1 72
-2.846 -1 -2.416 -1 -2.57 -1 -3.036 -1 90
-2.803 -1 -2.402 -1 -2.554 -1 -2.972 -1 129
-2.763 -1 -2.35 -1 -2.376 -1 -2.952 -1 17
-2.664 -1 -2.306 -1 -2.482 -1 -2.968 -1 97
-2.725 -1 -2.34 -1 -2.482 -1 -2.952 -1 85
-2.717 -1 -2.336 -1 -2.69 -1 -3.102 -1 194
-2.896 -1 -2.432 -1 -2.512 -1 -2.952 -1 58
-2.732 -1 -2.344 -1 -2.436 -1 -2.862 -1 45
-2.649 -1 -2.282 -1 -2.582 -1 -3.028 -1 178
-2.805 -1 -2.362 -1 -2.368 -1 -2.842 -1 2
-2.605 -1 -2.266 -1 -2.452 -1 -2.912 -1 112
-2.682 -1 -2.314 -1 -2.588 -1 -3.014 -1 166
-2.801 -1 -2.386 -1 -2.442 -1 -2.858 -1 32
-2.65 -1 -2.312 -1 -2.554 -1 -2.996 -1 160
-2.775 -1 -2.388 -1 -2.42 -1 -2.872 -1 23
-2.646 -1 -2.316 -1 -2.418 -1 -2.906 -1 65
-2.662 -1 -2.298 -1 -2.304 -1 -2.84 -1 3
-2.572 -1 -2.23 -1 -2.406 -1 -2.83 -1 122
-2.618 -1 -2.25 -1 -2.288 -1 -2.796 -1 22
-2.542 -1 -2.224 -1 -2.538 -1 -2.93 -1 192
-2.734 -1 -2.294 -1 -2.436 -1 -2.9 -1 73
-2.668 -1 -2.296 -1 -2.304 -1 -2.804 -1 4
-2.554 -1 -2.208 -1 -2.484 -1 -2.924 -1 183
-2.704 -1 -2.312 -1 -2.57 -1 -3.042 -1 167
-2.806 -1 -2.358 -1 -2.668 -1 -3.074 -1 193
-2.871 -1 -2.41 -1 -2.544 -1 -2.98 -1 85
-2.762 -1 -2.358 -1 -2.526 -1 -3.022 -1 86
-2.774 -1 -2.352 -1 -2.618 -1 -3.056 -1 163
-2.837 -1 -2.388 -1 -2.454 -1 -2.908 -1 33
-2.681 -1 -2.326 -1 -2.608 -1 -3.026 -1 193
-2.817 -1 -2.378 -1 -2.63 -1 -3.026 -1 178
-2.828 -1 -2.384 -1 -2.412 -1 -2.95 -1 19
-2.681 -1 -2.316 -1 -2.606 -1 -2.95 -1 171
-2.778 -1 -2.342 -1 -2.48 -1 -2.964 -1 94
-2.722 -1 -2.338 -1 -2.468 -1 -2.904 -1 93
-2.686 -1 -2.28 -1 -2.304 -1 -2.806 -1 17
-2.555 -1 -2.19 -1 -2.282 -1 -2.756 -1 70
-2.519 -1 -2.154 -1 -2.312 -1 -2.858 -1 79
-2.585 -1 -2.182 -1 -2.454 -1 -2.934 -1 125
-2.694 -1 -2.278 -1 -2.488 -1 -2.954 -1 130
-2.721 -1 -2.278 -1 -2.502 -1 -2.942 -1 136
-2.722 -1 -2.274 -1 -2.484 -1 -2.932 -1 121
-2.708 -1 -2.29 -1 -2.596 -1 -3.012 -1 165
-2.804 -1 -2.376 -1 -2.376 -1 -2.828 -1 0
-2.602 -1 -2.228 -1 -2.492 -1 -2.91 -1 153
-2.701 -1 -2.264 -1 -2.506 -1 -2.908 -1 127
-2.707 -1 -2.27 -1 -2.278 -1 -2.794 -1 6
-2.536 -1 -2.14 -1 -2.394 -1 -2.958 -1 141
-2.676 -1 -2.264 -1 -2.422 -1 -2.892 -1 92
-2.657 -1 -2.242 -1 -2.454 -1 -2.912 -1 116
-2.683 -1 -2.27 -1 -2.6 -1 -3.02 -1 199
-2.81 -1 -2.36 -1 -2.384 -1 -2.848 -1 20
-2.616 -1 -2.264 -1 -2.426 -1 -2.886 -1 88
-2.656 -1 -2.252 -1 -2.518 -1 -2.96 -1 168
-2.739 -1 -2.282 -1 -2.298 -1 -2.786 -1 15
-2.542 -1 -2.214 -1 -2.376 -1 -2.824 -1 97
-2.6 -1 -2.198 -1 -2.306 -1 -2.836 -1 55
-2.571 -1 -2.22 -1 -2.616 -1 -2.974 -1 177
-2.795 -1 -2.358 -1 -2.574 -1 -2.944 -1 141
-2.759 -1 -2.35 -1 -2.478 -1 -2.884 -1 77
-2.681 -1 -2.29 -1 -2.36 -1 -2.844 -1 25
-2.602 -1 -2.216 -1 -2.528 -1 -2.936 -1 178
-2.732 -1 -2.316 -1 -2.46 -1 -2.882 -1 92
-2.671 -1 -2.266 -1 -2.376 -1 -2.83 -1 50
-2.603 -1 -2.216 -1 -2.352 -1 -2.832 -1 67
-2.592 -1 -2.222 -1 -2.284 -1 -2.77 -1 27
-2.527 -1 -2.172 -1 -2.38 -1 -2.818 -1 130
-2.599 -1 -2.194 -1 -2.388 -1 -2.792 -1 116
-2.59 -1 -2.194 -1 -2.514 -1 -2.85 -1 151
-2.682 -1 -2.226 -1 -2.566 -1 -2.918 -1 195
-2.742 -1 -2.306 -1 -2.364 -1 -2.784 -1 33
-2.574 -1 -2.178 -1 -2.312 -1 -2.734 -1 78
-2.523 -1 -2.168 -1 -2.47 -1 -2.824 -1 187
-2.647 -1 -2.212 -1 -2.486 -1 -2.866 -1 155
-2.676 -1 -2.23 -1 -2.456 -1 -2.888 -1 124
-2.672 -1 -2.21 -1 -2.45 -1 -2.83 -1 125
-2.64 -1 -2.194 -1 -2.434 -1 -2.846 -1 151
-2.64 -1 -2.22 -1 -2.286 -1 -2.7 -1 50
-2.493 -1 -2.124 -1 -2.478 -1 -2.878 -1 197
-2.678 -1 -2.2 -1 -2.376 -1 -2.756 -1 105
-2.566 -1 -2.18 -1 -2.242 -1 -2.668 -1 29
-2.455 -1 -2.106 -1 -2.232 -1 -2.582 -1 48
-2.407 -1 -2.052 -1 -2.144 -1 -2.59 -1 46
-2.367 -1 -2.026 -1 -2.398 -1 -2.764 -1 167
-2.581 -1 -2.102 -1 -2.104 -1 -2.55 -1 2
-2.327 -1 -1.974 -1 -2.126 -1 -2.536 -1 65
-2.331 -1 -1.948 -1 -1.95 -1 -2.44 -1 1
-2.195 -1 -1.844 -1 -2.238 -1 -2.666 -1 189
-2.452 -1 -2.002 -1 -2.12 -1 -2.6 -1 58
-2.36 -1 -1.908 -1 -1.908 -1 -2.354 -1 0
-2.131 -1 -1.802 -1 -2.088 -1 -2.532 -1 127
-2.31 -1 -1.902 -1 -1.966 -1 -2.448 0 30
