9 1000 0.1 5 34 0 0 0 0
-3.703 -1 -3.258 -1 -3.27 -1 -3.38 -1 26
-3.325 -1 -2.926 -1 -2.936 -1 -3.264 -2 10
-3.1 -1 -2.744 -1 -2.746 -1 -3.068 -1 5
-2.907 -1 -2.56 -1 -2.57 -1 -3.04 -1 11
-2.805 -1 -2.51 -1 -2.55 -1 -3.028 -1 26
-2.789 -1 -2.482 -1 -2.53 -1 -2.978 -1 38
-2.754 -1 -2.432 -1 -2.496 -1 -2.96 -1 36
-2.728 -1 -2.388 -1 -2.44 -1 -2.91 -1 46
-2.675 -1 -2.316 -1 -2.364 -1 -2.864 -1 32
-2.614 -1 -2.28 -1 -2.298 -1 -2.912 -1 17
-2.605 -1 -2.294 -1 -2.346 -1 -2.88 -1 37
-2.613 -1 -2.284 -1 -2.298 -1 -2.82 -1 12
-2.559 -1 -2.266 -1 -2.284 -1 -2.842 -1 12
-2.563 -1 -2.262 -1 -2.328 -1 -2.828 -1 42
-2.578 -1 -2.244 -1 -2.272 -1 -2.788 -1 14
-2.53 -1 -2.222 -1 -2.286 -1 -2.826 -1 43
-2.556 -1 -2.206 -1 -2.212 -1 -2.72 -1 6
-2.466 -1 -2.164 -1 -2.234 -1 -2.796 -1 42
-2.515 -1 -2.202 -1 -2.26 -1 -2.792 -1 27
-2.526 -1 -2.218 -1 -2.254 -1 -2.74 -1 29
-2.497 -1 -2.17 -1 -2.206 -1 -2.7 -1 16
-2.453 -1 -2.162 -1 -2.242 -1 -2.72 -1 39
-2.481 -1 -2.124 -1 -2.154 -1 -2.666 -1 9
-2.41 -1 -2.096 -1 -2.106 -1 -2.604 -1 6
-2.355 -1 -2.048 -1 -2.092 -1 -2.614 -1 26
-2.353 -1 -2.046 -1 -2.05 -1 -2.586 -1 4
-2.318 -1 -2.028 -1 -2.092 -1 -2.604 -1 27
-2.348 -1 -2.048 -1 -2.052 -1 -2.57 -1 1
-2.311 -1 -2.056 -1 -2.146 -1 -2.632 -1 40
-2.389 -1 -2.044 -1 -2.05 -1 -2.524 -1 8
-2.287 -1 -2.004 -1 -2.066 -1 -2.6 -1 36
-2.333 -1 -1.99 -1 -2.052 -1 -2.512 -1 38
-2.282 -1 -1.936 -1 -1.95 -1 -2.468 -1 9
-2.209 -1 -1.92 -1 -2.014 -1 -2.492 0 36
