8 1000 0.4 7 44 0 0 0 0
-3.436 -1 -2.972 -1 -3.012 -1 -3.278 -1 48
-3.145 -1 -2.77 -1 -2.84 -1 -3.134 -1 59
-2.987 -1 -2.598 -1 -2.712 -1 -3.052 -1 107
-2.882 -1 -2.512 -1 -2.656 -1 -2.978 -1 140
-2.817 -1 -2.414 -1 -2.63 -1 -3.03 -1 190
-2.83 -1 -2.43 -1 -2.628 -1 -3.002 -1 177
-2.815 -1 -2.392 -1 -2.424 -1 -2.956 -1 25
-2.69 -1 -2.342 -1 -2.512 -1 -2.938 -1 153
-2.725 -1 -2.318 -1 -2.48 -1 -2.96 -1 173
-2.72 -1 -2.31 -1 -2.516 -1 -2.948 -1 180
-2.732 -1 -2.342 -1 -2.408 -1 -2.862 -1 43
-2.635 -1 -2.274 -1 -2.398 -1 -2.83 -1 114
-2.614 -1 -2.264 -1 -2.466 -1 -2.882 -1 162
-2.674 -1 -2.252 -1 -2.292 -1 -2.722 -1 17
-2.507 -1 -2.176 -1 -2.35 -1 -2.884 -1 168
-2.617 -1 -2.256 -1 -2.472 -1 -2.796 -1 177
-2.634 -1 -2.258 -1 -2.492 -1 -2.91 -1 173
-2.701 -1 -2.28 -1 -2.318 -1 -2.806 -1 32
-2.562 -1 -2.182 -1 -2.336 -1 -2.784 -1 120
-2.56 -1 -2.204 -1 -2.386 -1 -2.866 -1 121
-2.626 -1 -2.256 -1 -2.534 -1 -2.938 -1 189
-2.736 -1 -2.296 -1 -2.474 -1 -2.854 -1 99
-2.664 -1 -2.264 -1 -2.492 -1 -2.93 -1 156
-2.711 -1 -2.292 -1 -2.43 -1 -2.836 -1 101
-2.633 -1 -2.222 -1 -2.266 -1 -2.78 -1 42
-2.523 -1 -2.186 -1 -2.214 -1 -2.706 -1 31
-2.46 -1 -2.15 -1 -2.172 -1 -2.744 -1 17
-2.458 -1 -2.14 -1 -2.274 -1 -2.774 -1 88
-2.524 -1 -2.136 -1 -2.328 -1 -2.758 -1 119
-2.543 -1 -2.114 -1 -2.248 -1 -2.76 -1 90
-2.504 -1 -2.158 -1 -2.364 -1 -2.816 -1 141
-2.59 -1 -2.21 -1 -2.302 -1 -2.7 -1 68
-2.501 -1 -2.094 -1 -2.112 -1 -2.67 -1 8
-2.391 -1 -2.066 -1 -2.276 -1 -2.692 -1 119
-2.484 -1 -2.064 -1 -2.164 -1 -2.626 -1 66
-2.395 -1 -2.01 -1 -2.032 -1 -2.552 -1 7
-2.292 -1 -1.94 -1 -1.99 -1 -2.468 -1 32
-2.229 -1 -1.872 -1 -1.982 -1 -2.574 -1 54
-2.278 -1 -1.912 -1 -2.076 -1 -2.576 -1 105
-2.326 -1 -1.958 -1 -2.004 -1 -2.596 -1 17
-2.3 -1 -1.94 -1 -2.116 -1 -2.586 -1 98
-2.351 -1 -1.96 -1 -2.25 -1 -2.726 -1 165
-2.488 -1 -2.052 -1 -2.088 -1 -2.598 -1 25
-2.343 -1 -2.006 -1 -2.074 -1 -2.566 0 37
