8 1000 0 7 12 0 0 0 0
-3.446 -1 -2.988 -1 -2.988 -1 -3.248 -1 0
-3.118 -1 -2.718 -1 -2.718 -1 -3.066 -1 0
-2.892 -1 -2.514 -1 -2.514 -1 -2.932 -1 0
-2.723 -1 -2.374 -1 -2.374 -1 -2.946 -1 0
-2.66 -1 -2.33 -1 -2.33 -1 -2.834 -1 0
-2.582 -1 -2.26 -1 -2.26 -1 -2.788 -1 0
-2.524 -1 -2.192 -1 -2.192 -1 -2.666 -1 0
-2.429 -1 -2.074 -1 -2.074 -1 -2.708 -1 0
-2.391 -1 -2.058 -1 -2.058 -1 -2.678 -1 0
-2.368 -1 -2.028 -1 -2.028 -1 -2.594 -1 0
-2.311 -1 -2 -1 -2 -1 -2.614 -1 0
-2.307 -1 -2.004 -1 -2.004 -1 -2.57 0 0
