7 1000 0.2 5 29 0 0 0 0
-3.257 -1 -2.842 -1 -2.88 -1 -3.072 -1 82
-2.976 -1 -2.586 -1 -2.624 -1 -2.922 -1 77
-2.773 -1 -2.386 -1 -2.458 -1 -2.83 -1 82
-2.644 -1 -2.302 -1 -2.316 -1 -2.834 -1 34
-2.575 -1 -2.216 -1 -2.224 -1 -2.668 -1 6
-2.446 -1 -2.16 -1 -2.242 -1 -2.734 -1 52
-2.488 -1 -2.18 -1 -2.29 -1 -2.728 -1 92
-2.509 -1 -2.186 -1 -2.282 -1 -2.724 -1 92
-2.503 -1 -2.138 -1 -2.246 -1 -2.702 -1 82
-2.474 -1 -2.118 -1 -2.216 -1 -2.678 -1 82
-2.447 -1 -2.124 -1 -2.236 -1 -2.698 -1 98
-2.467 -1 -2.12 -1 -2.176 -1 -2.654 -1 47
-2.415 -1 -2.076 -1 -2.128 -1 -2.61 -1 36
-2.369 -1 -2.022 -1 -2.03 -1 -2.552 -1 4
-2.291 -1 -2.012 -1 -2.11 -1 -2.55 -1 69
-2.33 -1 -2 -1 -2.068 -1 -2.494 -1 38
-2.281 -1 -1.926 -1 -1.98 -1 -2.492 -1 34
-2.236 -1 -1.91 -1 -2.034 -1 -2.552 -1 67
-2.293 -1 -1.938 -1 -2.106 -1 -2.52 -1 99
-2.313 -1 -1.948 -1 -2.08 -1 -2.578 -1 70
-2.329 -1 -1.96 -1 -2.004 -1 -2.51 -1 31
-2.257 -1 -1.91 -1 -2.014 -1 -2.536 -1 69
-2.275 -1 -1.93 -1 -1.936 -1 -2.484 -1 7
-2.21 -1 -1.906 -1 -1.908 -1 -2.38 -1 3
-2.144 -1 -1.854 -1 -2.022 -1 -2.502 -1 92
-2.262 -1 -1.902 -1 -1.916 -1 -2.454 -1 9
-2.185 -1 -1.88 -1 -2.036 -1 -2.504 -1 95
-2.27 -1 -1.926 -1 -1.932 -1 -2.418 -1 4
-2.175 -1 -1.894 -1 -1.894 -1 -2.402 0 0
