7 1000 0.1 10 17 0 0 0 0
-3.21 -1 -2.71 -1 -2.742 -1 -3.008 -1 42
-2.875 -1 -2.49 -1 -2.496 -1 -2.886 -1 5
-2.691 -1 -2.328 -1 -2.38 -1 -2.746 -1 35
-2.563 -1 -2.174 -1 -2.178 -1 -2.662 -1 3
-2.42 -1 -2.09 -1 -2.164 -1 -2.646 -1 36
-2.405 -1 -2.06 -1 -2.092 -1 -2.626 -1 22
-2.359 -1 -2.012 -1 -2.068 -1 -2.574 -1 42
-2.321 -1 -1.966 -1 -1.982 -1 -2.576 -1 9
-2.279 -1 -1.954 -1 -1.98 -1 -2.57 -1 9
-2.275 -1 -1.91 -1 -1.95 -1 -2.478 -1 27
-2.214 -1 -1.904 -1 -1.926 -1 -2.498 -1 16
-2.212 -1 -1.872 -1 -1.884 -1 -2.472 -1 9
-2.178 -1 -1.878 -1 -1.88 -1 -2.42 -1 1
-2.15 -1 -1.824 -1 -1.906 -1 -2.506 -1 48
-2.206 -1 -1.844 -1 -1.862 -1 -2.464 -1 11
-2.163 -1 -1.856 -1 -1.898 -1 -2.516 -1 20
-2.207 -1 -1.868 -1 -1.876 -1 -2.316 0 3
