8 1000 0 3 22 0 0 0 0
-3.47 -1 -3.2 -1 -3.2 -1 -3.298 -1 0
-3.249 -1 -2.912 -1 -2.912 -1 -3.206 -1 0
-3.059 -1 -2.812 -1 -2.812 -1 -3.126 -1 0
-2.969 -1 -2.63 -1 -2.63 -1 -3.024 -1 0
-2.827 -1 -2.596 -1 -2.596 -1 -2.92 -1 0
-2.758 -1 -2.518 -1 -2.518 -1 -2.914 -1 0
-2.716 -1 -2.454 -1 -2.454 -1 -2.914 -1 0
-2.684 -1 -2.48 -1 -2.48 -1 -2.848 -1 0
-2.664 -1 -2.452 -1 -2.452 -1 -2.838 -1 0
-2.645 -1 -2.37 -1 -2.37 -1 -2.878 -1 0
-2.624 -1 -2.396 -1 -2.396 -1 -2.84 -1 0
-2.618 -1 -2.34 -1 -2.34 -1 -2.816 -1 0
-2.578 -1 -2.346 -1 -2.346 -1 -2.748 -1 0
-2.547 -1 -2.268 -1 -2.268 -1 -2.704 -1 0
-2.486 -1 -2.236 -1 -2.236 -1 -2.66 -1 0
-2.448 -1 -2.192 -1 -2.192 -1 -2.646 -1 0
-2.419 -1 -2.186 -1 -2.186 -1 -2.678 -1 0
-2.432 -1 -2.19 -1 -2.19 -1 -2.654 -1 0
-2.422 -1 -2.148 -1 -2.148 -1 -2.618 -1 0
-2.383 -1 -2.174 -1 -2.174 -1 -2.644 -1 0
-2.409 -1 -2.164 -1 -2.164 -1 -2.594 -1 0
-2.379 -1 -2.132 -1 -2.132 -1 -2.55 0 0
