6 1000 0.7 3 13 0 0 0 0
-3.01 -1 -2.704 -1 -2.772 -1 -2.912 -1 172
-2.842 -1 -2.56 -1 -2.56 -1 -2.842 -1 17
-2.701 -1 -2.418 -1 -2.546 -1 -2.792 -1 230
-2.669 -1 -2.4 -1 -2.534 -1 -2.766 -1 222
-2.65 -1 -2.402 -1 -2.536 -1 -2.74 -1 201
-2.638 -1 -2.34 -1 -2.434 -1 -2.776 -1 108
-2.605 -1 -2.326 -1 -2.396 -1 -2.664 -1 123
-2.53 -1 -2.286 -1 -2.424 -1 -2.698 -1 151
-2.561 -1 -2.246 -1 -2.476 -1 -2.75 -1 323
-2.613 -1 -2.324 -1 -2.368 -1 -2.642 -1 154
-2.505 -1 -2.25 -1 -2.308 -1 -2.584 -1 61
-2.446 -1 -2.158 -1 -2.43 -1 -2.708 -1 309
-2.569 -1 -2.268 -1 -2.286 -1 -2.618 0 21
