8 1000 0.7 10 31 0 0 0 0
-3.474 -1 -2.926 -1 -3.134 -1 -3.31 -1 277
-3.222 -1 -2.732 -1 -2.748 -1 -3.12 -1 16
-2.934 -1 -2.498 -1 -2.796 -1 -3.074 -1 282
-2.935 -1 -2.482 -1 -2.49 -1 -2.932 -1 3
-2.711 -1 -2.324 -1 -2.7 -1 -2.988 -1 334
-2.844 -1 -2.4 -1 -2.516 -1 -2.946 -1 125
-2.731 -1 -2.34 -1 -2.366 -1 -2.866 -1 18
-2.616 -1 -2.254 -1 -2.644 -1 -3.016 -1 346
-2.83 -1 -2.384 -1 -2.664 -1 -3.022 -1 225
-2.843 -1 -2.396 -1 -2.476 -1 -2.936 -1 66
-2.706 -1 -2.3 -1 -2.342 -1 -2.814 -1 27
-2.578 -1 -2.214 -1 -2.588 -1 -2.936 -1 270
-2.762 -1 -2.3 -1 -2.428 -1 -2.82 -1 103
-2.624 -1 -2.222 -1 -2.486 -1 -2.95 -1 220
-2.718 -1 -2.336 -1 -2.52 -1 -2.856 -1 143
-2.688 -1 -2.3 -1 -2.59 -1 -2.892 -1 210
-2.741 -1 -2.33 -1 -2.372 -1 -2.834 -1 44
-2.603 -1 -2.242 -1 -2.426 -1 -2.844 -1 172
-2.635 -1 -2.232 -1 -2.648 -1 -3.026 -1 346
-2.837 -1 -2.384 -1 -2.696 -1 -3.006 -1 260
-2.851 -1 -2.388 -1 -2.394 -1 -2.842 -1 4
-2.618 -1 -2.278 -1 -2.528 -1 -2.876 -1 168
-2.702 -1 -2.286 -1 -2.47 -1 -2.916 -1 149
-2.693 -1 -2.29 -1 -2.6 -1 -2.908 -1 237
-2.754 -1 -2.348 -1 -2.596 -1 -2.964 -1 292
-2.78 -1 -2.4 -1 -2.638 -1 -2.914 -1 237
-2.776 -1 -2.342 -1 -2.628 -1 -2.932 -1 224
-2.78 -1 -2.342 -1 -2.542 -1 -2.902 -1 171
-2.722 -1 -2.31 -1 -2.566 -1 -2.95 -1 212
-2.758 -1 -2.286 -1 -2.528 -1 -2.938 -1 214
-2.733 -1 -2.278 -1 -2.414 -1 -2.784 0 102
