8 1000 0.4 9 30 0 0 0 0
-3.414 -1 -2.924 -1 -3.022 -1 -3.196 -1 130
-3.109 -1 -2.686 -1 -2.784 -1 -3.096 -1 105
-2.94 -1 -2.512 -1 -2.656 -1 -3.032 -1 140
-2.844 -1 -2.402 -1 -2.45 -1 -2.906 -1 32
-2.678 -1 -2.312 -1 -2.356 -1 -2.856 -1 27
-2.606 -1 -2.25 -1 -2.448 -1 -2.836 -1 140
-2.642 -1 -2.234 -1 -2.494 -1 -2.918 -1 199
-2.706 -1 -2.29 -1 -2.392 -1 -2.798 -1 79
-2.595 -1 -2.226 -1 -2.418 -1 -2.846 -1 147
-2.632 -1 -2.212 -1 -2.244 -1 -2.8 -1 16
-2.522 -1 -2.182 -1 -2.34 -1 -2.718 -1 116
-2.529 -1 -2.168 -1 -2.352 -1 -2.798 -1 153
-2.575 -1 -2.19 -1 -2.234 -1 -2.686 -1 20
-2.46 -1 -2.104 -1 -2.232 -1 -2.71 -1 75
-2.471 -1 -2.104 -1 -2.308 -1 -2.73 -1 142
-2.519 -1 -2.104 -1 -2.278 -1 -2.744 -1 109
-2.511 -1 -2.104 -1 -2.248 -1 -2.722 -1 110
-2.485 -1 -2.106 -1 -2.286 -1 -2.744 -1 123
-2.515 -1 -2.12 -1 -2.138 -1 -2.706 -1 11
-2.422 -1 -2.07 -1 -2.288 -1 -2.774 -1 131
-2.531 -1 -2.104 -1 -2.22 -1 -2.728 -1 117
-2.474 -1 -2.062 -1 -2.088 -1 -2.652 -1 17
-2.37 -1 -2.014 -1 -2.084 -1 -2.642 -1 62
-2.363 -1 -2.028 -1 -2.31 -1 -2.726 -1 181
-2.518 -1 -2.084 -1 -2.356 -1 -2.758 -1 185
-2.557 -1 -2.144 -1 -2.3 -1 -2.714 -1 76
-2.507 -1 -2.112 -1 -2.234 -1 -2.646 -1 78
-2.44 -1 -2.06 -1 -2.178 -1 -2.622 -1 75
-2.4 -1 -2.024 -1 -2.22 -1 -2.712 -1 134
-2.466 -1 -2.048 -1 -2.048 -1 -2.512 0 0
