7 1000 0.7 8 21 0 0 0 0
-3.285 -1 -2.808 -1 -2.88 -1 -3.014 -1 137
-2.947 -1 -2.51 -1 -2.73 -1 -3.006 -1 310
-2.868 -1 -2.428 -1 -2.63 -1 -2.882 -1 262
-2.756 -1 -2.336 -1 -2.634 -1 -2.98 -1 309
-2.807 -1 -2.422 -1 -2.592 -1 -2.87 -1 193
-2.731 -1 -2.33 -1 -2.392 -1 -2.816 -1 43
-2.604 -1 -2.244 -1 -2.388 -1 -2.82 -1 148
-2.604 -1 -2.224 -1 -2.514 -1 -2.842 -1 291
-2.678 -1 -2.282 -1 -2.404 -1 -2.794 -1 170
-2.599 -1 -2.234 -1 -2.422 -1 -2.806 -1 153
-2.614 -1 -2.202 -1 -2.348 -1 -2.664 -1 151
-2.506 -1 -2.148 -1 -2.382 -1 -2.72 -1 227
-2.551 -1 -2.15 -1 -2.296 -1 -2.686 -1 99
-2.491 -1 -2.096 -1 -2.22 -1 -2.652 -1 151
-2.436 -1 -2.062 -1 -2.158 -1 -2.64 -1 59
-2.399 -1 -2.036 -1 -2.324 -1 -2.738 -1 237
-2.531 -1 -2.12 -1 -2.128 -1 -2.576 -1 8
-2.352 -1 -2.02 -1 -2.288 -1 -2.672 -1 195
-2.48 -1 -2.066 -1 -2.172 -1 -2.696 -1 77
-2.434 -1 -2.022 -1 -2.362 -1 -2.794 -1 291
-2.578 -1 -2.128 -1 -2.44 -1 -2.76 0 258
