9 1000 0.3 10 37 0 0 0 0
-3.647 -1 -3.104 -1 -3.156 -1 -3.4 -1 111
-3.278 -1 -2.834 -1 -2.906 -1 -3.222 -1 70
-3.064 -1 -2.614 -1 -2.756 -1 -3.07 -1 100
-2.913 -1 -2.466 -1 -2.666 -1 -3.052 -1 130
-2.859 -1 -2.454 -1 -2.454 -1 -2.96 -1 6
-2.707 -1 -2.316 -1 -2.394 -1 -2.89 -1 41
-2.642 -1 -2.302 -1 -2.534 -1 -2.992 -1 144
-2.763 -1 -2.34 -1 -2.362 -1 -2.902 -1 27
-2.632 -1 -2.28 -1 -2.318 -1 -2.952 -1 22
-2.635 -1 -2.26 -1 -2.444 -1 -2.922 -1 142
-2.683 -1 -2.278 -1 -2.468 -1 -3 -1 136
-2.734 -1 -2.322 -1 -2.486 -1 -2.978 -1 106
-2.732 -1 -2.338 -1 -2.53 -1 -2.994 -1 135
-2.762 -1 -2.346 -1 -2.398 -1 -2.892 -1 24
-2.645 -1 -2.258 -1 -2.456 -1 -2.884 -1 127
-2.67 -1 -2.264 -1 -2.374 -1 -2.878 -1 70
-2.626 -1 -2.244 -1 -2.292 -1 -2.854 -1 22
-2.573 -1 -2.238 -1 -2.402 -1 -2.88 -1 101
-2.641 -1 -2.268 -1 -2.27 -1 -2.784 -1 1
-2.527 -1 -2.226 -1 -2.276 -1 -2.802 -1 32
-2.539 -1 -2.188 -1 -2.414 -1 -2.846 -1 124
-2.63 -1 -2.232 -1 -2.266 -1 -2.756 -1 24
-2.511 -1 -2.156 -1 -2.322 -1 -2.802 -1 105
-2.562 -1 -2.16 -1 -2.186 -1 -2.74 -1 13
-2.463 -1 -2.14 -1 -2.284 -1 -2.708 -1 77
-2.496 -1 -2.166 -1 -2.18 -1 -2.722 -1 14
-2.451 -1 -2.11 -1 -2.12 -1 -2.738 -1 4
-2.429 -1 -2.102 -1 -2.164 -1 -2.678 -1 42
-2.421 -1 -2.074 -1 -2.28 -1 -2.764 -1 110
-2.522 -1 -2.114 -1 -2.288 -1 -2.754 -1 104
-2.521 -1 -2.148 -1 -2.28 -1 -2.756 -1 66
-2.518 -1 -2.148 -1 -2.338 -1 -2.8 -1 116
-2.569 -1 -2.172 -1 -2.394 -1 -2.802 -1 125
-2.598 -1 -2.188 -1 -2.238 -1 -2.732 -1 26
-2.485 -1 -2.116 -1 -2.192 -1 -2.73 -1 42
-2.461 -1 -2.104 -1 -2.116 -1 -2.588 -1 6
-2.352 -1 -2.026 -1 -2.114 -1 -2.654 0 54
