8 1000 0.5 6 96 0 0 0 0
-3.513 -1 -3.04 -1 -3.092 -1 -3.224 -1 77
-3.158 -1 -2.75 -1 -2.832 -1 -3.206 -1 101
-3.019 -1 -2.67 -1 -2.778 -1 -3.122 -1 126
-2.95 -1 -2.56 -1 -2.676 -1 -2.982 -1 130
-2.829 -1 -2.476 -1 -2.596 -1 -2.928 -1 111
-2.762 -1 -2.41 -1 -2.606 -1 -2.962 -1 184
-2.784 -1 -2.396 -1 -2.64 -1 -3.02 -1 237
-2.83 -1 -2.408 -1 -2.618 -1 -2.972 -1 192
-2.795 -1 -2.396 -1 -2.636 -1 -2.936 -1 212
-2.786 -1 -2.412 -1 -2.474 -1 -2.926 -1 59
-2.7 -1 -2.33 -1 -2.51 -1 -2.906 -1 139
-2.708 -1 -2.342 -1 -2.482 -1 -2.886 -1 116
-2.684 -1 -2.344 -1 -2.43 -1 -2.786 -1 96
-2.608 -1 -2.274 -1 -2.414 -1 -2.802 -1 99
-2.608 -1 -2.262 -1 -2.278 -1 -2.814 -1 15
-2.546 -1 -2.166 -1 -2.338 -1 -2.842 -1 124
-2.59 -1 -2.244 -1 -2.308 -1 -2.806 -1 62
-2.557 -1 -2.208 -1 -2.4 -1 -2.764 -1 143
-2.582 -1 -2.218 -1 -2.412 -1 -2.866 -1 135
-2.639 -1 -2.256 -1 -2.344 -1 -2.822 -1 62
-2.583 -1 -2.208 -1 -2.546 -1 -2.934 -1 248
-2.74 -1 -2.292 -1 -2.412 -1 -2.828 -1 94
-2.62 -1 -2.248 -1 -2.434 -1 -2.872 -1 141
-2.653 -1 -2.308 -1 -2.444 -1 -2.934 -1 125
-2.689 -1 -2.31 -1 -2.48 -1 -2.91 -1 123
-2.695 -1 -2.306 -1 -2.488 -1 -2.898 -1 182
-2.693 -1 -2.354 -1 -2.642 -1 -2.942 -1 245
-2.792 -1 -2.412 -1 -2.41 -1 -2.892 -1 10
-2.651 -1 -2.31 -1 -2.356 -1 -2.806 -1 47
-2.581 -1 -2.234 -1 -2.464 -1 -2.87 -1 160
-2.667 -1 -2.294 -1 -2.33 -1 -2.746 -1 18
-2.538 -1 -2.23 -1 -2.452 -1 -2.886 -1 169
-2.669 -1 -2.27 -1 -2.536 -1 -2.856 -1 195
-2.696 -1 -2.292 -1 -2.528 -1 -2.882 -1 210
-2.705 -1 -2.308 -1 -2.404 -1 -2.798 -1 63
-2.601 -1 -2.262 -1 -2.514 -1 -2.868 -1 241
-2.691 -1 -2.28 -1 -2.558 -1 -2.842 -1 203
-2.7 -1 -2.296 -1 -2.38 -1 -2.868 -1 62
-2.624 -1 -2.252 -1 -2.482 -1 -2.842 -1 198
-2.662 -1 -2.272 -1 -2.314 -1 -2.732 -1 32
-2.523 -1 -2.176 -1 -2.372 -1 -2.774 -1 135
-2.573 -1 -2.234 -1 -2.346 -1 -2.806 -1 74
-2.576 -1 -2.24 -1 -2.408 -1 -2.752 -1 147
-2.58 -1 -2.2 -1 -2.222 -1 -2.77 -1 13
-2.496 -1 -2.144 -1 -2.212 -1 -2.704 -1 35
-2.458 -1 -2.106 -1 -2.356 -1 -2.786 -1 169
-2.571 -1 -2.178 -1 -2.48 -1 -2.79 -1 239
-2.635 -1 -2.216 -1 -2.48 -1 -2.852 -1 181
-2.666 -1 -2.216 -1 -2.23 -1 -2.738 -1 4
-2.484 -1 -2.116 -1 -2.386 -1 -2.804 -1 194
-2.595 -1 -2.17 -1 -2.278 -1 -2.74 -1 68
-2.509 -1 -2.116 -1 -2.264 -1 -2.738 -1 94
-2.501 -1 -2.15 -1 -2.186 -1 -2.684 -1 22
-2.435 -1 -2.096 -1 -2.426 -1 -2.834 -1 234
-2.63 -1 -2.208 -1 -2.49 -1 -2.804 -1 243
-2.647 -1 -2.202 -1 -2.426 -1 -2.782 -1 164
-2.604 -1 -2.21 -1 -2.538 -1 -2.878 -1 248
-2.708 -1 -2.284 -1 -2.4 -1 -2.888 -1 112
-2.644 -1 -2.216 -1 -2.43 -1 -2.834 -1 209
-2.632 -1 -2.216 -1 -2.274 -1 -2.708 -1 37
-2.491 -1 -2.09 -1 -2.194 -1 -2.694 -1 61
-2.444 -1 -2.076 -1 -2.314 -1 -2.726 -1 144
-2.52 -1 -2.114 -1 -2.276 -1 -2.676 -1 104
-2.476 -1 -2.072 -1 -2.4 -1 -2.738 -1 216
-2.569 -1 -2.154 -1 -2.43 -1 -2.882 -1 211
-2.656 -1 -2.194 -1 -2.41 -1 -2.786 -1 141
-2.598 -1 -2.196 -1 -2.32 -1 -2.822 -1 109
-2.571 -1 -2.21 -1 -2.484 -1 -2.856 -1 223
-2.67 -1 -2.262 -1 -2.49 -1 -2.762 -1 148
-2.626 -1 -2.222 -1 -2.408 -1 -2.716 -1 163
-2.562 -1 -2.206 -1 -2.432 -1 -2.88 -1 150
-2.656 -1 -2.28 -1 -2.366 -1 -2.756 -1 54
-2.561 -1 -2.204 -1 -2.528 -1 -2.816 -1 238
-2.672 -1 -2.218 -1 -2.258 -1 -2.722 -1 25
-2.49 -1 -2.106 -1 -2.3 -1 -2.708 -1 127
-2.504 -1 -2.16 -1 -2.444 -1 -2.81 -1 196
-2.627 -1 -2.184 -1 -2.406 -1 -2.77 -1 139
-2.588 -1 -2.194 -1 -2.448 -1 -2.74 -1 182
-2.594 -1 -2.18 -1 -2.412 -1 -2.806 -1 167
-2.609 -1 -2.218 -1 -2.338 -1 -2.766 -1 86
-2.552 -1 -2.192 -1 -2.29 -1 -2.672 -1 65
-2.481 -1 -2.146 -1 -2.426 -1 -2.79 -1 221
-2.608 -1 -2.198 -1 -2.29 -1 -2.726 -1 58
-2.508 -1 -2.136 -1 -2.412 -1 -2.828 -1 213
-2.62 -1 -2.212 -1 -2.398 -1 -2.798 -1 128
-2.598 -1 -2.198 -1 -2.264 -1 -2.68 -1 54
-2.472 -1 -2.098 -1 -2.238 -1 -2.576 -1 98
-2.407 -1 -2.046 -1 -2.41 -1 -2.772 -1 218
-2.591 -1 -2.172 -1 -2.292 -1 -2.652 -1 60
-2.472 -1 -2.038 -1 -2.29 -1 -2.69 -1 163
-2.49 -1 -2.06 -1 -2.1 -1 -2.552 -1 22
-2.326 -1 -1.988 -1 -2.21 -1 -2.648 -1 136
-2.429 -1 -2.048 -1 -2.16 -1 -2.576 -1 70
-2.368 -1 -1.948 -1 -2.072 -1 -2.524 -1 67
-2.298 -1 -1.92 -1 -2.298 -1 -2.59 -1 202
-2.444 -1 -1.982 -1 -2.048 -1 -2.482 0 32
