7 1000 0.9 8 29 0 0 0 0
-3.324 -1 -2.86 -1 -3.02 -1 -3.182 -1 342
-3.101 -1 -2.676 -1 -2.676 -1 -2.976 -1 6
-2.826 -1 -2.452 -1 -2.614 -1 -2.93 -1 213
-2.772 -1 -2.388 -1 -2.444 -1 -2.848 -1 48
-2.646 -1 -2.298 -1 -2.538 -1 -2.912 -1 237
-2.725 -1 -2.31 -1 -2.702 -1 -2.958 -1 432
-2.83 -1 -2.376 -1 -2.498 -1 -2.844 -1 114
-2.671 -1 -2.278 -1 -2.514 -1 -2.814 -1 210
-2.664 -1 -2.294 -1 -2.336 -1 -2.704 -1 41
-2.52 -1 -2.15 -1 -2.248 -1 -2.7 -1 111
-2.474 -1 -2.128 -1 -2.504 -1 -2.808 -1 368
-2.656 -1 -2.208 -1 -2.464 -1 -2.818 -1 242
-2.641 -1 -2.242 -1 -2.408 -1 -2.732 -1 172
-2.57 -1 -2.136 -1 -2.432 -1 -2.756 -1 233
-2.594 -1 -2.176 -1 -2.526 -1 -2.83 -1 319
-2.678 -1 -2.216 -1 -2.49 -1 -2.82 -1 218
-2.655 -1 -2.204 -1 -2.268 -1 -2.71 -1 33
-2.489 -1 -2.084 -1 -2.506 -1 -2.828 -1 424
-2.667 -1 -2.24 -1 -2.34 -1 -2.698 -1 84
-2.519 -1 -2.126 -1 -2.592 -1 -2.982 -1 392
-2.787 -1 -2.346 -1 -2.49 -1 -2.776 -1 132
-2.633 -1 -2.194 -1 -2.518 -1 -2.806 -1 282
-2.662 -1 -2.246 -1 -2.58 -1 -2.872 -1 317
-2.726 -1 -2.294 -1 -2.558 -1 -2.872 -1 320
-2.715 -1 -2.304 -1 -2.406 -1 -2.786 -1 110
-2.596 -1 -2.202 -1 -2.55 -1 -2.854 -1 375
-2.702 -1 -2.278 -1 -2.638 -1 -2.91 -1 410
-2.774 -1 -2.33 -1 -2.382 -1 -2.752 -1 64
-2.567 -1 -2.184 -1 -2.596 0 -2.936 -1 389
