7 1000 0.6 6 30 0 0 0 0
-3.263 -1 -2.846 -1 -2.966 -1 -3.108 -1 282
-3.037 -1 -2.676 -1 -2.722 -1 -2.954 -1 86
-2.838 -1 -2.456 -1 -2.598 -1 -2.84 -1 238
-2.719 -1 -2.336 -1 -2.428 -1 -2.824 -1 107
-2.626 -1 -2.27 -1 -2.576 -1 -2.9 -1 264
-2.738 -1 -2.358 -1 -2.628 -1 -2.952 -1 264
-2.79 -1 -2.446 -1 -2.466 -1 -2.838 -1 21
-2.652 -1 -2.302 -1 -2.5 -1 -2.878 -1 237
-2.689 -1 -2.322 -1 -2.412 -1 -2.76 -1 67
-2.586 -1 -2.232 -1 -2.402 -1 -2.858 -1 170
-2.63 -1 -2.292 -1 -2.576 -1 -2.904 -1 299
-2.74 -1 -2.358 -1 -2.45 -1 -2.848 -1 85
-2.649 -1 -2.274 -1 -2.474 -1 -2.788 -1 178
-2.631 -1 -2.27 -1 -2.514 -1 -2.738 -1 193
-2.626 -1 -2.246 -1 -2.252 -1 -2.654 -1 5
-2.453 -1 -2.146 -1 -2.24 -1 -2.692 -1 101
-2.466 -1 -2.116 -1 -2.426 -1 -2.788 -1 233
-2.607 -1 -2.19 -1 -2.442 -1 -2.79 -1 249
-2.616 -1 -2.188 -1 -2.322 -1 -2.732 -1 87
-2.527 -1 -2.14 -1 -2.292 -1 -2.724 -1 126
-2.508 -1 -2.13 -1 -2.136 -1 -2.492 -1 8
-2.314 -1 -1.944 -1 -2.138 -1 -2.604 -1 116
-2.371 -1 -2.034 -1 -2.134 -1 -2.558 -1 69
-2.346 -1 -1.992 -1 -2.282 -1 -2.694 -1 195
-2.488 -1 -2.084 -1 -2.292 -1 -2.66 -1 211
-2.476 -1 -2.052 -1 -2.32 -1 -2.692 -1 186
-2.506 -1 -2.08 -1 -2.088 -1 -2.588 -1 12
-2.338 -1 -1.99 -1 -2.226 -1 -2.648 -1 155
-2.437 -1 -2.08 -1 -2.264 -1 -2.64 -1 145
-2.452 -1 -2.062 -1 -2.274 -1 -2.762 0 190
