7 1000 0.8 7 35 0 0 0 0
-3.288 -1 -2.818 -1 -2.848 -1 -3.05 -1 139
-2.949 -1 -2.528 -1 -2.57 -1 -2.92 -1 39
-2.745 -1 -2.38 -1 -2.666 -1 -2.968 -1 351
-2.817 -1 -2.392 -1 -2.646 -1 -2.872 -1 283
-2.759 -1 -2.37 -1 -2.5 -1 -2.888 -1 139
-2.694 -1 -2.344 -1 -2.574 -1 -2.886 -1 308
-2.73 -1 -2.322 -1 -2.61 -1 -2.878 -1 308
-2.744 -1 -2.342 -1 -2.452 -1 -2.81 -1 140
-2.631 -1 -2.248 -1 -2.384 -1 -2.742 -1 85
-2.563 -1 -2.192 -1 -2.406 -1 -2.794 -1 178
-2.6 -1 -2.21 -1 -2.482 -1 -2.812 -1 210
-2.647 -1 -2.268 -1 -2.516 -1 -2.888 -1 284
-2.702 -1 -2.28 -1 -2.37 -1 -2.742 -1 57
-2.556 -1 -2.18 -1 -2.538 -1 -2.854 -1 349
-2.696 -1 -2.268 -1 -2.288 -1 -2.722 -1 17
-2.505 -1 -2.142 -1 -2.396 -1 -2.686 -1 254
-2.541 -1 -2.176 -1 -2.458 -1 -2.824 -1 235
-2.641 -1 -2.198 -1 -2.476 -1 -2.762 -1 207
-2.619 -1 -2.208 -1 -2.358 -1 -2.672 -1 159
-2.515 -1 -2.13 -1 -2.468 -1 -2.718 -1 321
-2.593 -1 -2.188 -1 -2.536 -1 -2.824 -1 342
-2.68 -1 -2.248 -1 -2.48 -1 -2.808 -1 175
-2.644 -1 -2.254 -1 -2.368 -1 -2.752 -1 134
-2.56 -1 -2.162 -1 -2.354 -1 -2.73 -1 129
-2.542 -1 -2.182 -1 -2.448 -1 -2.756 -1 213
-2.602 -1 -2.188 -1 -2.266 -1 -2.79 -1 78
-2.528 -1 -2.17 -1 -2.524 -1 -2.824 -1 371
-2.674 -1 -2.29 -1 -2.578 -1 -2.89 -1 365
-2.734 -1 -2.324 -1 -2.604 -1 -2.832 -1 318
-2.718 -1 -2.3 -1 -2.452 -1 -2.796 -1 139
-2.624 -1 -2.204 -1 -2.594 -1 -2.836 -1 391
-2.715 -1 -2.31 -1 -2.588 -1 -2.808 -1 271
-2.698 -1 -2.32 -1 -2.538 -1 -2.87 -1 233
-2.704 -1 -2.304 -1 -2.316 -1 -2.65 -1 11
-2.483 -1 -2.12 -1 -2.378 -1 -2.756 0 211
