10 1000 0.4 7 1568 0 0 0 0
-3.817 -2 -3.318 -2 -3.422 -2 -3.622 -2 165
-3.522 -2 -3.084 -2 -3.174 -2 -3.398 -2 97
-3.286 -2 -2.896 -2 -2.938 -1 -3.322 -2 61
-3.13 -1 -2.736 -1 -2.822 -1 -3.26 -1 43
-3.041 -1 -2.674 -1 -2.834 -1 -3.21 -2 83
-3.022 -1 -2.63 -1 -2.872 -1 -3.218 -1 179
-3.045 -1 -2.612 -1 -2.872 -1 -3.29 -1 183
-3.081 -1 -2.642 -1 -2.828 -1 -3.202 -1 178
-3.015 -1 -2.606 -1 -2.714 -1 -3.12 -1 75
-2.917 -1 -2.56 -1 -2.674 -1 -3.132 -1 65
-2.903 -1 -2.49 -1 -2.796 -1 -3.18 -1 198
-2.988 -1 -2.61 -1 -2.698 -1 -3.13 -1 54
-2.914 -1 -2.562 -1 -2.664 -1 -3.132 -1 69
-2.898 -1 -2.532 -1 -2.708 -1 -3.092 -1 152
-2.9 -1 -2.558 -1 -2.748 -1 -3.084 -1 151
-2.916 -1 -2.532 -1 -2.786 -1 -3.158 -1 194
-2.972 -1 -2.558 -1 -2.808 -1 -3.268 -1 180
-3.038 -1 -2.628 -1 -2.82 -1 -3.204 -1 141
-3.012 -1 -2.61 -1 -2.738 -1 -3.138 -1 81
-2.938 -1 -2.55 -1 -2.698 -1 -3.05 -1 122
-2.874 -1 -2.474 -1 -2.646 -1 -3.052 -1 103
-2.849 -1 -2.458 -1 -2.79 -1 -3.128 -1 196
-2.959 -1 -2.526 -1 -2.69 -1 -3.128 -1 118
-2.909 -1 -2.524 -1 -2.626 -1 -3.104 -1 86
-2.865 -1 -2.47 -1 -2.478 -1 -3.058 -1 9
-2.768 -1 -2.432 -1 -2.616 -1 -3.01 -1 105
-2.813 -1 -2.416 -1 -2.6 -1 -3.06 -1 106
-2.83 -1 -2.456 -1 -2.468 -1 -3.006 -1 10
-2.737 -1 -2.388 -1 -2.564 -1 -2.976 -1 91
-2.77 -1 -2.414 -1 -2.632 -1 -3.092 -1 132
-2.862 -1 -2.476 -1 -2.63 -1 -3.048 -1 107
-2.839 -1 -2.414 -1 -2.552 -1 -2.996 -1 90
-2.774 -1 -2.386 -1 -2.46 -1 -2.972 -1 37
-2.716 -1 -2.354 -1 -2.6 -1 -2.982 -1 173
-2.791 -1 -2.376 -1 -2.526 -1 -2.958 -1 123
-2.742 -1 -2.358 -1 -2.62 -1 -3.07 -1 180
-2.845 -1 -2.442 -1 -2.606 -1 -3.026 -1 115
-2.816 -1 -2.446 -1 -2.68 -1 -3.066 -1 157
-2.873 -1 -2.456 -1 -2.734 -1 -3.14 -1 162
-2.937 -1 -2.506 -1 -2.69 -1 -3.08 -1 129
-2.885 -1 -2.472 -1 -2.646 -1 -3.064 -1 142
-2.855 -1 -2.444 -1 -2.456 -1 -2.924 -1 8
-2.69 -1 -2.358 -1 -2.678 -1 -3.046 -1 182
-2.862 -1 -2.442 -1 -2.672 -1 -3.052 -1 162
-2.862 -1 -2.478 -1 -2.734 -1 -3.132 -1 169
-2.933 -1 -2.506 -1 -2.732 -1 -3.03 -1 159
-2.881 -1 -2.474 -1 -2.706 -1 -3.044 -1 180
-2.875 -1 -2.468 -1 -2.768 -1 -3.12 -1 194
-2.944 -1 -2.544 -1 -2.826 -1 -3.148 -1 166
-2.987 -1 -2.568 -1 -2.742 -1 -3.148 -1 144
-2.945 -1 -2.534 -1 -2.616 -1 -3.056 -1 74
-2.836 -1 -2.472 -1 -2.482 -1 -2.964 -1 8
-2.723 -1 -2.398 -1 -2.636 -1 -3.058 -1 167
-2.847 -1 -2.43 -1 -2.662 -1 -3.016 -1 134
-2.839 -1 -2.434 -1 -2.512 -1 -2.924 -1 42
-2.718 -1 -2.344 -1 -2.596 -1 -3.028 -1 179
-2.812 -1 -2.396 -1 -2.44 -1 -2.946 -1 26
-2.693 -1 -2.386 -1 -2.506 -1 -2.942 -1 63
-2.724 -1 -2.372 -1 -2.624 -1 -3.068 -1 180
-2.846 -1 -2.428 -1 -2.668 -1 -3.062 -1 152
-2.865 -1 -2.468 -1 -2.734 -1 -3.08 -1 197
-2.907 -1 -2.476 -1 -2.642 -1 -3.052 -1 125
-2.847 -1 -2.43 -1 -2.474 -1 -2.966 -1 43
-2.72 -1 -2.362 -1 -2.384 -1 -2.836 -1 21
-2.61 -1 -2.242 -1 -2.354 -1 -2.876 -1 77
-2.615 -1 -2.282 -1 -2.374 -1 -2.832 -1 42
-2.603 -1 -2.27 -1 -2.454 -1 -2.954 -1 103
-2.704 -1 -2.308 -1 -2.434 -1 -2.922 -1 86
-2.678 -1 -2.292 -1 -2.312 -1 -2.786 -1 10
-2.549 -1 -2.204 -1 -2.36 -1 -2.814 -1 90
-2.587 -1 -2.198 -1 -2.404 -1 -2.87 -1 112
-2.637 -1 -2.222 -1 -2.528 -1 -2.98 -1 160
-2.754 -1 -2.33 -1 -2.478 -1 -2.872 -1 96
-2.675 -1 -2.274 -1 -2.368 -1 -2.892 -1 36
-2.63 -1 -2.28 -1 -2.428 -1 -2.814 -1 82
-2.621 -1 -2.264 -1 -2.544 -1 -2.926 -1 192
-2.735 -1 -2.302 -1 -2.302 -1 -2.706 -1 0
-2.504 -1 -2.136 -1 -2.392 -1 -2.768 -1 145
-2.58 -1 -2.16 -1 -2.48 -1 -2.834 -1 172
-2.657 -1 -2.24 -1 -2.432 -1 -2.824 -1 116
-2.628 -1 -2.238 -1 -2.462 -1 -2.834 -1 113
-2.648 -1 -2.244 -1 -2.276 -1 -2.718 -1 14
-2.497 -1 -2.136 -1 -2.238 -1 -2.7 -1 64
-2.469 -1 -2.12 -1 -2.224 -1 -2.712 -1 50
-2.468 -1 -2.132 -1 -2.236 -1 -2.654 -1 58
-2.445 -1 -2.098 -1 -2.458 -1 -2.88 -1 172
-2.669 -1 -2.242 -1 -2.372 -1 -2.788 -1 74
-2.58 -1 -2.194 -1 -2.378 -1 -2.752 -1 89
-2.565 -1 -2.144 -1 -2.452 -1 -2.84 -1 170
-2.646 -1 -2.184 -1 -2.508 -1 -2.842 -1 179
-2.675 -1 -2.216 -1 -2.348 -1 -2.808 -1 74
-2.578 -1 -2.154 -1 -2.306 -1 -2.784 -1 92
-2.545 -1 -2.132 -1 -2.226 -1 -2.646 -1 51
-2.436 -1 -2.084 -1 -2.134 -1 -2.598 -1 23
-2.366 -1 -2.034 -1 -2.322 -1 -2.736 -1 167
-2.529 -1 -2.124 -1 -2.336 -1 -2.714 -1 106
-2.525 -1 -2.152 -1 -2.268 -1 -2.682 -1 64
-2.475 -1 -2.06 -1 -2.404 -1 -2.744 -1 159
-2.574 -1 -2.176 -1 -2.45 -1 -2.848 -1 160
-2.649 -1 -2.208 -1 -2.26 -1 -2.674 -1 23
-2.467 -1 -2.04 -1 -2.36 -1 -2.834 -1 165
-2.597 -1 -2.166 -1 -2.19 -1 -2.638 -1 17
-2.414 -1 -2.028 -1 -2.094 -1 -2.592 -1 34
-2.343 -1 -1.974 -1 -2.086 -1 -2.542 -1 46
-2.314 -1 -1.95 -1 -1.954 -1 -2.384 -1 1
-2.169 -1 -1.838 -1 -2.152 -1 -2.496 -1 156
-2.324 -1 -1.88 -1 -1.98 -1 -2.484 -1 49
-2.232 -1 -1.864 -1 -1.882 -1 -2.332 -1 6
-2.107 -1 -1.766 -1 -1.994 -1 -2.318 -1 89
-2.156 -1 -1.74 -1 -1.912 -1 -2.352 -1 82
-2.132 -1 -1.732 -1 -1.988 -1 -2.382 -1 125
-2.185 -1 -1.764 -1 -1.812 -1 -2.162 -1 22
-1.987 -1 -1.628 -1 -1.972 -1 -2.342 -1 145
-2.157 -1 -1.704 -1 -2.07 -1 -2.394 -1 145
-2.232 -1 -1.736 -1 -1.84 -1 -2.172 -1 48
-2.006 -1 -1.628 -1 -1.974 -1 -2.282 -1 141
-2.128 -1 -1.668 -1 -1.748 -1 -2.094 -1 31
-1.921 -1 -1.548 -1 -1.684 -1 -1.994 -1 47
-1.839 -1 -1.468 -1 -1.838 -1 -2.082 -1 146
-1.96 -1 -1.53 -1 -1.958 -1 -2.224 -1 184
-2.091 -1 -1.628 -1 -2.076 -1 -2.296 -1 184
-2.186 -1 -1.7 -1 -1.78 -1 -2.054 -1 25
-1.917 -1 -1.534 -1 -1.782 -1 -1.988 -1 88
-1.885 -1 -1.496 -1 -1.672 -1 -1.924 -1 63
-1.798 -1 -1.418 -1 -1.672 -1 -1.946 -1 85
-1.809 -1 -1.42 -1 -1.84 -1 -2.074 -1 148
-1.957 -1 -1.512 -1 -2.014 -1 -2.198 -1 197
-2.106 -1 -1.568 -1 -2.024 -1 -2.294 -1 197
-2.159 -1 -1.64 -1 -2.022 -1 -2.226 -1 156
-2.124 -1 -1.65 -1 -1.674 -1 -1.952 -1 12
-1.813 -1 -1.454 -1 -1.796 -1 -2.032 -1 131
-1.914 -1 -1.498 -1 -1.92 -1 -2.184 -1 186
-2.052 -1 -1.566 -1 -1.612 -1 -1.868 -1 18
-1.74 -1 -1.354 -1 -1.502 -1 -1.716 -1 67
-1.609 -1 -1.246 -1 -1.514 -1 -1.734 -1 88
-1.624 -1 -1.246 -1 -1.622 -1 -1.808 -1 136
-1.715 -1 -1.316 -1 -1.67 -1 -1.86 -1 134
-1.765 -1 -1.356 -1 -1.844 -1 -2.072 -1 180
-1.958 -1 -1.462 -1 -1.728 -1 -1.926 -1 114
-1.827 -1 -1.402 -1 -1.71 -1 -1.906 -1 107
-1.808 -1 -1.436 -1 -1.748 -1 -1.934 -1 127
-1.841 -1 -1.414 -1 -1.718 -1 -2.004 -1 116
-1.861 -1 -1.414 -1 -1.958 -1 -2.218 -1 193
-2.088 -1 -1.556 -1 -1.782 -1 -2.02 -1 82
-1.901 -1 -1.464 -1 -1.714 -1 -1.94 -1 91
-1.827 -1 -1.38 -1 -1.726 -1 -1.92 -1 122
-1.823 -1 -1.398 -1 -1.918 -1 -2.198 -1 189
-2.058 -1 -1.594 -1 -1.594 -1 -1.802 -1 1
-1.698 -1 -1.338 -1 -1.766 -1 -1.986 -1 142
-1.876 -1 -1.394 -1 -1.76 -1 -1.936 -1 146
-1.848 -1 -1.364 -1 -1.47 -1 -1.67 -1 39
-1.57 -1 -1.264 -1 -1.436 -1 -1.63 -1 53
-1.533 -1 -1.232 -1 -1.312 -1 -1.448 -1 21
-1.38 -1 -1.152 -1 -1.568 -1 -1.75 -1 128
-1.659 -1 -1.252 -1 -1.752 -1 -1.916 -1 192
-1.834 -1 -1.404 -1 -1.518 -1 -1.674 -1 43
-1.596 -1 -1.274 -1 -1.834 -1 -1.99 -1 192
-1.912 -1 -1.398 -1 -1.972 -1 -2.18 -1 195
-2.076 -1 -1.524 -1 -1.956 -1 -2.168 -1 159
-2.062 -1 -1.52 -1 -1.696 -1 -1.91 -1 57
-1.803 -1 -1.442 -1 -1.488 -1 -1.634 -1 16
-1.561 -1 -1.234 -1 -1.732 -1 -1.984 -1 159
-1.858 -1 -1.388 -1 -1.762 -1 -1.912 -1 141
-1.837 -1 -1.392 -1 -1.632 -1 -1.804 -1 75
-1.718 -1 -1.316 -1 -1.648 -1 -1.822 -1 119
-1.735 -1 -1.34 -1 -1.69 -1 -1.872 -1 128
-1.781 -1 -1.332 -1 -1.84 -1 -2.016 -1 185
-1.928 -1 -1.406 -1 -1.558 -1 -1.74 -1 54
-1.649 -1 -1.294 -1 -1.548 -1 -1.728 -1 89
-1.638 -1 -1.268 -1 -1.762 -1 -1.908 -1 187
-1.835 -1 -1.342 -1 -1.59 -1 -1.756 -1 87
-1.673 -1 -1.314 -1 -1.566 -1 -1.756 -1 89
-1.661 -1 -1.27 -1 -1.326 -1 -1.524 -1 23
-1.425 -1 -1.192 -1 -1.568 -1 -1.712 -1 130
-1.64 -1 -1.252 -1 -1.464 -1 -1.652 -1 69
-1.558 -1 -1.188 -1 -1.486 -1 -1.652 -1 98
-1.569 -1 -1.23 -1 -1.772 -1 -1.986 -1 196
-1.879 -1 -1.384 -1 -1.846 -1 -2.01 -1 153
-1.928 -1 -1.432 -1 -1.718 -1 -1.888 -1 108
-1.803 -1 -1.37 -1 -1.69 -1 -1.856 -1 116
-1.773 -1 -1.362 -1 -1.416 -1 -1.57 -1 13
-1.493 -1 -1.208 -1 -1.244 -1 -1.392 -1 8
-1.318 -1 -1.066 -1 -1.458 -1 -1.622 -1 114
-1.54 -1 -1.21 -1 -1.312 -1 -1.436 -1 33
-1.374 -1 -1.098 -1 -1.324 -1 -1.47 -1 74
-1.397 -1 -1.154 -1 -1.464 -1 -1.572 -1 103
-1.518 -1 -1.224 -1 -1.594 -1 -1.728 -1 118
-1.661 -1 -1.306 -1 -1.552 -1 -1.706 -1 85
-1.629 -1 -1.23 -1 -1.682 -1 -1.862 -1 158
-1.772 -1 -1.342 -1 -1.488 -1 -1.622 -1 54
-1.555 -1 -1.254 -1 -1.502 -1 -1.654 -1 85
-1.578 -1 -1.246 -1 -1.782 -1 -1.97 -1 173
-1.876 -1 -1.436 -1 -1.612 -1 -1.7 -1 58
-1.656 -1 -1.274 -1 -1.578 -1 -1.734 -1 106
-1.656 -1 -1.234 -1 -1.356 -1 -1.452 -1 45
-1.404 -1 -1.17 -1 -1.208 -1 -1.308 -1 11
-1.258 -1 -1.072 -1 -1.59 -1 -1.722 -1 171
-1.656 -1 -1.25 -1 -1.648 -1 -1.794 -1 128
-1.721 -1 -1.33 -1 -1.618 -1 -1.774 -1 91
-1.696 -1 -1.306 -1 -1.4 -1 -1.522 -1 42
-1.461 -1 -1.172 -1 -1.502 -1 -1.646 -1 91
-1.574 -1 -1.2 -1 -1.574 -1 -1.726 -1 129
-1.65 -1 -1.282 -1 -1.476 -1 -1.568 -1 59
-1.522 -1 -1.164 -1 -1.574 -1 -1.686 -1 138
-1.63 -1 -1.264 -1 -1.53 -1 -1.742 -1 94
-1.636 -1 -1.256 -1 -1.456 -1 -1.538 -1 68
-1.497 -1 -1.172 -1 -1.72 -1 -1.874 -1 183
-1.797 -1 -1.384 -1 -1.586 -1 -1.778 -1 79
-1.682 -1 -1.284 -1 -1.672 -1 -1.866 -1 135
-1.769 -1 -1.36 -1 -1.868 -1 -1.996 -1 197
-1.932 -1 -1.436 -1 -1.528 -1 -1.71 -1 33
-1.619 -1 -1.29 -1 -1.424 -1 -1.58 -1 59
-1.502 -1 -1.19 -1 -1.636 -1 -1.798 -1 145
-1.717 -1 -1.332 -1 -1.692 -1 -1.826 -1 136
-1.759 -1 -1.368 -1 -1.402 -1 -1.538 -1 8
-1.47 -1 -1.168 -1 -1.272 -1 -1.408 -1 29
-1.34 -1 -1.114 -1 -1.27 -1 -1.382 -1 50
-1.326 -1 -1.092 -1 -1.354 -1 -1.482 -1 87
-1.418 -1 -1.14 -1 -1.396 -1 -1.488 -1 71
-1.442 -1 -1.132 -1 -1.588 -1 -1.756 -1 154
-1.672 -1 -1.292 -1 -1.472 -1 -1.618 -1 61
-1.545 -1 -1.176 -1 -1.696 -1 -1.86 -1 173
-1.778 -1 -1.374 -1 -1.942 -1 -2.122 -1 193
-2.032 -1 -1.492 -1 -1.676 -1 -1.846 -1 62
-1.761 -1 -1.328 -1 -1.336 -1 -1.452 -1 3
-1.394 -1 -1.158 -1 -1.626 -1 -1.822 -1 163
-1.724 -1 -1.306 -1 -1.37 -1 -1.496 -1 20
-1.433 -1 -1.142 -1 -1.208 -1 -1.33 -1 23
-1.269 -1 -1.096 -1 -1.466 -1 -1.608 -1 114
-1.537 -1 -1.22 -1 -1.256 -1 -1.338 -1 8
-1.297 -1 -1.096 -1 -1.274 -1 -1.416 -1 60
-1.345 -1 -1.11 -1 -1.316 -1 -1.424 -1 75
-1.37 -1 -1.112 -1 -1.278 -1 -1.39 -1 49
-1.334 -1 -1.094 -1 -1.672 -1 -1.78 -1 189
-1.726 -1 -1.29 -1 -1.47 -1 -1.644 -1 65
-1.557 -1 -1.188 -1 -1.504 -1 -1.688 -1 95
-1.596 -1 -1.25 -1 -1.254 -1 -1.334 -1 3
-1.294 -1 -1.07 -1 -1.492 -1 -1.614 -1 142
-1.553 -1 -1.22 -1 -1.646 -1 -1.85 -1 162
-1.748 -1 -1.306 -1 -1.54 -1 -1.738 -1 87
-1.639 -1 -1.248 -1 -1.536 -1 -1.686 -1 95
-1.611 -1 -1.242 -1 -1.26 -1 -1.382 -1 4
-1.321 -1 -1.102 -1 -1.234 -1 -1.382 -1 41
-1.308 -1 -1.108 -1 -1.408 -1 -1.536 -1 102
-1.472 -1 -1.194 -1 -1.562 -1 -1.726 -1 114
-1.644 -1 -1.25 -1 -1.772 -1 -1.934 -1 193
-1.853 -1 -1.426 -1 -1.594 -1 -1.76 -1 64
-1.677 -1 -1.274 -1 -1.844 -1 -1.978 -1 197
-1.911 -1 -1.448 -1 -1.786 -1 -2.01 -1 104
-1.898 -1 -1.44 -1 -1.768 -1 -1.982 -1 126
-1.875 -1 -1.446 -1 -1.786 -1 -1.97 -1 131
-1.878 -1 -1.412 -1 -1.424 -1 -1.56 -1 3
-1.492 -1 -1.214 -1 -1.478 -1 -1.64 -1 88
-1.559 -1 -1.216 -1 -1.68 -1 -1.846 -1 155
-1.763 -1 -1.364 -1 -1.556 -1 -1.722 -1 69
-1.639 -1 -1.25 -1 -1.494 -1 -1.658 -1 83
-1.576 -1 -1.254 -1 -1.344 -1 -1.454 -1 33
-1.399 -1 -1.148 -1 -1.382 -1 -1.518 -1 67
-1.45 -1 -1.168 -1 -1.436 -1 -1.534 -1 89
-1.485 -1 -1.168 -1 -1.518 -1 -1.692 -1 117
-1.605 -1 -1.236 -1 -1.7 -1 -1.786 -1 150
-1.743 -1 -1.356 -1 -1.78 -1 -2.014 -1 160
-1.897 -1 -1.486 -1 -1.664 -1 -1.812 -1 75
-1.738 -1 -1.316 -1 -1.588 -1 -1.768 -1 123
-1.678 -1 -1.312 -1 -1.392 -1 -1.534 -1 32
-1.463 -1 -1.166 -1 -1.552 -1 -1.75 -1 142
-1.651 -1 -1.272 -1 -1.798 -1 -2.016 -1 194
-1.907 -1 -1.426 -1 -1.884 -1 -2.062 -1 173
-1.973 -1 -1.492 -1 -1.938 -1 -2.16 -1 174
-2.049 -1 -1.544 -1 -1.578 -1 -1.726 -1 19
-1.652 -1 -1.276 -1 -1.666 -1 -1.836 -1 130
-1.751 -1 -1.308 -1 -1.744 -1 -1.914 -1 159
-1.829 -1 -1.4 -1 -1.844 -1 -2.048 -1 181
-1.946 -1 -1.458 -1 -1.834 -1 -1.994 -1 153
-1.914 -1 -1.45 -1 -1.482 -1 -1.718 -1 12
-1.6 -1 -1.278 -1 -1.732 -1 -1.868 -1 181
-1.8 -1 -1.392 -1 -1.816 -1 -2.006 -1 171
-1.911 -1 -1.452 -1 -1.668 -1 -1.874 -1 76
-1.771 -1 -1.37 -1 -1.868 -1 -2.05 -1 174
-1.959 -1 -1.482 -1 -1.696 -1 -1.842 -1 67
-1.769 -1 -1.342 -1 -1.818 -1 -2.092 -1 186
-1.955 -1 -1.492 -1 -1.878 -1 -2.022 -1 134
-1.95 -1 -1.458 -1 -1.662 -1 -1.812 -1 83
-1.737 -1 -1.352 -1 -1.698 -1 -1.882 -1 106
-1.79 -1 -1.38 -1 -1.842 -1 -2.016 -1 146
-1.929 -1 -1.44 -1 -1.89 -1 -2.086 -1 196
-1.988 -1 -1.47 -1 -1.694 -1 -1.868 -1 66
-1.781 -1 -1.37 -1 -1.592 -1 -1.754 -1 95
-1.673 -1 -1.306 -1 -1.39 -1 -1.548 -1 27
-1.469 -1 -1.194 -1 -1.412 -1 -1.6 -1 78
-1.506 -1 -1.212 -1 -1.586 -1 -1.836 -1 139
-1.711 -1 -1.316 -1 -1.648 -1 -1.814 -1 116
-1.731 -1 -1.334 -1 -1.812 -1 -2.028 -1 184
-1.92 -1 -1.398 -1 -1.712 -1 -1.86 -1 110
-1.786 -1 -1.362 -1 -1.558 -1 -1.78 -1 70
-1.669 -1 -1.31 -1 -1.688 -1 -1.854 -1 152
-1.771 -1 -1.368 -1 -1.424 -1 -1.6 -1 16
-1.512 -1 -1.21 -1 -1.462 -1 -1.61 -1 86
-1.536 -1 -1.19 -1 -1.34 -1 -1.508 -1 56
-1.424 -1 -1.13 -1 -1.34 -1 -1.474 -1 76
-1.407 -1 -1.144 -1 -1.584 -1 -1.7 -1 134
-1.642 -1 -1.262 -1 -1.548 -1 -1.714 -1 90
-1.631 -1 -1.242 -1 -1.702 -1 -1.902 -1 152
-1.802 -1 -1.31 -1 -1.332 -1 -1.448 -1 5
-1.39 -1 -1.15 -1 -1.218 -1 -1.304 -1 23
-1.261 -1 -1.082 -1 -1.438 -1 -1.594 -1 116
-1.516 -1 -1.196 -1 -1.432 -1 -1.538 -1 69
-1.485 -1 -1.126 -1 -1.356 -1 -1.484 -1 62
-1.42 -1 -1.15 -1 -1.414 -1 -1.504 -1 82
-1.459 -1 -1.172 -1 -1.408 -1 -1.516 -1 84
-1.462 -1 -1.168 -1 -1.436 -1 -1.572 -1 71
-1.504 -1 -1.174 -1 -1.738 -1 -1.9 -1 191
-1.819 -1 -1.398 -1 -1.608 -1 -1.726 -1 65
-1.667 -1 -1.294 -1 -1.404 -1 -1.552 -1 34
-1.478 -1 -1.194 -1 -1.492 -1 -1.634 -1 121
-1.563 -1 -1.238 -1 -1.618 -1 -1.776 -1 137
-1.697 -1 -1.272 -1 -1.3 -1 -1.416 -1 10
-1.358 -1 -1.14 -1 -1.38 -1 -1.526 -1 85
-1.453 -1 -1.176 -1 -1.72 -1 -1.872 -1 197
-1.796 -1 -1.362 -1 -1.516 -1 -1.626 -1 53
-1.571 -1 -1.236 -1 -1.676 -1 -1.882 -1 154
-1.779 -1 -1.33 -1 -1.344 -1 -1.478 -1 7
-1.411 -1 -1.142 -1 -1.55 -1 -1.726 -1 131
-1.638 -1 -1.238 -1 -1.754 -1 -1.926 -1 191
-1.84 -1 -1.386 -1 -1.512 -1 -1.724 -1 46
-1.618 -1 -1.29 -1 -1.346 -1 -1.46 -1 20
-1.403 -1 -1.122 -1 -1.64 -1 -1.842 -1 195
-1.741 -1 -1.326 -1 -1.62 -1 -1.76 -1 104
-1.69 -1 -1.272 -1 -1.812 -1 -1.972 -1 189
-1.892 -1 -1.394 -1 -1.876 -1 -2.098 -1 168
-1.987 -1 -1.472 -1 -1.576 -1 -1.736 -1 39
-1.656 -1 -1.294 -1 -1.574 -1 -1.728 -1 95
-1.651 -1 -1.296 -1 -1.664 -1 -1.84 -1 111
-1.752 -1 -1.286 -1 -1.778 -1 -2.012 -1 179
-1.895 -1 -1.406 -1 -1.736 -1 -1.888 -1 105
-1.812 -1 -1.378 -1 -1.856 -1 -2.086 -1 174
-1.971 -1 -1.46 -1 -1.87 -1 -2.088 -1 165
-1.979 -1 -1.51 -1 -1.942 -1 -2.19 -1 180
-2.066 -1 -1.558 -1 -1.594 -1 -1.794 -1 12
-1.694 -1 -1.306 -1 -1.316 -1 -1.478 -1 4
-1.397 -1 -1.168 -1 -1.74 -1 -1.956 -1 187
-1.848 -1 -1.364 -1 -1.576 -1 -1.752 -1 67
-1.664 -1 -1.24 -1 -1.71 -1 -1.9 -1 168
-1.805 -1 -1.362 -1 -1.486 -1 -1.644 -1 46
-1.565 -1 -1.198 -1 -1.492 -1 -1.648 -1 94
-1.57 -1 -1.256 -1 -1.702 -1 -1.806 -1 155
-1.754 -1 -1.334 -1 -1.558 -1 -1.78 -1 85
-1.669 -1 -1.31 -1 -1.73 -1 -1.952 -1 165
-1.841 -1 -1.422 -1 -1.684 -1 -1.87 -1 94
-1.777 -1 -1.382 -1 -1.734 -1 -1.92 -1 122
-1.827 -1 -1.382 -1 -1.456 -1 -1.652 -1 30
-1.554 -1 -1.236 -1 -1.278 -1 -1.44 -1 15
-1.359 -1 -1.142 -1 -1.672 -1 -1.924 -1 197
-1.798 -1 -1.346 -1 -1.378 -1 -1.536 -1 7
-1.457 -1 -1.154 -1 -1.292 -1 -1.402 -1 38
-1.347 -1 -1.102 -1 -1.218 -1 -1.336 -1 33
-1.277 -1 -1.078 -1 -1.698 -1 -1.836 -1 182
-1.767 -1 -1.334 -1 -1.374 -1 -1.484 -1 18
-1.429 -1 -1.136 -1 -1.354 -1 -1.444 -1 64
-1.399 -1 -1.156 -1 -1.624 -1 -1.788 -1 161
-1.706 -1 -1.268 -1 -1.678 -1 -1.866 -1 153
-1.772 -1 -1.374 -1 -1.394 -1 -1.502 -1 10
-1.448 -1 -1.168 -1 -1.288 -1 -1.394 -1 35
-1.341 -1 -1.116 -1 -1.31 -1 -1.428 -1 58
-1.369 -1 -1.124 -1 -1.3 -1 -1.394 -1 54
-1.347 -1 -1.104 -1 -1.48 -1 -1.58 -1 113
-1.53 -1 -1.214 -1 -1.822 -1 -1.992 -1 191
-1.907 -1 -1.42 -1 -1.512 -1 -1.65 -1 36
-1.581 -1 -1.228 -1 -1.412 -1 -1.554 -1 64
-1.483 -1 -1.184 -1 -1.198 -1 -1.292 -1 3
-1.245 -1 -1.054 -1 -1.348 -1 -1.462 -1 83
-1.405 -1 -1.14 -1 -1.21 -1 -1.332 -1 26
-1.271 -1 -1.08 -1 -1.248 -1 -1.322 -1 45
-1.285 -1 -1.082 -1 -1.556 -1 -1.692 -1 155
-1.624 -1 -1.248 -1 -1.298 -1 -1.416 -1 15
-1.357 -1 -1.114 -1 -1.276 -1 -1.392 -1 57
-1.334 -1 -1.124 -1 -1.578 -1 -1.716 -1 148
-1.647 -1 -1.274 -1 -1.656 -1 -1.756 -1 120
-1.706 -1 -1.308 -1 -1.736 -1 -1.892 -1 171
-1.814 -1 -1.374 -1 -1.624 -1 -1.762 -1 102
-1.693 -1 -1.324 -1 -1.772 -1 -1.952 -1 170
-1.862 -1 -1.402 -1 -1.588 -1 -1.722 -1 56
-1.655 -1 -1.282 -1 -1.414 -1 -1.566 -1 50
-1.49 -1 -1.21 -1 -1.284 -1 -1.412 -1 24
-1.348 -1 -1.126 -1 -1.152 -1 -1.24 -1 8
-1.196 -1 -1.046 -1 -1.082 -1 -1.172 -1 10
-1.127 -1 -1.04 -1 -1.608 -1 -1.748 -1 198
-1.678 -1 -1.262 -1 -1.676 -1 -1.844 -1 150
-1.76 -1 -1.364 -1 -1.452 -1 -1.566 -1 30
-1.509 -1 -1.21 -1 -1.55 -1 -1.698 -1 114
-1.624 -1 -1.276 -1 -1.422 -1 -1.558 -1 44
-1.49 -1 -1.176 -1 -1.622 -1 -1.816 -1 136
-1.719 -1 -1.276 -1 -1.374 -1 -1.496 -1 37
-1.435 -1 -1.168 -1 -1.198 -1 -1.298 -1 7
-1.248 -1 -1.066 -1 -1.262 -1 -1.362 -1 55
-1.312 -1 -1.082 -1 -1.136 -1 -1.214 -1 12
-1.175 -1 -1.046 -1 -1.052 -1 -1.104 -1 4
-1.078 -1 -1.018 -1 -1.374 -1 -1.474 -1 91
-1.424 -1 -1.126 -1 -1.168 -1 -1.228 -1 15
-1.198 -1 -1.066 -1 -1.556 -1 -1.678 -1 154
-1.617 -1 -1.23 -1 -1.742 -1 -1.902 -1 163
-1.822 -1 -1.372 -1 -1.896 -1 -2.088 -1 181
-1.992 -1 -1.488 -1 -1.842 -1 -1.98 -1 139
-1.911 -1 -1.464 -1 -1.768 -1 -1.964 -1 128
-1.866 -1 -1.452 -1 -1.796 -1 -2.054 -1 152
-1.925 -1 -1.488 -1 -1.804 -1 -2.05 -1 121
-1.927 -1 -1.49 -1 -1.602 -1 -1.786 -1 44
-1.694 -1 -1.366 -1 -1.78 -1 -1.958 -1 160
-1.869 -1 -1.41 -1 -1.742 -1 -1.932 -1 131
-1.837 -1 -1.374 -1 -1.42 -1 -1.588 -1 16
-1.504 -1 -1.204 -1 -1.652 -1 -1.85 -1 152
-1.751 -1 -1.35 -1 -1.816 -1 -1.974 -1 184
-1.895 -1 -1.45 -1 -1.864 -1 -2.04 -1 141
-1.952 -1 -1.466 -1 -1.65 -1 -1.892 -1 80
-1.771 -1 -1.376 -1 -1.59 -1 -1.768 -1 78
-1.679 -1 -1.28 -1 -1.852 -1 -2.068 -1 197
-1.96 -1 -1.46 -1 -1.988 -1 -2.15 -1 190
-2.069 -1 -1.566 -1 -2.068 -1 -2.26 -1 193
-2.164 -1 -1.714 -1 -1.906 -1 -2.06 -1 77
-1.983 -1 -1.546 -1 -2.048 -1 -2.298 -1 198
-2.173 -1 -1.646 -1 -1.87 -1 -2.096 -1 83
-1.983 -1 -1.492 -1 -1.874 -1 -2.034 -1 164
-1.954 -1 -1.496 -1 -1.93 -1 -2.176 -1 150
-2.053 -1 -1.552 -1 -1.686 -1 -1.914 -1 47
-1.8 -1 -1.38 -1 -1.62 -1 -1.83 -1 88
-1.725 -1 -1.346 -1 -1.442 -1 -1.654 -1 26
-1.548 -1 -1.21 -1 -1.45 -1 -1.622 -1 76
-1.536 -1 -1.196 -1 -1.368 -1 -1.514 -1 53
-1.441 -1 -1.168 -1 -1.472 -1 -1.66 -1 89
-1.566 -1 -1.23 -1 -1.444 -1 -1.602 -1 75
-1.523 -1 -1.21 -1 -1.558 -1 -1.73 -1 115
-1.644 -1 -1.256 -1 -1.68 -1 -1.846 -1 170
-1.763 -1 -1.382 -1 -1.664 -1 -1.828 -1 107
-1.746 -1 -1.348 -1 -1.79 -1 -1.982 -1 190
-1.886 -1 -1.446 -1 -1.512 -1 -1.696 -1 24
-1.604 -1 -1.252 -1 -1.616 -1 -1.756 -1 123
-1.686 -1 -1.326 -1 -1.528 -1 -1.728 -1 70
-1.628 -1 -1.286 -1 -1.734 -1 -1.872 -1 144
-1.803 -1 -1.346 -1 -1.84 -1 -1.986 -1 166
-1.913 -1 -1.398 -1 -1.778 -1 -1.93 -1 141
-1.854 -1 -1.41 -1 -1.98 -1 -2.152 -1 193
-2.066 -1 -1.518 -1 -1.546 -1 -1.7 -1 12
-1.623 -1 -1.288 -1 -1.558 -1 -1.754 -1 93
-1.656 -1 -1.306 -1 -1.566 -1 -1.754 -1 90
-1.66 -1 -1.318 -1 -1.85 -1 -2.05 -1 191
-1.95 -1 -1.528 -1 -1.91 -1 -2.068 -1 139
-1.989 -1 -1.556 -1 -2.038 -1 -2.248 -1 193
-2.143 -1 -1.662 -1 -1.724 -1 -1.956 -1 31
-1.84 -1 -1.426 -1 -1.852 -1 -2.042 -1 175
-1.947 -1 -1.448 -1 -1.718 -1 -1.95 -1 97
-1.834 -1 -1.44 -1 -1.822 -1 -2.03 -1 141
-1.926 -1 -1.446 -1 -1.878 -1 -2.072 -1 169
-1.975 -1 -1.47 -1 -1.596 -1 -1.804 -1 45
-1.7 -1 -1.322 -1 -1.522 -1 -1.668 -1 64
-1.595 -1 -1.224 -1 -1.598 -1 -1.808 -1 143
-1.703 -1 -1.306 -1 -1.422 -1 -1.61 -1 37
-1.516 -1 -1.188 -1 -1.226 -1 -1.332 -1 15
-1.279 -1 -1.092 -1 -1.322 -1 -1.438 -1 78
-1.38 -1 -1.118 -1 -1.45 -1 -1.572 -1 95
-1.511 -1 -1.172 -1 -1.43 -1 -1.578 -1 81
-1.504 -1 -1.216 -1 -1.342 -1 -1.47 -1 54
-1.406 -1 -1.142 -1 -1.218 -1 -1.318 -1 20
-1.268 -1 -1.074 -1 -1.168 -1 -1.26 -1 23
-1.214 -1 -1.05 -1 -1.216 -1 -1.274 -1 48
-1.245 -1 -1.058 -1 -1.312 -1 -1.448 -1 80
-1.38 -1 -1.114 -1 -1.552 -1 -1.73 -1 159
-1.641 -1 -1.28 -1 -1.756 -1 -1.924 -1 189
-1.84 -1 -1.39 -1 -1.956 -1 -2.216 -1 198
-2.086 -1 -1.564 -1 -1.956 -1 -2.158 -1 159
-2.057 -1 -1.572 -1 -1.994 -1 -2.264 -1 164
-2.129 -1 -1.62 -1 -1.918 -1 -2.128 -1 133
-2.023 -1 -1.564 -1 -1.906 -1 -2.13 -1 114
-2.018 -1 -1.526 -1 -1.77 -1 -1.934 -1 90
-1.852 -1 -1.428 -1 -1.622 -1 -1.782 -1 73
-1.702 -1 -1.27 -1 -1.828 -1 -2.062 -1 189
-1.945 -1 -1.498 -1 -1.936 -1 -2.162 -1 138
-2.049 -1 -1.516 -1 -2.028 -1 -2.156 -1 197
-2.092 -1 -1.564 -1 -1.972 -1 -2.16 -1 188
-2.066 -1 -1.594 -1 -1.89 -1 -2.058 -1 105
-1.974 -1 -1.524 -1 -1.798 -1 -2.026 -1 117
-1.912 -1 -1.494 -1 -1.86 -1 -2.112 -1 127
-1.986 -1 -1.506 -1 -1.636 -1 -1.904 -1 55
-1.77 -1 -1.388 -1 -1.446 -1 -1.58 -1 27
-1.513 -1 -1.214 -1 -1.402 -1 -1.55 -1 63
-1.476 -1 -1.174 -1 -1.282 -1 -1.418 -1 39
-1.35 -1 -1.118 -1 -1.296 -1 -1.412 -1 54
-1.354 -1 -1.108 -1 -1.518 -1 -1.684 -1 127
-1.601 -1 -1.232 -1 -1.446 -1 -1.56 -1 86
-1.503 -1 -1.158 -1 -1.494 -1 -1.644 -1 98
-1.569 -1 -1.194 -1 -1.288 -1 -1.414 -1 35
-1.351 -1 -1.118 -1 -1.706 -1 -1.89 -1 188
-1.798 -1 -1.36 -1 -1.77 -1 -1.948 -1 169
-1.859 -1 -1.39 -1 -1.752 -1 -1.934 -1 119
-1.843 -1 -1.444 -1 -1.828 -1 -2.052 -1 171
-1.94 -1 -1.444 -1 -1.538 -1 -1.636 -1 38
-1.587 -1 -1.278 -1 -1.372 -1 -1.524 -1 35
-1.448 -1 -1.166 -1 -1.67 -1 -1.824 -1 149
-1.747 -1 -1.326 -1 -1.546 -1 -1.748 -1 84
-1.647 -1 -1.294 -1 -1.39 -1 -1.516 -1 27
-1.453 -1 -1.168 -1 -1.322 -1 -1.432 -1 45
-1.377 -1 -1.128 -1 -1.502 -1 -1.688 -1 125
-1.595 -1 -1.242 -1 -1.432 -1 -1.556 -1 50
-1.494 -1 -1.162 -1 -1.718 -1 -1.858 -1 185
-1.788 -1 -1.316 -1 -1.498 -1 -1.688 -1 70
-1.593 -1 -1.236 -1 -1.414 -1 -1.582 -1 55
-1.498 -1 -1.206 -1 -1.382 -1 -1.492 -1 49
-1.437 -1 -1.164 -1 -1.668 -1 -1.824 -1 170
-1.746 -1 -1.316 -1 -1.8 -1 -1.998 -1 177
-1.899 -1 -1.438 -1 -1.554 -1 -1.674 -1 40
-1.614 -1 -1.246 -1 -1.822 -1 -1.98 -1 190
-1.901 -1 -1.412 -1 -1.504 -1 -1.678 -1 40
-1.591 -1 -1.258 -1 -1.436 -1 -1.602 -1 65
-1.519 -1 -1.204 -1 -1.626 -1 -1.764 -1 158
-1.695 -1 -1.29 -1 -1.76 -1 -1.962 -1 172
-1.861 -1 -1.43 -1 -1.758 -1 -1.944 -1 141
-1.851 -1 -1.428 -1 -1.428 -1 -1.598 -1 3
-1.513 -1 -1.238 -1 -1.732 -1 -1.856 -1 186
-1.794 -1 -1.382 -1 -1.71 -1 -1.924 -1 124
-1.817 -1 -1.394 -1 -1.67 -1 -1.804 -1 88
-1.737 -1 -1.344 -1 -1.79 -1 -1.974 -1 167
-1.882 -1 -1.428 -1 -1.462 -1 -1.632 -1 13
-1.547 -1 -1.222 -1 -1.242 -1 -1.388 -1 7
-1.315 -1 -1.116 -1 -1.464 -1 -1.606 -1 113
-1.535 -1 -1.202 -1 -1.404 -1 -1.524 -1 52
-1.464 -1 -1.138 -1 -1.604 -1 -1.754 -1 157
-1.679 -1 -1.292 -1 -1.418 -1 -1.558 -1 37
-1.488 -1 -1.186 -1 -1.648 -1 -1.828 -1 155
-1.738 -1 -1.366 -1 -1.466 -1 -1.612 -1 35
-1.539 -1 -1.174 -1 -1.386 -1 -1.52 -1 65
-1.453 -1 -1.166 -1 -1.494 -1 -1.65 -1 110
-1.572 -1 -1.202 -1 -1.406 -1 -1.532 -1 69
-1.469 -1 -1.172 -1 -1.296 -1 -1.366 -1 43
-1.331 -1 -1.094 -1 -1.224 -1 -1.338 -1 48
-1.281 -1 -1.092 -1 -1.312 -1 -1.418 -1 64
-1.365 -1 -1.12 -1 -1.436 -1 -1.55 -1 104
-1.493 -1 -1.212 -1 -1.504 -1 -1.674 -1 94
-1.589 -1 -1.234 -1 -1.422 -1 -1.562 -1 66
-1.492 -1 -1.18 -1 -1.534 -1 -1.662 -1 104
-1.598 -1 -1.228 -1 -1.588 -1 -1.74 -1 134
-1.664 -1 -1.284 -1 -1.424 -1 -1.554 -1 48
-1.489 -1 -1.178 -1 -1.402 -1 -1.5 -1 69
-1.451 -1 -1.19 -1 -1.604 -1 -1.774 -1 120
-1.689 -1 -1.3 -1 -1.634 -1 -1.816 -1 121
-1.725 -1 -1.282 -1 -1.61 -1 -1.75 -1 115
-1.68 -1 -1.28 -1 -1.624 -1 -1.8 -1 137
-1.712 -1 -1.318 -1 -1.772 -1 -1.972 -1 163
-1.872 -1 -1.432 -1 -1.792 -1 -1.964 -1 134
-1.878 -1 -1.442 -1 -1.458 -1 -1.63 -1 6
-1.544 -1 -1.226 -1 -1.792 -1 -1.996 -1 196
-1.894 -1 -1.438 -1 -1.904 -1 -2.066 -1 190
-1.985 -1 -1.472 -1 -1.976 -1 -2.136 -1 199
-2.056 -1 -1.562 -1 -2.03 -1 -2.296 -1 195
-2.163 -1 -1.638 -1 -1.658 -1 -1.876 -1 5
-1.767 -1 -1.39 -1 -1.626 -1 -1.85 -1 96
-1.738 -1 -1.294 -1 -1.732 -1 -1.904 -1 157
-1.818 -1 -1.396 -1 -1.734 -1 -1.944 -1 121
-1.839 -1 -1.382 -1 -1.522 -1 -1.742 -1 45
-1.632 -1 -1.238 -1 -1.728 -1 -1.88 -1 191
-1.804 -1 -1.358 -1 -1.736 -1 -1.934 -1 126
-1.835 -1 -1.366 -1 -1.548 -1 -1.716 -1 58
-1.632 -1 -1.284 -1 -1.746 -1 -1.938 -1 156
-1.842 -1 -1.38 -1 -1.626 -1 -1.81 -1 94
-1.718 -1 -1.364 -1 -1.544 -1 -1.718 -1 59
-1.631 -1 -1.23 -1 -1.7 -1 -1.862 -1 157
-1.781 -1 -1.372 -1 -1.56 -1 -1.73 -1 70
-1.645 -1 -1.256 -1 -1.408 -1 -1.542 -1 33
-1.475 -1 -1.18 -1 -1.578 -1 -1.702 -1 139
-1.64 -1 -1.242 -1 -1.688 -1 -1.844 -1 153
-1.766 -1 -1.358 -1 -1.842 -1 -2.046 -1 183
-1.944 -1 -1.48 -1 -2 -1 -2.17 -1 199
-2.085 -1 -1.58 -1 -1.99 -1 -2.2 -1 159
-2.095 -1 -1.548 -1 -1.854 -1 -2.1 -1 120
-1.977 -1 -1.54 -1 -1.754 -1 -1.93 -1 79
-1.842 -1 -1.41 -1 -1.572 -1 -1.83 -1 67
-1.701 -1 -1.342 -1 -1.848 -1 -2.012 -1 178
-1.93 -1 -1.482 -1 -1.746 -1 -2 -1 104
-1.873 -1 -1.412 -1 -1.504 -1 -1.664 -1 33
-1.584 -1 -1.236 -1 -1.488 -1 -1.632 -1 86
-1.56 -1 -1.226 -1 -1.548 -1 -1.704 -1 109
-1.626 -1 -1.26 -1 -1.396 -1 -1.542 -1 49
-1.469 -1 -1.218 -1 -1.456 -1 -1.604 -1 84
-1.53 -1 -1.158 -1 -1.552 -1 -1.72 -1 126
-1.636 -1 -1.244 -1 -1.76 -1 -1.96 -1 182
-1.86 -1 -1.378 -1 -1.562 -1 -1.742 -1 60
-1.652 -1 -1.25 -1 -1.284 -1 -1.384 -1 13
-1.334 -1 -1.104 -1 -1.486 -1 -1.662 -1 119
-1.574 -1 -1.21 -1 -1.392 -1 -1.556 -1 66
-1.474 -1 -1.178 -1 -1.574 -1 -1.786 -1 136
-1.68 -1 -1.268 -1 -1.452 -1 -1.588 -1 66
-1.52 -1 -1.184 -1 -1.31 -1 -1.398 -1 42
-1.354 -1 -1.104 -1 -1.112 -1 -1.216 -1 2
-1.164 -1 -1.038 -1 -1.574 -1 -1.768 -1 170
-1.671 -1 -1.314 -1 -1.496 -1 -1.616 -1 61
-1.556 -1 -1.204 -1 -1.578 -1 -1.758 -1 130
-1.668 -1 -1.28 -1 -1.638 -1 -1.804 -1 121
-1.721 -1 -1.31 -1 -1.604 -1 -1.802 -1 112
-1.703 -1 -1.296 -1 -1.314 -1 -1.406 -1 5
-1.36 -1 -1.124 -1 -1.532 -1 -1.676 -1 135
-1.604 -1 -1.26 -1 -1.6 -1 -1.776 -1 116
-1.688 -1 -1.27 -1 -1.702 -1 -1.872 -1 157
-1.787 -1 -1.342 -1 -1.58 -1 -1.696 -1 80
-1.638 -1 -1.278 -1 -1.754 -1 -1.89 -1 176
-1.822 -1 -1.404 -1 -1.902 -1 -2.09 -1 193
-1.996 -1 -1.524 -1 -1.86 -1 -2.028 -1 126
-1.944 -1 -1.516 -1 -1.52 -1 -1.674 -1 1
-1.597 -1 -1.286 -1 -1.822 -1 -1.946 -1 184
-1.884 -1 -1.386 -1 -1.848 -1 -2.018 -1 162
-1.933 -1 -1.434 -1 -1.448 -1 -1.644 -1 9
-1.546 -1 -1.246 -1 -1.636 -1 -1.804 -1 136
-1.72 -1 -1.328 -1 -1.346 -1 -1.472 -1 9
-1.409 -1 -1.148 -1 -1.602 -1 -1.74 -1 133
-1.671 -1 -1.294 -1 -1.49 -1 -1.67 -1 63
-1.58 -1 -1.222 -1 -1.62 -1 -1.812 -1 138
-1.716 -1 -1.28 -1 -1.464 -1 -1.574 -1 59
-1.519 -1 -1.202 -1 -1.644 -1 -1.872 -1 160
-1.758 -1 -1.314 -1 -1.67 -1 -1.818 -1 133
-1.744 -1 -1.318 -1 -1.806 -1 -2.012 -1 178
-1.909 -1 -1.404 -1 -1.486 -1 -1.644 -1 23
-1.565 -1 -1.244 -1 -1.25 -1 -1.352 -1 2
-1.301 -1 -1.114 -1 -1.132 -1 -1.182 -1 5
-1.157 -1 -1.032 -1 -1.342 -1 -1.43 -1 80
-1.386 -1 -1.128 -1 -1.522 -1 -1.672 -1 128
-1.597 -1 -1.246 -1 -1.452 -1 -1.604 -1 61
-1.528 -1 -1.216 -1 -1.722 -1 -1.914 -1 198
-1.818 -1 -1.392 -1 -1.896 -1 -2.1 -1 181
-1.998 -1 -1.494 -1 -1.578 -1 -1.736 -1 30
-1.657 -1 -1.31 -1 -1.426 -1 -1.526 -1 36
-1.476 -1 -1.164 -1 -1.442 -1 -1.63 -1 99
-1.536 -1 -1.206 -1 -1.538 -1 -1.716 -1 101
-1.627 -1 -1.268 -1 -1.788 -1 -1.978 -1 182
-1.883 -1 -1.424 -1 -1.804 -1 -2.03 -1 151
-1.917 -1 -1.444 -1 -1.448 -1 -1.586 -1 1
-1.517 -1 -1.222 -1 -1.482 -1 -1.638 -1 94
-1.56 -1 -1.212 -1 -1.432 -1 -1.564 -1 77
-1.498 -1 -1.188 -1 -1.482 -1 -1.616 -1 88
-1.549 -1 -1.21 -1 -1.25 -1 -1.382 -1 9
-1.316 -1 -1.11 -1 -1.564 -1 -1.726 -1 147
-1.645 -1 -1.264 -1 -1.696 -1 -1.876 -1 149
-1.786 -1 -1.328 -1 -1.652 -1 -1.79 -1 109
-1.721 -1 -1.32 -1 -1.802 -1 -1.998 -1 180
-1.9 -1 -1.44 -1 -1.53 -1 -1.68 -1 29
-1.605 -1 -1.304 -1 -1.808 -1 -1.964 -1 179
-1.886 -1 -1.432 -1 -1.606 -1 -1.826 -1 62
-1.716 -1 -1.334 -1 -1.518 -1 -1.626 -1 62
-1.572 -1 -1.206 -1 -1.65 -1 -1.846 -1 147
-1.748 -1 -1.334 -1 -1.646 -1 -1.828 -1 107
-1.737 -1 -1.308 -1 -1.766 -1 -2.034 -1 177
-1.9 -1 -1.402 -1 -1.728 -1 -1.88 -1 118
-1.804 -1 -1.366 -1 -1.428 -1 -1.568 -1 17
-1.498 -1 -1.212 -1 -1.638 -1 -1.772 -1 137
-1.705 -1 -1.272 -1 -1.774 -1 -1.93 -1 177
-1.852 -1 -1.432 -1 -1.698 -1 -1.88 -1 98
-1.789 -1 -1.354 -1 -1.512 -1 -1.704 -1 51
-1.608 -1 -1.226 -1 -1.51 -1 -1.668 -1 86
-1.589 -1 -1.252 -1 -1.514 -1 -1.65 -1 94
-1.582 -1 -1.222 -1 -1.536 -1 -1.674 -1 112
-1.605 -1 -1.27 -1 -1.812 -1 -1.984 -1 194
-1.898 -1 -1.394 -1 -1.442 -1 -1.602 -1 14
-1.522 -1 -1.224 -1 -1.32 -1 -1.51 -1 26
-1.415 -1 -1.15 -1 -1.244 -1 -1.364 -1 30
-1.304 -1 -1.112 -1 -1.206 -1 -1.308 -1 27
-1.257 -1 -1.08 -1 -1.262 -1 -1.376 -1 61
-1.319 -1 -1.092 -1 -1.426 -1 -1.566 -1 107
-1.496 -1 -1.152 -1 -1.406 -1 -1.532 -1 78
-1.469 -1 -1.154 -1 -1.596 -1 -1.768 -1 137
-1.682 -1 -1.3 -1 -1.578 -1 -1.708 -1 82
-1.643 -1 -1.274 -1 -1.606 -1 -1.738 -1 117
-1.672 -1 -1.284 -1 -1.502 -1 -1.642 -1 74
-1.572 -1 -1.254 -1 -1.254 -1 -1.332 -1 0
-1.293 -1 -1.112 -1 -1.496 -1 -1.624 -1 127
-1.56 -1 -1.206 -1 -1.708 -1 -1.878 -1 185
-1.793 -1 -1.334 -1 -1.6 -1 -1.772 -1 87
-1.686 -1 -1.31 -1 -1.31 -1 -1.428 -1 0
-1.369 -1 -1.144 -1 -1.482 -1 -1.586 -1 106
-1.534 -1 -1.192 -1 -1.474 -1 -1.56 -1 79
-1.517 -1 -1.208 -1 -1.578 -1 -1.692 -1 109
-1.635 -1 -1.248 -1 -1.792 -1 -1.942 -1 189
-1.867 -1 -1.4 -1 -1.798 -1 -2.024 -1 142
-1.911 -1 -1.408 -1 -1.504 -1 -1.62 -1 37
-1.562 -1 -1.25 -1 -1.746 -1 -1.906 -1 174
-1.826 -1 -1.388 -1 -1.748 -1 -1.972 -1 149
-1.86 -1 -1.394 -1 -1.764 -1 -1.906 -1 141
-1.835 -1 -1.408 -1 -1.84 -1 -2.018 -1 165
-1.929 -1 -1.496 -1 -1.754 -1 -1.922 -1 93
-1.838 -1 -1.418 -1 -1.628 -1 -1.838 -1 74
-1.733 -1 -1.344 -1 -1.7 -1 -1.87 -1 117
-1.785 -1 -1.374 -1 -1.834 -1 -1.994 -1 176
-1.914 -1 -1.464 -1 -1.952 -1 -2.148 -1 177
-2.05 -1 -1.538 -1 -1.568 -1 -1.736 -1 13
-1.652 -1 -1.268 -1 -1.27 -1 -1.412 -1 2
-1.341 -1 -1.124 -1 -1.712 -1 -1.862 -1 185
-1.787 -1 -1.354 -1 -1.826 -1 -1.968 -1 184
-1.897 -1 -1.434 -1 -1.766 -1 -1.954 -1 120
-1.86 -1 -1.426 -1 -1.616 -1 -1.774 -1 69
-1.695 -1 -1.332 -1 -1.72 -1 -1.886 -1 132
-1.803 -1 -1.368 -1 -1.436 -1 -1.58 -1 20
-1.508 -1 -1.212 -1 -1.35 -1 -1.508 -1 51
-1.429 -1 -1.162 -1 -1.26 -1 -1.364 -1 28
-1.312 -1 -1.076 -1 -1.324 -1 -1.424 -1 67
-1.374 -1 -1.152 -1 -1.668 -1 -1.844 -1 183
-1.756 -1 -1.332 -1 -1.506 -1 -1.608 -1 52
-1.557 -1 -1.188 -1 -1.738 -1 -1.896 -1 184
-1.817 -1 -1.35 -1 -1.81 -1 -1.932 -1 169
-1.871 -1 -1.382 -1 -1.566 -1 -1.73 -1 59
-1.648 -1 -1.272 -1 -1.406 -1 -1.524 -1 51
-1.465 -1 -1.15 -1 -1.69 -1 -1.888 -1 186
-1.789 -1 -1.376 -1 -1.83 -1 -1.972 -1 170
-1.901 -1 -1.45 -1 -1.502 -1 -1.662 -1 14
-1.582 -1 -1.238 -1 -1.776 -1 -1.944 -1 169
-1.86 -1 -1.342 -1 -1.808 -1 -1.992 -1 191
-1.9 -1 -1.428 -1 -1.716 -1 -1.898 -1 116
-1.807 -1 -1.362 -1 -1.924 -1 -2.092 -1 195
-2.008 -1 -1.546 -1 -1.8 -1 -1.98 -1 98
-1.89 -1 -1.422 -1 -1.89 -1 -2.06 -1 180
-1.975 -1 -1.468 -1 -1.468 -1 -1.66 -1 0
-1.564 -1 -1.228 -1 -1.468 -1 -1.68 -1 88
-1.574 -1 -1.258 -1 -1.586 -1 -1.738 -1 110
-1.662 -1 -1.25 -1 -1.39 -1 -1.524 -1 52
-1.457 -1 -1.194 -1 -1.244 -1 -1.358 -1 16
-1.301 -1 -1.082 -1 -1.324 -1 -1.46 -1 78
-1.392 -1 -1.112 -1 -1.112 -1 -1.19 -1 0
-1.151 -1 -1.024 -1 -1.486 -1 -1.614 -1 139
-1.55 -1 -1.234 -1 -1.324 -1 -1.418 -1 24
-1.371 -1 -1.13 -1 -1.2 -1 -1.288 -1 20
-1.244 -1 -1.056 -1 -1.076 -1 -1.148 -1 10
-1.112 -1 -1.032 -1 -1.54 -1 -1.684 -1 152
-1.612 -1 -1.21 -1 -1.698 -1 -1.838 -1 176
-1.768 -1 -1.344 -1 -1.462 -1 -1.65 -1 42
-1.556 -1 -1.212 -1 -1.616 -1 -1.788 -1 128
-1.702 -1 -1.322 -1 -1.784 -1 -1.978 -1 149
-1.881 -1 -1.412 -1 -1.476 -1 -1.606 -1 21
-1.541 -1 -1.222 -1 -1.686 -1 -1.822 -1 152
-1.754 -1 -1.342 -1 -1.518 -1 -1.642 -1 69
-1.58 -1 -1.238 -1 -1.238 -1 -1.332 -1 0
-1.285 -1 -1.092 -1 -1.242 -1 -1.358 -1 41
-1.3 -1 -1.086 -1 -1.232 -1 -1.33 -1 42
-1.281 -1 -1.086 -1 -1.554 -1 -1.67 -1 130
-1.612 -1 -1.254 -1 -1.602 -1 -1.76 -1 102
-1.681 -1 -1.268 -1 -1.53 -1 -1.682 -1 104
-1.606 -1 -1.22 -1 -1.472 -1 -1.638 -1 94
-1.555 -1 -1.206 -1 -1.396 -1 -1.538 -1 57
-1.467 -1 -1.176 -1 -1.368 -1 -1.486 -1 60
-1.427 -1 -1.128 -1 -1.504 -1 -1.626 -1 132
-1.565 -1 -1.208 -1 -1.674 -1 -1.818 -1 168
-1.746 -1 -1.298 -1 -1.544 -1 -1.67 -1 74
-1.607 -1 -1.236 -1 -1.61 -1 -1.802 -1 145
-1.706 -1 -1.316 -1 -1.776 -1 -1.934 -1 164
-1.855 -1 -1.392 -1 -1.536 -1 -1.706 -1 61
-1.621 -1 -1.262 -1 -1.388 -1 -1.524 -1 44
-1.456 -1 -1.158 -1 -1.52 -1 -1.636 -1 114
-1.578 -1 -1.216 -1 -1.476 -1 -1.596 -1 84
-1.536 -1 -1.208 -1 -1.698 -1 -1.812 -1 148
-1.755 -1 -1.334 -1 -1.686 -1 -1.828 -1 125
-1.757 -1 -1.352 -1 -1.648 -1 -1.85 -1 107
-1.749 -1 -1.34 -1 -1.806 -1 -2 -1 194
-1.903 -1 -1.404 -1 -1.71 -1 -1.898 -1 96
-1.804 -1 -1.374 -1 -1.848 -1 -2.07 -1 173
-1.959 -1 -1.482 -1 -1.93 -1 -2.122 -1 181
-2.026 -1 -1.532 -1 -1.644 -1 -1.842 -1 48
-1.743 -1 -1.324 -1 -1.624 -1 -1.828 -1 117
-1.726 -1 -1.328 -1 -1.848 -1 -2.06 -1 191
-1.954 -1 -1.478 -1 -1.786 -1 -1.948 -1 123
-1.867 -1 -1.46 -1 -1.716 -1 -1.912 -1 95
-1.814 -1 -1.412 -1 -1.498 -1 -1.682 -1 28
-1.59 -1 -1.262 -1 -1.59 -1 -1.794 -1 114
-1.692 -1 -1.308 -1 -1.8 -1 -1.942 -1 165
-1.871 -1 -1.408 -1 -1.606 -1 -1.754 -1 74
-1.68 -1 -1.29 -1 -1.806 -1 -2.038 -1 181
-1.922 -1 -1.434 -1 -1.81 -1 -2.032 -1 138
-1.921 -1 -1.468 -1 -1.934 -1 -2.152 -1 178
-2.043 -1 -1.542 -1 -1.784 -1 -2.006 -1 110
-1.895 -1 -1.424 -1 -1.608 -1 -1.85 -1 55
-1.729 -1 -1.342 -1 -1.402 -1 -1.536 -1 18
-1.469 -1 -1.192 -1 -1.548 -1 -1.71 -1 120
-1.629 -1 -1.268 -1 -1.644 -1 -1.816 -1 132
-1.73 -1 -1.31 -1 -1.614 -1 -1.752 -1 101
-1.683 -1 -1.274 -1 -1.68 -1 -1.86 -1 138
-1.77 -1 -1.346 -1 -1.742 -1 -1.882 -1 140
-1.812 -1 -1.368 -1 -1.886 -1 -2.088 -1 191
-1.987 -1 -1.496 -1 -1.964 -1 -2.174 -1 180
-2.069 -1 -1.568 -1 -1.964 -1 -2.128 -1 151
-2.046 -1 -1.552 -1 -1.962 -1 -2.2 -1 163
-2.081 -1 -1.574 -1 -1.904 -1 -2.144 -1 147
-2.024 -1 -1.572 -1 -1.994 -1 -2.248 -1 190
-2.121 -1 -1.628 -1 -1.634 -1 -1.838 -1 1
-1.736 -1 -1.364 -1 -1.828 -1 -2.048 -1 163
-1.938 -1 -1.42 -1 -1.64 -1 -1.85 -1 65
-1.745 -1 -1.34 -1 -1.87 -1 -2.136 -1 186
-2.003 -1 -1.496 -1 -1.622 -1 -1.876 -1 46
-1.749 -1 -1.312 -1 -1.328 -1 -1.46 -1 9
-1.394 -1 -1.138 -1 -1.582 -1 -1.75 -1 131
-1.666 -1 -1.254 -1 -1.814 -1 -2.018 -1 171
-1.916 -1 -1.458 -1 -1.926 -1 -2.09 -1 170
-2.008 -1 -1.562 -1 -1.858 -1 -2.042 -1 109
-1.95 -1 -1.456 -1 -1.638 -1 -1.788 -1 59
-1.713 -1 -1.32 -1 -1.5 -1 -1.692 -1 68
-1.596 -1 -1.27 -1 -1.804 -1 -2.022 -1 180
-1.913 -1 -1.458 -1 -1.458 -1 -1.626 -1 1
-1.542 -1 -1.214 -1 -1.53 -1 -1.674 -1 100
-1.602 -1 -1.248 -1 -1.47 -1 -1.586 -1 75
-1.528 -1 -1.216 -1 -1.648 -1 -1.838 -1 138
-1.743 -1 -1.312 -1 -1.658 -1 -1.858 -1 125
-1.758 -1 -1.35 -1 -1.49 -1 -1.682 -1 53
-1.586 -1 -1.234 -1 -1.252 -1 -1.352 -1 5
-1.302 -1 -1.086 -1 -1.178 -1 -1.274 -1 29
-1.226 -1 -1.054 -1 -1.382 -1 -1.516 -1 95
-1.449 -1 -1.17 -1 -1.382 -1 -1.494 -1 70
-1.438 -1 -1.158 -1 -1.484 -1 -1.584 -1 96
-1.534 -1 -1.18 -1 -1.248 -1 -1.308 -1 21
-1.278 -1 -1.078 -1 -1.096 -1 -1.164 -1 5
-1.13 -1 -1.046 -1 -1.606 -1 -1.814 -1 199
-1.71 -1 -1.334 -1 -1.674 -1 -1.81 -1 128
-1.742 -1 -1.28 -1 -1.36 -1 -1.462 -1 29
-1.411 -1 -1.158 -1 -1.718 -1 -1.866 -1 180
-1.792 -1 -1.354 -1 -1.792 -1 -2.022 -1 156
-1.907 -1 -1.444 -1 -1.764 -1 -1.968 -1 112
-1.866 -1 -1.42 -1 -1.61 -1 -1.766 -1 76
-1.688 -1 -1.286 -1 -1.662 -1 -1.866 -1 141
-1.764 -1 -1.344 -1 -1.468 -1 -1.606 -1 47
-1.537 -1 -1.238 -1 -1.736 -1 -1.922 -1 182
-1.829 -1 -1.352 -1 -1.608 -1 -1.8 -1 94
-1.704 -1 -1.298 -1 -1.792 -1 -1.99 -1 186
-1.891 -1 -1.408 -1 -1.722 -1 -1.936 -1 102
-1.829 -1 -1.384 -1 -1.892 -1 -2.116 -1 174
-2.004 -1 -1.5 -1 -1.584 -1 -1.726 -1 24
-1.655 -1 -1.28 -1 -1.434 -1 -1.62 -1 65
-1.527 -1 -1.242 -1 -1.298 -1 -1.416 -1 15
-1.357 -1 -1.122 -1 -1.476 -1 -1.66 -1 109
-1.568 -1 -1.198 -1 -1.686 -1 -1.88 -1 175
-1.783 -1 -1.332 -1 -1.754 -1 -1.928 -1 147
-1.841 -1 -1.418 -1 -1.816 -1 -2.062 -1 144
-1.939 -1 -1.452 -1 -1.522 -1 -1.7 -1 25
-1.611 -1 -1.266 -1 -1.342 -1 -1.446 -1 27
-1.394 -1 -1.13 -1 -1.332 -1 -1.504 -1 59
-1.418 -1 -1.134 -1 -1.288 -1 -1.396 -1 57
-1.342 -1 -1.122 -1 -1.42 -1 -1.526 -1 91
-1.473 -1 -1.178 -1 -1.444 -1 -1.626 -1 88
-1.535 -1 -1.2 -1 -1.564 -1 -1.706 -1 114
-1.635 -1 -1.234 -1 -1.256 -1 -1.354 -1 5
-1.305 -1 -1.102 -1 -1.384 -1 -1.534 -1 86
-1.459 -1 -1.174 -1 -1.644 -1 -1.85 -1 157
-1.747 -1 -1.32 -1 -1.704 -1 -1.902 -1 136
-1.803 -1 -1.402 -1 -1.408 -1 -1.528 -1 1
-1.468 -1 -1.198 -1 -1.332 -1 -1.424 -1 48
-1.378 -1 -1.134 -1 -1.518 -1 -1.64 -1 136
-1.579 -1 -1.232 -1 -1.78 -1 -1.932 -1 191
-1.856 -1 -1.402 -1 -1.74 -1 -1.898 -1 130
-1.819 -1 -1.386 -1 -1.478 -1 -1.64 -1 33
-1.559 -1 -1.238 -1 -1.698 -1 -1.806 -1 153
-1.752 -1 -1.318 -1 -1.734 -1 -1.966 -1 151
-1.85 -1 -1.386 -1 -1.47 -1 -1.58 -1 36
-1.525 -1 -1.218 -1 -1.528 -1 -1.738 -1 97
-1.633 -1 -1.25 -1 -1.574 -1 -1.732 -1 114
-1.653 -1 -1.298 -1 -1.626 -1 -1.796 -1 110
-1.711 -1 -1.314 -1 -1.454 -1 -1.62 -1 51
-1.537 -1 -1.196 -1 -1.448 -1 -1.588 -1 88
-1.518 -1 -1.186 -1 -1.486 -1 -1.648 -1 103
-1.567 -1 -1.244 -1 -1.318 -1 -1.486 -1 29
-1.402 -1 -1.138 -1 -1.624 -1 -1.758 -1 162
-1.691 -1 -1.288 -1 -1.466 -1 -1.59 -1 58
-1.528 -1 -1.194 -1 -1.482 -1 -1.612 -1 94
-1.547 -1 -1.236 -1 -1.324 -1 -1.458 -1 27
-1.391 -1 -1.162 -1 -1.694 -1 -1.832 -1 179
-1.763 -1 -1.302 -1 -1.722 -1 -1.95 -1 159
-1.836 -1 -1.38 -1 -1.86 -1 -2.06 -1 187
-1.96 -1 -1.458 -1 -1.512 -1 -1.652 -1 20
-1.582 -1 -1.238 -1 -1.772 -1 -1.99 -1 170
-1.881 -1 -1.406 -1 -1.626 -1 -1.764 -1 74
-1.695 -1 -1.304 -1 -1.786 -1 -1.922 -1 164
-1.854 -1 -1.39 -1 -1.87 -1 -2.008 -1 175
-1.939 -1 -1.45 -1 -1.778 -1 -1.972 -1 122
-1.875 -1 -1.45 -1 -1.898 -1 -2.098 -1 167
-1.998 -1 -1.5 -1 -1.956 -1 -2.208 -1 171
-2.082 -1 -1.556 -1 -1.696 -1 -1.9 -1 53
-1.798 -1 -1.364 -1 -1.608 -1 -1.794 -1 86
-1.701 -1 -1.314 -1 -1.39 -1 -1.59 -1 18
-1.49 -1 -1.2 -1 -1.692 -1 -1.872 -1 167
-1.782 -1 -1.342 -1 -1.464 -1 -1.636 -1 46
-1.55 -1 -1.196 -1 -1.486 -1 -1.666 -1 100
-1.576 -1 -1.262 -1 -1.318 -1 -1.402 -1 17
-1.36 -1 -1.106 -1 -1.462 -1 -1.654 -1 115
-1.558 -1 -1.226 -1 -1.618 -1 -1.762 -1 161
-1.69 -1 -1.252 -1 -1.528 -1 -1.71 -1 102
-1.619 -1 -1.236 -1 -1.568 -1 -1.724 -1 108
-1.646 -1 -1.28 -1 -1.392 -1 -1.52 -1 38
-1.456 -1 -1.152 -1 -1.526 -1 -1.658 -1 125
-1.592 -1 -1.23 -1 -1.696 -1 -1.94 -1 142
-1.818 -1 -1.368 -1 -1.558 -1 -1.682 -1 76
-1.62 -1 -1.296 -1 -1.612 -1 -1.794 -1 107
-1.703 -1 -1.316 -1 -1.706 -1 -1.904 -1 145
-1.805 -1 -1.356 -1 -1.598 -1 -1.734 -1 93
-1.666 -1 -1.288 -1 -1.396 -1 -1.528 -1 30
-1.462 -1 -1.166 -1 -1.714 -1 -1.862 -1 182
-1.788 -1 -1.312 -1 -1.544 -1 -1.736 -1 90
-1.64 -1 -1.294 -1 -1.816 -1 -2.004 -1 189
-1.91 -1 -1.472 -1 -1.874 -1 -2.032 -1 168
-1.953 -1 -1.494 -1 -1.542 -1 -1.732 -1 17
-1.637 -1 -1.29 -1 -1.756 -1 -1.968 -1 159
-1.862 -1 -1.43 -1 -1.548 -1 -1.692 -1 33
-1.62 -1 -1.242 -1 -1.608 -1 -1.848 -1 129
-1.728 -1 -1.336 -1 -1.706 -1 -1.876 -1 123
-1.791 -1 -1.356 -1 -1.778 -1 -1.966 -1 127
-1.872 -1 -1.44 -1 -1.77 -1 -1.938 -1 128
-1.854 -1 -1.388 -1 -1.85 -1 -2.046 -1 167
-1.948 -1 -1.446 -1 -1.702 -1 -1.85 -1 87
-1.776 -1 -1.346 -1 -1.438 -1 -1.568 -1 33
-1.503 -1 -1.198 -1 -1.53 -1 -1.66 -1 107
-1.595 -1 -1.234 -1 -1.57 -1 -1.746 -1 120
-1.658 -1 -1.29 -1 -1.566 -1 -1.744 -1 107
-1.655 -1 -1.268 -1 -1.494 -1 -1.644 -1 81
-1.569 -1 -1.224 -1 -1.488 -1 -1.68 -1 84
-1.584 -1 -1.246 -1 -1.59 -1 -1.73 -1 120
-1.66 -1 -1.268 -1 -1.672 -1 -1.79 -1 134
-1.731 -1 -1.322 -1 -1.584 -1 -1.772 -1 87
-1.678 -1 -1.318 -1 -1.806 -1 -1.952 -1 170
-1.879 -1 -1.432 -1 -1.698 -1 -1.886 -1 101
-1.792 -1 -1.334 -1 -1.516 -1 -1.642 -1 67
-1.579 -1 -1.246 -1 -1.762 -1 -1.922 -1 174
-1.842 -1 -1.394 -1 -1.696 -1 -1.904 -1 109
-1.8 -1 -1.376 -1 -1.732 -1 -1.89 -1 116
-1.811 -1 -1.384 -1 -1.712 -1 -1.876 -1 125
-1.794 -1 -1.36 -1 -1.7 -1 -1.982 -1 132
-1.841 -1 -1.428 -1 -1.614 -1 -1.734 -1 54
-1.674 -1 -1.302 -1 -1.508 -1 -1.646 -1 71
-1.577 -1 -1.264 -1 -1.606 -1 -1.75 -1 117
-1.678 -1 -1.296 -1 -1.742 -1 -1.86 -1 145
-1.801 -1 -1.36 -1 -1.364 -1 -1.516 -1 1
-1.44 -1 -1.156 -1 -1.746 -1 -1.922 -1 196
-1.834 -1 -1.374 -1 -1.634 -1 -1.788 -1 78
-1.711 -1 -1.31 -1 -1.774 -1 -1.978 -1 184
-1.876 -1 -1.428 -1 -1.794 -1 -1.998 -1 125
-1.896 -1 -1.418 -1 -1.652 -1 -1.806 -1 81
-1.729 -1 -1.32 -1 -1.804 -1 -1.978 -1 189
-1.891 -1 -1.416 -1 -1.66 -1 -1.868 -1 94
-1.764 -1 -1.336 -1 -1.47 -1 -1.656 -1 57
-1.563 -1 -1.276 -1 -1.6 -1 -1.784 -1 112
-1.692 -1 -1.28 -1 -1.322 -1 -1.464 -1 14
-1.393 -1 -1.146 -1 -1.354 -1 -1.492 -1 67
-1.423 -1 -1.154 -1 -1.494 -1 -1.69 -1 111
-1.592 -1 -1.218 -1 -1.72 -1 -1.932 -1 178
-1.826 -1 -1.366 -1 -1.776 -1 -2.032 -1 148
-1.904 -1 -1.456 -1 -1.762 -1 -1.878 -1 108
-1.82 -1 -1.394 -1 -1.794 -1 -2.04 -1 145
-1.917 -1 -1.478 -1 -1.736 -1 -1.862 -1 85
-1.799 -1 -1.32 -1 -1.784 -1 -1.962 -1 166
-1.873 -1 -1.368 -1 -1.568 -1 -1.708 -1 55
-1.638 -1 -1.274 -1 -1.814 -1 -2.006 -1 193
-1.91 -1 -1.44 -1 -1.87 -1 -2.076 -1 167
-1.973 -1 -1.468 -1 -1.814 -1 -1.996 -1 131
-1.905 -1 -1.478 -1 -1.764 -1 -1.942 -1 114
-1.853 -1 -1.434 -1 -1.522 -1 -1.676 -1 30
-1.599 -1 -1.248 -1 -1.72 -1 -1.936 -1 174
-1.828 -1 -1.412 -1 -1.488 -1 -1.684 -1 31
-1.586 -1 -1.24 -1 -1.336 -1 -1.482 -1 29
-1.409 -1 -1.154 -1 -1.596 -1 -1.768 -1 146
-1.682 -1 -1.272 -1 -1.43 -1 -1.604 -1 40
-1.517 -1 -1.188 -1 -1.258 -1 -1.382 -1 18
-1.32 -1 -1.126 -1 -1.316 -1 -1.43 -1 62
-1.373 -1 -1.126 -1 -1.178 -1 -1.276 -1 16
-1.227 -1 -1.058 -1 -1.302 -1 -1.412 -1 71
-1.357 -1 -1.106 -1 -1.424 -1 -1.588 -1 96
-1.506 -1 -1.2 -1 -1.526 -1 -1.674 -1 103
-1.6 -1 -1.238 -1 -1.288 -1 -1.404 -1 14
-1.346 -1 -1.09 -1 -1.366 -1 -1.498 -1 82
-1.432 -1 -1.146 -1 -1.628 -1 -1.79 -1 150
-1.709 -1 -1.304 -1 -1.654 -1 -1.828 -1 109
-1.741 -1 -1.308 -1 -1.696 -1 -1.874 -1 143
-1.785 -1 -1.39 -1 -1.81 -1 -1.966 -1 150
-1.888 -1 -1.464 -1 -1.792 -1 -2.014 -1 135
-1.903 -1 -1.484 -1 -1.622 -1 -1.834 -1 71
-1.728 -1 -1.334 -1 -1.538 -1 -1.72 -1 82
-1.629 -1 -1.278 -1 -1.784 -1 -1.992 -1 188
-1.888 -1 -1.424 -1 -1.536 -1 -1.726 -1 47
-1.631 -1 -1.244 -1 -1.672 -1 -1.874 -1 160
-1.773 -1 -1.36 -1 -1.52 -1 -1.706 -1 61
-1.613 -1 -1.25 -1 -1.328 -1 -1.482 -1 30
-1.405 -1 -1.154 -1 -1.428 -1 -1.584 -1 81
-1.506 -1 -1.216 -1 -1.752 -1 -1.942 -1 191
-1.847 -1 -1.354 -1 -1.496 -1 -1.632 -1 46
-1.564 -1 -1.186 -1 -1.266 -1 -1.406 -1 18
-1.336 -1 -1.098 -1 -1.688 -1 -1.9 -1 195
-1.794 -1 -1.34 -1 -1.364 -1 -1.512 -1 8
-1.438 -1 -1.158 -1 -1.708 -1 -1.866 -1 198
-1.787 -1 -1.382 -1 -1.904 -1 -2.054 -1 187
-1.979 -1 -1.478 -1 -1.922 -1 -2.094 -1 182
-2.008 -1 -1.494 -1 -1.894 -1 -2.13 -1 161
-2.012 -1 -1.53 -1 -1.578 -1 -1.798 -1 19
-1.688 -1 -1.312 -1 -1.508 -1 -1.712 -1 67
-1.61 -1 -1.266 -1 -1.776 -1 -1.932 -1 186
-1.854 -1 -1.388 -1 -1.482 -1 -1.602 -1 34
-1.542 -1 -1.202 -1 -1.504 -1 -1.64 -1 109
-1.572 -1 -1.246 -1 -1.67 -1 -1.822 -1 152
-1.746 -1 -1.348 -1 -1.376 -1 -1.498 -1 11
-1.437 -1 -1.166 -1 -1.214 -1 -1.286 -1 13
-1.25 -1 -1.074 -1 -1.598 -1 -1.772 -1 165
-1.685 -1 -1.27 -1 -1.48 -1 -1.6 -1 74
-1.54 -1 -1.22 -1 -1.676 -1 -1.782 -1 162
-1.729 -1 -1.304 -1 -1.724 -1 -1.864 -1 121
-1.794 -1 -1.338 -1 -1.432 -1 -1.59 -1 34
-1.511 -1 -1.216 -1 -1.662 -1 -1.828 -1 150
-1.745 -1 -1.3 -1 -1.684 -1 -1.896 -1 126
-1.79 -1 -1.368 -1 -1.836 -1 -2.052 -1 168
-1.944 -1 -1.428 -1 -1.786 -1 -2.004 -1 141
-1.895 -1 -1.45 -1 -1.476 -1 -1.61 -1 17
-1.543 -1 -1.226 -1 -1.7 -1 -1.898 -1 143
-1.799 -1 -1.376 -1 -1.574 -1 -1.72 -1 88
-1.647 -1 -1.288 -1 -1.418 -1 -1.578 -1 44
-1.498 -1 -1.21 -1 -1.408 -1 -1.542 -1 64
-1.475 -1 -1.194 -1 -1.712 -1 -1.906 -1 183
-1.809 -1 -1.394 -1 -1.718 -1 -1.91 -1 109
-1.814 -1 -1.392 -1 -1.5 -1 -1.652 -1 38
-1.576 -1 -1.25 -1 -1.782 -1 -1.968 -1 169
-1.875 -1 -1.434 -1 -1.756 -1 -1.942 -1 125
-1.849 -1 -1.422 -1 -1.558 -1 -1.694 -1 45
-1.626 -1 -1.286 -1 -1.456 -1 -1.584 -1 67
-1.52 -1 -1.19 -1 -1.374 -1 -1.516 -1 59
-1.445 -1 -1.144 -1 -1.18 -1 -1.256 -1 9
-1.218 -1 -1.054 -1 -1.356 -1 -1.482 -1 89
-1.419 -1 -1.156 -1 -1.716 -1 -1.864 -1 173
-1.79 -1 -1.296 -1 -1.81 -1 -2.046 -1 189
-1.928 -1 -1.45 -1 -1.59 -1 -1.768 -1 43
-1.679 -1 -1.302 -1 -1.722 -1 -1.912 -1 155
-1.817 -1 -1.36 -1 -1.632 -1 -1.794 -1 93
-1.713 -1 -1.284 -1 -1.366 -1 -1.51 -1 20
-1.438 -1 -1.174 -1 -1.378 -1 -1.5 -1 59
-1.439 -1 -1.178 -1 -1.398 -1 -1.528 -1 71
-1.463 -1 -1.16 -1 -1.696 -1 -1.874 -1 158
-1.785 -1 -1.354 -1 -1.686 -1 -1.85 -1 99
-1.768 -1 -1.308 -1 -1.438 -1 -1.552 -1 35
-1.495 -1 -1.2 -1 -1.62 -1 -1.778 -1 148
-1.699 -1 -1.32 -1 -1.434 -1 -1.552 -1 46
-1.493 -1 -1.214 -1 -1.272 -1 -1.382 -1 20
-1.327 -1 -1.116 -1 -1.204 -1 -1.31 -1 31
-1.257 -1 -1.088 -1 -1.45 -1 -1.6 -1 119
-1.525 -1 -1.204 -1 -1.574 -1 -1.722 -1 131
-1.648 -1 -1.274 -1 -1.612 -1 -1.77 -1 124
-1.691 -1 -1.222 -1 -1.33 -1 -1.464 -1 25
-1.397 -1 -1.154 -1 -1.422 -1 -1.584 -1 90
-1.503 -1 -1.21 -1 -1.624 -1 -1.796 -1 131
-1.71 -1 -1.284 -1 -1.604 -1 -1.724 -1 113
-1.664 -1 -1.27 -1 -1.386 -1 -1.53 -1 32
-1.458 -1 -1.18 -1 -1.326 -1 -1.456 -1 51
-1.391 -1 -1.11 -1 -1.33 -1 -1.458 -1 70
-1.394 -1 -1.132 -1 -1.586 -1 -1.74 -1 159
-1.663 -1 -1.308 -1 -1.738 -1 -1.9 -1 179
-1.819 -1 -1.414 -1 -1.924 -1 -2.088 -1 189
-2.006 -1 -1.536 -1 -1.762 -1 -1.92 -1 93
-1.841 -1 -1.396 -1 -1.57 -1 -1.766 -1 66
-1.668 -1 -1.274 -1 -1.684 -1 -1.854 -1 133
-1.769 -1 -1.332 -1 -1.474 -1 -1.66 -1 55
-1.567 -1 -1.204 -1 -1.744 -1 -1.852 -1 189
-1.798 -1 -1.308 -1 -1.384 -1 -1.528 -1 22
-1.456 -1 -1.174 -1 -1.742 -1 -1.884 -1 197
-1.813 -1 -1.406 -1 -1.45 -1 -1.618 -1 16
-1.534 -1 -1.204 -1 -1.662 -1 -1.846 -1 176
-1.754 -1 -1.354 -1 -1.546 -1 -1.752 -1 68
-1.649 -1 -1.274 -1 -1.65 -1 -1.844 -1 131
-1.747 -1 -1.342 -1 -1.414 -1 -1.574 -1 27
-1.494 -1 -1.196 -1 -1.72 -1 -1.87 -1 188
-1.795 -1 -1.332 -1 -1.686 -1 -1.844 -1 126
-1.765 -1 -1.344 -1 -1.786 -1 -1.996 -1 162
-1.891 -1 -1.424 -1 -1.858 -1 -2.058 -1 160
-1.958 -1 -1.498 -1 -1.548 -1 -1.726 -1 17
-1.637 -1 -1.302 -1 -1.688 -1 -1.906 -1 146
-1.797 -1 -1.386 -1 -1.76 -1 -1.95 -1 131
-1.855 -1 -1.418 -1 -1.974 -1 -2.16 -1 196
-2.067 -1 -1.568 -1 -1.618 -1 -1.798 -1 23
-1.708 -1 -1.36 -1 -1.6 -1 -1.738 -1 85
-1.669 -1 -1.34 -1 -1.364 -1 -1.532 -1 16
-1.448 -1 -1.17 -1 -1.692 -1 -1.84 -1 164
-1.766 -1 -1.366 -1 -1.538 -1 -1.698 -1 58
-1.618 -1 -1.25 -1 -1.384 -1 -1.556 -1 50
-1.47 -1 -1.22 -1 -1.272 -1 -1.408 -1 16
-1.34 -1 -1.098 -1 -1.494 -1 -1.636 -1 122
-1.565 -1 -1.22 -1 -1.69 -1 -1.878 -1 154
-1.784 -1 -1.342 -1 -1.42 -1 -1.546 -1 31
-1.483 -1 -1.18 -1 -1.554 -1 -1.726 -1 123
-1.64 -1 -1.26 -1 -1.728 -1 -1.938 -1 174
-1.833 -1 -1.368 -1 -1.462 -1 -1.62 -1 33
-1.541 -1 -1.204 -1 -1.584 -1 -1.712 -1 124
-1.648 -1 -1.242 -1 -1.446 -1 -1.6 -1 77
-1.523 -1 -1.194 -1 -1.724 -1 -1.86 -1 168
-1.792 -1 -1.33 -1 -1.728 -1 -1.93 -1 143
-1.829 -1 -1.4 -1 -1.764 -1 -1.926 -1 127
-1.845 -1 -1.396 -1 -1.398 -1 -1.538 -1 1
-1.468 -1 -1.186 -1 -1.504 -1 -1.676 -1 101
-1.59 -1 -1.218 -1 -1.834 -1 -1.98 -1 199
-1.907 -1 -1.388 -1 -1.598 -1 -1.742 -1 75
-1.67 -1 -1.294 -1 -1.83 -1 -2.036 -1 190
-1.933 -1 -1.446 -1 -1.634 -1 -1.802 -1 55
-1.718 -1 -1.346 -1 -1.558 -1 -1.696 -1 74
-1.627 -1 -1.266 -1 -1.398 -1 -1.534 -1 42
-1.466 -1 -1.17 -1 -1.738 -1 -1.926 -1 178
-1.832 -1 -1.37 -1 -1.684 -1 -1.878 -1 111
-1.781 -1 -1.31 -1 -1.66 -1 -1.826 -1 118
-1.743 -1 -1.352 -1 -1.854 -1 -2.064 -1 195
-1.959 -1 -1.476 -1 -1.594 -1 -1.776 -1 38
-1.685 -1 -1.31 -1 -1.74 -1 -1.934 -1 156
-1.837 -1 -1.372 -1 -1.758 -1 -1.976 -1 144
-1.867 -1 -1.43 -1 -1.91 -1 -2.096 -1 189
-2.003 -1 -1.51 -1 -1.96 -1 -2.174 -1 182
-2.067 -1 -1.586 -1 -1.826 -1 -1.998 -1 77
-1.912 -1 -1.464 -1 -1.856 -1 -2.002 -1 162
-1.929 -1 -1.446 -1 -1.888 -1 -2.08 -1 164
-1.984 -1 -1.492 -1 -1.754 -1 -1.958 -1 85
-1.856 -1 -1.404 -1 -1.872 -1 -2 -1 172
-1.936 -1 -1.458 -1 -1.79 -1 -1.97 -1 111
-1.88 -1 -1.436 -1 -1.91 -1 -2.106 -1 175
-2.008 -1 -1.49 -1 -1.654 -1 -1.88 -1 66
-1.767 -1 -1.332 -1 -1.422 -1 -1.598 -1 31
-1.51 -1 -1.23 -1 -1.538 -1 -1.728 -1 117
-1.633 -1 -1.24 -1 -1.416 -1 -1.558 -1 64
-1.487 -1 -1.21 -1 -1.486 -1 -1.668 -1 85
-1.577 -1 -1.25 -1 -1.704 -1 -1.87 -1 142
-1.787 -1 -1.33 -1 -1.71 -1 -1.892 -1 143
-1.801 -1 -1.35 -1 -1.366 -1 -1.494 -1 5
-1.43 -1 -1.152 -1 -1.494 -1 -1.64 -1 100
-1.567 -1 -1.226 -1 -1.28 -1 -1.384 -1 21
-1.332 -1 -1.104 -1 -1.116 -1 -1.188 -1 3
-1.152 -1 -1.032 -1 -1.274 -1 -1.392 -1 74
-1.333 -1 -1.118 -1 -1.176 -1 -1.262 -1 18
-1.219 -1 -1.07 -1 -1.15 -1 -1.214 -1 21
-1.182 -1 -1.056 -1 -1.114 -1 -1.176 -1 18
-1.145 -1 -1.042 -1 -1.104 -1 -1.148 -1 16
-1.126 -1 -1.038 -1 -1.448 -1 -1.57 -1 128
-1.509 -1 -1.172 -1 -1.364 -1 -1.47 -1 71
-1.417 -1 -1.154 -1 -1.704 -1 -1.864 -1 167
-1.784 -1 -1.35 -1 -1.842 -1 -2.048 -1 169
-1.945 -1 -1.428 -1 -1.776 -1 -1.898 -1 113
-1.837 -1 -1.374 -1 -1.552 -1 -1.682 -1 55
-1.617 -1 -1.258 -1 -1.674 -1 -1.896 -1 158
-1.785 -1 -1.39 -1 -1.712 -1 -1.896 -1 125
-1.804 -1 -1.392 -1 -1.48 -1 -1.622 -1 37
-1.551 -1 -1.208 -1 -1.646 -1 -1.802 -1 158
-1.724 -1 -1.304 -1 -1.316 -1 -1.41 -1 5
-1.363 -1 -1.136 -1 -1.518 -1 -1.68 -1 142
-1.599 -1 -1.266 -1 -1.538 -1 -1.674 -1 98
-1.606 -1 -1.254 -1 -1.284 -1 -1.362 -1 6
-1.323 -1 -1.084 -1 -1.568 -1 -1.748 -1 172
-1.658 -1 -1.278 -1 -1.502 -1 -1.714 -1 94
-1.608 -1 -1.286 -1 -1.292 -1 -1.42 -1 3
-1.356 -1 -1.132 -1 -1.598 -1 -1.752 -1 159
-1.675 -1 -1.296 -1 -1.792 -1 -1.978 -1 162
-1.885 -1 -1.402 -1 -1.864 -1 -2.032 -1 173
-1.948 -1 -1.476 -1 -1.716 -1 -1.862 -1 80
-1.789 -1 -1.346 -1 -1.478 -1 -1.654 -1 44
-1.566 -1 -1.24 -1 -1.498 -1 -1.64 -1 90
-1.569 -1 -1.218 -1 -1.436 -1 -1.606 -1 72
-1.521 -1 -1.212 -1 -1.676 -1 -1.872 -1 164
-1.774 -1 -1.324 -1 -1.368 -1 -1.53 -1 13
-1.449 -1 -1.184 -1 -1.494 -1 -1.654 -1 87
-1.574 -1 -1.214 -1 -1.504 -1 -1.664 -1 99
-1.584 -1 -1.216 -1 -1.724 -1 -1.876 -1 191
-1.8 -1 -1.344 -1 -1.692 -1 -1.884 -1 116
-1.788 -1 -1.37 -1 -1.626 -1 -1.826 -1 88
-1.726 -1 -1.322 -1 -1.452 -1 -1.576 -1 47
-1.514 -1 -1.168 -1 -1.51 -1 -1.688 -1 116
-1.599 -1 -1.244 -1 -1.25 -1 -1.334 -1 4
-1.292 -1 -1.09 -1 -1.636 -1 -1.838 -1 172
-1.737 -1 -1.318 -1 -1.726 -1 -1.88 -1 139
-1.803 -1 -1.318 -1 -1.346 -1 -1.422 -1 7
-1.384 -1 -1.134 -1 -1.708 -1 -1.922 -1 185
-1.815 -1 -1.374 -1 -1.556 -1 -1.692 -1 62
-1.624 -1 -1.234 -1 -1.516 -1 -1.69 -1 97
-1.603 -1 -1.248 -1 -1.56 -1 -1.694 -1 104
-1.627 -1 -1.222 -1 -1.368 -1 -1.454 -1 40
-1.411 -1 -1.134 -1 -1.384 -1 -1.516 -1 85
-1.45 -1 -1.166 -1 -1.712 -1 -1.888 -1 198
-1.8 -1 -1.358 -1 -1.902 -1 -2.05 -1 195
-1.976 -1 -1.508 -1 -1.79 -1 -1.968 -1 115
-1.879 -1 -1.432 -1 -1.764 -1 -1.942 -1 128
-1.853 -1 -1.422 -1 -1.506 -1 -1.662 -1 36
-1.584 -1 -1.254 -1 -1.34 -1 -1.47 -1 25
-1.405 -1 -1.15 -1 -1.15 -1 -1.254 -1 0
-1.202 -1 -1.04 -1 -1.376 -1 -1.506 -1 108
-1.441 -1 -1.154 -1 -1.596 -1 -1.714 -1 153
-1.655 -1 -1.286 -1 -1.584 -1 -1.788 -1 109
-1.686 -1 -1.304 -1 -1.528 -1 -1.718 -1 76
-1.623 -1 -1.23 -1 -1.692 -1 -1.856 -1 177
-1.774 -1 -1.284 -1 -1.554 -1 -1.742 -1 91
-1.648 -1 -1.264 -1 -1.58 -1 -1.788 -1 114
-1.684 -1 -1.294 -1 -1.708 -1 -1.902 -1 130
-1.805 -1 -1.338 -1 -1.768 -1 -1.932 -1 142
-1.85 -1 -1.404 -1 -1.596 -1 -1.74 -1 74
-1.668 -1 -1.244 -1 -1.67 -1 -1.896 -1 136
-1.783 -1 -1.35 -1 -1.824 -1 -2.018 -1 184
-1.921 -1 -1.434 -1 -1.506 -1 -1.634 -1 32
-1.57 -1 -1.246 -1 -1.546 -1 -1.69 -1 97
-1.618 -1 -1.238 -1 -1.388 -1 -1.516 -1 55
-1.452 -1 -1.186 -1 -1.286 -1 -1.386 -1 26
-1.336 -1 -1.104 -1 -1.378 -1 -1.51 -1 84
-1.444 -1 -1.164 -1 -1.682 -1 -1.884 -1 173
-1.783 -1 -1.362 -1 -1.806 -1 -1.998 -1 184
-1.902 -1 -1.422 -1 -1.66 -1 -1.888 -1 89
-1.774 -1 -1.324 -1 -1.762 -1 -1.948 -1 156
-1.855 -1 -1.412 -1 -1.762 -1 -1.956 -1 146
-1.859 -1 -1.426 -1 -1.864 -1 -2.06 -1 174
-1.962 -1 -1.488 -1 -1.778 -1 -1.908 -1 88
-1.843 -1 -1.41 -1 -1.632 -1 -1.824 -1 82
-1.728 -1 -1.324 -1 -1.512 -1 -1.648 -1 58
-1.58 -1 -1.216 -1 -1.434 -1 -1.606 -1 68
-1.52 -1 -1.192 -1 -1.272 -1 -1.362 -1 25
-1.317 -1 -1.118 -1 -1.122 -1 -1.198 -1 1
-1.16 -1 -1.046 -1 -1.092 -1 -1.176 -1 14
-1.134 -1 -1.032 -1 -1.126 -1 -1.19 -1 27
-1.158 -1 -1.03 -1 -1.26 -1 -1.348 -1 73
-1.304 -1 -1.114 -1 -1.14 -1 -1.208 -1 8
-1.174 -1 -1.06 -1 -1.418 -1 -1.552 -1 114
-1.485 -1 -1.188 -1 -1.412 -1 -1.532 -1 74
-1.472 -1 -1.18 -1 -1.74 -1 -1.942 -1 172
-1.841 -1 -1.414 -1 -1.958 -1 -2.082 -1 189
-2.02 -1 -1.502 -1 -1.722 -1 -1.884 -1 94
-1.803 -1 -1.38 -1 -1.454 -1 -1.594 -1 28
-1.524 -1 -1.212 -1 -1.214 -1 -1.3 -1 1
-1.257 -1 -1.076 -1 -1.506 -1 -1.674 -1 134
-1.59 -1 -1.236 -1 -1.406 -1 -1.544 -1 56
-1.475 -1 -1.178 -1 -1.316 -1 -1.398 -1 41
-1.357 -1 -1.122 -1 -1.564 -1 -1.696 -1 142
-1.63 -1 -1.258 -1 -1.528 -1 -1.644 -1 85
-1.586 -1 -1.234 -1 -1.712 -1 -1.874 -1 155
-1.793 -1 -1.346 -1 -1.712 -1 -1.83 -1 134
-1.771 -1 -1.316 -1 -1.558 -1 -1.728 -1 90
-1.643 -1 -1.244 -1 -1.254 -1 -1.394 -1 6
-1.324 -1 -1.112 -1 -1.13 -1 -1.196 -1 3
-1.163 -1 -1.024 -1 -1.324 -1 -1.438 -1 92
-1.381 -1 -1.138 -1 -1.61 -1 -1.73 -1 169
-1.67 -1 -1.292 -1 -1.63 -1 -1.792 -1 118
-1.711 -1 -1.304 -1 -1.41 -1 -1.482 -1 32
-1.446 -1 -1.158 -1 -1.538 -1 -1.658 -1 118
-1.598 -1 -1.234 -1 -1.442 -1 -1.556 -1 80
-1.499 -1 -1.186 -1 -1.292 -1 -1.428 -1 38
-1.36 -1 -1.124 -1 -1.3 -1 -1.354 -1 51
-1.327 -1 -1.09 -1 -1.552 -1 -1.702 -1 151
-1.627 -1 -1.23 -1 -1.73 -1 -1.894 -1 161
-1.812 -1 -1.404 -1 -1.602 -1 -1.74 -1 73
-1.671 -1 -1.328 -1 -1.626 -1 -1.806 -1 99
-1.716 -1 -1.304 -1 -1.774 -1 -1.98 -1 171
-1.877 -1 -1.476 -1 -1.858 -1 -2.01 -1 139
-1.934 -1 -1.458 -1 -1.868 -1 -2.042 -1 142
-1.955 -1 -1.466 -1 -1.812 -1 -1.992 -1 136
-1.902 -1 -1.444 -1 -1.918 -1 -2.136 -1 181
-2.027 -1 -1.554 -1 -1.748 -1 -1.934 -1 74
-1.841 -1 -1.406 -1 -1.898 -1 -2.108 -1 180
-2.003 -1 -1.508 -1 -1.508 -1 -1.626 -1 0
-1.567 -1 -1.252 -1 -1.714 -1 -1.886 -1 158
-1.8 -1 -1.366 -1 -1.752 -1 -1.88 -1 132
-1.816 -1 -1.364 -1 -1.41 -1 -1.58 -1 18
-1.495 -1 -1.204 -1 -1.436 -1 -1.576 -1 91
-1.506 -1 -1.206 -1 -1.282 -1 -1.42 -1 26
-1.351 -1 -1.12 -1 -1.392 -1 -1.554 -1 81
-1.473 -1 -1.204 -1 -1.4 -1 -1.548 -1 52
-1.474 -1 -1.17 -1 -1.774 -1 -1.914 -1 197
-1.844 -1 -1.368 -1 -1.368 -1 -1.56 -1 1
-1.464 -1 -1.198 -1 -1.296 -1 -1.4 -1 31
-1.348 -1 -1.112 -1 -1.312 -1 -1.45 -1 64
-1.381 -1 -1.128 -1 -1.442 -1 -1.592 -1 89
-1.517 -1 -1.174 -1 -1.628 -1 -1.788 -1 170
-1.708 -1 -1.278 -1 -1.412 -1 -1.592 -1 47
-1.502 -1 -1.172 -1 -1.678 -1 -1.898 -1 187
-1.788 -1 -1.332 -1 -1.862 -1 -1.988 -1 171
-1.925 -1 -1.48 -1 -1.936 -1 -2.16 -1 180
-2.048 -1 -1.558 -1 -1.644 -1 -1.782 -1 29
-1.713 -1 -1.378 -1 -1.886 -1 -2.098 -1 192
-1.992 -1 -1.496 -1 -1.798 -1 -1.984 -1 120
-1.891 -1 -1.49 -1 -1.78 -1 -1.94 -1 97
-1.86 -1 -1.398 -1 -1.686 -1 -1.896 -1 105
-1.791 -1 -1.386 -1 -1.45 -1 -1.612 -1 28
-1.531 -1 -1.184 -1 -1.44 -1 -1.576 -1 72
-1.508 -1 -1.184 -1 -1.31 -1 -1.424 -1 45
-1.367 -1 -1.124 -1 -1.466 -1 -1.626 -1 106
-1.546 -1 -1.234 -1 -1.424 -1 -1.546 -1 50
-1.485 -1 -1.15 -1 -1.224 -1 -1.332 -1 23
-1.278 -1 -1.076 -1 -1.284 -1 -1.422 -1 61
-1.353 -1 -1.104 -1 -1.688 -1 -1.866 -1 176
-1.777 -1 -1.322 -1 -1.708 -1 -1.878 -1 147
-1.793 -1 -1.39 -1 -1.85 -1 -2.058 -1 161
-1.954 -1 -1.464 -1 -1.802 -1 -2.032 -1 147
-1.917 -1 -1.44 -1 -1.85 -1 -2.014 -1 157
-1.932 -1 -1.47 -1 -1.542 -1 -1.732 -1 26
-1.637 -1 -1.282 -1 -1.67 -1 -1.878 -1 124
-1.774 -1 -1.318 -1 -1.72 -1 -1.916 -1 138
-1.818 -1 -1.342 -1 -1.706 -1 -1.892 -1 125
-1.799 -1 -1.4 -1 -1.596 -1 -1.806 -1 67
-1.701 -1 -1.322 -1 -1.382 -1 -1.56 -1 21
-1.471 -1 -1.176 -1 -1.358 -1 -1.486 -1 61
-1.422 -1 -1.14 -1 -1.602 -1 -1.742 -1 157
-1.672 -1 -1.29 -1 -1.484 -1 -1.67 -1 65
-1.577 -1 -1.216 -1 -1.61 -1 -1.724 -1 124
-1.667 -1 -1.308 -1 -1.86 -1 -2.034 -1 187
-1.947 -1 -1.474 -1 -1.682 -1 -1.894 -1 83
-1.788 -1 -1.348 -1 -1.72 -1 -1.914 -1 137
-1.817 -1 -1.396 -1 -1.408 -1 -1.532 -1 4
-1.47 -1 -1.184 -1 -1.552 -1 -1.75 -1 144
-1.651 -1 -1.264 -1 -1.372 -1 -1.506 -1 39
-1.439 -1 -1.17 -1 -1.19 -1 -1.27 -1 7
-1.23 -1 -1.052 -1 -1.622 -1 -1.78 -1 176
-1.701 -1 -1.286 -1 -1.288 -1 -1.384 -1 1
-1.336 -1 -1.124 -1 -1.32 -1 -1.43 -1 64
-1.375 -1 -1.134 -1 -1.208 -1 -1.292 -1 18
-1.25 -1 -1.046 -1 -1.622 -1 -1.754 -1 163
-1.688 -1 -1.29 -1 -1.428 -1 -1.54 -1 51
-1.484 -1 -1.168 -1 -1.454 -1 -1.608 -1 103
-1.531 -1 -1.19 -1 -1.474 -1 -1.626 -1 84
-1.55 -1 -1.212 -1 -1.574 -1 -1.702 -1 114
-1.638 -1 -1.236 -1 -1.706 -1 -1.848 -1 148
-1.777 -1 -1.314 -1 -1.826 -1 -1.986 -1 195
-1.906 -1 -1.422 -1 -1.732 -1 -1.92 -1 106
-1.826 -1 -1.386 -1 -1.79 -1 -1.96 -1 135
-1.875 -1 -1.44 -1 -1.616 -1 -1.734 -1 56
-1.675 -1 -1.284 -1 -1.488 -1 -1.638 -1 75
-1.563 -1 -1.238 -1 -1.346 -1 -1.442 -1 36
-1.394 -1 -1.13 -1 -1.452 -1 -1.592 -1 92
-1.522 -1 -1.188 -1 -1.29 -1 -1.426 -1 30
-1.358 -1 -1.112 -1 -1.362 -1 -1.498 -1 92
-1.43 -1 -1.158 -1 -1.442 -1 -1.556 -1 97
-1.499 -1 -1.148 -1 -1.478 -1 -1.64 -1 109
-1.559 -1 -1.194 -1 -1.74 -1 -1.916 -1 165
-1.828 -1 -1.34 -1 -1.612 -1 -1.782 -1 88
-1.697 -1 -1.296 -1 -1.354 -1 -1.436 -1 24
-1.395 -1 -1.168 -1 -1.67 -1 -1.874 -1 184
-1.772 -1 -1.368 -1 -1.532 -1 -1.662 -1 56
-1.597 -1 -1.254 -1 -1.59 -1 -1.752 -1 129
-1.671 -1 -1.31 -1 -1.822 -1 -2.002 -1 177
-1.912 -1 -1.47 -1 -1.702 -1 -1.872 -1 76
-1.787 -1 -1.368 -1 -1.846 -1 -1.984 -1 194
-1.915 -1 -1.484 -1 -1.942 -1 -2.164 -1 195
-2.053 -1 -1.582 -1 -1.636 -1 -1.876 -1 20
-1.756 -1 -1.348 -1 -1.542 -1 -1.714 -1 69
-1.628 -1 -1.282 -1 -1.508 -1 -1.642 -1 79
-1.575 -1 -1.242 -1 -1.628 -1 -1.798 -1 136
-1.713 -1 -1.328 -1 -1.588 -1 -1.708 -1 92
-1.648 -1 -1.278 -1 -1.298 -1 -1.406 -1 5
-1.352 -1 -1.104 -1 -1.566 -1 -1.768 -1 146
-1.667 -1 -1.302 -1 -1.368 -1 -1.54 -1 26
-1.454 -1 -1.156 -1 -1.346 -1 -1.478 -1 60
-1.412 -1 -1.146 -1 -1.704 -1 -1.874 -1 193
-1.789 -1 -1.386 -1 -1.608 -1 -1.788 -1 86
-1.698 -1 -1.298 -1 -1.644 -1 -1.756 -1 103
-1.7 -1 -1.286 -1 -1.608 -1 -1.808 -1 103
-1.708 -1 -1.31 -1 -1.778 -1 -1.982 -1 175
-1.88 -1 -1.402 -1 -1.416 -1 -1.538 -1 5
-1.477 -1 -1.212 -1 -1.264 -1 -1.404 -1 14
-1.334 -1 -1.112 -1 -1.676 -1 -1.862 -1 185
-1.769 -1 -1.34 -1 -1.372 -1 -1.486 -1 13
-1.429 -1 -1.188 -1 -1.536 -1 -1.724 -1 106
-1.63 -1 -1.27 -1 -1.344 -1 -1.486 -1 22
-1.415 -1 -1.158 -1 -1.262 -1 -1.386 -1 31
-1.324 -1 -1.11 -1 -1.468 -1 -1.604 -1 114
-1.536 -1 -1.212 -1 -1.652 -1 -1.83 -1 148
-1.741 -1 -1.282 -1 -1.686 -1 -1.87 -1 150
-1.778 -1 -1.328 -1 -1.77 -1 -1.94 -1 145
-1.855 -1 -1.42 -1 -1.792 -1 -1.988 -1 143
-1.89 -1 -1.462 -1 -1.842 -1 -1.992 -1 128
-1.917 -1 -1.472 -1 -1.814 -1 -2.008 -1 132
-1.911 -1 -1.414 -1 -1.892 -1 -2.07 -1 177
-1.981 -1 -1.542 -1 -1.64 -1 -1.824 -1 43
-1.732 -1 -1.324 -1 -1.446 -1 -1.614 -1 45
-1.53 -1 -1.226 -1 -1.49 -1 -1.626 -1 78
-1.558 -1 -1.2 -1 -1.56 -1 -1.676 -1 118
-1.618 -1 -1.22 -1 -1.604 -1 -1.762 -1 126
-1.683 -1 -1.268 -1 -1.366 -1 -1.464 -1 31
-1.415 -1 -1.152 -1 -1.18 -1 -1.266 -1 11
-1.223 -1 -1.062 -1 -1.39 -1 -1.498 -1 95
-1.444 -1 -1.152 -1 -1.602 -1 -1.69 -1 148
-1.646 -1 -1.228 -1 -1.302 -1 -1.398 -1 18
-1.35 -1 -1.124 -1 -1.516 -1 -1.614 -1 118
-1.565 -1 -1.21 -1 -1.798 -1 -1.952 -1 181
-1.875 -1 -1.382 -1 -1.426 -1 -1.56 -1 16
-1.493 -1 -1.192 -1 -1.716 -1 -1.852 -1 166
-1.784 -1 -1.358 -1 -1.52 -1 -1.68 -1 58
-1.6 -1 -1.248 -1 -1.456 -1 -1.65 -1 75
-1.553 -1 -1.22 -1 -1.636 -1 -1.786 -1 154
-1.711 -1 -1.358 -1 -1.832 -1 -1.964 -1 171
-1.898 -1 -1.424 -1 -1.892 -1 -2.08 -1 182
-1.986 -1 -1.442 -1 -1.794 -1 -2.024 -1 138
-1.909 -1 -1.45 -1 -1.972 -1 -2.162 -1 189
-2.067 -1 -1.542 -1 -1.97 -1 -2.19 -1 174
-2.08 -1 -1.586 -1 -1.984 -1 -2.196 -1 170
-2.09 -1 -1.576 -1 -1.666 -1 -1.848 -1 36
-1.757 -1 -1.402 -1 -1.426 -1 -1.554 -1 6
-1.49 -1 -1.208 -1 -1.33 -1 -1.5 -1 40
-1.415 -1 -1.16 -1 -1.276 -1 -1.406 -1 26
-1.341 -1 -1.136 -1 -1.616 -1 -1.8 -1 147
-1.708 -1 -1.294 -1 -1.33 -1 -1.506 -1 12
-1.418 -1 -1.152 -1 -1.694 -1 -1.89 -1 176
-1.792 -1 -1.346 -1 -1.638 -1 -1.816 -1 105
-1.727 -1 -1.354 -1 -1.6 -1 -1.726 -1 75
-1.663 -1 -1.286 -1 -1.394 -1 -1.514 -1 31
-1.454 -1 -1.156 -1 -1.238 -1 -1.326 -1 23
-1.282 -1 -1.08 -1 -1.444 -1 -1.606 -1 117
-1.525 -1 -1.208 -1 -1.268 -1 -1.356 -1 24
-1.312 -1 -1.118 -1 -1.542 -1 -1.706 -1 146
-1.624 -1 -1.242 -1 -1.7 -1 -1.946 -1 170
-1.823 -1 -1.402 -1 -1.47 -1 -1.608 -1 26
-1.539 -1 -1.22 -1 -1.47 -1 -1.654 -1 83
-1.562 -1 -1.194 -1 -1.308 -1 -1.42 -1 34
-1.364 -1 -1.114 -1 -1.542 -1 -1.662 -1 131
-1.602 -1 -1.234 -1 -1.52 -1 -1.696 -1 97
-1.608 -1 -1.196 -1 -1.526 -1 -1.676 -1 104
-1.601 -1 -1.236 -1 -1.264 -1 -1.396 -1 7
-1.33 -1 -1.112 -1 -1.606 -1 -1.804 -1 163
-1.705 -1 -1.278 -1 -1.282 -1 -1.376 -1 1
-1.329 -1 -1.104 -1 -1.316 -1 -1.416 -1 64
-1.366 -1 -1.112 -1 -1.36 -1 -1.498 -1 73
-1.429 -1 -1.146 -1 -1.33 -1 -1.5 -1 72
-1.415 -1 -1.146 -1 -1.736 -1 -1.938 -1 196
-1.837 -1 -1.358 -1 -1.642 -1 -1.82 -1 91
-1.731 -1 -1.33 -1 -1.87 -1 -1.988 -1 188
-1.929 -1 -1.478 -1 -1.956 -1 -2.148 -1 196
-2.052 -1 -1.544 -1 -1.868 -1 -2.088 -1 138
-1.978 -1 -1.562 -1 -1.988 -1 -2.188 -1 181
-2.088 -1 -1.55 -1 -1.6 -1 -1.796 -1 18
-1.698 -1 -1.326 -1 -1.792 -1 -1.986 -1 153
-1.889 -1 -1.474 -1 -1.662 -1 -1.842 -1 72
-1.752 -1 -1.326 -1 -1.428 -1 -1.628 -1 36
-1.528 -1 -1.206 -1 -1.498 -1 -1.65 -1 93
-1.574 -1 -1.224 -1 -1.818 -1 -2.002 -1 198
-1.91 -1 -1.448 -1 -1.948 -1 -2.128 -1 181
-2.038 -1 -1.558 -1 -2.018 -1 -2.248 -1 192
-2.133 -1 -1.614 -1 -1.636 -1 -1.83 -1 8
-1.733 -1 -1.41 -1 -1.592 -1 -1.798 -1 66
-1.695 -1 -1.334 -1 -1.728 -1 -1.946 -1 140
-1.837 -1 -1.398 -1 -1.64 -1 -1.782 -1 77
-1.711 -1 -1.322 -1 -1.418 -1 -1.594 -1 27
-1.506 -1 -1.21 -1 -1.21 -1 -1.338 -1 0
-1.274 -1 -1.07 -1 -1.344 -1 -1.464 -1 82
-1.404 -1 -1.156 -1 -1.556 -1 -1.718 -1 121
-1.637 -1 -1.262 -1 -1.638 -1 -1.742 -1 121
-1.69 -1 -1.278 -1 -1.684 -1 -1.832 -1 163
-1.758 -1 -1.354 -1 -1.702 -1 -1.91 -1 153
-1.806 -1 -1.42 -1 -1.742 -1 -1.9 -1 111
-1.821 -1 -1.372 -1 -1.814 -1 -2.048 -1 157
-1.931 -1 -1.454 -1 -1.712 -1 -1.912 -1 103
-1.812 -1 -1.38 -1 -1.614 -1 -1.75 -1 85
-1.682 -1 -1.286 -1 -1.342 -1 -1.462 -1 25
-1.402 -1 -1.148 -1 -1.3 -1 -1.42 -1 54
-1.36 -1 -1.116 -1 -1.392 -1 -1.532 -1 84
-1.462 -1 -1.174 -1 -1.562 -1 -1.794 -1 138
-1.678 -1 -1.276 -1 -1.624 -1 -1.81 -1 129
-1.717 -1 -1.286 -1 -1.398 -1 -1.534 -1 33
-1.466 -1 -1.19 -1 -1.372 -1 -1.466 -1 60
-1.419 -1 -1.154 -1 -1.56 -1 -1.764 -1 151
-1.662 -1 -1.278 -1 -1.804 -1 -1.982 -1 186
-1.893 -1 -1.408 -1 -1.742 -1 -1.892 -1 122
-1.817 -1 -1.394 -1 -1.85 -1 -2.052 -1 163
-1.951 -1 -1.464 -1 -1.474 -1 -1.66 -1 4
-1.567 -1 -1.26 -1 -1.286 -1 -1.412 -1 11
-1.349 -1 -1.114 -1 -1.584 -1 -1.77 -1 174
-1.677 -1 -1.282 -1 -1.316 -1 -1.466 -1 20
-1.391 -1 -1.136 -1 -1.5 -1 -1.666 -1 114
-1.583 -1 -1.222 -1 -1.574 -1 -1.728 -1 119
-1.651 -1 -1.264 -1 -1.8 -1 -1.948 -1 188
-1.874 -1 -1.392 -1 -1.724 -1 -1.928 -1 121
-1.826 -1 -1.37 -1 -1.818 -1 -2.006 -1 187
-1.912 -1 -1.48 -1 -1.546 -1 -1.69 -1 19
-1.618 -1 -1.24 -1 -1.402 -1 -1.53 -1 60
-1.466 -1 -1.148 -1 -1.688 -1 -1.886 -1 199
-1.787 -1 -1.328 -1 -1.848 -1 -2.026 -1 187
-1.937 -1 -1.434 -1 -1.618 -1 -1.762 -1 57
-1.69 -1 -1.3 -1 -1.444 -1 -1.638 -1 50
-1.541 -1 -1.21 -1 -1.514 -1 -1.716 -1 98
-1.615 -1 -1.26 -1 -1.826 -1 -2.002 -1 199
-1.914 -1 -1.42 -1 -1.682 -1 -1.894 -1 97
-1.788 -1 -1.354 -1 -1.474 -1 -1.612 -1 42
-1.543 -1 -1.226 -1 -1.638 -1 -1.788 -1 144
-1.713 -1 -1.328 -1 -1.776 -1 -1.996 -1 171
-1.886 -1 -1.428 -1 -1.798 -1 -1.984 -1 144
-1.891 -1 -1.48 -1 -1.816 -1 -2.034 -1 134
-1.925 -1 -1.448 -1 -1.5 -1 -1.654 -1 12
-1.577 -1 -1.24 -1 -1.29 -1 -1.438 -1 12
-1.364 -1 -1.106 -1 -1.566 -1 -1.69 -1 134
-1.628 -1 -1.236 -1 -1.412 -1 -1.562 -1 53
-1.487 -1 -1.184 -1 -1.534 -1 -1.73 -1 119
-1.632 -1 -1.238 -1 -1.354 -1 -1.508 -1 42
-1.431 -1 -1.178 -1 -1.41 -1 -1.55 -1 75
-1.48 -1 -1.176 -1 -1.182 -1 -1.254 -1 1
-1.218 -1 -1.036 -1 -1.054 -1 -1.144 -1 5
-1.099 -1 -1.024 -1 -1.226 -1 -1.292 -1 56
-1.259 -1 -1.07 -1 -1.524 -1 -1.698 -1 143
-1.611 -1 -1.264 -1 -1.64 -1 -1.752 -1 132
-1.696 -1 -1.274 -1 -1.698 -1 -1.878 -1 166
-1.788 -1 -1.394 -1 -1.758 -1 -1.942 -1 144
-1.85 -1 -1.406 -1 -1.456 -1 -1.608 -1 19
-1.532 -1 -1.234 -1 -1.386 -1 -1.504 -1 49
-1.445 -1 -1.152 -1 -1.498 -1 -1.646 -1 106
-1.572 -1 -1.2 -1 -1.308 -1 -1.366 -1 37
-1.337 -1 -1.102 -1 -1.454 -1 -1.626 -1 113
-1.54 -1 -1.19 -1 -1.234 -1 -1.334 -1 15
-1.284 -1 -1.084 -1 -1.136 -1 -1.236 -1 17
-1.186 -1 -1.062 -1 -1.704 -1 -1.902 -1 197
-1.803 -1 -1.338 -1 -1.432 -1 -1.574 -1 36
-1.503 -1 -1.204 -1 -1.208 -1 -1.3 -1 2
-1.254 -1 -1.072 -1 -1.434 -1 -1.612 -1 106
-1.523 -1 -1.19 -1 -1.364 -1 -1.494 -1 51
-1.429 -1 -1.164 -1 -1.722 -1 -1.864 -1 192
-1.793 -1 -1.338 -1 -1.638 -1 -1.834 -1 94
-1.736 -1 -1.328 -1 -1.408 -1 -1.556 -1 22
-1.482 -1 -1.16 -1 -1.232 -1 -1.342 -1 21
-1.287 -1 -1.08 -1 -1.272 -1 -1.372 -1 52
-1.322 -1 -1.086 -1 -1.302 -1 -1.408 -1 60
-1.355 -1 -1.11 -1 -1.534 -1 -1.678 -1 128
-1.606 -1 -1.214 -1 -1.73 -1 -1.886 -1 180
-1.808 -1 -1.346 -1 -1.754 -1 -1.918 -1 140
-1.836 -1 -1.38 -1 -1.906 -1 -2.078 -1 186
-1.992 -1 -1.508 -1 -1.838 -1 -1.966 -1 121
-1.902 -1 -1.448 -1 -1.834 -1 -2.008 -1 142
-1.921 -1 -1.41 -1 -1.59 -1 -1.782 -1 63
-1.686 -1 -1.292 -1 -1.554 -1 -1.708 -1 79
-1.631 -1 -1.264 -1 -1.768 -1 -1.988 -1 172
-1.878 -1 -1.374 -1 -1.382 -1 -1.48 -1 2
-1.431 -1 -1.154 -1 -1.348 -1 -1.466 -1 80
-1.407 -1 -1.128 -1 -1.64 -1 -1.79 -1 176
-1.715 -1 -1.284 -1 -1.506 -1 -1.64 -1 69
-1.573 -1 -1.206 -1 -1.666 -1 -1.838 -1 163
-1.752 -1 -1.346 -1 -1.766 -1 -1.95 -1 151
-1.858 -1 -1.426 -1 -1.562 -1 -1.67 -1 54
-1.616 -1 -1.236 -1 -1.506 -1 -1.638 -1 85
-1.572 -1 -1.224 -1 -1.632 -1 -1.81 -1 132
-1.721 -1 -1.296 -1 -1.624 -1 -1.756 -1 134
-1.69 -1 -1.262 -1 -1.368 -1 -1.498 -1 32
-1.433 -1 -1.15 -1 -1.46 -1 -1.622 -1 102
-1.541 -1 -1.19 -1 -1.328 -1 -1.458 -1 40
-1.393 -1 -1.13 -1 -1.13 -1 -1.218 -1 0
-1.174 -1 -1.048 -1 -1.048 -1 -1.118 -1 0
-1.083 -1 -1.014 -1 -1.028 -1 -1.09 -1 5
-1.059 -1 -1.006 -1 -1.344 -1 -1.466 -1 108
-1.405 -1 -1.14 -1 -1.354 -1 -1.468 -1 63
-1.411 -1 -1.148 -1 -1.444 -1 -1.566 -1 99
-1.505 -1 -1.178 -1 -1.322 -1 -1.414 -1 47
-1.368 -1 -1.138 -1 -1.396 -1 -1.514 -1 73
-1.455 -1 -1.162 -1 -1.526 -1 -1.632 -1 131
-1.579 -1 -1.214 -1 -1.458 -1 -1.564 -1 79
-1.511 -1 -1.198 -1 -1.54 -1 -1.648 -1 108
-1.594 -1 -1.262 -1 -1.368 -1 -1.492 -1 39
-1.43 -1 -1.152 -1 -1.578 -1 -1.71 -1 136
-1.644 -1 -1.238 -1 -1.376 -1 -1.488 -1 44
-1.432 -1 -1.148 -1 -1.364 -1 -1.48 -1 70
-1.422 -1 -1.148 -1 -1.212 -1 -1.282 -1 20
-1.247 -1 -1.068 -1 -1.54 -1 -1.698 -1 149
-1.619 -1 -1.26 -1 -1.378 -1 -1.488 -1 33
-1.433 -1 -1.142 -1 -1.332 -1 -1.442 -1 56
-1.387 -1 -1.116 -1 -1.374 -1 -1.484 -1 78
-1.429 -1 -1.146 -1 -1.56 -1 -1.726 -1 144
-1.643 -1 -1.27 -1 -1.292 -1 -1.436 -1 5
-1.364 -1 -1.128 -1 -1.698 -1 -1.818 -1 199
-1.758 -1 -1.302 -1 -1.394 -1 -1.548 -1 28
-1.471 -1 -1.206 -1 -1.482 -1 -1.65 -1 87
-1.566 -1 -1.23 -1 -1.464 -1 -1.568 -1 77
-1.516 -1 -1.228 -1 -1.296 -1 -1.37 -1 21
-1.333 -1 -1.126 -1 -1.614 -1 -1.748 -1 151
-1.681 -1 -1.27 -1 -1.322 -1 -1.432 -1 19
-1.377 -1 -1.122 -1 -1.702 -1 -1.808 -1 187
-1.755 -1 -1.338 -1 -1.582 -1 -1.732 -1 89
-1.657 -1 -1.304 -1 -1.492 -1 -1.608 -1 66
-1.55 -1 -1.21 -1 -1.68 -1 -1.812 -1 171
-1.746 -1 -1.306 -1 -1.682 -1 -1.866 -1 136
-1.774 -1 -1.31 -1 -1.706 -1 -1.838 -1 122
-1.772 -1 -1.338 -1 -1.774 -1 -1.924 -1 149
-1.849 -1 -1.4 -1 -1.658 -1 -1.806 -1 81
-1.732 -1 -1.278 -1 -1.404 -1 -1.51 -1 46
-1.457 -1 -1.156 -1 -1.718 -1 -1.856 -1 192
-1.787 -1 -1.342 -1 -1.692 -1 -1.872 -1 139
-1.782 -1 -1.38 -1 -1.834 -1 -1.964 -1 167
-1.899 -1 -1.456 -1 -1.646 -1 -1.832 -1 69
-1.739 -1 -1.346 -1 -1.784 -1 -1.954 -1 169
-1.869 -1 -1.438 -1 -1.91 -1 -2.138 -1 153
-2.024 -1 -1.532 -1 -1.6 -1 -1.786 -1 23
-1.693 -1 -1.308 -1 -1.696 -1 -1.894 0 134
