8 1000 0.9 6 29 0 0 0 0
-3.513 -1 -3.058 -1 -3.162 -1 -3.284 -1 359
-3.223 -1 -2.806 -1 -2.97 -1 -3.184 -1 266
-3.077 -1 -2.682 -1 -2.742 -1 -3.05 -1 81
-2.896 -1 -2.492 -1 -2.506 -1 -2.942 -1 12
-2.724 -1 -2.386 -1 -2.712 -1 -3.028 -1 322
-2.87 -1 -2.444 -1 -2.55 -1 -2.9 -1 79
-2.725 -1 -2.352 -1 -2.674 -1 -2.976 -1 277
-2.825 -1 -2.386 -1 -2.522 -1 -2.864 -1 98
-2.693 -1 -2.326 -1 -2.344 -1 -2.908 -1 16
-2.626 -1 -2.274 -1 -2.678 -1 -3.08 -1 330
-2.879 -1 -2.448 -1 -2.586 -1 -3.01 -1 142
-2.798 -1 -2.436 -1 -2.796 -1 -3.064 -1 342
-2.93 -1 -2.51 -1 -2.682 -1 -2.986 -1 160
-2.834 -1 -2.44 -1 -2.596 -1 -2.896 -1 168
-2.746 -1 -2.358 -1 -2.422 -1 -2.934 -1 54
-2.678 -1 -2.304 -1 -2.762 -1 -3.062 -1 403
-2.912 -1 -2.492 -1 -2.602 -1 -2.958 -1 100
-2.78 -1 -2.402 -1 -2.586 -1 -2.958 -1 153
-2.772 -1 -2.394 -1 -2.786 -1 -3.084 -1 367
-2.935 -1 -2.514 -1 -2.854 -1 -3.112 -1 378
-2.983 -1 -2.526 -1 -2.634 -1 -2.958 -1 91
-2.796 -1 -2.402 -1 -2.626 -1 -2.91 -1 225
-2.768 -1 -2.342 -1 -2.792 -1 -3.04 -1 379
-2.916 -1 -2.456 -1 -2.576 -1 -2.874 -1 110
-2.725 -1 -2.356 -1 -2.786 -1 -3.142 -1 429
-2.964 -1 -2.53 -1 -2.79 -1 -3.072 -1 273
-2.931 -1 -2.5 -1 -2.684 -1 -3.042 -1 221
-2.863 -1 -2.446 -1 -2.754 -1 -3.048 -1 268
-2.901 -1 -2.484 -1 -2.68 -1 -2.998 0 193
