7 1000 0.5 7 13 0 0 0 0
-3.26 -1 -2.812 -1 -2.818 -1 -3.028 -1 165
-2.923 -1 -2.498 -1 -2.632 -1 -2.964 -1 169
-2.798 -1 -2.418 -1 -2.594 -1 -2.898 -1 202
-2.746 -1 -2.376 -1 -2.382 -1 -2.738 -1 4
-2.56 -1 -2.222 -1 -2.352 -1 -2.722 -1 104
-2.537 -1 -2.182 -1 -2.24 -1 -2.636 -1 53
-2.438 -1 -2.124 -1 -2.136 -1 -2.624 -1 21
-2.38 -1 -2.058 -1 -2.272 -1 -2.75 -1 152
-2.511 -1 -2.126 -1 -2.234 -1 -2.706 -1 66
-2.47 -1 -2.11 -1 -2.308 -1 -2.722 -1 143
-2.515 -1 -2.09 -1 -2.244 -1 -2.718 -1 112
-2.481 -1 -2.106 -1 -2.36 -1 -2.746 -1 233
-2.553 -1 -2.13 -1 -2.184 -1 -2.644 0 50
