8 1000 0.5 7 52 0 0 0 0
-3.482 -1 -2.978 -1 -3.008 -1 -3.166 -1 32
-3.087 -1 -2.688 -1 -2.748 -1 -3.07 -1 48
-2.909 -1 -2.51 -1 -2.726 -1 -3.074 -1 178
-2.9 -1 -2.488 -1 -2.582 -1 -3.022 -1 73
-2.802 -1 -2.416 -1 -2.528 -1 -2.962 -1 86
-2.745 -1 -2.392 -1 -2.462 -1 -2.866 -1 70
-2.664 -1 -2.294 -1 -2.436 -1 -2.924 -1 96
-2.68 -1 -2.334 -1 -2.398 -1 -2.83 -1 35
-2.614 -1 -2.284 -1 -2.388 -1 -2.88 -1 83
-2.634 -1 -2.272 -1 -2.45 -1 -2.816 -1 163
-2.633 -1 -2.262 -1 -2.432 -1 -2.91 -1 155
-2.671 -1 -2.28 -1 -2.492 -1 -2.896 -1 186
-2.694 -1 -2.282 -1 -2.498 -1 -2.932 -1 129
-2.715 -1 -2.296 -1 -2.482 -1 -2.874 -1 125
-2.678 -1 -2.242 -1 -2.396 -1 -2.852 -1 118
-2.624 -1 -2.23 -1 -2.314 -1 -2.782 -1 77
-2.548 -1 -2.2 -1 -2.43 -1 -2.868 -1 169
-2.649 -1 -2.274 -1 -2.49 -1 -2.878 -1 155
-2.684 -1 -2.258 -1 -2.43 -1 -2.85 -1 105
-2.64 -1 -2.266 -1 -2.34 -1 -2.766 -1 53
-2.553 -1 -2.176 -1 -2.438 -1 -2.86 -1 230
-2.649 -1 -2.27 -1 -2.444 -1 -2.84 -1 131
-2.642 -1 -2.252 -1 -2.312 -1 -2.75 -1 36
-2.531 -1 -2.13 -1 -2.138 -1 -2.686 -1 5
-2.412 -1 -2.094 -1 -2.294 -1 -2.75 -1 108
-2.522 -1 -2.148 -1 -2.424 -1 -2.79 -1 240
-2.607 -1 -2.2 -1 -2.232 -1 -2.704 -1 22
-2.468 -1 -2.116 -1 -2.324 -1 -2.766 -1 163
-2.545 -1 -2.15 -1 -2.334 -1 -2.726 -1 132
-2.53 -1 -2.132 -1 -2.132 -1 -2.644 -1 1
-2.388 -1 -2.066 -1 -2.306 -1 -2.772 -1 138
-2.539 -1 -2.142 -1 -2.422 -1 -2.786 -1 204
-2.604 -1 -2.182 -1 -2.378 -1 -2.72 -1 143
-2.549 -1 -2.156 -1 -2.308 -1 -2.696 -1 138
-2.502 -1 -2.11 -1 -2.274 -1 -2.76 -1 86
-2.517 -1 -2.14 -1 -2.474 -1 -2.838 -1 224
-2.656 -1 -2.206 -1 -2.386 -1 -2.728 -1 160
-2.557 -1 -2.152 -1 -2.342 -1 -2.814 -1 139
-2.578 -1 -2.186 -1 -2.3 -1 -2.724 -1 78
-2.512 -1 -2.15 -1 -2.302 -1 -2.754 -1 84
-2.528 -1 -2.154 -1 -2.438 -1 -2.762 -1 193
-2.6 -1 -2.2 -1 -2.32 -1 -2.678 -1 65
-2.499 -1 -2.122 -1 -2.312 -1 -2.748 -1 134
-2.53 -1 -2.15 -1 -2.178 -1 -2.686 -1 19
-2.432 -1 -2.064 -1 -2.274 -1 -2.7 -1 118
-2.487 -1 -2.088 -1 -2.114 -1 -2.62 -1 19
-2.367 -1 -2.026 -1 -2.216 -1 -2.672 -1 127
-2.444 -1 -2.072 -1 -2.27 -1 -2.672 -1 128
-2.471 -1 -2.094 -1 -2.392 -1 -2.79 -1 154
-2.591 -1 -2.18 -1 -2.436 -1 -2.72 -1 196
-2.578 -1 -2.144 -1 -2.264 -1 -2.772 -1 89
-2.518 -1 -2.12 -1 -2.126 -1 -2.602 0 8
