7 1000 0.6 3 22 0 0 0 0
-3.213 -1 -2.908 -1 -3.016 -1 -3.102 -1 275
-3.059 -1 -2.766 -1 -2.886 -1 -3.024 -1 154
-2.955 -1 -2.626 -1 -2.718 -1 -2.912 -1 148
-2.815 -1 -2.498 -1 -2.512 -1 -2.838 -1 12
-2.675 -1 -2.41 -1 -2.556 -1 -2.858 -1 191
-2.707 -1 -2.432 -1 -2.66 -1 -2.956 -1 282
-2.808 -1 -2.518 -1 -2.752 -1 -2.976 -1 286
-2.864 -1 -2.604 -1 -2.754 -1 -2.986 -1 232
-2.87 -1 -2.542 -1 -2.592 -1 -2.892 -1 55
-2.742 -1 -2.42 -1 -2.612 -1 -2.87 -1 232
-2.741 -1 -2.462 -1 -2.496 -1 -2.812 -1 26
-2.654 -1 -2.336 -1 -2.484 -1 -2.81 -1 140
-2.647 -1 -2.318 -1 -2.526 -1 -2.776 -1 219
-2.651 -1 -2.358 -1 -2.494 -1 -2.834 -1 95
-2.664 -1 -2.362 -1 -2.624 -1 -2.88 -1 271
-2.752 -1 -2.442 -1 -2.546 -1 -2.898 -1 147
-2.722 -1 -2.424 -1 -2.5 -1 -2.888 -1 98
-2.694 -1 -2.414 -1 -2.422 -1 -2.746 -1 23
-2.584 -1 -2.306 -1 -2.582 -1 -2.832 -1 287
-2.707 -1 -2.412 -1 -2.618 -1 -2.874 -1 204
-2.746 -1 -2.41 -1 -2.636 -1 -2.872 -1 213
-2.754 -1 -2.45 -1 -2.476 -1 -2.768 0 11
