6 1000 1 3 14 0 0 0 0
-3.006 -1 -2.722 -1 -2.864 -1 -2.95 -1 493
-2.907 -1 -2.608 -1 -2.786 -1 -2.904 -1 486
-2.845 -1 -2.494 -1 -2.554 -1 -2.748 -1 113
-2.651 -1 -2.328 -1 -2.334 -1 -2.698 -1 8
-2.516 -1 -2.23 -1 -2.4 -1 -2.702 -1 217
-2.551 -1 -2.284 -1 -2.528 -1 -2.752 -1 459
-2.64 -1 -2.288 -1 -2.498 -1 -2.776 -1 329
-2.637 -1 -2.36 -1 -2.416 -1 -2.674 -1 117
-2.545 -1 -2.302 -1 -2.312 -1 -2.698 -1 8
-2.505 -1 -2.204 -1 -2.292 -1 -2.612 -1 112
-2.452 -1 -2.206 -1 -2.216 -1 -2.624 -1 30
-2.42 -1 -2.13 -1 -2.502 -1 -2.738 -1 475
-2.62 -1 -2.324 -1 -2.48 -1 -2.71 -1 213
-2.595 -1 -2.326 -1 -2.614 0 -2.742 -1 487
