8 1000 0.5 5 92 0 0 0 0
-3.436 -1 -3.022 -1 -3.07 -1 -3.236 -1 210
-3.153 -1 -2.82 -1 -2.858 -1 -3.11 -1 58
-2.984 -1 -2.62 -1 -2.798 -1 -3.088 -1 193
-2.943 -1 -2.576 -1 -2.67 -1 -3.032 -1 97
-2.851 -1 -2.52 -1 -2.72 -1 -3.004 -1 196
-2.862 -1 -2.498 -1 -2.712 -1 -3.036 -1 215
-2.874 -1 -2.468 -1 -2.69 -1 -2.98 -1 213
-2.835 -1 -2.458 -1 -2.494 -1 -2.916 -1 44
-2.705 -1 -2.374 -1 -2.428 -1 -2.938 -1 48
-2.683 -1 -2.348 -1 -2.58 -1 -2.936 -1 201
-2.758 -1 -2.404 -1 -2.542 -1 -2.916 -1 121
-2.729 -1 -2.372 -1 -2.518 -1 -2.88 -1 113
-2.699 -1 -2.36 -1 -2.64 -1 -2.948 -1 235
-2.794 -1 -2.41 -1 -2.504 -1 -2.914 -1 94
-2.709 -1 -2.352 -1 -2.574 -1 -2.966 -1 181
-2.77 -1 -2.408 -1 -2.494 -1 -2.894 -1 60
-2.694 -1 -2.346 -1 -2.526 -1 -2.9 -1 136
-2.713 -1 -2.31 -1 -2.372 -1 -2.868 -1 49
-2.62 -1 -2.294 -1 -2.302 -1 -2.738 -1 7
-2.52 -1 -2.206 -1 -2.354 -1 -2.74 -1 106
-2.547 -1 -2.21 -1 -2.466 -1 -2.88 -1 214
-2.673 -1 -2.32 -1 -2.362 -1 -2.868 -1 34
-2.615 -1 -2.28 -1 -2.412 -1 -2.816 -1 89
-2.614 -1 -2.256 -1 -2.51 -1 -2.892 -1 196
-2.701 -1 -2.31 -1 -2.446 -1 -2.812 -1 81
-2.629 -1 -2.264 -1 -2.488 -1 -2.782 -1 171
-2.635 -1 -2.262 -1 -2.446 -1 -2.83 -1 161
-2.638 -1 -2.296 -1 -2.5 -1 -2.91 -1 146
-2.705 -1 -2.314 -1 -2.498 -1 -2.862 -1 148
-2.68 -1 -2.344 -1 -2.626 -1 -2.926 -1 191
-2.776 -1 -2.342 -1 -2.554 -1 -2.918 -1 191
-2.736 -1 -2.354 -1 -2.484 -1 -2.836 -1 107
-2.66 -1 -2.326 -1 -2.416 -1 -2.802 -1 65
-2.609 -1 -2.272 -1 -2.5 -1 -2.892 -1 178
-2.696 -1 -2.32 -1 -2.37 -1 -2.71 -1 35
-2.54 -1 -2.194 -1 -2.4 -1 -2.746 -1 135
-2.573 -1 -2.196 -1 -2.248 -1 -2.724 -1 23
-2.486 -1 -2.146 -1 -2.456 -1 -2.824 -1 230
-2.64 -1 -2.242 -1 -2.59 -1 -2.922 -1 245
-2.756 -1 -2.376 -1 -2.438 -1 -2.74 -1 42
-2.589 -1 -2.244 -1 -2.298 -1 -2.732 -1 37
-2.515 -1 -2.19 -1 -2.372 -1 -2.74 -1 126
-2.556 -1 -2.182 -1 -2.45 -1 -2.82 -1 175
-2.635 -1 -2.254 -1 -2.33 -1 -2.772 -1 77
-2.551 -1 -2.172 -1 -2.216 -1 -2.694 -1 35
-2.455 -1 -2.126 -1 -2.402 -1 -2.806 -1 212
-2.604 -1 -2.196 -1 -2.348 -1 -2.788 -1 109
-2.568 -1 -2.174 -1 -2.194 -1 -2.634 -1 15
-2.414 -1 -2.062 -1 -2.288 -1 -2.692 -1 157
-2.49 -1 -2.136 -1 -2.16 -1 -2.564 -1 26
-2.362 -1 -2.068 -1 -2.322 -1 -2.736 -1 186
-2.529 -1 -2.128 -1 -2.176 -1 -2.688 -1 26
-2.432 -1 -2.1 -1 -2.31 -1 -2.7 -1 166
-2.505 -1 -2.1 -1 -2.134 -1 -2.598 -1 21
-2.366 -1 -2.058 -1 -2.35 -1 -2.774 -1 182
-2.562 -1 -2.176 -1 -2.452 -1 -2.782 -1 195
-2.617 -1 -2.202 -1 -2.386 -1 -2.79 -1 144
-2.588 -1 -2.206 -1 -2.326 -1 -2.624 -1 91
-2.475 -1 -2.11 -1 -2.418 -1 -2.766 -1 205
-2.592 -1 -2.19 -1 -2.2 -1 -2.53 -1 11
-2.365 -1 -2.042 -1 -2.264 -1 -2.674 -1 140
-2.469 -1 -2.068 -1 -2.458 -1 -2.774 -1 229
-2.616 -1 -2.214 -1 -2.444 -1 -2.858 -1 146
-2.651 -1 -2.248 -1 -2.378 -1 -2.754 -1 83
-2.566 -1 -2.174 -1 -2.354 -1 -2.662 -1 129
-2.508 -1 -2.138 -1 -2.316 -1 -2.73 -1 138
-2.523 -1 -2.15 -1 -2.492 -1 -2.798 -1 239
-2.645 -1 -2.224 -1 -2.402 -1 -2.738 -1 145
-2.57 -1 -2.212 -1 -2.426 -1 -2.812 -1 181
-2.619 -1 -2.242 -1 -2.274 -1 -2.7 -1 23
-2.487 -1 -2.158 -1 -2.394 -1 -2.756 -1 127
-2.575 -1 -2.16 -1 -2.306 -1 -2.65 -1 94
-2.478 -1 -2.114 -1 -2.274 -1 -2.596 -1 91
-2.435 -1 -2.076 -1 -2.122 -1 -2.584 -1 42
-2.353 -1 -2 -1 -2.172 -1 -2.62 -1 128
-2.396 -1 -2.008 -1 -2.32 -1 -2.664 -1 187
-2.492 -1 -2.112 -1 -2.29 -1 -2.67 -1 122
-2.48 -1 -2.072 -1 -2.084 -1 -2.49 -1 8
-2.287 -1 -1.96 -1 -2.008 -1 -2.458 -1 37
-2.233 -1 -1.926 -1 -2.126 -1 -2.52 -1 117
-2.323 -1 -1.956 -1 -2.258 -1 -2.584 -1 180
-2.421 -1 -1.986 -1 -2.116 -1 -2.516 -1 68
-2.316 -1 -1.898 -1 -1.936 -1 -2.374 -1 25
-2.155 -1 -1.824 -1 -2.142 -1 -2.422 -1 198
-2.282 -1 -1.866 -1 -1.916 -1 -2.362 -1 15
-2.139 -1 -1.746 -1 -1.886 -1 -2.256 -1 79
-2.071 -1 -1.686 -1 -1.918 -1 -2.27 -1 121
-2.094 -1 -1.716 -1 -1.754 -1 -2.136 -1 25
-1.945 -1 -1.584 -1 -1.684 -1 -1.988 -1 35
-1.836 -1 -1.494 -1 -1.96 -1 -2.216 -1 235
-2.088 -1 -1.626 -1 -1.708 -1 -1.988 -1 34
-1.848 -1 -1.462 -1 -1.85 -1 -2.146 0 170
