8 1000 0.9 7 187 0 0 0 0
-3.512 -1 -3.02 -1 -3.196 -1 -3.306 -1 299
-3.251 -1 -2.764 -1 -3.016 -1 -3.17 -1 362
-3.093 -1 -2.69 -1 -2.918 -1 -3.15 -1 268
-3.034 -1 -2.618 -1 -2.678 -1 -3.042 -1 77
-2.86 -1 -2.472 -1 -2.67 -1 -2.976 -1 170
-2.823 -1 -2.438 -1 -2.814 -1 -3.09 -1 339
-2.952 -1 -2.492 -1 -2.626 -1 -3.046 -1 105
-2.836 -1 -2.456 -1 -2.8 -1 -3.07 -1 332
-2.935 -1 -2.504 -1 -2.536 -1 -2.928 -1 20
-2.732 -1 -2.384 -1 -2.702 -1 -3.006 -1 236
-2.854 -1 -2.43 -1 -2.788 -1 -3.08 -1 321
-2.934 -1 -2.474 -1 -2.68 -1 -3.026 -1 267
-2.853 -1 -2.458 -1 -2.586 -1 -2.944 -1 92
-2.765 -1 -2.402 -1 -2.834 -1 -3.094 -1 429
-2.964 -1 -2.512 -1 -2.612 -1 -3 -1 95
-2.806 -1 -2.39 -1 -2.61 -1 -2.93 -1 126
-2.77 -1 -2.384 -1 -2.58 -1 -2.94 -1 163
-2.76 -1 -2.352 -1 -2.37 -1 -2.826 -1 21
-2.598 -1 -2.254 -1 -2.674 -1 -3.016 -1 364
-2.845 -1 -2.396 -1 -2.736 -1 -2.966 -1 317
-2.851 -1 -2.408 -1 -2.736 -1 -3.048 -1 383
-2.892 -1 -2.432 -1 -2.856 -1 -3.162 -1 429
-3.009 -1 -2.538 -1 -2.766 -1 -3.098 -1 238
-2.932 -1 -2.498 -1 -2.78 -1 -3.07 -1 275
-2.925 -1 -2.478 -1 -2.898 -1 -3.052 -1 449
-2.975 -1 -2.52 -1 -2.614 -1 -2.98 -1 88
-2.797 -1 -2.374 -1 -2.812 -1 -3.038 -1 432
-2.925 -1 -2.526 -1 -2.678 -1 -3.026 -1 166
-2.852 -1 -2.428 -1 -2.59 -1 -2.974 -1 178
-2.782 -1 -2.396 -1 -2.576 -1 -2.962 -1 137
-2.769 -1 -2.36 -1 -2.644 -1 -3.048 -1 227
-2.846 -1 -2.44 -1 -2.804 -1 -3.024 -1 416
-2.914 -1 -2.49 -1 -2.782 -1 -3.076 -1 372
-2.929 -1 -2.49 -1 -2.558 -1 -3.026 -1 44
-2.792 -1 -2.424 -1 -2.744 -1 -3.076 -1 370
-2.91 -1 -2.476 -1 -2.852 -1 -3.09 -1 419
-2.971 -1 -2.546 -1 -2.714 -1 -3.024 -1 173
-2.869 -1 -2.472 -1 -2.786 -1 -3.066 -1 341
-2.926 -1 -2.512 -1 -2.9 -1 -3.144 -1 392
-3.022 -1 -2.59 -1 -2.712 -1 -3.01 -1 143
-2.861 -1 -2.452 -1 -2.652 -1 -3.028 -1 215
-2.84 -1 -2.43 -1 -2.472 -1 -2.89 -1 34
-2.681 -1 -2.31 -1 -2.408 -1 -2.816 -1 96
-2.612 -1 -2.262 -1 -2.69 -1 -3.012 -1 341
-2.851 -1 -2.44 -1 -2.712 -1 -3.072 -1 255
-2.892 -1 -2.46 -1 -2.674 -1 -2.974 -1 167
-2.824 -1 -2.426 -1 -2.51 -1 -2.916 -1 58
-2.713 -1 -2.356 -1 -2.638 -1 -2.98 -1 230
-2.809 -1 -2.382 -1 -2.754 -1 -3.012 -1 394
-2.883 -1 -2.44 -1 -2.856 -1 -3.036 -1 438
-2.946 -1 -2.484 -1 -2.734 -1 -3.104 -1 234
-2.919 -1 -2.48 -1 -2.832 -1 -3.106 -1 369
-2.969 -1 -2.578 -1 -2.696 -1 -3.076 -1 146
-2.886 -1 -2.478 -1 -2.834 -1 -3.138 -1 320
-2.986 -1 -2.54 -1 -2.752 -1 -3.044 -1 219
-2.898 -1 -2.468 -1 -2.47 -1 -2.886 -1 2
-2.678 -1 -2.34 -1 -2.7 -1 -3.032 -1 315
-2.866 -1 -2.462 -1 -2.63 -1 -2.99 -1 156
-2.81 -1 -2.422 -1 -2.712 -1 -3.07 -1 262
-2.891 -1 -2.518 -1 -2.674 -1 -3.04 -1 135
-2.857 -1 -2.426 -1 -2.6 -1 -2.916 -1 146
-2.758 -1 -2.36 -1 -2.598 -1 -2.942 -1 192
-2.77 -1 -2.374 -1 -2.67 -1 -3.004 -1 250
-2.837 -1 -2.422 -1 -2.542 -1 -2.94 -1 133
-2.741 -1 -2.354 -1 -2.678 -1 -3.02 -1 298
-2.849 -1 -2.426 -1 -2.778 -1 -2.956 -1 415
-2.867 -1 -2.436 -1 -2.698 -1 -3.012 -1 298
-2.855 -1 -2.436 -1 -2.514 -1 -2.904 -1 64
-2.709 -1 -2.306 -1 -2.394 -1 -2.802 -1 71
-2.598 -1 -2.21 -1 -2.244 -1 -2.72 -1 30
-2.482 -1 -2.11 -1 -2.61 -1 -2.972 -1 369
-2.791 -1 -2.356 -1 -2.746 -1 -2.998 -1 393
-2.872 -1 -2.422 -1 -2.722 -1 -2.994 -1 240
-2.858 -1 -2.43 -1 -2.48 -1 -2.914 -1 46
-2.697 -1 -2.294 -1 -2.524 -1 -2.934 -1 172
-2.729 -1 -2.326 -1 -2.744 -1 -3.038 -1 384
-2.891 -1 -2.444 -1 -2.542 -1 -2.882 -1 92
-2.712 -1 -2.288 -1 -2.344 -1 -2.8 -1 45
-2.572 -1 -2.226 -1 -2.292 -1 -2.714 -1 45
-2.503 -1 -2.176 -1 -2.552 -1 -2.932 -1 359
-2.742 -1 -2.322 -1 -2.612 -1 -2.972 -1 215
-2.792 -1 -2.398 -1 -2.728 -1 -3.032 -1 266
-2.88 -1 -2.472 -1 -2.766 -1 -2.986 -1 293
-2.876 -1 -2.452 -1 -2.478 -1 -2.878 -1 24
-2.678 -1 -2.32 -1 -2.706 -1 -3.044 -1 388
-2.875 -1 -2.444 -1 -2.79 -1 -3.07 -1 313
-2.93 -1 -2.502 -1 -2.952 -1 -3.174 -1 423
-3.063 -1 -2.624 -1 -2.704 -1 -2.958 -1 82
-2.831 -1 -2.414 -1 -2.698 -1 -2.986 -1 288
-2.842 -1 -2.43 -1 -2.806 -1 -3.188 -1 415
-2.997 -1 -2.54 -1 -2.648 -1 -2.994 -1 82
-2.821 -1 -2.424 -1 -2.504 -1 -2.926 -1 61
-2.715 -1 -2.386 -1 -2.386 -1 -2.804 -1 0
-2.595 -1 -2.262 -1 -2.626 -1 -2.952 -1 329
-2.789 -1 -2.396 -1 -2.662 -1 -2.964 -1 199
-2.813 -1 -2.412 -1 -2.836 -1 -3.044 -1 403
-2.94 -1 -2.48 -1 -2.81 -1 -3.028 -1 399
-2.919 -1 -2.504 -1 -2.564 -1 -2.878 -1 68
-2.721 -1 -2.374 -1 -2.7 -1 -2.98 -1 317
-2.84 -1 -2.444 -1 -2.54 -1 -2.868 -1 99
-2.704 -1 -2.322 -1 -2.43 -1 -2.9 -1 93
-2.665 -1 -2.296 -1 -2.34 -1 -2.794 -1 35
-2.567 -1 -2.226 -1 -2.624 -1 -2.984 -1 340
-2.804 -1 -2.394 -1 -2.72 -1 -2.974 -1 318
-2.847 -1 -2.408 -1 -2.784 -1 -3.052 -1 294
-2.918 -1 -2.43 -1 -2.922 -1 -3.084 -1 406
-3.003 -1 -2.564 -1 -2.864 -1 -3.146 -1 303
-3.005 -1 -2.596 -1 -2.904 -1 -3.096 -1 393
-3 -1 -2.506 -1 -2.838 -1 -3.186 -1 355
-3.012 -1 -2.556 -1 -2.938 -1 -3.17 -1 443
-3.054 -1 -2.638 -1 -2.806 -1 -3.116 -1 261
-2.961 -1 -2.536 -1 -2.844 -1 -3.09 -1 318
-2.967 -1 -2.546 -1 -2.89 -1 -3.11 -1 409
-3 -1 -2.522 -1 -2.908 -1 -3.088 -1 416
-2.998 -1 -2.55 -1 -2.636 -1 -2.958 -1 85
-2.797 -1 -2.39 -1 -2.616 -1 -3.018 -1 267
-2.817 -1 -2.424 -1 -2.528 -1 -3.032 -1 83
-2.78 -1 -2.418 -1 -2.742 -1 -3.082 -1 319
-2.912 -1 -2.458 -1 -2.614 -1 -3.024 -1 169
-2.819 -1 -2.464 -1 -2.554 -1 -2.922 -1 88
-2.738 -1 -2.326 -1 -2.452 -1 -2.9 -1 86
-2.676 -1 -2.316 -1 -2.688 -1 -3.008 -1 366
-2.848 -1 -2.42 -1 -2.51 -1 -2.904 -1 69
-2.707 -1 -2.278 -1 -2.436 -1 -2.818 -1 96
-2.627 -1 -2.246 -1 -2.528 -1 -2.87 -1 193
-2.699 -1 -2.244 -1 -2.64 -1 -2.936 -1 280
-2.788 -1 -2.342 -1 -2.352 -1 -2.8 -1 14
-2.576 -1 -2.216 -1 -2.508 -1 -2.866 -1 237
-2.687 -1 -2.294 -1 -2.576 -1 -2.928 -1 239
-2.752 -1 -2.328 -1 -2.75 -1 -3.054 -1 361
-2.902 -1 -2.464 -1 -2.75 -1 -3.026 -1 268
-2.888 -1 -2.45 -1 -2.804 -1 -3.022 -1 323
-2.913 -1 -2.474 -1 -2.56 -1 -2.994 -1 67
-2.777 -1 -2.388 -1 -2.862 -1 -3.076 -1 443
-2.969 -1 -2.502 -1 -2.616 -1 -2.976 -1 168
-2.796 -1 -2.394 -1 -2.822 -1 -3.07 -1 425
-2.946 -1 -2.522 -1 -2.852 -1 -3.054 -1 373
-2.953 -1 -2.498 -1 -2.584 -1 -2.944 -1 80
-2.764 -1 -2.376 -1 -2.664 -1 -2.974 -1 291
-2.819 -1 -2.416 -1 -2.756 -1 -3.052 -1 296
-2.904 -1 -2.452 -1 -2.622 -1 -3.006 -1 156
-2.814 -1 -2.436 -1 -2.548 -1 -2.892 -1 86
-2.72 -1 -2.322 -1 -2.672 -1 -2.934 -1 304
-2.803 -1 -2.322 -1 -2.648 -1 -2.916 -1 227
-2.782 -1 -2.388 -1 -2.424 -1 -2.846 -1 27
-2.635 -1 -2.246 -1 -2.702 -1 -3.014 -1 353
-2.858 -1 -2.41 -1 -2.698 -1 -2.992 -1 230
-2.845 -1 -2.418 -1 -2.688 -1 -3.006 -1 313
-2.847 -1 -2.416 -1 -2.442 -1 -2.85 -1 14
-2.646 -1 -2.278 -1 -2.462 -1 -2.9 -1 143
-2.681 -1 -2.316 -1 -2.474 -1 -2.854 -1 89
-2.664 -1 -2.304 -1 -2.496 -1 -2.966 -1 171
-2.731 -1 -2.332 -1 -2.758 -1 -3.002 -1 392
-2.88 -1 -2.482 -1 -2.628 -1 -2.982 -1 171
-2.805 -1 -2.398 -1 -2.584 -1 -2.984 -1 192
-2.784 -1 -2.378 -1 -2.76 -1 -3.03 -1 336
-2.895 -1 -2.48 -1 -2.632 -1 -2.922 -1 131
-2.777 -1 -2.406 -1 -2.674 -1 -3.04 -1 216
-2.857 -1 -2.458 -1 -2.886 -1 -3.13 -1 429
-3.008 -1 -2.53 -1 -2.73 -1 -3.006 -1 209
-2.868 -1 -2.45 -1 -2.672 -1 -2.99 -1 175
-2.831 -1 -2.41 -1 -2.578 -1 -2.932 -1 134
-2.755 -1 -2.326 -1 -2.33 -1 -2.758 -1 4
-2.544 -1 -2.21 -1 -2.344 -1 -2.798 -1 89
-2.571 -1 -2.204 -1 -2.428 -1 -2.864 -1 155
-2.646 -1 -2.25 -1 -2.428 -1 -2.858 -1 186
-2.643 -1 -2.234 -1 -2.476 -1 -2.812 -1 193
-2.644 -1 -2.25 -1 -2.356 -1 -2.84 -1 73
-2.598 -1 -2.236 -1 -2.566 -1 -2.93 -1 298
-2.748 -1 -2.304 -1 -2.736 -1 -3.032 -1 419
-2.884 -1 -2.444 -1 -2.576 -1 -3.014 -1 119
-2.795 -1 -2.412 -1 -2.656 -1 -3.05 -1 229
-2.853 -1 -2.43 -1 -2.572 -1 -2.956 -1 118
-2.764 -1 -2.394 -1 -2.834 -1 -3.066 -1 414
-2.95 -1 -2.512 -1 -2.884 -1 -3.15 -1 354
-3.017 -1 -2.57 -1 -2.862 -1 -3.16 -1 374
-3.011 -1 -2.576 -1 -2.862 -1 -3.132 -1 370
-2.997 -1 -2.534 -1 -2.9 -1 -3.136 -1 438
-3.018 -1 -2.586 -1 -2.874 -1 -3.126 -1 366
-3 -1 -2.57 -1 -3.014 -1 -3.144 -1 445
-3.079 -1 -2.618 -1 -2.974 -1 -3.156 -1 424
-3.065 -1 -2.674 -1 -3.048 -1 -3.226 -1 424
-3.137 -1 -2.666 -1 -2.798 -1 -3.07 -1 107
-2.934 -1 -2.546 -1 -2.826 -1 -3.096 -1 320
-2.961 -1 -2.518 -1 -2.914 -1 -3.176 -1 431
-3.045 -1 -2.552 -1 -2.92 -1 -3.128 -1 444
-3.024 -1 -2.592 -1 -2.824 -1 -3.06 0 263
