9 1000 0.2 1 160 0 0 0 0
-3.671 -1 -3.562 -1 -3.562 -1 -3.546 -1 86
-3.554 -1 -3.398 -1 -3.4 -1 -3.52 -1 38
-3.46 -1 -3.366 -1 -3.382 -1 -3.422 -2 33
-3.402 -1 -3.244 -1 -3.256 -1 -3.43 -1 12
-3.343 -1 -3.196 -1 -3.21 -1 -3.402 -2 12
-3.306 -1 -3.184 -2 -3.224 -2 -3.414 -2 77
-3.319 -2 -3.198 -2 -3.212 -2 -3.41 -1 36
-3.311 -1 -3.226 -1 -3.222 -1 -3.41 -1 8
-3.316 -1 -3.24 -1 -3.288 -1 -3.39 -2 72
-3.339 -1 -3.224 -1 -3.23 -1 -3.38 -1 12
-3.305 -1 -3.176 -1 -3.178 -1 -3.372 -1 38
-3.275 -1 -3.148 -1 -3.216 -1 -3.414 -1 94
-3.315 -1 -3.198 -1 -3.216 -1 -3.404 -1 74
-3.31 -1 -3.18 -1 -3.208 -1 -3.34 -1 68
-3.274 -1 -3.146 -1 -3.208 -1 -3.348 -1 81
-3.278 -1 -3.148 -1 -3.178 -1 -3.368 -1 30
-3.273 -1 -3.162 -1 -3.198 -1 -3.358 -1 84
-3.278 -1 -3.164 -1 -3.166 -1 -3.306 -1 8
-3.236 -1 -3.072 -1 -3.098 -1 -3.286 -1 29
-3.192 -1 -3.04 -1 -3.058 -1 -3.278 -1 74
-3.168 -1 -2.932 -1 -3.002 -1 -3.252 -1 88
-3.127 -1 -3.006 -1 -3.052 -1 -3.262 -1 59
-3.157 -1 -3.052 -1 -3.054 -1 -3.302 -1 19
-3.178 -1 -3.038 -1 -3.038 -1 -3.17 -1 1
-3.104 -1 -2.932 -1 -2.964 -1 -3.152 -1 23
-3.058 -1 -2.92 -1 -2.988 -1 -3.19 -1 78
-3.089 -1 -2.972 -1 -3.05 -1 -3.224 -1 95
-3.137 -1 -3.004 -1 -3.052 -1 -3.248 -1 72
-3.15 -1 -3.034 -1 -3.028 -1 -3.172 -1 17
-3.1 -1 -2.998 -1 -2.998 -1 -3.21 -1 7
-3.104 -1 -2.982 -1 -3.014 -1 -3.202 -1 57
-3.108 -1 -2.932 -1 -2.996 -1 -3.202 -1 82
-3.099 -1 -2.934 -1 -2.978 -1 -3.136 -1 96
-3.057 -1 -2.932 -1 -2.932 -1 -3.17 -1 0
-3.051 -1 -2.902 -1 -2.934 -1 -3.184 -1 75
-3.059 -1 -2.896 -1 -2.92 -1 -3.126 -1 16
-3.023 -1 -2.926 -1 -3.028 -1 -3.192 -1 93
-3.11 -1 -2.98 -1 -3.012 -1 -3.202 -1 23
-3.107 -1 -2.976 -1 -3.042 -1 -3.234 -1 93
-3.138 -1 -2.95 -1 -2.984 -1 -3.214 -1 32
-3.099 -1 -2.96 -1 -3 -1 -3.246 -1 86
-3.123 -1 -3.016 -1 -3.044 -1 -3.182 -1 62
-3.113 -1 -2.992 -1 -2.998 -1 -3.272 -1 8
-3.135 -1 -2.936 -1 -2.992 -1 -3.18 -1 97
-3.086 -1 -2.982 -1 -2.99 -1 -3.204 -1 4
-3.097 -1 -2.984 -1 -3.094 -1 -3.216 -1 92
-3.155 -1 -3.02 -1 -3.05 -1 -3.28 -1 50
-3.165 -1 -3.058 -1 -3.104 -1 -3.254 -1 69
-3.179 -1 -3.062 -1 -3.094 -1 -3.29 -1 53
-3.192 -1 -3.056 -1 -3.108 -1 -3.242 -1 77
-3.175 -1 -3.036 -1 -3.068 -1 -3.274 -1 41
-3.171 -1 -3.032 -1 -3.026 -1 -3.208 -1 14
-3.117 -1 -2.968 -1 -3.046 -1 -3.242 -1 86
-3.144 -1 -3.01 -1 -3.04 -1 -3.196 -1 92
-3.118 -1 -3.022 -1 -3.026 -1 -3.236 -1 34
-3.131 -1 -2.992 -1 -3.062 -1 -3.228 -1 84
-3.145 -1 -3.032 -1 -3.06 -1 -3.198 -1 30
-3.129 -1 -3.034 -1 -3.078 -1 -3.256 -1 90
-3.167 -1 -3.042 -1 -3.054 -1 -3.25 -1 17
-3.152 -1 -3.044 -1 -3.048 -1 -3.206 -1 15
-3.127 -1 -2.992 -1 -3.054 -1 -3.28 -1 82
-3.167 -1 -3.034 -1 -3.07 -1 -3.214 -1 47
-3.142 -1 -3.014 -1 -3.08 -1 -3.244 -1 99
-3.162 -1 -3.024 -1 -3.024 -1 -3.22 -1 0
-3.122 -1 -2.964 -1 -2.974 -1 -3.138 -1 13
-3.056 -1 -2.958 -1 -3.02 -1 -3.202 -1 68
-3.111 -1 -2.966 -1 -3.018 -1 -3.264 -1 39
-3.141 -1 -3.056 -1 -3.076 -1 -3.218 -1 52
-3.147 -1 -3.024 -1 -3.026 -1 -3.258 -1 6
-3.142 -1 -2.994 -1 -3.032 -1 -3.25 -1 89
-3.141 -1 -3.03 -1 -3.036 -1 -3.236 -1 11
-3.136 -1 -3.014 -1 -3.078 -1 -3.234 -1 65
-3.156 -1 -3.04 -1 -3.064 -1 -3.252 -1 22
-3.158 -1 -3.038 -1 -3.048 -1 -3.25 -1 35
-3.149 -1 -3.032 -1 -3.068 -1 -3.214 -1 31
-3.141 -1 -3.006 -1 -3.034 -1 -3.166 -1 44
-3.1 -1 -2.976 -1 -3.054 -1 -3.304 -1 85
-3.179 -1 -3.006 -1 -3.076 -1 -3.29 -1 90
-3.183 -1 -3.03 -1 -3.116 -1 -3.298 -1 95
-3.207 -1 -3.08 -1 -3.098 -1 -3.284 -1 15
-3.191 -1 -3.042 -1 -3.088 -1 -3.186 -1 58
-3.137 -1 -3.024 -1 -3.082 -1 -3.192 -1 66
-3.137 -1 -2.994 -1 -3.06 -1 -3.256 -1 84
-3.158 -1 -3.006 -1 -3.064 -1 -3.252 -1 67
-3.158 -1 -3.018 -1 -3.046 -1 -3.176 -1 58
-3.111 -1 -2.942 -1 -2.944 -1 -3.082 -1 7
-3.013 -1 -2.888 -1 -2.964 -1 -3.202 -1 68
-3.083 -1 -2.916 -1 -2.956 -1 -3.188 -1 46
-3.072 -1 -2.938 -1 -3.036 -1 -3.192 -1 93
-3.114 -1 -2.982 -1 -3.066 -1 -3.216 -1 80
-3.141 -1 -2.986 -1 -2.998 -1 -3.228 -1 25
-3.113 -1 -2.986 -1 -3.056 -1 -3.234 -1 43
-3.145 -1 -2.988 -1 -2.996 -1 -3.234 -1 2
-3.115 -1 -2.974 -1 -3.016 -1 -3.202 -1 53
-3.109 -1 -2.922 -1 -3.01 -1 -3.236 -1 87
-3.123 -1 -3.02 -1 -3.05 -1 -3.212 -1 26
-3.131 -1 -3.01 -1 -3.01 -1 -3.184 -1 1
-3.097 -1 -2.926 -1 -2.95 -1 -3.232 -1 21
-3.091 -1 -2.934 -1 -2.946 -1 -3.138 -1 56
-3.042 -1 -2.896 -1 -2.952 -1 -3.118 -1 81
-3.035 -1 -2.928 -1 -2.942 -1 -3.258 -1 37
-3.1 -1 -2.958 -1 -2.972 -1 -3.206 -1 8
-3.089 -1 -2.954 -1 -2.994 -1 -3.23 -1 38
-3.112 -1 -3.016 -1 -3.054 -1 -3.17 -1 33
-3.112 -1 -2.97 -1 -3.004 -1 -3.182 -1 78
-3.093 -1 -2.996 -1 -3.054 -1 -3.192 -1 89
-3.123 -1 -3 -1 -3.022 -1 -3.228 -1 42
-3.125 -1 -2.988 -1 -3.034 -1 -3.228 -1 56
-3.131 -1 -3.044 -1 -3.078 -1 -3.278 -1 47
-3.178 -1 -3.056 -1 -3.072 -1 -3.254 -1 20
-3.163 -1 -3.044 -1 -3.1 -1 -3.254 -1 84
-3.177 -1 -3.02 -1 -3.06 -1 -3.276 -1 74
-3.168 -1 -3.04 -1 -3.072 -1 -3.178 -1 57
-3.125 -1 -2.996 -1 -2.998 -1 -3.178 -1 7
-3.088 -1 -2.946 -1 -2.964 -1 -3.172 -1 47
-3.068 -1 -2.948 -1 -3.012 -1 -3.206 -1 78
-3.109 -1 -2.938 -1 -2.938 -1 -3.176 -1 8
-3.057 -1 -2.902 -1 -2.978 -1 -3.162 -1 88
-3.07 -1 -2.962 -1 -2.996 -1 -3.178 -1 37
-3.087 -1 -2.982 -1 -2.998 -1 -3.232 -1 58
-3.115 -1 -3.006 -1 -3.052 -1 -3.288 -1 44
-3.17 -1 -3.03 -1 -3.022 -1 -3.17 -1 3
-3.096 -1 -3 -1 -3.044 -1 -3.266 -1 62
-3.155 -1 -3.018 -1 -3.068 -1 -3.244 -1 81
-3.156 -1 -3.042 -1 -3.12 -1 -3.228 -1 95
-3.174 -1 -3.024 -1 -3.03 -1 -3.206 -1 40
-3.118 -1 -3.016 -1 -3.056 -1 -3.192 -1 69
-3.124 -1 -3.022 -1 -3.054 -1 -3.2 -1 78
-3.127 -1 -2.96 -1 -2.966 -1 -3.18 -1 5
-3.073 -1 -2.962 -1 -2.98 -1 -3.194 -1 33
-3.087 -1 -2.946 -1 -2.956 -1 -3.118 -1 7
-3.037 -1 -2.96 -1 -3.024 -1 -3.212 -1 97
-3.118 -1 -2.954 -1 -2.962 -1 -3.188 -1 21
-3.075 -1 -2.942 -1 -3.014 -1 -3.228 -1 64
-3.121 -1 -3.046 -1 -3.07 -1 -3.28 -1 56
-3.175 -1 -3.05 -1 -3.072 -1 -3.216 -1 16
-3.144 -1 -3.006 -1 -3.024 -1 -3.21 -1 20
-3.117 -1 -2.996 -1 -3.028 -1 -3.252 -1 45
-3.14 -1 -3.024 -1 -3.084 -1 -3.244 -1 86
-3.164 -1 -3.054 -1 -3.062 -1 -3.25 -1 21
-3.156 -1 -3.018 -1 -3.066 -1 -3.212 -1 33
-3.139 -1 -2.968 -1 -2.99 -1 -3.18 -1 20
-3.085 -1 -2.988 -1 -2.998 -1 -3.22 -2 41
-3.109 -1 -3.008 -1 -3.022 -1 -3.188 -1 16
-3.105 -1 -2.96 -1 -2.966 -1 -3.154 -1 5
-3.06 -1 -2.926 -1 -3.01 -1 -3.206 -1 78
-3.108 -1 -2.976 -1 -2.998 -1 -3.25 -1 27
-3.124 -1 -3.036 -1 -3.042 -1 -3.238 -1 17
-3.14 -1 -2.968 -1 -3.032 -1 -3.282 -1 98
-3.157 -1 -3.018 -1 -3.026 -1 -3.25 -1 9
-3.138 -1 -2.988 -1 -3.01 -1 -3.268 -2 54
-3.139 -1 -2.994 -1 -3.03 -1 -3.146 -1 40
-3.088 -1 -2.96 -1 -2.972 -1 -3.252 -1 50
-3.112 -1 -3.008 -1 -3.07 -1 -3.154 -1 86
-3.112 -1 -2.976 -1 -3.004 -1 -3.178 -1 22
-3.091 -1 -2.952 -1 -2.948 -1 -3.168 -1 32
-3.058 -1 -2.95 -1 -3.012 -1 -3.26 -1 57
-3.136 -1 -2.994 -1 -3.004 -1 -3.174 -1 5
-3.089 -1 -2.938 -1 -2.968 -1 -3.22 -2 53
-3.094 -1 -2.968 -1 -2.974 -1 -3.16 0 18
