9 1000 0.6 4 111 0 0 0 0
-3.615 -1 -3.184 -1 -3.342 -1 -3.42 -2 247
-3.381 -1 -3.004 -1 -3.108 -1 -3.358 -1 141
-3.233 -1 -2.904 -1 -3.052 -1 -3.266 -1 211
-3.159 -1 -2.822 -1 -2.908 -1 -3.21 -1 125
-3.059 -1 -2.722 -1 -2.8 -1 -3.094 -1 80
-2.947 -1 -2.62 -1 -2.766 -1 -3.108 -1 144
-2.937 -1 -2.63 -1 -2.878 -1 -3.22 -1 218
-3.049 -1 -2.67 -1 -2.914 -1 -3.18 -1 229
-3.047 -1 -2.694 -1 -2.794 -1 -3.094 -1 118
-2.944 -1 -2.6 -1 -2.892 -1 -3.166 -1 279
-3.029 -1 -2.656 -1 -2.746 -1 -3.146 -1 96
-2.946 -1 -2.584 -1 -2.76 -1 -3.152 -1 178
-2.956 -1 -2.588 -1 -2.862 -1 -3.228 -1 260
-3.045 -1 -2.694 -1 -2.798 -1 -3.098 -1 102
-2.948 -1 -2.612 -1 -2.908 -1 -3.26 -1 249
-3.084 -1 -2.756 -1 -2.848 -1 -3.142 -1 116
-2.995 -1 -2.638 -1 -2.674 -1 -3.06 -1 44
-2.867 -1 -2.548 -1 -2.714 -1 -3.034 -1 138
-2.874 -1 -2.532 -1 -2.534 -1 -2.934 -1 4
-2.734 -1 -2.43 -1 -2.732 -1 -3.066 -1 204
-2.899 -1 -2.546 -1 -2.79 -1 -3.044 -1 200
-2.917 -1 -2.586 -1 -2.808 -1 -3.158 -1 252
-2.983 -1 -2.62 -1 -2.762 -1 -3.08 -1 133
-2.921 -1 -2.58 -1 -2.784 -1 -3.046 -1 180
-2.915 -1 -2.616 -1 -2.916 -1 -3.156 -1 256
-3.036 -1 -2.688 -1 -2.954 -1 -3.204 -1 271
-3.079 -1 -2.684 -1 -2.854 -1 -3.166 -1 201
-3.01 -1 -2.646 -1 -2.802 -1 -3.094 -1 165
-2.948 -1 -2.584 -1 -2.628 -1 -3.046 -1 36
-2.837 -1 -2.544 -1 -2.808 -1 -3.216 -1 238
-3.012 -1 -2.652 -1 -2.882 -1 -3.182 -1 235
-3.032 -1 -2.64 -1 -2.958 -1 -3.23 -1 267
-3.094 -1 -2.738 -1 -2.798 -1 -3.076 -1 54
-2.937 -1 -2.584 -1 -2.718 -1 -3.13 -1 125
-2.924 -1 -2.59 -1 -2.714 -1 -3.12 -1 106
-2.917 -1 -2.596 -1 -2.66 -1 -2.976 -1 48
-2.818 -1 -2.51 -1 -2.776 -1 -3.078 -1 198
-2.927 -1 -2.61 -1 -2.854 -1 -3.194 -1 251
-3.024 -1 -2.652 -1 -2.72 -1 -3.118 -1 78
-2.919 -1 -2.62 -1 -2.696 -1 -3.094 -1 66
-2.895 -1 -2.58 -1 -2.758 -1 -3.124 -1 181
-2.941 -1 -2.614 -1 -2.638 -1 -2.912 -1 9
-2.775 -1 -2.436 -1 -2.712 -1 -3.088 -1 217
-2.9 -1 -2.53 -1 -2.624 -1 -3.048 -1 72
-2.836 -1 -2.556 -1 -2.846 -1 -3.104 -1 267
-2.975 -1 -2.608 -1 -2.672 -1 -3.096 -1 67
-2.884 -1 -2.566 -1 -2.826 -1 -3.082 -1 225
-2.954 -1 -2.62 -1 -2.638 -1 -3.03 -1 9
-2.834 -1 -2.498 -1 -2.64 -1 -2.978 -1 104
-2.809 -1 -2.508 -1 -2.556 -1 -2.95 -1 23
-2.753 -1 -2.434 -1 -2.494 -1 -2.996 -1 41
-2.745 -1 -2.452 -1 -2.53 -1 -2.904 -1 67
-2.717 -1 -2.404 -1 -2.624 -1 -3.014 -1 144
-2.819 -1 -2.464 -1 -2.676 -1 -3.03 -1 151
-2.853 -1 -2.532 -1 -2.698 -1 -3.004 -1 124
-2.851 -1 -2.538 -1 -2.65 -1 -3.01 -1 75
-2.83 -1 -2.492 -1 -2.696 -1 -3.116 -1 227
-2.906 -1 -2.558 -1 -2.774 -1 -3.098 -1 202
-2.936 -1 -2.59 -1 -2.846 -1 -3.16 -1 251
-3.003 -1 -2.65 -1 -2.822 -1 -3.098 -1 131
-2.96 -1 -2.578 -1 -2.7 -1 -3.076 -1 93
-2.888 -1 -2.552 -1 -2.862 -1 -3.102 -1 275
-2.982 -1 -2.656 -1 -2.71 -1 -3.022 -1 28
-2.866 -1 -2.506 -1 -2.618 -1 -3.054 -1 91
-2.836 -1 -2.498 -1 -2.57 -1 -3.01 -1 32
-2.79 -1 -2.506 -1 -2.78 -1 -3 -1 191
-2.89 -1 -2.558 -1 -2.756 -1 -3.078 -1 211
-2.917 -1 -2.576 -1 -2.686 -1 -3.028 -1 95
-2.857 -1 -2.502 -1 -2.586 -1 -2.962 -1 68
-2.774 -1 -2.446 -1 -2.602 -1 -2.954 -1 137
-2.778 -1 -2.44 -1 -2.566 -1 -3.01 -1 83
-2.788 -1 -2.442 -1 -2.69 -1 -3.114 -1 176
-2.902 -1 -2.548 -1 -2.682 -1 -3.08 -1 120
-2.881 -1 -2.522 -1 -2.612 -1 -2.986 -1 72
-2.799 -1 -2.49 -1 -2.694 -1 -3.07 -1 186
-2.882 -1 -2.568 -1 -2.778 -1 -3.104 -1 203
-2.941 -1 -2.592 -1 -2.802 -1 -3.172 -1 235
-2.987 -1 -2.624 -1 -2.626 -1 -2.978 -1 8
-2.802 -1 -2.52 -1 -2.6 -1 -2.96 -1 93
-2.78 -1 -2.456 -1 -2.636 -1 -3.072 -1 158
-2.854 -1 -2.566 -1 -2.776 -1 -3.146 -1 241
-2.961 -1 -2.632 -1 -2.888 -1 -3.174 -1 232
-3.031 -1 -2.65 -1 -2.814 -1 -3.12 -1 116
-2.967 -1 -2.61 -1 -2.742 -1 -3.108 -1 137
-2.925 -1 -2.57 -1 -2.656 -1 -3.036 -1 87
-2.846 -1 -2.568 -1 -2.666 -1 -3.044 -1 86
-2.855 -1 -2.492 -1 -2.512 -1 -2.96 -1 11
-2.736 -1 -2.426 -1 -2.612 -1 -3.024 -1 138
-2.818 -1 -2.528 -1 -2.764 -1 -3.114 -1 195
-2.939 -1 -2.602 -1 -2.694 -1 -2.976 -1 89
-2.835 -1 -2.544 -1 -2.89 -1 -3.168 -1 282
-3.029 -1 -2.608 -1 -2.886 -1 -3.138 -1 286
-3.012 -1 -2.696 -1 -2.7 -1 -2.976 -1 2
-2.838 -1 -2.52 -1 -2.784 -1 -3.096 -1 208
-2.94 -1 -2.57 -1 -2.884 -1 -3.178 -1 294
-3.031 -1 -2.656 -1 -2.938 -1 -3.192 -1 252
-3.065 -1 -2.684 -1 -2.818 -1 -3.122 -1 133
-2.97 -1 -2.644 -1 -2.822 -1 -3.16 -1 143
-2.991 -1 -2.652 -1 -2.67 -1 -3.036 -1 5
-2.853 -1 -2.49 -1 -2.498 -1 -2.954 -1 10
-2.726 -1 -2.45 -1 -2.748 -1 -3.088 -1 279
-2.918 -1 -2.542 -1 -2.82 -1 -3.156 -1 259
-2.988 -1 -2.644 -1 -2.73 -1 -3.12 -1 102
-2.925 -1 -2.628 -1 -2.698 -1 -2.992 -1 66
-2.845 -1 -2.516 -1 -2.802 -1 -3.16 -1 281
-2.981 -1 -2.592 -1 -2.846 -1 -3.174 -1 230
-3.01 -1 -2.614 -1 -2.928 -1 -3.138 -1 253
-3.033 -1 -2.668 -1 -2.916 -1 -3.108 -1 251
-3.012 -1 -2.632 -1 -2.818 -1 -3.108 -1 172
-2.963 -1 -2.618 -1 -2.862 -1 -3.146 -1 257
-3.004 -1 -2.622 -1 -2.838 -1 -3.106 0 210
