6 1000 0.3 1 43 0 0 0 0
-3.028 -1 -2.922 -1 -2.934 -1 -2.964 -1 69
-2.949 -1 -2.778 -1 -2.81 -1 -2.916 -1 78
-2.863 -1 -2.722 -1 -2.764 -1 -2.87 -1 59
-2.817 -1 -2.678 -1 -2.696 -1 -2.794 -1 43
-2.745 -1 -2.66 -1 -2.68 -1 -2.868 -1 26
-2.774 -1 -2.622 -1 -2.674 -1 -2.844 -1 99
-2.759 -1 -2.604 -1 -2.636 -1 -2.846 -1 133
-2.741 -1 -2.62 -1 -2.688 -1 -2.764 -1 124
-2.726 -1 -2.63 -1 -2.662 -1 -2.778 -1 33
-2.72 -1 -2.566 -1 -2.664 -1 -2.822 -1 148
-2.743 -1 -2.598 -1 -2.624 -1 -2.774 -1 54
-2.699 -1 -2.566 -1 -2.58 -1 -2.814 -1 55
-2.697 -1 -2.542 -1 -2.588 -1 -2.762 -1 66
-2.675 -1 -2.578 -1 -2.59 -1 -2.732 -1 23
-2.661 -1 -2.54 -1 -2.54 -1 -2.764 -1 11
-2.652 -1 -2.522 -1 -2.596 -1 -2.746 -1 149
-2.671 -1 -2.528 -1 -2.592 -1 -2.71 -1 148
-2.651 -1 -2.528 -1 -2.564 -1 -2.732 -1 51
-2.648 -1 -2.496 -1 -2.53 -1 -2.718 -1 109
-2.624 -1 -2.494 -1 -2.544 -1 -2.738 -1 93
-2.641 -1 -2.528 -1 -2.556 -1 -2.768 -1 42
-2.662 -1 -2.558 -1 -2.578 -1 -2.712 -1 39
-2.645 -1 -2.536 -1 -2.556 -1 -2.662 -1 23
-2.609 -1 -2.476 -1 -2.544 -1 -2.7 -1 81
-2.622 -1 -2.492 -1 -2.582 -1 -2.744 -1 120
-2.663 -1 -2.502 -1 -2.552 -1 -2.836 -1 117
-2.694 -1 -2.558 -1 -2.598 -1 -2.738 -1 79
-2.668 -1 -2.506 -1 -2.554 -1 -2.72 -1 134
-2.637 -1 -2.494 -1 -2.53 -1 -2.716 -1 48
-2.623 -1 -2.51 -1 -2.578 -1 -2.754 -1 113
-2.666 -1 -2.52 -1 -2.52 -1 -2.73 -1 0
-2.625 -1 -2.49 -1 -2.542 -1 -2.74 -1 72
-2.641 -1 -2.542 -1 -2.6 -1 -2.698 -1 106
-2.649 -1 -2.474 -1 -2.486 -1 -2.686 -1 24
-2.586 -1 -2.458 -1 -2.506 -1 -2.604 -1 39
-2.555 -1 -2.376 -1 -2.436 -1 -2.712 -1 88
-2.574 -1 -2.4 -1 -2.44 -1 -2.642 -1 42
-2.541 -1 -2.422 -1 -2.434 -1 -2.654 -1 22
-2.544 -1 -2.36 -1 -2.426 -1 -2.656 -1 45
-2.541 -1 -2.372 -1 -2.444 -1 -2.708 -1 139
-2.576 -1 -2.498 -1 -2.552 -1 -2.754 -1 80
-2.653 -1 -2.49 -1 -2.502 -1 -2.694 -1 28
-2.598 -1 -2.42 -1 -2.504 -1 -2.69 0 130
