10 1000 0.4 6 549 0 0 0 0
-3.828 -2 -3.404 -2 -3.416 -2 -3.524 -2 126
-3.47 -2 -3.038 -2 -3.058 -2 -3.368 -1 14
-3.213 -1 -2.832 -1 -2.908 -1 -3.292 -1 103
-3.1 -1 -2.732 -1 -2.848 -1 -3.258 -1 86
-3.053 -1 -2.692 -1 -2.878 -1 -3.228 -1 165
-3.053 -1 -2.674 -1 -2.838 -1 -3.208 -1 126
-3.023 -1 -2.68 -1 -2.898 -1 -3.34 -2 173
-3.119 -1 -2.668 -1 -2.672 -1 -3.1 -1 2
-2.886 -1 -2.548 -1 -2.818 -1 -3.222 -1 199
-3.02 -1 -2.636 -1 -2.702 -1 -3.192 -1 54
-2.947 -1 -2.548 -1 -2.572 -1 -3.096 -2 14
-2.834 -1 -2.498 -1 -2.536 -1 -3.046 -1 24
-2.791 -1 -2.458 -1 -2.572 -1 -3.054 -1 67
-2.813 -1 -2.478 -1 -2.682 -1 -3.11 -1 138
-2.896 -1 -2.488 -1 -2.534 -1 -3.088 -1 29
-2.811 -1 -2.464 -1 -2.48 -1 -3.054 -1 10
-2.767 -1 -2.428 -1 -2.708 -1 -3.088 -1 165
-2.898 -1 -2.512 -1 -2.546 -1 -3.03 -1 36
-2.788 -1 -2.434 -1 -2.708 -1 -3.204 -1 154
-2.956 -1 -2.538 -1 -2.668 -1 -3.036 -1 122
-2.852 -1 -2.474 -1 -2.618 -1 -3.056 -1 142
-2.837 -1 -2.462 -1 -2.606 -1 -3.054 -1 99
-2.83 -1 -2.472 -1 -2.606 -1 -3.042 -1 84
-2.824 -1 -2.44 -1 -2.614 -1 -3.11 -1 113
-2.862 -1 -2.46 -1 -2.724 -1 -3.094 -1 190
-2.909 -1 -2.488 -1 -2.548 -1 -3.05 -1 37
-2.799 -1 -2.422 -1 -2.67 -1 -3.118 -1 161
-2.894 -1 -2.506 -1 -2.578 -1 -2.982 -1 53
-2.78 -1 -2.428 -1 -2.676 -1 -3.124 -1 176
-2.9 -1 -2.494 -1 -2.754 -1 -3.154 -1 196
-2.954 -1 -2.566 -1 -2.694 -1 -3.03 -1 87
-2.862 -1 -2.484 -1 -2.71 -1 -3.19 -1 191
-2.95 -1 -2.57 -1 -2.574 -1 -2.948 -1 5
-2.761 -1 -2.412 -1 -2.65 -1 -3.072 -1 194
-2.861 -1 -2.458 -1 -2.464 -1 -2.9 -1 5
-2.682 -1 -2.342 -1 -2.516 -1 -2.928 -1 118
-2.722 -1 -2.346 -1 -2.398 -1 -2.912 -1 39
-2.655 -1 -2.356 -1 -2.526 -1 -2.948 -1 80
-2.737 -1 -2.39 -1 -2.448 -1 -2.96 -1 44
-2.704 -1 -2.332 -1 -2.37 -1 -2.83 -1 24
-2.6 -1 -2.252 -1 -2.38 -1 -2.924 -1 77
-2.652 -1 -2.354 -1 -2.68 -1 -3.048 -1 197
-2.864 -1 -2.448 -1 -2.61 -1 -3.072 -1 108
-2.841 -1 -2.45 -1 -2.48 -1 -2.942 -1 17
-2.711 -1 -2.324 -1 -2.55 -1 -3.024 -1 140
-2.787 -1 -2.4 -1 -2.6 -1 -3.096 -1 152
-2.848 -1 -2.46 -1 -2.516 -1 -2.986 -1 47
-2.751 -1 -2.418 -1 -2.7 -1 -3.098 -1 192
-2.899 -1 -2.524 -1 -2.532 -1 -2.926 -1 12
-2.729 -1 -2.368 -1 -2.492 -1 -2.984 -1 86
-2.738 -1 -2.364 -1 -2.504 -1 -2.94 -1 74
-2.722 -1 -2.346 -1 -2.382 -1 -2.83 -1 22
-2.606 -1 -2.266 -1 -2.418 -1 -2.876 -1 84
-2.647 -1 -2.29 -1 -2.476 -1 -2.936 -1 93
-2.706 -1 -2.266 -1 -2.38 -1 -2.916 -1 40
-2.648 -1 -2.294 -1 -2.518 -1 -2.85 -1 125
-2.684 -1 -2.272 -1 -2.334 -1 -2.868 -1 26
-2.601 -1 -2.252 -1 -2.262 -1 -2.762 -1 8
-2.512 -1 -2.196 -1 -2.252 -1 -2.8 -1 24
-2.526 -1 -2.192 -1 -2.348 -1 -2.846 -1 74
-2.597 -1 -2.284 -1 -2.59 -1 -2.994 -1 182
-2.792 -1 -2.358 -1 -2.422 -1 -2.872 -1 30
-2.647 -1 -2.276 -1 -2.57 -1 -2.976 -1 172
-2.773 -1 -2.324 -1 -2.614 -1 -2.992 -1 165
-2.803 -1 -2.384 -1 -2.584 -1 -2.932 -1 130
-2.758 -1 -2.364 -1 -2.378 -1 -2.756 -1 12
-2.567 -1 -2.26 -1 -2.386 -1 -2.814 -1 64
-2.6 -1 -2.236 -1 -2.424 -1 -2.906 -1 92
-2.665 -1 -2.322 -1 -2.324 -1 -2.858 -1 4
-2.591 -1 -2.248 -1 -2.572 -1 -2.984 -1 186
-2.778 -1 -2.372 -1 -2.58 -1 -2.956 -1 120
-2.768 -1 -2.332 -1 -2.544 -1 -2.914 -1 140
-2.729 -1 -2.272 -1 -2.504 -1 -2.872 -1 137
-2.688 -1 -2.32 -1 -2.352 -1 -2.858 -1 15
-2.605 -1 -2.26 -1 -2.55 -1 -2.924 -1 171
-2.737 -1 -2.338 -1 -2.622 -1 -3.074 -1 196
-2.848 -1 -2.462 -1 -2.694 -1 -3.01 -1 170
-2.852 -1 -2.464 -1 -2.774 -1 -3.15 -1 190
-2.962 -1 -2.562 -1 -2.67 -1 -3.002 -1 63
-2.836 -1 -2.442 -1 -2.632 -1 -2.956 -1 89
-2.794 -1 -2.386 -1 -2.482 -1 -2.966 -1 58
-2.724 -1 -2.36 -1 -2.614 -1 -2.972 -1 184
-2.793 -1 -2.376 -1 -2.45 -1 -2.89 -1 44
-2.67 -1 -2.346 -1 -2.366 -1 -2.818 -1 5
-2.592 -1 -2.252 -1 -2.272 -1 -2.72 -1 11
-2.496 -1 -2.192 -1 -2.258 -1 -2.778 -1 26
-2.518 -1 -2.176 -1 -2.302 -1 -2.808 -1 74
-2.555 -1 -2.206 -1 -2.334 -1 -2.768 -1 63
-2.551 -1 -2.182 -1 -2.202 -1 -2.694 -1 10
-2.448 -1 -2.096 -1 -2.136 -1 -2.556 -1 20
-2.346 -1 -2.008 -1 -2.136 -1 -2.574 -1 55
-2.355 -1 -1.992 -1 -2.14 -1 -2.568 -1 74
-2.354 -1 -1.97 -1 -2.334 -1 -2.714 -1 188
-2.524 -1 -2.07 -1 -2.172 -1 -2.628 -1 65
-2.4 -1 -2 -1 -2.224 -1 -2.66 -1 98
-2.442 -1 -2.06 -1 -2.236 -1 -2.676 -1 76
-2.456 -1 -2.07 -1 -2.214 -1 -2.608 -1 95
-2.411 -1 -2.054 -1 -2.072 -1 -2.512 -1 12
-2.292 -1 -1.946 -1 -2.244 -1 -2.574 -1 167
-2.409 -1 -2.014 -1 -2.314 -1 -2.648 -1 131
-2.481 -1 -2.012 -1 -2.122 -1 -2.504 -1 61
-2.313 -1 -1.928 -1 -2.21 -1 -2.594 -1 134
-2.402 -1 -1.996 -1 -2.308 -1 -2.656 -1 157
-2.482 -1 -2.024 -1 -2.348 -1 -2.65 -1 161
-2.499 -1 -2.07 -1 -2.382 -1 -2.714 -1 191
-2.548 -1 -2.094 -1 -2.13 -1 -2.488 -1 24
-2.309 -1 -1.92 -1 -2.31 -1 -2.74 -1 196
-2.525 -1 -2.074 -1 -2.334 -1 -2.662 -1 131
-2.498 -1 -2.044 -1 -2.076 -1 -2.436 -1 17
-2.256 -1 -1.87 -1 -2.162 -1 -2.508 -1 144
-2.335 -1 -1.902 -1 -1.994 -1 -2.354 -1 58
-2.174 -1 -1.79 -1 -1.894 -1 -2.286 -1 32
-2.09 -1 -1.698 -1 -1.698 -1 -2.05 -1 3
-1.874 -1 -1.58 -1 -1.966 -1 -2.32 -1 147
-2.143 -1 -1.672 -1 -2.028 -1 -2.388 -1 144
-2.208 -1 -1.734 -1 -1.764 -1 -2.076 -1 16
-1.92 -1 -1.534 -1 -1.894 -1 -2.238 -1 141
-2.066 -1 -1.616 -1 -2.048 -1 -2.348 -1 165
-2.198 -1 -1.668 -1 -1.736 -1 -1.974 -1 26
-1.855 -1 -1.452 -1 -1.826 -1 -2.086 -1 169
-1.956 -1 -1.478 -1 -1.516 -1 -1.81 -1 16
-1.663 -1 -1.364 -1 -1.882 -1 -2.144 -1 193
-2.013 -1 -1.548 -1 -1.922 -1 -2.128 -1 138
-2.025 -1 -1.578 -1 -1.83 -1 -2.042 -1 94
-1.936 -1 -1.5 -1 -1.578 -1 -1.788 -1 25
-1.683 -1 -1.35 -1 -1.83 -1 -2.074 -1 156
-1.952 -1 -1.452 -1 -1.836 -1 -2.046 -1 139
-1.941 -1 -1.49 -1 -1.814 -1 -2.05 -1 126
-1.932 -1 -1.52 -1 -1.698 -1 -1.958 -1 70
-1.828 -1 -1.414 -1 -1.574 -1 -1.844 -1 53
-1.709 -1 -1.364 -1 -1.594 -1 -1.826 -1 77
-1.71 -1 -1.346 -1 -1.802 -1 -1.98 -1 156
-1.891 -1 -1.424 -1 -1.524 -1 -1.712 -1 41
-1.618 -1 -1.286 -1 -1.592 -1 -1.862 -1 101
-1.727 -1 -1.334 -1 -1.594 -1 -1.798 -1 89
-1.696 -1 -1.294 -1 -1.714 -1 -1.922 -1 150
-1.818 -1 -1.374 -1 -1.416 -1 -1.606 -1 16
-1.511 -1 -1.172 -1 -1.378 -1 -1.566 -1 67
-1.472 -1 -1.168 -1 -1.322 -1 -1.47 -1 48
-1.396 -1 -1.144 -1 -1.38 -1 -1.512 -1 79
-1.446 -1 -1.164 -1 -1.38 -1 -1.588 -1 62
-1.484 -1 -1.186 -1 -1.36 -1 -1.498 -1 53
-1.429 -1 -1.162 -1 -1.53 -1 -1.71 -1 130
-1.62 -1 -1.248 -1 -1.476 -1 -1.71 -1 78
-1.593 -1 -1.256 -1 -1.624 -1 -1.792 -1 108
-1.708 -1 -1.306 -1 -1.698 -1 -1.906 -1 143
-1.802 -1 -1.36 -1 -1.67 -1 -1.852 -1 116
-1.761 -1 -1.314 -1 -1.722 -1 -1.942 -1 149
-1.832 -1 -1.39 -1 -1.744 -1 -1.982 -1 146
-1.863 -1 -1.42 -1 -1.874 -1 -2.068 -1 180
-1.971 -1 -1.47 -1 -1.852 -1 -2.072 -1 138
-1.962 -1 -1.512 -1 -1.94 -1 -2.192 -1 160
-2.066 -1 -1.574 -1 -1.618 -1 -1.804 -1 12
-1.711 -1 -1.334 -1 -1.47 -1 -1.624 -1 47
-1.547 -1 -1.224 -1 -1.484 -1 -1.68 -1 73
-1.582 -1 -1.206 -1 -1.718 -1 -1.928 -1 186
-1.823 -1 -1.38 -1 -1.502 -1 -1.7 -1 37
-1.601 -1 -1.282 -1 -1.72 -1 -1.946 -1 163
-1.833 -1 -1.366 -1 -1.59 -1 -1.772 -1 86
-1.681 -1 -1.328 -1 -1.41 -1 -1.542 -1 30
-1.476 -1 -1.182 -1 -1.688 -1 -1.874 -1 165
-1.781 -1 -1.378 -1 -1.75 -1 -1.918 -1 124
-1.834 -1 -1.42 -1 -1.842 -1 -2.114 -1 181
-1.978 -1 -1.47 -1 -1.956 -1 -2.142 -1 170
-2.049 -1 -1.558 -1 -1.95 -1 -2.186 -1 167
-2.068 -1 -1.544 -1 -1.676 -1 -1.904 -1 57
-1.79 -1 -1.42 -1 -1.558 -1 -1.752 -1 48
-1.655 -1 -1.31 -1 -1.662 -1 -1.866 -1 118
-1.764 -1 -1.364 -1 -1.872 -1 -2.088 -1 199
-1.98 -1 -1.504 -1 -1.734 -1 -1.954 -1 84
-1.844 -1 -1.402 -1 -1.886 -1 -2.13 -1 182
-2.008 -1 -1.524 -1 -1.572 -1 -1.754 -1 18
-1.663 -1 -1.27 -1 -1.44 -1 -1.63 -1 61
-1.535 -1 -1.258 -1 -1.664 -1 -1.78 -1 133
-1.722 -1 -1.322 -1 -1.874 -1 -2.078 -1 191
-1.976 -1 -1.492 -1 -1.826 -1 -2.016 -1 124
-1.921 -1 -1.464 -1 -1.882 -1 -2.06 -1 162
-1.971 -1 -1.502 -1 -1.638 -1 -1.856 -1 56
-1.747 -1 -1.408 -1 -1.56 -1 -1.684 -1 42
-1.622 -1 -1.252 -1 -1.602 -1 -1.784 -1 121
-1.693 -1 -1.312 -1 -1.538 -1 -1.69 -1 73
-1.614 -1 -1.248 -1 -1.49 -1 -1.686 -1 77
-1.588 -1 -1.254 -1 -1.446 -1 -1.586 -1 74
-1.516 -1 -1.186 -1 -1.768 -1 -1.944 -1 199
-1.856 -1 -1.402 -1 -1.64 -1 -1.846 -1 89
-1.743 -1 -1.366 -1 -1.828 -1 -2.026 -1 176
-1.927 -1 -1.456 -1 -1.662 -1 -1.784 -1 67
-1.723 -1 -1.328 -1 -1.328 -1 -1.47 -1 1
-1.399 -1 -1.152 -1 -1.248 -1 -1.394 -1 31
-1.321 -1 -1.102 -1 -1.312 -1 -1.43 -1 64
-1.371 -1 -1.124 -1 -1.5 -1 -1.666 -1 112
-1.583 -1 -1.224 -1 -1.534 -1 -1.676 -1 103
-1.605 -1 -1.234 -1 -1.464 -1 -1.672 -1 71
-1.568 -1 -1.234 -1 -1.41 -1 -1.57 -1 59
-1.49 -1 -1.188 -1 -1.514 -1 -1.682 -1 103
-1.598 -1 -1.224 -1 -1.364 -1 -1.486 -1 48
-1.425 -1 -1.126 -1 -1.13 -1 -1.222 -1 1
-1.176 -1 -1.06 -1 -1.54 -1 -1.672 -1 159
-1.606 -1 -1.254 -1 -1.378 -1 -1.492 -1 46
-1.435 -1 -1.142 -1 -1.33 -1 -1.438 -1 62
-1.384 -1 -1.148 -1 -1.278 -1 -1.384 -1 42
-1.331 -1 -1.14 -1 -1.598 -1 -1.772 -1 149
-1.685 -1 -1.3 -1 -1.388 -1 -1.546 -1 28
-1.467 -1 -1.172 -1 -1.398 -1 -1.472 -1 66
-1.435 -1 -1.16 -1 -1.396 -1 -1.534 -1 80
-1.465 -1 -1.154 -1 -1.32 -1 -1.438 -1 43
-1.379 -1 -1.144 -1 -1.63 -1 -1.778 -1 150
-1.704 -1 -1.264 -1 -1.448 -1 -1.528 -1 59
-1.488 -1 -1.182 -1 -1.212 -1 -1.29 -1 8
-1.251 -1 -1.078 -1 -1.29 -1 -1.394 -1 59
-1.342 -1 -1.114 -1 -1.334 -1 -1.41 -1 62
-1.372 -1 -1.136 -1 -1.286 -1 -1.394 -1 43
-1.34 -1 -1.116 -1 -1.536 -1 -1.718 -1 139
-1.627 -1 -1.258 -1 -1.634 -1 -1.77 -1 122
-1.702 -1 -1.318 -1 -1.33 -1 -1.428 -1 4
-1.379 -1 -1.134 -1 -1.356 -1 -1.468 -1 65
-1.412 -1 -1.128 -1 -1.474 -1 -1.586 -1 114
-1.53 -1 -1.224 -1 -1.692 -1 -1.862 -1 169
-1.777 -1 -1.354 -1 -1.826 -1 -1.972 -1 166
-1.899 -1 -1.43 -1 -1.434 -1 -1.55 -1 8
-1.492 -1 -1.172 -1 -1.284 -1 -1.388 -1 26
-1.336 -1 -1.112 -1 -1.14 -1 -1.216 -1 9
-1.178 -1 -1.036 -1 -1.082 -1 -1.154 -1 12
-1.118 -1 -1.046 -1 -1.534 -1 -1.67 -1 156
-1.602 -1 -1.252 -1 -1.558 -1 -1.714 -1 100
-1.636 -1 -1.254 -1 -1.844 -1 -2.006 -1 193
-1.925 -1 -1.426 -1 -1.642 -1 -1.83 -1 71
-1.736 -1 -1.366 -1 -1.65 -1 -1.76 -1 107
-1.705 -1 -1.3 -1 -1.716 -1 -1.892 -1 143
-1.804 -1 -1.354 -1 -1.408 -1 -1.518 -1 15
-1.463 -1 -1.204 -1 -1.422 -1 -1.512 -1 65
-1.467 -1 -1.156 -1 -1.36 -1 -1.472 -1 72
-1.416 -1 -1.148 -1 -1.358 -1 -1.468 -1 69
-1.413 -1 -1.14 -1 -1.524 -1 -1.646 -1 130
-1.585 -1 -1.208 -1 -1.236 -1 -1.322 -1 7
-1.279 -1 -1.074 -1 -1.436 -1 -1.552 -1 110
-1.494 -1 -1.164 -1 -1.166 -1 -1.234 -1 2
-1.2 -1 -1.054 -1 -1.182 -1 -1.274 -1 34
-1.228 -1 -1.064 -1 -1.402 -1 -1.502 -1 106
-1.452 -1 -1.152 -1 -1.322 -1 -1.428 -1 45
-1.375 -1 -1.132 -1 -1.49 -1 -1.624 -1 111
-1.557 -1 -1.192 -1 -1.54 -1 -1.634 -1 120
-1.587 -1 -1.226 -1 -1.688 -1 -1.862 -1 153
-1.775 -1 -1.346 -1 -1.39 -1 -1.504 -1 10
-1.447 -1 -1.156 -1 -1.16 -1 -1.236 -1 2
-1.198 -1 -1.052 -1 -1.368 -1 -1.488 -1 102
-1.428 -1 -1.138 -1 -1.424 -1 -1.53 -1 97
-1.477 -1 -1.194 -1 -1.338 -1 -1.438 -1 48
-1.388 -1 -1.108 -1 -1.68 -1 -1.844 -1 189
-1.762 -1 -1.368 -1 -1.458 -1 -1.59 -1 27
-1.524 -1 -1.194 -1 -1.194 -1 -1.268 -1 0
-1.231 -1 -1.068 -1 -1.124 -1 -1.182 -1 17
-1.153 -1 -1.034 -1 -1.676 -1 -1.838 -1 192
-1.757 -1 -1.316 -1 -1.744 -1 -1.862 -1 143
-1.803 -1 -1.356 -1 -1.366 -1 -1.464 -1 2
-1.415 -1 -1.166 -1 -1.694 -1 -1.826 -1 173
-1.76 -1 -1.34 -1 -1.848 -1 -2.074 -1 193
-1.961 -1 -1.446 -1 -1.618 -1 -1.724 -1 62
-1.671 -1 -1.304 -1 -1.76 -1 -1.918 -1 134
-1.839 -1 -1.406 -1 -1.622 -1 -1.806 -1 89
-1.714 -1 -1.332 -1 -1.396 -1 -1.494 -1 18
-1.445 -1 -1.188 -1 -1.74 -1 -1.872 -1 184
-1.806 -1 -1.342 -1 -1.66 -1 -1.812 -1 119
-1.736 -1 -1.318 -1 -1.468 -1 -1.638 -1 63
-1.553 -1 -1.238 -1 -1.386 -1 -1.524 -1 46
-1.455 -1 -1.162 -1 -1.384 -1 -1.53 -1 67
-1.457 -1 -1.158 -1 -1.728 -1 -1.854 -1 185
-1.791 -1 -1.344 -1 -1.828 -1 -2.006 -1 188
-1.917 -1 -1.434 -1 -1.946 -1 -2.116 -1 167
-2.031 -1 -1.544 -1 -1.76 -1 -1.948 -1 105
-1.854 -1 -1.428 -1 -1.986 -1 -2.166 -1 194
-2.076 -1 -1.588 -1 -2.008 -1 -2.212 -1 196
-2.11 -1 -1.616 -1 -2.018 -1 -2.284 -1 171
-2.151 -1 -1.66 -1 -1.93 -1 -2.136 -1 112
-2.033 -1 -1.516 -1 -1.638 -1 -1.832 -1 63
-1.735 -1 -1.386 -1 -1.558 -1 -1.716 -1 58
-1.637 -1 -1.264 -1 -1.604 -1 -1.778 -1 116
-1.691 -1 -1.312 -1 -1.396 -1 -1.57 -1 33
-1.483 -1 -1.182 -1 -1.592 -1 -1.752 -1 133
-1.672 -1 -1.268 -1 -1.342 -1 -1.492 -1 20
-1.417 -1 -1.138 -1 -1.66 -1 -1.866 -1 163
-1.763 -1 -1.302 -1 -1.804 -1 -2.018 -1 186
-1.911 -1 -1.45 -1 -1.86 -1 -2.02 -1 149
-1.94 -1 -1.468 -1 -1.902 -1 -2.068 -1 164
-1.985 -1 -1.456 -1 -1.596 -1 -1.848 -1 58
-1.722 -1 -1.316 -1 -1.792 -1 -1.988 -1 188
-1.89 -1 -1.406 -1 -1.69 -1 -1.898 -1 110
-1.794 -1 -1.39 -1 -1.464 -1 -1.646 -1 31
-1.555 -1 -1.246 -1 -1.518 -1 -1.684 -1 94
-1.601 -1 -1.224 -1 -1.43 -1 -1.538 -1 58
-1.484 -1 -1.202 -1 -1.23 -1 -1.364 -1 12
-1.297 -1 -1.1 -1 -1.574 -1 -1.764 -1 160
-1.669 -1 -1.26 -1 -1.448 -1 -1.632 -1 60
-1.54 -1 -1.246 -1 -1.29 -1 -1.406 -1 11
-1.348 -1 -1.126 -1 -1.502 -1 -1.638 -1 107
-1.57 -1 -1.202 -1 -1.61 -1 -1.756 -1 125
-1.683 -1 -1.29 -1 -1.682 -1 -1.884 -1 127
-1.783 -1 -1.328 -1 -1.626 -1 -1.84 -1 116
-1.733 -1 -1.286 -1 -1.47 -1 -1.614 -1 72
-1.542 -1 -1.228 -1 -1.552 -1 -1.73 -1 103
-1.641 -1 -1.26 -1 -1.734 -1 -1.936 -1 186
-1.835 -1 -1.36 -1 -1.446 -1 -1.558 -1 25
-1.502 -1 -1.182 -1 -1.434 -1 -1.62 -1 82
-1.527 -1 -1.192 -1 -1.362 -1 -1.476 -1 56
-1.419 -1 -1.114 -1 -1.514 -1 -1.714 -1 134
-1.614 -1 -1.208 -1 -1.698 -1 -1.84 -1 172
-1.769 -1 -1.366 -1 -1.39 -1 -1.502 -1 12
-1.446 -1 -1.152 -1 -1.544 -1 -1.692 -1 117
-1.618 -1 -1.242 -1 -1.502 -1 -1.634 -1 90
-1.568 -1 -1.264 -1 -1.264 -1 -1.348 -1 0
-1.306 -1 -1.086 -1 -1.242 -1 -1.312 -1 43
-1.277 -1 -1.058 -1 -1.174 -1 -1.232 -1 30
-1.203 -1 -1.044 -1 -1.286 -1 -1.376 -1 68
-1.331 -1 -1.114 -1 -1.372 -1 -1.518 -1 86
-1.445 -1 -1.16 -1 -1.218 -1 -1.288 -1 19
-1.253 -1 -1.086 -1 -1.338 -1 -1.438 -1 73
-1.388 -1 -1.112 -1 -1.144 -1 -1.218 -1 11
-1.181 -1 -1.05 -1 -1.584 -1 -1.748 -1 168
-1.666 -1 -1.242 -1 -1.61 -1 -1.756 -1 118
-1.683 -1 -1.284 -1 -1.47 -1 -1.568 -1 70
-1.519 -1 -1.2 -1 -1.79 -1 -1.946 -1 193
-1.868 -1 -1.392 -1 -1.654 -1 -1.844 -1 99
-1.749 -1 -1.35 -1 -1.352 -1 -1.458 -1 3
-1.405 -1 -1.156 -1 -1.616 -1 -1.762 -1 161
-1.689 -1 -1.246 -1 -1.644 -1 -1.796 -1 128
-1.72 -1 -1.338 -1 -1.612 -1 -1.812 -1 90
-1.712 -1 -1.324 -1 -1.338 -1 -1.46 -1 4
-1.399 -1 -1.166 -1 -1.256 -1 -1.358 -1 24
-1.307 -1 -1.102 -1 -1.28 -1 -1.39 -1 53
-1.335 -1 -1.124 -1 -1.498 -1 -1.596 -1 121
-1.547 -1 -1.206 -1 -1.61 -1 -1.738 -1 144
-1.674 -1 -1.278 -1 -1.626 -1 -1.76 -1 141
-1.693 -1 -1.306 -1 -1.826 -1 -1.98 -1 181
-1.903 -1 -1.462 -1 -1.768 -1 -1.92 -1 118
-1.844 -1 -1.404 -1 -1.802 -1 -1.994 -1 137
-1.898 -1 -1.468 -1 -1.958 -1 -2.2 -1 186
-2.079 -1 -1.566 -1 -1.706 -1 -1.906 -1 54
-1.806 -1 -1.382 -1 -1.58 -1 -1.766 -1 62
-1.673 -1 -1.262 -1 -1.772 -1 -1.982 -1 194
-1.877 -1 -1.442 -1 -1.86 -1 -2.086 -1 152
-1.973 -1 -1.448 -1 -1.616 -1 -1.8 -1 61
-1.708 -1 -1.302 -1 -1.578 -1 -1.76 -1 99
-1.669 -1 -1.256 -1 -1.438 -1 -1.604 -1 73
-1.521 -1 -1.24 -1 -1.758 -1 -1.964 -1 181
-1.861 -1 -1.386 -1 -1.418 -1 -1.53 -1 9
-1.474 -1 -1.194 -1 -1.638 -1 -1.774 -1 125
-1.706 -1 -1.312 -1 -1.66 -1 -1.872 -1 112
-1.766 -1 -1.314 -1 -1.712 -1 -1.874 -1 153
-1.793 -1 -1.358 -1 -1.552 -1 -1.73 -1 65
-1.641 -1 -1.292 -1 -1.504 -1 -1.64 -1 64
-1.572 -1 -1.258 -1 -1.594 -1 -1.82 -1 130
-1.707 -1 -1.3 -1 -1.516 -1 -1.684 -1 63
-1.6 -1 -1.276 -1 -1.656 -1 -1.87 -1 135
-1.763 -1 -1.328 -1 -1.77 -1 -1.944 -1 166
-1.857 -1 -1.4 -1 -1.472 -1 -1.672 -1 31
-1.572 -1 -1.26 -1 -1.476 -1 -1.602 -1 71
-1.539 -1 -1.21 -1 -1.588 -1 -1.754 -1 127
-1.671 -1 -1.326 -1 -1.764 -1 -1.91 -1 189
-1.837 -1 -1.408 -1 -1.492 -1 -1.648 -1 33
-1.57 -1 -1.258 -1 -1.418 -1 -1.526 -1 51
-1.472 -1 -1.22 -1 -1.544 -1 -1.676 -1 99
-1.61 -1 -1.248 -1 -1.292 -1 -1.4 -1 14
-1.346 -1 -1.12 -1 -1.696 -1 -1.88 -1 199
-1.788 -1 -1.36 -1 -1.786 -1 -1.976 -1 152
-1.881 -1 -1.388 -1 -1.61 -1 -1.754 -1 83
-1.682 -1 -1.296 -1 -1.364 -1 -1.504 -1 21
-1.434 -1 -1.152 -1 -1.194 -1 -1.33 -1 14
-1.262 -1 -1.102 -1 -1.496 -1 -1.622 -1 137
-1.559 -1 -1.226 -1 -1.462 -1 -1.584 -1 67
-1.523 -1 -1.222 -1 -1.296 -1 -1.398 -1 29
-1.347 -1 -1.126 -1 -1.216 -1 -1.314 -1 25
-1.265 -1 -1.09 -1 -1.464 -1 -1.556 -1 109
-1.51 -1 -1.174 -1 -1.596 -1 -1.728 -1 147
-1.662 -1 -1.306 -1 -1.31 -1 -1.448 -1 1
-1.379 -1 -1.15 -1 -1.26 -1 -1.368 -1 42
-1.314 -1 -1.11 -1 -1.578 -1 -1.674 -1 149
-1.626 -1 -1.218 -1 -1.668 -1 -1.838 -1 152
-1.753 -1 -1.34 -1 -1.546 -1 -1.646 -1 65
-1.596 -1 -1.212 -1 -1.232 -1 -1.34 -1 5
-1.286 -1 -1.092 -1 -1.434 -1 -1.558 -1 98
-1.496 -1 -1.186 -1 -1.658 -1 -1.802 -1 162
-1.73 -1 -1.342 -1 -1.512 -1 -1.64 -1 51
-1.576 -1 -1.24 -1 -1.416 -1 -1.54 -1 51
-1.478 -1 -1.138 -1 -1.218 -1 -1.334 -1 28
-1.276 -1 -1.102 -1 -1.714 -1 -1.868 -1 196
-1.791 -1 -1.358 -1 -1.692 -1 -1.902 -1 129
-1.797 -1 -1.4 -1 -1.766 -1 -1.984 -1 151
-1.875 -1 -1.396 -1 -1.628 -1 -1.8 -1 71
-1.714 -1 -1.32 -1 -1.806 -1 -2.038 -1 182
-1.922 -1 -1.44 -1 -1.942 -1 -2.124 -1 187
-2.033 -1 -1.502 -1 -1.804 -1 -2.05 -1 147
-1.927 -1 -1.494 -1 -1.622 -1 -1.758 -1 57
-1.69 -1 -1.348 -1 -1.81 -1 -1.974 -1 159
-1.892 -1 -1.39 -1 -1.908 -1 -2.092 -1 189
-2 -1 -1.486 -1 -1.884 -1 -2.096 -1 134
-1.99 -1 -1.426 -1 -1.496 -1 -1.728 -1 21
-1.612 -1 -1.278 -1 -1.326 -1 -1.476 -1 15
-1.401 -1 -1.126 -1 -1.294 -1 -1.452 -1 50
-1.373 -1 -1.118 -1 -1.138 -1 -1.204 -1 10
-1.171 -1 -1.046 -1 -1.182 -1 -1.292 -1 39
-1.237 -1 -1.06 -1 -1.502 -1 -1.658 -1 147
-1.58 -1 -1.254 -1 -1.532 -1 -1.69 -1 83
-1.611 -1 -1.236 -1 -1.462 -1 -1.6 -1 75
-1.531 -1 -1.194 -1 -1.428 -1 -1.494 -1 69
-1.461 -1 -1.158 -1 -1.656 -1 -1.83 -1 165
-1.743 -1 -1.308 -1 -1.392 -1 -1.524 -1 32
-1.458 -1 -1.178 -1 -1.206 -1 -1.314 -1 16
-1.26 -1 -1.086 -1 -1.372 -1 -1.52 -1 92
-1.446 -1 -1.156 -1 -1.45 -1 -1.596 -1 99
-1.523 -1 -1.172 -1 -1.212 -1 -1.27 -1 14
-1.241 -1 -1.062 -1 -1.112 -1 -1.184 -1 15
-1.148 -1 -1.03 -1 -1.326 -1 -1.404 -1 95
-1.365 -1 -1.108 -1 -1.568 -1 -1.772 -1 171
-1.67 -1 -1.294 -1 -1.726 -1 -1.956 -1 169
-1.841 -1 -1.418 -1 -1.822 -1 -1.966 -1 142
-1.894 -1 -1.45 -1 -1.53 -1 -1.648 -1 39
-1.589 -1 -1.246 -1 -1.318 -1 -1.398 -1 21
-1.358 -1 -1.136 -1 -1.172 -1 -1.248 -1 13
-1.21 -1 -1.036 -1 -1.14 -1 -1.19 -1 32
-1.165 -1 -1.036 -1 -1.59 -1 -1.724 -1 168
-1.657 -1 -1.274 -1 -1.71 -1 -1.858 -1 149
-1.784 -1 -1.316 -1 -1.792 -1 -1.98 -1 169
-1.886 -1 -1.436 -1 -1.602 -1 -1.742 -1 68
-1.672 -1 -1.28 -1 -1.444 -1 -1.554 -1 62
-1.499 -1 -1.18 -1 -1.356 -1 -1.466 -1 46
-1.411 -1 -1.138 -1 -1.59 -1 -1.754 -1 176
-1.672 -1 -1.286 -1 -1.456 -1 -1.656 -1 54
-1.556 -1 -1.222 -1 -1.636 -1 -1.802 -1 144
-1.719 -1 -1.312 -1 -1.578 -1 -1.762 -1 84
-1.67 -1 -1.25 -1 -1.698 -1 -1.85 -1 180
-1.774 -1 -1.344 -1 -1.6 -1 -1.768 -1 85
-1.684 -1 -1.338 -1 -1.71 -1 -1.888 -1 149
-1.799 -1 -1.398 -1 -1.672 -1 -1.854 -1 103
-1.763 -1 -1.368 -1 -1.722 -1 -1.854 -1 127
-1.788 -1 -1.394 -1 -1.44 -1 -1.572 -1 15
-1.506 -1 -1.192 -1 -1.666 -1 -1.846 -1 173
-1.756 -1 -1.348 -1 -1.362 -1 -1.518 -1 4
-1.44 -1 -1.176 -1 -1.348 -1 -1.516 -1 70
-1.432 -1 -1.156 -1 -1.65 -1 -1.806 -1 155
-1.728 -1 -1.296 -1 -1.778 -1 -1.944 -1 187
-1.861 -1 -1.406 -1 -1.748 -1 -2.014 -1 141
-1.881 -1 -1.442 -1 -1.684 -1 -1.852 -1 100
-1.768 -1 -1.364 -1 -1.516 -1 -1.71 -1 49
-1.613 -1 -1.27 -1 -1.524 -1 -1.692 -1 70
-1.608 -1 -1.242 -1 -1.63 -1 -1.742 -1 136
-1.686 -1 -1.29 -1 -1.486 -1 -1.618 -1 63
-1.552 -1 -1.212 -1 -1.596 -1 -1.75 -1 157
-1.673 -1 -1.294 -1 -1.794 -1 -1.98 -1 190
-1.887 -1 -1.428 -1 -1.98 -1 -2.154 -1 199
-2.067 -1 -1.514 -1 -2.008 -1 -2.174 -1 196
-2.091 -1 -1.578 -1 -1.834 -1 -2 -1 98
-1.917 -1 -1.462 -1 -1.538 -1 -1.76 -1 32
-1.649 -1 -1.3 -1 -1.79 -1 -1.96 -1 182
-1.875 -1 -1.418 -1 -1.908 -1 -2.06 -1 171
-1.984 -1 -1.518 -1 -1.904 -1 -2.138 -1 142
-2.021 -1 -1.55 -1 -1.586 -1 -1.774 -1 14
-1.68 -1 -1.292 -1 -1.782 -1 -1.97 -1 174
-1.876 -1 -1.408 -1 -1.596 -1 -1.772 -1 57
-1.684 -1 -1.298 -1 -1.366 -1 -1.528 -1 23
-1.447 -1 -1.17 -1 -1.192 -1 -1.336 -1 6
-1.264 -1 -1.066 -1 -1.642 -1 -1.776 -1 177
-1.709 -1 -1.296 -1 -1.734 -1 -1.926 -1 152
-1.83 -1 -1.348 -1 -1.756 -1 -1.966 -1 139
-1.861 -1 -1.39 -1 -1.898 -1 -2.108 -1 192
-2.003 -1 -1.498 -1 -1.912 -1 -2.088 -1 158
-2 -1 -1.55 -1 -1.952 -1 -2.144 -1 150
-2.048 -1 -1.57 -1 -1.962 -1 -2.198 -1 163
-2.08 -1 -1.586 -1 -1.744 -1 -1.902 -1 61
-1.823 -1 -1.42 -1 -1.694 -1 -1.942 -1 102
-1.818 -1 -1.414 -1 -1.84 -1 -2.03 -1 172
-1.935 -1 -1.48 -1 -1.76 -1 -1.992 -1 102
-1.876 -1 -1.432 -1 -1.744 -1 -1.922 -1 122
-1.833 -1 -1.398 -1 -1.434 -1 -1.57 -1 16
-1.502 -1 -1.18 -1 -1.694 -1 -1.906 -1 165
-1.8 -1 -1.37 -1 -1.464 -1 -1.598 -1 21
-1.531 -1 -1.194 -1 -1.352 -1 -1.51 -1 53
-1.431 -1 -1.176 -1 -1.536 -1 -1.662 -1 115
-1.599 -1 -1.226 -1 -1.458 -1 -1.598 -1 76
-1.528 -1 -1.204 -1 -1.554 -1 -1.732 -1 103
-1.643 -1 -1.272 -1 -1.46 -1 -1.576 -1 63
-1.518 -1 -1.194 -1 -1.45 -1 -1.592 -1 88
-1.521 -1 -1.206 -1 -1.546 -1 -1.686 -1 124
-1.616 -1 -1.216 -1 -1.262 -1 -1.342 -1 14
-1.302 -1 -1.084 -1 -1.558 -1 -1.718 -1 157
-1.638 -1 -1.25 -1 -1.274 -1 -1.402 -1 6
-1.338 -1 -1.114 -1 -1.59 -1 -1.718 -1 162
-1.654 -1 -1.252 -1 -1.524 -1 -1.642 -1 77
-1.583 -1 -1.206 -1 -1.528 -1 -1.69 -1 112
-1.609 -1 -1.252 -1 -1.564 -1 -1.69 -1 101
-1.627 -1 -1.248 -1 -1.608 -1 -1.722 -1 114
-1.665 -1 -1.258 -1 -1.508 -1 -1.694 -1 102
-1.601 -1 -1.228 -1 -1.73 -1 -1.866 -1 198
-1.798 -1 -1.34 -1 -1.51 -1 -1.648 -1 63
-1.579 -1 -1.242 -1 -1.282 -1 -1.434 -1 13
-1.358 -1 -1.152 -1 -1.45 -1 -1.588 -1 100
-1.519 -1 -1.182 -1 -1.504 -1 -1.704 -1 115
-1.604 -1 -1.278 -1 -1.426 -1 -1.544 -1 55
-1.485 -1 -1.184 -1 -1.558 -1 -1.702 -1 118
-1.63 -1 -1.224 -1 -1.34 -1 -1.48 -1 39
-1.41 -1 -1.144 -1 -1.17 -1 -1.262 -1 10
-1.216 -1 -1.054 -1 -1.22 -1 -1.338 -1 51
-1.279 -1 -1.084 -1 -1.598 -1 -1.778 -1 183
-1.688 -1 -1.274 -1 -1.624 -1 -1.756 -1 122
-1.69 -1 -1.272 -1 -1.38 -1 -1.484 -1 34
-1.432 -1 -1.138 -1 -1.434 -1 -1.59 -1 100
-1.512 -1 -1.208 -1 -1.67 -1 -1.804 -1 142
-1.737 -1 -1.286 -1 -1.486 -1 -1.638 -1 72
-1.562 -1 -1.21 -1 -1.512 -1 -1.664 -1 108
-1.588 -1 -1.25 -1 -1.738 -1 -1.924 -1 159
-1.831 -1 -1.384 -1 -1.748 -1 -1.914 -1 121
-1.831 -1 -1.382 -1 -1.564 -1 -1.688 -1 63
-1.626 -1 -1.272 -1 -1.61 -1 -1.81 -1 124
-1.71 -1 -1.304 -1 -1.786 -1 -1.982 -1 174
-1.884 -1 -1.394 -1 -1.458 -1 -1.606 -1 28
-1.532 -1 -1.228 -1 -1.354 -1 -1.488 -1 41
-1.421 -1 -1.168 -1 -1.214 -1 -1.322 -1 16
-1.268 -1 -1.082 -1 -1.534 -1 -1.654 -1 127
-1.594 -1 -1.218 -1 -1.504 -1 -1.632 -1 96
-1.568 -1 -1.23 -1 -1.596 -1 -1.77 -1 130
-1.683 -1 -1.296 -1 -1.44 -1 -1.606 -1 47
-1.523 -1 -1.194 -1 -1.776 -1 -1.926 -1 184
-1.851 -1 -1.408 -1 -1.726 -1 -1.854 -1 114
-1.79 -1 -1.38 -1 -1.728 -1 -1.922 -1 110
-1.825 -1 -1.394 -1 -1.916 -1 -2.052 -1 178
-1.984 -1 -1.492 -1 -1.898 -1 -2.048 -1 144
-1.973 -1 -1.474 -1 -1.66 -1 -1.82 -1 65
-1.74 -1 -1.308 -1 -1.758 -1 -1.94 -1 167
-1.849 -1 -1.412 -1 -1.736 -1 -1.944 -1 116
-1.84 -1 -1.392 -1 -1.744 -1 -1.946 -1 149
-1.845 -1 -1.426 -1 -1.742 -1 -1.954 -1 121
-1.848 -1 -1.396 -1 -1.42 -1 -1.548 -1 11
-1.484 -1 -1.194 -1 -1.45 -1 -1.56 -1 80
-1.505 -1 -1.162 -1 -1.246 -1 -1.396 -1 32
-1.321 -1 -1.116 -1 -1.442 -1 -1.596 -1 102
-1.519 -1 -1.242 -1 -1.31 -1 -1.43 -1 22
-1.37 -1 -1.148 -1 -1.65 -1 -1.79 -1 155
-1.72 -1 -1.308 -1 -1.44 -1 -1.546 -1 35
-1.493 -1 -1.184 -1 -1.736 -1 -1.936 -1 197
-1.836 -1 -1.38 -1 -1.66 -1 -1.772 -1 93
-1.716 -1 -1.298 -1 -1.516 -1 -1.642 -1 79
-1.579 -1 -1.23 -1 -1.76 -1 -1.916 -1 187
-1.838 -1 -1.388 -1 -1.628 -1 -1.802 -1 108
-1.715 -1 -1.316 -1 -1.752 -1 -1.948 -1 174
-1.85 -1 -1.436 -1 -1.922 -1 -2.132 -1 191
-2.027 -1 -1.57 -1 -1.78 -1 -1.942 -1 78
-1.861 -1 -1.428 -1 -1.944 -1 -2.108 -1 184
-2.026 -1 -1.538 -1 -1.87 -1 -2.098 -1 125
-1.984 -1 -1.452 -1 -1.978 -1 -2.184 -1 188
-2.081 -1 -1.536 -1 -1.824 -1 -1.996 0 97
