6 1000 0.9 10 12 0 0 0 0
-2.941 -1 -2.484 -1 -2.516 -1 -2.764 -1 64
-2.64 -1 -2.25 -1 -2.5 -1 -2.766 -1 289
-2.633 -1 -2.22 -1 -2.242 -1 -2.682 -1 41
-2.462 -1 -2.096 -1 -2.364 -1 -2.754 -1 324
-2.559 -1 -2.162 -1 -2.472 -1 -2.648 -1 343
-2.56 -1 -2.164 -1 -2.222 -1 -2.604 -1 48
-2.413 -1 -2.004 -1 -2.098 -1 -2.576 -1 87
-2.337 -1 -1.978 -1 -2.202 -1 -2.48 -1 204
-2.341 -1 -1.974 -1 -2.308 -1 -2.658 -1 375
-2.483 -1 -2.06 -1 -2.364 -1 -2.642 -1 343
-2.503 -1 -2.078 -1 -2.304 -1 -2.6 -1 206
-2.452 -1 -2.042 -1 -2.342 -1 -2.626 0 316
