8 1000 1 7 47 0 0 0 0
-3.462 -1 -2.982 -1 -3.166 -1 -3.34 -1 371
-3.253 -1 -2.77 -1 -2.816 -1 -3.186 -1 92
-3.001 -1 -2.58 -1 -2.796 -1 -3.002 -1 183
-2.899 -1 -2.49 -1 -2.748 -1 -3.066 -1 269
-2.907 -1 -2.522 -1 -2.712 -1 -3.022 -1 185
-2.867 -1 -2.454 -1 -2.85 -1 -3.1 -1 419
-2.975 -1 -2.506 -1 -2.948 -1 -3.152 -1 492
-3.05 -1 -2.568 -1 -2.57 -1 -2.946 -1 4
-2.758 -1 -2.388 -1 -2.772 -1 -3.004 -1 346
-2.888 -1 -2.456 -1 -2.572 -1 -2.928 -1 90
-2.75 -1 -2.37 -1 -2.834 -1 -3.088 -1 472
-2.961 -1 -2.542 -1 -2.71 -1 -2.978 -1 190
-2.844 -1 -2.434 -1 -2.586 -1 -2.932 -1 138
-2.759 -1 -2.37 -1 -2.612 -1 -2.916 -1 210
-2.764 -1 -2.356 -1 -2.816 -1 -3.1 -1 475
-2.958 -1 -2.478 -1 -2.64 -1 -2.916 -1 188
-2.778 -1 -2.422 -1 -2.622 -1 -2.95 -1 204
-2.786 -1 -2.368 -1 -2.5 -1 -2.896 -1 94
-2.698 -1 -2.318 -1 -2.652 -1 -2.966 -1 301
-2.809 -1 -2.366 -1 -2.398 -1 -2.814 -1 29
-2.606 -1 -2.208 -1 -2.726 -1 -3.024 -1 445
-2.875 -1 -2.448 -1 -2.546 -1 -3.002 -1 72
-2.774 -1 -2.392 -1 -2.846 -1 -3.112 -1 438
-2.979 -1 -2.542 -1 -2.844 -1 -3.086 -1 314
-2.965 -1 -2.538 -1 -2.624 -1 -3.014 -1 81
-2.819 -1 -2.436 -1 -2.862 -1 -3.126 -1 437
-2.994 -1 -2.574 -1 -2.926 -1 -3.114 -1 343
-3.02 -1 -2.578 -1 -2.736 -1 -3.028 -1 165
-2.882 -1 -2.48 -1 -2.76 -1 -3.058 -1 240
-2.909 -1 -2.516 -1 -2.674 -1 -3.044 -1 155
-2.859 -1 -2.428 -1 -2.672 -1 -3.024 -1 197
-2.848 -1 -2.448 -1 -2.828 -1 -3.086 -1 438
-2.957 -1 -2.54 -1 -2.868 -1 -3.108 -1 404
-2.988 -1 -2.534 -1 -2.966 -1 -3.144 -1 443
-3.055 -1 -2.594 -1 -2.926 -1 -3.186 -1 351
-3.056 -1 -2.632 -1 -2.798 -1 -3.038 -1 192
-2.918 -1 -2.524 -1 -2.934 -1 -3.166 -1 489
-3.05 -1 -2.588 -1 -2.928 -1 -3.186 -1 439
-3.057 -1 -2.576 -1 -2.982 -1 -3.144 -1 367
-3.063 -1 -2.624 -1 -2.726 -1 -3.018 -1 154
-2.872 -1 -2.486 -1 -2.626 -1 -3.006 -1 125
-2.816 -1 -2.444 -1 -2.546 -1 -2.946 -1 121
-2.746 -1 -2.352 -1 -2.514 -1 -2.842 -1 160
-2.678 -1 -2.316 -1 -2.6 -1 -3.014 -1 212
-2.807 -1 -2.356 -1 -2.42 -1 -2.822 -1 61
-2.621 -1 -2.268 -1 -2.496 -1 -2.912 -1 192
-2.704 -1 -2.292 -1 -2.74 0 -3.066 -1 431
