10 1000 0.5 8 83 0 0 0 0
-3.832 -1 -3.304 -1 -3.408 -1 -3.58 -1 213
-3.494 -1 -3.032 -1 -3.122 -1 -3.398 -2 114
-3.26 -1 -2.85 -1 -3.06 -1 -3.422 -1 168
-3.241 -1 -2.78 -1 -2.868 -1 -3.258 -1 63
-3.063 -1 -2.666 -1 -2.682 -1 -3.158 -2 9
-2.92 -1 -2.548 -1 -2.616 -1 -3.034 -1 42
-2.825 -1 -2.502 -1 -2.526 -1 -3.088 -1 18
-2.807 -1 -2.46 -1 -2.58 -1 -3.104 -1 68
-2.842 -1 -2.456 -1 -2.604 -1 -3.032 -1 122
-2.818 -1 -2.44 -1 -2.574 -1 -3.064 -1 82
-2.819 -1 -2.456 -1 -2.76 -1 -3.09 -1 198
-2.925 -1 -2.496 -1 -2.616 -1 -3.13 -1 88
-2.873 -1 -2.496 -1 -2.656 -1 -3.07 -1 122
-2.863 -1 -2.454 -1 -2.674 -1 -3.096 -1 148
-2.885 -1 -2.494 -1 -2.658 -1 -3.068 -1 134
-2.863 -1 -2.462 -1 -2.51 -1 -3.04 -1 21
-2.775 -1 -2.402 -1 -2.646 -1 -3.112 -1 152
-2.879 -1 -2.448 -1 -2.602 -1 -3.08 -1 107
-2.841 -1 -2.416 -1 -2.45 -1 -2.972 -1 14
-2.711 -1 -2.38 -1 -2.394 -1 -2.868 -1 17
-2.631 -1 -2.288 -1 -2.568 -1 -3.024 -1 159
-2.796 -1 -2.378 -1 -2.41 -1 -2.948 -1 14
-2.679 -1 -2.302 -1 -2.334 -1 -2.836 -1 20
-2.585 -1 -2.262 -1 -2.47 -1 -2.888 -1 130
-2.679 -1 -2.306 -1 -2.546 -1 -3.1 -1 162
-2.823 -1 -2.398 -1 -2.44 -1 -2.982 -1 32
-2.711 -1 -2.356 -1 -2.602 -1 -2.972 -1 133
-2.787 -1 -2.382 -1 -2.616 -1 -2.99 -1 130
-2.803 -1 -2.426 -1 -2.484 -1 -2.992 -1 25
-2.738 -1 -2.372 -1 -2.66 -1 -3.056 -1 162
-2.858 -1 -2.408 -1 -2.488 -1 -2.988 -1 41
-2.738 -1 -2.358 -1 -2.672 -1 -3.116 -1 245
-2.894 -1 -2.474 -1 -2.644 -1 -3.056 -1 133
-2.85 -1 -2.418 -1 -2.566 -1 -2.912 -1 93
-2.739 -1 -2.352 -1 -2.402 -1 -2.946 -1 24
-2.674 -1 -2.304 -1 -2.68 -1 -3.012 -1 245
-2.846 -1 -2.414 -1 -2.578 -1 -3.056 -1 98
-2.817 -1 -2.426 -1 -2.662 -1 -3.082 -1 162
-2.872 -1 -2.446 -1 -2.502 -1 -2.912 -1 38
-2.707 -1 -2.348 -1 -2.618 -1 -3.06 -1 171
-2.839 -1 -2.41 -1 -2.594 -1 -2.938 -1 125
-2.766 -1 -2.34 -1 -2.468 -1 -2.952 -1 103
-2.71 -1 -2.298 -1 -2.322 -1 -2.822 -1 9
-2.572 -1 -2.248 -1 -2.628 -1 -3.052 -1 212
-2.84 -1 -2.388 -1 -2.686 -1 -3.05 -1 179
-2.868 -1 -2.402 -1 -2.458 -1 -2.922 -1 47
-2.69 -1 -2.316 -1 -2.528 -1 -2.944 -1 137
-2.736 -1 -2.312 -1 -2.53 -1 -2.938 -1 128
-2.734 -1 -2.364 -1 -2.488 -1 -2.916 -1 65
-2.702 -1 -2.294 -1 -2.474 -1 -2.908 -1 98
-2.691 -1 -2.27 -1 -2.326 -1 -2.84 -1 32
-2.583 -1 -2.23 -1 -2.346 -1 -2.874 -1 97
-2.61 -1 -2.228 -1 -2.33 -1 -2.75 -1 44
-2.54 -1 -2.14 -1 -2.378 -1 -2.772 -1 114
-2.575 -1 -2.206 -1 -2.29 -1 -2.77 -1 45
-2.53 -1 -2.174 -1 -2.26 -1 -2.724 -1 55
-2.492 -1 -2.142 -1 -2.478 -1 -2.948 -1 181
-2.713 -1 -2.29 -1 -2.47 -1 -2.828 -1 124
-2.649 -1 -2.23 -1 -2.354 -1 -2.754 -1 70
-2.554 -1 -2.164 -1 -2.406 -1 -2.814 -1 130
-2.61 -1 -2.196 -1 -2.252 -1 -2.724 -1 46
-2.488 -1 -2.076 -1 -2.14 -1 -2.582 -1 35
-2.361 -1 -2.024 -1 -2.184 -1 -2.61 -1 75
-2.397 -1 -2.034 -1 -2.238 -1 -2.738 -1 91
-2.488 -1 -2.038 -1 -2.056 -1 -2.496 -1 8
-2.276 -1 -1.942 -1 -2.402 -1 -2.772 -1 208
-2.587 -1 -2.098 -1 -2.458 -1 -2.828 -1 167
-2.643 -1 -2.18 -1 -2.482 -1 -2.788 -1 170
-2.635 -1 -2.108 -1 -2.2 -1 -2.598 -1 48
-2.399 -1 -1.972 -1 -2.21 -1 -2.644 -1 96
-2.427 -1 -1.942 -1 -2.218 -1 -2.6 -1 135
-2.409 -1 -1.962 -1 -2.188 -1 -2.616 -1 124
-2.402 -1 -1.968 -1 -2.284 -1 -2.664 -1 153
-2.474 -1 -1.986 -1 -2.23 -1 -2.59 -1 114
-2.41 -1 -1.96 -1 -2.196 -1 -2.544 -1 123
-2.37 -1 -1.928 -1 -2.066 -1 -2.48 -1 54
-2.273 -1 -1.876 -1 -2.222 -1 -2.516 -1 141
-2.369 -1 -1.926 -1 -2.202 -1 -2.548 -1 143
-2.375 -1 -1.952 -1 -2.372 -1 -2.64 -1 211
-2.506 -1 -1.992 -1 -2.204 -1 -2.544 -1 124
-2.374 -1 -1.916 -1 -2.206 -1 -2.508 -1 119
-2.357 -1 -1.908 -1 -2.088 -1 -2.394 -1 58
-2.241 -1 -1.796 -1 -2.052 -1 -2.41 0 114
