7 1000 0.6 10 12 0 0 0 0
-3.243 -1 -2.72 -1 -2.744 -1 -3.016 -1 128
-2.88 -1 -2.474 -1 -2.656 -1 -2.914 -1 202
-2.785 -1 -2.342 -1 -2.552 -1 -2.884 -1 193
-2.718 -1 -2.334 -1 -2.634 -1 -2.84 -1 283
-2.737 -1 -2.314 -1 -2.528 -1 -2.824 -1 181
-2.676 -1 -2.27 -1 -2.4 -1 -2.81 -1 119
-2.605 -1 -2.238 -1 -2.478 -1 -2.796 -1 201
-2.637 -1 -2.204 -1 -2.428 -1 -2.722 -1 275
-2.575 -1 -2.164 -1 -2.368 -1 -2.766 -1 189
-2.567 -1 -2.136 -1 -2.304 -1 -2.728 -1 164
-2.516 -1 -2.118 -1 -2.248 -1 -2.674 -1 87
-2.461 -1 -2.046 -1 -2.194 -1 -2.66 0 105
