9 1000 0.7 9 66 0 0 0 0
-3.663 -1 -3.178 -1 -3.266 -1 -3.392 -1 161
-3.329 -1 -2.88 -1 -2.984 -1 -3.284 -1 117
-3.134 -1 -2.714 -1 -2.958 -1 -3.278 -1 327
-3.118 -1 -2.706 -1 -2.976 -1 -3.196 -1 281
-3.086 -1 -2.656 -1 -2.716 -1 -3.148 -1 76
-2.932 -1 -2.524 -1 -2.806 -1 -3.192 -1 271
-2.999 -1 -2.552 -1 -2.582 -1 -3.04 -1 15
-2.811 -1 -2.454 -1 -2.74 -1 -3.124 -1 255
-2.932 -1 -2.532 -1 -2.856 -1 -3.136 -1 270
-2.996 -1 -2.522 -1 -2.546 -1 -2.982 -1 24
-2.764 -1 -2.394 -1 -2.53 -1 -2.97 -1 96
-2.75 -1 -2.35 -1 -2.502 -1 -2.992 -1 111
-2.747 -1 -2.344 -1 -2.748 -1 -3.108 -1 347
-2.928 -1 -2.508 -1 -2.848 -1 -3.112 -1 265
-2.98 -1 -2.53 -1 -2.716 -1 -3.11 -1 215
-2.913 -1 -2.482 -1 -2.734 -1 -3.086 -1 185
-2.91 -1 -2.498 -1 -2.76 -1 -3.132 -1 251
-2.946 -1 -2.474 -1 -2.576 -1 -3.002 -1 73
-2.789 -1 -2.392 -1 -2.816 -1 -3.134 -1 330
-2.975 -1 -2.528 -1 -2.894 -1 -3.14 -1 345
-3.017 -1 -2.566 -1 -2.868 -1 -3.178 -1 250
-3.023 -1 -2.554 -1 -2.798 -1 -3.106 -1 213
-2.952 -1 -2.504 -1 -2.54 -1 -3.084 -1 25
-2.812 -1 -2.41 -1 -2.818 -1 -3.166 -1 288
-2.992 -1 -2.532 -1 -2.954 -1 -3.242 -1 328
-3.098 -1 -2.614 -1 -2.774 -1 -3.134 -1 187
-2.954 -1 -2.526 -1 -2.646 -1 -3.056 -1 89
-2.851 -1 -2.442 -1 -2.56 -1 -3.042 -1 93
-2.801 -1 -2.422 -1 -2.484 -1 -3.024 -1 42
-2.754 -1 -2.408 -1 -2.616 -1 -2.988 -1 150
-2.802 -1 -2.386 -1 -2.826 -1 -3.1 -1 328
-2.963 -1 -2.458 -1 -2.766 -1 -3.098 -1 272
-2.932 -1 -2.49 -1 -2.644 -1 -3.054 -1 103
-2.849 -1 -2.464 -1 -2.674 -1 -2.95 -1 156
-2.812 -1 -2.424 -1 -2.51 -1 -2.956 -1 56
-2.733 -1 -2.376 -1 -2.742 -1 -3.068 -1 314
-2.905 -1 -2.472 -1 -2.738 -1 -3.146 -1 176
-2.942 -1 -2.492 -1 -2.848 -1 -3.226 -1 262
-3.037 -1 -2.546 -1 -2.68 -1 -3.03 -1 111
-2.855 -1 -2.436 -1 -2.758 -1 -3.102 -1 276
-2.93 -1 -2.54 -1 -2.674 -1 -3.052 -1 95
-2.863 -1 -2.428 -1 -2.722 -1 -3.088 -1 250
-2.905 -1 -2.486 -1 -2.782 -1 -3.154 -1 219
-2.968 -1 -2.54 -1 -2.83 -1 -3.198 -1 261
-3.014 -1 -2.564 -1 -2.948 -1 -3.178 -2 278
-3.063 -1 -2.616 -1 -2.916 -1 -3.174 -1 308
-3.045 -1 -2.618 -1 -2.9 -1 -3.118 -1 236
-3.009 -1 -2.568 -1 -2.938 -1 -3.262 -1 276
-3.1 -1 -2.65 -1 -2.666 -1 -3.07 -1 30
-2.868 -1 -2.512 -1 -2.896 -1 -3.216 -1 290
-3.056 -1 -2.584 -1 -2.712 -1 -3.12 -1 113
-2.916 -1 -2.528 -1 -2.842 -1 -3.236 -1 310
-3.039 -1 -2.554 -1 -2.736 -1 -3.096 -1 134
-2.916 -1 -2.486 -1 -2.734 -1 -3.054 -1 183
-2.894 -1 -2.45 -1 -2.906 -1 -3.188 -1 341
-3.047 -1 -2.566 -1 -2.842 -1 -3.148 -1 239
-2.995 -1 -2.56 -1 -2.896 -1 -3.202 -1 314
-3.049 -1 -2.58 -1 -2.818 -1 -3.1 -1 192
-2.959 -1 -2.53 -1 -2.752 -1 -3.086 -1 216
-2.919 -1 -2.526 -1 -2.624 -1 -3.068 -1 81
-2.846 -1 -2.42 -1 -2.42 -1 -3.008 -1 0
-2.714 -1 -2.342 -1 -2.606 -1 -3.04 -1 176
-2.823 -1 -2.4 -1 -2.612 -1 -3.108 -1 179
-2.86 -1 -2.448 -1 -2.574 -1 -3.034 -1 106
-2.804 -1 -2.376 -1 -2.722 -1 -3.006 -1 251
-2.864 -1 -2.418 -1 -2.594 0 -3 -1 126
