9 1000 0.9 8 105 0 0 0 0
-3.644 -1 -3.184 -1 -3.274 -1 -3.48 -2 133
-3.377 -1 -2.932 -1 -3.16 -1 -3.364 -1 390
-3.262 -1 -2.814 -1 -2.926 -1 -3.2 -1 119
-3.063 -1 -2.664 -1 -2.754 -1 -3.126 -1 72
-2.94 -1 -2.568 -1 -2.994 -1 -3.304 -1 405
-3.149 -1 -2.698 -1 -2.96 -1 -3.242 -1 242
-3.101 -1 -2.668 -1 -3.126 -1 -3.38 -1 433
-3.253 -1 -2.77 -1 -3.15 -1 -3.432 -2 435
-3.291 -1 -2.814 -1 -3.158 -1 -3.298 -1 441
-3.228 -1 -2.796 -1 -2.938 -1 -3.244 -1 155
-3.091 -1 -2.672 -1 -3 -1 -3.294 -2 288
-3.147 -1 -2.706 -1 -2.766 -1 -3.186 -1 49
-2.976 -1 -2.594 -1 -2.75 -1 -3.196 -1 85
-2.973 -1 -2.572 -1 -2.762 -1 -3.104 -1 162
-2.933 -1 -2.524 -1 -2.802 -1 -3.142 -1 245
-2.972 -1 -2.552 -1 -2.928 -1 -3.2 -1 340
-3.064 -1 -2.632 -1 -3.026 -1 -3.31 -1 436
-3.168 -1 -2.722 -1 -3.12 -1 -3.326 -1 404
-3.223 -1 -2.762 -1 -3.008 -1 -3.26 -1 246
-3.134 -1 -2.68 -1 -2.69 -1 -3.092 -1 9
-2.891 -1 -2.524 -1 -2.932 -1 -3.198 -1 333
-3.065 -1 -2.63 -1 -2.904 -1 -3.224 -1 274
-3.064 -1 -2.634 -1 -2.966 -1 -3.182 -1 285
-3.074 -1 -2.616 -1 -2.844 -1 -3.176 -1 179
-3.01 -1 -2.596 -1 -2.766 -1 -3.082 -1 122
-2.924 -1 -2.502 -1 -2.942 -1 -3.186 -1 423
-3.064 -1 -2.628 -1 -2.866 -1 -3.21 -1 227
-3.038 -1 -2.61 -1 -2.812 -1 -3.18 -1 244
-2.996 -1 -2.562 -1 -2.744 -1 -3.154 -1 168
-2.949 -1 -2.518 -1 -3 -1 -3.28 -1 397
-3.14 -1 -2.674 -1 -2.974 -1 -3.178 -1 291
-3.076 -1 -2.628 -1 -3.054 -1 -3.368 -1 425
-3.211 -1 -2.702 -1 -2.97 -1 -3.206 -1 281
-3.088 -1 -2.662 -1 -2.73 -1 -3.078 -1 70
-2.904 -1 -2.546 -1 -2.942 -1 -3.244 -1 408
-3.093 -1 -2.65 -1 -3.012 -1 -3.24 -1 355
-3.126 -1 -2.622 -1 -2.872 -1 -3.158 -1 252
-3.015 -1 -2.546 -1 -2.956 -1 -3.166 -1 417
-3.061 -1 -2.654 -1 -2.812 -1 -3.21 -1 180
-3.011 -1 -2.57 -1 -2.624 -1 -3.018 -1 38
-2.821 -1 -2.442 -1 -2.714 -1 -3.074 -1 177
-2.894 -1 -2.472 -1 -2.724 -1 -3.108 -1 209
-2.916 -1 -2.494 -1 -2.834 -1 -3.112 -1 268
-2.973 -1 -2.54 -1 -2.894 -1 -3.12 -1 296
-3.007 -1 -2.524 -1 -2.876 -1 -3.208 -1 340
-3.042 -1 -2.526 -1 -2.704 -1 -3.176 -1 119
-2.94 -1 -2.546 -1 -2.9 -1 -3.148 -1 383
-3.024 -1 -2.536 -1 -2.812 -1 -3.232 -1 219
-3.022 -1 -2.572 -1 -2.94 -1 -3.162 -1 376
-3.051 -1 -2.6 -1 -2.666 -1 -3.008 -1 103
-2.837 -1 -2.454 -1 -2.7 -1 -3.07 -1 134
-2.885 -1 -2.444 -1 -2.758 -1 -3.11 -1 268
-2.934 -1 -2.46 -1 -2.478 -1 -2.976 -1 13
-2.727 -1 -2.386 -1 -2.488 -1 -3 -1 69
-2.744 -1 -2.356 -1 -2.754 -1 -3.066 -1 263
-2.91 -1 -2.488 -1 -2.904 -1 -3.158 -1 345
-3.031 -1 -2.588 -1 -2.626 -1 -3.018 -1 42
-2.822 -1 -2.432 -1 -2.696 -1 -3.036 -1 200
-2.866 -1 -2.448 -1 -2.68 -1 -3.07 -1 174
-2.875 -1 -2.454 -1 -2.756 -1 -3.062 -1 241
-2.909 -1 -2.454 -1 -2.594 -1 -3.032 -1 143
-2.813 -1 -2.402 -1 -2.804 -1 -3.114 -1 293
-2.959 -1 -2.548 -1 -2.948 -1 -3.206 -1 364
-3.077 -1 -2.598 -1 -2.942 -1 -3.28 -1 334
-3.111 -1 -2.644 -1 -3.026 -1 -3.282 -1 420
-3.154 -1 -2.714 -1 -3.094 -1 -3.338 -1 404
-3.216 -1 -2.784 -1 -2.86 -1 -3.162 -1 59
-3.011 -1 -2.6 -1 -2.854 -1 -3.188 -1 223
-3.021 -1 -2.576 -1 -2.674 -1 -3.056 -1 67
-2.865 -1 -2.45 -1 -2.84 -1 -3.134 -1 318
-2.987 -1 -2.53 -1 -2.58 -1 -3.004 -1 61
-2.792 -1 -2.428 -1 -2.782 -1 -3.116 -1 277
-2.949 -1 -2.5 -1 -2.702 -1 -3.038 -1 150
-2.87 -1 -2.48 -1 -2.8 -1 -3.152 -1 233
-2.976 -1 -2.518 -1 -2.872 -1 -3.156 -1 365
-3.014 -1 -2.592 -1 -2.718 -1 -3.058 -1 97
-2.888 -1 -2.468 -1 -2.552 -1 -3.064 -1 54
-2.808 -1 -2.404 -1 -2.736 -1 -3.09 -1 250
-2.913 -1 -2.456 -1 -2.516 -1 -2.938 -1 22
-2.727 -1 -2.368 -1 -2.518 -1 -2.958 -1 105
-2.738 -1 -2.318 -1 -2.578 -1 -3.052 -1 218
-2.815 -1 -2.396 -1 -2.78 -1 -3.13 -1 315
-2.955 -1 -2.51 -1 -2.516 -1 -2.908 -1 3
-2.712 -1 -2.308 -1 -2.45 -1 -2.916 -1 99
-2.683 -1 -2.28 -1 -2.416 -1 -2.92 -1 102
-2.668 -1 -2.356 -1 -2.498 -1 -2.834 -1 88
-2.666 -1 -2.298 -1 -2.436 -1 -2.81 -1 96
-2.623 -1 -2.23 -1 -2.468 -1 -2.932 -1 147
-2.7 -1 -2.308 -1 -2.418 -1 -2.884 -1 84
-2.651 -1 -2.29 -1 -2.378 -1 -2.844 -1 59
-2.611 -1 -2.258 -1 -2.258 -1 -2.78 -1 0
-2.519 -1 -2.21 -1 -2.738 -1 -3.124 -1 407
-2.931 -1 -2.498 -1 -2.546 -1 -2.942 -1 37
-2.744 -1 -2.386 -1 -2.778 -1 -3.09 -1 296
-2.934 -1 -2.478 -1 -2.912 -1 -3.162 -1 438
-3.037 -1 -2.54 -1 -2.916 -1 -3.252 -1 328
-3.084 -1 -2.616 -1 -2.928 -1 -3.256 -1 267
-3.092 -1 -2.61 -1 -2.994 -1 -3.276 -1 363
-3.135 -1 -2.684 -1 -2.9 -1 -3.288 -1 242
-3.094 -1 -2.636 -1 -2.836 -1 -3.094 -1 187
-2.965 -1 -2.546 -1 -2.598 -1 -3.086 -1 62
-2.842 -1 -2.434 -1 -2.822 -1 -3.162 -1 299
-2.992 -1 -2.542 -1 -2.814 -1 -3.17 -1 223
-2.992 -1 -2.584 -1 -2.978 -1 -3.228 -1 373
-3.103 -1 -2.622 -1 -2.79 -1 -3.09 0 101
