6 1000 0.2 9 15 0 0 0 0
-2.985 -1 -2.534 -1 -2.57 -1 -2.856 -1 98
-2.713 -1 -2.32 -1 -2.396 -1 -2.736 -1 83
-2.566 -1 -2.18 -1 -2.23 -1 -2.612 -1 92
-2.421 -1 -2.054 -1 -2.108 -1 -2.548 -1 38
-2.328 -1 -1.98 -1 -2.03 -1 -2.426 -1 28
-2.228 -1 -1.886 -1 -1.948 -1 -2.456 -1 55
-2.202 -1 -1.866 -1 -1.97 -1 -2.522 -1 73
-2.246 -1 -1.884 -1 -1.934 -1 -2.47 -1 38
-2.202 -1 -1.878 -1 -1.888 -1 -2.412 -1 10
-2.15 -1 -1.798 -1 -1.928 -1 -2.416 -1 88
-2.172 -1 -1.806 -1 -1.814 -1 -2.358 -1 7
-2.086 -1 -1.722 -1 -1.782 -1 -2.386 -1 34
-2.084 -1 -1.762 -1 -1.854 -1 -2.428 -1 57
-2.141 -1 -1.794 -1 -1.892 -1 -2.364 -1 62
-2.128 -1 -1.782 -1 -1.86 -1 -2.35 0 56
