9 1000 0.5 5 100 0 0 0 0
-3.686 -1 -3.334 -1 -3.346 -2 -3.488 -1 93
-3.417 -1 -3.068 -1 -3.072 -1 -3.342 -2 12
-3.207 -1 -2.894 -1 -2.958 -1 -3.284 -1 70
-3.121 -1 -2.744 -1 -2.804 -1 -3.176 -2 92
-2.99 -1 -2.622 -1 -2.746 -1 -3.118 -1 98
-2.932 -1 -2.59 -1 -2.81 -1 -3.144 -1 190
-2.977 -1 -2.62 -1 -2.732 -1 -3.066 -1 71
-2.899 -1 -2.558 -1 -2.646 -1 -3.118 -1 82
-2.882 -1 -2.532 -1 -2.676 -1 -3.124 -1 150
-2.9 -1 -2.54 -1 -2.636 -1 -3.06 -1 71
-2.848 -1 -2.482 -1 -2.62 -1 -3.024 -1 94
-2.822 -1 -2.46 -1 -2.522 -1 -2.978 -1 45
-2.75 -1 -2.42 -1 -2.664 -1 -3.124 -1 212
-2.894 -1 -2.51 -1 -2.766 -1 -3.156 -1 158
-2.961 -1 -2.592 -1 -2.844 -1 -3.112 -1 213
-2.978 -1 -2.622 -1 -2.658 -1 -3.004 -1 28
-2.831 -1 -2.47 -1 -2.492 -1 -2.974 -1 14
-2.733 -1 -2.414 -1 -2.556 -1 -2.952 -1 127
-2.754 -1 -2.408 -1 -2.636 -1 -2.972 -1 161
-2.804 -1 -2.44 -1 -2.588 -1 -2.972 -1 122
-2.78 -1 -2.448 -1 -2.56 -1 -2.99 -1 84
-2.775 -1 -2.428 -1 -2.738 -1 -3.03 -1 248
-2.884 -1 -2.526 -1 -2.65 -1 -2.998 -1 130
-2.824 -1 -2.446 -1 -2.678 -1 -3.068 -1 198
-2.873 -1 -2.474 -1 -2.71 -1 -3.096 -1 216
-2.903 -1 -2.532 -1 -2.79 -1 -3.142 -1 242
-2.966 -1 -2.588 -1 -2.876 -1 -3.164 -1 232
-3.02 -1 -2.666 -1 -2.72 -1 -3.122 -1 50
-2.921 -1 -2.558 -1 -2.752 -1 -3.088 -1 210
-2.92 -1 -2.516 -1 -2.648 -1 -2.992 -1 121
-2.82 -1 -2.47 -1 -2.71 -1 -3.072 -1 209
-2.891 -1 -2.514 -1 -2.766 -1 -3.054 -1 201
-2.91 -1 -2.584 -1 -2.804 -1 -3.116 -1 156
-2.96 -1 -2.594 -1 -2.65 -1 -3.06 -1 41
-2.855 -1 -2.482 -1 -2.554 -1 -2.932 -1 72
-2.743 -1 -2.422 -1 -2.546 -1 -3.01 -1 83
-2.778 -1 -2.424 -1 -2.526 -1 -2.96 -1 65
-2.743 -1 -2.412 -1 -2.668 -1 -3.006 -1 170
-2.837 -1 -2.442 -1 -2.456 -1 -2.896 -1 11
-2.676 -1 -2.344 -1 -2.51 -1 -3.002 -1 99
-2.756 -1 -2.418 -1 -2.52 -1 -2.908 -1 93
-2.714 -1 -2.38 -1 -2.642 -1 -3.028 -1 208
-2.835 -1 -2.458 -1 -2.766 -1 -3.054 -1 244
-2.91 -1 -2.47 -1 -2.598 -1 -3.006 -1 96
-2.802 -1 -2.446 -1 -2.712 -1 -3.028 -1 197
-2.87 -1 -2.456 -1 -2.654 -1 -3.064 -1 127
-2.859 -1 -2.466 -1 -2.664 -1 -3.04 -1 126
-2.852 -1 -2.446 -1 -2.546 -1 -2.976 -1 82
-2.761 -1 -2.464 -1 -2.616 -1 -2.962 -1 106
-2.789 -1 -2.398 -1 -2.53 -1 -2.908 -1 108
-2.719 -1 -2.374 -1 -2.712 -1 -3.092 -1 226
-2.902 -1 -2.418 -1 -2.64 -1 -3.026 -1 240
-2.833 -1 -2.436 -1 -2.57 -1 -2.924 -1 118
-2.747 -1 -2.394 -1 -2.606 -1 -2.91 -1 133
-2.758 -1 -2.416 -1 -2.682 -1 -3.06 -1 217
-2.871 -1 -2.446 -1 -2.578 -1 -2.95 -1 90
-2.764 -1 -2.398 -1 -2.606 -1 -2.922 -1 133
-2.764 -1 -2.416 -1 -2.694 -1 -2.974 -1 202
-2.834 -1 -2.45 -1 -2.636 -1 -3.018 -1 157
-2.827 -1 -2.464 -1 -2.522 -1 -2.908 -1 36
-2.715 -1 -2.368 -1 -2.458 -1 -2.856 -1 54
-2.657 -1 -2.34 -1 -2.634 -1 -2.932 -1 249
-2.783 -1 -2.386 -1 -2.392 -1 -2.91 -1 9
-2.651 -1 -2.32 -1 -2.368 -1 -2.796 -1 28
-2.582 -1 -2.232 -1 -2.39 -1 -2.808 -1 90
-2.599 -1 -2.256 -1 -2.476 -1 -2.87 -1 180
-2.673 -1 -2.312 -1 -2.384 -1 -2.748 -1 39
-2.566 -1 -2.23 -1 -2.498 -1 -2.874 -1 219
-2.686 -1 -2.314 -1 -2.392 -1 -2.822 -1 51
-2.607 -1 -2.27 -1 -2.456 -1 -2.848 -1 100
-2.652 -1 -2.276 -1 -2.518 -1 -2.88 -1 150
-2.699 -1 -2.308 -1 -2.53 -1 -2.9 -1 167
-2.715 -1 -2.332 -1 -2.486 -1 -2.862 -1 112
-2.674 -1 -2.264 -1 -2.368 -1 -2.788 -1 58
-2.578 -1 -2.256 -1 -2.554 -1 -2.902 -1 183
-2.728 -1 -2.322 -1 -2.328 -1 -2.77 -1 9
-2.549 -1 -2.204 -1 -2.562 -1 -2.872 -1 247
-2.717 -1 -2.318 -1 -2.338 -1 -2.722 -1 16
-2.53 -1 -2.18 -1 -2.446 -1 -2.898 -1 159
-2.672 -1 -2.264 -1 -2.524 -1 -2.884 -1 222
-2.704 -1 -2.3 -1 -2.514 -1 -2.87 -1 162
-2.692 -1 -2.298 -1 -2.568 -1 -2.934 -1 150
-2.751 -1 -2.346 -1 -2.594 -1 -2.94 -1 188
-2.767 -1 -2.372 -1 -2.592 -1 -2.886 -1 171
-2.739 -1 -2.36 -1 -2.36 -1 -2.786 -1 0
-2.573 -1 -2.25 -1 -2.356 -1 -2.75 -1 67
-2.553 -1 -2.218 -1 -2.234 -1 -2.694 -1 9
-2.464 -1 -2.158 -1 -2.418 -1 -2.812 -1 133
-2.615 -1 -2.254 -1 -2.554 -1 -2.882 -1 189
-2.718 -1 -2.322 -1 -2.64 -1 -2.926 -1 221
-2.783 -1 -2.364 -1 -2.542 -1 -2.816 -1 113
-2.679 -1 -2.316 -1 -2.49 -1 -2.814 -1 127
-2.652 -1 -2.228 -1 -2.28 -1 -2.686 -1 31
-2.483 -1 -2.166 -1 -2.274 -1 -2.756 -1 73
-2.515 -1 -2.158 -1 -2.532 -1 -2.848 -1 229
-2.69 -1 -2.272 -1 -2.666 -1 -2.92 -1 244
-2.793 -1 -2.37 -1 -2.39 -1 -2.716 -1 7
-2.553 -1 -2.176 -1 -2.55 -1 -2.852 -1 242
-2.701 -1 -2.27 -1 -2.352 -1 -2.748 -1 43
-2.55 -1 -2.198 -1 -2.372 -1 -2.776 0 151
