8 1000 0.7 7 19 0 0 0 0
-3.48 -1 -3.032 -1 -3.176 -1 -3.318 -1 220
-3.247 -1 -2.826 -1 -2.932 -1 -3.204 -1 161
-3.068 -1 -2.646 -1 -2.806 -1 -3.124 -1 243
-2.965 -1 -2.474 -1 -2.832 -1 -3.124 -1 334
-2.978 -1 -2.548 -1 -2.834 -1 -3.092 -1 330
-2.963 -1 -2.518 -1 -2.774 -1 -3.078 -1 348
-2.926 -1 -2.502 -1 -2.768 -1 -3.052 -1 227
-2.91 -1 -2.478 -1 -2.632 -1 -2.998 -1 157
-2.815 -1 -2.434 -1 -2.742 -1 -2.988 -1 316
-2.865 -1 -2.44 -1 -2.514 -1 -2.852 -1 47
-2.683 -1 -2.296 -1 -2.328 -1 -2.846 -1 25
-2.587 -1 -2.236 -1 -2.286 -1 -2.798 -1 32
-2.542 -1 -2.208 -1 -2.314 -1 -2.768 -1 78
-2.541 -1 -2.194 -1 -2.524 -1 -2.888 -1 209
-2.706 -1 -2.322 -1 -2.722 -1 -3.05 -1 324
-2.886 -1 -2.42 -1 -2.524 -1 -2.906 -1 80
-2.715 -1 -2.328 -1 -2.436 -1 -2.86 -1 106
-2.648 -1 -2.336 -1 -2.346 -1 -2.814 -1 6
-2.58 -1 -2.214 -1 -2.266 -1 -2.702 0 28
