9 1000 0.4 3 1736 0 0 0 0
-3.666 -1 -3.34 -1 -3.346 -1 -3.484 -1 74
-3.415 -1 -3.068 -1 -3.116 -1 -3.356 -1 109
-3.236 -1 -2.968 -1 -3.002 -1 -3.274 -1 29
-3.138 -1 -2.836 -1 -2.936 -1 -3.276 -1 101
-3.106 -1 -2.786 -1 -2.86 -1 -3.18 -1 73
-3.02 -1 -2.752 -1 -2.966 -1 -3.234 -1 197
-3.1 -1 -2.766 -1 -2.896 -1 -3.1 -1 117
-2.998 -1 -2.716 -1 -2.912 -1 -3.268 -1 139
-3.09 -1 -2.784 -1 -2.98 -1 -3.29 -1 180
-3.135 -1 -2.856 -1 -2.88 -1 -3.194 -1 16
-3.037 -1 -2.744 -1 -2.784 -1 -3.116 -1 33
-2.95 -1 -2.636 -1 -2.86 -1 -3.164 -1 189
-3.012 -1 -2.718 -1 -2.884 -1 -3.204 -1 169
-3.044 -1 -2.73 -1 -2.748 -1 -3.112 -1 14
-2.93 -1 -2.672 -1 -2.716 -1 -3.05 -1 38
-2.883 -1 -2.598 -1 -2.64 -1 -3.028 -1 56
-2.834 -1 -2.616 -1 -2.678 -1 -3.066 -1 75
-2.872 -1 -2.592 -1 -2.744 -1 -3.028 -1 130
-2.886 -1 -2.586 -1 -2.702 -1 -3.076 -1 94
-2.889 -1 -2.608 -1 -2.616 -1 -2.944 -1 13
-2.78 -1 -2.518 -1 -2.572 -1 -2.986 -1 37
-2.779 -1 -2.516 -1 -2.732 -1 -3.016 -1 146
-2.874 -1 -2.564 -1 -2.742 -1 -3.056 -1 132
-2.899 -1 -2.62 -1 -2.642 -1 -3.022 -1 25
-2.832 -1 -2.53 -1 -2.676 -1 -3.006 -1 107
-2.841 -1 -2.552 -1 -2.76 -1 -3.026 -1 183
-2.893 -1 -2.574 -1 -2.778 -1 -3.042 -1 156
-2.91 -1 -2.59 -1 -2.59 -1 -2.992 -1 6
-2.791 -1 -2.504 -1 -2.504 -1 -2.952 -1 0
-2.728 -1 -2.466 -1 -2.748 -1 -3.152 -1 169
-2.95 -1 -2.614 -1 -2.796 -1 -3.086 -1 198
-2.941 -1 -2.656 -1 -2.75 -1 -2.974 -1 60
-2.862 -1 -2.574 -1 -2.732 -1 -2.992 -1 153
-2.862 -1 -2.538 -1 -2.79 -1 -3.144 -1 193
-2.967 -1 -2.654 -1 -2.808 -1 -3.03 -1 149
-2.919 -1 -2.61 -1 -2.754 -1 -3.096 -1 105
-2.925 -1 -2.608 -1 -2.82 -1 -3.2 -1 188
-3.01 -1 -2.704 -1 -2.814 -1 -3.114 -1 108
-2.964 -1 -2.728 -1 -2.792 -1 -3.114 -1 67
-2.953 -1 -2.65 -1 -2.83 -1 -3.176 -1 172
-3.003 -1 -2.698 -1 -2.786 -1 -3.158 -1 75
-2.972 -1 -2.66 -1 -2.848 -1 -3.26 -1 161
-3.054 -1 -2.772 -1 -2.876 -1 -3.17 -1 96
-3.023 -1 -2.762 -1 -2.92 -1 -3.166 -1 177
-3.043 -1 -2.73 -1 -2.878 -1 -3.16 -1 171
-3.019 -1 -2.724 -1 -2.798 -1 -3.108 -1 98
-2.953 -1 -2.662 -1 -2.822 -1 -3.13 -1 157
-2.976 -1 -2.716 -1 -2.9 -1 -3.158 -1 187
-3.029 -1 -2.704 -1 -2.846 -1 -3.184 -1 180
-3.015 -1 -2.726 -1 -2.818 -1 -3.158 -1 84
-2.988 -1 -2.67 -1 -2.68 -1 -3.102 -1 11
-2.891 -1 -2.594 -1 -2.664 -1 -3.044 -1 56
-2.854 -1 -2.552 -1 -2.598 -1 -2.996 -1 42
-2.797 -1 -2.542 -1 -2.72 -1 -3.134 -1 164
-2.927 -1 -2.638 -1 -2.642 -1 -2.98 -1 11
-2.811 -1 -2.572 -1 -2.616 -1 -3.024 -1 53
-2.82 -1 -2.57 -1 -2.574 -1 -2.974 -1 4
-2.774 -1 -2.492 -1 -2.786 -1 -3.11 -1 191
-2.948 -1 -2.622 -1 -2.68 -1 -3.03 -1 51
-2.855 -1 -2.556 -1 -2.558 -1 -2.966 -1 5
-2.762 -1 -2.488 -1 -2.65 -1 -3.02 -1 103
-2.835 -1 -2.528 -1 -2.566 -1 -3.016 -1 48
-2.791 -1 -2.498 -1 -2.508 -1 -2.926 -1 7
-2.717 -1 -2.412 -1 -2.446 -1 -2.86 -1 42
-2.653 -1 -2.41 -1 -2.554 -1 -2.916 -1 103
-2.735 -1 -2.392 -1 -2.432 -1 -2.922 -1 36
-2.677 -1 -2.372 -1 -2.604 -1 -2.956 -1 174
-2.78 -1 -2.452 -1 -2.706 -1 -3.078 -1 179
-2.892 -1 -2.558 -1 -2.56 -1 -2.928 -1 7
-2.744 -1 -2.446 -1 -2.676 -1 -3.016 -1 137
-2.846 -1 -2.55 -1 -2.578 -1 -2.928 -1 40
-2.753 -1 -2.462 -1 -2.518 -1 -2.942 -1 37
-2.73 -1 -2.41 -1 -2.676 -1 -3.006 -1 194
-2.841 -1 -2.5 -1 -2.626 -1 -2.962 -1 124
-2.794 -1 -2.448 -1 -2.614 -1 -3.034 -1 144
-2.824 -1 -2.534 -1 -2.662 -1 -2.98 -1 94
-2.821 -1 -2.518 -1 -2.678 -1 -3.028 -1 127
-2.853 -1 -2.528 -1 -2.682 -1 -3.002 -1 133
-2.842 -1 -2.57 -1 -2.58 -1 -2.958 -1 11
-2.769 -1 -2.492 -1 -2.54 -1 -2.878 -1 39
-2.709 -1 -2.426 -1 -2.684 -1 -3.036 -1 186
-2.86 -1 -2.548 -1 -2.706 -1 -3.038 -1 126
-2.872 -1 -2.534 -1 -2.594 -1 -2.942 -1 66
-2.768 -1 -2.468 -1 -2.628 -1 -2.944 -1 120
-2.786 -1 -2.466 -1 -2.49 -1 -2.812 -1 6
-2.651 -1 -2.352 -1 -2.54 -1 -2.916 -1 172
-2.728 -1 -2.432 -1 -2.526 -1 -2.922 -1 81
-2.724 -1 -2.418 -1 -2.632 -1 -2.974 -1 164
-2.803 -1 -2.472 -1 -2.748 -1 -3.112 -1 199
-2.93 -1 -2.626 -1 -2.702 -1 -3.014 -1 71
-2.858 -1 -2.542 -1 -2.63 -1 -2.922 -1 76
-2.776 -1 -2.478 -1 -2.632 -1 -2.992 -1 127
-2.812 -1 -2.53 -1 -2.612 -1 -2.93 -1 63
-2.771 -1 -2.442 -1 -2.56 -1 -2.926 -1 73
-2.743 -1 -2.44 -1 -2.466 -1 -2.944 -1 25
-2.705 -1 -2.44 -1 -2.67 -1 -2.914 -1 179
-2.792 -1 -2.506 -1 -2.726 -1 -3.038 -1 178
-2.882 -1 -2.528 -1 -2.718 -1 -3.102 -1 188
-2.91 -1 -2.612 -1 -2.678 -1 -3.088 -1 54
-2.883 -1 -2.572 -1 -2.61 -1 -2.972 -1 39
-2.791 -1 -2.492 -1 -2.548 -1 -2.904 -1 36
-2.726 -1 -2.482 -1 -2.718 -1 -3.03 -1 175
-2.874 -1 -2.54 -1 -2.74 -1 -3.048 -1 199
-2.894 -1 -2.608 -1 -2.78 -1 -3.036 -1 141
-2.908 -1 -2.572 -1 -2.714 -1 -2.986 -1 102
-2.85 -1 -2.532 -1 -2.578 -1 -2.954 -1 38
-2.766 -1 -2.472 -1 -2.48 -1 -2.988 -1 7
-2.734 -1 -2.452 -1 -2.632 -1 -2.974 -1 123
-2.803 -1 -2.47 -1 -2.482 -1 -2.912 -1 9
-2.697 -1 -2.432 -1 -2.67 -1 -3.086 -1 162
-2.878 -1 -2.564 -1 -2.686 -1 -2.992 -1 101
-2.839 -1 -2.538 -1 -2.648 -1 -3.014 -1 159
-2.831 -1 -2.548 -1 -2.752 -1 -3.024 -1 164
-2.888 -1 -2.558 -1 -2.672 -1 -3.038 -1 127
-2.855 -1 -2.524 -1 -2.744 -1 -3.048 -1 170
-2.896 -1 -2.624 -1 -2.756 -1 -3.01 -1 117
-2.883 -1 -2.558 -1 -2.744 -1 -3.118 -1 192
-2.931 -1 -2.602 -1 -2.822 -1 -3.102 -1 194
-2.962 -1 -2.68 -1 -2.75 -1 -3.05 -1 44
-2.9 -1 -2.598 -1 -2.788 -1 -3.07 -1 134
-2.929 -1 -2.682 -1 -2.774 -1 -3.134 -1 105
-2.954 -1 -2.654 -1 -2.852 -1 -3.138 -1 147
-2.995 -1 -2.684 -1 -2.772 -1 -3.09 -1 88
-2.931 -1 -2.636 -1 -2.852 -1 -3.158 -1 195
-3.005 -1 -2.638 -1 -2.802 -1 -3.112 -1 171
-2.957 -1 -2.664 -1 -2.674 -1 -3.042 -1 9
-2.858 -1 -2.576 -1 -2.726 -1 -3.108 -1 116
-2.917 -1 -2.598 -1 -2.79 -1 -3.116 -1 183
-2.953 -1 -2.642 -1 -2.66 -1 -2.984 -1 11
-2.822 -1 -2.522 -1 -2.598 -1 -3.004 -1 75
-2.801 -1 -2.526 -1 -2.71 -1 -2.966 -1 123
-2.838 -1 -2.572 -1 -2.616 -1 -2.988 -1 45
-2.802 -1 -2.558 -1 -2.6 -1 -2.96 -1 27
-2.78 -1 -2.476 -1 -2.496 -1 -2.908 -1 18
-2.702 -1 -2.432 -1 -2.65 -1 -2.952 -1 155
-2.801 -1 -2.496 -1 -2.644 -1 -2.932 -1 121
-2.788 -1 -2.508 -1 -2.56 -1 -2.93 -1 38
-2.745 -1 -2.462 -1 -2.686 -1 -2.982 -1 188
-2.834 -1 -2.528 -1 -2.612 -1 -2.894 -1 77
-2.753 -1 -2.508 -1 -2.56 -1 -2.97 -1 48
-2.765 -1 -2.47 -1 -2.486 -1 -2.826 -1 15
-2.656 -1 -2.384 -1 -2.576 -1 -2.938 -1 125
-2.757 -1 -2.422 -1 -2.428 -1 -2.822 -1 4
-2.625 -1 -2.31 -1 -2.336 -1 -2.724 -1 16
-2.53 -1 -2.296 -1 -2.436 -1 -2.852 -1 99
-2.644 -1 -2.344 -1 -2.534 -1 -2.906 -1 150
-2.72 -1 -2.418 -1 -2.632 -1 -2.92 -1 177
-2.776 -1 -2.458 -1 -2.634 -1 -2.952 -1 118
-2.793 -1 -2.51 -1 -2.664 -1 -2.942 -1 165
-2.803 -1 -2.458 -1 -2.602 -1 -2.972 -1 117
-2.787 -1 -2.516 -1 -2.636 -1 -2.946 -1 62
-2.791 -1 -2.498 -1 -2.662 -1 -2.936 -1 198
-2.799 -1 -2.49 -1 -2.694 -1 -3.01 -1 157
-2.852 -1 -2.544 -1 -2.718 -1 -2.94 -1 153
-2.829 -1 -2.492 -1 -2.542 -1 -2.912 -1 23
-2.727 -1 -2.46 -1 -2.632 -1 -2.984 -1 177
-2.808 -1 -2.504 -1 -2.636 -1 -2.956 -1 109
-2.796 -1 -2.534 -1 -2.69 -1 -2.992 -1 170
-2.841 -1 -2.514 -1 -2.688 -1 -2.998 -1 116
-2.843 -1 -2.518 -1 -2.694 -1 -3.01 -1 149
-2.852 -1 -2.566 -1 -2.664 -1 -3.016 -1 77
-2.84 -1 -2.56 -1 -2.632 -1 -2.914 -1 46
-2.773 -1 -2.44 -1 -2.442 -1 -2.846 -1 7
-2.644 -1 -2.386 -1 -2.622 -1 -2.876 -1 165
-2.749 -1 -2.46 -1 -2.696 -1 -3.038 -1 141
-2.867 -1 -2.562 -1 -2.568 -1 -2.946 -1 2
-2.757 -1 -2.472 -1 -2.666 -1 -2.98 -1 150
-2.823 -1 -2.522 -1 -2.628 -1 -2.978 -1 99
-2.803 -1 -2.498 -1 -2.702 -1 -2.966 -1 145
-2.834 -1 -2.502 -1 -2.626 -1 -2.96 -1 77
-2.793 -1 -2.53 -1 -2.734 -1 -2.984 -1 162
-2.859 -1 -2.59 -1 -2.79 -1 -3.066 -1 159
-2.928 -1 -2.598 -1 -2.608 -1 -2.962 -1 10
-2.785 -1 -2.49 -1 -2.578 -1 -2.928 -1 83
-2.753 -1 -2.464 -1 -2.536 -1 -2.894 -1 61
-2.715 -1 -2.432 -1 -2.542 -1 -2.976 -1 72
-2.759 -1 -2.46 -1 -2.556 -1 -2.878 -1 53
-2.717 -1 -2.38 -1 -2.558 -1 -2.924 -1 157
-2.741 -1 -2.432 -1 -2.684 -1 -3.008 -1 189
-2.846 -1 -2.518 -1 -2.554 -1 -2.896 -1 43
-2.725 -1 -2.464 -1 -2.524 -1 -2.898 -1 38
-2.711 -1 -2.424 -1 -2.432 -1 -2.864 -1 8
-2.648 -1 -2.384 -1 -2.566 -1 -2.872 -1 125
-2.719 -1 -2.382 -1 -2.418 -1 -2.83 -1 30
-2.624 -1 -2.348 -1 -2.604 -1 -2.906 -1 157
-2.755 -1 -2.414 -1 -2.46 -1 -2.846 -1 20
-2.653 -1 -2.37 -1 -2.518 -1 -2.896 -1 100
-2.707 -1 -2.388 -1 -2.548 -1 -2.928 -1 126
-2.738 -1 -2.484 -1 -2.568 -1 -2.856 -1 63
-2.712 -1 -2.416 -1 -2.484 -1 -2.864 -1 62
-2.674 -1 -2.35 -1 -2.472 -1 -2.874 -1 79
-2.673 -1 -2.354 -1 -2.46 -1 -2.834 -1 70
-2.647 -1 -2.358 -1 -2.454 -1 -2.84 -1 47
-2.647 -1 -2.35 -1 -2.45 -1 -2.794 -1 65
-2.622 -1 -2.298 -1 -2.534 -1 -2.826 -1 167
-2.68 -1 -2.356 -1 -2.628 -1 -2.922 -1 173
-2.775 -1 -2.45 -1 -2.496 -1 -2.854 -1 44
-2.675 -1 -2.35 -1 -2.432 -1 -2.77 -1 60
-2.601 -1 -2.296 -1 -2.386 -1 -2.754 -1 53
-2.57 -1 -2.262 -1 -2.406 -1 -2.686 -1 75
-2.546 -1 -2.226 -1 -2.368 -1 -2.728 -1 125
-2.548 -1 -2.266 -1 -2.368 -1 -2.728 -1 71
-2.548 -1 -2.24 -1 -2.532 -1 -2.784 -1 199
-2.658 -1 -2.328 -1 -2.524 -1 -2.89 -1 145
-2.707 -1 -2.394 -1 -2.618 -1 -2.832 -1 120
-2.725 -1 -2.386 -1 -2.388 -1 -2.708 -1 11
-2.548 -1 -2.266 -1 -2.418 -1 -2.78 -1 87
-2.599 -1 -2.276 -1 -2.436 -1 -2.798 -1 99
-2.617 -1 -2.278 -1 -2.342 -1 -2.618 -1 43
-2.48 -1 -2.208 -1 -2.396 -1 -2.694 -1 121
-2.545 -1 -2.246 -1 -2.386 -1 -2.644 -1 107
-2.515 -1 -2.218 -1 -2.472 -1 -2.786 -1 155
-2.629 -1 -2.276 -1 -2.47 -1 -2.746 -1 113
-2.608 -1 -2.256 -1 -2.372 -1 -2.68 -1 90
-2.526 -1 -2.216 -1 -2.306 -1 -2.642 -1 60
-2.474 -1 -2.144 -1 -2.292 -1 -2.648 -1 88
-2.47 -1 -2.136 -1 -2.372 -1 -2.72 -1 157
-2.546 -1 -2.202 -1 -2.264 -1 -2.578 -1 25
-2.421 -1 -2.146 -1 -2.436 -1 -2.704 -1 171
-2.57 -1 -2.196 -1 -2.232 -1 -2.54 -1 16
-2.386 -1 -2.08 -1 -2.2 -1 -2.542 -1 72
-2.371 -1 -2.102 -1 -2.398 -1 -2.648 -1 181
-2.523 -1 -2.12 -1 -2.148 -1 -2.462 -1 19
-2.305 -1 -2.016 -1 -2.14 -1 -2.432 -1 53
-2.286 -1 -1.972 -1 -2.25 -1 -2.562 -1 174
-2.406 -1 -2.056 -1 -2.19 -1 -2.51 -1 68
-2.35 -1 -1.984 -1 -2.124 -1 -2.462 -1 68
-2.293 -1 -1.928 -1 -2.092 -1 -2.35 -1 82
-2.221 -1 -1.87 -1 -2.118 -1 -2.38 -1 133
-2.249 -1 -1.888 -1 -2.222 -1 -2.536 -1 183
-2.379 -1 -1.962 -1 -2.11 -1 -2.376 -1 69
-2.243 -1 -1.902 -1 -2.25 -1 -2.498 -1 142
-2.374 -1 -1.978 -1 -2.3 -1 -2.576 -1 180
-2.438 -1 -2.018 -1 -2.116 -1 -2.43 -1 57
-2.273 -1 -1.912 -1 -2.24 -1 -2.534 -1 169
-2.387 -1 -1.994 -1 -2.196 -1 -2.442 -1 126
-2.319 -1 -1.942 -1 -2.172 -1 -2.476 -1 106
-2.324 -1 -1.938 -1 -2.154 -1 -2.34 -1 110
-2.247 -1 -1.89 -1 -2.08 -1 -2.364 -1 96
-2.222 -1 -1.86 -1 -2.024 -1 -2.322 -1 95
-2.173 -1 -1.806 -1 -2.146 -1 -2.396 -1 174
-2.271 -1 -1.868 -1 -1.934 -1 -2.174 -1 26
-2.054 -1 -1.73 -1 -2.008 -1 -2.286 -1 110
-2.147 -1 -1.784 -1 -2.06 -1 -2.284 -1 124
-2.172 -1 -1.77 -1 -2.078 -1 -2.276 -1 143
-2.177 -1 -1.748 -1 -1.984 -1 -2.198 -1 104
-2.091 -1 -1.698 -1 -1.89 -1 -2.158 -1 91
-2.024 -1 -1.67 -1 -1.996 -1 -2.202 -1 144
-2.099 -1 -1.68 -1 -1.958 -1 -2.158 -1 124
-2.058 -1 -1.694 -1 -1.76 -1 -2.022 -1 30
-1.891 -1 -1.566 -1 -1.892 -1 -2.096 -1 126
-1.994 -1 -1.608 -1 -1.814 -1 -2.028 -1 80
-1.921 -1 -1.544 -1 -1.75 -1 -1.896 -1 81
-1.823 -1 -1.446 -1 -1.784 -1 -2.028 -1 135
-1.906 -1 -1.5 -1 -1.556 -1 -1.744 -1 20
-1.65 -1 -1.344 -1 -1.638 -1 -1.858 -1 116
-1.748 -1 -1.408 -1 -1.71 -1 -1.886 -1 117
-1.798 -1 -1.458 -1 -1.55 -1 -1.702 -1 33
-1.626 -1 -1.328 -1 -1.82 -1 -2.018 -1 193
-1.919 -1 -1.528 -1 -1.888 -1 -2.066 -1 159
-1.977 -1 -1.582 -1 -1.664 -1 -1.842 -1 38
-1.753 -1 -1.422 -1 -1.818 -1 -2.026 -1 159
-1.922 -1 -1.542 -1 -1.832 -1 -2.018 -1 121
-1.925 -1 -1.55 -1 -1.758 -1 -2.016 -1 76
-1.887 -1 -1.468 -1 -1.5 -1 -1.658 -1 10
-1.579 -1 -1.308 -1 -1.808 -1 -1.986 -1 178
-1.897 -1 -1.528 -1 -1.778 -1 -1.97 -1 103
-1.874 -1 -1.5 -1 -1.658 -1 -1.82 -1 65
-1.739 -1 -1.404 -1 -1.774 -1 -1.934 -1 142
-1.854 -1 -1.436 -1 -1.83 -1 -2.022 -1 159
-1.926 -1 -1.482 -1 -1.586 -1 -1.738 -1 32
-1.662 -1 -1.326 -1 -1.662 -1 -1.832 -1 123
-1.747 -1 -1.402 -1 -1.684 -1 -1.848 -1 121
-1.766 -1 -1.43 -1 -1.732 -1 -1.942 -1 118
-1.837 -1 -1.416 -1 -1.562 -1 -1.714 -1 54
-1.638 -1 -1.326 -1 -1.644 -1 -1.816 -1 115
-1.73 -1 -1.4 -1 -1.74 -1 -1.914 -1 128
-1.827 -1 -1.494 -1 -1.864 -1 -2.082 -1 145
-1.973 -1 -1.578 -1 -1.802 -1 -1.954 -1 110
-1.878 -1 -1.462 -1 -1.642 -1 -1.832 -1 63
-1.737 -1 -1.342 -1 -1.77 -1 -1.948 -1 172
-1.859 -1 -1.516 -1 -1.89 -1 -2.058 -1 153
-1.974 -1 -1.572 -1 -1.624 -1 -1.802 -1 22
-1.713 -1 -1.364 -1 -1.438 -1 -1.64 -1 26
-1.539 -1 -1.254 -1 -1.72 -1 -1.904 -1 193
-1.812 -1 -1.42 -1 -1.754 -1 -1.93 -1 145
-1.842 -1 -1.454 -1 -1.642 -1 -1.812 -1 75
-1.727 -1 -1.376 -1 -1.522 -1 -1.682 -1 50
-1.602 -1 -1.282 -1 -1.486 -1 -1.69 -1 67
-1.588 -1 -1.312 -1 -1.594 -1 -1.794 -1 117
-1.694 -1 -1.382 -1 -1.542 -1 -1.658 -1 55
-1.6 -1 -1.3 -1 -1.732 -1 -1.894 -1 163
-1.813 -1 -1.422 -1 -1.496 -1 -1.618 -1 22
-1.557 -1 -1.246 -1 -1.546 -1 -1.704 -1 104
-1.625 -1 -1.338 -1 -1.46 -1 -1.632 -1 49
-1.546 -1 -1.28 -1 -1.28 -1 -1.398 -1 0
-1.339 -1 -1.156 -1 -1.502 -1 -1.63 -1 128
-1.566 -1 -1.282 -1 -1.654 -1 -1.84 -1 143
-1.747 -1 -1.342 -1 -1.738 -1 -1.89 -1 159
-1.814 -1 -1.454 -1 -1.518 -1 -1.684 -1 25
-1.601 -1 -1.314 -1 -1.75 -1 -1.898 -1 174
-1.824 -1 -1.45 -1 -1.466 -1 -1.622 -1 9
-1.544 -1 -1.254 -1 -1.626 -1 -1.766 -1 131
-1.696 -1 -1.32 -1 -1.598 -1 -1.772 -1 113
-1.685 -1 -1.298 -1 -1.662 -1 -1.822 -1 144
-1.742 -1 -1.43 -1 -1.654 -1 -1.784 -1 75
-1.719 -1 -1.352 -1 -1.49 -1 -1.628 -1 55
-1.559 -1 -1.266 -1 -1.466 -1 -1.614 -1 76
-1.54 -1 -1.266 -1 -1.366 -1 -1.48 -1 30
-1.423 -1 -1.176 -1 -1.372 -1 -1.504 -1 76
-1.438 -1 -1.168 -1 -1.674 -1 -1.826 -1 185
-1.75 -1 -1.402 -1 -1.9 -1 -2.056 -1 185
-1.978 -1 -1.58 -1 -1.99 -1 -2.156 -1 153
-2.073 -1 -1.62 -1 -1.944 -1 -2.128 -1 135
-2.036 -1 -1.606 -1 -1.902 -1 -2.11 -1 113
-2.006 -1 -1.606 -1 -1.744 -1 -1.93 -1 69
-1.837 -1 -1.498 -1 -1.694 -1 -1.78 -1 80
-1.737 -1 -1.388 -1 -1.706 -1 -1.88 -1 141
-1.793 -1 -1.452 -1 -1.686 -1 -1.85 -1 102
-1.768 -1 -1.416 -1 -1.872 -1 -2.066 -1 196
-1.969 -1 -1.588 -1 -1.732 -1 -1.942 -1 65
-1.837 -1 -1.528 -1 -1.944 -1 -2.122 -1 179
-2.033 -1 -1.658 -1 -2.006 -1 -2.212 -1 165
-2.109 -1 -1.724 -1 -1.83 -1 -2.014 -1 37
-1.922 -1 -1.534 -1 -1.944 -1 -2.148 -1 183
-2.046 -1 -1.634 -1 -1.7 -1 -1.872 -1 31
-1.786 -1 -1.458 -1 -1.692 -1 -1.824 -1 96
-1.758 -1 -1.44 -1 -1.786 -1 -1.954 -1 124
-1.87 -1 -1.474 -1 -1.508 -1 -1.678 -1 14
-1.593 -1 -1.288 -1 -1.63 -1 -1.738 -1 107
-1.684 -1 -1.304 -1 -1.398 -1 -1.562 -1 37
-1.48 -1 -1.242 -1 -1.34 -1 -1.466 -1 33
-1.403 -1 -1.19 -1 -1.266 -1 -1.352 -1 28
-1.309 -1 -1.134 -1 -1.272 -1 -1.38 -1 49
-1.326 -1 -1.126 -1 -1.334 -1 -1.446 -1 70
-1.39 -1 -1.158 -1 -1.724 -1 -1.886 -1 196
-1.805 -1 -1.394 -1 -1.512 -1 -1.668 -1 44
-1.59 -1 -1.292 -1 -1.546 -1 -1.678 -1 84
-1.612 -1 -1.302 -1 -1.372 -1 -1.5 -1 27
-1.436 -1 -1.166 -1 -1.502 -1 -1.63 -1 138
-1.566 -1 -1.244 -1 -1.728 -1 -1.896 -1 184
-1.812 -1 -1.43 -1 -1.562 -1 -1.734 -1 49
-1.648 -1 -1.332 -1 -1.728 -1 -1.918 -1 148
-1.823 -1 -1.398 -1 -1.64 -1 -1.804 -1 93
-1.722 -1 -1.364 -1 -1.614 -1 -1.704 -1 88
-1.659 -1 -1.34 -1 -1.448 -1 -1.602 -1 42
-1.525 -1 -1.268 -1 -1.41 -1 -1.504 -1 40
-1.457 -1 -1.172 -1 -1.332 -1 -1.446 -1 47
-1.389 -1 -1.174 -1 -1.282 -1 -1.346 -1 28
-1.314 -1 -1.138 -1 -1.626 -1 -1.816 -1 172
-1.721 -1 -1.3 -1 -1.486 -1 -1.63 -1 79
-1.558 -1 -1.306 -1 -1.652 -1 -1.806 -1 123
-1.729 -1 -1.386 -1 -1.386 -1 -1.498 -1 1
-1.442 -1 -1.21 -1 -1.314 -1 -1.416 -1 37
-1.365 -1 -1.156 -1 -1.68 -1 -1.836 -1 178
-1.758 -1 -1.38 -1 -1.444 -1 -1.548 -1 28
-1.496 -1 -1.202 -1 -1.684 -1 -1.816 -1 176
-1.75 -1 -1.368 -1 -1.534 -1 -1.686 -1 58
-1.61 -1 -1.282 -1 -1.462 -1 -1.57 -1 68
-1.516 -1 -1.236 -1 -1.41 -1 -1.54 -1 77
-1.475 -1 -1.2 -1 -1.306 -1 -1.392 -1 37
-1.349 -1 -1.154 -1 -1.236 -1 -1.346 -1 30
-1.291 -1 -1.126 -1 -1.19 -1 -1.28 -1 20
-1.235 -1 -1.086 -1 -1.546 -1 -1.684 -1 146
-1.615 -1 -1.282 -1 -1.704 -1 -1.868 -1 136
-1.786 -1 -1.412 -1 -1.812 -1 -1.96 -1 194
-1.886 -1 -1.456 -1 -1.518 -1 -1.61 -1 23
-1.564 -1 -1.312 -1 -1.614 -1 -1.78 -1 116
-1.697 -1 -1.398 -1 -1.566 -1 -1.73 -1 53
-1.648 -1 -1.36 -1 -1.788 -1 -1.976 -1 152
-1.882 -1 -1.504 -1 -1.684 -1 -1.79 -1 66
-1.737 -1 -1.366 -1 -1.914 -1 -2.088 -1 193
-2.001 -1 -1.556 -1 -1.844 -1 -2.036 -1 98
-1.94 -1 -1.532 -1 -1.554 -1 -1.666 -1 11
-1.61 -1 -1.3 -1 -1.666 -1 -1.85 -1 132
-1.758 -1 -1.412 -1 -1.816 -1 -2 -1 174
-1.908 -1 -1.566 -1 -1.782 -1 -1.93 -1 94
-1.856 -1 -1.496 -1 -1.694 -1 -1.85 -1 77
-1.772 -1 -1.448 -1 -1.864 -1 -2.056 -1 187
-1.96 -1 -1.53 -1 -1.73 -1 -1.958 -1 80
-1.844 -1 -1.526 -1 -1.602 -1 -1.782 -1 30
-1.692 -1 -1.362 -1 -1.842 -1 -2.024 -1 194
-1.933 -1 -1.544 -1 -1.722 -1 -1.892 -1 75
-1.807 -1 -1.462 -1 -1.828 -1 -2.008 -1 148
-1.918 -1 -1.462 -1 -1.538 -1 -1.74 -1 33
-1.639 -1 -1.34 -1 -1.738 -1 -1.904 -1 160
-1.821 -1 -1.466 -1 -1.752 -1 -1.922 -1 107
-1.837 -1 -1.454 -1 -1.758 -1 -1.942 -1 144
-1.85 -1 -1.488 -1 -1.676 -1 -1.826 -1 69
-1.751 -1 -1.444 -1 -1.61 -1 -1.762 -1 70
-1.686 -1 -1.34 -1 -1.36 -1 -1.482 -1 15
-1.421 -1 -1.194 -1 -1.232 -1 -1.314 -1 15
-1.273 -1 -1.104 -1 -1.378 -1 -1.484 -1 87
-1.431 -1 -1.18 -1 -1.604 -1 -1.76 -1 157
-1.682 -1 -1.318 -1 -1.484 -1 -1.608 -1 57
-1.546 -1 -1.26 -1 -1.572 -1 -1.72 -1 102
-1.646 -1 -1.338 -1 -1.762 -1 -1.896 -1 155
-1.829 -1 -1.42 -1 -1.658 -1 -1.854 -1 114
-1.756 -1 -1.394 -1 -1.528 -1 -1.674 -1 54
-1.601 -1 -1.308 -1 -1.69 -1 -1.892 -1 148
-1.791 -1 -1.422 -1 -1.9 -1 -2.026 -1 186
-1.963 -1 -1.512 -1 -1.972 -1 -2.224 -1 186
-2.098 -1 -1.666 -1 -1.78 -1 -1.98 -1 48
-1.88 -1 -1.526 -1 -1.77 -1 -1.966 -1 97
-1.868 -1 -1.532 -1 -1.854 -1 -2.112 -1 125
-1.983 -1 -1.582 -1 -1.892 -1 -2.092 -1 135
-1.992 -1 -1.588 -1 -1.924 -1 -2.108 -1 143
-2.016 -1 -1.6 -1 -1.756 -1 -2.004 -1 69
-1.88 -1 -1.522 -1 -1.744 -1 -1.956 -1 92
-1.85 -1 -1.5 -1 -1.908 -1 -2.086 -1 175
-1.997 -1 -1.592 -1 -2.026 -1 -2.188 -1 183
-2.107 -1 -1.622 -1 -1.854 -1 -2.076 -1 95
-1.965 -1 -1.59 -1 -1.726 -1 -1.946 -1 59
-1.836 -1 -1.442 -1 -1.87 -1 -2.08 -1 180
-1.975 -1 -1.526 -1 -1.988 -1 -2.158 -1 187
-2.073 -1 -1.646 -1 -1.986 -1 -2.208 -1 146
-2.097 -1 -1.68 -1 -1.984 -1 -2.156 -1 142
-2.07 -1 -1.656 -1 -1.84 -1 -2.094 -1 81
-1.967 -1 -1.612 -1 -1.65 -1 -1.882 -1 16
-1.766 -1 -1.48 -1 -1.956 -1 -2.104 -1 189
-2.03 -1 -1.646 -1 -1.904 -1 -2.08 -1 123
-1.992 -1 -1.572 -1 -1.9 -1 -2.114 -1 135
-2.007 -1 -1.572 -1 -1.752 -1 -1.966 -1 84
-1.859 -1 -1.484 -1 -1.862 -1 -2.118 -1 163
-1.99 -1 -1.574 -1 -1.61 -1 -1.752 -1 18
-1.681 -1 -1.372 -1 -1.604 -1 -1.812 -1 84
-1.708 -1 -1.424 -1 -1.72 -1 -1.878 -1 101
-1.799 -1 -1.394 -1 -1.404 -1 -1.508 -1 3
-1.456 -1 -1.186 -1 -1.476 -1 -1.622 -1 107
-1.549 -1 -1.246 -1 -1.698 -1 -1.846 -1 187
-1.772 -1 -1.406 -1 -1.64 -1 -1.826 -1 109
-1.733 -1 -1.432 -1 -1.47 -1 -1.632 -1 18
-1.551 -1 -1.264 -1 -1.34 -1 -1.428 -1 21
-1.384 -1 -1.178 -1 -1.376 -1 -1.478 -1 62
-1.427 -1 -1.18 -1 -1.308 -1 -1.414 -1 50
-1.361 -1 -1.18 -1 -1.464 -1 -1.572 -1 87
-1.518 -1 -1.224 -1 -1.44 -1 -1.552 -1 71
-1.496 -1 -1.174 -1 -1.312 -1 -1.408 -1 43
-1.36 -1 -1.144 -1 -1.472 -1 -1.602 -1 114
-1.537 -1 -1.27 -1 -1.694 -1 -1.852 -1 163
-1.773 -1 -1.388 -1 -1.518 -1 -1.642 -1 58
-1.58 -1 -1.3 -1 -1.506 -1 -1.618 -1 74
-1.562 -1 -1.242 -1 -1.382 -1 -1.516 -1 51
-1.449 -1 -1.204 -1 -1.526 -1 -1.642 -1 114
-1.584 -1 -1.292 -1 -1.644 -1 -1.794 -1 144
-1.719 -1 -1.358 -1 -1.56 -1 -1.724 -1 92
-1.642 -1 -1.346 -1 -1.832 -1 -1.984 -1 182
-1.908 -1 -1.54 -1 -1.576 -1 -1.626 -1 17
-1.601 -1 -1.28 -1 -1.438 -1 -1.578 -1 62
-1.508 -1 -1.28 -1 -1.682 -1 -1.816 -1 142
-1.749 -1 -1.364 -1 -1.494 -1 -1.614 -1 58
-1.554 -1 -1.238 -1 -1.328 -1 -1.442 -1 34
-1.385 -1 -1.178 -1 -1.696 -1 -1.786 -1 163
-1.741 -1 -1.396 -1 -1.534 -1 -1.64 -1 63
-1.587 -1 -1.286 -1 -1.424 -1 -1.544 -1 48
-1.484 -1 -1.238 -1 -1.618 -1 -1.792 -1 134
-1.705 -1 -1.34 -1 -1.658 -1 -1.804 -1 101
-1.731 -1 -1.354 -1 -1.748 -1 -1.854 -1 156
-1.801 -1 -1.422 -1 -1.758 -1 -1.878 -1 147
-1.818 -1 -1.498 -1 -1.77 -1 -1.95 -1 119
-1.86 -1 -1.49 -1 -1.768 -1 -1.934 -1 143
-1.851 -1 -1.468 -1 -1.664 -1 -1.866 -1 74
-1.765 -1 -1.416 -1 -1.684 -1 -1.888 -1 95
-1.786 -1 -1.378 -1 -1.67 -1 -1.842 -1 107
-1.756 -1 -1.39 -1 -1.678 -1 -1.84 -1 112
-1.759 -1 -1.38 -1 -1.798 -1 -2.048 -1 171
-1.923 -1 -1.506 -1 -1.924 -1 -2.082 -1 192
-2.003 -1 -1.556 -1 -1.712 -1 -1.87 -1 74
-1.791 -1 -1.438 -1 -1.908 -1 -2.058 -1 197
-1.983 -1 -1.642 -1 -1.868 -1 -2.014 -1 104
-1.941 -1 -1.58 -1 -1.788 -1 -1.996 -1 93
-1.892 -1 -1.516 -1 -1.552 -1 -1.75 -1 12
-1.651 -1 -1.348 -1 -1.84 -1 -2.024 -1 185
-1.932 -1 -1.486 -1 -1.792 -1 -2 -1 152
-1.896 -1 -1.568 -1 -1.75 -1 -1.94 -1 75
-1.845 -1 -1.47 -1 -1.574 -1 -1.714 -1 38
-1.644 -1 -1.322 -1 -1.63 -1 -1.74 -1 106
-1.685 -1 -1.354 -1 -1.536 -1 -1.704 -1 77
-1.62 -1 -1.3 -1 -1.794 -1 -1.928 -1 170
-1.861 -1 -1.452 -1 -1.722 -1 -1.88 -1 101
-1.801 -1 -1.388 -1 -1.426 -1 -1.55 -1 11
-1.488 -1 -1.248 -1 -1.55 -1 -1.706 -1 119
-1.628 -1 -1.316 -1 -1.34 -1 -1.476 -1 12
-1.408 -1 -1.2 -1 -1.664 -1 -1.834 -1 162
-1.749 -1 -1.378 -1 -1.634 -1 -1.808 -1 113
-1.721 -1 -1.364 -1 -1.458 -1 -1.564 -1 38
-1.511 -1 -1.264 -1 -1.592 -1 -1.762 -1 130
-1.677 -1 -1.306 -1 -1.38 -1 -1.556 -1 24
-1.468 -1 -1.226 -1 -1.51 -1 -1.678 -1 103
-1.594 -1 -1.284 -1 -1.724 -1 -1.898 -1 160
-1.811 -1 -1.424 -1 -1.43 -1 -1.576 -1 3
-1.503 -1 -1.26 -1 -1.378 -1 -1.498 -1 43
-1.438 -1 -1.22 -1 -1.558 -1 -1.65 -1 125
-1.604 -1 -1.308 -1 -1.842 -1 -1.944 -1 193
-1.893 -1 -1.43 -1 -1.484 -1 -1.632 -1 15
-1.558 -1 -1.248 -1 -1.734 -1 -1.858 -1 171
-1.796 -1 -1.406 -1 -1.698 -1 -1.836 -1 117
-1.767 -1 -1.412 -1 -1.884 -1 -2.026 -1 179
-1.955 -1 -1.538 -1 -1.886 -1 -2.056 -1 143
-1.971 -1 -1.55 -1 -1.93 -1 -2.054 -1 169
-1.992 -1 -1.576 -1 -1.85 -1 -2.014 -1 98
-1.932 -1 -1.548 -1 -1.838 -1 -1.99 -1 101
-1.914 -1 -1.536 -1 -1.95 -1 -2.17 -1 188
-2.06 -1 -1.64 -1 -1.846 -1 -2.044 -1 84
-1.945 -1 -1.562 -1 -1.694 -1 -1.878 -1 41
-1.786 -1 -1.436 -1 -1.87 -1 -2.014 -1 164
-1.942 -1 -1.55 -1 -1.81 -1 -1.966 -1 116
-1.888 -1 -1.478 -1 -1.892 -1 -2.114 -1 179
-2.003 -1 -1.658 -1 -2.034 -1 -2.172 -1 197
-2.103 -1 -1.682 -1 -2.078 -1 -2.276 -1 188
-2.177 -1 -1.748 -1 -1.822 -1 -2.018 -1 46
-1.92 -1 -1.52 -1 -1.726 -1 -1.958 -1 88
-1.842 -1 -1.49 -1 -1.55 -1 -1.726 -1 31
-1.638 -1 -1.328 -1 -1.34 -1 -1.528 -1 10
-1.434 -1 -1.2 -1 -1.378 -1 -1.554 -1 64
-1.466 -1 -1.246 -1 -1.688 -1 -1.876 -1 160
-1.782 -1 -1.408 -1 -1.866 -1 -2.07 -1 175
-1.968 -1 -1.534 -1 -1.85 -1 -2.068 -1 121
-1.959 -1 -1.57 -1 -2.024 -1 -2.214 -1 188
-2.119 -1 -1.68 -1 -2.094 -1 -2.346 -1 198
-2.22 -1 -1.776 -1 -2.022 -1 -2.186 -1 102
-2.104 -1 -1.67 -1 -1.674 -1 -1.828 -1 4
-1.751 -1 -1.404 -1 -1.506 -1 -1.67 -1 39
-1.588 -1 -1.286 -1 -1.31 -1 -1.432 -1 7
-1.371 -1 -1.168 -1 -1.42 -1 -1.522 -1 75
-1.471 -1 -1.206 -1 -1.338 -1 -1.5 -1 46
-1.419 -1 -1.198 -1 -1.544 -1 -1.698 -1 118
-1.621 -1 -1.31 -1 -1.728 -1 -1.86 -1 169
-1.794 -1 -1.412 -1 -1.506 -1 -1.656 -1 35
-1.581 -1 -1.256 -1 -1.564 -1 -1.646 -1 118
-1.605 -1 -1.284 -1 -1.648 -1 -1.844 -1 147
-1.746 -1 -1.386 -1 -1.792 -1 -1.948 -1 152
-1.87 -1 -1.44 -1 -1.604 -1 -1.78 -1 72
-1.692 -1 -1.36 -1 -1.818 -1 -1.998 -1 173
-1.908 -1 -1.488 -1 -1.938 -1 -2.098 -1 173
-2.018 -1 -1.6 -1 -1.62 -1 -1.782 -1 8
-1.701 -1 -1.354 -1 -1.854 -1 -2.036 -1 180
-1.945 -1 -1.538 -1 -1.842 -1 -2.04 -1 122
-1.941 -1 -1.506 -1 -1.622 -1 -1.746 -1 44
-1.684 -1 -1.314 -1 -1.76 -1 -1.886 -1 164
-1.823 -1 -1.448 -1 -1.564 -1 -1.738 -1 52
-1.651 -1 -1.326 -1 -1.57 -1 -1.716 -1 84
-1.643 -1 -1.31 -1 -1.754 -1 -1.902 -1 167
-1.828 -1 -1.458 -1 -1.468 -1 -1.628 -1 4
-1.548 -1 -1.314 -1 -1.552 -1 -1.7 -1 82
-1.626 -1 -1.304 -1 -1.778 -1 -1.904 -1 193
-1.841 -1 -1.428 -1 -1.658 -1 -1.768 -1 81
-1.713 -1 -1.364 -1 -1.668 -1 -1.82 -1 108
-1.744 -1 -1.41 -1 -1.59 -1 -1.756 -1 65
-1.673 -1 -1.362 -1 -1.62 -1 -1.754 -1 99
-1.687 -1 -1.332 -1 -1.47 -1 -1.594 -1 53
-1.532 -1 -1.272 -1 -1.444 -1 -1.58 -1 68
-1.512 -1 -1.226 -1 -1.608 -1 -1.738 -1 153
-1.673 -1 -1.324 -1 -1.428 -1 -1.544 -1 33
-1.486 -1 -1.24 -1 -1.434 -1 -1.562 -1 77
-1.498 -1 -1.234 -1 -1.534 -1 -1.732 -1 121
-1.633 -1 -1.362 -1 -1.844 -1 -2.038 -1 192
-1.941 -1 -1.462 -1 -1.522 -1 -1.644 -1 25
-1.583 -1 -1.292 -1 -1.52 -1 -1.678 -1 81
-1.599 -1 -1.314 -1 -1.544 -1 -1.708 -1 83
-1.626 -1 -1.282 -1 -1.672 -1 -1.84 -1 143
-1.756 -1 -1.37 -1 -1.376 -1 -1.486 -1 2
-1.431 -1 -1.198 -1 -1.704 -1 -1.862 -1 179
-1.783 -1 -1.434 -1 -1.932 -1 -2.112 -1 192
-2.022 -1 -1.626 -1 -1.832 -1 -1.98 -1 84
-1.906 -1 -1.49 -1 -1.89 -1 -2.096 -1 165
-1.993 -1 -1.596 -1 -1.648 -1 -1.812 -1 25
-1.73 -1 -1.37 -1 -1.608 -1 -1.778 -1 94
-1.693 -1 -1.344 -1 -1.788 -1 -2.028 -1 170
-1.908 -1 -1.486 -1 -1.662 -1 -1.886 -1 63
-1.774 -1 -1.45 -1 -1.776 -1 -2.012 -1 156
-1.894 -1 -1.496 -1 -1.732 -1 -1.976 -1 100
-1.854 -1 -1.464 -1 -1.634 -1 -1.82 -1 65
-1.727 -1 -1.382 -1 -1.46 -1 -1.608 -1 20
-1.534 -1 -1.27 -1 -1.406 -1 -1.56 -1 57
-1.483 -1 -1.206 -1 -1.258 -1 -1.39 -1 14
-1.324 -1 -1.146 -1 -1.592 -1 -1.77 -1 165
-1.681 -1 -1.32 -1 -1.43 -1 -1.538 -1 35
-1.484 -1 -1.2 -1 -1.396 -1 -1.508 -1 79
-1.452 -1 -1.23 -1 -1.306 -1 -1.424 -1 23
-1.365 -1 -1.162 -1 -1.356 -1 -1.474 -1 73
-1.415 -1 -1.186 -1 -1.642 -1 -1.758 -1 167
-1.7 -1 -1.328 -1 -1.744 -1 -1.936 -1 164
-1.84 -1 -1.45 -1 -1.752 -1 -1.924 -1 110
-1.838 -1 -1.428 -1 -1.474 -1 -1.564 -1 21
-1.519 -1 -1.214 -1 -1.636 -1 -1.804 -1 146
-1.72 -1 -1.342 -1 -1.78 -1 -1.924 -1 158
-1.852 -1 -1.472 -1 -1.746 -1 -1.904 -1 122
-1.825 -1 -1.494 -1 -1.688 -1 -1.894 -1 77
-1.791 -1 -1.422 -1 -1.684 -1 -1.86 -1 108
-1.772 -1 -1.404 -1 -1.654 -1 -1.814 -1 88
-1.734 -1 -1.394 -1 -1.89 -1 -2.02 -1 191
-1.955 -1 -1.554 -1 -1.914 -1 -2.088 -1 169
-2.001 -1 -1.582 -1 -1.618 -1 -1.822 -1 13
-1.72 -1 -1.348 -1 -1.396 -1 -1.492 -1 17
-1.444 -1 -1.198 -1 -1.504 -1 -1.632 -1 110
-1.568 -1 -1.292 -1 -1.534 -1 -1.644 -1 73
-1.589 -1 -1.28 -1 -1.726 -1 -1.822 -1 165
-1.774 -1 -1.416 -1 -1.794 -1 -1.92 -1 149
-1.857 -1 -1.47 -1 -1.85 -1 -1.99 -1 152
-1.92 -1 -1.524 -1 -1.524 -1 -1.648 -1 1
-1.586 -1 -1.306 -1 -1.7 -1 -1.87 -1 157
-1.785 -1 -1.388 -1 -1.882 -1 -2.122 -1 197
-2.002 -1 -1.614 -1 -1.874 -1 -2.034 -1 113
-1.954 -1 -1.612 -1 -1.758 -1 -2.008 -1 52
-1.883 -1 -1.5 -1 -1.844 -1 -2.014 -1 163
-1.929 -1 -1.534 -1 -1.676 -1 -1.844 -1 48
-1.76 -1 -1.448 -1 -1.516 -1 -1.664 -1 27
-1.59 -1 -1.338 -1 -1.478 -1 -1.656 -1 51
-1.567 -1 -1.266 -1 -1.568 -1 -1.718 -1 104
-1.643 -1 -1.31 -1 -1.626 -1 -1.766 -1 125
-1.696 -1 -1.352 -1 -1.646 -1 -1.796 -1 120
-1.721 -1 -1.384 -1 -1.848 -1 -1.95 -1 189
-1.899 -1 -1.482 -1 -1.72 -1 -1.922 -1 98
-1.821 -1 -1.43 -1 -1.768 -1 -1.9 -1 119
-1.834 -1 -1.442 -1 -1.828 -1 -2.044 -1 158
-1.936 -1 -1.494 -1 -1.786 -1 -1.958 -1 126
-1.872 -1 -1.492 -1 -1.848 -1 -1.964 -1 130
-1.906 -1 -1.504 -1 -1.858 -1 -2.102 -1 156
-1.98 -1 -1.554 -1 -1.554 -1 -1.704 -1 0
-1.629 -1 -1.316 -1 -1.618 -1 -1.77 -1 100
-1.694 -1 -1.354 -1 -1.612 -1 -1.764 -1 111
-1.688 -1 -1.36 -1 -1.66 -1 -1.792 -1 110
-1.726 -1 -1.364 -1 -1.794 -1 -1.986 -1 163
-1.89 -1 -1.48 -1 -1.938 -1 -2.166 -1 193
-2.052 -1 -1.616 -1 -1.874 -1 -2.09 -1 116
-1.982 -1 -1.58 -1 -1.928 -1 -2.118 -1 169
-2.023 -1 -1.624 -1 -1.776 -1 -1.976 -1 65
-1.876 -1 -1.476 -1 -1.95 -1 -2.126 -1 159
-2.038 -1 -1.62 -1 -1.758 -1 -1.946 -1 58
-1.852 -1 -1.48 -1 -1.642 -1 -1.764 -1 62
-1.703 -1 -1.408 -1 -1.606 -1 -1.77 -1 75
-1.688 -1 -1.38 -1 -1.466 -1 -1.614 -1 34
-1.54 -1 -1.252 -1 -1.774 -1 -1.922 -1 197
-1.848 -1 -1.406 -1 -1.646 -1 -1.772 -1 84
-1.709 -1 -1.368 -1 -1.818 -1 -1.992 -1 167
-1.905 -1 -1.494 -1 -1.566 -1 -1.718 -1 31
-1.642 -1 -1.32 -1 -1.678 -1 -1.856 -1 121
-1.767 -1 -1.424 -1 -1.866 -1 -2.092 -1 181
-1.979 -1 -1.52 -1 -1.856 -1 -2.098 -1 140
-1.977 -1 -1.604 -1 -1.618 -1 -1.754 -1 6
-1.686 -1 -1.354 -1 -1.786 -1 -1.958 -1 159
-1.872 -1 -1.462 -1 -1.866 -1 -2.048 -1 166
-1.957 -1 -1.566 -1 -1.704 -1 -1.796 -1 72
-1.75 -1 -1.422 -1 -1.7 -1 -1.892 -1 128
-1.796 -1 -1.462 -1 -1.482 -1 -1.602 -1 11
-1.542 -1 -1.256 -1 -1.3 -1 -1.384 -1 16
-1.342 -1 -1.162 -1 -1.518 -1 -1.636 -1 113
-1.577 -1 -1.296 -1 -1.402 -1 -1.498 -1 35
-1.45 -1 -1.198 -1 -1.61 -1 -1.686 -1 163
-1.648 -1 -1.302 -1 -1.71 -1 -1.854 -1 142
-1.782 -1 -1.378 -1 -1.422 -1 -1.54 -1 19
-1.481 -1 -1.242 -1 -1.61 -1 -1.764 -1 141
-1.687 -1 -1.356 -1 -1.648 -1 -1.792 -1 103
-1.72 -1 -1.416 -1 -1.572 -1 -1.684 -1 64
-1.628 -1 -1.326 -1 -1.546 -1 -1.662 -1 74
-1.604 -1 -1.29 -1 -1.444 -1 -1.586 -1 60
-1.515 -1 -1.23 -1 -1.71 -1 -1.908 -1 195
-1.809 -1 -1.416 -1 -1.754 -1 -1.918 -1 118
-1.836 -1 -1.436 -1 -1.618 -1 -1.72 -1 62
-1.669 -1 -1.354 -1 -1.758 -1 -1.92 -1 161
-1.839 -1 -1.462 -1 -1.804 -1 -1.94 -1 148
-1.872 -1 -1.522 -1 -1.742 -1 -1.966 -1 105
-1.854 -1 -1.428 -1 -1.94 -1 -2.046 -1 196
-1.993 -1 -1.602 -1 -1.776 -1 -1.904 -1 70
-1.84 -1 -1.492 -1 -1.672 -1 -1.822 -1 75
-1.747 -1 -1.432 -1 -1.74 -1 -1.89 -1 133
-1.815 -1 -1.472 -1 -1.752 -1 -1.942 -1 116
-1.847 -1 -1.41 -1 -1.72 -1 -1.878 -1 117
-1.799 -1 -1.44 -1 -1.926 -1 -2.078 -1 198
-2.002 -1 -1.552 -1 -1.828 -1 -2.02 -1 121
-1.924 -1 -1.546 -1 -1.866 -1 -2.048 -1 118
-1.957 -1 -1.568 -1 -1.724 -1 -1.922 -1 59
-1.823 -1 -1.428 -1 -1.524 -1 -1.65 -1 55
-1.587 -1 -1.286 -1 -1.65 -1 -1.8 -1 115
-1.725 -1 -1.39 -1 -1.502 -1 -1.654 -1 36
-1.578 -1 -1.256 -1 -1.45 -1 -1.602 -1 56
-1.526 -1 -1.2 -1 -1.39 -1 -1.48 -1 63
-1.435 -1 -1.208 -1 -1.608 -1 -1.748 -1 126
-1.678 -1 -1.334 -1 -1.62 -1 -1.76 -1 115
-1.69 -1 -1.37 -1 -1.742 -1 -1.914 -1 136
-1.828 -1 -1.488 -1 -1.574 -1 -1.704 -1 30
-1.639 -1 -1.32 -1 -1.748 -1 -1.968 -1 155
-1.858 -1 -1.442 -1 -1.744 -1 -1.89 -1 119
-1.817 -1 -1.458 -1 -1.642 -1 -1.79 -1 84
-1.716 -1 -1.354 -1 -1.854 -1 -1.974 -1 196
-1.914 -1 -1.464 -1 -1.838 -1 -2.03 -1 150
-1.934 -1 -1.566 -1 -1.65 -1 -1.832 -1 26
-1.741 -1 -1.416 -1 -1.8 -1 -2.05 -1 142
-1.925 -1 -1.552 -1 -1.798 -1 -1.962 -1 96
-1.88 -1 -1.446 -1 -1.6 -1 -1.76 -1 67
-1.68 -1 -1.336 -1 -1.336 -1 -1.496 -1 0
-1.416 -1 -1.21 -1 -1.29 -1 -1.408 -1 28
-1.349 -1 -1.132 -1 -1.37 -1 -1.462 -1 78
-1.416 -1 -1.172 -1 -1.5 -1 -1.626 -1 100
-1.563 -1 -1.262 -1 -1.482 -1 -1.608 -1 73
-1.545 -1 -1.256 -1 -1.556 -1 -1.72 -1 113
-1.638 -1 -1.32 -1 -1.682 -1 -1.834 -1 138
-1.758 -1 -1.394 -1 -1.88 -1 -2.004 -1 193
-1.942 -1 -1.528 -1 -1.62 -1 -1.776 -1 35
-1.698 -1 -1.366 -1 -1.43 -1 -1.558 -1 20
-1.494 -1 -1.214 -1 -1.71 -1 -1.918 -1 188
-1.814 -1 -1.436 -1 -1.654 -1 -1.788 -1 83
-1.721 -1 -1.388 -1 -1.82 -1 -2.008 -1 183
-1.914 -1 -1.524 -1 -1.696 -1 -1.832 -1 62
-1.764 -1 -1.406 -1 -1.542 -1 -1.698 -1 49
-1.62 -1 -1.362 -1 -1.79 -1 -1.962 -1 178
-1.876 -1 -1.472 -1 -1.538 -1 -1.68 -1 24
-1.609 -1 -1.326 -1 -1.746 -1 -1.948 -1 164
-1.847 -1 -1.442 -1 -1.658 -1 -1.828 -1 71
-1.743 -1 -1.408 -1 -1.768 -1 -1.914 -1 137
-1.841 -1 -1.464 -1 -1.908 -1 -2.066 -1 198
-1.987 -1 -1.604 -1 -1.728 -1 -1.892 -1 50
-1.81 -1 -1.442 -1 -1.784 -1 -1.938 -1 129
-1.861 -1 -1.466 -1 -1.872 -1 -2.058 -1 157
-1.965 -1 -1.552 -1 -1.788 -1 -1.966 -1 101
-1.877 -1 -1.504 -1 -1.888 -1 -2.082 -1 154
-1.985 -1 -1.564 -1 -1.678 -1 -1.828 -1 53
-1.753 -1 -1.37 -1 -1.556 -1 -1.742 -1 65
-1.649 -1 -1.368 -1 -1.768 -1 -1.978 -1 158
-1.873 -1 -1.498 -1 -1.71 -1 -1.924 -1 107
-1.817 -1 -1.42 -1 -1.49 -1 -1.634 -1 24
-1.562 -1 -1.272 -1 -1.672 -1 -1.822 -1 125
-1.747 -1 -1.378 -1 -1.88 -1 -2.05 -1 193
-1.965 -1 -1.538 -1 -1.582 -1 -1.764 -1 9
-1.673 -1 -1.318 -1 -1.49 -1 -1.652 -1 71
-1.571 -1 -1.288 -1 -1.47 -1 -1.62 -1 77
-1.545 -1 -1.244 -1 -1.356 -1 -1.436 -1 35
-1.396 -1 -1.164 -1 -1.708 -1 -1.866 -1 194
-1.787 -1 -1.404 -1 -1.696 -1 -1.81 -1 112
-1.753 -1 -1.394 -1 -1.886 -1 -2.052 -1 198
-1.969 -1 -1.594 -1 -1.976 -1 -2.182 -1 160
-2.079 -1 -1.644 -1 -1.752 -1 -1.954 -1 48
-1.853 -1 -1.46 -1 -1.802 -1 -2.012 -1 134
-1.907 -1 -1.488 -1 -1.82 -1 -1.968 -1 144
-1.894 -1 -1.48 -1 -1.72 -1 -1.956 -1 112
-1.838 -1 -1.482 -1 -1.91 -1 -2.122 -1 183
-2.016 -1 -1.59 -1 -1.614 -1 -1.764 -1 11
-1.689 -1 -1.372 -1 -1.822 -1 -1.988 -1 193
-1.905 -1 -1.478 -1 -1.506 -1 -1.692 -1 15
-1.599 -1 -1.282 -1 -1.468 -1 -1.626 -1 65
-1.547 -1 -1.268 -1 -1.77 -1 -1.978 -1 197
-1.874 -1 -1.488 -1 -1.786 -1 -2 -1 124
-1.893 -1 -1.524 -1 -1.644 -1 -1.802 -1 47
-1.723 -1 -1.386 -1 -1.886 -1 -2.06 -1 194
-1.973 -1 -1.572 -1 -1.644 -1 -1.852 -1 29
-1.748 -1 -1.442 -1 -1.85 -1 -2.084 -1 174
-1.967 -1 -1.598 -1 -1.732 -1 -1.92 -1 61
-1.826 -1 -1.494 -1 -1.814 -1 -1.948 -1 135
-1.881 -1 -1.492 -1 -1.864 -1 -2.078 -1 134
-1.971 -1 -1.568 -1 -1.76 -1 -1.986 -1 84
-1.873 -1 -1.502 -1 -1.818 -1 -1.99 -1 136
-1.904 -1 -1.558 -1 -2.022 -1 -2.222 -1 188
-2.122 -1 -1.712 -1 -2.01 -1 -2.278 -1 151
-2.144 -1 -1.77 -1 -2.078 -1 -2.292 -1 150
-2.185 -1 -1.734 -1 -1.986 -1 -2.17 -1 129
-2.078 -1 -1.672 -1 -1.84 -1 -2.12 -1 79
-1.98 -1 -1.62 -1 -1.82 -1 -1.99 -1 98
-1.905 -1 -1.528 -1 -1.724 -1 -1.938 -1 80
-1.831 -1 -1.478 -1 -1.612 -1 -1.774 -1 47
-1.693 -1 -1.384 -1 -1.674 -1 -1.846 -1 117
-1.76 -1 -1.422 -1 -1.682 -1 -1.84 -1 95
-1.761 -1 -1.378 -1 -1.382 -1 -1.572 -1 3
-1.477 -1 -1.246 -1 -1.638 -1 -1.822 -1 139
-1.73 -1 -1.372 -1 -1.588 -1 -1.754 -1 88
-1.671 -1 -1.362 -1 -1.62 -1 -1.786 -1 98
-1.703 -1 -1.354 -1 -1.8 -1 -1.932 -1 176
-1.866 -1 -1.466 -1 -1.868 -1 -2.062 -1 158
-1.965 -1 -1.546 -1 -1.78 -1 -1.974 -1 109
-1.877 -1 -1.468 -1 -1.898 -1 -2.08 -1 167
-1.989 -1 -1.628 -1 -1.702 -1 -1.86 -1 31
-1.781 -1 -1.458 -1 -1.926 -1 -2.064 -1 194
-1.995 -1 -1.61 -1 -1.858 -1 -2.02 -1 103
-1.939 -1 -1.594 -1 -1.602 -1 -1.768 -1 5
-1.685 -1 -1.37 -1 -1.864 -1 -2.066 -1 188
-1.965 -1 -1.568 -1 -1.81 -1 -2.01 -1 107
-1.91 -1 -1.506 -1 -1.516 -1 -1.698 -1 11
-1.607 -1 -1.31 -1 -1.31 -1 -1.42 -1 1
-1.365 -1 -1.168 -1 -1.648 -1 -1.804 -1 157
-1.726 -1 -1.342 -1 -1.588 -1 -1.758 -1 99
-1.673 -1 -1.376 -1 -1.74 -1 -1.84 -1 134
-1.79 -1 -1.392 -1 -1.554 -1 -1.708 -1 62
-1.631 -1 -1.308 -1 -1.514 -1 -1.628 -1 60
-1.571 -1 -1.288 -1 -1.368 -1 -1.548 -1 31
-1.458 -1 -1.196 -1 -1.726 -1 -1.87 -1 197
-1.798 -1 -1.39 -1 -1.494 -1 -1.638 -1 35
-1.566 -1 -1.276 -1 -1.688 -1 -1.842 -1 174
-1.765 -1 -1.384 -1 -1.658 -1 -1.83 -1 122
-1.744 -1 -1.368 -1 -1.532 -1 -1.676 -1 59
-1.604 -1 -1.292 -1 -1.658 -1 -1.756 -1 139
-1.707 -1 -1.352 -1 -1.456 -1 -1.602 -1 35
-1.529 -1 -1.298 -1 -1.504 -1 -1.644 -1 72
-1.574 -1 -1.27 -1 -1.336 -1 -1.444 -1 26
-1.39 -1 -1.156 -1 -1.332 -1 -1.442 -1 60
-1.387 -1 -1.126 -1 -1.266 -1 -1.334 -1 43
-1.3 -1 -1.146 -1 -1.49 -1 -1.612 -1 134
-1.551 -1 -1.228 -1 -1.418 -1 -1.54 -1 60
-1.479 -1 -1.202 -1 -1.318 -1 -1.456 -1 40
-1.387 -1 -1.182 -1 -1.44 -1 -1.53 -1 79
-1.485 -1 -1.204 -1 -1.34 -1 -1.398 -1 51
-1.369 -1 -1.13 -1 -1.654 -1 -1.82 -1 189
-1.737 -1 -1.36 -1 -1.652 -1 -1.782 -1 119
-1.717 -1 -1.348 -1 -1.408 -1 -1.55 -1 13
-1.479 -1 -1.184 -1 -1.508 -1 -1.63 -1 106
-1.569 -1 -1.22 -1 -1.362 -1 -1.496 -1 48
-1.429 -1 -1.184 -1 -1.698 -1 -1.87 -1 191
-1.784 -1 -1.382 -1 -1.5 -1 -1.61 -1 35
-1.555 -1 -1.264 -1 -1.408 -1 -1.596 -1 61
-1.502 -1 -1.234 -1 -1.424 -1 -1.534 -1 68
-1.479 -1 -1.25 -1 -1.426 -1 -1.542 -1 54
-1.484 -1 -1.202 -1 -1.342 -1 -1.428 -1 47
-1.385 -1 -1.18 -1 -1.624 -1 -1.726 -1 142
-1.675 -1 -1.35 -1 -1.702 -1 -1.866 -1 155
-1.784 -1 -1.416 -1 -1.964 -1 -2.098 -1 199
-2.031 -1 -1.572 -1 -1.736 -1 -1.9 -1 77
-1.818 -1 -1.384 -1 -1.454 -1 -1.6 -1 25
-1.527 -1 -1.268 -1 -1.638 -1 -1.774 -1 137
-1.706 -1 -1.37 -1 -1.374 -1 -1.442 -1 2
-1.408 -1 -1.176 -1 -1.246 -1 -1.356 -1 24
-1.301 -1 -1.138 -1 -1.222 -1 -1.278 -1 30
-1.25 -1 -1.08 -1 -1.422 -1 -1.55 -1 112
-1.486 -1 -1.188 -1 -1.33 -1 -1.45 -1 44
-1.39 -1 -1.168 -1 -1.516 -1 -1.63 -1 114
-1.573 -1 -1.256 -1 -1.524 -1 -1.674 -1 89
-1.599 -1 -1.252 -1 -1.372 -1 -1.466 -1 38
-1.419 -1 -1.192 -1 -1.604 -1 -1.754 -1 150
-1.679 -1 -1.348 -1 -1.372 -1 -1.476 -1 10
-1.424 -1 -1.166 -1 -1.252 -1 -1.388 -1 38
-1.32 -1 -1.122 -1 -1.524 -1 -1.656 -1 143
-1.59 -1 -1.282 -1 -1.356 -1 -1.444 -1 24
-1.4 -1 -1.156 -1 -1.582 -1 -1.742 -1 150
-1.662 -1 -1.362 -1 -1.518 -1 -1.638 -1 56
-1.578 -1 -1.282 -1 -1.49 -1 -1.626 -1 77
-1.558 -1 -1.254 -1 -1.746 -1 -1.902 -1 176
-1.824 -1 -1.464 -1 -1.708 -1 -1.89 -1 93
-1.799 -1 -1.436 -1 -1.916 -1 -2.078 -1 194
-1.997 -1 -1.562 -1 -1.784 -1 -1.956 -1 101
-1.87 -1 -1.502 -1 -1.664 -1 -1.828 -1 65
-1.746 -1 -1.348 -1 -1.812 -1 -2.042 -1 186
-1.927 -1 -1.532 -1 -1.928 -1 -2.122 -1 170
-2.025 -1 -1.628 -1 -2.016 -1 -2.148 -1 169
-2.082 -1 -1.7 -1 -2.112 -1 -2.308 -1 195
-2.21 -1 -1.74 -1 -1.924 -1 -2.136 -1 77
-2.03 -1 -1.64 -1 -1.654 -1 -1.844 -1 4
-1.749 -1 -1.442 -1 -1.924 -1 -2.12 -1 185
-2.022 -1 -1.6 -1 -1.754 -1 -1.924 -1 61
-1.839 -1 -1.422 -1 -1.462 -1 -1.642 -1 16
-1.552 -1 -1.268 -1 -1.584 -1 -1.802 -1 122
-1.693 -1 -1.352 -1 -1.644 -1 -1.738 -1 113
-1.691 -1 -1.384 -1 -1.59 -1 -1.732 -1 77
-1.661 -1 -1.342 -1 -1.652 -1 -1.794 -1 132
-1.723 -1 -1.352 -1 -1.7 -1 -1.868 -1 152
-1.784 -1 -1.394 -1 -1.666 -1 -1.808 -1 101
-1.737 -1 -1.39 -1 -1.464 -1 -1.624 -1 33
-1.544 -1 -1.266 -1 -1.63 -1 -1.816 -1 148
-1.723 -1 -1.408 -1 -1.688 -1 -1.852 -1 106
-1.77 -1 -1.362 -1 -1.686 -1 -1.798 -1 121
-1.742 -1 -1.364 -1 -1.524 -1 -1.642 -1 55
-1.583 -1 -1.292 -1 -1.854 -1 -2.036 -1 196
-1.945 -1 -1.51 -1 -1.582 -1 -1.748 -1 26
-1.665 -1 -1.35 -1 -1.364 -1 -1.496 -1 6
-1.43 -1 -1.182 -1 -1.302 -1 -1.384 -1 49
-1.343 -1 -1.132 -1 -1.208 -1 -1.318 -1 29
-1.263 -1 -1.11 -1 -1.298 -1 -1.442 -1 75
-1.37 -1 -1.122 -1 -1.582 -1 -1.732 -1 174
-1.657 -1 -1.32 -1 -1.822 -1 -1.968 -1 184
-1.895 -1 -1.516 -1 -1.562 -1 -1.746 -1 17
-1.654 -1 -1.356 -1 -1.364 -1 -1.466 -1 4
-1.415 -1 -1.188 -1 -1.632 -1 -1.748 -1 153
-1.69 -1 -1.342 -1 -1.718 -1 -1.852 -1 138
-1.785 -1 -1.392 -1 -1.814 -1 -2.03 -1 175
-1.922 -1 -1.512 -1 -1.966 -1 -2.118 -1 195
-2.042 -1 -1.604 -1 -1.69 -1 -1.874 -1 31
-1.782 -1 -1.456 -1 -1.764 -1 -1.886 -1 128
-1.825 -1 -1.408 -1 -1.424 -1 -1.6 -1 10
-1.512 -1 -1.232 -1 -1.612 -1 -1.774 -1 128
-1.693 -1 -1.376 -1 -1.656 -1 -1.78 -1 100
-1.718 -1 -1.356 -1 -1.754 -1 -1.958 -1 177
-1.856 -1 -1.45 -1 -1.602 -1 -1.78 -1 65
-1.691 -1 -1.352 -1 -1.784 -1 -1.98 -1 174
-1.882 -1 -1.44 -1 -1.724 -1 -1.888 -1 119
-1.806 -1 -1.416 -1 -1.746 -1 -1.896 -1 112
-1.821 -1 -1.468 -1 -1.752 -1 -1.942 -1 104
-1.847 -1 -1.408 -1 -1.526 -1 -1.67 -1 32
-1.598 -1 -1.33 -1 -1.59 -1 -1.786 -1 89
-1.688 -1 -1.334 -1 -1.66 -1 -1.796 -1 114
-1.728 -1 -1.368 -1 -1.666 -1 -1.804 -1 117
-1.735 -1 -1.396 -1 -1.42 -1 -1.536 -1 14
-1.478 -1 -1.24 -1 -1.314 -1 -1.428 -1 21
-1.371 -1 -1.162 -1 -1.502 -1 -1.636 -1 112
-1.569 -1 -1.254 -1 -1.598 -1 -1.78 -1 129
-1.689 -1 -1.292 -1 -1.524 -1 -1.656 -1 83
-1.59 -1 -1.306 -1 -1.74 -1 -1.916 -1 161
-1.828 -1 -1.422 -1 -1.914 -1 -2.11 -1 188
-2.012 -1 -1.568 -1 -1.63 -1 -1.758 -1 30
-1.694 -1 -1.328 -1 -1.606 -1 -1.788 -1 98
-1.697 -1 -1.354 -1 -1.434 -1 -1.576 -1 28
-1.505 -1 -1.224 -1 -1.722 -1 -1.894 -1 179
-1.808 -1 -1.418 -1 -1.7 -1 -1.86 -1 125
-1.78 -1 -1.378 -1 -1.404 -1 -1.546 -1 9
-1.475 -1 -1.214 -1 -1.33 -1 -1.432 -1 46
-1.381 -1 -1.148 -1 -1.182 -1 -1.264 -1 9
-1.223 -1 -1.086 -1 -1.58 -1 -1.698 -1 179
-1.639 -1 -1.296 -1 -1.608 -1 -1.766 -1 108
-1.687 -1 -1.344 -1 -1.618 -1 -1.82 -1 105
-1.719 -1 -1.382 -1 -1.78 -1 -1.948 -1 156
-1.864 -1 -1.482 -1 -1.61 -1 -1.74 -1 54
-1.675 -1 -1.354 -1 -1.53 -1 -1.668 -1 70
-1.599 -1 -1.262 -1 -1.544 -1 -1.734 -1 101
-1.639 -1 -1.334 -1 -1.37 -1 -1.476 -1 12
-1.423 -1 -1.176 -1 -1.63 -1 -1.788 -1 158
-1.709 -1 -1.32 -1 -1.624 -1 -1.78 -1 102
-1.702 -1 -1.356 -1 -1.86 -1 -1.99 -1 186
-1.925 -1 -1.492 -1 -1.516 -1 -1.662 -1 8
-1.589 -1 -1.282 -1 -1.666 -1 -1.822 -1 167
-1.744 -1 -1.328 -1 -1.772 -1 -1.946 -1 170
-1.859 -1 -1.468 -1 -1.634 -1 -1.826 -1 74
-1.73 -1 -1.344 -1 -1.584 -1 -1.764 -1 95
-1.674 -1 -1.346 -1 -1.37 -1 -1.534 -1 11
-1.452 -1 -1.204 -1 -1.648 -1 -1.798 -1 150
-1.723 -1 -1.362 -1 -1.538 -1 -1.682 -1 77
-1.61 -1 -1.306 -1 -1.716 -1 -1.916 -1 147
-1.816 -1 -1.464 -1 -1.48 -1 -1.592 -1 5
-1.536 -1 -1.254 -1 -1.486 -1 -1.63 -1 78
-1.558 -1 -1.26 -1 -1.562 -1 -1.732 -1 125
-1.647 -1 -1.324 -1 -1.82 -1 -1.992 -1 195
-1.906 -1 -1.498 -1 -1.836 -1 -2.014 -1 124
-1.925 -1 -1.506 -1 -1.534 -1 -1.688 -1 13
-1.611 -1 -1.306 -1 -1.556 -1 -1.708 -1 89
-1.632 -1 -1.3 -1 -1.588 -1 -1.718 -1 105
-1.653 -1 -1.314 -1 -1.636 -1 -1.802 -1 114
-1.719 -1 -1.334 -1 -1.742 -1 -1.882 -1 155
-1.812 -1 -1.382 -1 -1.778 -1 -1.938 -1 153
-1.858 -1 -1.458 -1 -1.528 -1 -1.66 -1 22
-1.594 -1 -1.29 -1 -1.578 -1 -1.764 -1 119
-1.671 -1 -1.326 -1 -1.514 -1 -1.652 -1 75
-1.583 -1 -1.29 -1 -1.47 -1 -1.606 -1 68
-1.538 -1 -1.242 -1 -1.636 -1 -1.826 -1 168
-1.731 -1 -1.348 -1 -1.766 -1 -1.91 -1 145
-1.838 -1 -1.452 -1 -1.688 -1 -1.882 -1 99
-1.785 -1 -1.358 -1 -1.664 -1 -1.822 -1 127
-1.743 -1 -1.394 -1 -1.64 -1 -1.802 -1 92
-1.721 -1 -1.336 -1 -1.578 -1 -1.742 -1 77
-1.66 -1 -1.322 -1 -1.71 -1 -1.946 -1 149
-1.828 -1 -1.442 -1 -1.458 -1 -1.574 -1 7
-1.516 -1 -1.282 -1 -1.586 -1 -1.756 -1 123
-1.671 -1 -1.338 -1 -1.478 -1 -1.6 -1 48
-1.539 -1 -1.27 -1 -1.314 -1 -1.394 -1 19
-1.354 -1 -1.144 -1 -1.476 -1 -1.674 -1 117
-1.575 -1 -1.236 -1 -1.726 -1 -1.84 -1 178
-1.783 -1 -1.394 -1 -1.406 -1 -1.538 -1 2
-1.472 -1 -1.214 -1 -1.594 -1 -1.726 -1 138
-1.66 -1 -1.304 -1 -1.648 -1 -1.806 -1 120
-1.727 -1 -1.384 -1 -1.818 -1 -1.956 -1 161
-1.887 -1 -1.494 -1 -1.846 -1 -2.004 -1 163
-1.925 -1 -1.548 -1 -1.948 -1 -2.176 -1 197
-2.062 -1 -1.576 -1 -1.83 -1 -2.102 -1 122
-1.966 -1 -1.602 -1 -1.886 -1 -2.078 -1 120
-1.982 -1 -1.56 -1 -1.7 -1 -1.8 -1 66
-1.75 -1 -1.428 -1 -1.52 -1 -1.684 -1 30
-1.602 -1 -1.31 -1 -1.534 -1 -1.676 -1 78
-1.605 -1 -1.31 -1 -1.678 -1 -1.844 -1 142
-1.761 -1 -1.408 -1 -1.608 -1 -1.796 -1 84
-1.702 -1 -1.35 -1 -1.478 -1 -1.622 -1 42
-1.55 -1 -1.22 -1 -1.452 -1 -1.568 -1 78
-1.51 -1 -1.258 -1 -1.392 -1 -1.516 -1 48
-1.454 -1 -1.192 -1 -1.586 -1 -1.704 -1 136
-1.645 -1 -1.31 -1 -1.78 -1 -1.944 -1 177
-1.862 -1 -1.468 -1 -1.93 -1 -2.084 -1 199
-2.007 -1 -1.616 -1 -1.868 -1 -1.982 -1 100
-1.925 -1 -1.556 -1 -1.7 -1 -1.844 -1 67
-1.772 -1 -1.41 -1 -1.552 -1 -1.678 -1 51
-1.615 -1 -1.29 -1 -1.33 -1 -1.462 -1 18
-1.396 -1 -1.164 -1 -1.588 -1 -1.718 -1 134
-1.653 -1 -1.31 -1 -1.562 -1 -1.706 -1 81
-1.634 -1 -1.306 -1 -1.588 -1 -1.752 -1 98
-1.67 -1 -1.32 -1 -1.684 -1 -1.822 -1 123
-1.753 -1 -1.372 -1 -1.61 -1 -1.736 -1 88
-1.673 -1 -1.322 -1 -1.802 -1 -1.942 -1 196
-1.872 -1 -1.398 -1 -1.6 -1 -1.69 -1 89
-1.645 -1 -1.346 -1 -1.38 -1 -1.542 -1 10
-1.461 -1 -1.24 -1 -1.61 -1 -1.702 -1 125
-1.656 -1 -1.356 -1 -1.634 -1 -1.826 -1 110
-1.73 -1 -1.374 -1 -1.756 -1 -1.894 -1 145
-1.825 -1 -1.412 -1 -1.644 -1 -1.82 -1 84
-1.732 -1 -1.346 -1 -1.742 -1 -1.898 -1 151
-1.82 -1 -1.432 -1 -1.81 -1 -1.994 -1 162
-1.902 -1 -1.502 -1 -1.658 -1 -1.826 -1 54
-1.742 -1 -1.404 -1 -1.86 -1 -2.042 -1 187
-1.951 -1 -1.512 -1 -1.758 -1 -1.946 -1 107
-1.852 -1 -1.434 -1 -1.464 -1 -1.604 -1 11
-1.534 -1 -1.274 -1 -1.436 -1 -1.56 -1 72
-1.498 -1 -1.228 -1 -1.534 -1 -1.656 -1 110
-1.595 -1 -1.292 -1 -1.616 -1 -1.798 -1 110
-1.707 -1 -1.356 -1 -1.65 -1 -1.776 -1 117
-1.713 -1 -1.362 -1 -1.762 -1 -1.922 -1 142
-1.842 -1 -1.468 -1 -1.9 -1 -2.046 -1 162
-1.973 -1 -1.522 -1 -1.866 -1 -1.99 -1 130
-1.928 -1 -1.502 -1 -1.506 -1 -1.64 -1 1
-1.573 -1 -1.25 -1 -1.378 -1 -1.53 -1 41
-1.454 -1 -1.224 -1 -1.302 -1 -1.432 -1 20
-1.367 -1 -1.186 -1 -1.2 -1 -1.296 -1 5
-1.248 -1 -1.084 -1 -1.132 -1 -1.196 -1 16
-1.164 -1 -1.048 -1 -1.098 -1 -1.162 -1 26
-1.13 -1 -1.036 -1 -1.46 -1 -1.602 -1 136
-1.531 -1 -1.244 -1 -1.654 -1 -1.81 -1 157
-1.732 -1 -1.324 -1 -1.49 -1 -1.588 -1 47
-1.539 -1 -1.226 -1 -1.566 -1 -1.682 -1 146
-1.624 -1 -1.252 -1 -1.386 -1 -1.522 -1 47
-1.454 -1 -1.21 -1 -1.468 -1 -1.604 -1 83
-1.536 -1 -1.254 -1 -1.784 -1 -1.954 -1 191
-1.869 -1 -1.446 -1 -1.546 -1 -1.684 -1 39
-1.615 -1 -1.304 -1 -1.306 -1 -1.402 -1 1
-1.354 -1 -1.17 -1 -1.366 -1 -1.468 -1 69
-1.417 -1 -1.182 -1 -1.292 -1 -1.394 -1 32
-1.343 -1 -1.136 -1 -1.366 -1 -1.436 -1 72
-1.401 -1 -1.152 -1 -1.568 -1 -1.728 -1 136
-1.648 -1 -1.284 -1 -1.77 -1 -1.91 -1 195
-1.84 -1 -1.434 -1 -1.582 -1 -1.674 -1 65
-1.628 -1 -1.278 -1 -1.44 -1 -1.596 -1 61
-1.518 -1 -1.262 -1 -1.596 -1 -1.772 -1 139
-1.684 -1 -1.304 -1 -1.31 -1 -1.426 -1 3
-1.368 -1 -1.166 -1 -1.634 -1 -1.804 -1 191
-1.719 -1 -1.384 -1 -1.808 -1 -1.996 -1 158
-1.902 -1 -1.464 -1 -1.776 -1 -1.96 -1 137
-1.868 -1 -1.474 -1 -1.694 -1 -1.846 -1 82
-1.77 -1 -1.418 -1 -1.654 -1 -1.774 -1 102
-1.714 -1 -1.378 -1 -1.378 -1 -1.514 -1 0
-1.446 -1 -1.228 -1 -1.642 -1 -1.776 -1 159
-1.709 -1 -1.344 -1 -1.404 -1 -1.544 -1 20
-1.474 -1 -1.23 -1 -1.24 -1 -1.348 -1 3
-1.294 -1 -1.122 -1 -1.688 -1 -1.848 -1 199
-1.768 -1 -1.422 -1 -1.882 -1 -2.058 -1 191
-1.97 -1 -1.6 -1 -1.786 -1 -1.91 -1 87
-1.848 -1 -1.436 -1 -1.614 -1 -1.754 -1 55
-1.684 -1 -1.332 -1 -1.416 -1 -1.582 -1 33
-1.499 -1 -1.278 -1 -1.594 -1 -1.748 -1 117
-1.671 -1 -1.392 -1 -1.834 -1 -2.026 -1 168
-1.93 -1 -1.506 -1 -1.536 -1 -1.658 -1 13
-1.597 -1 -1.328 -1 -1.808 -1 -2.024 -1 196
-1.916 -1 -1.516 -1 -1.976 -1 -2.116 -1 176
-2.046 -1 -1.6 -1 -2.068 -1 -2.212 -1 179
-2.14 -1 -1.744 -1 -1.816 -1 -2.034 -1 28
-1.925 -1 -1.544 -1 -1.56 -1 -1.712 -1 8
-1.636 -1 -1.35 -1 -1.764 -1 -1.942 -1 139
-1.853 -1 -1.47 -1 -1.632 -1 -1.804 -1 58
-1.718 -1 -1.38 -1 -1.512 -1 -1.622 -1 54
-1.567 -1 -1.272 -1 -1.536 -1 -1.692 -1 105
-1.614 -1 -1.32 -1 -1.688 -1 -1.848 -1 121
-1.768 -1 -1.414 -1 -1.694 -1 -1.87 -1 114
-1.782 -1 -1.432 -1 -1.752 -1 -1.952 -1 129
-1.852 -1 -1.496 -1 -1.74 -1 -1.912 -1 102
-1.826 -1 -1.398 -1 -1.814 -1 -2 -1 181
-1.907 -1 -1.512 -1 -1.746 -1 -1.892 -1 102
-1.819 -1 -1.454 -1 -1.678 -1 -1.888 -1 94
-1.783 -1 -1.462 -1 -1.822 -1 -1.952 -1 147
-1.887 -1 -1.496 -1 -1.852 -1 -2.066 -1 157
-1.959 -1 -1.526 -1 -1.87 -1 -2.052 -1 145
-1.961 -1 -1.544 -1 -1.762 -1 -1.946 -1 81
-1.854 -1 -1.484 -1 -1.524 -1 -1.75 -1 16
-1.637 -1 -1.378 -1 -1.482 -1 -1.662 -1 37
-1.572 -1 -1.272 -1 -1.63 -1 -1.784 -1 121
-1.707 -1 -1.324 -1 -1.328 -1 -1.486 -1 3
-1.407 -1 -1.202 -1 -1.294 -1 -1.392 -1 27
-1.343 -1 -1.166 -1 -1.186 -1 -1.25 -1 4
-1.218 -1 -1.076 -1 -1.356 -1 -1.458 -1 94
-1.407 -1 -1.166 -1 -1.546 -1 -1.67 -1 129
-1.608 -1 -1.28 -1 -1.828 -1 -1.988 -1 195
-1.908 -1 -1.488 -1 -1.932 -1 -2.154 -1 193
-2.043 -1 -1.622 -1 -2.018 -1 -2.238 -1 194
-2.128 -1 -1.666 -1 -1.7 -1 -1.866 -1 12
-1.783 -1 -1.47 -1 -1.676 -1 -1.804 -1 82
-1.74 -1 -1.402 -1 -1.42 -1 -1.548 -1 6
-1.484 -1 -1.254 -1 -1.764 -1 -1.928 -1 195
-1.846 -1 -1.46 -1 -1.734 -1 -1.85 -1 97
-1.792 -1 -1.4 -1 -1.944 -1 -2.106 -1 196
-2.025 -1 -1.616 -1 -1.82 -1 -2.006 -1 89
-1.913 -1 -1.496 -1 -1.954 -1 -2.116 -1 194
-2.035 -1 -1.606 -1 -1.606 -1 -1.818 -1 0
-1.712 -1 -1.34 -1 -1.8 -1 -2.026 -1 188
-1.913 -1 -1.53 -1 -1.88 -1 -2.02 -1 117
-1.95 -1 -1.52 -1 -1.686 -1 -1.874 -1 76
-1.78 -1 -1.462 -1 -1.768 -1 -1.936 -1 126
-1.852 -1 -1.442 -1 -1.886 -1 -2.054 -1 171
-1.97 -1 -1.552 -1 -1.8 -1 -1.996 -1 100
-1.898 -1 -1.494 -1 -1.77 -1 -1.892 -1 103
-1.831 -1 -1.48 -1 -1.6 -1 -1.772 -1 45
-1.686 -1 -1.356 -1 -1.824 -1 -2.008 -1 186
-1.916 -1 -1.494 -1 -1.65 -1 -1.802 -1 60
-1.726 -1 -1.426 -1 -1.468 -1 -1.586 -1 10
-1.527 -1 -1.272 -1 -1.514 -1 -1.658 -1 88
-1.586 -1 -1.262 -1 -1.756 -1 -1.952 -1 193
-1.854 -1 -1.446 -1 -1.7 -1 -1.89 -1 92
-1.795 -1 -1.386 -1 -1.566 -1 -1.734 -1 56
-1.65 -1 -1.304 -1 -1.606 -1 -1.778 -1 109
-1.692 -1 -1.32 -1 -1.702 -1 -1.838 -1 145
-1.77 -1 -1.388 -1 -1.39 -1 -1.584 -1 2
-1.487 -1 -1.212 -1 -1.336 -1 -1.436 -1 50
-1.386 -1 -1.172 -1 -1.394 -1 -1.55 -1 68
-1.472 -1 -1.226 -1 -1.394 -1 -1.51 -1 51
-1.452 -1 -1.216 -1 -1.28 -1 -1.362 -1 21
-1.321 -1 -1.122 -1 -1.442 -1 -1.602 -1 112
-1.522 -1 -1.23 -1 -1.398 -1 -1.526 -1 55
-1.462 -1 -1.176 -1 -1.556 -1 -1.692 -1 127
-1.624 -1 -1.298 -1 -1.584 -1 -1.728 -1 96
-1.656 -1 -1.318 -1 -1.662 -1 -1.808 -1 134
-1.735 -1 -1.39 -1 -1.594 -1 -1.688 -1 63
-1.641 -1 -1.296 -1 -1.702 -1 -1.9 -1 147
-1.801 -1 -1.388 -1 -1.456 -1 -1.534 -1 27
-1.495 -1 -1.244 -1 -1.34 -1 -1.454 -1 30
-1.397 -1 -1.174 -1 -1.406 -1 -1.522 -1 68
-1.464 -1 -1.204 -1 -1.642 -1 -1.816 -1 162
-1.729 -1 -1.328 -1 -1.436 -1 -1.598 -1 40
-1.517 -1 -1.232 -1 -1.752 -1 -1.91 -1 150
-1.831 -1 -1.458 -1 -1.754 -1 -1.942 -1 122
-1.848 -1 -1.44 -1 -1.702 -1 -1.906 -1 86
-1.804 -1 -1.436 -1 -1.6 -1 -1.742 -1 61
-1.671 -1 -1.334 -1 -1.45 -1 -1.572 -1 43
-1.511 -1 -1.234 -1 -1.67 -1 -1.838 -1 166
-1.754 -1 -1.38 -1 -1.57 -1 -1.72 -1 93
-1.645 -1 -1.338 -1 -1.814 -1 -1.976 -1 175
-1.895 -1 -1.468 -1 -1.846 -1 -1.988 -1 140
-1.917 -1 -1.526 -1 -1.608 -1 -1.732 -1 42
-1.67 -1 -1.332 -1 -1.424 -1 -1.552 -1 31
-1.488 -1 -1.248 -1 -1.268 -1 -1.384 -1 8
-1.326 -1 -1.16 -1 -1.272 -1 -1.372 -1 35
-1.322 -1 -1.12 -1 -1.692 -1 -1.854 -1 199
-1.773 -1 -1.366 -1 -1.372 -1 -1.498 -1 1
-1.435 -1 -1.214 -1 -1.558 -1 -1.704 -1 110
-1.631 -1 -1.318 -1 -1.44 -1 -1.526 -1 37
-1.483 -1 -1.194 -1 -1.458 -1 -1.572 -1 95
-1.515 -1 -1.276 -1 -1.616 -1 -1.768 -1 136
-1.692 -1 -1.346 -1 -1.632 -1 -1.796 -1 124
-1.714 -1 -1.386 -1 -1.722 -1 -1.878 -1 143
-1.8 -1 -1.396 -1 -1.606 -1 -1.77 -1 73
-1.688 -1 -1.35 -1 -1.35 -1 -1.46 -1 0
-1.405 -1 -1.192 -1 -1.64 -1 -1.804 -1 161
-1.722 -1 -1.362 -1 -1.674 -1 -1.862 -1 111
-1.768 -1 -1.412 -1 -1.8 -1 -1.95 -1 162
-1.875 -1 -1.5 -1 -1.608 -1 -1.784 -1 39
-1.696 -1 -1.332 -1 -1.744 -1 -1.926 -1 164
-1.835 -1 -1.494 -1 -1.664 -1 -1.822 -1 71
-1.743 -1 -1.386 -1 -1.518 -1 -1.654 -1 55
-1.586 -1 -1.292 -1 -1.758 -1 -1.922 -1 169
-1.84 -1 -1.474 -1 -1.678 -1 -1.786 -1 75
-1.732 -1 -1.406 -1 -1.68 -1 -1.802 -1 99
-1.741 -1 -1.424 -1 -1.716 -1 -1.892 -1 106
-1.804 -1 -1.42 -1 -1.574 -1 -1.688 -1 66
-1.631 -1 -1.324 -1 -1.558 -1 -1.682 -1 81
-1.62 -1 -1.304 -1 -1.554 -1 -1.682 -1 95
-1.618 -1 -1.284 -1 -1.702 -1 -1.852 -1 156
-1.777 -1 -1.392 -1 -1.624 -1 -1.758 -1 89
-1.691 -1 -1.316 -1 -1.652 -1 -1.828 -1 135
-1.74 -1 -1.374 -1 -1.48 -1 -1.606 -1 37
-1.543 -1 -1.24 -1 -1.578 -1 -1.71 -1 130
-1.644 -1 -1.28 -1 -1.548 -1 -1.674 -1 107
-1.611 -1 -1.292 -1 -1.426 -1 -1.556 -1 39
-1.491 -1 -1.188 -1 -1.404 -1 -1.508 -1 70
-1.456 -1 -1.2 -1 -1.278 -1 -1.396 -1 24
-1.337 -1 -1.14 -1 -1.414 -1 -1.522 -1 97
-1.468 -1 -1.198 -1 -1.356 -1 -1.506 -1 50
-1.431 -1 -1.18 -1 -1.42 -1 -1.544 -1 89
-1.482 -1 -1.244 -1 -1.448 -1 -1.588 -1 69
-1.518 -1 -1.216 -1 -1.316 -1 -1.42 -1 37
-1.368 -1 -1.158 -1 -1.672 -1 -1.88 -1 176
-1.776 -1 -1.374 -1 -1.726 -1 -1.894 -1 131
-1.81 -1 -1.416 -1 -1.65 -1 -1.838 -1 100
-1.744 -1 -1.41 -1 -1.722 -1 -1.848 -1 110
-1.785 -1 -1.38 -1 -1.67 -1 -1.814 -1 134
-1.742 -1 -1.38 -1 -1.778 -1 -1.96 -1 162
-1.869 -1 -1.466 -1 -1.724 -1 -1.872 -1 100
-1.798 -1 -1.424 -1 -1.766 -1 -1.902 -1 133
-1.834 -1 -1.45 -1 -1.488 -1 -1.646 -1 16
-1.567 -1 -1.268 -1 -1.54 -1 -1.724 -1 96
-1.632 -1 -1.302 -1 -1.752 -1 -1.926 -1 159
-1.839 -1 -1.436 -1 -1.834 -1 -1.994 -1 160
-1.914 -1 -1.514 -1 -1.688 -1 -1.798 -1 72
-1.743 -1 -1.39 -1 -1.57 -1 -1.716 -1 72
-1.643 -1 -1.32 -1 -1.468 -1 -1.592 -1 48
-1.53 -1 -1.252 -1 -1.52 -1 -1.688 -1 106
-1.604 -1 -1.276 -1 -1.51 -1 -1.644 -1 76
-1.577 -1 -1.266 -1 -1.498 -1 -1.64 -1 77
-1.569 -1 -1.244 -1 -1.388 -1 -1.512 -1 46
-1.45 -1 -1.216 -1 -1.712 -1 -1.85 -1 170
-1.781 -1 -1.396 -1 -1.462 -1 -1.582 -1 22
-1.522 -1 -1.212 -1 -1.706 -1 -1.83 -1 193
-1.768 -1 -1.382 -1 -1.446 -1 -1.578 -1 21
-1.512 -1 -1.222 -1 -1.326 -1 -1.462 -1 39
-1.394 -1 -1.168 -1 -1.594 -1 -1.786 -1 172
-1.69 -1 -1.354 -1 -1.476 -1 -1.602 -1 43
-1.539 -1 -1.208 -1 -1.372 -1 -1.486 -1 61
-1.429 -1 -1.188 -1 -1.37 -1 -1.496 -1 53
-1.433 -1 -1.172 -1 -1.536 -1 -1.704 -1 119
-1.62 -1 -1.272 -1 -1.322 -1 -1.442 -1 22
-1.382 -1 -1.148 -1 -1.624 -1 -1.822 -1 164
-1.723 -1 -1.364 -1 -1.77 -1 -1.874 -1 167
-1.822 -1 -1.412 -1 -1.728 -1 -1.936 -1 131
-1.832 -1 -1.468 -1 -1.526 -1 -1.684 -1 27
-1.605 -1 -1.322 -1 -1.554 -1 -1.698 -1 86
-1.626 -1 -1.282 -1 -1.486 -1 -1.65 -1 75
-1.568 -1 -1.256 -1 -1.278 -1 -1.374 -1 7
-1.326 -1 -1.144 -1 -1.728 -1 -1.892 -1 189
-1.81 -1 -1.416 -1 -1.726 -1 -1.906 -1 125
-1.816 -1 -1.46 -1 -1.684 -1 -1.81 -1 93
-1.747 -1 -1.38 -1 -1.594 -1 -1.78 -1 89
-1.687 -1 -1.332 -1 -1.712 -1 -1.912 -1 141
-1.812 -1 -1.428 -1 -1.47 -1 -1.636 -1 19
-1.553 -1 -1.292 -1 -1.506 -1 -1.636 -1 66
-1.571 -1 -1.242 -1 -1.786 -1 -1.9 -1 192
-1.843 -1 -1.464 -1 -1.606 -1 -1.812 -1 39
-1.709 -1 -1.34 -1 -1.564 -1 -1.664 -1 87
-1.614 -1 -1.29 -1 -1.36 -1 -1.506 -1 25
-1.433 -1 -1.202 -1 -1.444 -1 -1.606 -1 89
-1.525 -1 -1.244 -1 -1.438 -1 -1.6 -1 57
-1.519 -1 -1.234 -1 -1.666 -1 -1.842 -1 149
-1.754 -1 -1.41 -1 -1.876 -1 -2.032 -1 198
-1.954 -1 -1.526 -1 -1.852 -1 -2.01 -1 126
-1.931 -1 -1.512 -1 -1.642 -1 -1.834 -1 49
-1.738 -1 -1.374 -1 -1.796 -1 -2.006 -1 165
-1.901 -1 -1.504 -1 -1.612 -1 -1.772 -1 40
-1.692 -1 -1.33 -1 -1.768 -1 -1.914 -1 174
-1.841 -1 -1.428 -1 -1.846 -1 -2.064 -1 153
-1.955 -1 -1.564 -1 -1.862 -1 -2.002 -1 124
-1.932 -1 -1.514 -1 -1.904 -1 -2.086 -1 162
-1.995 -1 -1.526 -1 -1.94 -1 -2.172 -1 178
-2.056 -1 -1.632 -1 -1.768 -1 -1.994 -1 64
-1.881 -1 -1.498 -1 -1.712 -1 -1.956 -1 93
-1.834 -1 -1.466 -1 -1.788 -1 -1.96 -1 144
-1.874 -1 -1.502 -1 -1.896 -1 -2.108 -1 168
-2.002 -1 -1.652 -1 -1.908 -1 -2.114 -1 117
-2.011 -1 -1.636 -1 -1.84 -1 -2.002 -1 81
-1.921 -1 -1.498 -1 -1.842 -1 -2.056 -1 133
-1.949 -1 -1.524 -1 -1.642 -1 -1.84 -1 50
-1.741 -1 -1.39 -1 -1.624 -1 -1.846 -1 89
-1.735 -1 -1.394 -1 -1.83 -1 -1.972 -1 194
-1.901 -1 -1.516 -1 -1.898 -1 -2.11 -1 160
-2.004 -1 -1.62 -1 -1.924 -1 -2.15 -1 122
-2.037 -1 -1.598 -1 -1.604 -1 -1.756 -1 3
-1.68 -1 -1.306 -1 -1.448 -1 -1.576 -1 55
-1.512 -1 -1.26 -1 -1.692 -1 -1.864 -1 173
-1.778 -1 -1.402 -1 -1.618 -1 -1.756 -1 84
-1.687 -1 -1.328 -1 -1.788 -1 -2 -1 196
-1.894 -1 -1.532 -1 -1.91 -1 -2.118 -1 182
-2.014 -1 -1.554 -1 -1.65 -1 -1.796 -1 35
-1.723 -1 -1.412 -1 -1.848 -1 -2.04 -1 172
-1.944 -1 -1.58 -1 -1.882 -1 -2.028 -1 135
-1.955 -1 -1.538 -1 -1.694 -1 -1.858 -1 57
-1.776 -1 -1.442 -1 -1.638 -1 -1.798 -1 78
-1.718 -1 -1.38 -1 -1.794 -1 -1.954 -1 176
-1.874 -1 -1.47 -1 -1.682 -1 -1.82 -1 81
-1.751 -1 -1.428 -1 -1.554 -1 -1.738 -1 45
-1.646 -1 -1.356 -1 -1.772 -1 -1.916 -1 170
-1.844 -1 -1.422 -1 -1.796 -1 -1.872 -1 168
-1.834 -1 -1.48 -1 -1.716 -1 -1.898 -1 90
-1.807 -1 -1.414 -1 -1.762 -1 -1.94 -1 140
-1.851 -1 -1.46 -1 -1.906 -1 -2.102 -1 175
-2.004 -1 -1.602 -1 -1.654 -1 -1.772 -1 18
-1.713 -1 -1.362 -1 -1.658 -1 -1.818 -1 109
-1.738 -1 -1.36 -1 -1.76 -1 -1.898 -1 179
-1.829 -1 -1.46 -1 -1.574 -1 -1.764 -1 54
-1.669 -1 -1.354 -1 -1.404 -1 -1.57 -1 23
-1.487 -1 -1.214 -1 -1.69 -1 -1.878 -1 186
-1.784 -1 -1.404 -1 -1.82 -1 -1.978 -1 162
-1.899 -1 -1.494 -1 -1.79 -1 -2.006 -1 122
-1.898 -1 -1.488 -1 -1.64 -1 -1.8 -1 55
-1.72 -1 -1.358 -1 -1.464 -1 -1.602 -1 37
-1.533 -1 -1.264 -1 -1.64 -1 -1.85 -1 133
-1.745 -1 -1.402 -1 -1.88 -1 -2.114 -1 178
-1.997 -1 -1.566 -1 -1.75 -1 -1.886 -1 91
-1.818 -1 -1.444 -1 -1.84 -1 -2.01 -1 154
-1.925 -1 -1.486 -1 -1.894 -1 -2.108 -1 155
-2.001 -1 -1.564 -1 -1.866 -1 -1.96 -1 122
-1.913 -1 -1.518 -1 -1.874 -1 -2.064 -1 143
-1.969 -1 -1.574 -1 -1.942 -1 -2.174 -1 162
-2.058 -1 -1.62 -1 -1.67 -1 -1.854 -1 20
-1.762 -1 -1.404 -1 -1.564 -1 -1.722 -1 70
-1.643 -1 -1.314 -1 -1.622 -1 -1.852 -1 104
-1.737 -1 -1.394 -1 -1.548 -1 -1.704 -1 54
-1.626 -1 -1.32 -1 -1.728 -1 -1.9 -1 168
-1.814 -1 -1.42 -1 -1.78 -1 -2.002 -1 128
-1.891 -1 -1.492 -1 -1.93 -1 -2.098 -1 164
-2.014 -1 -1.538 -1 -1.76 -1 -1.952 -1 89
-1.856 -1 -1.444 -1 -1.752 -1 -1.924 -1 108
-1.838 -1 -1.434 -1 -1.528 -1 -1.72 -1 34
-1.624 -1 -1.336 -1 -1.518 -1 -1.664 -1 64
-1.591 -1 -1.272 -1 -1.602 -1 -1.714 -1 137
-1.658 -1 -1.358 -1 -1.708 -1 -1.85 -1 131
-1.779 -1 -1.418 -1 -1.518 -1 -1.708 -1 40
-1.613 -1 -1.336 -1 -1.67 -1 -1.848 -1 113
-1.759 -1 -1.4 -1 -1.444 -1 -1.556 -1 20
-1.5 -1 -1.222 -1 -1.47 -1 -1.618 -1 68
-1.544 -1 -1.272 -1 -1.324 -1 -1.434 -1 19
-1.379 -1 -1.168 -1 -1.196 -1 -1.302 -1 13
-1.249 -1 -1.136 -1 -1.156 -1 -1.216 -1 9
-1.186 -1 -1.068 -1 -1.29 -1 -1.402 -1 71
-1.346 -1 -1.15 -1 -1.52 -1 -1.66 -1 124
-1.59 -1 -1.3 -1 -1.306 -1 -1.414 -1 3
-1.36 -1 -1.176 -1 -1.472 -1 -1.598 -1 108
-1.535 -1 -1.256 -1 -1.418 -1 -1.55 -1 57
-1.484 -1 -1.226 -1 -1.394 -1 -1.48 -1 50
-1.437 -1 -1.196 -1 -1.294 -1 -1.376 -1 39
-1.335 -1 -1.134 -1 -1.624 -1 -1.778 -1 183
-1.701 -1 -1.33 -1 -1.566 -1 -1.676 -1 94
-1.621 -1 -1.288 -1 -1.29 -1 -1.406 -1 1
-1.348 -1 -1.16 -1 -1.48 -1 -1.576 -1 131
-1.528 -1 -1.228 -1 -1.308 -1 -1.422 -1 26
-1.365 -1 -1.148 -1 -1.522 -1 -1.676 -1 130
-1.599 -1 -1.276 -1 -1.316 -1 -1.426 -1 11
-1.371 -1 -1.154 -1 -1.694 -1 -1.87 -1 198
-1.782 -1 -1.358 -1 -1.602 -1 -1.734 -1 87
-1.668 -1 -1.3 -1 -1.654 -1 -1.818 -1 119
-1.736 -1 -1.35 -1 -1.722 -1 -1.862 -1 164
-1.792 -1 -1.418 -1 -1.708 -1 -1.86 -1 102
-1.784 -1 -1.412 -1 -1.596 -1 -1.75 -1 80
-1.673 -1 -1.342 -1 -1.618 -1 -1.806 -1 114
-1.712 -1 -1.366 -1 -1.632 -1 -1.784 -1 95
-1.708 -1 -1.362 -1 -1.634 -1 -1.82 -1 98
-1.727 -1 -1.386 -1 -1.468 -1 -1.596 -1 30
-1.532 -1 -1.242 -1 -1.43 -1 -1.588 -1 66
-1.509 -1 -1.246 -1 -1.492 -1 -1.686 -1 91
-1.589 -1 -1.26 -1 -1.512 -1 -1.718 -1 86
-1.615 -1 -1.282 -1 -1.536 -1 -1.652 -1 84
-1.594 -1 -1.25 -1 -1.552 -1 -1.676 -1 104
-1.614 -1 -1.25 -1 -1.76 -1 -1.918 -1 199
-1.839 -1 -1.492 -1 -1.538 -1 -1.632 -1 11
-1.585 -1 -1.256 -1 -1.582 -1 -1.76 -1 118
-1.671 -1 -1.332 -1 -1.378 -1 -1.5 -1 17
-1.439 -1 -1.234 -1 -1.69 -1 -1.832 -1 175
-1.761 -1 -1.362 -1 -1.41 -1 -1.522 -1 19
-1.466 -1 -1.236 -1 -1.532 -1 -1.694 -1 110
-1.613 -1 -1.312 -1 -1.33 -1 -1.42 -1 6
-1.375 -1 -1.158 -1 -1.448 -1 -1.604 -1 102
-1.526 -1 -1.268 -1 -1.66 -1 -1.822 -1 141
-1.741 -1 -1.396 -1 -1.652 -1 -1.794 -1 104
-1.723 -1 -1.392 -1 -1.672 -1 -1.836 -1 125
-1.754 -1 -1.382 -1 -1.386 -1 -1.496 -1 4
-1.441 -1 -1.198 -1 -1.624 -1 -1.774 -1 140
-1.699 -1 -1.338 -1 -1.342 -1 -1.436 -1 1
-1.389 -1 -1.178 -1 -1.624 -1 -1.764 -1 145
-1.694 -1 -1.34 -1 -1.874 -1 -2.038 -1 197
-1.956 -1 -1.562 -1 -2.028 -1 -2.172 -1 189
-2.1 -1 -1.688 -1 -1.888 -1 -2.01 -1 87
-1.949 -1 -1.526 -1 -1.668 -1 -1.852 -1 56
-1.76 -1 -1.394 -1 -1.568 -1 -1.726 -1 57
-1.647 -1 -1.286 -1 -1.77 -1 -1.946 -1 181
-1.858 -1 -1.504 -1 -1.75 -1 -1.886 -1 87
-1.818 -1 -1.466 -1 -1.602 -1 -1.734 -1 65
-1.668 -1 -1.344 -1 -1.67 -1 -1.794 -1 117
-1.732 -1 -1.368 -1 -1.84 -1 -2.056 -1 183
-1.948 -1 -1.536 -1 -1.684 -1 -1.832 -1 62
-1.758 -1 -1.41 -1 -1.532 -1 -1.696 -1 41
-1.614 -1 -1.33 -1 -1.398 -1 -1.522 -1 26
-1.46 -1 -1.216 -1 -1.248 -1 -1.324 -1 13
-1.286 -1 -1.104 -1 -1.436 -1 -1.54 -1 105
-1.488 -1 -1.202 -1 -1.45 -1 -1.584 -1 81
-1.517 -1 -1.232 -1 -1.578 -1 -1.706 -1 138
-1.642 -1 -1.33 -1 -1.452 -1 -1.552 -1 46
-1.502 -1 -1.224 -1 -1.362 -1 -1.476 -1 48
-1.419 -1 -1.208 -1 -1.598 -1 -1.746 -1 144
-1.672 -1 -1.324 -1 -1.366 -1 -1.456 -1 11
-1.411 -1 -1.222 -1 -1.686 -1 -1.798 -1 183
-1.742 -1 -1.38 -1 -1.678 -1 -1.798 -1 110
-1.738 -1 -1.382 -1 -1.85 -1 -1.978 -1 194
-1.914 -1 -1.52 -1 -1.562 -1 -1.726 -1 20
-1.644 -1 -1.346 -1 -1.436 -1 -1.57 -1 28
-1.503 -1 -1.236 -1 -1.728 -1 -1.878 -1 172
-1.803 -1 -1.432 -1 -1.79 -1 -2.022 -1 163
-1.906 -1 -1.516 -1 -1.794 -1 -1.958 -1 105
-1.876 -1 -1.52 -1 -1.736 -1 -1.84 -1 71
-1.788 -1 -1.432 -1 -1.8 -1 -1.968 -1 161
-1.884 -1 -1.456 -1 -1.828 -1 -2.012 -1 171
-1.92 -1 -1.496 -1 -1.838 -1 -1.938 -1 127
-1.888 -1 -1.532 -1 -1.964 -1 -2.16 -1 189
-2.062 -1 -1.574 -1 -1.596 -1 -1.792 -1 7
-1.694 -1 -1.35 -1 -1.538 -1 -1.68 -1 64
-1.609 -1 -1.304 -1 -1.764 -1 -1.916 -1 176
-1.84 -1 -1.442 -1 -1.662 -1 -1.824 -1 84
-1.743 -1 -1.378 -1 -1.706 -1 -1.826 -1 164
-1.766 -1 -1.402 -1 -1.61 -1 -1.764 -1 81
-1.687 -1 -1.34 -1 -1.774 -1 -1.964 -1 146
-1.869 -1 -1.486 -1 -1.686 -1 -1.87 -1 84
-1.778 -1 -1.36 -1 -1.364 -1 -1.472 -1 5
-1.418 -1 -1.172 -1 -1.342 -1 -1.482 -1 65
-1.412 -1 -1.174 -1 -1.642 -1 -1.796 -1 174
-1.719 -1 -1.344 -1 -1.584 -1 -1.764 -1 98
-1.674 -1 -1.306 -1 -1.57 -1 -1.67 -1 106
-1.62 -1 -1.276 -1 -1.662 -1 -1.846 -1 143
-1.754 -1 -1.38 -1 -1.63 -1 -1.81 -1 96
-1.72 -1 -1.39 -1 -1.87 -1 -2.018 -1 172
-1.944 -1 -1.512 -1 -1.866 -1 -2.032 -1 137
-1.949 -1 -1.498 -1 -1.9 -1 -2.088 -1 168
-1.994 -1 -1.614 -1 -1.67 -1 -1.79 -1 24
-1.73 -1 -1.402 -1 -1.512 -1 -1.718 -1 43
-1.615 -1 -1.326 -1 -1.43 -1 -1.61 -1 34
-1.52 -1 -1.264 -1 -1.746 -1 -1.924 -1 172
-1.835 -1 -1.398 -1 -1.466 -1 -1.652 -1 28
-1.559 -1 -1.268 -1 -1.272 -1 -1.374 -1 1
-1.323 -1 -1.136 -1 -1.514 -1 -1.646 -1 120
-1.58 -1 -1.248 -1 -1.3 -1 -1.414 -1 19
-1.357 -1 -1.162 -1 -1.284 -1 -1.38 -1 31
-1.332 -1 -1.128 -1 -1.13 -1 -1.204 -1 3
-1.167 -1 -1.048 -1 -1.464 -1 -1.582 -1 143
-1.523 -1 -1.206 -1 -1.302 -1 -1.416 -1 33
-1.359 -1 -1.122 -1 -1.26 -1 -1.352 -1 47
-1.306 -1 -1.11 -1 -1.372 -1 -1.51 -1 87
-1.441 -1 -1.164 -1 -1.258 -1 -1.356 -1 32
-1.307 -1 -1.11 -1 -1.136 -1 -1.204 -1 12
-1.17 -1 -1.05 -1 -1.164 -1 -1.216 -1 30
-1.19 -1 -1.076 -1 -1.268 -1 -1.378 -1 70
-1.323 -1 -1.114 -1 -1.186 -1 -1.252 -1 29
-1.219 -1 -1.072 -1 -1.304 -1 -1.41 -1 73
-1.357 -1 -1.156 -1 -1.578 -1 -1.716 -1 132
-1.647 -1 -1.28 -1 -1.496 -1 -1.672 -1 77
-1.584 -1 -1.268 -1 -1.798 -1 -1.956 -1 198
-1.877 -1 -1.466 -1 -1.81 -1 -1.962 -1 154
-1.886 -1 -1.514 -1 -1.964 -1 -2.1 -1 189
-2.032 -1 -1.596 -1 -1.92 -1 -2.14 -1 134
-2.03 -1 -1.59 -1 -1.784 -1 -1.92 -1 92
-1.852 -1 -1.452 -1 -1.624 -1 -1.822 -1 76
-1.723 -1 -1.356 -1 -1.556 -1 -1.752 -1 74
-1.654 -1 -1.316 -1 -1.494 -1 -1.6 -1 68
-1.547 -1 -1.264 -1 -1.502 -1 -1.596 -1 82
-1.549 -1 -1.268 -1 -1.57 -1 -1.726 -1 117
-1.648 -1 -1.316 -1 -1.558 -1 -1.692 -1 93
-1.625 -1 -1.318 -1 -1.548 -1 -1.728 -1 88
-1.638 -1 -1.266 -1 -1.664 -1 -1.802 -1 153
-1.733 -1 -1.368 -1 -1.478 -1 -1.622 -1 36
-1.55 -1 -1.25 -1 -1.578 -1 -1.724 -1 112
-1.651 -1 -1.358 -1 -1.6 -1 -1.72 -1 83
-1.66 -1 -1.322 -1 -1.494 -1 -1.66 -1 55
-1.577 -1 -1.226 -1 -1.324 -1 -1.428 -1 36
-1.376 -1 -1.134 -1 -1.69 -1 -1.856 -1 192
-1.773 -1 -1.384 -1 -1.468 -1 -1.582 -1 29
-1.525 -1 -1.244 -1 -1.58 -1 -1.77 -1 137
-1.675 -1 -1.326 -1 -1.488 -1 -1.628 -1 64
-1.558 -1 -1.25 -1 -1.506 -1 -1.668 -1 101
-1.587 -1 -1.32 -1 -1.738 -1 -1.89 -1 152
-1.814 -1 -1.384 -1 -1.72 -1 -1.888 -1 123
-1.804 -1 -1.416 -1 -1.586 -1 -1.724 -1 60
-1.655 -1 -1.342 -1 -1.596 -1 -1.762 -1 92
-1.679 -1 -1.32 -1 -1.766 -1 -1.884 -1 171
-1.825 -1 -1.36 -1 -1.552 -1 -1.708 -1 66
-1.63 -1 -1.3 -1 -1.502 -1 -1.69 -1 64
-1.596 -1 -1.31 -1 -1.764 -1 -1.916 -1 178
-1.84 -1 -1.466 -1 -1.47 -1 -1.62 -1 1
-1.545 -1 -1.242 -1 -1.266 -1 -1.404 -1 13
-1.335 -1 -1.162 -1 -1.194 -1 -1.284 -1 8
-1.239 -1 -1.074 -1 -1.394 -1 -1.496 -1 93
-1.445 -1 -1.204 -1 -1.488 -1 -1.66 -1 101
-1.574 -1 -1.248 -1 -1.678 -1 -1.832 -1 161
-1.755 -1 -1.366 -1 -1.718 -1 -1.82 -1 123
-1.769 -1 -1.4 -1 -1.566 -1 -1.75 -1 64
-1.658 -1 -1.314 -1 -1.524 -1 -1.69 -1 75
-1.607 -1 -1.29 -1 -1.558 -1 -1.69 -1 94
-1.624 -1 -1.296 -1 -1.322 -1 -1.42 -1 7
-1.371 -1 -1.166 -1 -1.506 -1 -1.63 -1 114
-1.568 -1 -1.232 -1 -1.532 -1 -1.66 -1 108
-1.596 -1 -1.27 -1 -1.52 -1 -1.634 -1 89
-1.577 -1 -1.278 -1 -1.67 -1 -1.894 -1 154
-1.782 -1 -1.392 -1 -1.714 -1 -1.866 -1 124
-1.79 -1 -1.374 -1 -1.652 -1 -1.82 -1 122
-1.736 -1 -1.386 -1 -1.622 -1 -1.72 -1 87
-1.671 -1 -1.316 -1 -1.61 -1 -1.736 -1 107
-1.673 -1 -1.3 -1 -1.768 -1 -1.91 -1 176
-1.839 -1 -1.438 -1 -1.742 -1 -1.928 -1 123
-1.835 -1 -1.466 -1 -1.512 -1 -1.596 -1 21
-1.554 -1 -1.282 -1 -1.338 -1 -1.43 -1 20
-1.384 -1 -1.152 -1 -1.26 -1 -1.364 -1 33
-1.312 -1 -1.164 -1 -1.622 -1 -1.766 -1 151
-1.694 -1 -1.324 -1 -1.65 -1 -1.82 -1 131
-1.735 -1 -1.346 -1 -1.614 -1 -1.758 -1 110
-1.686 -1 -1.332 -1 -1.594 -1 -1.732 -1 102
-1.663 -1 -1.354 -1 -1.524 -1 -1.646 -1 54
-1.585 -1 -1.256 -1 -1.674 -1 -1.828 -1 148
-1.751 -1 -1.406 -1 -1.856 -1 -2.018 -1 192
-1.937 -1 -1.508 -1 -1.852 -1 -2.062 -1 146
-1.957 -1 -1.554 -1 -1.956 -1 -2.18 -1 159
-2.068 -1 -1.674 -1 -1.896 -1 -2.056 -1 106
-1.976 -1 -1.596 -1 -1.694 -1 -1.896 -1 45
-1.795 -1 -1.46 -1 -1.69 -1 -1.866 -1 94
-1.778 -1 -1.432 -1 -1.774 -1 -1.904 -1 129
-1.839 -1 -1.474 -1 -1.636 -1 -1.862 -1 81
-1.749 -1 -1.416 -1 -1.786 -1 -1.976 -1 132
-1.881 -1 -1.484 -1 -1.806 -1 -1.948 -1 132
-1.877 -1 -1.534 -1 -1.796 -1 -2.056 -1 113
-1.926 -1 -1.538 -1 -1.748 -1 -1.876 -1 81
-1.812 -1 -1.452 -1 -1.856 -1 -2.096 -1 161
-1.976 -1 -1.524 -1 -1.642 -1 -1.808 -1 61
-1.725 -1 -1.43 -1 -1.534 -1 -1.726 -1 41
-1.63 -1 -1.336 -1 -1.732 -1 -1.834 -1 142
-1.783 -1 -1.438 -1 -1.604 -1 -1.784 -1 64
-1.694 -1 -1.292 -1 -1.37 -1 -1.502 -1 33
-1.436 -1 -1.212 -1 -1.322 -1 -1.442 -1 32
-1.382 -1 -1.124 -1 -1.636 -1 -1.772 -1 172
-1.704 -1 -1.31 -1 -1.354 -1 -1.438 -1 17
-1.396 -1 -1.12 -1 -1.334 -1 -1.454 -1 77
-1.394 -1 -1.17 -1 -1.608 -1 -1.772 -1 157
-1.69 -1 -1.366 -1 -1.782 -1 -1.932 -1 152
-1.857 -1 -1.434 -1 -1.478 -1 -1.636 -1 18
-1.557 -1 -1.28 -1 -1.316 -1 -1.428 -1 12
-1.372 -1 -1.166 -1 -1.258 -1 -1.366 -1 31
-1.312 -1 -1.136 -1 -1.364 -1 -1.498 -1 72
-1.431 -1 -1.184 -1 -1.402 -1 -1.516 -1 91
-1.459 -1 -1.216 -1 -1.56 -1 -1.686 -1 125
-1.623 -1 -1.31 -1 -1.72 -1 -1.842 -1 157
-1.781 -1 -1.424 -1 -1.852 -1 -1.994 -1 191
-1.923 -1 -1.522 -1 -1.774 -1 -1.998 -1 117
-1.886 -1 -1.494 -1 -1.848 -1 -2.006 -1 148
-1.927 -1 -1.534 -1 -1.878 -1 -2.022 -1 171
-1.95 -1 -1.574 -1 -1.99 -1 -2.172 -1 166
-2.081 -1 -1.628 -1 -1.958 -1 -2.158 -1 161
-2.058 -1 -1.594 -1 -1.932 -1 -2.164 -1 136
-2.048 -1 -1.618 -1 -1.78 -1 -2.024 -1 59
-1.902 -1 -1.558 -1 -1.918 -1 -2.134 -1 174
-2.026 -1 -1.622 -1 -1.67 -1 -1.912 -1 17
-1.791 -1 -1.428 -1 -1.798 -1 -1.992 -1 142
-1.895 -1 -1.496 -1 -1.63 -1 -1.78 -1 50
-1.705 -1 -1.372 -1 -1.83 -1 -2.014 -1 193
-1.922 -1 -1.472 -1 -1.79 -1 -1.964 -1 118
-1.877 -1 -1.44 -1 -1.44 -1 -1.606 -1 2
-1.523 -1 -1.232 -1 -1.49 -1 -1.612 -1 77
-1.551 -1 -1.25 -1 -1.622 -1 -1.794 -1 138
-1.708 -1 -1.35 -1 -1.392 -1 -1.498 -1 20
-1.445 -1 -1.216 -1 -1.268 -1 -1.392 -1 23
-1.33 -1 -1.128 -1 -1.586 -1 -1.76 -1 171
-1.673 -1 -1.32 -1 -1.666 -1 -1.734 -1 119
-1.7 -1 -1.376 -1 -1.498 -1 -1.69 -1 37
-1.594 -1 -1.278 -1 -1.812 -1 -1.946 -1 194
-1.879 -1 -1.472 -1 -1.522 -1 -1.684 -1 15
-1.603 -1 -1.296 -1 -1.366 -1 -1.474 -1 25
-1.42 -1 -1.182 -1 -1.534 -1 -1.694 -1 125
-1.614 -1 -1.292 -1 -1.814 -1 -1.966 -1 198
-1.89 -1 -1.49 -1 -1.852 -1 -2.04 -1 151
-1.946 -1 -1.504 -1 -1.67 -1 -1.866 -1 68
-1.768 -1 -1.42 -1 -1.906 -1 -2.074 -1 190
-1.99 -1 -1.542 -1 -1.614 -1 -1.798 -1 37
-1.706 -1 -1.38 -1 -1.686 -1 -1.84 -1 113
-1.763 -1 -1.394 -1 -1.422 -1 -1.584 -1 14
-1.503 -1 -1.25 -1 -1.404 -1 -1.556 -1 55
-1.48 -1 -1.192 -1 -1.62 -1 -1.836 -1 155
-1.728 -1 -1.328 -1 -1.784 -1 -1.894 -1 173
-1.839 -1 -1.428 -1 -1.46 -1 -1.646 -1 14
-1.553 -1 -1.294 -1 -1.738 -1 -1.902 -1 157
-1.82 -1 -1.472 -1 -1.608 -1 -1.762 -1 57
-1.685 -1 -1.364 -1 -1.78 -1 -1.98 -1 168
-1.88 -1 -1.498 -1 -1.784 -1 -1.978 -1 120
-1.881 -1 -1.478 -1 -1.684 -1 -1.862 -1 83
-1.773 -1 -1.404 -1 -1.65 -1 -1.828 -1 86
-1.739 -1 -1.356 -1 -1.44 -1 -1.596 -1 28
-1.518 -1 -1.262 -1 -1.478 -1 -1.618 -1 65
-1.548 -1 -1.296 -1 -1.404 -1 -1.544 -1 36
-1.474 -1 -1.206 -1 -1.25 -1 -1.36 -1 20
-1.305 -1 -1.134 -1 -1.294 -1 -1.412 -1 45
-1.353 -1 -1.138 -1 -1.414 -1 -1.61 -1 110
-1.512 -1 -1.26 -1 -1.602 -1 -1.788 -1 132
-1.695 -1 -1.27 -1 -1.696 -1 -1.822 -1 160
-1.759 -1 -1.42 -1 -1.824 -1 -1.978 -1 164
-1.901 -1 -1.5 -1 -1.592 -1 -1.766 -1 38
-1.679 -1 -1.336 -1 -1.34 -1 -1.522 -1 1
-1.431 -1 -1.224 -1 -1.634 -1 -1.822 -1 152
-1.728 -1 -1.386 -1 -1.452 -1 -1.612 -1 28
-1.532 -1 -1.246 -1 -1.412 -1 -1.484 -1 46
-1.448 -1 -1.18 -1 -1.346 -1 -1.496 -1 59
-1.421 -1 -1.176 -1 -1.43 -1 -1.584 -1 95
-1.507 -1 -1.226 -1 -1.52 -1 -1.668 -1 107
-1.594 -1 -1.298 -1 -1.494 -1 -1.618 -1 67
-1.556 -1 -1.304 -1 -1.716 -1 -1.904 -1 162
-1.81 -1 -1.428 -1 -1.524 -1 -1.666 -1 26
-1.595 -1 -1.276 -1 -1.412 -1 -1.53 -1 41
-1.471 -1 -1.208 -1 -1.242 -1 -1.348 -1 13
-1.295 -1 -1.138 -1 -1.324 -1 -1.454 -1 69
-1.389 -1 -1.17 -1 -1.42 -1 -1.532 -1 97
-1.476 -1 -1.204 -1 -1.362 -1 -1.504 -1 60
-1.433 -1 -1.184 -1 -1.484 -1 -1.612 -1 117
-1.548 -1 -1.224 -1 -1.236 -1 -1.338 -1 2
-1.287 -1 -1.118 -1 -1.428 -1 -1.558 -1 101
-1.493 -1 -1.182 -1 -1.498 -1 -1.59 -1 103
-1.544 -1 -1.244 -1 -1.562 -1 -1.688 -1 124
-1.625 -1 -1.306 -1 -1.734 -1 -1.882 -1 156
-1.808 -1 -1.432 -1 -1.682 -1 -1.782 -1 92
-1.732 -1 -1.352 -1 -1.648 -1 -1.792 -1 116
-1.72 -1 -1.346 -1 -1.694 -1 -1.856 -1 125
-1.775 -1 -1.41 -1 -1.848 -1 -1.98 -1 174
-1.914 -1 -1.502 -1 -1.562 -1 -1.706 -1 20
-1.634 -1 -1.342 -1 -1.396 -1 -1.506 -1 21
-1.451 -1 -1.226 -1 -1.46 -1 -1.574 -1 78
-1.517 -1 -1.226 -1 -1.604 -1 -1.78 -1 146
-1.692 -1 -1.316 -1 -1.352 -1 -1.456 -1 13
-1.404 -1 -1.188 -1 -1.604 -1 -1.77 -1 151
-1.687 -1 -1.348 -1 -1.45 -1 -1.576 -1 39
-1.513 -1 -1.256 -1 -1.604 -1 -1.762 -1 127
-1.683 -1 -1.322 -1 -1.772 -1 -1.922 -1 177
-1.847 -1 -1.512 -1 -1.726 -1 -1.91 -1 93
-1.818 -1 -1.476 -1 -1.844 -1 -2.028 -1 140
-1.936 -1 -1.55 -1 -1.856 -1 -2.02 -1 143
-1.938 -1 -1.496 -1 -1.898 -1 -2.12 -1 189
-2.009 -1 -1.56 -1 -1.752 -1 -1.958 -1 82
-1.855 -1 -1.506 -1 -1.658 -1 -1.79 -1 61
-1.724 -1 -1.396 -1 -1.85 -1 -2.032 -1 178
-1.941 -1 -1.52 -1 -1.598 -1 -1.752 -1 31
-1.675 -1 -1.344 -1 -1.756 -1 -1.924 -1 173
-1.84 -1 -1.482 -1 -1.512 -1 -1.67 -1 11
-1.591 -1 -1.32 -1 -1.658 -1 -1.836 -1 143
-1.747 -1 -1.374 -1 -1.78 -1 -1.946 -1 149
-1.863 -1 -1.498 -1 -1.552 -1 -1.72 -1 24
-1.636 -1 -1.296 -1 -1.47 -1 -1.618 -1 61
-1.544 -1 -1.274 -1 -1.368 -1 -1.52 -1 28
-1.444 -1 -1.196 -1 -1.594 -1 -1.782 -1 143
-1.688 -1 -1.336 -1 -1.4 -1 -1.554 -1 18
-1.477 -1 -1.186 -1 -1.476 -1 -1.614 -1 93
-1.545 -1 -1.262 -1 -1.428 -1 -1.608 -1 54
-1.518 -1 -1.246 -1 -1.636 -1 -1.774 -1 128
-1.705 -1 -1.328 -1 -1.684 -1 -1.828 -1 139
-1.756 -1 -1.398 -1 -1.762 -1 -1.95 -1 127
-1.856 -1 -1.488 -1 -1.65 -1 -1.782 -1 58
-1.716 -1 -1.394 -1 -1.682 -1 -1.846 -1 118
-1.764 -1 -1.394 -1 -1.402 -1 -1.5 -1 2
-1.451 -1 -1.232 -1 -1.558 -1 -1.722 -1 111
-1.64 -1 -1.332 -1 -1.814 -1 -1.938 -1 177
-1.876 -1 -1.5 -1 -1.908 -1 -2.06 -1 166
-1.984 -1 -1.514 -1 -1.78 -1 -1.93 -1 105
-1.855 -1 -1.438 -1 -1.526 -1 -1.676 -1 34
-1.601 -1 -1.292 -1 -1.396 -1 -1.514 -1 34
-1.455 -1 -1.206 -1 -1.528 -1 -1.652 -1 107
-1.59 -1 -1.276 -1 -1.45 -1 -1.652 -1 61
-1.551 -1 -1.278 -1 -1.504 -1 -1.666 -1 82
-1.585 -1 -1.288 -1 -1.612 -1 -1.726 -1 120
-1.669 -1 -1.27 -1 -1.522 -1 -1.688 -1 88
-1.605 -1 -1.322 -1 -1.776 -1 -1.958 -1 175
-1.867 -1 -1.468 -1 -1.892 -1 -2.036 -1 187
-1.964 -1 -1.54 -1 -1.574 -1 -1.696 -1 16
-1.635 -1 -1.326 -1 -1.68 -1 -1.85 -1 139
-1.765 -1 -1.376 -1 -1.8 -1 -1.958 -1 169
-1.879 -1 -1.474 -1 -1.828 -1 -1.974 -1 121
-1.901 -1 -1.51 -1 -1.668 -1 -1.858 -1 75
-1.763 -1 -1.402 -1 -1.404 -1 -1.534 -1 1
-1.469 -1 -1.25 -1 -1.748 -1 -1.924 -1 191
-1.836 -1 -1.454 -1 -1.58 -1 -1.768 -1 43
-1.674 -1 -1.346 -1 -1.822 -1 -2.008 -1 177
-1.915 -1 -1.484 -1 -1.884 -1 -2.03 -1 162
-1.957 -1 -1.542 -1 -1.578 -1 -1.704 -1 12
-1.641 -1 -1.332 -1 -1.652 -1 -1.834 -1 124
-1.743 -1 -1.386 -1 -1.64 -1 -1.812 -1 94
-1.726 -1 -1.386 -1 -1.744 -1 -1.868 -1 139
-1.806 -1 -1.448 -1 -1.558 -1 -1.744 -1 42
-1.651 -1 -1.334 -1 -1.616 -1 -1.764 -1 100
-1.69 -1 -1.39 -1 -1.806 -1 -1.914 -1 150
-1.86 -1 -1.474 -1 -1.684 -1 -1.812 -1 85
-1.748 -1 -1.42 -1 -1.748 -1 -1.914 -1 132
-1.831 -1 -1.44 -1 -1.586 -1 -1.776 -1 55
-1.681 -1 -1.358 -1 -1.606 -1 -1.766 -1 96
-1.686 -1 -1.368 -1 -1.878 -1 -2.074 -1 197
-1.976 -1 -1.582 -1 -1.636 -1 -1.842 -1 19
-1.739 -1 -1.412 -1 -1.492 -1 -1.654 -1 35
-1.573 -1 -1.302 -1 -1.368 -1 -1.498 -1 24
-1.433 -1 -1.192 -1 -1.216 -1 -1.288 -1 7
-1.252 -1 -1.082 -1 -1.654 -1 -1.794 -1 199
-1.724 -1 -1.362 -1 -1.52 -1 -1.67 -1 66
-1.595 -1 -1.292 -1 -1.566 -1 -1.73 -1 89
-1.648 -1 -1.344 -1 -1.504 -1 -1.592 -1 62
-1.548 -1 -1.252 -1 -1.768 -1 -1.918 -1 190
-1.843 -1 -1.446 -1 -1.942 -1 -2.084 -1 198
-2.013 -1 -1.622 -1 -1.898 -1 -2.076 -1 106
-1.987 -1 -1.586 -1 -1.82 -1 -1.992 -1 106
-1.906 -1 -1.528 -1 -1.574 -1 -1.75 -1 21
-1.662 -1 -1.36 -1 -1.572 -1 -1.744 -1 90
-1.658 -1 -1.342 -1 -1.402 -1 -1.558 -1 19
-1.48 -1 -1.194 -1 -1.388 -1 -1.49 -1 82
-1.439 -1 -1.202 -1 -1.262 -1 -1.344 -1 18
-1.303 -1 -1.122 -1 -1.2 -1 -1.296 -1 24
-1.248 -1 -1.094 -1 -1.254 -1 -1.342 -1 54
-1.298 -1 -1.11 -1 -1.128 -1 -1.21 -1 9
-1.169 -1 -1.06 -1 -1.486 -1 -1.636 -1 147
-1.561 -1 -1.276 -1 -1.75 -1 -1.91 -1 165
-1.83 -1 -1.45 -1 -1.666 -1 -1.81 -1 86
-1.738 -1 -1.358 -1 -1.398 -1 -1.532 -1 19
-1.465 -1 -1.188 -1 -1.598 -1 -1.748 -1 142
-1.673 -1 -1.306 -1 -1.336 -1 -1.434 -1 12
-1.385 -1 -1.182 -1 -1.4 -1 -1.542 -1 89
-1.471 -1 -1.212 -1 -1.712 -1 -1.906 -1 183
-1.809 -1 -1.412 -1 -1.78 -1 -1.972 -1 148
-1.876 -1 -1.448 -1 -1.596 -1 -1.734 -1 59
-1.665 -1 -1.344 -1 -1.882 -1 -2.032 -1 199
-1.957 -1 -1.542 -1 -1.7 -1 -1.856 -1 69
-1.778 -1 -1.43 -1 -1.706 -1 -1.866 -1 127
-1.786 -1 -1.416 -1 -1.7 -1 -1.878 -1 117
-1.789 -1 -1.412 -1 -1.618 -1 -1.818 -1 90
-1.718 -1 -1.36 -1 -1.844 -1 -2.018 -1 180
-1.931 -1 -1.538 -1 -1.724 -1 -1.89 -1 76
-1.807 -1 -1.462 -1 -1.804 -1 -1.982 -1 150
-1.893 -1 -1.504 -1 -1.564 -1 -1.728 -1 29
-1.646 -1 -1.356 -1 -1.684 -1 -1.786 -1 140
-1.735 -1 -1.418 -1 -1.864 -1 -2.046 -1 171
-1.955 -1 -1.548 -1 -1.882 -1 -2.066 -1 145
-1.974 -1 -1.512 -1 -1.958 -1 -2.174 -1 191
-2.066 -1 -1.672 -1 -1.764 -1 -1.938 -1 32
-1.851 -1 -1.486 -1 -1.626 -1 -1.772 -1 48
-1.699 -1 -1.366 -1 -1.854 -1 -2.07 -1 199
-1.962 -1 -1.586 -1 -1.684 -1 -1.786 -1 36
-1.735 -1 -1.398 -1 -1.806 -1 -1.998 -1 183
-1.902 -1 -1.512 -1 -1.916 -1 -2.084 -1 178
-2 -1 -1.6 -1 -1.972 -1 -2.152 -1 168
-2.062 -1 -1.664 -1 -1.742 -1 -1.926 -1 27
-1.834 -1 -1.438 -1 -1.506 -1 -1.7 -1 24
-1.603 -1 -1.302 -1 -1.606 -1 -1.798 -1 128
-1.702 -1 -1.374 -1 -1.614 -1 -1.772 -1 85
-1.693 -1 -1.342 -1 -1.428 -1 -1.58 -1 23
-1.504 -1 -1.26 -1 -1.622 -1 -1.752 -1 133
-1.687 -1 -1.352 -1 -1.468 -1 -1.576 -1 41
-1.522 -1 -1.244 -1 -1.678 -1 -1.832 -1 165
-1.755 -1 -1.374 -1 -1.64 -1 -1.78 -1 106
-1.71 -1 -1.396 -1 -1.686 -1 -1.84 -1 120
-1.763 -1 -1.376 -1 -1.564 -1 -1.792 -1 72
-1.678 -1 -1.358 -1 -1.668 -1 -1.85 -1 110
-1.759 -1 -1.418 -1 -1.706 -1 -1.848 -1 104
-1.777 -1 -1.408 -1 -1.518 -1 -1.646 -1 43
-1.582 -1 -1.294 -1 -1.294 -1 -1.436 -1 0
-1.365 -1 -1.16 -1 -1.192 -1 -1.302 -1 7
-1.247 -1 -1.098 -1 -1.648 -1 -1.824 -1 181
-1.736 -1 -1.36 -1 -1.544 -1 -1.666 -1 73
-1.605 -1 -1.27 -1 -1.276 -1 -1.45 -1 4
-1.363 -1 -1.166 -1 -1.634 -1 -1.832 -1 187
-1.733 -1 -1.388 -1 -1.664 -1 -1.804 -1 99
-1.734 -1 -1.36 -1 -1.428 -1 -1.566 -1 20
-1.497 -1 -1.246 -1 -1.448 -1 -1.606 -1 72
-1.527 -1 -1.25 -1 -1.328 -1 -1.424 -1 34
-1.376 -1 -1.176 -1 -1.456 -1 -1.58 -1 100
-1.518 -1 -1.232 -1 -1.282 -1 -1.366 -1 19
-1.324 -1 -1.112 -1 -1.35 -1 -1.456 -1 77
-1.403 -1 -1.2 -1 -1.522 -1 -1.676 -1 111
-1.599 -1 -1.306 -1 -1.51 -1 -1.638 -1 86
-1.574 -1 -1.254 -1 -1.518 -1 -1.692 -1 98
-1.605 -1 -1.284 -1 -1.428 -1 -1.582 -1 58
-1.505 -1 -1.21 -1 -1.514 -1 -1.642 -1 100
-1.578 -1 -1.282 -1 -1.502 -1 -1.652 -1 72
-1.577 -1 -1.262 -1 -1.748 0 -1.936 -1 172
