9 1000 0 3 50 0 0 0 0
-3.675 -1 -3.368 -1 -3.368 -1 -3.498 -1 0
-3.433 -1 -3.172 -1 -3.172 -1 -3.324 -1 0
-3.248 -1 -2.962 -1 -2.962 -1 -3.28 -1 0
-3.121 -1 -2.864 -1 -2.864 -1 -3.104 -1 0
-2.984 -1 -2.734 -1 -2.734 -1 -3.138 -1 0
-2.936 -1 -2.618 -1 -2.618 -1 -3.076 -1 0
-2.847 -1 -2.602 -1 -2.602 -1 -3.024 -1 0
-2.813 -1 -2.618 -1 -2.618 -1 -3.144 -1 0
-2.881 -1 -2.622 -1 -2.622 -1 -3.028 -1 0
-2.825 -1 -2.546 -1 -2.546 -1 -2.926 -1 0
-2.736 -1 -2.418 -1 -2.418 -1 -3.03 -1 0
-2.724 -1 -2.454 -1 -2.454 -1 -2.894 -1 0
-2.674 -1 -2.408 -1 -2.408 -1 -2.89 -1 0
-2.649 -1 -2.396 -1 -2.396 -1 -2.856 -1 0
-2.626 -1 -2.366 -1 -2.366 -1 -2.834 -1 0
-2.6 -1 -2.344 -1 -2.344 -1 -2.828 -1 0
-2.586 -1 -2.31 -1 -2.31 -1 -2.732 -1 0
-2.521 -1 -2.24 -1 -2.24 -1 -2.73 -1 0
-2.485 -1 -2.254 -1 -2.254 -1 -2.746 -1 0
-2.5 -1 -2.238 -1 -2.238 -1 -2.764 -1 0
-2.501 -1 -2.234 -1 -2.234 -1 -2.706 -1 0
-2.47 -1 -2.258 -1 -2.258 -1 -2.75 -1 0
-2.504 -1 -2.274 -1 -2.274 -1 -2.678 -1 0
-2.476 -1 -2.214 -1 -2.214 -1 -2.632 -1 0
-2.423 -1 -2.168 -1 -2.168 -1 -2.624 -1 0
-2.396 -1 -2.186 -1 -2.186 -1 -2.654 -1 0
-2.42 -1 -2.164 -1 -2.164 -1 -2.612 -1 0
-2.388 -1 -2.136 -1 -2.136 -1 -2.546 -1 0
-2.341 -1 -2.116 -1 -2.116 -1 -2.474 -1 0
-2.295 -1 -2.07 -1 -2.07 -1 -2.518 -1 0
-2.294 -1 -2.046 -1 -2.046 -1 -2.478 -1 0
-2.262 -1 -2.008 -1 -2.008 -1 -2.496 -1 0
-2.252 -1 -2.01 -1 -2.01 -1 -2.43 -1 0
-2.22 -1 -1.96 -1 -1.96 -1 -2.414 -1 0
-2.187 -1 -1.894 -1 -1.894 -1 -2.332 -1 0
-2.113 -1 -1.858 -1 -1.858 -1 -2.288 -1 0
-2.073 -1 -1.84 -1 -1.84 -1 -2.272 -1 0
-2.056 -1 -1.808 -1 -1.808 -1 -2.196 -1 0
-2.002 -1 -1.762 -1 -1.762 -1 -2.144 -1 0
-1.953 -1 -1.738 -1 -1.738 -1 -2.21 -1 0
-1.974 -1 -1.71 -1 -1.71 -1 -2.102 -1 0
-1.906 -1 -1.628 -1 -1.628 -1 -2.03 -1 0
-1.829 -1 -1.588 -1 -1.588 -1 -1.962 -1 0
-1.775 -1 -1.518 -1 -1.518 -1 -1.854 -1 0
-1.686 -1 -1.474 -1 -1.474 -1 -1.8 -1 0
-1.637 -1 -1.42 -1 -1.42 -1 -1.746 -1 0
-1.583 -1 -1.354 -1 -1.354 -1 -1.666 -1 0
-1.51 -1 -1.296 -1 -1.296 -1 -1.636 -1 0
-1.466 -1 -1.268 -1 -1.268 -1 -1.544 -1 0
-1.406 -1 -1.202 -1 -1.202 -1 -1.5 0 0
