9 1000 0 9 34 0 0 0 0
-3.617 -1 -3.134 -1 -3.134 -1 -3.438 -1 0
-3.286 -1 -2.854 -1 -2.854 -1 -3.232 -1 0
-3.043 -1 -2.646 -1 -2.646 -1 -3.142 -1 0
-2.894 -1 -2.5 -1 -2.5 -1 -2.946 -1 0
-2.723 -1 -2.386 -1 -2.386 -1 -2.912 -1 0
-2.649 -1 -2.298 -1 -2.298 -1 -2.866 -1 0
-2.582 -1 -2.278 -1 -2.278 -1 -2.798 -1 0
-2.538 -1 -2.204 -1 -2.204 -1 -2.85 -1 0
-2.527 -1 -2.204 -1 -2.204 -1 -2.816 -1 0
-2.51 -1 -2.186 -1 -2.186 -1 -2.764 -1 0
-2.475 -1 -2.158 -1 -2.158 -1 -2.718 -1 0
-2.438 -1 -2.124 -1 -2.124 -1 -2.772 -1 0
-2.448 -1 -2.124 -1 -2.124 -1 -2.728 -1 0
-2.426 -1 -2.108 -1 -2.108 -1 -2.64 -1 0
-2.374 -1 -2.06 -1 -2.06 -1 -2.688 -1 0
-2.374 -1 -2.052 -1 -2.052 -1 -2.69 -1 0
-2.371 -1 -2.052 -1 -2.052 -1 -2.658 -1 0
-2.355 -1 -2.05 -1 -2.05 -1 -2.658 -1 0
-2.354 -1 -2.008 -1 -2.008 -1 -2.538 -1 0
-2.273 -1 -1.958 -1 -1.958 -1 -2.62 -1 0
-2.289 -1 -1.976 -1 -1.976 -1 -2.598 -1 0
-2.287 -1 -1.98 -1 -1.98 -1 -2.48 -1 0
-2.23 -1 -1.93 -1 -1.93 -1 -2.502 -1 0
-2.216 -1 -1.924 -1 -1.924 -1 -2.504 -1 0
-2.214 -1 -1.916 -1 -1.916 -1 -2.412 -1 0
-2.164 -1 -1.848 -1 -1.848 -1 -2.412 -1 0
-2.13 -1 -1.818 -1 -1.818 -1 -2.356 -1 0
-2.087 -1 -1.754 -1 -1.754 -1 -2.244 -1 0
-1.999 -1 -1.67 -1 -1.67 -1 -2.192 -1 0
-1.931 -1 -1.63 -1 -1.63 -1 -2.09 -1 0
-1.86 -1 -1.554 -1 -1.554 -1 -2.056 -1 0
-1.805 -1 -1.502 -1 -1.502 -1 -1.932 -1 0
-1.717 -1 -1.442 -1 -1.442 -1 -1.92 -1 0
-1.681 -1 -1.402 -1 -1.402 -1 -1.812 0 0
