10 1000 0.3 2 53 0 0 0 0
-3.803 -1 -3.57 -1 -3.576 -1 -3.728 -1 96
-3.652 -1 -3.434 -1 -3.48 -1 -3.628 -1 122
-3.554 -1 -3.294 -1 -3.304 -1 -3.526 -2 26
-3.415 -1 -3.178 -1 -3.234 -1 -3.46 -1 66
-3.347 -1 -3.092 -1 -3.154 -1 -3.312 -1 60
-3.233 -1 -2.944 -1 -3.006 -1 -3.388 -1 66
-3.197 -1 -2.95 -1 -3.07 -1 -3.378 -1 134
-3.224 -1 -2.958 -1 -2.964 -1 -3.234 -2 7
-3.099 -1 -2.884 -1 -2.934 -1 -3.218 -1 46
-3.076 -1 -2.878 -1 -2.932 -1 -3.198 -1 75
-3.065 -1 -2.83 -1 -2.952 -1 -3.26 -1 120
-3.106 -1 -2.89 -1 -2.934 -1 -3.256 -1 35
-3.095 -1 -2.876 -1 -2.974 -1 -3.284 -1 105
-3.129 -1 -2.874 -1 -2.88 -1 -3.21 -1 7
-3.045 -1 -2.848 -1 -3.004 -1 -3.35 -1 126
-3.177 -1 -2.954 -1 -3.066 -1 -3.322 -1 120
-3.194 -1 -2.956 -1 -2.954 -1 -3.268 -1 11
-3.111 -1 -2.872 -1 -2.974 -1 -3.288 -1 116
-3.131 -1 -2.84 -1 -2.964 -1 -3.256 -1 85
-3.11 -1 -2.84 -1 -2.994 -1 -3.246 -1 145
-3.12 -1 -2.894 -1 -2.998 -1 -3.228 -1 75
-3.113 -1 -2.828 -1 -2.828 -1 -3.242 -1 2
-3.035 -1 -2.848 -1 -2.866 -1 -3.204 -1 10
-3.035 -1 -2.826 -1 -3.006 -1 -3.288 -1 128
-3.147 -1 -2.87 -1 -2.968 -1 -3.23 -1 92
-3.099 -1 -2.866 -1 -2.976 -1 -3.27 -1 125
-3.123 -1 -2.87 -1 -2.952 -1 -3.3 -1 125
-3.126 -1 -2.884 -1 -2.946 -1 -3.222 -1 39
-3.084 -1 -2.83 -1 -2.928 -1 -3.212 -1 105
-3.07 -1 -2.91 -1 -3.03 -1 -3.334 -1 107
-3.182 -1 -2.894 -1 -2.946 -1 -3.224 -1 56
-3.085 -1 -2.832 -1 -2.982 -1 -3.252 -1 131
-3.117 -1 -2.856 -1 -2.94 -1 -3.198 -1 78
-3.069 -1 -2.84 -1 -2.892 -1 -3.214 -1 67
-3.053 -1 -2.842 -1 -2.858 -1 -3.228 -1 13
-3.043 -1 -2.868 -1 -3.074 -1 -3.326 -2 133
-3.2 -1 -2.922 -1 -2.948 -1 -3.228 -1 23
-3.088 -1 -2.874 -1 -2.93 -1 -3.21 -1 36
-3.07 -1 -2.856 -1 -2.98 -1 -3.222 -1 138
-3.101 -1 -2.854 -1 -2.884 -1 -3.146 -1 37
-3.015 -1 -2.778 -1 -2.822 -1 -3.152 -1 34
-2.987 -1 -2.772 -1 -2.81 -1 -3.1 -1 30
-2.955 -1 -2.764 -1 -2.79 -1 -3.104 -1 24
-2.947 -1 -2.752 -1 -2.764 -1 -3.152 -1 8
-2.958 -1 -2.74 -1 -2.87 -1 -3.184 -1 109
-3.027 -1 -2.798 -1 -2.834 -1 -3.184 -1 23
-3.009 -1 -2.808 -1 -2.928 -1 -3.296 -1 147
-3.112 -1 -2.942 -1 -3.032 -1 -3.326 -1 79
-3.179 -1 -2.966 -1 -3.104 -1 -3.332 -1 116
-3.218 -1 -2.998 -1 -3.128 -1 -3.298 -1 115
-3.213 -1 -2.932 -1 -2.942 -1 -3.168 -1 28
-3.055 -1 -2.864 -1 -2.868 -1 -3.222 -1 14
-3.045 -1 -2.828 -1 -2.91 -1 -3.114 0 118
