7 1000 0 2 32 0 0 0 0
-3.288 -1 -3.01 -1 -3.01 -1 -3.194 -1 0
-3.102 -1 -2.866 -1 -2.866 -1 -3.048 -1 0
-2.957 -1 -2.716 -1 -2.716 -1 -2.932 -1 0
-2.824 -1 -2.604 -1 -2.604 -1 -2.846 -1 0
-2.725 -1 -2.506 -1 -2.506 -1 -2.82 -1 0
-2.663 -1 -2.454 -1 -2.454 -1 -2.776 -1 0
-2.615 -1 -2.44 -1 -2.44 -1 -2.792 -1 0
-2.616 -1 -2.404 -1 -2.404 -1 -2.676 -1 0
-2.54 -1 -2.294 -1 -2.294 -1 -2.712 -1 0
-2.503 -1 -2.304 -1 -2.304 -1 -2.678 -1 0
-2.491 -1 -2.286 -1 -2.286 -1 -2.662 -1 0
-2.474 -1 -2.256 -1 -2.256 -1 -2.586 -1 0
-2.421 -1 -2.232 -1 -2.232 -1 -2.648 -1 0
-2.44 -1 -2.23 -1 -2.23 -1 -2.628 -1 0
-2.429 -1 -2.206 -1 -2.206 -1 -2.596 -1 0
-2.401 -1 -2.19 -1 -2.19 -1 -2.554 -1 0
-2.372 -1 -2.12 -1 -2.12 -1 -2.586 -1 0
-2.353 -1 -2.15 -1 -2.15 -1 -2.588 -1 0
-2.369 -1 -2.136 -1 -2.136 -1 -2.532 -1 0
-2.334 -1 -2.112 -1 -2.112 -1 -2.486 -1 0
-2.299 -1 -2.094 -1 -2.094 -1 -2.478 -1 0
-2.286 -1 -2.066 -1 -2.066 -1 -2.442 -1 0
-2.254 -1 -2.068 -1 -2.068 -1 -2.454 -1 0
-2.261 -1 -2.048 -1 -2.048 -1 -2.52 -1 0
-2.284 -1 -2.084 -1 -2.084 -1 -2.528 -1 0
-2.306 -1 -2.1 -1 -2.1 -1 -2.42 -1 0
-2.26 -1 -2.044 -1 -2.044 -1 -2.412 -1 0
-2.228 -1 -1.988 -1 -1.988 -1 -2.39 -1 0
-2.189 -1 -1.974 -1 -1.974 -1 -2.29 -1 0
-2.132 -1 -1.882 -1 -1.882 -1 -2.282 -1 0
-2.082 -1 -1.896 -1 -1.896 -1 -2.266 -1 0
-2.081 -1 -1.874 -1 -1.874 -1 -2.176 0 0
