7 1000 0.8 6 14 0 0 0 0
-3.247 -1 -2.842 -1 -2.88 -1 -3.042 -1 140
-2.961 -1 -2.594 -1 -2.702 -1 -2.986 -1 181
-2.844 -1 -2.46 -1 -2.668 -1 -2.926 -1 264
-2.797 -1 -2.4 -1 -2.52 -1 -2.878 -1 80
-2.699 -1 -2.286 -1 -2.568 -1 -2.84 -1 269
-2.704 -1 -2.326 -1 -2.432 -1 -2.84 -1 99
-2.636 -1 -2.214 -1 -2.296 -1 -2.702 -1 62
-2.499 -1 -2.166 -1 -2.244 -1 -2.652 -1 50
-2.448 -1 -2.092 -1 -2.418 -1 -2.796 -1 303
-2.607 -1 -2.17 -1 -2.208 -1 -2.586 -1 31
-2.397 -1 -2.056 -1 -2.43 -1 -2.772 -1 276
-2.601 -1 -2.2 -1 -2.458 -1 -2.752 -1 275
-2.605 -1 -2.212 -1 -2.348 -1 -2.684 -1 137
-2.516 -1 -2.138 -1 -2.392 -1 -2.74 0 241
