10 1000 0.4 5 561 0 0 0 0
-3.765 -1 -3.276 -1 -3.338 -1 -3.532 -1 114
-3.435 -1 -3.04 -1 -3.052 -1 -3.446 -1 46
-3.249 -1 -2.928 -1 -2.946 -1 -3.306 -1 21
-3.126 -1 -2.778 -1 -3.002 -1 -3.35 -1 187
-3.176 -1 -2.794 -1 -2.91 -1 -3.216 -1 92
-3.063 -1 -2.686 -1 -2.782 -1 -3.212 -1 91
-2.997 -1 -2.65 -1 -2.858 -1 -3.24 -1 153
-3.049 -1 -2.672 -1 -2.854 -1 -3.168 -1 175
-3.011 -1 -2.626 -1 -2.686 -1 -3.154 -1 38
-2.92 -1 -2.59 -1 -2.594 -1 -3.05 -1 1
-2.822 -1 -2.496 -1 -2.592 -1 -3.076 -1 74
-2.834 -1 -2.538 -1 -2.598 -1 -3.034 -1 27
-2.816 -1 -2.534 -1 -2.554 -1 -2.98 -1 18
-2.767 -1 -2.486 -1 -2.534 -1 -3.056 -2 38
-2.795 -1 -2.46 -1 -2.556 -1 -3.096 -1 89
-2.826 -1 -2.502 -1 -2.706 -1 -3.118 -1 159
-2.912 -1 -2.516 -1 -2.716 -1 -3.126 -1 123
-2.921 -1 -2.562 -1 -2.584 -1 -3.048 -1 16
-2.816 -1 -2.478 -1 -2.486 -1 -3.032 -1 9
-2.759 -1 -2.484 -1 -2.546 -1 -3.018 -1 47
-2.782 -1 -2.456 -1 -2.68 -1 -3.128 -1 160
-2.904 -1 -2.58 -1 -2.766 -1 -3.18 -1 128
-2.973 -1 -2.616 -1 -2.766 -1 -3.088 -1 127
-2.927 -1 -2.554 -1 -2.772 -1 -3.194 -1 164
-2.983 -1 -2.606 -1 -2.804 -1 -3.15 -2 160
-2.977 -1 -2.624 -1 -2.868 -1 -3.256 -2 180
-3.062 -1 -2.688 -1 -2.898 -1 -3.222 -1 152
-3.06 -1 -2.694 -1 -2.948 -1 -3.222 -1 177
-3.085 -1 -2.678 -1 -2.82 -1 -3.24 -1 115
-3.03 -1 -2.658 -1 -2.774 -1 -3.26 -1 96
-3.017 -1 -2.648 -1 -2.784 -1 -3.142 -1 92
-2.963 -1 -2.64 -1 -2.772 -1 -3.152 -2 96
-2.962 -1 -2.646 -1 -2.712 -1 -3.064 -1 50
-2.888 -1 -2.554 -1 -2.71 -1 -3.102 -1 110
-2.906 -1 -2.556 -1 -2.684 -1 -3.044 -1 94
-2.864 -1 -2.5 -1 -2.694 -1 -3.076 -1 117
-2.885 -1 -2.542 -1 -2.674 -1 -3.056 -1 88
-2.865 -1 -2.528 -1 -2.654 -1 -3.092 -1 69
-2.873 -1 -2.518 -1 -2.736 -1 -3.034 -1 167
-2.885 -1 -2.524 -1 -2.552 -1 -3.044 -1 14
-2.798 -1 -2.504 -1 -2.732 -1 -3.1 -1 172
-2.916 -1 -2.558 -1 -2.562 -1 -3.05 -1 2
-2.806 -1 -2.506 -1 -2.652 -1 -3.096 -1 83
-2.874 -1 -2.5 -1 -2.502 -1 -3.026 -1 2
-2.764 -1 -2.478 -1 -2.734 -1 -3.122 -1 187
-2.928 -1 -2.572 -1 -2.646 -1 -3.048 -1 49
-2.847 -1 -2.482 -1 -2.662 -1 -3.11 -1 115
-2.886 -1 -2.528 -1 -2.698 -1 -3.052 -1 130
-2.875 -1 -2.546 -1 -2.586 -1 -3.044 -1 29
-2.815 -1 -2.44 -1 -2.464 -1 -2.968 -1 16
-2.716 -1 -2.378 -1 -2.498 -1 -2.992 -1 69
-2.745 -1 -2.446 -1 -2.572 -1 -2.884 -1 103
-2.728 -1 -2.378 -1 -2.384 -1 -2.892 -1 8
-2.638 -1 -2.37 -1 -2.458 -1 -2.94 -1 53
-2.699 -1 -2.368 -1 -2.644 -1 -3.034 -1 180
-2.839 -1 -2.456 -1 -2.52 -1 -2.988 -1 36
-2.754 -1 -2.42 -1 -2.494 -1 -2.926 -1 45
-2.71 -1 -2.39 -1 -2.526 -1 -2.962 -1 95
-2.744 -1 -2.43 -1 -2.516 -1 -2.982 -1 45
-2.749 -1 -2.416 -1 -2.494 -1 -2.912 -1 88
-2.703 -1 -2.366 -1 -2.396 -1 -2.93 -1 19
-2.663 -1 -2.34 -1 -2.424 -1 -2.93 -1 38
-2.677 -1 -2.356 -1 -2.54 -1 -2.954 -1 118
-2.747 -1 -2.416 -1 -2.664 -1 -3.03 -1 187
-2.847 -1 -2.44 -1 -2.584 -1 -2.96 -1 90
-2.772 -1 -2.408 -1 -2.574 -1 -2.94 -1 126
-2.757 -1 -2.388 -1 -2.518 -1 -3.004 -1 89
-2.761 -1 -2.408 -1 -2.58 -1 -2.948 -1 104
-2.764 -1 -2.404 -1 -2.558 -1 -3.026 -1 97
-2.792 -1 -2.44 -1 -2.578 -1 -2.976 -1 82
-2.777 -1 -2.46 -1 -2.598 -1 -3.016 -1 92
-2.807 -1 -2.472 -1 -2.724 -1 -3.07 -1 186
-2.897 -1 -2.488 -1 -2.668 -1 -3.054 -1 141
-2.861 -1 -2.462 -1 -2.744 -1 -3.066 -1 184
-2.905 -1 -2.488 -1 -2.628 -1 -3.048 -1 91
-2.838 -1 -2.476 -1 -2.688 -1 -3.086 -1 155
-2.887 -1 -2.514 -1 -2.676 -1 -3.022 -1 92
-2.849 -1 -2.434 -1 -2.588 -1 -3.02 -1 101
-2.804 -1 -2.46 -1 -2.462 -1 -2.936 -1 4
-2.699 -1 -2.378 -1 -2.502 -1 -2.874 -1 83
-2.688 -1 -2.32 -1 -2.572 -1 -2.918 -1 167
-2.745 -1 -2.372 -1 -2.596 -1 -3.058 -1 131
-2.827 -1 -2.404 -1 -2.474 -1 -2.962 -1 46
-2.718 -1 -2.368 -1 -2.382 -1 -2.848 -1 9
-2.615 -1 -2.264 -1 -2.558 -1 -2.938 -1 179
-2.748 -1 -2.326 -1 -2.458 -1 -2.906 -1 93
-2.682 -1 -2.298 -1 -2.538 -1 -2.94 -1 131
-2.739 -1 -2.332 -1 -2.366 -1 -2.822 -1 19
-2.594 -1 -2.264 -1 -2.546 -1 -2.906 -1 174
-2.726 -1 -2.294 -1 -2.472 -1 -2.846 -1 102
-2.659 -1 -2.286 -1 -2.434 -1 -2.878 -1 102
-2.656 -1 -2.302 -1 -2.494 -1 -2.9 -1 97
-2.697 -1 -2.332 -1 -2.584 -1 -2.904 -1 154
-2.744 -1 -2.344 -1 -2.444 -1 -2.838 -1 75
-2.641 -1 -2.296 -1 -2.306 -1 -2.678 -1 8
-2.492 -1 -2.154 -1 -2.29 -1 -2.818 -1 93
-2.554 -1 -2.206 -1 -2.492 -1 -2.872 -1 136
-2.682 -1 -2.264 -1 -2.326 -1 -2.718 -1 29
-2.522 -1 -2.19 -1 -2.26 -1 -2.702 -1 34
-2.481 -1 -2.128 -1 -2.144 -1 -2.65 -1 7
-2.397 -1 -2.056 -1 -2.304 -1 -2.778 -1 160
-2.541 -1 -2.108 -1 -2.326 -1 -2.74 -1 113
-2.533 -1 -2.084 -1 -2.334 -1 -2.782 -1 107
-2.558 -1 -2.12 -1 -2.45 -1 -2.832 -1 180
-2.641 -1 -2.206 -1 -2.46 -1 -2.78 -1 157
-2.62 -1 -2.21 -1 -2.36 -1 -2.73 -1 70
-2.545 -1 -2.188 -1 -2.508 -1 -2.806 -1 182
-2.657 -1 -2.246 -1 -2.47 -1 -2.778 -1 100
-2.624 -1 -2.254 -1 -2.39 -1 -2.822 -1 81
-2.606 -1 -2.232 -1 -2.344 -1 -2.762 -1 50
-2.553 -1 -2.168 -1 -2.208 -1 -2.636 -1 19
-2.422 -1 -2.038 -1 -2.164 -1 -2.59 -1 58
-2.377 -1 -2.046 -1 -2.148 -1 -2.568 -1 61
-2.358 -1 -2.006 -1 -2.25 -1 -2.612 -1 107
-2.431 -1 -2.066 -1 -2.442 -1 -2.788 -1 182
-2.615 -1 -2.154 -1 -2.392 -1 -2.72 -1 129
-2.556 -1 -2.12 -1 -2.156 -1 -2.462 -1 21
-2.309 -1 -1.958 -1 -1.966 -1 -2.328 -1 3
-2.147 -1 -1.774 -1 -1.896 -1 -2.33 -1 56
-2.113 -1 -1.734 -1 -2.07 -1 -2.336 -1 147
-2.203 -1 -1.742 -1 -1.95 -1 -2.266 -1 87
-2.108 -1 -1.684 -1 -1.998 -1 -2.314 -1 130
-2.156 -1 -1.708 -1 -1.938 -1 -2.236 -1 97
-2.087 -1 -1.642 -1 -1.74 -1 -2.036 -1 26
-1.888 -1 -1.496 -1 -1.65 -1 -1.898 -1 57
-1.774 -1 -1.362 -1 -1.848 -1 -2.102 -1 172
-1.975 -1 -1.514 -1 -1.996 -1 -2.318 -1 178
-2.157 -1 -1.596 -1 -1.866 -1 -2.144 -1 84
-2.005 -1 -1.544 -1 -1.848 -1 -2.154 -1 104
-2.001 -1 -1.538 -1 -1.718 -1 -1.994 -1 60
-1.856 -1 -1.408 -1 -1.496 -1 -1.678 -1 28
-1.587 -1 -1.268 -1 -1.632 -1 -1.864 -1 133
-1.748 -1 -1.324 -1 -1.736 -1 -1.906 -1 145
-1.821 -1 -1.414 -1 -1.838 -1 -2.082 -1 151
-1.96 -1 -1.482 -1 -1.726 -1 -1.968 -1 86
-1.847 -1 -1.428 -1 -1.696 -1 -1.874 -1 99
-1.785 -1 -1.384 -1 -1.41 -1 -1.572 -1 12
-1.491 -1 -1.214 -1 -1.49 -1 -1.662 -1 88
-1.576 -1 -1.22 -1 -1.22 -1 -1.338 -1 0
-1.279 -1 -1.106 -1 -1.606 -1 -1.776 -1 154
-1.691 -1 -1.274 -1 -1.758 -1 -1.926 -1 149
-1.842 -1 -1.394 -1 -1.702 -1 -1.908 -1 104
-1.805 -1 -1.348 -1 -1.786 -1 -1.862 -1 154
-1.824 -1 -1.346 -1 -1.748 -1 -1.954 -1 128
-1.851 -1 -1.404 -1 -1.458 -1 -1.6 -1 12
-1.529 -1 -1.236 -1 -1.684 -1 -1.88 -1 138
-1.782 -1 -1.342 -1 -1.802 -1 -1.972 -1 151
-1.887 -1 -1.436 -1 -1.86 -1 -2.044 -1 152
-1.952 -1 -1.46 -1 -1.724 -1 -1.916 -1 84
-1.82 -1 -1.408 -1 -1.836 -1 -2.016 -1 149
-1.926 -1 -1.438 -1 -1.5 -1 -1.61 -1 15
-1.555 -1 -1.24 -1 -1.606 -1 -1.804 -1 116
-1.705 -1 -1.296 -1 -1.808 -1 -1.996 -1 172
-1.902 -1 -1.428 -1 -1.852 -1 -2.018 -1 139
-1.935 -1 -1.458 -1 -1.85 -1 -2.036 -1 131
-1.943 -1 -1.454 -1 -1.842 -1 -2.018 -1 131
-1.93 -1 -1.498 -1 -1.73 -1 -1.938 -1 75
-1.834 -1 -1.384 -1 -1.664 -1 -1.866 -1 106
-1.765 -1 -1.364 -1 -1.668 -1 -1.854 -1 114
-1.761 -1 -1.416 -1 -1.524 -1 -1.604 -1 39
-1.564 -1 -1.268 -1 -1.75 -1 -1.92 -1 187
-1.835 -1 -1.364 -1 -1.414 -1 -1.574 -1 15
-1.494 -1 -1.216 -1 -1.324 -1 -1.426 -1 35
-1.375 -1 -1.134 -1 -1.68 -1 -1.872 -1 190
-1.776 -1 -1.378 -1 -1.702 -1 -1.818 -1 120
-1.76 -1 -1.312 -1 -1.632 -1 -1.788 -1 97
-1.71 -1 -1.292 -1 -1.56 -1 -1.74 -1 86
-1.65 -1 -1.286 -1 -1.884 -1 -2.094 -1 196
-1.989 -1 -1.482 -1 -1.874 -1 -2.106 -1 149
-1.99 -1 -1.484 -1 -1.804 -1 -2.01 -1 129
-1.907 -1 -1.46 -1 -1.718 -1 -1.898 -1 91
-1.808 -1 -1.394 -1 -1.538 -1 -1.68 -1 53
-1.609 -1 -1.266 -1 -1.672 -1 -1.836 -1 122
-1.754 -1 -1.362 -1 -1.558 -1 -1.768 -1 67
-1.663 -1 -1.288 -1 -1.718 -1 -1.86 -1 149
-1.789 -1 -1.376 -1 -1.882 -1 -2.102 -1 190
-1.992 -1 -1.542 -1 -1.694 -1 -1.906 -1 51
-1.8 -1 -1.394 -1 -1.808 -1 -2.054 -1 145
-1.931 -1 -1.444 -1 -1.476 -1 -1.6 -1 9
-1.538 -1 -1.212 -1 -1.694 -1 -1.818 -1 153
-1.756 -1 -1.316 -1 -1.384 -1 -1.508 -1 29
-1.446 -1 -1.168 -1 -1.592 -1 -1.718 -1 131
-1.655 -1 -1.282 -1 -1.736 -1 -1.936 -1 180
-1.836 -1 -1.404 -1 -1.78 -1 -1.956 -1 131
-1.868 -1 -1.404 -1 -1.816 -1 -2.012 -1 150
-1.914 -1 -1.458 -1 -1.602 -1 -1.742 -1 57
-1.672 -1 -1.286 -1 -1.618 -1 -1.788 -1 104
-1.703 -1 -1.304 -1 -1.72 -1 -1.902 -1 151
-1.811 -1 -1.358 -1 -1.498 -1 -1.596 -1 42
-1.547 -1 -1.244 -1 -1.314 -1 -1.432 -1 26
-1.373 -1 -1.156 -1 -1.372 -1 -1.508 -1 67
-1.44 -1 -1.186 -1 -1.49 -1 -1.648 -1 94
-1.569 -1 -1.21 -1 -1.462 -1 -1.628 -1 84
-1.545 -1 -1.266 -1 -1.328 -1 -1.43 -1 18
-1.379 -1 -1.108 -1 -1.594 -1 -1.744 -1 148
-1.669 -1 -1.28 -1 -1.414 -1 -1.524 -1 43
-1.469 -1 -1.178 -1 -1.448 -1 -1.538 -1 82
-1.493 -1 -1.188 -1 -1.394 -1 -1.53 -1 62
-1.462 -1 -1.17 -1 -1.486 -1 -1.6 -1 103
-1.543 -1 -1.182 -1 -1.364 -1 -1.444 -1 52
-1.404 -1 -1.12 -1 -1.642 -1 -1.824 -1 176
-1.733 -1 -1.306 -1 -1.814 -1 -1.954 -1 171
-1.884 -1 -1.418 -1 -1.95 -1 -2.122 -1 177
-2.036 -1 -1.508 -1 -1.57 -1 -1.772 -1 23
-1.671 -1 -1.32 -1 -1.748 -1 -1.888 -1 128
-1.818 -1 -1.398 -1 -1.828 -1 -1.976 -1 131
-1.902 -1 -1.41 -1 -1.556 -1 -1.694 -1 52
-1.625 -1 -1.302 -1 -1.644 -1 -1.85 -1 119
-1.747 -1 -1.352 -1 -1.872 -1 -2.072 -1 190
-1.972 -1 -1.47 -1 -1.746 -1 -1.964 -1 100
-1.855 -1 -1.362 -1 -1.94 -1 -2.12 -1 185
-2.03 -1 -1.518 -1 -1.836 -1 -2.014 -1 124
-1.925 -1 -1.494 -1 -1.56 -1 -1.67 -1 25
-1.615 -1 -1.254 -1 -1.698 -1 -1.908 -1 165
-1.803 -1 -1.394 -1 -1.438 -1 -1.588 -1 11
-1.513 -1 -1.186 -1 -1.494 -1 -1.652 -1 94
-1.573 -1 -1.216 -1 -1.658 -1 -1.842 -1 154
-1.75 -1 -1.36 -1 -1.846 -1 -2.016 -1 163
-1.931 -1 -1.478 -1 -1.866 -1 -2.048 -1 136
-1.957 -1 -1.524 -1 -1.75 -1 -1.906 -1 88
-1.828 -1 -1.4 -1 -1.824 -1 -2.026 -1 165
-1.925 -1 -1.464 -1 -1.608 -1 -1.784 -1 68
-1.696 -1 -1.33 -1 -1.752 -1 -1.968 -1 143
-1.86 -1 -1.424 -1 -1.546 -1 -1.724 -1 51
-1.635 -1 -1.306 -1 -1.834 -1 -2.018 -1 179
-1.926 -1 -1.492 -1 -1.842 -1 -1.996 -1 120
-1.919 -1 -1.44 -1 -1.64 -1 -1.824 -1 64
-1.732 -1 -1.35 -1 -1.52 -1 -1.696 -1 68
-1.608 -1 -1.236 -1 -1.32 -1 -1.434 -1 31
-1.377 -1 -1.122 -1 -1.492 -1 -1.652 -1 114
-1.572 -1 -1.216 -1 -1.23 -1 -1.358 -1 3
-1.294 -1 -1.12 -1 -1.45 -1 -1.612 -1 98
-1.531 -1 -1.224 -1 -1.464 -1 -1.63 -1 78
-1.547 -1 -1.196 -1 -1.238 -1 -1.33 -1 16
-1.284 -1 -1.094 -1 -1.094 -1 -1.16 -1 1
-1.127 -1 -1.02 -1 -1.13 -1 -1.204 -1 28
-1.167 -1 -1.054 -1 -1.156 -1 -1.248 -1 33
-1.202 -1 -1.062 -1 -1.218 -1 -1.306 -1 53
-1.262 -1 -1.078 -1 -1.232 -1 -1.334 -1 42
-1.283 -1 -1.11 -1 -1.288 -1 -1.398 -1 61
-1.343 -1 -1.108 -1 -1.148 -1 -1.26 -1 15
-1.204 -1 -1.072 -1 -1.448 -1 -1.568 -1 121
-1.508 -1 -1.21 -1 -1.644 -1 -1.808 -1 157
-1.726 -1 -1.328 -1 -1.686 -1 -1.87 -1 134
-1.778 -1 -1.372 -1 -1.45 -1 -1.532 -1 23
-1.491 -1 -1.172 -1 -1.496 -1 -1.666 -1 115
-1.581 -1 -1.27 -1 -1.784 -1 -1.968 -1 186
-1.876 -1 -1.368 -1 -1.874 -1 -2.066 -1 189
-1.97 -1 -1.484 -1 -1.494 -1 -1.612 -1 2
-1.553 -1 -1.222 -1 -1.594 -1 -1.766 -1 113
-1.68 -1 -1.312 -1 -1.576 -1 -1.738 -1 87
-1.657 -1 -1.278 -1 -1.318 -1 -1.41 -1 14
-1.364 -1 -1.134 -1 -1.432 -1 -1.568 -1 89
-1.5 -1 -1.184 -1 -1.274 -1 -1.368 -1 28
-1.321 -1 -1.11 -1 -1.406 -1 -1.49 -1 79
-1.448 -1 -1.16 -1 -1.356 -1 -1.462 -1 54
-1.409 -1 -1.166 -1 -1.27 -1 -1.35 -1 33
-1.31 -1 -1.098 -1 -1.544 -1 -1.698 -1 144
-1.621 -1 -1.262 -1 -1.804 -1 -1.946 -1 176
-1.875 -1 -1.39 -1 -1.754 -1 -1.92 -1 135
-1.837 -1 -1.426 -1 -1.47 -1 -1.634 -1 13
-1.552 -1 -1.23 -1 -1.544 -1 -1.68 -1 99
-1.612 -1 -1.234 -1 -1.564 -1 -1.682 -1 110
-1.623 -1 -1.266 -1 -1.72 -1 -1.926 -1 139
-1.823 -1 -1.356 -1 -1.876 -1 -2.012 -1 170
-1.944 -1 -1.478 -1 -1.736 -1 -1.928 -1 97
-1.832 -1 -1.39 -1 -1.902 -1 -2.082 -1 188
-1.992 -1 -1.506 -1 -1.638 -1 -1.846 -1 47
-1.742 -1 -1.338 -1 -1.614 -1 -1.768 -1 111
-1.691 -1 -1.326 -1 -1.858 -1 -2.056 -1 187
-1.957 -1 -1.456 -1 -1.776 -1 -1.952 -1 110
-1.864 -1 -1.404 -1 -1.488 -1 -1.636 -1 31
-1.562 -1 -1.234 -1 -1.636 -1 -1.778 -1 140
-1.707 -1 -1.288 -1 -1.358 -1 -1.462 -1 22
-1.41 -1 -1.144 -1 -1.302 -1 -1.38 -1 45
-1.341 -1 -1.106 -1 -1.144 -1 -1.216 -1 9
-1.18 -1 -1.046 -1 -1.278 -1 -1.418 -1 67
-1.348 -1 -1.13 -1 -1.578 -1 -1.702 -1 144
-1.64 -1 -1.264 -1 -1.702 -1 -1.834 -1 145
-1.768 -1 -1.338 -1 -1.81 -1 -1.984 -1 180
-1.897 -1 -1.438 -1 -1.902 -1 -2.064 -1 152
-1.983 -1 -1.538 -1 -1.876 -1 -2.108 -1 133
-1.992 -1 -1.54 -1 -1.96 -1 -2.096 -1 176
-2.028 -1 -1.592 -1 -1.7 -1 -1.87 -1 58
-1.785 -1 -1.386 -1 -1.528 -1 -1.642 -1 43
-1.585 -1 -1.25 -1 -1.792 -1 -1.912 -1 167
-1.852 -1 -1.408 -1 -1.668 -1 -1.854 -1 76
-1.761 -1 -1.366 -1 -1.826 -1 -2.01 -1 151
-1.918 -1 -1.454 -1 -1.9 -1 -2.14 -1 169
-2.02 -1 -1.534 -1 -1.99 -1 -2.14 -1 183
-2.065 -1 -1.568 -1 -1.638 -1 -1.816 -1 24
-1.727 -1 -1.35 -1 -1.768 -1 -1.984 -1 157
-1.876 -1 -1.418 -1 -1.534 -1 -1.71 -1 29
-1.622 -1 -1.25 -1 -1.654 -1 -1.802 -1 139
-1.728 -1 -1.35 -1 -1.784 -1 -2.014 -1 146
-1.899 -1 -1.412 -1 -1.832 -1 -1.964 -1 170
-1.898 -1 -1.442 -1 -1.778 -1 -2.008 -1 120
-1.893 -1 -1.406 -1 -1.762 -1 -1.958 -1 123
-1.86 -1 -1.384 -1 -1.858 -1 -2.078 -1 168
-1.968 -1 -1.446 -1 -1.906 -1 -2.158 -1 174
-2.032 -1 -1.562 -1 -1.774 -1 -1.964 -1 96
-1.869 -1 -1.438 -1 -1.63 -1 -1.846 -1 81
-1.738 -1 -1.396 -1 -1.748 -1 -2.006 -1 134
-1.877 -1 -1.426 -1 -1.458 -1 -1.58 -1 9
-1.519 -1 -1.232 -1 -1.7 -1 -1.874 -1 148
-1.787 -1 -1.324 -1 -1.584 -1 -1.788 -1 100
-1.686 -1 -1.336 -1 -1.652 -1 -1.866 -1 108
-1.759 -1 -1.38 -1 -1.438 -1 -1.576 -1 23
-1.507 -1 -1.19 -1 -1.59 -1 -1.804 -1 141
-1.697 -1 -1.334 -1 -1.604 -1 -1.792 -1 84
-1.698 -1 -1.324 -1 -1.526 -1 -1.708 -1 60
-1.617 -1 -1.258 -1 -1.54 -1 -1.698 -1 85
-1.619 -1 -1.26 -1 -1.694 -1 -1.858 -1 146
-1.776 -1 -1.326 -1 -1.366 -1 -1.438 -1 10
-1.402 -1 -1.15 -1 -1.222 -1 -1.36 -1 23
-1.291 -1 -1.09 -1 -1.364 -1 -1.488 -1 90
-1.426 -1 -1.128 -1 -1.23 -1 -1.332 -1 24
-1.281 -1 -1.066 -1 -1.658 -1 -1.798 -1 185
-1.728 -1 -1.28 -1 -1.534 -1 -1.69 -1 84
-1.612 -1 -1.256 -1 -1.306 -1 -1.432 -1 21
-1.369 -1 -1.15 -1 -1.276 -1 -1.394 -1 36
-1.335 -1 -1.084 -1 -1.17 -1 -1.24 -1 22
-1.205 -1 -1.036 -1 -1.068 -1 -1.114 -1 11
-1.091 -1 -1.02 -1 -1.46 -1 -1.628 -1 150
-1.544 -1 -1.224 -1 -1.68 -1 -1.824 -1 164
-1.752 -1 -1.328 -1 -1.612 -1 -1.726 -1 78
-1.669 -1 -1.264 -1 -1.412 -1 -1.516 -1 47
-1.464 -1 -1.162 -1 -1.454 -1 -1.556 -1 90
-1.505 -1 -1.172 -1 -1.294 -1 -1.38 -1 30
-1.337 -1 -1.138 -1 -1.432 -1 -1.568 -1 91
-1.5 -1 -1.184 -1 -1.696 -1 -1.882 -1 172
-1.789 -1 -1.364 -1 -1.732 -1 -1.884 -1 134
-1.808 -1 -1.382 -1 -1.5 -1 -1.612 -1 31
-1.556 -1 -1.196 -1 -1.61 -1 -1.778 -1 117
-1.694 -1 -1.306 -1 -1.522 -1 -1.656 -1 84
-1.589 -1 -1.23 -1 -1.496 -1 -1.612 -1 70
-1.554 -1 -1.2 -1 -1.358 -1 -1.456 -1 46
-1.407 -1 -1.154 -1 -1.588 -1 -1.708 -1 145
-1.648 -1 -1.318 -1 -1.67 -1 -1.818 -1 122
-1.744 -1 -1.364 -1 -1.936 -1 -2.078 -1 190
-2.007 -1 -1.506 -1 -1.932 -1 -2.122 -1 168
-2.027 -1 -1.526 -1 -1.648 -1 -1.854 -1 54
-1.751 -1 -1.368 -1 -1.774 -1 -1.986 -1 148
-1.88 -1 -1.412 -1 -1.81 -1 -2.006 -1 159
-1.908 -1 -1.47 -1 -1.59 -1 -1.824 -1 36
-1.707 -1 -1.302 -1 -1.398 -1 -1.508 -1 29
-1.453 -1 -1.184 -1 -1.676 -1 -1.838 -1 153
-1.757 -1 -1.32 -1 -1.542 -1 -1.74 -1 70
-1.641 -1 -1.266 -1 -1.752 -1 -1.942 -1 168
-1.847 -1 -1.43 -1 -1.738 -1 -1.912 -1 120
-1.825 -1 -1.414 -1 -1.624 -1 -1.812 -1 69
-1.718 -1 -1.286 -1 -1.702 -1 -1.872 -1 133
-1.787 -1 -1.332 -1 -1.718 -1 -1.878 -1 126
-1.798 -1 -1.344 -1 -1.794 -1 -1.918 -1 159
-1.856 -1 -1.45 -1 -1.484 -1 -1.566 -1 9
-1.525 -1 -1.206 -1 -1.224 -1 -1.36 -1 4
-1.292 -1 -1.132 -1 -1.536 -1 -1.666 -1 120
-1.601 -1 -1.246 -1 -1.73 -1 -1.928 -1 168
-1.829 -1 -1.334 -1 -1.466 -1 -1.66 -1 48
-1.563 -1 -1.248 -1 -1.548 -1 -1.7 -1 103
-1.624 -1 -1.282 -1 -1.432 -1 -1.562 -1 53
-1.497 -1 -1.194 -1 -1.55 -1 -1.67 -1 113
-1.61 -1 -1.246 -1 -1.596 -1 -1.75 -1 119
-1.673 -1 -1.32 -1 -1.752 -1 -1.97 -1 138
-1.861 -1 -1.434 -1 -1.54 -1 -1.708 -1 32
-1.624 -1 -1.264 -1 -1.584 -1 -1.68 -1 105
-1.632 -1 -1.282 -1 -1.71 -1 -1.894 -1 131
-1.802 -1 -1.386 -1 -1.432 -1 -1.596 -1 14
-1.514 -1 -1.222 -1 -1.522 -1 -1.7 -1 105
-1.611 -1 -1.254 -1 -1.624 -1 -1.722 -1 123
-1.673 -1 -1.286 -1 -1.686 -1 -1.824 -1 128
-1.755 -1 -1.322 -1 -1.368 -1 -1.464 -1 17
-1.416 -1 -1.152 -1 -1.498 -1 -1.628 -1 115
-1.563 -1 -1.232 -1 -1.514 -1 -1.69 -1 96
-1.602 -1 -1.314 -1 -1.61 -1 -1.786 -1 91
-1.698 -1 -1.28 -1 -1.41 -1 -1.5 -1 38
-1.455 -1 -1.176 -1 -1.28 -1 -1.384 -1 33
-1.332 -1 -1.112 -1 -1.112 -1 -1.196 -1 0
-1.154 -1 -1.04 -1 -1.42 -1 -1.526 -1 104
-1.473 -1 -1.17 -1 -1.384 -1 -1.494 -1 70
-1.439 -1 -1.148 -1 -1.492 -1 -1.64 -1 107
-1.566 -1 -1.24 -1 -1.51 -1 -1.62 -1 75
-1.565 -1 -1.224 -1 -1.692 -1 -1.848 -1 157
-1.77 -1 -1.33 -1 -1.656 -1 -1.806 -1 126
-1.731 -1 -1.364 -1 -1.912 -1 -2.148 -1 199
-2.03 -1 -1.506 -1 -1.71 -1 -1.884 -1 84
-1.797 -1 -1.406 -1 -1.842 -1 -2.002 -1 155
-1.922 -1 -1.432 -1 -1.844 -1 -1.992 -1 135
-1.918 -1 -1.446 -1 -1.532 -1 -1.742 -1 30
-1.637 -1 -1.27 -1 -1.45 -1 -1.584 -1 57
-1.517 -1 -1.232 -1 -1.516 -1 -1.632 -1 92
-1.574 -1 -1.238 -1 -1.856 -1 -2.048 -1 192
-1.952 -1 -1.446 -1 -1.78 -1 -1.962 -1 120
-1.871 -1 -1.442 -1 -1.97 -1 -2.16 -1 178
-2.065 -1 -1.558 -1 -1.666 -1 -1.836 -1 41
-1.751 -1 -1.37 -1 -1.394 -1 -1.564 -1 10
-1.479 -1 -1.214 -1 -1.652 -1 -1.856 -1 172
-1.754 -1 -1.36 -1 -1.712 -1 -1.85 -1 115
-1.781 -1 -1.376 -1 -1.592 -1 -1.78 -1 79
-1.686 -1 -1.318 -1 -1.412 -1 -1.584 -1 29
-1.498 -1 -1.18 -1 -1.68 -1 -1.88 -1 172
-1.78 -1 -1.358 -1 -1.53 -1 -1.662 -1 57
-1.596 -1 -1.254 -1 -1.378 -1 -1.476 -1 44
-1.427 -1 -1.144 -1 -1.24 -1 -1.334 -1 23
-1.287 -1 -1.082 -1 -1.25 -1 -1.39 -1 49
-1.32 -1 -1.12 -1 -1.422 -1 -1.576 -1 90
-1.499 -1 -1.154 -1 -1.382 -1 -1.524 -1 62
-1.453 -1 -1.168 -1 -1.67 -1 -1.818 -1 159
-1.744 -1 -1.316 -1 -1.812 -1 -1.98 -1 184
-1.896 -1 -1.422 -1 -1.856 -1 -2.044 -1 159
-1.95 -1 -1.506 -1 -1.818 -1 -1.998 -1 119
-1.908 -1 -1.466 -1 -1.482 -1 -1.602 -1 4
-1.542 -1 -1.21 -1 -1.604 -1 -1.76 -1 133
-1.682 -1 -1.294 -1 -1.302 -1 -1.36 -1 2
-1.331 -1 -1.104 -1 -1.666 -1 -1.8 -1 175
-1.733 -1 -1.28 -1 -1.33 -1 -1.45 -1 13
-1.39 -1 -1.138 -1 -1.242 -1 -1.346 -1 33
-1.294 -1 -1.102 -1 -1.174 -1 -1.212 -1 17
-1.193 -1 -1.064 -1 -1.228 -1 -1.32 -1 63
-1.274 -1 -1.074 -1 -1.118 -1 -1.194 -1 9
-1.156 -1 -1.04 -1 -1.228 -1 -1.328 -1 63
-1.278 -1 -1.1 -1 -1.64 -1 -1.788 -1 171
-1.714 -1 -1.36 -1 -1.704 -1 -1.832 -1 114
-1.768 -1 -1.34 -1 -1.614 -1 -1.74 -1 90
-1.677 -1 -1.29 -1 -1.886 -1 -2.046 -1 195
-1.966 -1 -1.44 -1 -1.952 -1 -2.152 -1 181
-2.052 -1 -1.536 -1 -1.592 -1 -1.762 -1 14
-1.677 -1 -1.304 -1 -1.566 -1 -1.724 -1 94
-1.645 -1 -1.282 -1 -1.662 -1 -1.866 -1 127
-1.764 -1 -1.33 -1 -1.448 -1 -1.55 -1 41
-1.499 -1 -1.228 -1 -1.576 -1 -1.732 -1 106
-1.654 -1 -1.256 -1 -1.73 -1 -1.894 -1 166
-1.812 -1 -1.314 -1 -1.87 -1 -2.046 -1 191
-1.958 -1 -1.45 -1 -1.47 -1 -1.616 -1 4
-1.543 -1 -1.206 -1 -1.288 -1 -1.426 -1 27
-1.357 -1 -1.128 -1 -1.19 -1 -1.298 -1 17
-1.244 -1 -1.058 -1 -1.304 -1 -1.412 -1 70
-1.358 -1 -1.15 -1 -1.728 -1 -1.898 -1 188
-1.813 -1 -1.358 -1 -1.788 -1 -1.91 -1 149
-1.849 -1 -1.376 -1 -1.41 -1 -1.548 -1 7
-1.479 -1 -1.182 -1 -1.226 -1 -1.354 -1 10
-1.29 -1 -1.1 -1 -1.576 -1 -1.74 -1 152
-1.658 -1 -1.268 -1 -1.476 -1 -1.626 -1 71
-1.551 -1 -1.21 -1 -1.606 -1 -1.828 -1 122
-1.717 -1 -1.292 -1 -1.69 -1 -1.904 -1 144
-1.797 -1 -1.342 -1 -1.478 -1 -1.638 -1 43
-1.558 -1 -1.246 -1 -1.334 -1 -1.504 -1 31
-1.419 -1 -1.182 -1 -1.4 -1 -1.534 -1 61
-1.467 -1 -1.184 -1 -1.244 -1 -1.33 -1 18
-1.287 -1 -1.088 -1 -1.63 -1 -1.782 -1 173
-1.706 -1 -1.288 -1 -1.534 -1 -1.678 -1 79
-1.606 -1 -1.254 -1 -1.558 -1 -1.72 -1 102
-1.639 -1 -1.264 -1 -1.82 -1 -1.984 -1 192
-1.902 -1 -1.418 -1 -1.592 -1 -1.788 -1 60
-1.69 -1 -1.324 -1 -1.498 -1 -1.634 -1 51
-1.566 -1 -1.224 -1 -1.502 -1 -1.672 -1 90
-1.587 -1 -1.198 -1 -1.268 -1 -1.418 -1 27
-1.343 -1 -1.134 -1 -1.22 -1 -1.304 -1 27
-1.262 -1 -1.088 -1 -1.118 -1 -1.204 -1 9
-1.161 -1 -1.03 -1 -1.61 -1 -1.762 -1 180
-1.686 -1 -1.298 -1 -1.498 -1 -1.664 -1 80
-1.581 -1 -1.22 -1 -1.588 -1 -1.726 -1 135
-1.657 -1 -1.3 -1 -1.666 -1 -1.88 -1 141
-1.773 -1 -1.362 -1 -1.644 -1 -1.78 -1 88
-1.712 -1 -1.322 -1 -1.346 -1 -1.476 -1 6
-1.411 -1 -1.166 -1 -1.674 -1 -1.858 -1 152
-1.766 -1 -1.348 -1 -1.806 -1 -2.004 -1 171
-1.905 -1 -1.422 -1 -1.628 -1 -1.844 -1 76
-1.736 -1 -1.306 -1 -1.396 -1 -1.598 -1 37
-1.497 -1 -1.182 -1 -1.442 -1 -1.612 -1 85
-1.527 -1 -1.21 -1 -1.324 -1 -1.458 -1 27
-1.391 -1 -1.152 -1 -1.524 -1 -1.682 -1 107
-1.603 -1 -1.252 -1 -1.554 -1 -1.716 -1 114
-1.635 -1 -1.254 -1 -1.516 -1 -1.668 -1 93
-1.592 -1 -1.242 -1 -1.728 -1 -1.862 -1 155
-1.795 -1 -1.37 -1 -1.698 -1 -1.874 -1 111
-1.786 -1 -1.346 -1 -1.81 -1 -1.972 -1 162
-1.891 -1 -1.442 -1 -1.704 -1 -1.834 -1 99
-1.769 -1 -1.372 -1 -1.636 -1 -1.814 -1 74
-1.725 -1 -1.32 -1 -1.51 -1 -1.616 -1 57
-1.563 -1 -1.26 -1 -1.782 -1 -1.962 -1 184
-1.872 -1 -1.428 -1 -1.83 -1 -2.016 -1 147
-1.923 -1 -1.432 -1 -1.9 -1 -2.104 -1 178
-2.002 -1 -1.56 -1 -1.584 -1 -1.734 -1 9
-1.659 -1 -1.316 -1 -1.57 -1 -1.796 -1 90
-1.683 -1 -1.306 -1 -1.668 -1 -1.858 -1 132
-1.763 -1 -1.34 -1 -1.364 -1 -1.492 -1 5
-1.428 -1 -1.15 -1 -1.256 -1 -1.33 -1 27
-1.293 -1 -1.072 -1 -1.548 -1 -1.69 -1 144
-1.619 -1 -1.244 -1 -1.518 -1 -1.678 -1 93
-1.598 -1 -1.242 -1 -1.342 -1 -1.46 -1 34
-1.401 -1 -1.13 -1 -1.69 -1 -1.854 -1 194
-1.772 -1 -1.36 -1 -1.846 -1 -2.008 -1 175
-1.927 -1 -1.446 -1 -1.874 -1 -2.058 -1 146
-1.966 -1 -1.46 -1 -2.016 -1 -2.24 -1 179
-2.128 -1 -1.614 -1 -2.05 -1 -2.258 -1 188
-2.154 -1 -1.61 -1 -1.984 -1 -2.188 -1 153
-2.086 -1 -1.598 -1 -1.744 -1 -1.944 -1 53
-1.844 -1 -1.426 -1 -1.694 -1 -1.886 -1 101
-1.79 -1 -1.404 -1 -1.594 -1 -1.782 -1 61
-1.688 -1 -1.31 -1 -1.386 -1 -1.486 -1 28
-1.436 -1 -1.17 -1 -1.714 -1 -1.902 -1 190
-1.808 -1 -1.372 -1 -1.83 -1 -2.038 -1 150
-1.934 -1 -1.45 -1 -1.93 -1 -2.126 -1 182
-2.028 -1 -1.572 -1 -1.738 -1 -2 -1 66
-1.869 -1 -1.442 -1 -1.822 -1 -1.998 -1 144
-1.91 -1 -1.472 -1 -1.55 -1 -1.736 -1 29
-1.643 -1 -1.252 -1 -1.678 -1 -1.872 -1 133
-1.775 -1 -1.354 -1 -1.428 -1 -1.552 -1 25
-1.49 -1 -1.18 -1 -1.218 -1 -1.31 -1 14
-1.264 -1 -1.064 -1 -1.516 -1 -1.682 -1 143
-1.599 -1 -1.228 -1 -1.622 -1 -1.818 -1 143
-1.72 -1 -1.352 -1 -1.538 -1 -1.706 -1 73
-1.622 -1 -1.28 -1 -1.622 -1 -1.768 -1 108
-1.695 -1 -1.33 -1 -1.604 -1 -1.792 -1 84
-1.698 -1 -1.308 -1 -1.744 -1 -1.916 -1 166
-1.83 -1 -1.408 -1 -1.862 -1 -2.058 -1 163
-1.96 -1 -1.488 -1 -1.702 -1 -1.886 -1 87
-1.794 -1 -1.382 -1 -1.488 -1 -1.66 -1 45
-1.574 -1 -1.216 -1 -1.66 -1 -1.82 -1 146
-1.74 -1 -1.326 -1 -1.386 -1 -1.506 -1 19
-1.446 -1 -1.176 -1 -1.606 -1 -1.86 -1 155
-1.733 -1 -1.354 -1 -1.544 -1 -1.662 -1 66
-1.603 -1 -1.274 -1 -1.402 -1 -1.526 -1 38
-1.464 -1 -1.182 -1 -1.608 -1 -1.72 -1 139
-1.664 -1 -1.256 -1 -1.658 -1 -1.782 -1 139
-1.72 -1 -1.284 -1 -1.406 -1 -1.504 -1 47
-1.455 -1 -1.136 -1 -1.518 -1 -1.652 -1 119
-1.585 -1 -1.244 -1 -1.466 -1 -1.63 -1 80
-1.548 -1 -1.198 -1 -1.554 -1 -1.718 -1 112
-1.636 -1 -1.256 -1 -1.55 -1 -1.672 -1 88
-1.611 -1 -1.222 -1 -1.714 -1 -1.906 -1 165
-1.81 -1 -1.38 -1 -1.652 -1 -1.854 -1 95
-1.753 -1 -1.338 -1 -1.714 -1 -1.838 -1 154
-1.776 -1 -1.35 -1 -1.67 -1 -1.836 -1 106
-1.753 -1 -1.318 -1 -1.83 -1 -2.018 -1 183
-1.924 -1 -1.478 -1 -1.592 -1 -1.744 -1 49
-1.668 -1 -1.286 -1 -1.636 -1 -1.81 -1 121
-1.723 -1 -1.318 -1 -1.458 -1 -1.628 -1 47
-1.543 -1 -1.218 -1 -1.41 -1 -1.578 -1 63
-1.494 -1 -1.184 -1 -1.588 -1 -1.708 -1 121
-1.648 -1 -1.238 -1 -1.752 -1 -1.93 -1 178
-1.841 -1 -1.384 -1 -1.878 -1 -2.074 -1 174
-1.976 -1 -1.502 -1 -1.892 -1 -2.066 -1 142
-1.979 -1 -1.522 -1 -1.78 -1 -1.95 -1 103
-1.865 -1 -1.446 -1 -1.446 -1 -1.588 -1 0
-1.517 -1 -1.218 -1 -1.358 -1 -1.546 -1 49
-1.452 -1 -1.2 -1 -1.762 -1 -1.924 -1 170
-1.843 -1 -1.406 -1 -1.772 -1 -1.93 -1 135
-1.851 -1 -1.408 -1 -1.906 -1 -2.136 -1 179
-2.021 -1 -1.504 -1 -1.696 -1 -1.826 -1 70
-1.761 -1 -1.332 -1 -1.744 -1 -1.922 -1 167
-1.833 -1 -1.396 -1 -1.882 -1 -2.112 -1 175
-1.997 -1 -1.488 -1 -1.548 -1 -1.69 -1 18
-1.619 -1 -1.3 -1 -1.856 -1 -2.068 -1 183
-1.962 -1 -1.486 -1 -1.682 -1 -1.832 -1 72
-1.757 -1 -1.33 -1 -1.726 -1 -1.872 -1 148
-1.799 -1 -1.36 -1 -1.46 -1 -1.588 -1 29
-1.524 -1 -1.214 -1 -1.622 -1 -1.802 -1 156
-1.712 -1 -1.336 -1 -1.856 -1 -2.098 -1 187
-1.977 -1 -1.496 -1 -1.614 -1 -1.796 0 39
