10 1000 0.7 8 551 0 0 0 0
-3.822 -2 -3.322 -2 -3.376 -2 -3.572 -2 119
-3.474 -2 -3.074 -2 -3.162 -2 -3.438 -2 97
-3.3 -2 -2.85 -2 -3.016 -2 -3.356 -2 153
-3.186 -2 -2.792 -2 -2.9 -2 -3.286 -2 58
-3.093 -2 -2.678 -2 -2.784 -2 -3.206 -1 78
-2.995 -1 -2.63 -1 -2.634 -1 -3.134 -1 2
-2.884 -1 -2.538 -1 -2.942 -1 -3.32 -1 308
-3.131 -1 -2.656 -1 -2.856 -1 -3.206 -2 146
-3.031 -1 -2.602 -1 -2.804 -1 -3.13 -1 142
-2.967 -1 -2.562 -1 -2.838 -1 -3.208 -1 190
-3.023 -1 -2.598 -1 -2.92 -1 -3.24 -1 307
-3.08 -1 -2.664 -1 -2.944 -1 -3.3 -1 292
-3.122 -1 -2.706 -1 -2.71 -1 -3.09 -1 3
-2.9 -1 -2.54 -1 -2.818 -1 -3.238 -2 199
-3.028 -1 -2.606 -1 -2.714 -1 -3.098 -1 103
-2.906 -1 -2.518 -1 -2.95 -1 -3.282 -1 303
-3.116 -1 -2.652 -1 -3.032 -1 -3.29 -1 343
-3.161 -1 -2.708 -1 -2.91 -1 -3.294 -1 167
-3.102 -1 -2.666 -1 -2.672 -1 -3.116 -1 4
-2.894 -1 -2.508 -1 -2.654 -1 -3.12 -2 104
-2.887 -1 -2.502 -1 -2.69 -1 -3.054 -1 112
-2.872 -1 -2.48 -1 -2.558 -1 -3.054 -1 53
-2.806 -1 -2.452 -1 -2.814 -1 -3.14 -1 239
-2.977 -1 -2.526 -1 -2.874 -1 -3.24 -1 218
-3.057 -1 -2.614 -1 -3.01 -1 -3.33 -1 318
-3.17 -1 -2.734 -1 -3.03 -1 -3.346 -1 271
-3.188 -1 -2.704 -1 -3.008 -1 -3.306 -1 269
-3.157 -1 -2.734 -1 -3.006 -1 -3.36 -1 250
-3.183 -1 -2.738 -1 -2.994 -1 -3.352 -1 195
-3.173 -1 -2.7 -1 -2.7 -1 -3.142 -1 4
-2.921 -1 -2.566 -1 -2.798 -1 -3.196 -1 134
-2.997 -1 -2.596 -1 -3.042 -1 -3.376 -1 344
-3.209 -1 -2.718 -1 -2.944 -1 -3.23 -1 188
-3.087 -1 -2.64 -1 -2.832 -1 -3.132 -1 144
-2.982 -1 -2.578 -1 -2.95 -1 -3.322 -1 274
-3.136 -1 -2.664 -1 -3.048 -1 -3.344 -1 293
-3.196 -1 -2.688 -1 -2.83 -1 -3.226 -1 105
-3.028 -1 -2.604 -1 -2.944 -1 -3.276 -1 284
-3.11 -1 -2.646 -1 -2.862 -1 -3.238 -1 186
-3.05 -1 -2.626 -1 -2.824 -1 -3.146 -1 152
-2.985 -1 -2.598 -1 -2.942 -1 -3.264 -2 315
-3.103 -1 -2.686 -1 -2.942 -1 -3.298 -2 262
-3.12 -1 -2.69 -1 -2.746 -1 -3.132 -1 25
-2.939 -1 -2.536 -1 -2.76 -1 -3.188 -1 157
-2.974 -1 -2.582 -1 -2.916 -1 -3.212 -1 294
-3.064 -1 -2.578 -1 -2.706 -1 -3.148 -1 73
-2.927 -1 -2.516 -1 -2.546 -1 -3.008 -1 16
-2.777 -1 -2.388 -1 -2.772 -1 -3.122 -1 276
-2.947 -1 -2.518 -1 -2.678 -1 -3.022 -1 108
-2.85 -1 -2.456 -1 -2.928 -1 -3.26 -1 335
-3.094 -1 -2.638 -1 -2.854 -1 -3.178 -1 157
-3.016 -1 -2.576 -1 -2.942 -1 -3.224 -1 250
-3.083 -1 -2.65 -1 -2.986 -1 -3.252 -2 314
-3.119 -1 -2.624 -1 -2.882 -1 -3.288 -1 234
-3.085 -1 -2.626 -1 -2.67 -1 -3.072 -1 25
-2.871 -1 -2.482 -1 -2.796 -1 -3.158 -1 222
-2.977 -1 -2.516 -1 -2.828 -1 -3.172 -1 217
-3 -1 -2.548 -1 -2.928 -1 -3.304 -1 260
-3.116 -1 -2.66 -1 -3.06 -1 -3.37 -1 320
-3.215 -1 -2.748 -1 -3.016 -1 -3.354 -1 247
-3.185 -1 -2.744 -1 -3.032 -1 -3.316 -1 277
-3.174 -1 -2.692 -1 -2.856 -1 -3.27 -1 165
-3.063 -1 -2.64 -1 -2.938 -1 -3.304 -1 203
-3.121 -1 -2.67 -1 -3.028 -1 -3.33 -1 301
-3.179 -1 -2.694 -1 -2.922 -1 -3.33 -1 170
-3.126 -1 -2.704 -1 -3.05 -1 -3.282 -1 298
-3.166 -1 -2.68 -1 -2.764 -1 -3.122 -1 79
-2.943 -1 -2.568 -1 -2.878 -1 -3.268 -1 205
-3.073 -1 -2.666 -1 -2.984 -1 -3.298 -1 322
-3.141 -1 -2.69 -1 -2.992 -1 -3.322 -1 273
-3.157 -1 -2.732 -1 -2.756 -1 -3.258 -2 24
-3.007 -1 -2.616 -1 -2.68 -1 -3.166 -1 52
-2.923 -1 -2.574 -1 -2.788 -1 -3.11 -1 150
-2.949 -1 -2.516 -1 -2.558 -1 -3.05 -1 23
-2.804 -1 -2.422 -1 -2.742 -1 -3.194 -1 253
-2.968 -1 -2.558 -1 -2.98 -1 -3.318 -2 301
-3.149 -1 -2.684 -1 -2.992 -1 -3.31 -1 235
-3.151 -1 -2.688 -1 -3.05 -1 -3.278 -1 327
-3.164 -1 -2.674 -1 -2.854 -1 -3.202 -1 179
-3.028 -1 -2.636 -1 -3.072 -1 -3.336 -1 332
-3.204 -1 -2.762 -1 -2.96 -1 -3.332 -1 188
-3.146 -1 -2.75 -1 -2.75 -1 -3.17 -2 0
-2.96 -1 -2.636 -1 -3.028 -1 -3.412 -1 308
-3.22 -1 -2.778 -1 -2.8 -1 -3.2 -1 17
-3 -1 -2.614 -1 -2.766 -1 -3.192 -1 128
-2.979 -1 -2.61 -1 -2.812 -1 -3.262 -1 161
-3.037 -1 -2.624 -1 -2.888 -1 -3.234 -1 213
-3.061 -1 -2.664 -1 -2.934 -1 -3.284 -1 226
-3.109 -1 -2.642 -1 -3.08 -1 -3.35 -1 341
-3.215 -1 -2.722 -1 -3.038 -1 -3.36 -1 260
-3.199 -1 -2.772 -1 -3.014 -1 -3.38 -1 233
-3.197 -1 -2.74 -1 -3.076 -1 -3.37 -1 341
-3.223 -1 -2.742 -1 -2.924 -1 -3.26 -1 145
-3.092 -1 -2.642 -1 -2.898 -1 -3.334 -1 267
-3.116 -1 -2.642 -1 -2.95 -1 -3.334 -1 315
-3.142 -1 -2.702 -1 -2.846 -1 -3.12 -1 127
-2.983 -1 -2.546 -1 -2.906 -1 -3.26 -1 268
-3.083 -1 -2.694 -1 -2.946 -1 -3.264 -1 221
-3.105 -1 -2.642 -1 -2.992 -1 -3.28 -2 261
-3.136 -1 -2.68 -1 -2.822 -1 -3.272 -1 172
-3.047 -1 -2.658 -1 -2.746 -1 -3.18 -1 53
-2.963 -1 -2.532 -1 -2.62 -1 -2.982 -1 38
-2.801 -1 -2.41 -1 -2.69 -1 -3.136 -1 198
-2.913 -1 -2.488 -1 -2.592 -1 -3.07 -1 52
-2.831 -1 -2.452 -1 -2.642 -1 -3.04 -1 128
-2.841 -1 -2.456 -1 -2.5 -1 -3.034 -1 31
-2.767 -1 -2.404 -1 -2.482 -1 -2.954 -1 31
-2.718 -1 -2.336 -1 -2.436 -1 -2.962 -1 50
-2.699 -1 -2.328 -1 -2.624 -1 -3.152 -1 194
-2.888 -1 -2.472 -1 -2.916 -1 -3.252 -2 270
-3.084 -1 -2.632 -1 -2.95 -1 -3.242 -1 275
-3.096 -1 -2.662 -1 -2.832 -1 -3.138 -2 131
-2.985 -1 -2.596 -1 -2.912 -1 -3.264 -1 253
-3.088 -1 -2.61 -1 -2.742 -1 -3.13 -1 117
-2.936 -1 -2.532 -1 -2.922 -1 -3.252 -1 319
-3.087 -1 -2.63 -1 -2.974 -1 -3.214 -1 234
-3.094 -1 -2.636 -1 -2.918 -1 -3.364 -1 227
-3.141 -1 -2.678 -1 -2.902 -1 -3.256 -1 199
-3.079 -1 -2.626 -1 -2.714 -1 -3.14 -1 64
-2.927 -1 -2.548 -1 -2.794 -1 -3.172 -1 160
-2.983 -1 -2.576 -1 -2.92 -1 -3.248 -1 291
-3.084 -1 -2.658 -1 -2.746 -1 -3.14 -1 70
-2.943 -1 -2.584 -1 -2.926 -1 -3.266 -1 301
-3.096 -1 -2.664 -1 -2.776 -1 -3.11 -1 75
-2.943 -1 -2.546 -1 -2.796 -1 -3.214 -1 175
-3.005 -1 -2.574 -1 -2.624 -1 -3.1 -1 41
-2.862 -1 -2.514 -1 -2.974 -1 -3.226 -1 305
-3.1 -1 -2.634 -1 -2.948 -1 -3.222 -1 326
-3.085 -1 -2.648 -1 -2.752 -1 -3.256 -1 61
-3.004 -1 -2.618 -1 -2.806 -1 -3.23 -1 124
-3.018 -1 -2.602 -1 -2.846 -1 -3.25 -1 181
-3.048 -1 -2.626 -1 -2.714 -1 -3.128 -1 51
-2.921 -1 -2.55 -1 -2.65 -1 -2.978 -1 58
-2.814 -1 -2.446 -1 -2.87 -1 -3.256 -1 324
-3.063 -1 -2.632 -1 -2.71 -1 -3.124 -1 70
-2.917 -1 -2.518 -1 -2.622 -1 -3.084 -1 88
-2.853 -1 -2.454 -1 -2.728 -1 -3.156 -1 211
-2.942 -1 -2.54 -1 -2.76 -1 -3.15 -1 149
-2.955 -1 -2.504 -1 -2.876 -1 -3.218 -1 257
-3.047 -1 -2.578 -1 -2.9 -1 -3.204 -1 207
-3.052 -1 -2.586 -1 -2.9 -1 -3.222 -1 233
-3.061 -1 -2.62 -1 -2.622 -1 -2.99 -1 4
-2.806 -1 -2.464 -1 -2.752 -1 -3.18 -1 213
-2.966 -1 -2.534 -1 -2.828 -1 -3.112 -1 210
-2.97 -1 -2.54 -1 -2.926 -1 -3.2 -1 279
-3.063 -1 -2.63 -1 -2.73 -1 -3.104 -1 107
-2.917 -1 -2.552 -1 -2.702 -1 -3.158 -1 105
-2.93 -1 -2.54 -1 -2.7 -1 -3.14 -1 94
-2.92 -1 -2.5 -1 -2.85 -1 -3.236 -1 278
-3.043 -1 -2.612 -1 -2.994 -1 -3.228 -1 315
-3.111 -1 -2.648 -1 -2.708 -1 -3.136 -1 56
-2.922 -1 -2.488 -1 -2.748 -1 -3.078 -1 177
-2.913 -1 -2.532 -1 -2.942 -1 -3.252 -1 303
-3.097 -1 -2.65 -1 -3.014 -1 -3.28 -1 244
-3.147 -1 -2.684 -1 -2.74 -1 -3.14 -1 44
-2.94 -1 -2.548 -1 -2.59 -1 -3.072 -1 25
-2.831 -1 -2.49 -1 -2.758 -1 -3.198 -1 202
-2.978 -1 -2.514 -1 -2.736 -1 -3.142 -1 141
-2.939 -1 -2.534 -1 -2.562 -1 -3.012 -1 17
-2.787 -1 -2.428 -1 -2.842 -1 -3.192 -1 299
-3.017 -1 -2.534 -1 -2.86 -1 -3.19 -1 212
-3.025 -1 -2.584 -1 -2.85 -1 -3.218 -1 201
-3.034 -1 -2.582 -1 -2.938 -1 -3.206 -1 275
-3.072 -1 -2.62 -1 -2.872 -1 -3.264 -1 242
-3.068 -1 -2.646 -1 -3.018 -1 -3.286 -1 328
-3.152 -1 -2.684 -1 -2.988 -1 -3.324 -2 242
-3.156 -1 -2.706 -1 -3.024 -1 -3.29 -1 252
-3.157 -1 -2.714 -1 -2.978 -1 -3.31 -1 235
-3.144 -1 -2.708 -1 -2.708 -1 -3.17 -1 0
-2.939 -1 -2.532 -1 -2.946 -1 -3.356 -1 299
-3.151 -1 -2.706 -1 -2.912 -1 -3.28 -1 157
-3.096 -1 -2.652 -1 -2.866 -1 -3.186 -1 195
-3.026 -1 -2.61 -1 -2.852 -1 -3.234 -1 218
-3.043 -1 -2.61 -1 -2.734 -1 -3.13 -1 81
-2.932 -1 -2.51 -1 -2.79 -1 -3.242 -1 197
-3.016 -1 -2.572 -1 -2.804 -1 -3.164 -1 227
-2.984 -1 -2.574 -1 -2.86 -1 -3.236 -1 206
-3.048 -1 -2.65 -1 -2.72 -1 -3.126 -1 64
-2.923 -1 -2.546 -1 -2.608 -1 -3.112 -1 36
-2.86 -1 -2.492 -1 -2.742 -1 -3.162 -1 161
-2.952 -1 -2.466 -1 -2.92 -1 -3.242 -1 336
-3.081 -1 -2.582 -1 -2.87 -1 -3.186 -1 232
-3.028 -1 -2.574 -1 -2.938 -1 -3.314 -1 260
-3.126 -1 -2.634 -1 -2.774 -1 -3.076 -1 131
-2.925 -1 -2.498 -1 -2.764 -1 -3.192 -1 173
-2.978 -1 -2.564 -1 -2.904 -1 -3.246 -1 225
-3.075 -1 -2.638 -1 -2.932 -1 -3.26 -1 237
-3.096 -1 -2.652 -1 -2.662 -1 -3.058 -1 11
-2.86 -1 -2.482 -1 -2.692 -1 -3.196 -1 113
-2.944 -1 -2.542 -1 -2.774 -1 -3.198 -1 165
-2.986 -1 -2.528 -1 -2.808 -1 -3.14 -2 161
-2.974 -1 -2.56 -1 -2.892 -1 -3.198 -1 259
-3.045 -1 -2.574 -1 -2.77 -1 -3.13 -1 152
-2.95 -1 -2.528 -1 -2.836 -1 -3.226 -1 220
-3.031 -1 -2.582 -1 -3.056 -1 -3.368 -1 325
-3.212 -1 -2.754 -1 -3.064 -1 -3.354 -1 265
-3.209 -1 -2.738 -1 -2.888 -1 -3.23 -1 133
-3.059 -1 -2.634 -1 -2.752 -1 -3.134 -1 74
-2.943 -1 -2.544 -1 -2.808 -1 -3.114 -1 232
-2.961 -1 -2.512 -1 -2.646 -1 -3.104 -1 74
-2.875 -1 -2.454 -1 -2.72 -1 -3.258 -1 174
-2.989 -1 -2.532 -1 -2.588 -1 -2.982 -1 45
-2.785 -1 -2.416 -1 -2.57 -1 -3.05 -1 106
-2.81 -1 -2.446 -1 -2.62 -1 -3.028 -1 120
-2.824 -1 -2.458 -1 -2.494 -1 -3.012 -1 21
-2.753 -1 -2.436 -1 -2.656 -1 -3.046 -1 151
-2.851 -1 -2.448 -1 -2.77 -1 -3.18 -1 198
-2.975 -1 -2.53 -1 -2.53 -1 -3.022 -1 0
-2.776 -1 -2.44 -1 -2.682 -1 -3.108 -1 191
-2.895 -1 -2.518 -1 -2.844 -1 -3.254 -1 267
-3.049 -1 -2.61 -1 -2.672 -1 -3.094 -1 42
-2.883 -1 -2.516 -1 -2.984 -1 -3.238 -1 332
-3.111 -1 -2.644 -1 -2.844 -1 -3.202 -1 172
-3.023 -1 -2.604 -1 -2.906 -1 -3.28 -1 238
-3.093 -1 -2.618 -1 -2.904 -1 -3.272 -1 218
-3.088 -1 -2.636 -1 -2.93 -1 -3.198 -1 280
-3.064 -1 -2.634 -1 -2.772 -1 -3.186 -1 115
-2.979 -1 -2.536 -1 -2.816 -1 -3.124 -1 186
-2.97 -1 -2.568 -1 -2.592 -1 -3.086 -1 20
-2.839 -1 -2.438 -1 -2.836 -1 -3.244 -2 310
-3.04 -1 -2.612 -1 -2.978 -1 -3.3 -1 273
-3.139 -1 -2.68 -1 -2.692 -1 -3.106 -1 5
-2.899 -1 -2.568 -1 -2.706 -1 -3.128 -1 99
-2.917 -1 -2.512 -1 -2.642 -1 -3.05 -1 83
-2.846 -1 -2.506 -1 -2.732 -1 -3.132 -1 155
-2.932 -1 -2.504 -1 -2.818 -1 -3.184 -1 262
-3.001 -1 -2.524 -1 -2.806 -1 -3.246 -1 219
-3.026 -1 -2.584 -1 -2.664 -1 -3.106 -1 66
-2.885 -1 -2.508 -1 -2.798 -1 -3.202 -2 215
-3 -1 -2.562 -1 -2.96 -1 -3.29 -1 299
-3.125 -1 -2.68 -1 -2.914 -1 -3.288 -1 174
-3.101 -1 -2.656 -1 -2.89 -1 -3.19 -1 223
-3.04 -1 -2.616 -1 -2.798 -1 -3.156 -1 127
-2.977 -1 -2.574 -1 -2.852 -1 -3.19 -1 185
-3.021 -1 -2.584 -1 -2.66 -1 -3.106 -1 62
-2.883 -1 -2.494 -1 -2.662 -1 -3.056 -1 96
-2.859 -1 -2.464 -1 -2.812 -1 -3.24 -1 268
-3.026 -1 -2.602 -1 -2.74 -1 -3.164 -1 153
-2.952 -1 -2.544 -1 -2.632 -1 -3.092 -1 70
-2.862 -1 -2.506 -1 -2.766 -1 -3.086 -1 185
-2.926 -1 -2.502 -1 -2.64 -1 -3.084 -1 120
-2.862 -1 -2.454 -1 -2.618 -1 -3.056 -1 108
-2.837 -1 -2.462 -1 -2.74 -1 -3.114 -1 204
-2.927 -1 -2.488 -1 -2.828 -1 -3.198 -1 291
-3.013 -1 -2.518 -1 -2.828 -1 -3.2 -1 221
-3.014 -1 -2.586 -1 -2.9 -1 -3.268 -1 273
-3.084 -1 -2.652 -1 -2.984 -1 -3.302 -1 315
-3.143 -1 -2.678 -1 -2.742 -1 -3.152 -1 40
-2.947 -1 -2.6 -1 -2.912 -1 -3.246 -1 255
-3.079 -1 -2.626 -1 -2.81 -1 -3.146 -1 115
-2.978 -1 -2.54 -1 -2.95 -1 -3.324 -1 342
-3.137 -1 -2.662 -1 -2.782 -1 -3.206 -1 77
-2.994 -1 -2.566 -1 -2.676 -1 -3.082 -1 69
-2.879 -1 -2.468 -1 -2.94 -1 -3.3 -2 343
-3.12 -1 -2.67 -1 -2.974 -1 -3.318 -1 245
-3.146 -1 -2.646 -1 -2.786 -1 -3.192 -1 104
-2.989 -1 -2.55 -1 -2.782 -1 -3.154 -1 149
-2.968 -1 -2.546 -1 -2.892 -1 -3.212 -1 310
-3.052 -1 -2.588 -1 -2.958 -1 -3.256 -2 310
-3.107 -1 -2.662 -1 -2.674 -1 -3.122 -1 15
-2.898 -1 -2.526 -1 -2.58 -1 -3.034 -1 38
-2.807 -1 -2.458 -1 -2.66 -1 -3.08 -1 149
-2.87 -1 -2.452 -1 -2.526 -1 -3.048 -1 76
-2.787 -1 -2.436 -1 -2.858 -1 -3.192 -1 317
-3.025 -1 -2.59 -1 -2.62 -1 -3.046 -1 16
-2.833 -1 -2.478 -1 -2.656 -1 -3.094 -1 117
-2.875 -1 -2.458 -1 -2.926 -1 -3.164 -1 346
-3.045 -1 -2.546 -1 -2.646 -1 -3.02 -1 56
-2.833 -1 -2.444 -1 -2.888 -1 -3.226 -1 325
-3.057 -1 -2.584 -1 -2.82 -1 -3.214 -1 164
-3.017 -1 -2.59 -1 -2.604 -1 -3.012 -1 10
-2.808 -1 -2.422 -1 -2.86 -1 -3.228 -1 292
-3.044 -1 -2.58 -1 -2.76 -1 -3.182 -1 112
-2.971 -1 -2.548 -1 -2.992 -1 -3.334 -1 297
-3.163 -1 -2.704 -1 -2.818 -1 -3.182 -1 99
-3 -1 -2.566 -1 -2.58 -1 -3.102 -1 5
-2.841 -1 -2.462 -1 -2.85 -1 -3.116 -1 225
-2.983 -1 -2.508 -1 -2.658 -1 -3.108 -1 83
-2.883 -1 -2.486 -1 -2.734 -1 -3.112 -1 237
-2.923 -1 -2.526 -1 -2.808 -1 -3.154 -1 214
-2.981 -1 -2.562 -1 -2.898 -1 -3.21 -1 246
-3.054 -1 -2.598 -1 -2.598 -1 -3.114 -1 10
-2.856 -1 -2.49 -1 -2.742 -1 -3.166 -1 177
-2.954 -1 -2.544 -1 -2.83 -1 -3.306 -1 207
-3.068 -1 -2.618 -1 -2.942 -1 -3.342 -1 335
-3.142 -1 -2.682 -1 -2.936 -1 -3.22 -1 228
-3.078 -1 -2.666 -1 -2.692 -1 -3.122 -1 18
-2.907 -1 -2.514 -1 -2.712 -1 -3.128 -1 166
-2.92 -1 -2.542 -1 -2.842 -1 -3.198 -1 240
-3.02 -1 -2.584 -1 -2.968 -1 -3.25 -1 302
-3.109 -1 -2.678 -1 -3.02 -1 -3.348 -1 262
-3.184 -1 -2.736 -1 -2.748 -1 -3.226 -1 7
-2.987 -1 -2.578 -1 -2.772 -1 -3.11 -1 138
-2.941 -1 -2.524 -1 -2.552 -1 -2.982 -1 22
-2.767 -1 -2.416 -1 -2.674 -1 -3.166 -1 160
-2.92 -1 -2.508 -1 -2.666 -1 -3.026 -1 125
-2.846 -1 -2.452 -1 -2.758 -1 -3.196 -1 211
-2.977 -1 -2.542 -1 -2.686 -1 -3.1 -1 97
-2.893 -1 -2.524 -1 -2.548 -1 -3.036 -1 23
-2.792 -1 -2.444 -1 -2.694 -1 -3.098 -1 184
-2.896 -1 -2.474 -1 -2.864 -1 -3.126 -1 306
-2.995 -1 -2.582 -1 -2.676 -1 -3.076 -1 78
-2.876 -1 -2.494 -1 -2.582 -1 -3.014 -1 57
-2.798 -1 -2.424 -1 -2.684 -1 -3.094 -1 182
-2.889 -1 -2.478 -1 -2.692 -1 -3.11 -1 156
-2.901 -1 -2.488 -1 -2.494 -1 -2.898 -1 4
-2.696 -1 -2.362 -1 -2.7 -1 -3.108 -1 217
-2.904 -1 -2.482 -1 -2.532 -1 -2.956 -1 46
-2.744 -1 -2.35 -1 -2.652 -1 -3.016 -1 177
-2.834 -1 -2.396 -1 -2.854 -1 -3.186 -1 315
-3.02 -1 -2.53 -1 -2.628 -1 -3.082 -1 64
-2.855 -1 -2.45 -1 -2.848 -1 -3.186 -1 256
-3.017 -1 -2.534 -1 -2.878 -1 -3.286 -1 280
-3.082 -1 -2.64 -1 -2.92 -1 -3.298 -1 264
-3.109 -1 -2.64 -1 -2.972 -1 -3.326 -1 253
-3.149 -1 -2.662 -1 -2.768 -1 -3.132 -1 86
-2.95 -1 -2.546 -1 -2.746 -1 -3.106 -1 175
-2.926 -1 -2.528 -1 -2.898 -1 -3.204 -1 282
-3.051 -1 -2.604 -1 -2.884 -1 -3.278 -1 209
-3.081 -1 -2.656 -1 -2.994 -1 -3.26 -1 327
-3.127 -1 -2.662 -1 -2.69 -1 -3.134 -1 25
-2.912 -1 -2.526 -1 -2.946 -1 -3.268 -1 312
-3.107 -1 -2.668 -1 -2.878 -1 -3.196 -1 171
-3.037 -1 -2.6 -1 -2.878 -1 -3.208 -1 216
-3.043 -1 -2.62 -1 -2.648 -1 -3.124 -1 7
-2.886 -1 -2.484 -1 -2.732 -1 -3.146 -1 162
-2.939 -1 -2.518 -1 -2.686 -1 -3.11 -1 122
-2.898 -1 -2.492 -1 -2.82 -1 -3.208 -1 192
-3.014 -1 -2.55 -1 -2.672 -1 -3.064 -1 77
-2.868 -1 -2.484 -1 -2.888 -1 -3.238 -1 299
-3.063 -1 -2.578 -1 -2.97 -1 -3.284 -1 284
-3.127 -1 -2.664 -1 -2.92 -1 -3.236 -1 216
-3.078 -1 -2.614 -1 -2.72 -1 -3.176 -1 65
-2.948 -1 -2.554 -1 -2.678 -1 -3.072 -1 83
-2.875 -1 -2.52 -1 -2.906 -1 -3.252 -1 263
-3.079 -1 -2.658 -1 -2.924 -1 -3.26 -1 230
-3.092 -1 -2.636 -1 -3.062 -1 -3.346 -2 306
-3.204 -1 -2.772 -1 -3.076 -1 -3.372 -1 263
-3.224 -1 -2.794 -1 -3.142 -1 -3.37 -1 307
-3.256 -1 -2.844 -1 -2.888 -1 -3.282 -2 21
-3.085 -1 -2.688 -1 -2.812 -1 -3.188 -1 81
-3 -1 -2.576 -1 -2.796 -1 -3.15 -1 127
-2.973 -1 -2.564 -1 -2.792 -1 -3.178 -1 155
-2.985 -1 -2.544 -1 -2.81 -1 -3.216 -1 234
-3.013 -1 -2.578 -1 -2.774 -1 -3.184 -1 133
-2.979 -1 -2.564 -1 -2.82 -1 -3.166 -1 181
-2.993 -1 -2.552 -1 -2.89 -1 -3.216 -1 221
-3.053 -1 -2.586 -1 -2.822 -1 -3.206 -1 200
-3.014 -1 -2.556 -1 -2.67 -1 -3.11 -1 79
-2.89 -1 -2.506 -1 -2.794 -1 -3.156 -1 172
-2.975 -1 -2.572 -1 -2.768 -1 -3.144 -1 137
-2.956 -1 -2.512 -1 -2.814 -1 -3.22 -1 242
-3.017 -1 -2.562 -1 -2.74 -1 -3.128 -1 115
-2.934 -1 -2.548 -1 -2.68 -1 -3.132 -1 95
-2.906 -1 -2.52 -1 -2.792 -1 -3.186 -1 168
-2.989 -1 -2.536 -1 -2.774 -1 -3.198 -1 151
-2.986 -1 -2.586 -1 -2.894 -1 -3.22 -1 225
-3.057 -1 -2.628 -1 -2.926 -1 -3.224 -1 239
-3.075 -1 -2.628 -1 -2.916 -1 -3.188 -1 235
-3.052 -1 -2.67 -1 -2.886 -1 -3.268 -1 228
-3.077 -1 -2.676 -1 -2.964 -1 -3.31 -1 275
-3.137 -1 -2.694 -1 -2.718 -1 -3.146 -1 14
-2.932 -1 -2.542 -1 -2.564 -1 -3.024 -1 19
-2.794 -1 -2.48 -1 -2.84 -1 -3.204 -1 249
-3.022 -1 -2.554 -1 -2.612 -1 -3.116 -1 29
-2.864 -1 -2.504 -1 -2.796 -1 -3.228 -1 245
-3.012 -1 -2.566 -1 -2.582 -1 -3.076 -1 9
-2.829 -1 -2.462 -1 -2.84 -1 -3.152 -1 294
-2.996 -1 -2.576 -1 -3.016 -1 -3.264 -1 347
-3.14 -1 -2.698 -1 -2.718 -1 -3.046 -1 24
-2.882 -1 -2.468 -1 -2.726 -1 -3.184 -1 200
-2.955 -1 -2.516 -1 -2.838 -1 -3.202 -1 251
-3.02 -1 -2.586 -1 -2.998 -1 -3.274 -1 291
-3.136 -1 -2.64 -1 -3.016 -1 -3.284 -1 290
-3.15 -1 -2.69 -1 -2.834 -1 -3.174 -1 114
-3.004 -1 -2.556 -1 -2.814 -1 -3.256 -1 207
-3.035 -1 -2.584 -1 -2.938 -1 -3.236 -2 327
-3.087 -1 -2.626 -1 -2.832 -1 -3.186 -1 170
-3.009 -1 -2.588 -1 -2.984 -1 -3.32 -1 310
-3.152 -1 -2.66 -1 -2.852 -1 -3.226 -1 142
-3.039 -1 -2.604 -1 -2.822 -1 -3.182 -1 182
-3.002 -1 -2.564 -1 -2.926 -1 -3.312 -1 343
-3.119 -1 -2.646 -1 -2.882 -1 -3.262 -1 226
-3.072 -1 -2.628 -1 -2.908 -1 -3.252 -1 247
-3.08 -1 -2.658 -1 -2.872 -1 -3.14 -1 197
-3.006 -1 -2.574 -1 -2.6 -1 -3.144 -1 16
-2.872 -1 -2.528 -1 -2.816 -1 -3.164 -1 185
-2.99 -1 -2.564 -1 -2.904 -1 -3.248 -1 276
-3.076 -1 -2.612 -1 -3.034 -1 -3.334 -1 332
-3.184 -1 -2.716 -1 -3.064 -1 -3.354 -1 321
-3.209 -1 -2.726 -1 -2.756 -1 -3.154 -1 37
-2.955 -1 -2.58 -1 -2.876 -1 -3.296 -1 240
-3.086 -1 -2.66 -1 -2.718 -1 -3.16 -1 46
-2.939 -1 -2.522 -1 -2.596 -1 -3.096 -1 52
-2.846 -1 -2.464 -1 -2.718 -1 -3.092 -1 184
-2.905 -1 -2.464 -1 -2.892 -1 -3.268 -1 251
-3.08 -1 -2.614 -1 -2.956 -1 -3.278 -1 258
-3.117 -1 -2.654 -1 -2.742 -1 -3.104 -1 53
-2.923 -1 -2.542 -1 -2.794 -1 -3.162 -1 202
-2.978 -1 -2.554 -1 -2.836 -1 -3.248 -1 247
-3.042 -1 -2.596 -1 -2.678 -1 -3.082 -1 72
-2.88 -1 -2.52 -1 -2.94 -1 -3.216 -1 323
-3.078 -1 -2.654 -1 -2.928 -1 -3.204 -1 269
-3.066 -1 -2.638 -1 -3.054 -1 -3.364 -1 347
-3.209 -1 -2.75 -1 -2.754 -1 -3.134 -1 4
-2.944 -1 -2.56 -1 -2.768 -1 -3.176 -1 184
-2.972 -1 -2.588 -1 -2.864 -1 -3.27 -1 197
-3.067 -1 -2.642 -1 -2.786 -1 -3.194 -1 126
-2.99 -1 -2.606 -1 -2.722 -1 -3.138 -1 78
-2.93 -1 -2.582 -1 -2.8 -1 -3.104 -1 155
-2.952 -1 -2.532 -1 -2.876 -1 -3.272 -1 263
-3.074 -1 -2.618 -1 -3.048 -1 -3.354 -1 330
-3.201 -1 -2.732 -1 -2.816 -1 -3.244 -1 89
-3.03 -1 -2.65 -1 -2.852 -1 -3.178 -2 149
-3.015 -1 -2.616 -1 -2.704 -1 -3.164 -1 76
-2.934 -1 -2.536 -1 -2.684 -1 -3.202 -1 116
-2.943 -1 -2.532 -1 -2.798 -1 -3.18 -1 189
-2.989 -1 -2.568 -1 -2.694 -1 -3.108 -1 115
-2.901 -1 -2.546 -1 -2.752 -1 -3.14 -2 123
-2.946 -1 -2.542 -1 -2.862 -1 -3.156 -1 301
-3.009 -1 -2.574 -1 -2.8 -1 -3.224 -1 167
-3.012 -1 -2.55 -1 -2.782 -1 -3.142 -1 175
-2.962 -1 -2.518 -1 -2.834 -1 -3.204 -1 192
-3.019 -1 -2.61 -1 -2.958 -1 -3.264 -1 292
-3.111 -1 -2.65 -1 -2.952 -1 -3.248 -1 228
-3.1 -1 -2.646 -1 -2.922 -1 -3.342 -1 230
-3.132 -1 -2.706 -1 -3.09 -1 -3.398 -1 284
-3.244 -1 -2.798 -1 -2.874 -1 -3.25 -1 68
-3.062 -1 -2.62 -1 -2.74 -1 -3.136 -2 83
-2.938 -1 -2.538 -1 -2.684 -1 -3.058 -1 108
-2.871 -1 -2.496 -1 -2.864 -1 -3.252 -1 255
-3.058 -1 -2.6 -1 -2.844 -1 -3.194 -1 230
-3.019 -1 -2.604 -1 -2.932 -1 -3.246 -1 258
-3.089 -1 -2.616 -1 -2.874 -1 -3.232 -1 272
-3.053 -1 -2.656 -1 -2.934 -1 -3.252 -1 295
-3.093 -1 -2.65 -1 -2.926 -1 -3.336 -1 192
-3.131 -1 -2.714 -1 -2.728 -1 -3.138 -1 17
-2.933 -1 -2.562 -1 -2.666 -1 -3.098 -1 69
-2.882 -1 -2.496 -1 -2.622 -1 -3.14 -1 82
-2.881 -1 -2.482 -1 -2.698 -1 -3.14 -1 160
-2.919 -1 -2.486 -1 -2.724 -1 -3.166 -1 148
-2.945 -1 -2.558 -1 -2.68 -1 -3.14 -1 66
-2.91 -1 -2.5 -1 -2.838 -1 -3.24 -1 269
-3.039 -1 -2.62 -1 -2.856 -1 -3.186 -1 158
-3.021 -1 -2.586 -1 -2.788 -1 -3.172 -1 158
-2.98 -1 -2.556 -1 -2.8 -1 -3.278 -1 212
-3.039 -1 -2.636 -1 -2.884 -1 -3.176 -1 186
-3.03 -1 -2.606 -1 -2.898 -1 -3.256 -1 261
-3.077 -1 -2.596 -1 -2.636 -1 -3.006 -1 32
-2.821 -1 -2.484 -1 -2.528 -1 -3.036 -2 29
-2.782 -1 -2.448 -1 -2.718 -1 -3.142 -1 241
-2.93 -1 -2.506 -1 -2.586 -1 -3.028 -1 38
-2.807 -1 -2.432 -1 -2.558 -1 -3.052 -1 75
-2.805 -1 -2.444 -1 -2.6 -1 -3.062 -1 90
-2.831 -1 -2.462 -1 -2.638 -1 -3.044 -1 141
-2.841 -1 -2.468 -1 -2.762 -1 -3.142 -1 189
-2.952 -1 -2.544 -1 -2.836 -1 -3.174 -1 237
-3.005 -1 -2.568 -1 -2.622 -1 -3.126 -1 50
-2.874 -1 -2.49 -1 -2.816 -1 -3.184 -1 226
-3 -1 -2.552 -1 -2.832 -1 -3.256 -1 236
-3.044 -1 -2.62 -1 -2.776 -1 -3.142 -1 102
-2.959 -1 -2.56 -1 -2.928 -1 -3.254 -1 267
-3.091 -1 -2.614 -1 -2.758 -1 -3.132 -1 128
-2.945 -1 -2.554 -1 -2.956 -1 -3.274 -1 298
-3.115 -1 -2.63 -1 -2.864 -1 -3.174 -1 190
-3.019 -1 -2.606 -1 -2.892 -1 -3.226 -1 221
-3.059 -1 -2.618 -1 -2.686 -1 -3.17 -1 57
-2.928 -1 -2.526 -1 -2.632 -1 -3.068 -1 90
-2.85 -1 -2.436 -1 -2.436 -1 -2.96 -1 0
-2.698 -1 -2.374 -1 -2.852 -1 -3.198 -1 334
-3.025 -1 -2.544 -1 -2.898 -1 -3.208 -1 253
-3.053 -1 -2.6 -1 -2.936 -1 -3.228 -1 291
-3.082 -1 -2.658 -1 -2.946 -1 -3.306 -1 260
-3.126 -1 -2.696 -1 -2.964 -1 -3.23 -1 258
-3.097 -1 -2.65 -1 -2.672 -1 -3.13 -1 20
-2.901 -1 -2.546 -1 -2.846 -1 -3.196 -1 219
-3.021 -1 -2.612 -1 -2.814 -1 -3.16 -1 150
-2.987 -1 -2.568 -1 -2.606 -1 -3.112 -1 30
-2.859 -1 -2.516 -1 -2.85 -1 -3.206 -1 247
-3.028 -1 -2.58 -1 -2.716 -1 -3.098 -1 128
-2.907 -1 -2.544 -1 -2.778 -1 -3.158 -1 212
-2.968 -1 -2.554 -1 -2.84 -1 -3.17 -1 220
-3.005 -1 -2.568 -1 -2.83 -1 -3.15 -1 175
-2.99 -1 -2.524 -1 -3.02 -1 -3.314 -1 335
-3.167 -1 -2.654 -1 -2.822 -1 -3.17 -1 127
-2.996 -1 -2.524 -1 -2.826 -1 -3.158 -1 193
-2.992 -1 -2.536 -1 -2.842 -1 -3.26 -1 255
-3.051 -1 -2.598 -1 -2.814 -1 -3.16 -1 142
-2.987 -1 -2.578 -1 -2.802 -1 -3.148 -1 165
-2.975 -1 -2.552 -1 -2.686 -1 -3.09 -1 101
-2.888 -1 -2.492 -1 -2.514 -1 -2.988 -1 17
-2.751 -1 -2.406 -1 -2.814 -1 -3.166 -1 286
-2.99 -1 -2.562 -1 -2.732 -1 -3.114 -1 101
-2.923 -1 -2.478 -1 -2.624 -1 -3.03 -1 99
-2.827 -1 -2.432 -1 -2.588 -1 -3.1 -1 116
-2.844 -1 -2.468 -1 -2.5 -1 -2.982 -1 31
-2.741 -1 -2.408 -1 -2.796 -1 -3.16 -1 254
-2.978 -1 -2.494 -1 -2.634 -1 -3.126 -1 124
-2.88 -1 -2.464 -1 -2.48 -1 -2.99 -1 17
-2.735 -1 -2.396 -1 -2.494 -1 -3.016 -1 57
-2.755 -1 -2.394 -1 -2.624 -1 -3.036 -1 144
-2.83 -1 -2.418 -1 -2.636 -1 -3.068 -1 137
-2.852 -1 -2.444 -1 -2.634 -1 -3.058 -1 110
-2.846 -1 -2.42 -1 -2.572 -1 -3.018 -1 78
-2.795 -1 -2.42 -1 -2.648 -1 -3.034 -1 128
-2.841 -1 -2.414 -1 -2.604 -1 -3.064 -1 131
-2.834 -1 -2.404 -1 -2.816 -1 -3.242 -1 325
-3.029 -1 -2.578 -1 -2.998 -1 -3.304 -1 342
-3.151 -1 -2.686 -1 -2.926 -1 -3.25 -1 222
-3.088 -1 -2.666 -1 -2.804 -1 -3.158 -1 77
-2.981 -1 -2.566 -1 -2.864 -1 -3.234 -1 224
-3.049 -1 -2.574 -1 -2.936 -1 -3.256 -1 303
-3.096 -1 -2.654 -1 -2.892 -1 -3.272 -1 194
-3.082 -1 -2.616 -1 -2.838 -1 -3.152 -1 185
-2.995 -1 -2.59 -1 -3.046 -1 -3.382 -1 323
-3.214 -1 -2.792 -1 -2.83 -1 -3.214 -1 30
-3.022 -1 -2.62 -1 -2.796 -1 -3.21 -1 119
-3.003 -1 -2.596 -1 -2.94 -1 -3.246 -1 301
-3.093 -1 -2.64 -1 -2.84 -1 -3.216 -1 129
-3.028 -1 -2.582 -1 -3.042 -1 -3.326 -1 331
-3.184 -1 -2.668 -1 -2.864 -1 -3.174 -1 169
-3.019 -1 -2.602 -1 -2.95 -1 -3.294 -2 273
-3.122 -1 -2.672 -1 -2.744 -1 -3.164 -1 70
-2.954 -1 -2.576 -1 -2.834 -1 -3.176 -1 230
-3.005 -1 -2.606 -1 -2.74 -1 -3.166 -1 135
-2.953 -1 -2.568 -1 -2.68 -1 -3.192 -1 71
-2.936 -1 -2.582 -1 -2.864 -1 -3.206 -2 211
-3.035 -1 -2.594 -1 -2.812 -1 -3.194 -1 181
-3.003 -1 -2.614 -1 -2.866 -1 -3.254 -2 197
-3.06 -1 -2.63 -1 -2.808 -1 -3.158 -1 165
-2.983 -1 -2.57 -1 -2.788 -1 -3.262 -1 188
-3.025 -1 -2.638 -1 -2.954 -1 -3.252 -1 269
-3.103 -1 -2.658 -1 -2.838 -1 -3.21 -1 138
-3.024 -1 -2.574 -1 -2.602 -1 -3.078 -1 19
-2.84 -1 -2.47 -1 -2.75 -1 -3.082 -1 217
-2.916 -1 -2.484 -1 -2.68 -1 -3.142 -1 112
-2.911 -1 -2.468 -1 -2.718 -1 -3.19 -1 176
-2.954 -1 -2.544 -1 -2.738 -1 -3.154 -1 154
-2.946 -1 -2.514 -1 -2.592 -1 -3.02 -1 44
-2.806 -1 -2.406 -1 -2.696 -1 -3.112 -1 169
-2.904 -1 -2.47 -1 -2.618 -1 -3.068 -1 109
-2.843 -1 -2.422 -1 -2.786 -1 -3.176 -1 262
-2.981 -1 -2.524 -1 -2.642 -1 -3.096 -1 83
-2.869 -1 -2.452 -1 -2.844 -1 -3.194 -1 270
-3.019 -1 -2.584 -1 -2.874 -1 -3.242 -1 228
-3.058 -1 -2.626 -1 -2.94 -1 -3.264 -1 298
-3.102 -1 -2.666 -1 -2.908 -1 -3.3 -1 209
-3.104 -1 -2.682 -1 -2.81 -1 -3.192 -1 102
-3.001 -1 -2.572 -1 -2.958 -1 -3.282 -1 299
-3.12 -1 -2.68 -1 -2.806 -1 -3.22 -1 90
-3.013 -1 -2.566 -1 -2.918 -1 -3.326 0 292
