9 1000 0.3 2 198 0 0 0 0
-3.632 -1 -3.44 -1 -3.446 -1 -3.544 -1 36
-3.495 -1 -3.288 -1 -3.306 -1 -3.446 -1 80
-3.376 -1 -3.122 -1 -3.226 -1 -3.398 -1 97
-3.312 -1 -3.052 -1 -3.07 -1 -3.348 -1 37
-3.209 -1 -2.986 -1 -3.09 -1 -3.378 -1 145
-3.234 -1 -2.958 -1 -2.956 -1 -3.284 -2 16
-3.12 -1 -2.858 -1 -2.866 -1 -3.154 -1 13
-3.01 -1 -2.76 -1 -2.79 -1 -3.132 -1 40
-2.961 -1 -2.764 -1 -2.8 -1 -3.146 -1 30
-2.973 -1 -2.732 -1 -2.826 -1 -3.156 -1 147
-2.991 -1 -2.806 -1 -2.932 -1 -3.172 -1 117
-3.052 -1 -2.796 -1 -2.882 -1 -3.1 -1 83
-2.991 -1 -2.748 -1 -2.802 -1 -3.136 -1 67
-2.969 -1 -2.752 -1 -2.892 -1 -3.154 -1 110
-3.023 -1 -2.76 -1 -2.876 -1 -3.168 -1 97
-3.022 -1 -2.83 -1 -2.842 -1 -3.154 -1 22
-2.998 -1 -2.828 -1 -2.89 -1 -3.126 -1 45
-3.008 -1 -2.75 -1 -2.834 -1 -3.168 -1 73
-3.001 -1 -2.74 -1 -2.802 -1 -3.154 -1 99
-2.978 -1 -2.84 -1 -2.884 -1 -3.156 -1 27
-3.02 -1 -2.776 -1 -2.882 -1 -3.118 -1 124
-3 -1 -2.78 -1 -2.788 -1 -3.066 -1 14
-2.927 -1 -2.726 -1 -2.842 -1 -3.136 -1 87
-2.989 -1 -2.818 -1 -2.838 -1 -3.18 -1 21
-3.009 -1 -2.774 -1 -2.85 -1 -3.1 -1 116
-2.975 -1 -2.774 -1 -2.788 -1 -3.112 -1 6
-2.95 -1 -2.748 -1 -2.898 -1 -3.172 -1 141
-3.035 -1 -2.83 -1 -2.91 -1 -3.232 -1 63
-3.071 -1 -2.872 -1 -2.916 -1 -3.126 -1 22
-3.021 -1 -2.802 -1 -2.89 -1 -3.178 -1 59
-3.034 -1 -2.77 -1 -2.894 -1 -3.234 -1 112
-3.064 -1 -2.842 -1 -2.878 -1 -3.148 -1 48
-3.013 -1 -2.782 -1 -2.846 -1 -3.118 -1 59
-2.982 -1 -2.79 -1 -2.844 -1 -3.074 -1 37
-2.959 -1 -2.776 -1 -2.812 -1 -3.08 -1 28
-2.946 -1 -2.754 -1 -2.792 -1 -3.12 -1 23
-2.956 -1 -2.702 -1 -2.712 -1 -3.05 -1 20
-2.881 -1 -2.644 -1 -2.754 -1 -3.002 -1 109
-2.878 -1 -2.69 -1 -2.802 -1 -3.09 -1 91
-2.946 -1 -2.72 -1 -2.83 -1 -3.07 -1 100
-2.95 -1 -2.718 -1 -2.724 -1 -3.11 -1 12
-2.917 -1 -2.72 -1 -2.754 -1 -3.11 -1 35
-2.932 -1 -2.716 -1 -2.836 -1 -3.2 -1 142
-3.018 -1 -2.846 -1 -2.844 -1 -3.11 -1 4
-2.977 -1 -2.746 -1 -2.864 -1 -3.17 -1 135
-3.017 -1 -2.828 -1 -2.85 -1 -3.144 -1 13
-2.997 -1 -2.79 -1 -2.91 -1 -3.216 -1 118
-3.063 -1 -2.796 -1 -2.872 -1 -3.148 -1 88
-3.01 -1 -2.762 -1 -2.79 -1 -3.086 -1 17
-2.938 -1 -2.698 -1 -2.832 -1 -3.166 -1 148
-2.999 -1 -2.794 -1 -2.876 -1 -3.182 -1 75
-3.029 -1 -2.808 -1 -2.826 -1 -3.098 -1 32
-2.962 -1 -2.756 -1 -2.862 -1 -3.176 -1 87
-3.019 -1 -2.81 -1 -2.938 -1 -3.172 -1 113
-3.055 -1 -2.844 -1 -2.992 -1 -3.2 -1 130
-3.096 -1 -2.872 -1 -2.976 -1 -3.234 -1 112
-3.105 -1 -2.892 -1 -2.988 -1 -3.2 -1 104
-3.094 -1 -2.804 -1 -2.906 -1 -3.238 -1 93
-3.072 -1 -2.822 -1 -2.862 -1 -3.142 -1 56
-3.002 -1 -2.772 -1 -2.884 -1 -3.148 -1 111
-3.016 -1 -2.8 -1 -2.826 -1 -3.112 -1 32
-2.969 -1 -2.778 -1 -2.902 -1 -3.148 -1 111
-3.025 -1 -2.778 -1 -2.928 -1 -3.164 -1 124
-3.046 -1 -2.832 -1 -2.954 -1 -3.202 -1 142
-3.078 -1 -2.842 -1 -2.952 -1 -3.152 -1 146
-3.052 -1 -2.814 -1 -2.918 -1 -3.128 -1 110
-3.023 -1 -2.786 -1 -2.938 -1 -3.184 -1 143
-3.061 -1 -2.836 -1 -2.91 -1 -3.136 -1 96
-3.023 -1 -2.806 -1 -2.854 -1 -3.084 -1 101
-2.969 -1 -2.722 -1 -2.758 -1 -3.082 -1 13
-2.92 -1 -2.7 -1 -2.838 -1 -3.12 -1 112
-2.979 -1 -2.758 -1 -2.946 -1 -3.232 -1 136
-3.089 -1 -2.79 -1 -2.86 -1 -3.122 -1 68
-2.991 -1 -2.76 -1 -2.794 -1 -3.086 -1 43
-2.94 -1 -2.718 -1 -2.84 -1 -3.13 -1 101
-2.985 -1 -2.722 -1 -2.852 -1 -3.16 -1 103
-3.006 -1 -2.756 -1 -2.882 -1 -3.222 -1 143
-3.052 -1 -2.798 -1 -2.802 -1 -3.164 -1 38
-2.983 -1 -2.752 -1 -2.816 -1 -3.094 -1 75
-2.955 -1 -2.726 -1 -2.824 -1 -3.098 -1 79
-2.961 -1 -2.712 -1 -2.718 -1 -3.098 -1 12
-2.908 -1 -2.67 -1 -2.762 -1 -3.082 -1 89
-2.922 -1 -2.68 -1 -2.706 -1 -3.02 -1 31
-2.863 -1 -2.64 -1 -2.708 -1 -3.048 -1 62
-2.878 -1 -2.666 -1 -2.768 -1 -3.064 -1 77
-2.916 -1 -2.698 -1 -2.724 -1 -3.024 -1 32
-2.874 -1 -2.692 -1 -2.794 -1 -3.056 -1 96
-2.925 -1 -2.724 -1 -2.876 -1 -3.112 -1 119
-2.994 -1 -2.748 -1 -2.8 -1 -3.064 -1 62
-2.932 -1 -2.754 -1 -2.804 -1 -3.098 -1 41
-2.951 -1 -2.696 -1 -2.772 -1 -3.068 -1 47
-2.92 -1 -2.69 -1 -2.728 -1 -3.04 -1 76
-2.884 -1 -2.67 -1 -2.732 -1 -3.06 -1 67
-2.896 -1 -2.686 -1 -2.7 -1 -3.032 -1 5
-2.866 -1 -2.628 -1 -2.692 -1 -3.036 -1 49
-2.864 -1 -2.61 -1 -2.7 -1 -3.006 -1 92
-2.853 -1 -2.612 -1 -2.648 -1 -3.036 -1 34
-2.842 -1 -2.636 -1 -2.748 -1 -3.052 -1 145
-2.9 -1 -2.658 -1 -2.682 -1 -2.944 -1 16
-2.813 -1 -2.598 -1 -2.712 -1 -3.07 -1 101
-2.891 -1 -2.682 -1 -2.776 -1 -3.07 -1 78
-2.923 -1 -2.704 -1 -2.858 -1 -3.144 -1 137
-3.001 -1 -2.762 -1 -2.878 -1 -3.196 -1 130
-3.037 -1 -2.81 -1 -2.844 -1 -3.134 -1 32
-2.989 -1 -2.776 -1 -2.774 -1 -3.082 -1 8
-2.928 -1 -2.706 -1 -2.778 -1 -3.018 -1 98
-2.898 -1 -2.654 -1 -2.802 -1 -3.17 -1 115
-2.986 -1 -2.74 -1 -2.77 -1 -3.13 -1 27
-2.95 -1 -2.694 -1 -2.816 -1 -3.134 -1 139
-2.975 -1 -2.766 -1 -2.792 -1 -3.014 -1 32
-2.903 -1 -2.698 -1 -2.852 -1 -3.104 -1 112
-2.978 -1 -2.774 -1 -2.864 -1 -3.09 -1 142
-2.977 -1 -2.766 -1 -2.786 -1 -3.098 -1 55
-2.942 -1 -2.722 -1 -2.804 -1 -3.1 -1 48
-2.952 -1 -2.802 -1 -2.816 -1 -3.072 -1 19
-2.944 -1 -2.694 -1 -2.724 -1 -3.042 -1 19
-2.883 -1 -2.616 -1 -2.802 -1 -3.126 -1 139
-2.964 -1 -2.688 -1 -2.706 -1 -3.088 -1 15
-2.897 -1 -2.674 -1 -2.72 -1 -3.09 -1 63
-2.905 -1 -2.682 -1 -2.818 -1 -3.156 -1 121
-2.987 -1 -2.69 -1 -2.808 -1 -3.046 -1 112
-2.927 -1 -2.706 -1 -2.874 -1 -3.152 -1 132
-3.013 -1 -2.776 -1 -2.862 -1 -3.17 -1 63
-3.016 -1 -2.78 -1 -2.802 -1 -3.1 -1 18
-2.951 -1 -2.72 -1 -2.816 -1 -3.08 -1 94
-2.948 -1 -2.692 -1 -2.734 -1 -3.076 -1 42
-2.905 -1 -2.68 -1 -2.736 -1 -3.042 -1 56
-2.889 -1 -2.608 -1 -2.738 -1 -2.998 -1 92
-2.868 -1 -2.586 -1 -2.682 -1 -3.074 -1 93
-2.878 -1 -2.666 -1 -2.744 -1 -3.002 -1 111
-2.873 -1 -2.684 -1 -2.86 -1 -3.046 -1 130
-2.953 -1 -2.74 -1 -2.76 -1 -3.056 -1 15
-2.908 -1 -2.672 -1 -2.776 -1 -3.016 -1 106
-2.896 -1 -2.638 -1 -2.682 -1 -2.996 -1 46
-2.839 -1 -2.588 -1 -2.66 -1 -2.96 -1 61
-2.81 -1 -2.632 -1 -2.746 -1 -3.034 -1 138
-2.89 -1 -2.684 -1 -2.77 -1 -3.03 -1 90
-2.9 -1 -2.666 -1 -2.8 -1 -3.022 -1 125
-2.911 -1 -2.656 -1 -2.808 -1 -3.092 -1 143
-2.95 -1 -2.712 -1 -2.802 -1 -3.004 -1 105
-2.903 -1 -2.68 -1 -2.702 -1 -2.986 -1 34
-2.844 -1 -2.66 -1 -2.744 -1 -3.044 -1 79
-2.894 -1 -2.688 -1 -2.798 -1 -3.086 -1 121
-2.942 -1 -2.688 -1 -2.724 -1 -3.036 -1 40
-2.88 -1 -2.614 -1 -2.718 -1 -3.024 -1 82
-2.871 -1 -2.646 -1 -2.734 -1 -3.022 -1 76
-2.878 -1 -2.654 -1 -2.728 -1 -3.07 -1 81
-2.899 -1 -2.69 -1 -2.802 -1 -3.004 -1 115
-2.903 -1 -2.624 -1 -2.66 -1 -2.936 -1 31
-2.798 -1 -2.57 -1 -2.616 -1 -2.908 -1 51
-2.762 -1 -2.564 -1 -2.728 -1 -2.986 -1 115
-2.857 -1 -2.608 -1 -2.696 -1 -2.92 -1 83
-2.808 -1 -2.542 -1 -2.702 -1 -2.996 -1 135
-2.849 -1 -2.582 -1 -2.6 -1 -2.906 -1 10
-2.753 -1 -2.53 -1 -2.53 -1 -2.852 -1 4
-2.691 -1 -2.452 -1 -2.538 -1 -2.88 -1 43
-2.709 -1 -2.472 -1 -2.496 -1 -2.734 -1 13
-2.615 -1 -2.34 -1 -2.546 -1 -2.826 -1 124
-2.686 -1 -2.444 -1 -2.544 -1 -2.81 -1 90
-2.677 -1 -2.448 -1 -2.584 -1 -2.962 -1 118
-2.773 -1 -2.51 -1 -2.666 -1 -3.016 -1 128
-2.841 -1 -2.538 -1 -2.636 -1 -2.958 -1 71
-2.797 -1 -2.524 -1 -2.574 -1 -2.894 -1 62
-2.734 -1 -2.464 -1 -2.598 -1 -2.894 -1 107
-2.746 -1 -2.45 -1 -2.632 -1 -2.92 -1 147
-2.776 -1 -2.558 -1 -2.734 -1 -2.972 -1 137
-2.853 -1 -2.558 -1 -2.67 -1 -2.97 -1 89
-2.82 -1 -2.516 -1 -2.544 -1 -2.848 -1 25
-2.696 -1 -2.434 -1 -2.518 -1 -2.77 -1 66
-2.644 -1 -2.38 -1 -2.394 -1 -2.756 -1 21
-2.575 -1 -2.316 -1 -2.332 -1 -2.662 -1 11
-2.497 -1 -2.216 -1 -2.44 -1 -2.714 -1 129
-2.577 -1 -2.29 -1 -2.45 -1 -2.646 -1 121
-2.548 -1 -2.234 -1 -2.356 -1 -2.668 -1 75
-2.512 -1 -2.256 -1 -2.452 -1 -2.674 -1 111
-2.563 -1 -2.266 -1 -2.274 -1 -2.61 -1 10
-2.442 -1 -2.226 -1 -2.34 -1 -2.624 -1 62
-2.482 -1 -2.198 -1 -2.396 -1 -2.632 -1 118
-2.514 -1 -2.234 -1 -2.434 -1 -2.75 -1 127
-2.592 -1 -2.296 -1 -2.346 -1 -2.596 -1 42
-2.471 -1 -2.2 -1 -2.258 -1 -2.496 -1 32
-2.377 -1 -2.128 -1 -2.192 -1 -2.524 -1 42
-2.358 -1 -2.04 -1 -2.22 -1 -2.474 -1 98
-2.347 -1 -2.088 -1 -2.318 -1 -2.532 -1 149
-2.425 -1 -2.12 -1 -2.304 -1 -2.532 -1 100
-2.418 -1 -2.152 -1 -2.156 -1 -2.414 -1 2
-2.285 -1 -2.01 -1 -2.082 -1 -2.356 -1 30
-2.219 -1 -1.966 -1 -2.108 -1 -2.358 -1 81
-2.233 -1 -1.922 -1 -2.014 -1 -2.262 -1 62
-2.138 -1 -1.846 -1 -2.112 -1 -2.384 -1 138
-2.248 -1 -1.95 -1 -2.21 -1 -2.446 -1 131
-2.328 -1 -1.984 -1 -1.992 -1 -2.198 -1 5
-2.095 -1 -1.764 -1 -1.936 -1 -2.216 -1 90
-2.076 -1 -1.784 -1 -2.032 -1 -2.318 -1 97
-2.175 -1 -1.828 -1 -2.032 -1 -2.202 -1 105
-2.117 -1 -1.788 -1 -1.788 -1 -2.06 -1 2
-1.924 -1 -1.66 -1 -1.82 -1 -2.046 -1 67
-1.933 -1 -1.668 -1 -1.948 -1 -2.136 0 121
