9 1000 0.6 3 217 0 0 0 0
-3.628 -1 -3.294 -1 -3.368 -1 -3.512 -1 206
-3.44 -1 -3.114 -1 -3.224 -1 -3.408 -1 139
-3.316 -1 -3.046 -1 -3.194 -1 -3.424 -1 179
-3.309 -1 -3.002 -1 -3.126 -1 -3.326 -1 193
-3.226 -1 -2.912 -1 -3.052 -1 -3.224 -1 171
-3.138 -1 -2.832 -1 -2.986 -1 -3.232 -1 123
-3.109 -1 -2.768 -1 -3.022 -1 -3.208 -1 271
-3.115 -1 -2.782 -1 -2.986 -1 -3.248 -1 268
-3.117 -1 -2.806 -1 -2.854 -1 -3.196 -1 39
-3.025 -1 -2.694 -1 -2.826 -1 -3.166 -1 127
-2.996 -1 -2.664 -1 -2.694 -1 -3.002 -1 30
-2.848 -1 -2.574 -1 -2.722 -1 -3.072 -1 103
-2.897 -1 -2.6 -1 -2.596 -1 -3 -1 5
-2.798 -1 -2.508 -1 -2.826 -1 -3.19 -1 249
-3.008 -1 -2.692 -1 -2.834 -1 -3.134 -1 152
-2.984 -1 -2.666 -1 -2.806 -1 -3.094 -1 160
-2.95 -1 -2.68 -1 -2.836 -1 -3.132 -1 152
-2.984 -1 -2.684 -1 -2.746 -1 -3.088 -1 101
-2.917 -1 -2.624 -1 -2.708 -1 -3.078 -1 66
-2.893 -1 -2.618 -1 -2.834 -1 -3.114 -1 189
-2.974 -1 -2.724 -1 -2.842 -1 -3.16 -1 96
-3.001 -1 -2.678 -1 -2.934 -1 -3.198 -1 289
-3.066 -1 -2.748 -1 -2.966 -1 -3.2 -1 225
-3.083 -1 -2.76 -1 -2.776 -1 -3.18 -1 22
-2.978 -1 -2.722 -1 -2.818 -1 -3.134 -1 95
-2.976 -1 -2.7 -1 -2.902 -1 -3.184 -1 249
-3.043 -1 -2.788 -1 -2.93 -1 -3.232 -1 133
-3.081 -1 -2.838 -1 -2.888 -1 -3.122 -1 71
-3.005 -1 -2.72 -1 -2.9 -1 -3.18 -1 161
-3.04 -1 -2.726 -1 -2.892 -1 -3.132 -1 160
-3.012 -1 -2.7 -1 -2.974 -1 -3.128 -1 281
-3.051 -1 -2.746 -1 -2.826 -1 -3.176 -1 61
-3.001 -1 -2.67 -1 -2.778 -1 -3.178 -1 89
-2.978 -1 -2.704 -1 -2.818 -1 -3.158 -1 91
-2.988 -1 -2.698 -1 -2.866 -1 -3.126 -1 159
-2.996 -1 -2.712 -1 -2.914 -1 -3.174 -1 205
-3.044 -1 -2.698 -1 -2.978 -1 -3.266 -1 293
-3.122 -1 -2.792 -1 -2.88 -1 -3.178 -1 89
-3.029 -1 -2.746 -1 -2.908 -1 -3.224 -1 180
-3.066 -1 -2.748 -1 -2.934 -1 -3.268 -1 230
-3.101 -1 -2.81 -1 -3.072 -1 -3.284 -1 252
-3.178 -1 -2.854 -1 -2.944 -1 -3.248 -1 139
-3.096 -1 -2.778 -1 -2.976 -1 -3.206 -1 274
-3.091 -1 -2.742 -1 -2.844 -1 -3.202 -1 133
-3.023 -1 -2.724 -1 -2.77 -1 -3.126 -1 36
-2.948 -1 -2.676 -1 -2.794 -1 -3.144 -1 116
-2.969 -1 -2.676 -1 -2.944 -1 -3.258 -1 270
-3.101 -1 -2.754 -1 -2.848 -1 -3.158 -1 96
-3.003 -1 -2.7 -1 -2.738 -1 -3.012 -1 26
-2.875 -1 -2.612 -1 -2.822 -1 -3.106 -1 214
-2.964 -1 -2.694 -1 -2.702 -1 -3.036 -1 3
-2.869 -1 -2.606 -1 -2.754 -1 -3.088 -1 115
-2.921 -1 -2.698 -1 -2.848 -1 -3.094 -1 117
-2.971 -1 -2.684 -1 -2.852 -1 -3.13 -1 204
-2.991 -1 -2.706 -1 -2.862 -1 -3.046 -1 185
-2.954 -1 -2.602 -1 -2.866 -1 -3.2 -1 174
-3.033 -1 -2.728 -1 -2.88 -1 -3.194 -1 154
-3.037 -1 -2.732 -1 -2.848 -1 -3.134 -1 166
-2.991 -1 -2.68 -1 -2.766 -1 -3.14 -1 71
-2.953 -1 -2.622 -1 -2.696 -1 -3.082 -1 78
-2.889 -1 -2.546 -1 -2.716 -1 -3.068 -1 144
-2.892 -1 -2.598 -1 -2.87 -1 -3.174 -1 233
-3.022 -1 -2.742 -1 -2.798 -1 -3.15 -1 61
-2.974 -1 -2.656 -1 -2.976 -1 -3.264 -1 294
-3.12 -1 -2.798 -1 -3.058 -1 -3.262 -1 298
-3.16 -1 -2.86 -1 -2.928 -1 -3.174 -1 88
-3.051 -1 -2.782 -1 -2.974 -1 -3.188 -1 201
-3.081 -1 -2.786 -1 -2.938 -1 -3.184 -1 154
-3.061 -1 -2.764 -1 -2.862 -1 -3.15 -1 108
-3.006 -1 -2.728 -1 -2.75 -1 -3.09 -1 39
-2.92 -1 -2.646 -1 -2.672 -1 -2.984 -1 37
-2.828 -1 -2.574 -1 -2.844 -1 -3.2 -1 240
-3.022 -1 -2.698 -1 -2.8 -1 -3.124 -1 76
-2.962 -1 -2.682 -1 -2.802 -1 -3.1 -1 108
-2.951 -1 -2.656 -1 -2.792 -1 -3.108 -1 173
-2.95 -1 -2.678 -1 -2.828 -1 -3.182 -1 132
-3.005 -1 -2.652 -1 -2.69 -1 -2.93 -1 22
-2.81 -1 -2.544 -1 -2.698 -1 -3.07 -1 151
-2.884 -1 -2.6 -1 -2.818 -1 -3.17 -1 267
-2.994 -1 -2.724 -1 -2.984 -1 -3.228 -1 267
-3.106 -1 -2.772 -1 -2.976 -1 -3.186 -1 251
-3.081 -1 -2.74 -1 -2.986 -1 -3.206 -1 295
-3.096 -1 -2.794 -1 -2.966 -1 -3.198 -1 187
-3.082 -1 -2.802 -1 -3.062 -1 -3.306 -1 226
-3.184 -1 -2.83 -1 -2.842 -1 -3.166 -1 8
-3.004 -1 -2.662 -1 -2.706 -1 -3.144 -1 57
-2.925 -1 -2.622 -1 -2.742 -1 -3.082 -1 173
-2.912 -1 -2.61 -1 -2.966 -1 -3.266 -1 287
-3.116 -1 -2.81 -1 -3.024 -1 -3.24 -1 220
-3.132 -1 -2.798 -1 -2.87 -1 -3.106 -1 43
-2.988 -1 -2.698 -1 -2.898 -1 -3.166 -1 238
-3.032 -1 -2.73 -1 -2.992 -1 -3.224 -1 216
-3.108 -1 -2.75 -1 -2.842 -1 -3.136 -2 112
-2.989 -1 -2.676 -1 -2.83 -1 -3.062 -1 144
-2.946 -1 -2.632 -1 -2.69 -1 -3.102 -1 52
-2.896 -1 -2.636 -1 -2.74 -1 -3.07 -1 102
-2.905 -1 -2.63 -1 -2.724 -1 -3.058 -1 140
-2.891 -1 -2.638 -1 -2.822 -1 -3.116 -1 175
-2.969 -1 -2.68 -1 -2.988 -1 -3.24 -1 270
-3.114 -1 -2.764 -1 -2.786 -1 -3.122 -1 26
-2.954 -1 -2.674 -1 -2.912 -1 -3.204 -1 252
-3.058 -1 -2.7 -1 -2.864 -1 -3.12 -1 191
-2.992 -1 -2.702 -1 -2.828 -1 -3.132 -1 125
-2.98 -1 -2.674 -1 -2.81 -1 -3.156 -1 134
-2.983 -1 -2.706 -1 -2.932 -1 -3.164 -1 293
-3.048 -1 -2.724 -1 -2.802 -1 -3.128 -1 59
-2.965 -1 -2.644 -1 -2.684 -1 -3.042 -1 23
-2.863 -1 -2.554 -1 -2.828 -1 -3.116 -1 289
-2.972 -1 -2.688 -1 -2.834 -1 -3.168 -1 134
-3.001 -1 -2.688 -1 -2.938 -1 -3.154 -1 214
-3.046 -1 -2.756 -1 -2.928 -1 -3.132 -1 197
-3.03 -1 -2.738 -1 -2.868 -1 -3.184 -1 120
-3.026 -1 -2.734 -1 -2.946 -1 -3.252 -1 261
-3.099 -1 -2.832 -1 -3.008 -1 -3.234 -1 187
-3.121 -1 -2.8 -1 -2.978 -1 -3.208 -1 213
-3.093 -1 -2.816 -1 -2.958 -1 -3.22 -1 123
-3.089 -1 -2.774 -1 -3.042 -1 -3.238 -1 299
-3.14 -1 -2.856 -1 -2.966 -1 -3.222 -1 108
-3.094 -1 -2.792 -1 -3.034 -1 -3.216 -1 282
-3.125 -1 -2.81 -1 -2.932 -1 -3.21 -1 137
-3.071 -1 -2.774 -1 -2.9 -1 -3.136 -1 136
-3.018 -1 -2.702 -1 -2.938 -1 -3.218 -1 219
-3.078 -1 -2.792 -1 -2.972 -1 -3.248 -1 240
-3.11 -1 -2.868 -1 -3.074 -1 -3.28 -1 250
-3.177 -1 -2.832 -1 -2.868 -1 -3.198 -1 40
-3.033 -1 -2.722 -1 -2.962 -1 -3.264 -1 292
-3.113 -1 -2.84 -1 -3.036 -1 -3.288 -1 218
-3.162 -1 -2.838 -1 -3.082 -1 -3.25 -1 242
-3.166 -1 -2.85 -1 -2.91 -1 -3.172 -1 89
-3.041 -1 -2.752 -1 -2.986 -1 -3.202 -1 260
-3.094 -1 -2.78 -1 -2.932 -1 -3.244 -1 189
-3.088 -1 -2.78 -1 -3.006 -1 -3.23 -1 231
-3.118 -1 -2.78 -1 -2.864 -1 -3.114 -1 63
-2.989 -1 -2.686 -1 -2.928 -1 -3.188 -1 262
-3.058 -1 -2.774 -1 -2.84 -1 -3.176 -1 109
-3.008 -1 -2.704 -1 -2.922 -1 -3.226 -1 191
-3.074 -1 -2.766 -1 -2.88 -1 -3.108 -1 135
-2.994 -1 -2.696 -1 -2.728 -1 -3.028 -1 36
-2.878 -1 -2.564 -1 -2.648 -1 -3.108 -1 74
-2.878 -1 -2.578 -1 -2.722 -1 -3.048 -1 110
-2.885 -1 -2.584 -1 -2.878 -1 -3.182 -1 262
-3.03 -1 -2.746 -1 -2.784 -1 -3.066 -1 57
-2.925 -1 -2.636 -1 -2.694 -1 -3.032 -1 46
-2.863 -1 -2.6 -1 -2.802 -1 -3.104 -1 178
-2.953 -1 -2.64 -1 -2.752 -1 -3.084 -1 87
-2.918 -1 -2.612 -1 -2.824 -1 -3.172 -1 176
-2.998 -1 -2.7 -1 -2.752 -1 -3.108 -1 37
-2.93 -1 -2.6 -1 -2.632 -1 -3.014 -1 41
-2.823 -1 -2.572 -1 -2.604 -1 -2.966 -1 17
-2.785 -1 -2.502 -1 -2.746 -1 -3.046 -1 193
-2.896 -1 -2.598 -1 -2.74 -1 -3.068 -1 135
-2.904 -1 -2.592 -1 -2.784 -1 -3.134 -1 181
-2.959 -1 -2.66 -1 -2.71 -1 -3.07 -1 53
-2.89 -1 -2.608 -1 -2.664 -1 -3.076 -1 71
-2.87 -1 -2.536 -1 -2.708 -1 -3.086 -1 124
-2.897 -1 -2.554 -1 -2.772 -1 -3.072 -1 244
-2.922 -1 -2.602 -1 -2.842 -1 -3.148 -1 200
-2.995 -1 -2.678 -1 -2.882 -1 -3.262 -1 201
-3.072 -1 -2.75 -1 -2.92 -1 -3.256 -1 160
-3.088 -1 -2.782 -1 -2.962 -1 -3.212 -1 174
-3.087 -1 -2.782 -1 -2.974 -1 -3.222 -1 171
-3.098 -1 -2.796 -1 -2.968 -1 -3.164 -1 238
-3.066 -1 -2.776 -1 -2.996 -1 -3.262 -1 200
-3.129 -1 -2.772 -1 -2.918 -1 -3.166 -1 204
-3.042 -1 -2.728 -1 -2.896 -1 -3.102 -1 139
-2.999 -1 -2.67 -1 -2.714 -1 -3.13 -1 49
-2.922 -1 -2.642 -1 -2.642 -1 -3.03 -1 0
-2.836 -1 -2.564 -1 -2.576 -1 -2.962 -1 9
-2.769 -1 -2.476 -1 -2.512 -1 -2.944 -1 20
-2.728 -1 -2.522 -1 -2.754 -1 -3.026 -1 198
-2.89 -1 -2.592 -1 -2.768 -1 -3.096 -1 130
-2.932 -1 -2.616 -1 -2.678 -1 -2.992 -1 62
-2.835 -1 -2.528 -1 -2.726 -1 -3.066 -1 171
-2.896 -1 -2.574 -1 -2.636 -1 -3.012 -1 75
-2.824 -1 -2.518 -1 -2.616 -1 -3.03 -1 72
-2.823 -1 -2.552 -1 -2.698 -1 -3.04 -1 123
-2.869 -1 -2.578 -1 -2.808 -1 -3.074 -1 209
-2.941 -1 -2.654 -1 -2.9 -1 -3.178 -1 281
-3.039 -1 -2.746 -1 -2.97 -1 -3.214 -1 207
-3.092 -1 -2.782 -1 -2.794 -1 -3.054 -1 24
-2.924 -1 -2.652 -1 -2.87 -1 -3.154 -1 226
-3.012 -1 -2.706 -1 -2.968 -1 -3.164 -1 268
-3.066 -1 -2.752 -1 -2.964 -1 -3.144 -1 231
-3.054 -1 -2.73 -1 -2.906 -1 -3.2 -1 175
-3.053 -1 -2.762 -1 -2.902 -1 -3.176 -1 154
-3.039 -1 -2.682 -1 -2.888 -1 -3.13 -1 228
-3.009 -1 -2.704 -1 -2.928 -1 -3.2 -1 237
-3.064 -1 -2.758 -1 -2.8 -1 -3.114 -1 36
-2.957 -1 -2.68 -1 -2.794 -1 -3.092 -1 97
-2.943 -1 -2.696 -1 -2.966 -1 -3.156 -1 295
-3.061 -1 -2.752 -1 -2.96 -1 -3.272 -1 296
-3.116 -1 -2.854 -1 -2.862 -1 -3.12 -1 4
-2.991 -1 -2.676 -1 -2.782 -1 -3.132 -1 121
-2.957 -1 -2.648 -1 -2.658 -1 -3.046 -1 35
-2.852 -1 -2.568 -1 -2.78 -1 -3.128 -1 168
-2.954 -1 -2.698 -1 -2.956 -1 -3.16 -1 283
-3.058 -1 -2.748 -1 -2.962 -1 -3.258 -1 227
-3.11 -1 -2.798 -1 -2.898 -1 -3.19 -1 88
-3.044 -1 -2.73 -1 -2.734 -1 -3.112 -1 2
-2.923 -1 -2.68 -1 -2.816 -1 -3.184 -1 129
-3 -1 -2.702 -1 -2.86 -1 -3.216 -1 198
-3.038 -1 -2.724 -1 -2.84 -1 -3.112 -1 148
-2.976 -1 -2.662 -1 -2.726 -1 -3.08 -1 45
-2.903 -1 -2.636 -1 -2.76 -1 -3.096 -1 97
-2.928 -1 -2.652 -1 -2.706 -1 -3.01 -1 41
-2.858 -1 -2.614 -1 -2.682 -1 -3.032 -1 62
-2.857 -1 -2.62 -1 -2.636 -1 -2.982 -1 12
-2.809 -1 -2.526 -1 -2.584 -1 -2.974 -1 61
-2.779 -1 -2.5 -1 -2.72 -1 -3.066 -1 183
-2.893 -1 -2.598 -1 -2.716 -1 -3.084 -1 73
-2.9 -1 -2.66 -1 -2.662 -1 -2.958 -1 2
-2.81 -1 -2.544 -1 -2.676 -1 -3.052 -1 74
-2.864 -1 -2.546 -1 -2.76 -1 -3.146 -1 205
-2.953 -1 -2.612 -1 -2.774 -1 -3.022 -1 152
-2.898 -1 -2.574 -1 -2.69 -1 -3.062 -1 110
-2.876 -1 -2.576 -1 -2.596 -1 -2.928 -1 13
-2.762 -1 -2.512 -1 -2.688 -1 -3.02 0 128
