9 1000 0.9 1 313 0 0 0 0
-3.675 -1 -3.528 -1 -3.548 -1 -3.624 -1 56
-3.586 -1 -3.478 -1 -3.524 -1 -3.524 -2 85
-3.524 -1 -3.344 -1 -3.37 -1 -3.488 -1 156
-3.429 -1 -3.344 -1 -3.442 -1 -3.54 -1 363
-3.491 -1 -3.346 -1 -3.548 -1 -3.546 -1 432
-3.547 -1 -3.394 -1 -3.486 -1 -3.582 -1 310
-3.534 -1 -3.35 -1 -3.348 -1 -3.476 -1 7
-3.412 -1 -3.312 -1 -3.346 -1 -3.43 -1 129
-3.388 -1 -3.264 -1 -3.356 -1 -3.504 -1 249
-3.43 -1 -3.246 -1 -3.416 -1 -3.52 -1 361
-3.468 -1 -3.33 -1 -3.42 -1 -3.522 -1 329
-3.471 -1 -3.42 -1 -3.456 -1 -3.546 -1 307
-3.501 -1 -3.394 -1 -3.394 -1 -3.49 -2 239
-3.442 -1 -3.362 -2 -3.392 -2 -3.4 -1 145
-3.396 -1 -3.208 -1 -3.234 -1 -3.362 -2 46
-3.298 -1 -3.168 -2 -3.296 -1 -3.486 -1 282
-3.391 -1 -3.246 -1 -3.308 -1 -3.434 -1 112
-3.371 -1 -3.236 -1 -3.292 -1 -3.432 -1 85
-3.362 -1 -3.304 -1 -3.316 -1 -3.458 -1 24
-3.387 -1 -3.228 -1 -3.356 -1 -3.488 -1 262
-3.422 -1 -3.342 -1 -3.432 -1 -3.56 -1 252
-3.496 -1 -3.36 -1 -3.392 -1 -3.542 -1 114
-3.467 -1 -3.298 -1 -3.37 -1 -3.486 -2 354
-3.428 -1 -3.312 -1 -3.356 -1 -3.398 -1 88
-3.377 -1 -3.216 -1 -3.224 -1 -3.34 -1 14
-3.282 -1 -3.198 -1 -3.296 -1 -3.426 -1 323
-3.361 -1 -3.206 -1 -3.322 -1 -3.468 -1 243
-3.395 -1 -3.278 -1 -3.304 -1 -3.438 -2 42
-3.371 -1 -3.222 -1 -3.246 -1 -3.344 -1 119
-3.295 -1 -3.164 -1 -3.262 -1 -3.422 -1 199
-3.342 -1 -3.246 -1 -3.272 -1 -3.412 -1 129
-3.342 -1 -3.228 -1 -3.258 -1 -3.428 -1 52
-3.343 -1 -3.166 -1 -3.23 -1 -3.346 -1 96
-3.288 -1 -3.146 -1 -3.296 -1 -3.388 -1 389
-3.342 -1 -3.218 -1 -3.23 -1 -3.412 -1 15
-3.321 -1 -3.228 -1 -3.432 -1 -3.452 -1 444
-3.442 -1 -3.344 -1 -3.452 -1 -3.448 -1 289
-3.45 -1 -3.322 -1 -3.35 -1 -3.456 -2 51
-3.403 -1 -3.3 -1 -3.352 -1 -3.456 -1 127
-3.404 -1 -3.264 -1 -3.282 -1 -3.36 -1 43
-3.321 -1 -3.24 -1 -3.248 -1 -3.416 -1 97
-3.332 -1 -3.198 -1 -3.296 -1 -3.43 -1 238
-3.363 -1 -3.24 -1 -3.26 -1 -3.438 -1 79
-3.349 -1 -3.234 -1 -3.342 -2 -3.444 -2 286
-3.393 -2 -3.292 -2 -3.428 -2 -3.468 -1 264
-3.448 -1 -3.374 -1 -3.424 -1 -3.46 -1 145
-3.442 -1 -3.316 -1 -3.43 -1 -3.41 -1 390
-3.42 -1 -3.316 -1 -3.42 -1 -3.516 -2 202
-3.468 -1 -3.31 -1 -3.348 -1 -3.468 -1 100
-3.408 -1 -3.298 -1 -3.402 -1 -3.536 -2 321
-3.469 -1 -3.356 -1 -3.462 -1 -3.528 -2 202
-3.495 -1 -3.294 -1 -3.324 -1 -3.472 -1 48
-3.398 -1 -3.302 -1 -3.434 -1 -3.528 -1 444
-3.481 -1 -3.354 -1 -3.386 -1 -3.46 -1 173
-3.423 -1 -3.278 -1 -3.362 -1 -3.488 -1 280
-3.425 -1 -3.254 -1 -3.268 -1 -3.376 -2 57
-3.322 -1 -3.198 -1 -3.346 -1 -3.414 -2 315
-3.38 -1 -3.23 -1 -3.242 -1 -3.372 -1 14
-3.307 -1 -3.182 -1 -3.316 -1 -3.45 -1 236
-3.383 -1 -3.342 -1 -3.39 -1 -3.516 -1 180
-3.453 -1 -3.35 -1 -3.392 -1 -3.488 -1 252
-3.44 -1 -3.344 -1 -3.37 -1 -3.458 -1 85
-3.414 -1 -3.322 -1 -3.372 -1 -3.492 -1 392
-3.432 -1 -3.308 -1 -3.306 -1 -3.47 -1 5
-3.388 -1 -3.24 -1 -3.342 -1 -3.468 -1 232
-3.405 -1 -3.274 -1 -3.318 -1 -3.498 -2 90
-3.408 -1 -3.27 -1 -3.29 -1 -3.384 -1 181
-3.337 -1 -3.194 -1 -3.196 -1 -3.376 -1 16
-3.286 -1 -3.142 -1 -3.272 -1 -3.394 -1 301
-3.333 -1 -3.21 -1 -3.374 -1 -3.474 -1 438
-3.424 -1 -3.262 -1 -3.466 -1 -3.49 -1 445
-3.478 -1 -3.338 -1 -3.434 -1 -3.518 -1 269
-3.476 -1 -3.338 -1 -3.47 -1 -3.524 -1 400
-3.497 -1 -3.382 -1 -3.406 -1 -3.534 -1 135
-3.47 -1 -3.358 -1 -3.456 -1 -3.586 -1 435
-3.521 -1 -3.376 -1 -3.46 -1 -3.596 -1 390
-3.528 -1 -3.342 -1 -3.334 -1 -3.47 -1 21
-3.402 -1 -3.236 -1 -3.388 -1 -3.52 -2 259
-3.454 -1 -3.308 -1 -3.34 -1 -3.462 -2 140
-3.401 -1 -3.288 -1 -3.312 -2 -3.452 -1 101
-3.382 -1 -3.234 -2 -3.274 -2 -3.418 -1 126
-3.346 -1 -3.204 -1 -3.228 -1 -3.394 -1 30
-3.311 -1 -3.138 -1 -3.346 -1 -3.456 -1 418
-3.401 -1 -3.286 -1 -3.432 -1 -3.532 -1 335
-3.482 -1 -3.334 -1 -3.356 -1 -3.474 -1 249
-3.415 -1 -3.286 -1 -3.448 -1 -3.516 -1 436
-3.482 -1 -3.374 -1 -3.428 -1 -3.532 -1 167
-3.48 -1 -3.388 -1 -3.46 -1 -3.574 -1 396
-3.517 -1 -3.382 -1 -3.388 -1 -3.508 -1 206
-3.448 -1 -3.332 -1 -3.466 -1 -3.546 -1 347
-3.506 -1 -3.404 -1 -3.408 -1 -3.422 -1 19
-3.415 -1 -3.27 -1 -3.396 -1 -3.498 -1 307
-3.447 -1 -3.298 -1 -3.318 -1 -3.504 -1 36
-3.411 -1 -3.248 -1 -3.45 -1 -3.538 -1 403
-3.494 -1 -3.296 -1 -3.298 -1 -3.372 -1 23
-3.335 -1 -3.186 -1 -3.376 -1 -3.438 -1 424
-3.407 -1 -3.31 -1 -3.398 -1 -3.524 -1 222
-3.461 -1 -3.348 -1 -3.35 -1 -3.382 -1 55
-3.366 -1 -3.19 -1 -3.39 -1 -3.462 -1 388
-3.426 -1 -3.272 -1 -3.286 -1 -3.506 -1 24
-3.396 -1 -3.278 -1 -3.376 -1 -3.488 -1 325
-3.432 -1 -3.358 -1 -3.37 -1 -3.496 -2 31
-3.433 -1 -3.258 -1 -3.394 -1 -3.47 -2 355
-3.432 -1 -3.302 -1 -3.348 -1 -3.442 -1 120
-3.395 -1 -3.238 -1 -3.408 -1 -3.446 -1 419
-3.427 -1 -3.284 -1 -3.368 -1 -3.484 -2 304
-3.426 -1 -3.312 -1 -3.324 -1 -3.426 -1 87
-3.375 -1 -3.262 -1 -3.316 -1 -3.45 -1 89
-3.383 -1 -3.28 -1 -3.326 -1 -3.506 -1 269
-3.416 -1 -3.29 -1 -3.354 -1 -3.428 -1 231
-3.391 -1 -3.206 -1 -3.41 -1 -3.496 -1 290
-3.453 -1 -3.332 -1 -3.464 -1 -3.538 -1 317
-3.501 -1 -3.37 -1 -3.354 -1 -3.42 -1 33
-3.387 -1 -3.222 -1 -3.294 -1 -3.458 -1 111
-3.376 -1 -3.24 -1 -3.312 -1 -3.432 -2 135
-3.372 -1 -3.312 -1 -3.34 -1 -3.444 -1 115
-3.392 -1 -3.26 -1 -3.312 -1 -3.47 -2 172
-3.391 -1 -3.206 -1 -3.334 -1 -3.426 -1 289
-3.38 -1 -3.226 -1 -3.41 -1 -3.546 -1 407
-3.478 -1 -3.382 -1 -3.474 -1 -3.53 -1 399
-3.502 -1 -3.364 -1 -3.416 -1 -3.432 -1 184
-3.424 -1 -3.282 -1 -3.286 -1 -3.414 -1 40
-3.35 -1 -3.228 -1 -3.388 -1 -3.524 -1 253
-3.456 -1 -3.342 -1 -3.34 -1 -3.384 -1 15
-3.362 -1 -3.258 -1 -3.382 -1 -3.484 -1 383
-3.433 -1 -3.26 -1 -3.32 -1 -3.428 -1 153
-3.374 -1 -3.194 -1 -3.21 -1 -3.368 -1 36
-3.289 -1 -3.134 -1 -3.262 -1 -3.392 -1 292
-3.327 -1 -3.19 -1 -3.4 -1 -3.504 -1 346
-3.452 -1 -3.332 -1 -3.378 -1 -3.51 -1 153
-3.444 -1 -3.276 -1 -3.29 -1 -3.444 -1 25
-3.367 -1 -3.184 -1 -3.296 -1 -3.342 -1 234
-3.319 -1 -3.174 -1 -3.34 -1 -3.486 -1 386
-3.413 -1 -3.268 -1 -3.34 -1 -3.48 -1 152
-3.41 -1 -3.304 -1 -3.318 -1 -3.408 -1 14
-3.363 -1 -3.194 -1 -3.218 -1 -3.402 -1 28
-3.31 -1 -3.154 -1 -3.292 -1 -3.382 -1 246
-3.337 -1 -3.208 -1 -3.26 -1 -3.444 -1 143
-3.352 -1 -3.198 -1 -3.234 -1 -3.362 -1 155
-3.298 -1 -3.17 -1 -3.162 -1 -3.348 -1 33
-3.255 -1 -3.158 -1 -3.17 -1 -3.294 -1 37
-3.232 -1 -3.08 -1 -3.174 -1 -3.336 -1 129
-3.255 -1 -3.136 -1 -3.268 -1 -3.43 -1 240
-3.349 -1 -3.202 -1 -3.238 -1 -3.43 -1 142
-3.334 -1 -3.236 -1 -3.366 -1 -3.438 -1 271
-3.402 -1 -3.27 -1 -3.296 -1 -3.502 -1 35
-3.399 -1 -3.22 -1 -3.36 -1 -3.506 -1 383
-3.433 -1 -3.292 -1 -3.446 -1 -3.512 -1 418
-3.479 -1 -3.366 -2 -3.554 -1 -3.516 -2 351
-3.535 -1 -3.41 -1 -3.476 -1 -3.522 -1 213
-3.499 -1 -3.378 -1 -3.402 -1 -3.496 -1 255
-3.449 -1 -3.36 -1 -3.442 -1 -3.504 -1 274
-3.473 -1 -3.33 -1 -3.402 -1 -3.47 -1 239
-3.436 -1 -3.288 -1 -3.344 -1 -3.434 -1 219
-3.389 -1 -3.256 -1 -3.386 -1 -3.478 -1 365
-3.432 -1 -3.264 -1 -3.362 -1 -3.498 -1 419
-3.43 -1 -3.344 -1 -3.398 -1 -3.468 -1 170
-3.433 -1 -3.336 -1 -3.422 -1 -3.502 -1 173
-3.462 -1 -3.352 -1 -3.408 -1 -3.514 -1 279
-3.461 -1 -3.326 -1 -3.382 -1 -3.524 -2 266
-3.453 -1 -3.314 -1 -3.372 -2 -3.474 -1 246
-3.423 -1 -3.342 -1 -3.378 -1 -3.484 -2 265
-3.431 -1 -3.274 -1 -3.33 -1 -3.484 -1 260
-3.407 -1 -3.244 -1 -3.326 -1 -3.412 -1 355
-3.369 -1 -3.266 -1 -3.436 -1 -3.518 -1 446
-3.477 -1 -3.342 -1 -3.442 -1 -3.53 -1 440
-3.486 -1 -3.416 -1 -3.442 -1 -3.508 -1 296
-3.475 -1 -3.372 -1 -3.422 -1 -3.462 -1 222
-3.442 -1 -3.35 -1 -3.378 -1 -3.46 -1 364
-3.419 -1 -3.254 -1 -3.3 -1 -3.442 -2 135
-3.371 -1 -3.166 -1 -3.25 -1 -3.404 -1 78
-3.327 -1 -3.176 -1 -3.304 -1 -3.418 -2 317
-3.361 -1 -3.214 -1 -3.336 -1 -3.47 -2 278
-3.403 -1 -3.29 -1 -3.3 -1 -3.41 -1 13
-3.355 -1 -3.254 -1 -3.294 -1 -3.44 -1 95
-3.367 -1 -3.28 -1 -3.324 -1 -3.4 -1 149
-3.362 -1 -3.21 -1 -3.27 -1 -3.304 -1 155
-3.287 -1 -3.188 -1 -3.346 -1 -3.432 -1 396
-3.389 -1 -3.224 -1 -3.336 -1 -3.478 -1 348
-3.407 -1 -3.298 -1 -3.38 -1 -3.514 -1 278
-3.447 -1 -3.302 -1 -3.336 -1 -3.444 -1 140
-3.39 -1 -3.226 -1 -3.24 -1 -3.426 -1 26
-3.333 -1 -3.206 -1 -3.326 -1 -3.424 -1 309
-3.375 -1 -3.27 -1 -3.354 -1 -3.506 -2 178
-3.43 -1 -3.332 -1 -3.404 -2 -3.488 -2 369
-3.446 -2 -3.372 -2 -3.42 -2 -3.514 -2 196
-3.467 -2 -3.31 -2 -3.394 -1 -3.452 -1 218
-3.423 -1 -3.298 -1 -3.356 -1 -3.434 -1 335
-3.395 -1 -3.284 -1 -3.402 -1 -3.518 -2 377
-3.46 -1 -3.36 -1 -3.388 -1 -3.48 -1 328
-3.434 -1 -3.324 -1 -3.342 -1 -3.49 -1 222
-3.416 -1 -3.314 -1 -3.354 -1 -3.388 -1 114
-3.371 -1 -3.252 -1 -3.376 -1 -3.45 -1 265
-3.413 -1 -3.214 -1 -3.278 -1 -3.432 -1 126
-3.355 -1 -3.198 -1 -3.258 -1 -3.422 -1 134
-3.34 -1 -3.22 -1 -3.274 -1 -3.412 -1 59
-3.343 -1 -3.162 -1 -3.348 -1 -3.51 -1 409
-3.429 -1 -3.284 -1 -3.314 -1 -3.382 -1 51
-3.348 -1 -3.174 -1 -3.198 -1 -3.414 -1 17
-3.306 -1 -3.13 -1 -3.18 -1 -3.4 -1 112
-3.29 -1 -3.184 -1 -3.352 -1 -3.488 -1 226
-3.42 -1 -3.314 -1 -3.33 -1 -3.496 -2 81
-3.413 -1 -3.304 -1 -3.396 -1 -3.5 -1 341
-3.448 -1 -3.258 -1 -3.324 -2 -3.444 -1 186
-3.384 -1 -3.3 -1 -3.364 -1 -3.424 -1 179
-3.394 -1 -3.27 -1 -3.41 -1 -3.512 -1 266
-3.461 -1 -3.368 -1 -3.45 -1 -3.516 -2 349
-3.483 -1 -3.38 -1 -3.438 -2 -3.462 -1 234
-3.45 -1 -3.322 -1 -3.336 -1 -3.45 -1 63
-3.393 -1 -3.264 -1 -3.278 -1 -3.488 -1 219
-3.383 -1 -3.284 -1 -3.32 -1 -3.404 -1 136
-3.362 -1 -3.268 -1 -3.436 -1 -3.488 -1 420
-3.462 -1 -3.306 -1 -3.402 -1 -3.476 -1 328
-3.439 -1 -3.308 -1 -3.42 -2 -3.584 -1 360
-3.502 -1 -3.34 -1 -3.464 -1 -3.514 -2 428
-3.489 -1 -3.376 -1 -3.406 -1 -3.462 -1 252
-3.434 -1 -3.332 -1 -3.458 -1 -3.544 -1 348
-3.501 -1 -3.422 -1 -3.412 -1 -3.488 -2 311
-3.45 -1 -3.332 -1 -3.342 -1 -3.494 -1 11
-3.418 -1 -3.324 -1 -3.4 -1 -3.512 -1 434
-3.456 -1 -3.318 -1 -3.386 -1 -3.464 -2 406
-3.425 -1 -3.326 -1 -3.496 -2 -3.496 -1 447
-3.496 -1 -3.342 -2 -3.418 -1 -3.5 -1 334
-3.459 -1 -3.288 -1 -3.358 -1 -3.458 -2 155
-3.408 -1 -3.33 -1 -3.4 -1 -3.418 -1 125
-3.409 -1 -3.296 -1 -3.402 -1 -3.524 -1 234
-3.463 -1 -3.326 -1 -3.36 -1 -3.484 -2 58
-3.422 -1 -3.276 -1 -3.288 -1 -3.478 -1 11
-3.383 -1 -3.234 -1 -3.368 -1 -3.486 -1 347
-3.427 -1 -3.266 -1 -3.276 -1 -3.394 -1 46
-3.335 -1 -3.196 -1 -3.222 -1 -3.4 -1 18
-3.311 -1 -3.186 -1 -3.282 -1 -3.404 -1 161
-3.343 -1 -3.198 -1 -3.25 -1 -3.414 -1 433
-3.332 -1 -3.148 -1 -3.328 -1 -3.432 -1 310
-3.38 -1 -3.238 -1 -3.348 -1 -3.458 -1 346
-3.403 -1 -3.308 -1 -3.334 -1 -3.418 -1 255
-3.376 -1 -3.226 -1 -3.258 -1 -3.43 -1 127
-3.344 -1 -3.224 -1 -3.264 -1 -3.4 -1 101
-3.332 -1 -3.222 -1 -3.264 -1 -3.412 -1 123
-3.338 -1 -3.198 -1 -3.232 -1 -3.428 -2 63
-3.33 -1 -3.18 -1 -3.194 -1 -3.35 -1 23
-3.272 -1 -3.152 -1 -3.166 -1 -3.342 -1 79
-3.254 -1 -3.158 -1 -3.292 -1 -3.468 -2 254
-3.38 -1 -3.304 -1 -3.394 -1 -3.45 -1 258
-3.422 -1 -3.294 -1 -3.332 -1 -3.428 -1 328
-3.38 -1 -3.31 -1 -3.416 -1 -3.462 -1 366
-3.439 -1 -3.314 -1 -3.37 -1 -3.508 -1 151
-3.439 -1 -3.292 -1 -3.292 -1 -3.444 -2 2
-3.368 -1 -3.226 -1 -3.426 -2 -3.468 -1 437
-3.447 -1 -3.364 -1 -3.356 -1 -3.396 -1 37
-3.376 -1 -3.306 -1 -3.466 -1 -3.53 -1 416
-3.498 -1 -3.378 -1 -3.384 -1 -3.548 -2 10
-3.466 -1 -3.286 -1 -3.36 -1 -3.442 -1 336
-3.401 -1 -3.302 -1 -3.46 -1 -3.502 -1 332
-3.481 -1 -3.368 -1 -3.4 -1 -3.466 -2 135
-3.433 -1 -3.34 -1 -3.406 -1 -3.498 -1 102
-3.452 -1 -3.294 -1 -3.408 -1 -3.504 -1 224
-3.456 -1 -3.296 -1 -3.354 -1 -3.444 -1 130
-3.399 -1 -3.286 -1 -3.46 -1 -3.57 -1 380
-3.515 -1 -3.424 -1 -3.434 -1 -3.508 -1 21
-3.471 -1 -3.344 -1 -3.37 -1 -3.436 -1 73
-3.403 -1 -3.236 -1 -3.39 -1 -3.454 -1 309
-3.422 -1 -3.266 -1 -3.282 -1 -3.394 -2 40
-3.338 -1 -3.204 -1 -3.238 -1 -3.342 -1 67
-3.29 -1 -3.172 -1 -3.328 -1 -3.472 -1 368
-3.4 -1 -3.284 -1 -3.394 -1 -3.534 -1 259
-3.464 -1 -3.334 -1 -3.424 -1 -3.596 -1 291
-3.51 -1 -3.328 -1 -3.454 -1 -3.446 -1 287
-3.45 -1 -3.32 -1 -3.356 -1 -3.5 -1 115
-3.428 -1 -3.32 -1 -3.332 -1 -3.41 -1 64
-3.371 -1 -3.25 -1 -3.332 -1 -3.448 -1 154
-3.39 -1 -3.218 -1 -3.312 -1 -3.474 -1 220
-3.393 -1 -3.312 -1 -3.416 -1 -3.538 -2 281
-3.477 -1 -3.364 -1 -3.464 -1 -3.522 -1 294
-3.493 -1 -3.348 -1 -3.474 -1 -3.522 -1 254
-3.498 -1 -3.37 -1 -3.356 -1 -3.49 -1 119
-3.423 -1 -3.252 -1 -3.294 -1 -3.498 -1 39
-3.396 -1 -3.322 -1 -3.388 -1 -3.442 -1 206
-3.415 -1 -3.27 -1 -3.342 -1 -3.41 -1 148
-3.376 -1 -3.214 -1 -3.226 -1 -3.368 -1 114
-3.297 -1 -3.228 -1 -3.344 -1 -3.342 -1 229
-3.343 -1 -3.248 -1 -3.334 -1 -3.446 -1 402
-3.39 -1 -3.256 -1 -3.33 -1 -3.472 -1 105
-3.401 -1 -3.264 -1 -3.358 -1 -3.468 -2 174
-3.413 -1 -3.28 -1 -3.36 -1 -3.504 -1 243
-3.432 -1 -3.304 -1 -3.304 -1 -3.39 -1 30
-3.347 -1 -3.238 -1 -3.338 -1 -3.468 -1 276
-3.403 -1 -3.24 -1 -3.362 -1 -3.468 -1 275
-3.415 -1 -3.276 -1 -3.358 -1 -3.486 -1 213
-3.422 -1 -3.276 -1 -3.3 -1 -3.44 -1 74
-3.37 -1 -3.224 -1 -3.238 -1 -3.324 -1 54
-3.281 -1 -3.158 -1 -3.158 -1 -3.408 -1 9
-3.283 -1 -3.148 -1 -3.346 -1 -3.498 -1 348
-3.422 -1 -3.306 -1 -3.354 -1 -3.4 -1 146
-3.377 -1 -3.254 -1 -3.392 -1 -3.446 -2 298
-3.419 -1 -3.29 -1 -3.37 -1 -3.444 -1 372
-3.407 -1 -3.294 -1 -3.358 -1 -3.516 -1 190
-3.437 -1 -3.296 -1 -3.48 -1 -3.558 -2 424
-3.519 -1 -3.4 -2 -3.436 -1 -3.558 -1 162
-3.497 -1 -3.386 -1 -3.454 -1 -3.53 -1 199
-3.492 -1 -3.394 -1 -3.424 -1 -3.438 -2 141
-3.431 -1 -3.31 -1 -3.358 -1 -3.514 -2 49
-3.436 -1 -3.322 -1 -3.428 -1 -3.53 -1 357
-3.479 -1 -3.304 -1 -3.334 -1 -3.424 -1 226
-3.379 -1 -3.284 -1 -3.446 -1 -3.54 -1 391
-3.493 -1 -3.37 -1 -3.422 -1 -3.548 -2 173
-3.485 -1 -3.382 -1 -3.414 -1 -3.478 -1 105
-3.446 -1 -3.31 -1 -3.352 -1 -3.536 -1 130
-3.444 -1 -3.348 -1 -3.444 -1 -3.5 -1 370
-3.472 -1 -3.322 -1 -3.396 -1 -3.426 -1 192
-3.411 -1 -3.292 -1 -3.374 -1 -3.472 -1 424
-3.423 -1 -3.27 -1 -3.38 -1 -3.422 -1 431
-3.401 -1 -3.254 -1 -3.418 -1 -3.492 0 352
