9 1000 0.1 6 40 0 0 0 0
-3.611 -1 -3.132 -1 -3.136 -1 -3.416 -1 6
-3.276 -1 -2.88 -1 -2.884 -1 -3.22 -1 1
-3.052 -1 -2.696 -1 -2.704 -1 -3.188 -1 11
-2.946 -1 -2.616 -1 -2.638 -1 -3.062 -1 25
-2.85 -1 -2.508 -1 -2.57 -1 -3.048 -1 42
-2.809 -1 -2.476 -1 -2.496 -1 -2.968 -1 12
-2.732 -1 -2.406 -1 -2.442 -1 -2.95 -1 26
-2.696 -1 -2.346 -1 -2.404 -1 -2.882 -1 49
-2.643 -1 -2.316 -1 -2.354 -1 -2.846 -1 26
-2.6 -1 -2.314 -1 -2.37 -1 -2.914 -1 30
-2.642 -1 -2.364 -1 -2.376 -1 -2.9 -1 7
-2.638 -1 -2.332 -1 -2.34 -1 -2.864 -1 6
-2.602 -1 -2.292 -1 -2.338 -1 -2.806 -1 34
-2.572 -1 -2.25 -1 -2.256 -1 -2.806 -1 3
-2.531 -1 -2.192 -1 -2.194 -1 -2.76 -1 3
-2.477 -1 -2.182 -1 -2.254 -1 -2.838 -1 45
-2.546 -1 -2.234 -1 -2.268 -1 -2.772 -1 23
-2.52 -1 -2.202 -1 -2.272 -1 -2.75 -1 47
-2.511 -1 -2.176 -1 -2.188 -1 -2.706 -1 14
-2.447 -1 -2.176 -1 -2.214 -1 -2.702 -1 27
-2.458 -1 -2.154 -1 -2.178 -1 -2.754 -1 18
-2.466 -1 -2.146 -1 -2.222 -1 -2.708 -1 44
-2.465 -1 -2.152 -1 -2.172 -1 -2.782 -1 14
-2.477 -1 -2.146 -1 -2.152 -1 -2.676 -1 3
-2.414 -1 -2.072 -1 -2.076 -1 -2.66 -1 4
-2.368 -1 -2.094 -1 -2.104 -1 -2.67 -1 5
-2.387 -1 -2.028 -1 -2.052 -1 -2.606 -1 16
-2.329 -1 -2.036 -1 -2.048 -1 -2.588 -1 5
-2.318 -1 -1.998 -1 -2.04 -1 -2.642 -1 22
-2.341 -1 -2.052 -1 -2.128 -1 -2.608 -1 39
-2.368 -1 -2.042 -1 -2.042 -1 -2.566 -1 0
-2.304 -1 -1.992 -1 -2.04 -1 -2.522 -1 28
-2.281 -1 -1.944 -1 -2.01 -1 -2.522 -1 26
-2.266 -1 -1.948 -1 -1.952 -1 -2.468 -1 4
-2.21 -1 -1.886 -1 -1.926 -1 -2.426 -1 25
-2.176 -1 -1.84 -1 -1.884 -1 -2.41 -1 19
-2.147 -1 -1.818 -1 -1.838 -1 -2.442 -1 11
-2.14 -1 -1.818 -1 -1.842 -1 -2.352 -1 9
-2.097 -1 -1.806 -1 -1.908 -1 -2.42 -1 39
-2.164 -1 -1.778 -1 -1.864 -1 -2.394 0 33
