8 1000 0.8 2 166 0 0 0 0
-3.452 -1 -3.2 -1 -3.252 -1 -3.394 -1 297
-3.323 -1 -3.054 -1 -3.102 -1 -3.216 -1 178
-3.159 -1 -2.962 -1 -3.024 -1 -3.24 -1 235
-3.132 -1 -2.924 -1 -3.014 -1 -3.202 -1 231
-3.108 -1 -2.918 -1 -2.926 -1 -3.126 -1 11
-3.026 -1 -2.784 -1 -2.882 -1 -3.124 -1 193
-3.003 -1 -2.766 -1 -2.988 -1 -3.166 -1 331
-3.077 -1 -2.85 -1 -2.938 -1 -3.102 -1 155
-3.02 -1 -2.782 -1 -3.01 -1 -3.22 -1 285
-3.115 -1 -2.87 -1 -3.078 -1 -3.22 -1 286
-3.149 -1 -2.9 -1 -3.002 -1 -3.198 -1 326
-3.1 -1 -2.864 -1 -2.89 -1 -3.098 -1 31
-2.994 -1 -2.762 -1 -2.854 -1 -3.066 -1 79
-2.96 -1 -2.714 -1 -2.826 -1 -3.06 -1 84
-2.943 -1 -2.756 -1 -2.896 -1 -3.14 -1 161
-3.018 -1 -2.774 -1 -2.886 -1 -3.078 -1 149
-2.982 -1 -2.736 -1 -2.778 -1 -3.094 -1 75
-2.936 -1 -2.69 -1 -2.702 -1 -2.99 -1 20
-2.846 -1 -2.58 -1 -2.78 -1 -3.046 -1 188
-2.913 -1 -2.648 -1 -2.924 -1 -3.204 -1 306
-3.064 -1 -2.798 -1 -2.9 -1 -3.102 -1 186
-3.001 -1 -2.776 -1 -3.014 -1 -3.168 -1 380
-3.091 -1 -2.868 -1 -2.912 -1 -3.164 -1 128
-3.038 -1 -2.798 -1 -3.044 -1 -3.166 -1 380
-3.105 -1 -2.848 -1 -2.914 -1 -3.18 -1 71
-3.047 -1 -2.822 -1 -3.076 -1 -3.174 -1 393
-3.125 -1 -2.878 -1 -3.146 -1 -3.262 -1 391
-3.204 -1 -2.936 -1 -3.09 -1 -3.234 -1 240
-3.162 -1 -2.95 -1 -3.09 -1 -3.186 -1 234
-3.138 -1 -2.844 -1 -3.09 -1 -3.196 -1 342
-3.143 -1 -2.858 -1 -2.982 -1 -3.204 -1 198
-3.093 -1 -2.874 -1 -3.004 -1 -3.152 -1 220
-3.078 -1 -2.872 -1 -3.11 -1 -3.246 -1 384
-3.178 -1 -2.968 -1 -3.014 -1 -3.216 -1 142
-3.115 -1 -2.898 -1 -3.018 -1 -3.188 -1 143
-3.103 -1 -2.858 -1 -2.938 -1 -3.14 -1 98
-3.039 -1 -2.854 -1 -3.118 -1 -3.212 -1 300
-3.165 -1 -2.932 -1 -3.084 -1 -3.22 -1 269
-3.152 -1 -2.93 -1 -3.028 -1 -3.19 -1 316
-3.109 -1 -2.884 -1 -3.092 -1 -3.268 -1 385
-3.18 -1 -2.972 -1 -3.078 -1 -3.196 -1 216
-3.137 -1 -2.888 -1 -3.014 -1 -3.204 -1 181
-3.109 -1 -2.87 -1 -2.904 -1 -3.178 -1 64
-3.041 -1 -2.784 -1 -2.934 -1 -3.08 -1 185
-3.007 -1 -2.796 -1 -2.876 -1 -3.178 -1 112
-3.027 -1 -2.85 -1 -3.054 -1 -3.108 -1 387
-3.081 -1 -2.868 -1 -2.984 -1 -3.12 -1 161
-3.052 -1 -2.786 -1 -2.976 -1 -3.192 -1 324
-3.084 -1 -2.864 -1 -2.984 -1 -3.178 -1 255
-3.081 -1 -2.876 -1 -2.91 -1 -3.152 -1 22
-3.031 -1 -2.812 -1 -3.024 -1 -3.256 -1 336
-3.14 -1 -2.88 -1 -2.988 -1 -3.2 -1 116
-3.094 -1 -2.898 -1 -2.924 -1 -3.21 -1 52
-3.067 -1 -2.8 -1 -2.942 -1 -3.136 -1 287
-3.039 -1 -2.822 -1 -3.016 -1 -3.24 -1 261
-3.128 -1 -2.902 -1 -3.122 -1 -3.242 -1 336
-3.182 -1 -2.994 -1 -3.03 -1 -3.162 -1 53
-3.096 -1 -2.84 -1 -2.97 -1 -3.128 -1 159
-3.049 -1 -2.814 -1 -2.882 -1 -3.134 -1 83
-3.008 -1 -2.762 -1 -2.77 -1 -3.004 -1 14
-2.887 -1 -2.666 -1 -2.816 -1 -3.08 -1 151
-2.948 -1 -2.772 -1 -2.962 -1 -3.156 -1 341
-3.059 -1 -2.798 -1 -2.862 -1 -3.106 -1 100
-2.984 -1 -2.758 -1 -2.812 -1 -3.122 -1 59
-2.967 -1 -2.754 -1 -2.814 -1 -2.992 -1 81
-2.903 -1 -2.71 -1 -2.812 -1 -3.04 -1 124
-2.926 -1 -2.68 -1 -2.854 -1 -3.088 -1 257
-2.971 -1 -2.668 -1 -2.71 -1 -2.994 -1 60
-2.852 -1 -2.61 -1 -2.872 -1 -3.15 -1 319
-3.011 -1 -2.754 -1 -3.026 -1 -3.104 -1 382
-3.065 -1 -2.846 -1 -2.948 -1 -3.172 -1 181
-3.06 -1 -2.806 -1 -2.852 -1 -3.05 -1 45
-2.951 -1 -2.766 -1 -2.762 -1 -3.092 -1 2
-2.927 -1 -2.728 -1 -2.744 -1 -3.09 -1 20
-2.917 -1 -2.684 -1 -2.912 -1 -3.092 -1 300
-3.002 -1 -2.766 -1 -2.91 -1 -3.128 -1 196
-3.019 -1 -2.74 -1 -2.84 -1 -3.06 -1 156
-2.95 -1 -2.69 -1 -2.976 -1 -3.17 -1 302
-3.073 -1 -2.782 -1 -3.024 -1 -3.162 -1 391
-3.093 -1 -2.812 -1 -2.862 -1 -3.138 -1 69
-3 -1 -2.768 -1 -2.92 -1 -3.154 -1 193
-3.037 -1 -2.808 -1 -3.048 -1 -3.202 -1 345
-3.125 -1 -2.924 -1 -3.046 -1 -3.16 -1 209
-3.103 -1 -2.928 -1 -3.016 -1 -3.222 -1 152
-3.119 -1 -2.874 -1 -3.064 -1 -3.2 -1 260
-3.132 -1 -2.844 -1 -3.07 -1 -3.272 -1 399
-3.171 -1 -2.928 -1 -3.02 -1 -3.212 -1 184
-3.116 -1 -2.872 -1 -2.912 -1 -3.074 -1 41
-2.993 -1 -2.772 -1 -2.842 -1 -3.104 -1 85
-2.973 -1 -2.76 -1 -2.994 -1 -3.166 -1 358
-3.08 -1 -2.78 -1 -2.78 -1 -3.058 -1 3
-2.919 -1 -2.678 -1 -2.89 -1 -3.072 -1 289
-2.981 -1 -2.708 -1 -2.708 -1 -2.968 -1 3
-2.838 -1 -2.556 -1 -2.584 -1 -2.936 -1 31
-2.76 -1 -2.532 -1 -2.74 -1 -2.996 -1 208
-2.868 -1 -2.628 -1 -2.874 -1 -3.124 -1 386
-2.999 -1 -2.792 -1 -2.956 -1 -3.214 -1 178
-3.085 -1 -2.858 -1 -2.98 -1 -3.228 -1 117
-3.104 -1 -2.808 -1 -2.964 -1 -3.18 -1 219
-3.072 -1 -2.792 -1 -2.984 -1 -3.192 -1 394
-3.088 -1 -2.844 -1 -3.01 -1 -3.226 -1 268
-3.118 -1 -2.866 -1 -3.028 -1 -3.202 -1 288
-3.115 -1 -2.864 -1 -2.954 -1 -3.108 -1 124
-3.031 -1 -2.842 -1 -3.044 -1 -3.248 -1 324
-3.146 -1 -2.886 -1 -3.082 -1 -3.298 -1 304
-3.19 -1 -2.938 -1 -3.116 -1 -3.268 -1 296
-3.192 -1 -2.908 -1 -2.956 -1 -3.146 -1 94
-3.051 -1 -2.808 -1 -2.874 -1 -3.098 -1 42
-2.986 -1 -2.754 -1 -2.762 -1 -3.064 -1 11
-2.913 -1 -2.702 -1 -2.938 -1 -3.212 -1 332
-3.075 -1 -2.804 -1 -2.966 -1 -3.146 -1 319
-3.056 -1 -2.772 -1 -2.976 -1 -3.152 -1 360
-3.064 -1 -2.832 -1 -2.842 -1 -3.09 -1 17
-2.966 -1 -2.722 -1 -2.76 -1 -3.038 -1 63
-2.899 -1 -2.666 -1 -2.96 -1 -3.172 -1 308
-3.066 -1 -2.862 -1 -2.984 -1 -3.21 -1 290
-3.097 -1 -2.846 -1 -2.92 -1 -3.122 -1 105
-3.021 -1 -2.76 -1 -2.958 -1 -3.116 -1 271
-3.037 -1 -2.78 -1 -2.876 -1 -3.14 -1 117
-3.008 -1 -2.726 -1 -2.778 -1 -3.046 -1 122
-2.912 -1 -2.72 -1 -3 -1 -3.166 -1 374
-3.083 -1 -2.826 -1 -2.932 -1 -3.122 -1 214
-3.027 -1 -2.748 -1 -2.966 -1 -3.18 -1 321
-3.073 -1 -2.854 -1 -2.95 -1 -3.2 -1 112
-3.075 -1 -2.842 -1 -3.044 -1 -3.244 -1 296
-3.144 -1 -2.926 -1 -3.042 -1 -3.12 -1 277
-3.081 -1 -2.802 -1 -3.02 -1 -3.188 -1 326
-3.104 -1 -2.896 -1 -3.068 -1 -3.182 -1 269
-3.125 -1 -2.926 -1 -3.12 -1 -3.3 -1 389
-3.21 -1 -2.982 -1 -3.21 -1 -3.266 -1 315
-3.238 -1 -2.984 -1 -3.154 -1 -3.222 -1 314
-3.188 -1 -2.908 -1 -3.058 -1 -3.138 -1 189
-3.098 -1 -2.852 -1 -2.936 -1 -3.122 -1 106
-3.029 -1 -2.81 -1 -2.986 -1 -3.12 -1 245
-3.053 -1 -2.836 -1 -3.048 -1 -3.13 -1 362
-3.089 -1 -2.896 -1 -2.964 -1 -3.062 -1 111
-3.013 -1 -2.776 -1 -2.862 -1 -3.016 -1 146
-2.939 -1 -2.718 -1 -3.012 -1 -3.204 -1 386
-3.108 -1 -2.89 -1 -3.088 -1 -3.27 -1 380
-3.179 -1 -2.92 -1 -3.036 -1 -3.196 -1 218
-3.116 -1 -2.916 -1 -2.948 -1 -3.174 -1 38
-3.061 -1 -2.81 -1 -2.986 -1 -3.214 -1 348
-3.1 -1 -2.856 -1 -3 -1 -3.178 -1 263
-3.089 -1 -2.812 -1 -2.952 -1 -3.15 -1 185
-3.051 -1 -2.836 -1 -3.01 -1 -3.216 -1 331
-3.113 -1 -2.88 -1 -2.914 -1 -3.166 -1 141
-3.04 -1 -2.776 -1 -2.926 -1 -3.132 -1 189
-3.029 -1 -2.838 -1 -2.956 -1 -3.182 -1 170
-3.069 -1 -2.814 -1 -2.884 -1 -3.088 -1 91
-2.986 -1 -2.758 -1 -2.96 -1 -3.14 -1 335
-3.05 -1 -2.81 -1 -2.976 -1 -3.156 -1 240
-3.066 -1 -2.804 -1 -2.932 -1 -3.186 -1 170
-3.059 -1 -2.822 -1 -2.93 -1 -3.076 -1 225
-3.003 -1 -2.77 -1 -2.84 -1 -3.096 -1 82
-2.968 -1 -2.786 -1 -2.806 -1 -3.078 -1 45
-2.942 -1 -2.654 -1 -2.922 -1 -3.12 -1 309
-3.021 -1 -2.758 -1 -2.808 -1 -3.034 -1 96
-2.921 -1 -2.692 -1 -2.824 -1 -3.038 -1 136
-2.931 -1 -2.722 -1 -2.988 -1 -3.176 -1 360
-3.082 -1 -2.85 -1 -2.868 -1 -3.128 -1 14
-2.998 -1 -2.754 -1 -2.904 -1 -3.134 -1 311
-3.019 -1 -2.758 -1 -2.948 -1 -3.126 -1 235
-3.037 -1 -2.792 -1 -2.938 -1 -3.172 -1 171
-3.055 -1 -2.774 -1 -2.82 -1 -3.104 -1 99
-2.962 -1 -2.788 -1 -2.998 -1 -3.176 -1 245
-3.087 -1 -2.796 -1 -2.926 -1 -3.12 0 197
