10 1000 0.7 3 824 0 0 0 0
-3.81 -2 -3.456 -2 -3.55 -1 -3.646 -2 261
-3.598 -1 -3.314 -1 -3.392 -1 -3.57 -2 62
-3.481 -1 -3.144 -1 -3.256 -1 -3.444 -1 136
-3.35 -1 -3.082 -1 -3.11 -1 -3.374 -2 43
-3.242 -1 -2.984 -1 -3.266 -1 -3.454 -1 342
-3.36 -1 -3.03 -1 -3.292 -1 -3.49 -1 319
-3.391 -1 -3.042 -1 -3.078 -1 -3.35 -1 73
-3.214 -1 -2.94 -1 -2.992 -1 -3.322 -1 72
-3.157 -1 -2.932 -1 -2.96 -1 -3.224 -1 26
-3.092 -1 -2.844 -1 -3.022 -1 -3.33 -1 162
-3.176 -1 -2.872 -1 -2.956 -1 -3.29 -1 92
-3.123 -1 -2.876 -1 -2.936 -1 -3.276 -1 96
-3.106 -1 -2.794 -1 -2.978 -1 -3.338 -1 198
-3.158 -1 -2.852 -1 -3.13 -1 -3.37 -1 277
-3.25 -1 -2.926 -1 -3.004 -1 -3.29 -1 67
-3.147 -1 -2.852 -1 -2.908 -1 -3.258 -1 79
-3.083 -1 -2.8 -1 -2.83 -1 -3.182 -1 31
-3.006 -1 -2.692 -1 -3.124 -1 -3.41 -2 337
-3.267 -1 -2.898 -1 -2.972 -1 -3.282 -1 94
-3.127 -1 -2.8 -1 -3.044 -1 -3.336 -1 258
-3.19 -1 -2.89 -1 -3.026 -1 -3.2 -1 160
-3.113 -1 -2.812 -1 -3.132 -1 -3.388 -1 286
-3.26 -1 -2.96 -1 -2.996 -1 -3.342 -1 41
-3.169 -1 -2.862 -1 -3.09 -1 -3.29 -1 228
-3.19 -1 -2.95 -1 -2.966 -1 -3.302 -1 18
-3.134 -1 -2.864 -1 -2.886 -1 -3.244 -2 20
-3.065 -1 -2.788 -1 -2.95 -1 -3.234 -1 176
-3.092 -1 -2.766 -1 -2.944 -1 -3.268 -2 200
-3.106 -1 -2.796 -1 -3.038 -1 -3.296 -1 191
-3.167 -1 -2.882 -1 -3.19 -1 -3.456 -1 308
-3.323 -1 -2.982 -1 -3.234 -1 -3.458 -2 330
-3.346 -1 -2.986 -1 -3.21 -1 -3.468 -1 279
-3.339 -1 -3.016 -1 -3.23 -1 -3.45 -2 216
-3.34 -1 -3.032 -1 -3.202 -1 -3.498 -1 251
-3.35 -1 -3.022 -1 -3.046 -1 -3.388 -2 43
-3.217 -1 -2.916 -1 -3.024 -1 -3.368 -1 94
-3.196 -1 -2.926 -1 -3.172 -1 -3.394 -1 283
-3.283 -1 -2.986 -1 -3.028 -1 -3.326 -1 46
-3.177 -1 -2.906 -1 -3.156 -1 -3.36 -1 247
-3.258 -1 -2.934 -1 -2.956 -1 -3.23 -1 29
-3.093 -1 -2.79 -1 -3.12 -1 -3.306 -1 327
-3.213 -1 -2.886 -1 -2.904 -1 -3.228 -1 16
-3.066 -1 -2.754 -1 -2.914 -1 -3.27 -2 117
-3.092 -1 -2.812 -1 -3.058 -1 -3.288 -1 241
-3.173 -1 -2.846 -1 -3.1 -1 -3.378 -1 306
-3.239 -1 -2.968 -1 -3.124 -1 -3.366 -1 189
-3.245 -1 -2.938 -1 -2.946 -1 -3.178 -1 24
-3.062 -1 -2.768 -1 -3.046 -1 -3.352 -1 280
-3.199 -1 -2.886 -1 -2.918 -1 -3.27 -1 17
-3.094 -1 -2.824 -1 -3.116 -1 -3.338 -1 328
-3.227 -1 -2.952 -1 -3.034 -1 -3.314 -1 94
-3.174 -1 -2.87 -1 -2.896 -1 -3.288 -1 36
-3.092 -1 -2.794 -1 -2.874 -1 -3.226 -1 93
-3.05 -1 -2.776 -1 -2.92 -1 -3.232 -1 142
-3.076 -1 -2.802 -1 -3.042 -1 -3.276 -1 178
-3.159 -1 -2.884 -1 -3.126 -1 -3.328 -1 246
-3.227 -1 -2.89 -1 -2.91 -1 -3.336 -1 35
-3.123 -1 -2.818 -1 -2.868 -1 -3.21 -1 64
-3.039 -1 -2.768 -1 -3.002 -1 -3.298 -1 198
-3.15 -1 -2.844 -1 -3.066 -1 -3.342 -1 242
-3.204 -1 -2.92 -1 -3.208 -1 -3.412 -1 308
-3.31 -1 -2.998 -1 -3.152 -1 -3.406 -2 188
-3.279 -1 -2.998 -1 -3.026 -1 -3.296 -1 29
-3.161 -1 -2.826 -1 -3.114 -1 -3.352 -1 262
-3.233 -1 -2.922 -1 -3.154 -1 -3.374 -1 241
-3.264 -1 -2.95 -1 -3.008 -1 -3.334 -1 53
-3.171 -1 -2.87 -1 -3.092 -1 -3.374 -2 240
-3.233 -1 -2.964 -1 -3.102 -1 -3.34 -1 197
-3.221 -1 -2.914 -1 -3.244 -1 -3.398 -2 320
-3.321 -1 -2.968 -1 -3.204 -1 -3.45 -2 225
-3.327 -1 -3.028 -1 -3.23 -1 -3.442 -1 280
-3.336 -1 -2.988 -1 -3.232 -1 -3.468 -2 289
-3.35 -1 -3.006 -1 -3.184 -1 -3.436 -1 232
-3.31 -1 -2.942 -1 -3.016 -1 -3.386 -1 77
-3.201 -1 -2.886 -1 -3.134 -1 -3.456 -1 239
-3.295 -1 -3.024 -1 -3.15 -1 -3.346 -1 132
-3.248 -1 -2.974 -1 -3.218 -1 -3.418 -1 272
-3.318 -1 -2.974 -1 -3.16 -1 -3.382 -1 217
-3.271 -1 -2.982 -1 -3.152 -1 -3.38 -2 173
-3.266 -1 -2.962 -1 -3.192 -1 -3.478 -2 313
-3.335 -1 -3.004 -1 -3.236 -1 -3.472 -1 243
-3.354 -1 -3.038 -1 -3.284 -1 -3.51 -1 313
-3.397 -1 -3.062 -1 -3.254 -1 -3.464 -1 201
-3.359 -1 -3.122 -1 -3.304 -1 -3.448 -1 271
-3.376 -1 -3.038 -1 -3.05 -1 -3.33 -1 23
-3.19 -1 -2.914 -1 -3.242 -1 -3.482 -1 345
-3.362 -1 -3.05 -1 -3.13 -1 -3.404 -1 69
-3.267 -1 -2.968 -1 -3.076 -1 -3.354 -2 95
-3.215 -1 -2.938 -1 -3.136 -1 -3.432 -1 176
-3.284 -1 -3.01 -1 -3.292 -1 -3.472 -2 310
-3.382 -1 -3.048 -1 -3.092 -1 -3.316 -1 42
-3.204 -1 -2.946 -1 -2.946 -1 -3.278 -1 0
-3.112 -1 -2.826 -1 -3.032 -1 -3.34 -1 203
-3.186 -1 -2.872 -1 -3.158 -1 -3.408 -2 347
-3.283 -1 -2.974 -1 -3.056 -1 -3.322 -1 82
-3.189 -1 -2.92 -1 -3.128 -1 -3.338 -1 306
-3.233 -1 -2.932 -1 -3.08 -1 -3.416 -2 171
-3.248 -1 -2.908 -1 -3.126 -1 -3.296 -1 268
-3.211 -1 -2.91 -1 -3.212 -1 -3.406 -1 337
-3.309 -1 -2.988 -1 -3.056 -1 -3.412 -1 112
-3.234 -1 -2.932 -1 -3.05 -1 -3.366 -1 115
-3.208 -1 -2.95 -1 -3.196 -1 -3.406 -2 337
-3.301 -1 -3 -1 -3.106 -1 -3.402 -1 117
-3.254 -1 -2.966 -1 -3.218 -1 -3.48 -2 257
-3.349 -1 -3.084 -1 -3.192 -1 -3.402 -1 154
-3.297 -1 -3.006 -1 -3.154 -1 -3.354 -1 218
-3.254 -1 -2.938 -1 -3.01 -1 -3.298 -1 95
-3.154 -1 -2.848 -1 -2.886 -1 -3.274 -1 55
-3.08 -1 -2.83 -1 -3.148 -1 -3.364 -1 294
-3.256 -1 -2.954 -1 -3.126 -1 -3.418 -1 225
-3.272 -1 -3.002 -1 -3.05 -1 -3.338 -1 68
-3.194 -1 -2.884 -1 -2.924 -1 -3.314 -1 32
-3.119 -1 -2.846 -1 -3.026 -1 -3.342 -1 138
-3.184 -1 -2.88 -1 -3.118 -1 -3.326 -1 286
-3.222 -1 -2.906 -1 -3.006 -1 -3.326 -1 95
-3.166 -1 -2.816 -1 -2.888 -1 -3.222 -1 124
-3.055 -1 -2.776 -1 -3.156 -1 -3.352 -1 329
-3.254 -1 -2.83 -1 -3.176 -1 -3.512 -1 316
-3.344 -1 -3.05 -1 -3.064 -1 -3.344 -1 25
-3.204 -1 -2.91 -1 -3.012 -1 -3.362 -1 80
-3.187 -1 -2.86 -1 -3.092 -1 -3.366 -2 249
-3.229 -1 -2.972 -1 -3.148 -1 -3.406 -2 161
-3.277 -1 -2.966 -1 -3.156 -1 -3.368 -1 187
-3.262 -1 -2.924 -1 -3.138 -1 -3.404 -1 233
-3.271 -1 -2.98 -1 -3.164 -1 -3.38 -1 283
-3.272 -1 -2.958 -1 -3.166 -1 -3.378 -2 247
-3.272 -1 -2.936 -1 -3.078 -1 -3.392 -1 185
-3.235 -1 -2.942 -1 -2.95 -1 -3.24 -1 13
-3.095 -1 -2.75 -1 -2.892 -1 -3.232 -1 110
-3.062 -1 -2.774 -1 -3.01 -1 -3.316 -1 240
-3.163 -1 -2.836 -1 -3.014 -1 -3.33 -1 156
-3.172 -1 -2.854 -1 -3.156 -1 -3.476 -1 288
-3.316 -1 -2.958 -1 -2.974 -1 -3.398 -1 42
-3.186 -1 -2.91 -1 -3.156 -1 -3.432 -1 244
-3.294 -1 -2.978 -1 -3.142 -1 -3.408 -1 217
-3.275 -1 -2.904 -1 -3.124 -1 -3.35 -1 235
-3.237 -1 -2.916 -1 -2.956 -1 -3.322 -1 48
-3.139 -1 -2.86 -1 -3.222 -1 -3.482 -1 349
-3.352 -1 -3.056 -1 -3.258 -1 -3.442 -1 310
-3.35 -1 -3.02 -1 -3.194 -1 -3.468 -1 176
-3.331 -1 -3.016 -1 -3.294 -1 -3.456 -1 328
-3.375 -1 -3.054 -1 -3.18 -1 -3.474 -1 179
-3.327 -1 -3.03 -1 -3.084 -1 -3.416 -2 125
-3.25 -1 -2.946 -1 -3.122 -1 -3.372 -1 159
-3.247 -1 -2.912 -1 -3.032 -1 -3.358 -2 140
-3.195 -1 -2.938 -1 -3.182 -1 -3.37 -1 298
-3.276 -1 -2.982 -1 -3.062 -1 -3.354 -1 101
-3.208 -1 -2.934 -1 -3.188 -1 -3.446 -1 295
-3.317 -1 -3.006 -1 -3.046 -1 -3.306 -2 37
-3.176 -1 -2.92 -1 -2.948 -1 -3.252 -1 35
-3.1 -1 -2.828 -1 -3.106 -1 -3.358 -1 258
-3.232 -1 -2.91 -1 -3.02 -1 -3.338 -1 108
-3.179 -1 -2.896 -1 -2.93 -1 -3.254 -1 30
-3.092 -1 -2.806 -1 -2.946 -1 -3.26 -1 118
-3.103 -1 -2.84 -1 -3.144 -1 -3.442 -2 323
-3.293 -1 -2.98 -1 -3.118 -1 -3.366 -1 220
-3.242 -1 -2.924 -1 -3.268 -1 -3.414 -2 324
-3.341 -1 -2.98 -1 -3.162 -1 -3.452 -1 246
-3.307 -1 -2.998 -1 -3.056 -1 -3.346 -1 87
-3.201 -1 -2.89 -1 -3.012 -1 -3.352 -1 148
-3.182 -1 -2.868 -1 -3.116 -1 -3.394 -1 261
-3.255 -1 -2.984 -1 -2.986 -1 -3.328 -1 2
-3.157 -1 -2.846 -1 -2.978 -1 -3.286 -1 142
-3.132 -1 -2.858 -1 -2.95 -1 -3.29 -1 86
-3.12 -1 -2.854 -1 -3.106 -1 -3.342 -2 312
-3.224 -1 -2.908 -1 -3.078 -1 -3.336 -1 265
-3.207 -1 -2.948 -1 -2.954 -1 -3.254 -1 4
-3.104 -1 -2.844 -1 -2.936 -1 -3.306 -2 51
-3.121 -1 -2.84 -1 -3.114 -1 -3.338 -1 306
-3.226 -1 -2.938 -1 -3.16 -2 -3.354 -1 279
-3.257 -1 -2.928 -1 -3.066 -1 -3.314 -1 127
-3.19 -1 -2.928 -1 -3.05 -1 -3.396 -1 92
-3.223 -1 -2.894 -1 -3.196 -1 -3.398 -1 327
-3.297 -1 -3.014 -1 -3.306 -1 -3.452 -1 315
-3.379 -1 -3.008 -1 -3.15 -1 -3.416 -2 166
-3.283 -1 -2.922 -1 -3.13 -1 -3.422 -1 244
-3.276 -1 -2.958 -1 -2.966 -1 -3.33 -1 7
-3.148 -1 -2.878 -1 -2.922 -1 -3.272 -1 30
-3.097 -1 -2.832 -1 -2.894 -1 -3.196 -1 67
-3.045 -1 -2.764 -1 -2.978 -1 -3.25 -1 200
-3.114 -1 -2.804 -1 -2.898 -1 -3.232 -1 92
-3.065 -1 -2.776 -1 -2.954 -1 -3.252 -1 150
-3.103 -1 -2.782 -1 -3.024 -1 -3.344 -1 253
-3.184 -1 -2.868 -1 -3.094 -1 -3.374 -1 282
-3.234 -1 -2.952 -1 -2.972 -1 -3.232 -1 47
-3.102 -1 -2.822 -1 -3 -1 -3.316 -1 188
-3.158 -1 -2.852 -1 -3.112 -1 -3.382 -1 263
-3.247 -1 -2.946 -1 -3.154 -1 -3.384 -1 224
-3.269 -1 -2.96 -1 -2.996 -1 -3.266 -1 58
-3.131 -1 -2.818 -1 -3.018 -1 -3.308 -2 196
-3.163 -1 -2.828 -1 -3.082 -1 -3.302 -1 306
-3.192 -1 -2.936 -1 -3.124 -1 -3.38 -1 216
-3.252 -1 -2.892 -1 -3.014 -1 -3.356 -2 125
-3.185 -1 -2.9 -1 -3.256 -1 -3.442 -1 344
-3.349 -1 -3.042 -1 -3.26 -1 -3.468 -1 292
-3.364 -1 -3.028 -1 -3.096 -1 -3.384 -1 78
-3.24 -1 -2.944 -1 -3.156 -1 -3.41 -1 294
-3.283 -1 -3.01 -1 -3.106 -1 -3.324 -1 87
-3.215 -1 -2.912 -1 -2.988 -1 -3.232 -1 110
-3.11 -1 -2.876 -1 -3.204 -1 -3.424 -1 277
-3.314 -1 -2.974 -1 -3.186 -1 -3.358 -1 300
-3.272 -1 -2.986 -1 -3.128 -1 -3.36 -1 226
-3.244 -1 -2.958 -1 -3.06 -1 -3.35 -1 130
-3.205 -1 -2.94 -1 -3.194 -1 -3.396 -1 288
-3.295 -1 -2.938 -1 -2.956 -1 -3.338 -1 9
-3.147 -1 -2.854 -1 -2.88 -1 -3.172 -1 27
-3.026 -1 -2.798 -1 -2.926 -1 -3.342 -1 94
-3.134 -1 -2.828 -1 -3.024 -1 -3.324 -1 190
-3.174 -1 -2.862 -1 -3.204 -1 -3.466 -1 307
-3.335 -1 -3.04 -1 -3.27 -1 -3.506 -2 225
-3.388 -1 -3.082 -1 -3.336 -1 -3.518 -1 283
-3.427 -1 -3.12 -1 -3.262 -1 -3.432 -1 271
-3.347 -1 -2.998 -1 -3.266 -1 -3.44 -1 262
-3.353 -1 -3.034 -1 -3.074 -1 -3.298 -1 43
-3.186 -1 -2.852 -1 -2.88 -1 -3.272 -1 26
-3.076 -1 -2.792 -1 -2.892 -1 -3.174 -1 90
-3.033 -1 -2.808 -1 -2.844 -1 -3.238 -1 24
-3.041 -1 -2.786 -1 -2.944 -1 -3.28 -1 157
-3.112 -1 -2.788 -1 -2.958 -1 -3.348 -1 176
-3.153 -1 -2.818 -1 -3.014 -1 -3.356 -1 157
-3.185 -1 -2.904 -1 -2.976 -1 -3.31 -1 69
-3.143 -1 -2.832 -1 -3.044 -1 -3.328 -1 224
-3.186 -1 -2.904 -1 -3.128 -1 -3.368 -2 237
-3.248 -1 -2.96 -1 -3.196 -2 -3.396 -1 325
-3.296 -1 -2.956 -1 -3.072 -2 -3.336 -2 103
-3.204 -2 -2.934 -2 -3.008 -2 -3.244 -1 55
-3.126 -1 -2.868 -1 -3.044 -1 -3.308 -1 171
-3.176 -1 -2.892 -1 -3.114 -1 -3.334 -2 321
-3.224 -1 -2.892 -1 -3.18 -1 -3.47 -1 338
-3.325 -1 -2.996 -1 -3.176 -1 -3.322 -1 270
-3.249 -1 -2.942 -1 -2.958 -1 -3.22 -1 12
-3.089 -1 -2.826 -1 -2.92 -1 -3.296 -1 87
-3.108 -1 -2.826 -1 -2.882 -1 -3.252 -1 55
-3.067 -1 -2.8 -1 -2.97 -1 -3.308 -1 159
-3.139 -1 -2.824 -1 -3.038 -1 -3.246 -1 176
-3.142 -1 -2.848 -1 -3.192 -1 -3.456 -1 302
-3.324 -1 -3.034 -1 -3.11 -1 -3.322 -1 78
-3.216 -1 -2.922 -1 -3.024 -1 -3.32 -2 100
-3.172 -1 -2.894 -1 -2.964 -1 -3.286 -1 78
-3.125 -1 -2.824 -1 -3.086 -1 -3.322 -2 237
-3.204 -1 -2.878 -1 -2.964 -1 -3.272 -1 58
-3.118 -1 -2.816 -1 -3.066 -1 -3.358 -2 284
-3.212 -1 -2.93 -1 -2.998 -1 -3.348 -1 57
-3.173 -1 -2.856 -1 -2.884 -1 -3.226 -1 23
-3.055 -1 -2.814 -1 -3.078 -1 -3.356 -1 212
-3.217 -1 -2.946 -1 -3.244 -1 -3.412 -1 344
-3.328 -1 -3.028 -1 -3.174 -1 -3.372 -1 170
-3.273 -1 -2.958 -1 -3.2 -2 -3.382 -1 347
-3.291 -1 -2.972 -1 -3.23 -1 -3.472 -1 283
-3.351 -1 -3.028 -1 -3.11 -1 -3.36 -1 65
-3.235 -1 -2.916 -1 -2.938 -1 -3.294 -2 18
-3.116 -1 -2.856 -1 -2.908 -1 -3.294 -1 62
-3.101 -1 -2.802 -1 -3.158 -1 -3.368 -1 301
-3.263 -1 -2.956 -1 -3.096 -1 -3.408 -1 205
-3.252 -1 -2.92 -1 -2.954 -1 -3.26 -1 27
-3.107 -1 -2.778 -1 -2.836 -1 -3.136 -1 31
-2.986 -1 -2.678 -1 -2.788 -1 -3.148 -1 73
-2.968 -1 -2.686 -1 -2.738 -1 -3.184 -2 47
-2.961 -1 -2.732 -1 -3.01 -1 -3.282 -1 211
-3.146 -1 -2.802 -1 -2.844 -1 -3.198 -1 45
-3.021 -1 -2.758 -1 -2.952 -1 -3.194 -1 176
-3.073 -1 -2.782 -1 -2.912 -1 -3.164 -1 131
-3.038 -1 -2.716 -1 -2.824 -1 -3.166 -1 79
-2.995 -1 -2.676 -1 -2.978 -1 -3.326 -1 283
-3.152 -1 -2.82 -1 -2.95 -1 -3.24 -1 110
-3.095 -1 -2.812 -1 -2.872 -1 -3.236 -1 48
-3.054 -1 -2.762 -1 -2.994 -1 -3.302 -1 238
-3.148 -1 -2.846 -1 -3.038 -1 -3.32 -1 175
-3.179 -1 -2.884 -1 -3.126 -1 -3.308 -1 293
-3.217 -1 -2.868 -1 -3.09 -1 -3.388 -1 247
-3.239 -1 -2.886 -1 -3.036 -1 -3.35 -1 153
-3.193 -1 -2.842 -1 -2.964 -1 -3.32 -1 137
-3.142 -1 -2.858 -1 -3.02 -1 -3.338 -1 205
-3.179 -1 -2.82 -1 -3.058 -1 -3.326 -1 286
-3.192 -1 -2.894 -1 -3.142 -1 -3.424 -1 271
-3.283 -1 -2.974 -1 -3.226 -1 -3.45 -1 333
-3.338 -1 -3.006 -1 -3.054 -1 -3.362 -1 71
-3.208 -1 -2.896 -1 -3.104 -1 -3.384 -1 209
-3.244 -1 -2.92 -1 -3.042 -1 -3.296 -1 181
-3.169 -1 -2.838 -1 -2.958 -1 -3.28 -1 107
-3.119 -1 -2.82 -1 -2.962 -1 -3.304 -1 123
-3.133 -1 -2.83 -1 -3.048 -1 -3.396 -1 237
-3.222 -1 -2.906 -1 -2.928 -1 -3.222 -1 23
-3.075 -1 -2.798 -1 -3.062 -1 -3.396 -1 239
-3.229 -1 -2.914 -1 -3.072 -1 -3.308 -1 150
-3.19 -1 -2.824 -1 -2.996 -1 -3.304 -1 166
-3.15 -1 -2.848 -1 -3.002 -1 -3.28 -1 108
-3.141 -1 -2.842 -1 -2.964 -1 -3.322 -1 102
-3.143 -1 -2.812 -1 -3.14 -1 -3.362 -1 332
-3.251 -1 -2.924 -1 -3.03 -1 -3.302 -1 123
-3.166 -1 -2.836 -1 -2.928 -1 -3.254 -1 83
-3.091 -1 -2.792 -1 -3.004 -1 -3.294 -1 222
-3.149 -1 -2.776 -1 -3.088 -1 -3.312 -1 253
-3.2 -1 -2.858 -1 -3.016 -1 -3.316 -1 137
-3.166 -1 -2.82 -1 -3.124 -1 -3.376 -1 249
-3.25 -1 -2.904 -1 -3.072 -1 -3.364 -1 224
-3.218 -1 -2.9 -1 -3.098 -1 -3.358 -1 213
-3.228 -1 -2.9 -1 -3.004 -1 -3.274 -1 126
-3.139 -1 -2.798 -1 -2.864 -1 -3.18 -1 72
-3.022 -1 -2.766 -1 -2.968 -1 -3.284 -1 201
-3.126 -1 -2.77 -1 -2.93 -1 -3.316 -1 148
-3.123 -1 -2.86 -1 -2.874 -1 -3.208 -1 11
-3.041 -1 -2.776 -1 -2.986 -1 -3.24 -1 217
-3.113 -1 -2.806 -1 -2.872 -1 -3.218 -1 67
-3.045 -1 -2.748 -1 -2.99 -1 -3.292 -1 184
-3.141 -1 -2.808 -1 -3.09 -1 -3.32 -1 254
-3.205 -1 -2.89 -1 -3.174 -1 -3.39 -1 293
-3.282 -1 -2.974 -1 -3.01 -1 -3.28 -1 26
-3.145 -1 -2.796 -1 -3.012 -1 -3.32 -1 271
-3.166 -1 -2.882 -1 -3.104 -1 -3.356 -2 249
-3.23 -1 -2.926 -1 -3.114 -1 -3.33 -1 271
-3.222 -1 -2.928 -1 -3.194 -1 -3.432 -2 326
-3.313 -1 -2.982 -1 -3.162 -1 -3.376 -1 162
-3.269 -1 -2.944 -1 -3.09 -1 -3.37 -1 172
-3.23 -1 -2.934 -1 -3.166 -1 -3.402 -1 309
-3.284 -1 -2.99 -1 -3.022 -1 -3.328 -1 28
-3.175 -1 -2.86 -1 -2.926 -1 -3.252 -1 72
-3.089 -1 -2.766 -1 -3.036 -1 -3.31 -1 256
-3.173 -1 -2.844 -1 -3.092 -1 -3.368 -1 215
-3.23 -1 -2.842 -1 -3.138 -1 -3.362 -1 267
-3.25 -1 -2.944 -1 -3.248 -1 -3.492 -1 306
-3.37 -1 -3.064 -1 -3.17 -1 -3.466 -1 125
-3.318 -1 -2.964 -1 -3.026 -1 -3.33 -1 68
-3.178 -1 -2.918 -1 -3.002 -1 -3.274 -1 113
-3.138 -1 -2.816 -1 -2.992 -1 -3.27 -1 173
-3.131 -1 -2.83 -1 -3.108 -1 -3.352 -2 243
-3.23 -1 -2.97 -1 -3.014 -1 -3.3 -1 56
-3.157 -1 -2.904 -1 -3.148 -1 -3.37 -1 267
-3.259 -1 -2.976 -1 -3.098 -1 -3.366 -1 140
-3.232 -1 -2.91 -1 -2.996 -1 -3.302 -2 103
-3.149 -1 -2.858 -1 -3.07 -1 -3.366 -2 185
-3.218 -1 -2.91 -1 -3.066 -1 -3.298 -1 161
-3.182 -1 -2.866 -1 -2.884 -1 -3.29 -1 17
-3.087 -1 -2.788 -1 -2.846 -1 -3.272 -1 75
-3.059 -1 -2.79 -1 -2.85 -1 -3.182 -1 49
-3.016 -1 -2.734 -1 -2.954 -1 -3.17 -1 216
-3.062 -1 -2.758 -1 -2.802 -1 -3.248 -1 40
-3.025 -1 -2.72 -1 -2.826 -1 -3.23 -1 95
-3.028 -1 -2.718 -1 -3.05 -1 -3.286 -1 323
-3.168 -1 -2.864 -1 -3 -1 -3.318 -1 132
-3.159 -1 -2.87 -1 -3.006 -1 -3.32 -1 117
-3.163 -1 -2.892 -1 -3.088 -1 -3.316 -1 203
-3.202 -1 -2.852 -1 -3.094 -1 -3.39 -1 291
-3.242 -1 -2.91 -1 -2.94 -1 -3.252 -1 50
-3.096 -1 -2.77 -1 -3.002 -1 -3.306 -1 208
-3.154 -1 -2.876 -1 -3.136 -1 -3.374 -1 246
-3.255 -1 -2.944 -1 -3.174 -1 -3.312 -1 195
-3.243 -1 -2.912 -1 -3.07 -1 -3.302 -1 145
-3.186 -1 -2.836 -1 -3.15 -1 -3.298 -1 296
-3.224 -1 -2.888 -1 -2.982 -1 -3.244 -1 106
-3.113 -1 -2.814 -1 -2.918 -1 -3.244 -1 93
-3.081 -1 -2.768 -1 -2.81 -1 -3.252 -1 36
-3.031 -1 -2.756 -1 -3.002 -1 -3.316 -1 255
-3.159 -1 -2.858 -1 -2.864 -1 -3.24 -1 11
-3.052 -1 -2.764 -1 -2.798 -1 -3.242 -1 29
-3.02 -1 -2.792 -1 -2.964 -1 -3.242 -1 156
-3.103 -1 -2.802 -1 -3.016 -1 -3.316 -1 183
-3.166 -1 -2.85 -1 -2.88 -1 -3.214 -1 18
-3.047 -1 -2.732 -1 -2.738 -1 -3.202 -1 3
-2.97 -1 -2.646 -1 -2.98 -1 -3.33 -1 321
-3.155 -1 -2.854 -1 -2.962 -1 -3.256 -1 115
-3.109 -1 -2.776 -1 -3.132 -1 -3.412 -2 301
-3.272 -1 -2.94 -1 -3.132 -1 -3.374 -1 286
-3.253 -1 -2.936 -1 -3.07 -1 -3.39 -2 160
-3.23 -1 -2.88 -1 -3.024 -1 -3.31 -1 184
-3.167 -1 -2.9 -1 -2.978 -1 -3.324 -1 120
-3.151 -1 -2.872 -1 -3.064 -1 -3.358 -1 285
-3.211 -1 -2.9 -1 -3.166 -1 -3.422 -1 319
-3.294 -1 -3.028 -1 -3.214 -1 -3.428 -2 236
-3.321 -1 -2.978 -1 -3.1 -1 -3.316 -1 122
-3.208 -1 -2.85 -1 -2.922 -1 -3.332 -2 46
-3.127 -1 -2.836 -1 -2.896 -1 -3.222 -1 62
-3.059 -1 -2.768 -1 -3.12 -1 -3.376 -1 321
-3.248 -1 -2.94 -1 -3.118 -1 -3.332 -1 238
-3.225 -1 -2.902 -1 -3.136 -1 -3.368 -1 246
-3.252 -1 -2.89 -1 -3.18 -1 -3.426 -1 334
-3.303 -1 -3.03 -1 -3.262 -1 -3.51 -1 271
-3.386 -1 -3.102 -1 -3.2 -1 -3.442 -1 123
-3.321 -1 -2.99 -1 -3.25 -1 -3.456 -1 307
-3.353 -1 -3.062 -1 -3.128 -1 -3.466 -1 85
-3.297 -1 -2.984 -1 -3.178 -1 -3.452 -1 173
-3.315 -1 -2.984 -1 -3 -1 -3.31 -1 14
-3.155 -1 -2.818 -1 -3.132 -1 -3.35 -1 333
-3.241 -1 -2.876 -1 -2.936 -1 -3.29 -1 84
-3.113 -1 -2.776 -1 -2.876 -1 -3.188 -1 81
-3.032 -1 -2.76 -1 -2.86 -1 -3.184 -1 138
-3.022 -1 -2.752 -1 -2.94 -1 -3.304 -1 195
-3.122 -1 -2.826 -1 -3.146 -1 -3.386 -1 297
-3.266 -1 -2.948 -1 -3.126 -1 -3.4 -1 173
-3.263 -1 -2.986 -1 -3.158 -1 -3.44 -2 188
-3.299 -1 -2.972 -1 -3.18 -1 -3.464 -1 241
-3.322 -1 -3 -1 -3.188 -1 -3.398 -1 332
-3.293 -1 -2.95 -1 -3.04 -1 -3.316 -2 94
-3.178 -1 -2.86 -1 -2.968 -1 -3.278 -1 151
-3.123 -1 -2.854 -1 -2.852 -1 -3.182 -1 5
-3.017 -1 -2.762 -1 -3.1 -1 -3.27 -1 296
-3.185 -1 -2.906 -1 -3.21 -1 -3.458 -1 232
-3.334 -1 -3.026 -1 -3.13 -1 -3.35 -2 103
-3.24 -1 -2.914 -1 -3.066 -1 -3.314 -1 173
-3.19 -1 -2.902 -1 -3.066 -1 -3.336 -1 203
-3.201 -1 -2.902 -1 -2.944 -1 -3.284 -1 22
-3.114 -1 -2.798 -1 -3.106 -1 -3.338 -1 267
-3.222 -1 -2.968 -1 -2.974 -1 -3.31 -1 9
-3.142 -1 -2.862 -1 -3.05 -1 -3.342 -1 145
-3.196 -1 -2.858 -1 -2.896 -1 -3.33 -1 44
-3.113 -1 -2.806 -1 -3.01 -1 -3.31 -1 191
-3.16 -1 -2.914 -1 -2.994 -1 -3.328 -1 105
-3.161 -1 -2.848 -1 -3.146 -1 -3.37 -2 312
-3.258 -1 -2.908 -1 -3.21 -1 -3.43 -1 334
-3.32 -1 -2.954 -1 -3.052 -1 -3.32 -1 118
-3.186 -1 -2.88 -1 -2.988 -1 -3.356 -1 93
-3.172 -1 -2.898 -1 -3.048 -1 -3.362 -1 170
-3.205 -1 -2.868 -1 -3.144 -1 -3.418 -1 319
-3.281 -1 -2.98 -1 -3.046 -1 -3.322 -1 87
-3.184 -1 -2.82 -1 -3.15 -1 -3.406 -1 326
-3.278 -1 -2.976 -1 -3.014 -1 -3.284 -1 74
-3.149 -1 -2.872 -1 -2.876 -1 -3.268 -1 5
-3.072 -1 -2.798 -1 -3.164 -1 -3.438 -1 332
-3.301 -1 -2.976 -1 -3.034 -1 -3.358 -2 56
-3.196 -1 -2.912 -1 -3.18 -1 -3.424 -1 242
-3.302 -1 -2.99 -1 -3.274 -1 -3.47 -1 325
-3.372 -1 -3.068 -1 -3.202 -1 -3.492 -2 132
-3.347 -1 -3.058 -1 -3.078 -1 -3.42 -1 22
-3.249 -1 -2.958 -1 -3.066 -1 -3.332 -2 95
-3.199 -1 -2.916 -1 -3.038 -1 -3.366 -1 150
-3.202 -1 -2.92 -1 -2.934 -1 -3.232 -1 28
-3.083 -1 -2.82 -1 -2.896 -1 -3.218 -1 61
-3.057 -1 -2.744 -1 -2.78 -1 -3.154 -1 31
-2.967 -1 -2.668 -1 -3.034 -1 -3.308 -1 340
-3.171 -1 -2.874 -1 -3.174 -1 -3.456 -2 283
-3.315 -1 -3.03 -1 -3.102 -1 -3.344 -1 78
-3.223 -1 -2.97 -1 -3.208 -1 -3.416 -1 276
-3.312 -1 -2.956 -1 -3.148 -1 -3.364 -1 227
-3.256 -1 -2.948 -1 -3.034 -1 -3.298 -1 73
-3.166 -1 -2.874 -1 -2.944 -1 -3.35 -1 46
-3.147 -1 -2.834 -1 -3.058 -1 -3.316 -1 150
-3.187 -1 -2.914 -1 -2.964 -1 -3.318 -1 66
-3.141 -1 -2.87 -1 -3.148 -1 -3.326 -1 335
-3.237 -1 -2.91 -1 -3.066 -1 -3.392 -1 192
-3.229 -1 -2.916 -1 -3.062 -1 -3.312 -1 140
-3.187 -1 -2.874 -1 -3.038 -1 -3.364 -2 168
-3.201 -1 -2.862 -1 -2.964 -1 -3.26 -1 102
-3.112 -1 -2.786 -1 -3.07 -1 -3.304 -1 290
-3.187 -1 -2.894 -1 -2.998 -1 -3.222 -1 75
-3.11 -1 -2.808 -1 -2.87 -1 -3.23 -1 63
-3.05 -1 -2.786 -1 -2.998 -1 -3.32 -1 205
-3.159 -1 -2.84 -1 -3.086 -1 -3.334 -1 236
-3.21 -1 -2.902 -1 -3.022 -1 -3.218 -1 111
-3.12 -1 -2.766 -1 -2.91 -1 -3.242 -1 117
-3.076 -1 -2.792 -1 -2.818 -1 -3.136 -1 19
-2.977 -1 -2.666 -1 -2.79 -1 -3.148 -1 92
-2.969 -1 -2.638 -1 -3.03 -1 -3.3 -2 331
-3.165 -1 -2.83 -1 -3.12 -1 -3.366 -1 295
-3.243 -1 -2.904 -1 -3.012 -1 -3.302 -1 115
-3.157 -1 -2.872 -1 -3.062 -1 -3.312 -1 154
-3.187 -1 -2.928 -1 -3.024 -1 -3.346 -1 127
-3.185 -1 -2.862 -1 -3.032 -1 -3.236 -1 218
-3.134 -1 -2.81 -1 -2.866 -1 -3.258 -1 40
-3.062 -1 -2.734 -1 -3.106 -1 -3.322 -1 256
-3.214 -1 -2.872 -1 -3.122 -1 -3.352 -1 296
-3.237 -1 -2.982 -1 -3 -1 -3.362 -1 41
-3.181 -1 -2.888 -1 -2.992 -1 -3.34 -1 130
-3.166 -1 -2.914 -1 -3.12 -1 -3.34 -1 270
-3.23 -1 -2.906 -1 -3.082 -1 -3.368 -1 179
-3.225 -1 -2.918 -1 -3.166 -1 -3.42 -1 285
-3.293 -1 -2.912 -1 -2.928 -1 -3.284 -1 26
-3.106 -1 -2.834 -1 -2.872 -1 -3.28 -1 53
-3.076 -1 -2.794 -1 -3.054 -1 -3.308 -1 203
-3.181 -1 -2.858 -1 -2.964 -1 -3.222 -1 87
-3.093 -1 -2.752 -1 -2.916 -1 -3.262 -1 147
-3.089 -1 -2.796 -1 -3.044 -1 -3.322 -1 248
-3.183 -1 -2.872 -1 -3.06 -1 -3.294 -1 185
-3.177 -1 -2.852 -1 -3.162 -1 -3.466 -1 338
-3.314 -1 -2.964 -1 -3.196 -1 -3.412 -1 306
-3.304 -1 -3.016 -1 -3.28 -1 -3.404 -1 348
-3.342 -1 -3.004 -1 -3.268 -1 -3.442 -2 332
-3.355 -1 -3.002 -1 -3.224 -1 -3.414 -1 211
-3.319 -1 -3.012 -1 -3.1 -1 -3.394 -1 102
-3.247 -1 -2.976 -1 -3.132 -1 -3.378 -1 177
-3.255 -1 -2.93 -1 -3.162 -1 -3.43 -1 230
-3.296 -1 -3.064 -1 -3.156 -1 -3.39 -1 111
-3.273 -1 -2.968 -1 -3.096 -1 -3.372 -1 194
-3.234 -1 -2.926 -1 -3.154 -1 -3.306 -1 232
-3.23 -1 -2.926 -1 -2.962 -1 -3.282 -1 32
-3.122 -1 -2.798 -1 -2.908 -1 -3.232 -1 96
-3.07 -1 -2.768 -1 -3.056 -1 -3.362 -1 282
-3.209 -1 -2.856 -1 -2.894 -1 -3.246 -1 27
-3.07 -1 -2.75 -1 -3.092 -1 -3.414 -1 303
-3.253 -1 -2.92 -1 -2.988 -1 -3.35 -1 70
-3.169 -1 -2.84 -1 -2.892 -1 -3.224 -1 50
-3.058 -1 -2.758 -1 -2.964 -1 -3.306 -1 201
-3.135 -1 -2.828 -1 -2.832 -1 -3.218 -1 4
-3.025 -1 -2.73 -1 -2.864 -1 -3.226 -1 114
-3.045 -1 -2.754 -1 -3.122 -1 -3.41 -1 305
-3.266 -1 -2.904 -1 -3.046 -1 -3.358 -1 150
-3.202 -1 -2.89 -1 -3.044 -1 -3.324 -1 136
-3.184 -1 -2.83 -1 -2.958 -1 -3.29 -1 127
-3.124 -1 -2.824 -1 -2.956 -1 -3.34 -1 108
-3.148 -1 -2.82 -1 -2.984 -1 -3.278 -1 175
-3.131 -1 -2.83 -1 -3.102 -1 -3.382 -1 287
-3.242 -1 -2.926 -1 -3.248 -1 -3.484 -1 340
-3.366 -1 -3.048 -1 -3.088 -1 -3.394 -1 53
-3.241 -1 -2.926 -1 -3.076 -1 -3.41 -1 134
-3.243 -1 -2.948 -1 -3.016 -1 -3.328 -2 75
-3.172 -1 -2.844 -1 -3.094 -1 -3.37 -1 268
-3.232 -1 -2.96 -1 -3.028 -1 -3.35 -1 89
-3.189 -1 -2.948 -1 -3.148 -1 -3.384 -1 221
-3.266 -1 -2.966 -1 -2.988 -1 -3.336 -1 32
-3.162 -1 -2.862 -1 -3.166 -1 -3.454 -1 311
-3.31 -1 -3.02 -1 -3.272 -1 -3.422 -1 282
-3.347 -1 -3.042 -1 -3.218 -1 -3.438 -1 175
-3.328 -1 -3 -1 -3.118 -1 -3.308 -1 163
-3.213 -1 -2.904 -1 -2.932 -1 -3.31 -1 27
-3.121 -1 -2.842 -1 -3.062 -1 -3.302 -1 257
-3.182 -1 -2.852 -1 -3.058 -1 -3.304 -1 225
-3.181 -1 -2.836 -1 -3.056 -1 -3.34 -1 198
-3.198 -1 -2.856 -1 -3.16 -1 -3.39 -1 341
-3.275 -1 -2.992 -1 -3.126 -1 -3.342 -2 180
-3.234 -1 -2.972 -1 -3.06 -1 -3.37 -2 95
-3.215 -1 -2.956 -1 -3.066 -1 -3.344 -2 145
-3.205 -1 -2.888 -1 -3.186 -1 -3.378 -1 314
-3.282 -1 -3.004 -1 -3.072 -1 -3.3 -1 42
-3.186 -1 -2.906 -1 -2.976 -1 -3.264 -1 67
-3.12 -1 -2.83 -1 -3.002 -1 -3.324 -1 127
-3.163 -1 -2.838 -1 -2.838 -1 -3.196 -2 1
-3.017 -1 -2.746 -1 -3.092 -1 -3.324 -1 344
-3.208 -1 -2.91 -1 -3.158 -1 -3.408 -1 345
-3.283 -1 -2.928 -1 -3.126 -1 -3.326 -1 299
-3.226 -1 -2.882 -1 -2.94 -1 -3.228 -1 27
-3.084 -1 -2.766 -1 -2.976 -1 -3.334 -1 183
-3.155 -1 -2.86 -1 -2.86 -1 -3.302 -1 6
-3.081 -1 -2.778 -1 -2.968 -1 -3.24 -1 147
-3.104 -1 -2.818 -1 -3.042 -1 -3.302 -1 187
-3.172 -1 -2.824 -1 -2.95 -1 -3.218 -1 155
-3.084 -1 -2.758 -1 -2.934 -1 -3.25 -1 178
-3.092 -1 -2.794 -1 -2.928 -1 -3.332 -1 104
-3.13 -1 -2.856 -1 -3.036 -1 -3.284 -1 239
-3.16 -1 -2.894 -1 -2.99 -1 -3.314 -1 83
-3.152 -1 -2.87 -1 -2.95 -1 -3.176 -1 114
-3.063 -1 -2.736 -1 -2.878 -1 -3.214 -1 162
-3.046 -1 -2.77 -1 -2.994 -1 -3.236 -1 199
-3.115 -1 -2.818 -1 -2.864 -1 -3.196 -1 34
-3.03 -1 -2.794 -1 -2.904 -1 -3.21 -1 103
-3.057 -1 -2.728 -1 -2.996 -1 -3.306 -1 242
-3.151 -1 -2.83 -1 -2.862 -1 -3.184 -1 44
-3.023 -1 -2.776 -1 -3.062 -1 -3.274 -1 208
-3.168 -1 -2.842 -1 -3.114 -1 -3.318 -1 292
-3.216 -1 -2.95 -1 -3.174 -1 -3.466 -2 258
-3.32 -1 -3.02 -1 -3.098 -1 -3.38 -1 54
-3.239 -1 -2.914 -1 -2.936 -1 -3.282 -1 36
-3.109 -1 -2.818 -1 -3.044 -1 -3.358 -1 221
-3.201 -1 -2.838 -1 -3.134 -1 -3.374 -1 334
-3.254 -1 -2.944 -1 -3.076 -1 -3.34 -2 128
-3.208 -1 -2.89 -1 -3.042 -1 -3.33 -1 133
-3.186 -1 -2.912 -1 -3.062 -1 -3.32 -1 129
-3.191 -1 -2.882 -1 -3.032 -1 -3.394 -2 136
-3.213 -1 -2.914 -1 -2.97 -1 -3.278 -1 59
-3.124 -1 -2.838 -1 -3.154 -1 -3.382 -1 346
-3.268 -1 -2.914 -1 -3.26 -1 -3.452 -1 320
-3.356 -1 -3.036 -1 -3.168 -1 -3.47 -1 140
-3.319 -1 -3.016 -1 -3.022 -1 -3.37 -1 5
-3.196 -1 -2.856 -1 -2.916 -1 -3.228 -1 54
-3.072 -1 -2.772 -1 -2.924 -1 -3.242 -1 81
-3.083 -1 -2.826 -1 -2.84 -1 -3.202 -1 8
-3.021 -1 -2.764 -1 -2.982 -1 -3.246 -1 183
-3.114 -1 -2.816 -1 -3.004 -1 -3.312 -1 163
-3.158 -1 -2.83 -1 -2.992 -1 -3.31 -1 125
-3.151 -1 -2.86 -1 -2.882 -1 -3.302 -1 36
-3.092 -1 -2.808 -1 -3.196 -1 -3.368 -1 347
-3.282 -1 -2.96 -1 -3.04 -1 -3.358 -1 117
-3.199 -1 -2.88 -1 -3.13 -1 -3.356 -1 279
-3.243 -1 -2.91 -1 -2.93 -1 -3.264 -1 18
-3.097 -1 -2.79 -1 -2.962 -1 -3.39 -1 165
-3.176 -1 -2.814 -1 -3.14 -1 -3.438 -2 335
-3.289 -1 -3.022 -1 -3.074 -1 -3.296 -1 55
-3.185 -1 -2.88 -1 -3.066 -1 -3.368 -2 216
-3.217 -1 -2.912 -1 -3.028 -1 -3.394 -1 128
-3.211 -1 -2.888 -1 -2.982 -1 -3.27 -1 91
-3.126 -1 -2.87 -1 -3.14 -1 -3.398 -1 218
-3.269 -1 -2.954 -1 -3.268 -1 -3.444 -1 349
-3.356 -1 -3.028 -1 -3.132 -1 -3.35 -1 141
-3.241 -1 -2.928 -1 -3.082 -1 -3.384 -1 185
-3.233 -1 -2.962 -1 -3.176 -1 -3.45 -1 218
-3.313 -1 -2.948 -1 -3.074 -1 -3.296 -1 126
-3.185 -1 -2.928 -1 -3.03 -1 -3.294 -1 122
-3.162 -1 -2.932 -1 -3.22 -1 -3.468 -1 325
-3.344 -1 -3.032 -1 -3.204 -1 -3.398 -1 322
-3.301 -1 -2.98 -1 -3.034 -1 -3.344 -1 64
-3.189 -1 -2.898 -1 -3.068 -1 -3.32 -1 169
-3.194 -1 -2.908 -1 -3.116 -1 -3.36 -1 228
-3.238 -1 -2.888 -1 -3.028 -1 -3.348 -1 188
-3.188 -1 -2.904 -1 -3.112 -1 -3.416 -1 262
-3.264 -1 -2.946 -1 -3.096 -1 -3.338 -1 172
-3.217 -1 -2.96 -1 -2.96 -1 -3.214 -1 2
-3.087 -1 -2.804 -1 -2.904 -1 -3.334 -1 103
-3.119 -1 -2.788 -1 -2.828 -1 -3.184 -1 28
-3.006 -1 -2.73 -1 -2.824 -1 -3.226 -1 97
-3.025 -1 -2.722 -1 -2.734 -1 -3.1 -1 9
-2.917 -1 -2.658 -1 -2.734 -1 -3.16 -1 56
-2.947 -1 -2.66 -1 -2.998 -1 -3.342 -1 244
-3.17 -1 -2.852 -1 -2.982 -1 -3.29 -1 132
-3.136 -1 -2.844 -1 -3.014 -1 -3.36 -1 181
-3.187 -1 -2.89 -1 -3.148 -1 -3.424 -2 287
-3.286 -1 -3.018 -1 -3.048 -1 -3.406 -1 43
-3.227 -1 -2.928 -1 -2.948 -1 -3.266 -1 21
-3.107 -1 -2.83 -1 -3.058 -1 -3.352 -1 244
-3.205 -1 -2.89 -1 -3.178 -1 -3.366 -1 282
-3.272 -1 -2.962 -1 -3.104 -1 -3.442 -1 173
-3.273 -1 -2.94 -1 -3.128 -1 -3.408 -1 218
-3.268 -1 -2.94 -1 -3.116 -1 -3.36 -1 186
-3.238 -1 -2.922 -1 -3.186 -1 -3.51 -1 318
-3.348 -1 -3.002 -1 -3.208 -1 -3.406 -1 312
-3.307 -1 -2.982 -1 -3.228 -1 -3.442 -2 248
-3.335 -1 -3.032 -1 -3.082 -1 -3.404 -2 55
-3.243 -1 -2.934 -1 -3.148 -1 -3.408 -1 270
-3.278 -1 -2.946 -1 -3.194 -1 -3.42 -1 261
-3.307 -1 -2.986 -1 -3.24 -1 -3.404 -1 309
-3.322 -1 -3.032 -1 -3.244 -1 -3.484 -1 209
-3.364 -1 -3.076 -1 -3.128 -1 -3.374 -1 95
-3.251 -1 -2.938 -1 -3.078 -1 -3.448 -1 160
-3.263 -1 -3.018 -1 -3.242 -1 -3.406 -1 293
-3.324 -1 -3.042 -1 -3.124 -1 -3.336 -1 84
-3.23 -1 -2.942 -1 -3.236 -1 -3.42 -1 335
-3.328 -1 -3.054 -1 -3.096 -1 -3.354 -1 55
-3.225 -1 -2.896 -1 -2.924 -1 -3.306 -1 29
-3.115 -1 -2.838 -1 -3.064 -1 -3.368 -1 288
-3.216 -1 -2.934 -1 -3.176 -1 -3.41 -1 273
-3.293 -1 -3.014 -1 -3.17 -1 -3.388 -1 204
-3.279 -1 -2.946 -1 -3.124 -1 -3.398 -1 151
-3.261 -1 -2.94 -1 -3.07 -1 -3.28 -1 163
-3.175 -1 -2.872 -1 -3.05 -1 -3.382 -1 206
-3.216 -1 -2.926 -1 -3.18 -1 -3.42 -1 346
-3.3 -1 -2.95 -1 -2.98 -1 -3.382 -1 40
-3.181 -1 -2.898 -1 -3.06 -1 -3.39 -1 182
-3.225 -1 -2.91 -1 -3.17 -1 -3.376 -2 326
-3.273 -1 -2.944 -1 -3.122 -1 -3.376 -1 191
-3.249 -1 -2.922 -1 -3.154 -1 -3.362 -1 229
-3.258 -1 -2.93 -1 -3.18 -1 -3.416 -1 254
-3.298 -1 -2.936 -1 -3.048 -1 -3.358 -1 138
-3.203 -1 -2.86 -1 -2.968 -1 -3.27 -1 108
-3.119 -1 -2.834 -1 -2.876 -1 -3.148 -1 59
-3.012 -1 -2.734 -1 -2.982 -1 -3.274 -1 235
-3.128 -1 -2.822 -1 -2.874 -1 -3.254 -1 43
-3.064 -1 -2.768 -1 -2.884 -1 -3.204 -1 121
-3.044 -1 -2.732 -1 -3.014 -1 -3.32 -1 269
-3.167 -1 -2.864 -1 -3.082 -1 -3.386 -1 270
-3.234 -1 -2.918 -1 -3.046 -1 -3.43 -1 134
-3.238 -1 -2.894 -1 -2.91 -1 -3.27 -1 13
-3.09 -1 -2.756 -1 -2.822 -1 -3.184 -1 93
-3.003 -1 -2.716 -1 -2.91 -1 -3.242 -1 194
-3.076 -1 -2.78 -1 -3.1 -1 -3.382 -1 285
-3.241 -1 -2.902 -1 -2.952 -1 -3.252 -1 32
-3.102 -1 -2.81 -1 -2.9 -1 -3.182 -1 68
-3.041 -1 -2.732 -1 -2.748 -1 -3.136 -1 22
-2.942 -1 -2.672 -1 -2.86 -1 -3.232 -2 145
-3.046 -1 -2.73 -1 -2.846 -1 -3.15 -1 96
-2.998 -1 -2.65 -1 -2.836 -1 -3.164 -1 147
-3 -1 -2.738 -1 -2.904 -1 -3.162 -1 121
-3.033 -1 -2.738 -1 -2.796 -1 -3.164 -1 72
-2.98 -1 -2.658 -1 -2.842 -1 -3.164 -1 168
-3.003 -1 -2.672 -1 -2.912 -1 -3.208 -1 204
-3.06 -1 -2.74 -1 -2.97 -1 -3.286 -1 174
-3.128 -1 -2.816 -1 -3.038 -1 -3.36 -1 205
-3.199 -1 -2.85 -1 -3.024 -1 -3.342 -1 174
-3.183 -1 -2.892 -1 -3.168 -1 -3.406 -2 304
-3.287 -1 -2.986 -1 -3.04 -1 -3.328 -1 44
-3.184 -1 -2.932 -1 -3.27 -1 -3.418 -2 305
-3.344 -1 -3.02 -1 -3.044 -1 -3.272 -1 24
-3.158 -1 -2.862 -1 -3.158 -1 -3.458 -1 303
-3.308 -1 -3.006 -1 -3.202 -1 -3.464 -1 258
-3.333 -1 -2.984 -1 -3.024 -1 -3.29 -1 42
-3.157 -1 -2.88 -1 -3.194 -1 -3.476 -2 286
-3.335 -1 -3.03 -1 -3.074 -1 -3.352 -1 77
-3.213 -1 -2.908 -1 -3.114 -1 -3.366 -1 205
-3.24 -1 -2.912 -1 -3.03 -1 -3.278 -1 131
-3.154 -1 -2.858 -1 -2.868 -1 -3.23 -1 12
-3.049 -1 -2.742 -1 -2.746 -1 -3.148 -1 4
-2.947 -1 -2.718 -1 -2.914 -1 -3.24 -2 175
-3.077 -1 -2.756 -1 -2.85 -1 -3.196 -1 83
-3.023 -1 -2.732 -1 -2.932 -1 -3.202 -2 208
-3.067 -1 -2.764 -1 -2.958 -1 -3.308 -1 205
-3.133 -1 -2.818 -1 -2.822 -1 -3.178 -1 10
-3 -1 -2.728 -1 -3.08 -1 -3.308 -1 335
-3.194 -1 -2.918 -1 -3.172 -1 -3.374 -1 315
-3.273 -1 -2.972 -1 -3.186 -1 -3.348 -1 236
-3.267 -1 -2.962 -1 -3.194 -1 -3.436 -1 260
-3.315 -1 -2.996 -1 -3.044 -1 -3.304 -1 69
-3.174 -1 -2.878 -1 -3.002 -1 -3.316 -1 107
-3.159 -1 -2.836 -1 -3.128 -1 -3.332 -1 277
-3.23 -1 -2.948 -1 -3.046 -1 -3.334 -1 154
-3.19 -1 -2.898 -1 -3.182 -1 -3.32 -1 270
-3.251 -1 -2.918 -1 -3.116 -1 -3.388 -1 254
-3.252 -1 -2.932 -1 -3.036 -1 -3.304 -1 84
-3.17 -1 -2.858 -1 -3.006 -1 -3.37 -1 165
-3.188 -1 -2.864 -1 -3.12 -1 -3.484 -1 234
-3.302 -1 -2.974 -1 -3.262 -1 -3.41 -1 315
-3.336 -1 -3.06 -1 -3.126 -1 -3.342 -1 79
-3.234 -1 -2.916 -1 -2.95 -1 -3.332 -1 43
-3.141 -1 -2.88 -1 -2.916 -1 -3.266 -1 23
-3.091 -1 -2.816 -1 -3.164 -1 -3.348 -1 337
-3.256 -1 -2.98 -1 -3.156 -1 -3.464 -1 189
-3.31 -1 -2.966 -1 -3.092 -1 -3.444 -1 183
-3.268 -1 -2.948 -1 -2.948 -1 -3.232 -1 0
-3.09 -1 -2.84 -1 -3.134 -1 -3.41 -1 281
-3.272 -1 -2.946 -1 -3.09 -1 -3.346 -1 151
-3.218 -1 -2.884 -1 -3.098 -1 -3.39 -2 227
-3.244 -1 -2.944 -1 -3.228 -1 -3.456 -1 334
-3.342 -1 -3.02 -1 -3.066 -1 -3.334 -1 88
-3.2 -1 -2.874 -1 -2.958 -1 -3.198 -1 95
-3.078 -1 -2.798 -1 -2.942 -1 -3.296 -1 107
-3.119 -1 -2.838 -1 -3.12 -1 -3.306 -2 252
-3.213 -1 -2.922 -1 -3.156 -1 -3.444 -2 310
-3.3 -1 -2.962 -1 -2.96 -1 -3.262 -1 3
-3.111 -1 -2.852 -1 -2.932 -1 -3.256 -1 93
-3.094 -1 -2.818 -1 -3.036 -1 -3.34 -1 268
-3.188 -1 -2.904 -1 -3.228 -1 -3.466 -1 294
-3.347 -1 -2.972 -1 -3.2 -1 -3.47 -1 327
-3.335 -1 -3.042 -1 -3.144 -1 -3.404 -1 84
-3.274 -1 -3 -1 -3.094 -1 -3.332 -1 128
-3.213 -1 -2.904 -1 -3.022 -1 -3.294 -1 116
-3.158 -1 -2.878 -1 -2.966 -1 -3.252 -1 75
-3.109 -1 -2.788 -1 -2.854 -1 -3.174 -1 52
-3.014 -1 -2.738 -1 -2.766 -1 -3.102 -1 38
-2.934 -1 -2.614 -1 -2.88 -1 -3.208 -1 225
-3.044 -1 -2.7 -1 -3.038 -1 -3.28 -1 259
-3.159 -1 -2.826 -1 -3.108 -1 -3.344 -1 258
-3.226 -1 -2.926 -1 -3.23 -1 -3.412 -1 325
-3.321 -1 -2.966 -1 -3.212 -1 -3.476 -1 343
-3.344 -1 -2.99 -1 -3.02 -1 -3.356 -1 29
-3.188 -1 -2.916 -1 -3.174 -1 -3.364 -1 292
-3.269 -1 -2.906 -1 -3.106 -1 -3.356 -1 220
-3.231 -1 -2.896 -1 -3.106 -1 -3.39 -1 278
-3.248 -1 -2.926 -1 -3.158 -1 -3.426 -1 349
-3.292 -1 -2.946 -1 -3.22 -1 -3.388 -2 265
-3.304 -1 -2.95 -1 -2.988 -1 -3.304 -2 37
-3.146 -1 -2.892 -1 -3.104 -1 -3.294 -1 252
-3.199 -1 -2.864 -1 -2.872 -1 -3.266 -1 6
-3.069 -1 -2.792 -1 -2.882 -1 -3.224 -1 75
-3.053 -1 -2.776 -1 -3.098 -1 -3.378 -1 274
-3.238 -1 -2.918 -1 -3.076 -1 -3.402 -1 221
-3.239 -1 -2.92 -1 -3.18 -1 -3.48 -1 314
-3.33 -1 -2.99 -1 -3.18 -1 -3.474 -1 256
-3.327 -1 -2.984 -1 -3.056 -1 -3.364 -2 103
-3.21 -1 -2.894 -1 -3.052 -1 -3.316 -1 160
-3.184 -1 -2.884 -1 -3.142 -1 -3.464 -1 274
-3.303 -1 -3.008 -1 -3.024 -1 -3.302 -1 30
-3.163 -1 -2.824 -1 -3.088 -1 -3.368 -2 188
-3.228 -1 -2.868 -1 -3.122 -1 -3.282 -1 199
-3.202 -1 -2.872 -1 -2.966 -1 -3.288 -1 143
-3.127 -1 -2.874 -1 -3.134 -1 -3.41 -1 301
-3.272 -1 -2.946 -1 -3.324 -1 -3.536 -1 339
-3.43 -1 -3.128 -1 -3.216 -1 -3.434 -1 103
-3.325 -1 -2.928 -1 -3.036 -1 -3.318 -1 107
-3.177 -1 -2.882 -1 -3.214 -1 -3.48 -2 344
-3.347 -1 -3.004 -1 -3.138 -1 -3.376 -1 156
-3.257 -1 -2.97 -1 -3.172 -1 -3.466 -1 282
-3.319 -1 -2.962 -1 -3.034 -1 -3.41 -1 56
-3.222 -1 -2.878 -1 -3.018 -1 -3.342 -1 128
-3.18 -1 -2.888 -1 -3.164 -1 -3.454 -1 271
-3.309 -1 -2.968 -1 -3.188 -1 -3.422 -1 328
-3.305 -1 -2.968 -1 -3.174 -1 -3.472 -1 256
-3.323 -1 -2.982 -1 -3.222 -1 -3.438 -1 197
-3.33 -1 -2.982 -1 -3.192 -1 -3.356 -1 251
-3.274 -1 -2.96 -1 -3.27 -1 -3.46 -1 248
-3.365 -1 -3.002 -1 -3.294 -1 -3.49 -2 280
-3.392 -1 -3.056 -1 -3.148 -1 -3.334 -1 140
-3.241 -1 -2.94 -1 -3.156 -1 -3.412 -1 264
-3.284 -1 -2.984 -1 -3.218 -1 -3.422 -1 304
-3.32 -1 -2.968 -1 -3.268 -1 -3.464 -2 340
-3.366 -1 -3.078 -1 -3.22 -1 -3.446 -1 181
-3.333 -1 -3.01 -1 -3.264 -1 -3.41 -1 327
-3.337 -1 -3.032 -1 -3.162 -1 -3.43 -1 184
-3.296 -1 -3.024 -1 -3.298 -1 -3.49 -1 295
-3.394 -1 -3.044 -1 -3.236 -1 -3.49 -1 280
-3.363 -1 -3.034 -1 -3.146 -1 -3.354 -1 77
-3.25 -1 -2.912 -1 -3.106 -1 -3.362 -1 170
-3.234 -1 -2.914 -1 -3.082 -1 -3.332 -1 153
-3.207 -1 -2.876 -1 -3.162 -1 -3.45 -1 232
-3.306 -1 -2.95 -1 -2.984 -1 -3.322 -1 28
-3.153 -1 -2.854 -1 -3.17 -1 -3.402 -2 295
-3.286 -1 -2.928 -1 -2.98 -1 -3.372 -1 62
-3.176 -1 -2.876 -1 -3.004 -1 -3.342 -1 127
-3.173 -1 -2.874 -1 -2.992 -1 -3.33 -1 160
-3.161 -1 -2.882 -1 -3.092 -1 -3.354 -1 207
-3.223 -1 -2.934 -1 -3.108 -1 -3.39 -1 191
-3.249 -1 -2.9 -1 -3.19 -1 -3.438 -1 290
-3.314 -1 -2.988 -1 -3.13 -1 -3.398 -1 205
-3.264 -1 -2.974 -1 -3.126 -1 -3.374 -1 137
-3.25 -1 -2.992 -1 -3.146 -1 -3.398 -1 188
-3.272 -1 -2.998 -1 -3.29 -1 -3.548 -1 313
-3.419 -1 -3.098 -1 -3.188 -1 -3.458 -1 140
-3.323 -1 -3.024 -1 -3.08 -1 -3.396 -1 58
-3.238 -1 -2.924 -1 -3.188 -1 -3.546 -1 268
-3.367 -1 -3 -1 -3.204 -1 -3.39 -2 315
-3.297 -1 -3.01 -1 -3.054 -1 -3.296 -2 53
-3.175 -1 -2.88 -1 -2.994 -1 -3.314 -1 73
-3.154 -1 -2.862 -1 -3.206 -1 -3.42 -1 347
-3.313 -1 -2.958 -1 -3.202 -1 -3.45 -1 294
-3.326 -1 -3.048 -1 -3.276 -1 -3.412 -1 251
-3.344 -1 -2.988 -1 -3.174 -1 -3.41 -2 176
-3.292 -1 -2.992 -1 -3.246 -1 -3.442 -1 323
-3.344 -1 -3.038 -1 -3.104 -1 -3.35 -1 97
-3.227 -1 -2.89 -1 -3.158 -1 -3.436 -2 272
-3.297 -1 -2.992 -1 -3.07 -1 -3.406 -1 77
-3.238 -1 -2.978 -1 -3.034 -1 -3.324 -2 81
-3.179 -1 -2.888 -1 -3.162 -1 -3.344 -1 329
-3.253 -1 -2.936 -1 -3.272 -1 -3.484 -1 340
-3.378 -1 -3.086 -1 -3.312 -1 -3.514 -1 257
-3.413 -1 -3.03 -1 -3.28 -1 -3.528 -1 342
-3.404 -1 -3.136 -1 -3.308 -1 -3.44 -1 208
-3.374 -1 -3.054 -1 -3.06 -1 -3.278 -1 6
-3.169 -1 -2.878 -1 -3.188 -1 -3.434 -2 269
-3.311 -1 -3.02 -1 -3.028 -1 -3.286 -1 10
-3.157 -1 -2.866 -1 -3.03 -1 -3.352 -1 146
-3.191 -1 -2.828 -1 -2.972 -1 -3.27 -1 85
-3.121 -1 -2.842 -1 -3.05 -1 -3.384 -2 195
-3.217 -1 -2.896 -1 -3.068 -1 -3.33 -1 162
-3.199 -1 -2.896 -1 -3.122 -1 -3.388 -1 235
-3.255 -1 -2.93 -1 -3.006 -1 -3.29 -1 91
-3.148 -1 -2.884 -1 -3.078 -1 -3.284 -1 243
-3.181 -1 -2.87 -1 -3.01 -1 -3.24 -1 162
-3.125 -1 -2.8 -1 -3.096 -1 -3.39 -2 301
-3.243 -1 -2.884 -1 -3 -1 -3.258 -1 111
-3.129 -1 -2.866 -1 -2.892 -1 -3.222 0 30
