6 1000 1 10 14 0 0 0 0
-3.019 -1 -2.588 -1 -2.762 -1 -2.892 -1 409
-2.827 -1 -2.388 -1 -2.604 -1 -2.736 -1 329
-2.67 -1 -2.248 -1 -2.298 -1 -2.644 -1 60
-2.471 -1 -2.094 -1 -2.494 -1 -2.71 -1 486
-2.602 -1 -2.162 -1 -2.228 -1 -2.664 -1 61
-2.446 -1 -2.054 -1 -2.086 -1 -2.536 -1 28
-2.311 -1 -1.968 -1 -2.424 -1 -2.65 -1 484
-2.537 -1 -2.084 -1 -2.418 -1 -2.696 -1 315
-2.557 -1 -2.102 -1 -2.446 -1 -2.636 -1 370
-2.541 -1 -2.086 -1 -2.198 -1 -2.612 -1 111
-2.405 -1 -2.012 -1 -2.268 -1 -2.592 -1 245
-2.43 -1 -2.01 -1 -2.278 -1 -2.652 -1 313
-2.465 -1 -2.04 -1 -2.316 -1 -2.568 -1 269
-2.442 -1 -2.012 -1 -2.368 -1 -2.656 0 353
