10 1000 0.4 1 2116 0 0 0 0
-3.829 -2 -3.728 -2 -3.75 -1 -3.782 -2 168
-3.766 -1 -3.602 -2 -3.604 -2 -3.66 -1 21
-3.632 -1 -3.52 -1 -3.53 -1 -3.602 -1 3
-3.566 -1 -3.472 -1 -3.544 -1 -3.634 -1 151
-3.589 -1 -3.426 -1 -3.428 -1 -3.564 -1 23
-3.496 -1 -3.394 -1 -3.422 -1 -3.53 -2 20
-3.476 -1 -3.364 -1 -3.468 -1 -3.534 -1 140
-3.501 -1 -3.402 -1 -3.404 -1 -3.562 -1 4
-3.483 -1 -3.334 -1 -3.376 -1 -3.55 -1 91
-3.463 -1 -3.286 -1 -3.368 -1 -3.55 -1 126
-3.459 -1 -3.358 -1 -3.448 -1 -3.544 -1 139
-3.496 -1 -3.35 -1 -3.364 -1 -3.454 -1 20
-3.409 -1 -3.218 -1 -3.286 -1 -3.51 -2 185
-3.398 -1 -3.226 -2 -3.304 -2 -3.476 -1 196
-3.39 -1 -3.266 -1 -3.306 -1 -3.516 -1 95
-3.411 -1 -3.226 -1 -3.304 -1 -3.476 -1 111
-3.39 -1 -3.288 -1 -3.288 -1 -3.474 -1 0
-3.381 -1 -3.25 -1 -3.352 -1 -3.542 -1 164
-3.447 -1 -3.328 -1 -3.404 -1 -3.55 -1 150
-3.477 -1 -3.34 -1 -3.368 -1 -3.53 -1 67
-3.449 -1 -3.296 -1 -3.414 -1 -3.542 -2 158
-3.478 -1 -3.34 -1 -3.428 -1 -3.602 -1 175
-3.515 -1 -3.372 -1 -3.432 -1 -3.566 -1 155
-3.499 -1 -3.344 -1 -3.408 -1 -3.564 -2 152
-3.486 -1 -3.362 -1 -3.404 -1 -3.588 -2 54
-3.496 -1 -3.366 -1 -3.402 -1 -3.484 -1 90
-3.443 -1 -3.268 -1 -3.372 -1 -3.572 -2 187
-3.472 -1 -3.318 -1 -3.36 -1 -3.532 -1 47
-3.446 -1 -3.344 -1 -3.394 -1 -3.464 -1 96
-3.429 -1 -3.304 -1 -3.38 -1 -3.516 -1 137
-3.448 -1 -3.22 -1 -3.324 -1 -3.486 -1 155
-3.405 -1 -3.262 -1 -3.282 -1 -3.556 -2 28
-3.419 -1 -3.298 -1 -3.344 -1 -3.476 -2 36
-3.41 -1 -3.27 -1 -3.346 -1 -3.484 -1 161
-3.415 -1 -3.298 -1 -3.322 -1 -3.552 -1 42
-3.437 -1 -3.336 -1 -3.362 -1 -3.506 -1 166
-3.434 -1 -3.294 -1 -3.37 -1 -3.542 -2 164
-3.456 -1 -3.332 -1 -3.344 -1 -3.498 -1 72
-3.421 -1 -3.242 -1 -3.242 -1 -3.392 -1 0
-3.317 -1 -3.188 -1 -3.236 -1 -3.466 -1 118
-3.351 -1 -3.178 -1 -3.186 -1 -3.402 -1 10
-3.294 -1 -3.176 -1 -3.218 -1 -3.372 -1 75
-3.295 -1 -3.218 -1 -3.318 -1 -3.42 -1 176
-3.369 -1 -3.226 -1 -3.358 -1 -3.434 -1 143
-3.396 -1 -3.28 -1 -3.378 -1 -3.502 -1 193
-3.44 -1 -3.312 -1 -3.316 -1 -3.496 -2 27
-3.406 -1 -3.24 -1 -3.286 -1 -3.434 -1 94
-3.36 -1 -3.184 -1 -3.206 -1 -3.464 -2 18
-3.335 -1 -3.188 -1 -3.288 -1 -3.456 -1 152
-3.372 -1 -3.214 -1 -3.258 -1 -3.466 -1 78
-3.362 -1 -3.24 -1 -3.374 -1 -3.482 -1 180
-3.428 -1 -3.246 -1 -3.32 -1 -3.436 -1 156
-3.378 -1 -3.258 -1 -3.314 -1 -3.498 -2 182
-3.406 -1 -3.262 -1 -3.356 -1 -3.552 -1 73
-3.454 -1 -3.276 -1 -3.39 -1 -3.442 -1 172
-3.416 -1 -3.222 -1 -3.34 -1 -3.452 -1 143
-3.396 -1 -3.232 -1 -3.248 -1 -3.45 -2 26
-3.349 -1 -3.188 -1 -3.354 -1 -3.51 -1 174
-3.432 -1 -3.27 -1 -3.362 -1 -3.584 -1 145
-3.473 -1 -3.376 -2 -3.434 -2 -3.584 -1 126
-3.509 -1 -3.404 -2 -3.462 -1 -3.636 -1 161
-3.549 -1 -3.37 -1 -3.44 -1 -3.582 -1 150
-3.511 -1 -3.4 -1 -3.396 -1 -3.508 -2 29
-3.452 -1 -3.316 -1 -3.398 -1 -3.59 -1 197
-3.494 -1 -3.318 -1 -3.392 -1 -3.612 -1 190
-3.502 -1 -3.35 -1 -3.392 -1 -3.542 -1 66
-3.467 -1 -3.356 -1 -3.424 -1 -3.508 -2 131
-3.466 -1 -3.362 -1 -3.392 -1 -3.432 -2 55
-3.412 -1 -3.342 -1 -3.404 -1 -3.642 -2 143
-3.523 -1 -3.378 -1 -3.444 -1 -3.544 -1 107
-3.494 -1 -3.368 -1 -3.444 -1 -3.526 -2 111
-3.485 -1 -3.374 -1 -3.496 -2 -3.6 -2 179
-3.548 -2 -3.412 -2 -3.442 -2 -3.558 -2 182
-3.5 -2 -3.374 -2 -3.43 -2 -3.574 -2 134
-3.502 -2 -3.38 -2 -3.384 -2 -3.564 -2 51
-3.474 -2 -3.312 -2 -3.312 -2 -3.504 -1 21
-3.408 -1 -3.246 -1 -3.356 -1 -3.474 -2 147
-3.415 -1 -3.286 -1 -3.286 -1 -3.428 -2 0
-3.357 -1 -3.238 -2 -3.25 -2 -3.346 -1 9
-3.298 -1 -3.166 -1 -3.308 -1 -3.498 -1 194
-3.403 -1 -3.254 -1 -3.264 -1 -3.416 -1 39
-3.34 -1 -3.166 -1 -3.322 -1 -3.48 -1 183
-3.401 -1 -3.272 -1 -3.334 -1 -3.472 -1 54
-3.403 -1 -3.254 -1 -3.362 -1 -3.512 -1 109
-3.437 -1 -3.284 -1 -3.284 -1 -3.486 -1 26
-3.385 -1 -3.246 -1 -3.37 -1 -3.466 -1 141
-3.418 -1 -3.252 -1 -3.288 -1 -3.442 -1 76
-3.365 -1 -3.19 -1 -3.288 -1 -3.468 -1 141
-3.378 -1 -3.272 -1 -3.376 -1 -3.534 -1 186
-3.455 -1 -3.324 -1 -3.37 -1 -3.54 -2 63
-3.455 -1 -3.342 -1 -3.35 -1 -3.514 -1 28
-3.432 -1 -3.328 -1 -3.434 -1 -3.552 -1 175
-3.493 -1 -3.392 -1 -3.406 -1 -3.496 -2 20
-3.451 -1 -3.312 -1 -3.376 -1 -3.532 -1 124
-3.454 -1 -3.346 -1 -3.452 -1 -3.516 -2 123
-3.484 -1 -3.378 -1 -3.452 -1 -3.586 -1 138
-3.519 -1 -3.404 -1 -3.466 -1 -3.55 -2 188
-3.508 -1 -3.392 -1 -3.438 -1 -3.53 -1 111
-3.484 -1 -3.38 -1 -3.458 -1 -3.522 -1 117
-3.49 -1 -3.364 -1 -3.426 -1 -3.554 -2 86
-3.49 -1 -3.312 -1 -3.344 -1 -3.554 -2 26
-3.449 -1 -3.328 -2 -3.344 -2 -3.472 -1 19
-3.408 -1 -3.304 -1 -3.372 -1 -3.52 -1 91
-3.446 -1 -3.27 -1 -3.34 -1 -3.562 -1 136
-3.451 -1 -3.312 -1 -3.332 -1 -3.564 -2 36
-3.448 -1 -3.362 -1 -3.366 -1 -3.488 -1 17
-3.427 -1 -3.316 -1 -3.378 -2 -3.598 -1 77
-3.488 -1 -3.354 -1 -3.444 -2 -3.512 -1 155
-3.478 -1 -3.324 -1 -3.352 -1 -3.434 -2 22
-3.393 -1 -3.266 -1 -3.35 -1 -3.506 -1 137
-3.428 -1 -3.264 -1 -3.31 -1 -3.478 -1 62
-3.394 -1 -3.236 -1 -3.354 -1 -3.486 -2 154
-3.42 -1 -3.27 -1 -3.296 -1 -3.492 -2 163
-3.394 -1 -3.276 -1 -3.332 -1 -3.538 -2 116
-3.435 -1 -3.328 -1 -3.418 -1 -3.568 -1 175
-3.493 -1 -3.396 -1 -3.464 -1 -3.486 -1 128
-3.475 -1 -3.326 -1 -3.354 -1 -3.524 -1 138
-3.439 -1 -3.328 -1 -3.372 -1 -3.56 -1 83
-3.466 -1 -3.328 -1 -3.392 -1 -3.508 -2 160
-3.45 -1 -3.324 -1 -3.356 -1 -3.538 -1 156
-3.447 -1 -3.324 -1 -3.404 -1 -3.596 -2 169
-3.5 -1 -3.338 -1 -3.398 -1 -3.552 -2 159
-3.475 -1 -3.332 -1 -3.374 -1 -3.528 -2 134
-3.451 -1 -3.304 -1 -3.314 -1 -3.504 -1 36
-3.409 -1 -3.212 -1 -3.274 -1 -3.574 -1 72
-3.424 -1 -3.29 -1 -3.326 -1 -3.502 -1 47
-3.414 -1 -3.316 -1 -3.376 -1 -3.55 -1 97
-3.463 -1 -3.324 -1 -3.35 -1 -3.51 -1 48
-3.43 -1 -3.296 -1 -3.362 -1 -3.5 -1 193
-3.431 -1 -3.278 -1 -3.352 -1 -3.49 -2 107
-3.421 -1 -3.296 -1 -3.316 -1 -3.494 -1 23
-3.405 -1 -3.284 -1 -3.342 -1 -3.474 -1 108
-3.408 -1 -3.22 -1 -3.234 -1 -3.424 -1 61
-3.329 -1 -3.19 -1 -3.282 -2 -3.454 -1 155
-3.368 -1 -3.242 -1 -3.292 -1 -3.414 -1 71
-3.353 -1 -3.186 -1 -3.192 -1 -3.386 -1 60
-3.289 -1 -3.132 -1 -3.22 -1 -3.394 -1 154
-3.307 -1 -3.166 -1 -3.19 -1 -3.402 -1 53
-3.296 -1 -3.126 -1 -3.178 -1 -3.422 -1 116
-3.3 -1 -3.174 -1 -3.298 -1 -3.5 -1 136
-3.399 -1 -3.27 -1 -3.326 -1 -3.504 -1 85
-3.415 -1 -3.282 -1 -3.304 -1 -3.484 -1 46
-3.394 -1 -3.334 -1 -3.434 -1 -3.586 -2 146
-3.51 -1 -3.384 -1 -3.4 -1 -3.51 -2 47
-3.455 -1 -3.312 -1 -3.348 -1 -3.544 -1 49
-3.446 -1 -3.314 -1 -3.35 -1 -3.418 -1 61
-3.384 -1 -3.226 -1 -3.284 -1 -3.424 -1 142
-3.354 -1 -3.25 -1 -3.364 -1 -3.488 -1 184
-3.426 -1 -3.306 -1 -3.352 -1 -3.522 -1 102
-3.437 -1 -3.368 -1 -3.466 -1 -3.578 -1 189
-3.522 -1 -3.396 -1 -3.452 -1 -3.568 -1 150
-3.51 -1 -3.392 -1 -3.456 -1 -3.572 -2 104
-3.514 -1 -3.426 -1 -3.506 -1 -3.658 -1 148
-3.582 -1 -3.412 -1 -3.464 -1 -3.508 -1 76
-3.486 -1 -3.314 -1 -3.408 -1 -3.48 -1 88
-3.444 -1 -3.36 -1 -3.412 -1 -3.558 -1 72
-3.485 -1 -3.336 -1 -3.352 -1 -3.488 -1 44
-3.42 -1 -3.286 -1 -3.41 -1 -3.546 -2 197
-3.478 -1 -3.394 -1 -3.436 -1 -3.598 -1 50
-3.517 -1 -3.39 -1 -3.488 -1 -3.574 -1 165
-3.531 -1 -3.42 -1 -3.468 -1 -3.546 -1 65
-3.507 -1 -3.342 -1 -3.362 -1 -3.462 -1 24
-3.412 -1 -3.286 -1 -3.382 -1 -3.482 -1 163
-3.432 -1 -3.316 -1 -3.424 -1 -3.526 -1 138
-3.475 -1 -3.332 -1 -3.404 -1 -3.528 -1 95
-3.466 -1 -3.376 -1 -3.424 -1 -3.54 -1 68
-3.482 -1 -3.318 -1 -3.364 -1 -3.482 -2 39
-3.423 -1 -3.284 -1 -3.366 -1 -3.458 -1 175
-3.412 -1 -3.316 -1 -3.358 -1 -3.502 -1 72
-3.43 -1 -3.282 -1 -3.306 -1 -3.52 -1 55
-3.413 -1 -3.322 -1 -3.338 -1 -3.566 -2 159
-3.452 -1 -3.29 -1 -3.29 -1 -3.426 -2 71
-3.358 -1 -3.266 -1 -3.256 -1 -3.416 -1 37
-3.336 -1 -3.232 -1 -3.33 -1 -3.524 -1 166
-3.427 -1 -3.302 -2 -3.434 -2 -3.512 -1 135
-3.473 -1 -3.278 -1 -3.298 -1 -3.462 -1 48
-3.38 -1 -3.21 -1 -3.222 -1 -3.456 -1 59
-3.339 -1 -3.188 -1 -3.264 -1 -3.4 -1 92
-3.332 -1 -3.254 -1 -3.254 -1 -3.4 -1 22
-3.327 -1 -3.212 -1 -3.282 -1 -3.384 -1 76
-3.333 -1 -3.168 -1 -3.194 -1 -3.424 -1 57
-3.309 -1 -3.162 -1 -3.212 -1 -3.438 -1 77
-3.325 -1 -3.168 -1 -3.218 -1 -3.422 -1 74
-3.32 -1 -3.164 -1 -3.158 -1 -3.388 -1 25
-3.273 -1 -3.172 -1 -3.26 -1 -3.424 -1 120
-3.342 -1 -3.218 -1 -3.266 -1 -3.438 -1 79
-3.352 -1 -3.208 -1 -3.23 -1 -3.384 -1 25
-3.307 -1 -3.184 -1 -3.242 -1 -3.394 -1 121
-3.318 -1 -3.232 -1 -3.308 -1 -3.462 -1 121
-3.385 -1 -3.284 -1 -3.386 -1 -3.466 -1 179
-3.426 -1 -3.224 -1 -3.236 -1 -3.406 -2 14
-3.321 -1 -3.17 -1 -3.226 -1 -3.408 -1 153
-3.317 -1 -3.24 -1 -3.398 -1 -3.546 -2 195
-3.472 -1 -3.354 -1 -3.42 -1 -3.542 -1 195
-3.481 -1 -3.324 -1 -3.354 -1 -3.514 -1 117
-3.434 -1 -3.256 -1 -3.358 -1 -3.534 -1 181
-3.446 -1 -3.3 -1 -3.312 -1 -3.504 -1 24
-3.408 -1 -3.28 -1 -3.406 -1 -3.612 -1 185
-3.509 -1 -3.36 -1 -3.42 -1 -3.514 -1 140
-3.467 -1 -3.278 -1 -3.314 -1 -3.462 -1 41
-3.388 -1 -3.216 -1 -3.238 -1 -3.424 -1 85
-3.331 -1 -3.2 -1 -3.252 -1 -3.414 -1 60
-3.333 -1 -3.188 -1 -3.254 -1 -3.446 -2 90
-3.35 -1 -3.226 -1 -3.356 -1 -3.516 -1 197
-3.436 -1 -3.254 -1 -3.292 -1 -3.488 -1 77
-3.39 -1 -3.236 -1 -3.274 -1 -3.436 -1 59
-3.355 -1 -3.18 -1 -3.384 -1 -3.544 -1 193
-3.464 -1 -3.296 -1 -3.362 -1 -3.496 -1 122
-3.429 -1 -3.254 -1 -3.32 -1 -3.462 -1 126
-3.391 -1 -3.23 -1 -3.26 -1 -3.454 -1 71
-3.357 -1 -3.224 -1 -3.218 -1 -3.436 -1 8
-3.327 -1 -3.178 -1 -3.228 -1 -3.352 -1 103
-3.29 -1 -3.148 -1 -3.176 -1 -3.372 -1 34
-3.274 -1 -3.146 -1 -3.208 -1 -3.454 -1 97
-3.331 -1 -3.204 -1 -3.22 -1 -3.412 -1 67
-3.316 -1 -3.2 -1 -3.222 -1 -3.352 -1 71
-3.287 -1 -3.146 -1 -3.274 -1 -3.49 -1 112
-3.382 -1 -3.268 -1 -3.312 -1 -3.492 -2 128
-3.402 -1 -3.294 -1 -3.37 -1 -3.52 -2 103
-3.445 -1 -3.334 -1 -3.38 -1 -3.47 -1 102
-3.425 -1 -3.302 -1 -3.314 -1 -3.54 -1 12
-3.427 -1 -3.272 -1 -3.368 -1 -3.582 -1 153
-3.475 -1 -3.348 -1 -3.414 -1 -3.636 -1 141
-3.525 -1 -3.408 -1 -3.442 -1 -3.58 -1 71
-3.511 -1 -3.376 -1 -3.46 -1 -3.552 -1 173
-3.506 -1 -3.334 -1 -3.394 -1 -3.544 -1 84
-3.469 -1 -3.348 -1 -3.342 -1 -3.542 -1 23
-3.442 -1 -3.314 -1 -3.304 -1 -3.588 -1 26
-3.446 -1 -3.338 -1 -3.456 -1 -3.63 -1 161
-3.543 -1 -3.434 -1 -3.486 -1 -3.554 -1 111
-3.52 -1 -3.436 -1 -3.454 -2 -3.594 -2 97
-3.524 -2 -3.414 -2 -3.486 -2 -3.534 -1 185
-3.51 -1 -3.34 -1 -3.378 -1 -3.51 -2 95
-3.444 -1 -3.402 -1 -3.428 -1 -3.548 -2 80
-3.488 -1 -3.374 -1 -3.412 -2 -3.58 -1 54
-3.496 -1 -3.392 -1 -3.404 -1 -3.53 -2 23
-3.467 -1 -3.31 -1 -3.39 -1 -3.52 -2 190
-3.455 -1 -3.398 -2 -3.442 -2 -3.554 -1 106
-3.498 -1 -3.376 -1 -3.39 -1 -3.532 -1 69
-3.461 -1 -3.306 -1 -3.34 -1 -3.466 -1 101
-3.403 -1 -3.262 -1 -3.326 -1 -3.47 -2 59
-3.398 -1 -3.28 -1 -3.426 -1 -3.466 -1 197
-3.446 -1 -3.346 -1 -3.408 -1 -3.5 -1 122
-3.454 -1 -3.27 -1 -3.336 -1 -3.562 -1 66
-3.449 -1 -3.364 -1 -3.392 -1 -3.508 -1 17
-3.45 -1 -3.306 -1 -3.392 -1 -3.586 -1 188
-3.489 -1 -3.344 -1 -3.454 -1 -3.526 -1 187
-3.49 -1 -3.382 -1 -3.434 -1 -3.552 -2 127
-3.493 -1 -3.358 -1 -3.366 -1 -3.472 -1 7
-3.419 -1 -3.24 -1 -3.242 -1 -3.384 -1 10
-3.313 -1 -3.18 -1 -3.256 -1 -3.466 -1 99
-3.361 -1 -3.204 -1 -3.236 -1 -3.5 -1 134
-3.368 -1 -3.228 -1 -3.332 -1 -3.466 -1 144
-3.399 -1 -3.254 -1 -3.39 -1 -3.536 -1 167
-3.463 -1 -3.314 -1 -3.316 -1 -3.46 -1 55
-3.388 -1 -3.302 -1 -3.43 -1 -3.602 -1 153
-3.516 -1 -3.42 -1 -3.524 -1 -3.57 -1 126
-3.547 -1 -3.412 -1 -3.42 -1 -3.57 -1 21
-3.495 -1 -3.334 -1 -3.36 -1 -3.49 -1 53
-3.425 -1 -3.296 -1 -3.302 -1 -3.418 -1 15
-3.36 -1 -3.158 -1 -3.264 -1 -3.51 -1 151
-3.387 -1 -3.252 -1 -3.336 -1 -3.454 -2 135
-3.395 -1 -3.266 -1 -3.264 -1 -3.42 -1 12
-3.342 -1 -3.268 -1 -3.302 -1 -3.45 -1 24
-3.376 -1 -3.266 -1 -3.284 -1 -3.4 -1 16
-3.342 -1 -3.226 -1 -3.242 -1 -3.346 -1 32
-3.294 -1 -3.154 -1 -3.22 -1 -3.408 -1 116
-3.314 -1 -3.184 -1 -3.21 -1 -3.314 -1 30
-3.262 -1 -3.112 -1 -3.28 -1 -3.398 -1 193
-3.339 -1 -3.168 -1 -3.234 -1 -3.436 -2 74
-3.335 -1 -3.208 -1 -3.248 -1 -3.476 -1 55
-3.362 -1 -3.234 -1 -3.254 -1 -3.396 -2 56
-3.325 -1 -3.208 -1 -3.282 -1 -3.482 -1 114
-3.382 -1 -3.254 -1 -3.356 -1 -3.516 -1 176
-3.436 -1 -3.306 -1 -3.368 -1 -3.496 -1 86
-3.432 -1 -3.316 -1 -3.338 -1 -3.494 -1 185
-3.416 -1 -3.32 -1 -3.352 -1 -3.416 -1 33
-3.384 -1 -3.258 -1 -3.28 -1 -3.478 -1 158
-3.379 -1 -3.196 -1 -3.306 -1 -3.51 -2 199
-3.408 -1 -3.316 -1 -3.406 -1 -3.526 -1 187
-3.466 -1 -3.27 -1 -3.304 -1 -3.518 -1 50
-3.411 -1 -3.266 -1 -3.324 -1 -3.492 -1 112
-3.408 -1 -3.24 -1 -3.252 -1 -3.472 -2 36
-3.362 -1 -3.262 -1 -3.274 -1 -3.396 -1 25
-3.335 -1 -3.194 -1 -3.278 -1 -3.472 -1 130
-3.375 -1 -3.276 -1 -3.34 -1 -3.512 -1 140
-3.426 -1 -3.28 -1 -3.392 -1 -3.536 -2 174
-3.464 -1 -3.304 -1 -3.366 -1 -3.482 -1 123
-3.424 -1 -3.31 -1 -3.322 -1 -3.448 -1 96
-3.385 -1 -3.21 -1 -3.23 -1 -3.444 -1 22
-3.337 -1 -3.162 -1 -3.18 -1 -3.448 -2 63
-3.314 -1 -3.2 -1 -3.296 -1 -3.524 -1 168
-3.41 -1 -3.292 -1 -3.382 -1 -3.578 -1 166
-3.48 -1 -3.316 -1 -3.366 -1 -3.472 -1 117
-3.419 -1 -3.268 -1 -3.286 -1 -3.524 -2 63
-3.405 -1 -3.278 -1 -3.272 -1 -3.47 -1 59
-3.371 -1 -3.238 -1 -3.354 -1 -3.496 -1 152
-3.425 -1 -3.286 -1 -3.336 -1 -3.456 -1 114
-3.396 -1 -3.256 -1 -3.264 -1 -3.392 -1 15
-3.328 -1 -3.198 -1 -3.238 -1 -3.31 -1 101
-3.274 -1 -3.192 -1 -3.206 -1 -3.41 -2 20
-3.308 -1 -3.17 -1 -3.294 -1 -3.458 -1 116
-3.376 -1 -3.296 -1 -3.308 -1 -3.444 -1 11
-3.376 -1 -3.222 -1 -3.322 -1 -3.466 -1 125
-3.394 -1 -3.258 -1 -3.276 -1 -3.464 -1 24
-3.37 -1 -3.238 -1 -3.238 -1 -3.424 -1 1
-3.331 -1 -3.23 -1 -3.274 -1 -3.452 -2 73
-3.363 -1 -3.244 -1 -3.346 -1 -3.446 -1 186
-3.396 -1 -3.268 -1 -3.314 -1 -3.5 -1 97
-3.407 -1 -3.304 -1 -3.404 -1 -3.508 -2 137
-3.456 -1 -3.274 -1 -3.328 -2 -3.476 -1 111
-3.402 -1 -3.312 -1 -3.31 -1 -3.512 -1 35
-3.411 -1 -3.296 -1 -3.356 -1 -3.482 -2 110
-3.419 -1 -3.278 -1 -3.284 -2 -3.482 -1 93
-3.383 -1 -3.266 -1 -3.418 -1 -3.598 -2 180
-3.508 -1 -3.428 -1 -3.442 -1 -3.552 -2 107
-3.497 -1 -3.372 -1 -3.392 -1 -3.492 -2 98
-3.442 -1 -3.3 -1 -3.334 -1 -3.494 -2 125
-3.414 -1 -3.296 -1 -3.364 -1 -3.468 -1 187
-3.416 -1 -3.302 -1 -3.362 -1 -3.516 -1 134
-3.439 -1 -3.3 -1 -3.378 -1 -3.498 -1 53
-3.438 -1 -3.302 -1 -3.362 -1 -3.462 -1 170
-3.412 -1 -3.302 -1 -3.318 -1 -3.456 -1 39
-3.387 -1 -3.288 -1 -3.31 -1 -3.5 -1 120
-3.405 -1 -3.27 -1 -3.32 -1 -3.442 -1 87
-3.381 -1 -3.26 -1 -3.348 -1 -3.5 -2 190
-3.424 -1 -3.306 -1 -3.412 -1 -3.498 -1 181
-3.455 -1 -3.29 -1 -3.292 -1 -3.398 -1 2
-3.345 -1 -3.22 -1 -3.246 -1 -3.414 -1 41
-3.33 -1 -3.156 -1 -3.272 -1 -3.402 -2 145
-3.337 -1 -3.188 -1 -3.252 -1 -3.31 -1 77
-3.281 -1 -3.124 -1 -3.154 -1 -3.378 -1 35
-3.266 -1 -3.146 -1 -3.248 -1 -3.406 -1 137
-3.327 -1 -3.214 -1 -3.316 -1 -3.466 -2 112
-3.391 -1 -3.274 -1 -3.348 -1 -3.456 -2 181
-3.402 -1 -3.23 -1 -3.276 -1 -3.556 -1 50
-3.416 -1 -3.29 -1 -3.372 -1 -3.52 -2 167
-3.446 -1 -3.32 -1 -3.378 -1 -3.552 -2 129
-3.465 -1 -3.286 -1 -3.304 -1 -3.412 -1 14
-3.358 -1 -3.256 -1 -3.282 -1 -3.462 -1 98
-3.372 -1 -3.206 -1 -3.268 -1 -3.424 -1 112
-3.346 -1 -3.174 -1 -3.202 -1 -3.47 -1 45
-3.336 -1 -3.19 -1 -3.288 -1 -3.438 -1 141
-3.363 -1 -3.192 -1 -3.212 -1 -3.436 -1 23
-3.324 -1 -3.18 -1 -3.264 -1 -3.41 -2 134
-3.337 -1 -3.29 -1 -3.298 -1 -3.448 -1 19
-3.373 -1 -3.294 -1 -3.326 -1 -3.462 -1 79
-3.394 -1 -3.246 -1 -3.34 -1 -3.464 -2 150
-3.402 -1 -3.298 -1 -3.334 -1 -3.476 -1 86
-3.405 -1 -3.336 -1 -3.348 -1 -3.518 -1 37
-3.433 -1 -3.264 -1 -3.274 -1 -3.448 -2 9
-3.361 -1 -3.176 -1 -3.22 -1 -3.418 -2 99
-3.319 -1 -3.212 -1 -3.242 -1 -3.406 -1 40
-3.324 -1 -3.254 -1 -3.316 -1 -3.49 -1 85
-3.403 -1 -3.254 -1 -3.354 -1 -3.478 -1 182
-3.416 -1 -3.264 -1 -3.278 -1 -3.418 -1 14
-3.348 -1 -3.218 -1 -3.296 -1 -3.498 -1 155
-3.397 -1 -3.316 -1 -3.314 -1 -3.454 -1 65
-3.384 -1 -3.3 -1 -3.352 -1 -3.5 -1 143
-3.426 -1 -3.262 -1 -3.338 -1 -3.494 -1 106
-3.416 -1 -3.28 -1 -3.376 -1 -3.482 -1 182
-3.429 -1 -3.308 -1 -3.376 -1 -3.62 -2 92
-3.498 -1 -3.384 -2 -3.464 -2 -3.616 -1 196
-3.54 -1 -3.418 -1 -3.478 -1 -3.578 -2 198
-3.528 -1 -3.394 -1 -3.408 -1 -3.574 -2 62
-3.491 -1 -3.402 -1 -3.48 -1 -3.57 -1 176
-3.525 -1 -3.394 -1 -3.416 -1 -3.58 -1 44
-3.498 -1 -3.362 -1 -3.414 -1 -3.55 -1 123
-3.482 -1 -3.338 -1 -3.366 -1 -3.5 -1 44
-3.433 -1 -3.292 -1 -3.35 -1 -3.54 -2 164
-3.445 -1 -3.334 -1 -3.402 -1 -3.462 -1 82
-3.432 -1 -3.28 -1 -3.348 -1 -3.472 -2 89
-3.41 -1 -3.25 -1 -3.368 -1 -3.518 -1 142
-3.443 -1 -3.276 -1 -3.286 -1 -3.446 -1 27
-3.366 -1 -3.216 -1 -3.298 -1 -3.474 -2 158
-3.386 -1 -3.292 -1 -3.35 -1 -3.51 -1 126
-3.43 -1 -3.306 -1 -3.358 -1 -3.456 -1 134
-3.407 -1 -3.292 -1 -3.3 -1 -3.494 -1 12
-3.397 -1 -3.272 -1 -3.312 -1 -3.5 -2 129
-3.406 -1 -3.284 -1 -3.316 -1 -3.5 -1 66
-3.408 -1 -3.246 -1 -3.284 -1 -3.464 -1 54
-3.374 -1 -3.226 -1 -3.24 -1 -3.414 -1 14
-3.327 -1 -3.186 -1 -3.29 -1 -3.414 -2 125
-3.352 -1 -3.19 -1 -3.26 -1 -3.45 -1 153
-3.355 -1 -3.246 -1 -3.35 -1 -3.458 -1 180
-3.404 -1 -3.304 -1 -3.362 -1 -3.508 -1 131
-3.435 -1 -3.294 -1 -3.328 -1 -3.546 -1 44
-3.437 -1 -3.244 -1 -3.264 -1 -3.396 -1 32
-3.33 -1 -3.206 -1 -3.29 -1 -3.414 -1 120
-3.352 -1 -3.236 -1 -3.302 -1 -3.536 -1 150
-3.419 -1 -3.342 -1 -3.422 -1 -3.552 -2 137
-3.487 -1 -3.344 -1 -3.468 -1 -3.514 -1 180
-3.491 -1 -3.326 -1 -3.414 -1 -3.518 -1 165
-3.466 -1 -3.328 -1 -3.378 -1 -3.512 -1 68
-3.445 -1 -3.32 -1 -3.352 -1 -3.47 -1 86
-3.411 -1 -3.356 -1 -3.424 -1 -3.486 -2 117
-3.455 -1 -3.31 -1 -3.382 -1 -3.48 -2 178
-3.431 -1 -3.274 -1 -3.282 -1 -3.512 -2 5
-3.397 -1 -3.314 -2 -3.328 -1 -3.556 -2 46
-3.442 -1 -3.316 -2 -3.324 -2 -3.492 -2 14
-3.408 -2 -3.276 -2 -3.292 -2 -3.428 -2 113
-3.36 -2 -3.24 -2 -3.344 -1 -3.468 -1 189
-3.406 -1 -3.26 -1 -3.316 -1 -3.492 -1 131
-3.404 -1 -3.286 -1 -3.384 -1 -3.53 -2 181
-3.457 -1 -3.306 -1 -3.336 -1 -3.422 -2 48
-3.379 -1 -3.246 -1 -3.266 -1 -3.512 -1 88
-3.389 -1 -3.282 -1 -3.318 -1 -3.53 -2 48
-3.424 -1 -3.27 -1 -3.304 -1 -3.492 -1 92
-3.398 -1 -3.246 -1 -3.252 -1 -3.384 -1 16
-3.318 -1 -3.222 -1 -3.312 -1 -3.468 -1 106
-3.39 -1 -3.246 -1 -3.352 -1 -3.526 -1 125
-3.439 -1 -3.266 -1 -3.342 -1 -3.55 -2 63
-3.446 -1 -3.322 -1 -3.368 -1 -3.486 -1 96
-3.427 -1 -3.276 -1 -3.32 -1 -3.516 -2 47
-3.418 -1 -3.296 -1 -3.314 -1 -3.538 -1 43
-3.426 -1 -3.284 -1 -3.37 -1 -3.528 -1 157
-3.449 -1 -3.298 -1 -3.37 -2 -3.504 -2 156
-3.437 -2 -3.292 -2 -3.336 -2 -3.558 -1 150
-3.447 -1 -3.35 -1 -3.438 -1 -3.52 -1 186
-3.479 -1 -3.352 -1 -3.386 -1 -3.528 -1 185
-3.457 -1 -3.308 -1 -3.376 -1 -3.54 -1 101
-3.458 -1 -3.32 -1 -3.364 -1 -3.49 -1 65
-3.427 -1 -3.276 -1 -3.322 -1 -3.5 -1 148
-3.411 -1 -3.282 -1 -3.322 -1 -3.498 -1 75
-3.41 -1 -3.262 -1 -3.33 -1 -3.462 -1 173
-3.396 -1 -3.302 -1 -3.362 -1 -3.48 -2 72
-3.421 -1 -3.32 -1 -3.354 -2 -3.494 -1 101
-3.424 -1 -3.288 -1 -3.308 -1 -3.522 -2 21
-3.415 -1 -3.29 -1 -3.3 -1 -3.486 -1 29
-3.393 -1 -3.29 -1 -3.368 -1 -3.504 -1 86
-3.436 -1 -3.338 -1 -3.408 -2 -3.586 -1 160
-3.497 -1 -3.366 -1 -3.462 -1 -3.588 -2 123
-3.525 -1 -3.396 -1 -3.422 -1 -3.532 -2 93
-3.477 -1 -3.33 -1 -3.356 -1 -3.468 -1 27
-3.412 -1 -3.264 -1 -3.384 -1 -3.576 -1 121
-3.48 -1 -3.314 -1 -3.34 -1 -3.482 -2 65
-3.411 -1 -3.308 -1 -3.348 -1 -3.53 -1 88
-3.439 -1 -3.304 -1 -3.406 -1 -3.526 -1 144
-3.466 -1 -3.294 -1 -3.326 -1 -3.502 -1 43
-3.414 -1 -3.272 -1 -3.282 -1 -3.456 -1 48
-3.369 -1 -3.224 -1 -3.238 -1 -3.506 -1 21
-3.372 -1 -3.248 -1 -3.35 -1 -3.47 -1 107
-3.41 -1 -3.276 -1 -3.338 -1 -3.494 -1 190
-3.416 -1 -3.284 -1 -3.374 -1 -3.512 -1 161
-3.443 -1 -3.272 -1 -3.312 -1 -3.44 -1 54
-3.376 -1 -3.254 -1 -3.366 -1 -3.518 -1 150
-3.442 -1 -3.294 -1 -3.332 -1 -3.464 -2 55
-3.398 -1 -3.296 -1 -3.32 -1 -3.508 -1 110
-3.414 -1 -3.248 -1 -3.3 -1 -3.468 -1 146
-3.384 -1 -3.244 -1 -3.276 -1 -3.53 -2 39
-3.403 -1 -3.29 -1 -3.342 -1 -3.482 -1 135
-3.412 -1 -3.302 -1 -3.372 -1 -3.436 -1 164
-3.404 -1 -3.27 -1 -3.282 -1 -3.468 -1 46
-3.375 -1 -3.172 -1 -3.256 -1 -3.47 -2 143
-3.363 -1 -3.214 -1 -3.274 -1 -3.42 -1 101
-3.347 -1 -3.244 -1 -3.304 -1 -3.486 -1 160
-3.395 -1 -3.252 -1 -3.256 -1 -3.486 -1 23
-3.371 -1 -3.224 -1 -3.296 -1 -3.464 -1 77
-3.38 -1 -3.344 -1 -3.406 -1 -3.548 -2 119
-3.477 -1 -3.372 -1 -3.416 -1 -3.464 -1 100
-3.44 -1 -3.334 -1 -3.402 -1 -3.544 -2 133
-3.473 -1 -3.252 -1 -3.31 -1 -3.426 -1 116
-3.368 -1 -3.224 -1 -3.238 -1 -3.464 -2 15
-3.351 -1 -3.234 -1 -3.348 -1 -3.49 -1 165
-3.419 -1 -3.33 -1 -3.342 -1 -3.51 -1 30
-3.426 -1 -3.304 -1 -3.372 -1 -3.472 -2 173
-3.422 -1 -3.3 -1 -3.326 -1 -3.468 -1 100
-3.397 -1 -3.272 -1 -3.332 -1 -3.488 -2 186
-3.41 -1 -3.284 -1 -3.406 -1 -3.602 -2 173
-3.504 -1 -3.434 -1 -3.436 -1 -3.508 -2 20
-3.472 -1 -3.31 -1 -3.386 -1 -3.524 -1 100
-3.455 -1 -3.326 -1 -3.354 -1 -3.454 -1 34
-3.404 -1 -3.332 -1 -3.334 -1 -3.474 -2 19
-3.404 -1 -3.284 -1 -3.39 -1 -3.502 -2 197
-3.446 -1 -3.342 -1 -3.462 -1 -3.558 -1 140
-3.51 -1 -3.398 -1 -3.4 -1 -3.524 -2 2
-3.462 -1 -3.298 -1 -3.39 -1 -3.548 -1 149
-3.469 -1 -3.35 -1 -3.42 -1 -3.54 -1 179
-3.48 -1 -3.35 -1 -3.392 -1 -3.502 -1 64
-3.447 -1 -3.306 -1 -3.382 -1 -3.61 -1 163
-3.496 -1 -3.302 -1 -3.396 -1 -3.56 -2 157
-3.478 -1 -3.356 -1 -3.442 -1 -3.64 -1 152
-3.541 -1 -3.332 -1 -3.428 -1 -3.598 -2 179
-3.513 -1 -3.416 -2 -3.522 -2 -3.594 -1 181
-3.558 -1 -3.412 -1 -3.476 -1 -3.622 -2 189
-3.549 -1 -3.39 -1 -3.41 -2 -3.552 -2 56
-3.481 -2 -3.396 -2 -3.42 -2 -3.672 -1 20
-3.546 -1 -3.414 -1 -3.426 -1 -3.582 -1 16
-3.504 -1 -3.368 -1 -3.464 -1 -3.532 -2 197
-3.498 -1 -3.368 -1 -3.378 -1 -3.482 -1 17
-3.43 -1 -3.244 -1 -3.276 -1 -3.422 -1 42
-3.349 -1 -3.244 -1 -3.386 -1 -3.556 -1 177
-3.471 -1 -3.324 -1 -3.34 -1 -3.486 -2 27
-3.413 -1 -3.272 -1 -3.32 -1 -3.5 -2 89
-3.41 -1 -3.28 -1 -3.36 -1 -3.494 -1 192
-3.427 -1 -3.266 -1 -3.324 -1 -3.502 -1 65
-3.413 -1 -3.306 -1 -3.36 -1 -3.522 -1 193
-3.441 -1 -3.342 -1 -3.428 -1 -3.526 -1 141
-3.477 -1 -3.33 -1 -3.412 -1 -3.548 -1 161
-3.48 -1 -3.332 -1 -3.376 -1 -3.504 -1 181
-3.44 -1 -3.334 -1 -3.38 -1 -3.578 -1 63
-3.479 -1 -3.396 -1 -3.42 -1 -3.506 -1 115
-3.463 -1 -3.316 -1 -3.36 -1 -3.49 -1 56
-3.425 -1 -3.316 -1 -3.388 -1 -3.534 -1 145
-3.461 -1 -3.296 -1 -3.354 -1 -3.476 -1 120
-3.415 -1 -3.302 -1 -3.35 -1 -3.492 -1 116
-3.421 -1 -3.3 -1 -3.334 -1 -3.532 -1 25
-3.433 -1 -3.306 -1 -3.358 -1 -3.528 -2 62
-3.443 -1 -3.356 -1 -3.4 -1 -3.556 -1 92
-3.478 -1 -3.378 -1 -3.42 -1 -3.542 -1 144
-3.481 -1 -3.34 -1 -3.362 -1 -3.564 -1 14
-3.463 -1 -3.32 -1 -3.428 -1 -3.568 -2 189
-3.498 -1 -3.344 -2 -3.37 -2 -3.526 -2 192
-3.448 -2 -3.326 -2 -3.326 -1 -3.48 -2 45
-3.403 -1 -3.346 -1 -3.374 -1 -3.57 -2 53
-3.472 -1 -3.36 -1 -3.442 -1 -3.542 -2 185
-3.492 -1 -3.38 -2 -3.454 -2 -3.62 -1 144
-3.537 -1 -3.406 -1 -3.482 -1 -3.61 -1 141
-3.546 -1 -3.404 -1 -3.504 -2 -3.692 -2 102
-3.598 -2 -3.508 -2 -3.568 -2 -3.678 -2 172
-3.623 -2 -3.516 -2 -3.562 -2 -3.674 -1 151
-3.618 -1 -3.478 -1 -3.5 -1 -3.656 -1 105
-3.578 -1 -3.484 -1 -3.518 -2 -3.688 -2 111
-3.603 -2 -3.46 -2 -3.538 -2 -3.606 -1 170
-3.572 -1 -3.438 -1 -3.458 -1 -3.594 -2 49
-3.526 -1 -3.352 -2 -3.454 -1 -3.566 -1 173
-3.51 -1 -3.354 -1 -3.368 -1 -3.568 -1 134
-3.468 -1 -3.352 -1 -3.396 -1 -3.582 -2 36
-3.489 -1 -3.386 -1 -3.392 -1 -3.546 -1 10
-3.469 -1 -3.324 -1 -3.418 -1 -3.444 -2 144
-3.431 -1 -3.256 -1 -3.278 -1 -3.454 -1 59
-3.366 -1 -3.242 -1 -3.362 -1 -3.526 -1 156
-3.444 -1 -3.284 -1 -3.318 -1 -3.498 -1 56
-3.408 -1 -3.256 -1 -3.366 -1 -3.46 -1 79
-3.413 -1 -3.268 -1 -3.336 -1 -3.514 -1 89
-3.425 -1 -3.254 -1 -3.34 -1 -3.504 -2 84
-3.422 -1 -3.282 -1 -3.298 -1 -3.444 -1 23
-3.371 -1 -3.23 -1 -3.294 -1 -3.476 -1 114
-3.385 -1 -3.254 -1 -3.314 -1 -3.406 -1 119
-3.36 -1 -3.174 -1 -3.304 -1 -3.484 -2 179
-3.394 -1 -3.308 -1 -3.37 -1 -3.522 -2 138
-3.446 -1 -3.276 -1 -3.304 -1 -3.508 -1 92
-3.406 -1 -3.324 -1 -3.376 -1 -3.46 -1 173
-3.418 -1 -3.29 -1 -3.344 -1 -3.546 -2 100
-3.445 -1 -3.362 -1 -3.39 -1 -3.562 -1 96
-3.476 -1 -3.366 -1 -3.456 -1 -3.482 -1 182
-3.469 -1 -3.338 -1 -3.358 -1 -3.544 -2 23
-3.451 -1 -3.296 -1 -3.352 -1 -3.56 -1 159
-3.456 -1 -3.314 -1 -3.38 -1 -3.54 -1 108
-3.46 -1 -3.294 -1 -3.326 -1 -3.518 -1 37
-3.422 -1 -3.302 -1 -3.306 -1 -3.52 -2 36
-3.413 -1 -3.268 -1 -3.384 -1 -3.506 -2 175
-3.445 -1 -3.348 -1 -3.37 -1 -3.5 -1 15
-3.435 -1 -3.302 -1 -3.324 -1 -3.47 -1 62
-3.397 -1 -3.228 -1 -3.286 -1 -3.472 -1 147
-3.379 -1 -3.228 -1 -3.282 -1 -3.49 -2 109
-3.386 -1 -3.282 -1 -3.374 -1 -3.51 -2 139
-3.442 -1 -3.368 -1 -3.462 -2 -3.6 -1 131
-3.531 -1 -3.408 -1 -3.47 -1 -3.604 -1 186
-3.537 -1 -3.374 -1 -3.402 -1 -3.49 -1 37
-3.446 -1 -3.348 -1 -3.362 -1 -3.532 -1 25
-3.447 -1 -3.298 -1 -3.41 -1 -3.554 -1 188
-3.482 -1 -3.37 -1 -3.47 -1 -3.638 -1 165
-3.554 -1 -3.476 -1 -3.562 -1 -3.608 -1 86
-3.585 -1 -3.45 -1 -3.558 -1 -3.562 -1 180
-3.56 -1 -3.434 -1 -3.436 -1 -3.542 -1 2
-3.489 -1 -3.306 -1 -3.342 -1 -3.524 -2 69
-3.433 -1 -3.244 -1 -3.326 -1 -3.49 -2 178
-3.408 -1 -3.232 -1 -3.346 -1 -3.514 -2 190
-3.43 -1 -3.288 -1 -3.328 -1 -3.45 -2 81
-3.389 -1 -3.35 -2 -3.362 -2 -3.452 -2 20
-3.407 -2 -3.284 -2 -3.344 -1 -3.452 -1 65
-3.398 -1 -3.254 -1 -3.328 -1 -3.524 -1 157
-3.426 -1 -3.306 -1 -3.432 -1 -3.52 -1 194
-3.476 -1 -3.314 -1 -3.316 -1 -3.506 -1 4
-3.411 -1 -3.286 -1 -3.386 -1 -3.492 -2 180
-3.439 -1 -3.306 -2 -3.336 -2 -3.52 -1 118
-3.428 -1 -3.312 -1 -3.42 -2 -3.484 -1 184
-3.452 -1 -3.352 -2 -3.368 -2 -3.446 -1 15
-3.407 -1 -3.262 -1 -3.318 -1 -3.518 -2 100
-3.418 -1 -3.28 -1 -3.326 -1 -3.446 -1 114
-3.386 -1 -3.236 -1 -3.246 -1 -3.428 -1 8
-3.337 -1 -3.21 -1 -3.344 -1 -3.538 -1 199
-3.441 -1 -3.324 -1 -3.404 -1 -3.562 -1 117
-3.483 -1 -3.328 -1 -3.33 -1 -3.522 -1 9
-3.426 -1 -3.334 -1 -3.356 -1 -3.462 -2 79
-3.409 -1 -3.3 -1 -3.362 -1 -3.508 -2 86
-3.435 -1 -3.36 -1 -3.424 -1 -3.502 -1 111
-3.463 -1 -3.386 -1 -3.422 -1 -3.612 -1 91
-3.517 -1 -3.362 -1 -3.372 -1 -3.542 -2 70
-3.457 -1 -3.272 -1 -3.336 -1 -3.486 -1 119
-3.411 -1 -3.21 -1 -3.276 -1 -3.508 -1 85
-3.392 -1 -3.264 -1 -3.404 -1 -3.546 -2 179
-3.475 -1 -3.38 -2 -3.398 -2 -3.554 -1 92
-3.476 -1 -3.364 -1 -3.388 -1 -3.502 -1 76
-3.445 -1 -3.368 -1 -3.448 -1 -3.568 -2 138
-3.508 -1 -3.434 -1 -3.496 -1 -3.548 -1 170
-3.522 -1 -3.418 -1 -3.46 -1 -3.62 -2 157
-3.54 -1 -3.422 -1 -3.452 -1 -3.54 -1 106
-3.496 -1 -3.394 -1 -3.434 -1 -3.484 -1 199
-3.459 -1 -3.338 -1 -3.444 -2 -3.536 -1 168
-3.49 -1 -3.4 -1 -3.47 -1 -3.612 -2 186
-3.541 -1 -3.466 -1 -3.47 -1 -3.688 -2 26
-3.579 -1 -3.438 -1 -3.544 -1 -3.634 -1 176
-3.589 -1 -3.474 -1 -3.482 -1 -3.542 -2 178
-3.512 -1 -3.364 -1 -3.378 -1 -3.55 -1 78
-3.464 -1 -3.37 -2 -3.392 -2 -3.532 -1 70
-3.462 -1 -3.344 -1 -3.374 -1 -3.564 -1 69
-3.469 -1 -3.332 -1 -3.412 -1 -3.58 -1 117
-3.496 -1 -3.424 -1 -3.506 -1 -3.64 -1 152
-3.573 -1 -3.412 -1 -3.506 -1 -3.566 -2 132
-3.536 -1 -3.404 -1 -3.484 -1 -3.586 -2 180
-3.535 -1 -3.33 -2 -3.408 -1 -3.518 -1 161
-3.463 -1 -3.326 -1 -3.362 -1 -3.518 -1 39
-3.44 -1 -3.284 -1 -3.342 -1 -3.514 -1 70
-3.428 -1 -3.336 -1 -3.336 -1 -3.508 -2 23
-3.422 -1 -3.332 -1 -3.356 -1 -3.524 -2 41
-3.44 -1 -3.308 -1 -3.412 -1 -3.516 -1 181
-3.464 -1 -3.338 -1 -3.364 -1 -3.528 -1 84
-3.446 -1 -3.366 -1 -3.446 -1 -3.65 -2 182
-3.548 -1 -3.424 -2 -3.502 -1 -3.576 -1 161
-3.539 -1 -3.35 -1 -3.336 -1 -3.548 -2 56
-3.442 -1 -3.31 -1 -3.33 -1 -3.456 -2 48
-3.393 -1 -3.232 -1 -3.262 -1 -3.466 -1 43
-3.364 -1 -3.188 -1 -3.226 -1 -3.396 -1 50
-3.311 -1 -3.19 -1 -3.264 -1 -3.43 -1 107
-3.347 -1 -3.212 -1 -3.334 -1 -3.4 -2 159
-3.367 -1 -3.25 -1 -3.3 -1 -3.49 -2 155
-3.395 -1 -3.262 -1 -3.314 -1 -3.452 -1 71
-3.383 -1 -3.274 -1 -3.346 -1 -3.472 -2 144
-3.409 -1 -3.232 -1 -3.376 -1 -3.492 -1 196
-3.434 -1 -3.33 -1 -3.33 -1 -3.526 -2 0
-3.428 -1 -3.27 -1 -3.302 -1 -3.526 -1 63
-3.414 -1 -3.266 -1 -3.358 -1 -3.498 -1 134
-3.428 -1 -3.284 -1 -3.29 -1 -3.446 -1 25
-3.368 -1 -3.182 -1 -3.216 -1 -3.39 -1 70
-3.303 -1 -3.182 -1 -3.196 -1 -3.422 -2 29
-3.309 -1 -3.242 -1 -3.324 -1 -3.472 -1 95
-3.398 -1 -3.232 -1 -3.262 -1 -3.442 -1 28
-3.352 -1 -3.274 -1 -3.342 -1 -3.452 -1 105
-3.397 -1 -3.24 -1 -3.276 -1 -3.382 -1 50
-3.329 -1 -3.188 -1 -3.326 -1 -3.51 -1 169
-3.418 -1 -3.326 -1 -3.376 -1 -3.55 -1 108
-3.463 -1 -3.278 -1 -3.352 -1 -3.564 -1 125
-3.458 -1 -3.31 -1 -3.42 -1 -3.546 -1 192
-3.483 -1 -3.324 -1 -3.334 -1 -3.452 -2 80
-3.393 -1 -3.236 -1 -3.306 -1 -3.48 -2 158
-3.393 -1 -3.28 -1 -3.346 -1 -3.458 -1 148
-3.402 -1 -3.252 -1 -3.304 -1 -3.472 -1 99
-3.388 -1 -3.302 -1 -3.362 -1 -3.482 -1 109
-3.422 -1 -3.292 -1 -3.348 -1 -3.452 -2 115
-3.4 -1 -3.236 -1 -3.344 -2 -3.544 -2 171
-3.444 -2 -3.352 -2 -3.422 -2 -3.5 -2 108
-3.461 -2 -3.386 -2 -3.468 -2 -3.564 -1 107
-3.516 -1 -3.35 -1 -3.402 -1 -3.554 -1 62
-3.478 -1 -3.346 -1 -3.37 -1 -3.524 -2 39
-3.447 -1 -3.314 -1 -3.366 -1 -3.526 -1 72
-3.446 -1 -3.35 -1 -3.384 -1 -3.458 -1 92
-3.421 -1 -3.294 -1 -3.38 -1 -3.57 -1 159
-3.475 -1 -3.296 -1 -3.408 -1 -3.574 -1 124
-3.491 -1 -3.338 -1 -3.416 -1 -3.63 -1 156
-3.523 -1 -3.46 -1 -3.502 -1 -3.578 -2 158
-3.54 -1 -3.414 -1 -3.424 -1 -3.552 -1 14
-3.488 -1 -3.33 -1 -3.36 -1 -3.484 -2 47
-3.422 -1 -3.314 -1 -3.322 -1 -3.494 -1 32
-3.408 -1 -3.248 -1 -3.264 -1 -3.478 -1 28
-3.371 -1 -3.19 -1 -3.218 -1 -3.408 -1 54
-3.313 -1 -3.084 -1 -3.204 -1 -3.462 -2 142
-3.333 -1 -3.208 -1 -3.254 -1 -3.51 -2 46
-3.382 -1 -3.274 -2 -3.284 -2 -3.476 -1 13
-3.38 -1 -3.21 -2 -3.326 -2 -3.508 -2 182
-3.417 -2 -3.314 -2 -3.408 -2 -3.542 -1 155
-3.475 -1 -3.356 -1 -3.378 -1 -3.508 -1 68
-3.443 -1 -3.28 -1 -3.36 -1 -3.536 -2 137
-3.448 -1 -3.336 -1 -3.4 -1 -3.562 -2 94
-3.481 -1 -3.382 -2 -3.414 -2 -3.47 -1 66
-3.442 -1 -3.306 -1 -3.338 -1 -3.524 -2 58
-3.431 -1 -3.308 -1 -3.324 -1 -3.466 -1 48
-3.395 -1 -3.28 -1 -3.336 -1 -3.47 -2 76
-3.403 -1 -3.28 -2 -3.386 -2 -3.49 -1 169
-3.438 -1 -3.302 -1 -3.336 -2 -3.47 -2 40
-3.403 -2 -3.292 -2 -3.404 -2 -3.532 -2 189
-3.468 -2 -3.356 -2 -3.454 -1 -3.57 -1 185
-3.512 -1 -3.384 -1 -3.448 -1 -3.554 -1 91
-3.501 -1 -3.382 -1 -3.386 -1 -3.512 -1 6
-3.449 -1 -3.282 -1 -3.308 -1 -3.512 -1 87
-3.41 -1 -3.292 -1 -3.298 -1 -3.412 -1 5
-3.355 -1 -3.224 -1 -3.31 -1 -3.516 -2 146
-3.413 -1 -3.312 -1 -3.342 -1 -3.494 -1 51
-3.418 -1 -3.318 -1 -3.34 -1 -3.506 -1 14
-3.423 -1 -3.342 -1 -3.352 -1 -3.498 -1 21
-3.425 -1 -3.27 -1 -3.34 -1 -3.55 -1 96
-3.445 -1 -3.3 -1 -3.362 -1 -3.538 -2 92
-3.45 -1 -3.29 -1 -3.364 -1 -3.472 -2 154
-3.418 -1 -3.258 -2 -3.348 -2 -3.534 -1 121
-3.441 -1 -3.296 -1 -3.306 -1 -3.564 -1 112
-3.435 -1 -3.326 -1 -3.414 -1 -3.538 -1 106
-3.476 -1 -3.308 -1 -3.354 -1 -3.482 -1 145
-3.418 -1 -3.264 -1 -3.33 -1 -3.516 -1 149
-3.423 -1 -3.244 -1 -3.268 -1 -3.47 -1 35
-3.369 -1 -3.27 -1 -3.344 -1 -3.53 -1 134
-3.437 -1 -3.276 -1 -3.344 -1 -3.552 -2 123
-3.448 -1 -3.314 -1 -3.388 -1 -3.564 -1 170
-3.476 -1 -3.32 -2 -3.342 -2 -3.486 -1 16
-3.414 -1 -3.308 -1 -3.358 -1 -3.486 -1 111
-3.422 -1 -3.314 -1 -3.326 -1 -3.518 -1 15
-3.422 -1 -3.25 -1 -3.358 -1 -3.518 -2 138
-3.438 -1 -3.248 -1 -3.256 -1 -3.428 -1 20
-3.342 -1 -3.262 -1 -3.302 -1 -3.482 -2 120
-3.392 -1 -3.256 -1 -3.362 -1 -3.524 -2 110
-3.443 -1 -3.304 -1 -3.308 -1 -3.458 -2 24
-3.383 -1 -3.266 -1 -3.324 -1 -3.502 -1 78
-3.413 -1 -3.276 -1 -3.29 -1 -3.514 -1 38
-3.402 -1 -3.3 -1 -3.298 -1 -3.462 -1 18
-3.38 -1 -3.276 -1 -3.288 -1 -3.41 -1 12
-3.349 -1 -3.26 -1 -3.344 -1 -3.528 -2 143
-3.436 -1 -3.304 -1 -3.308 -1 -3.5 -1 22
-3.404 -1 -3.266 -1 -3.372 -1 -3.528 -1 178
-3.45 -1 -3.292 -1 -3.36 -1 -3.488 -1 119
-3.424 -1 -3.298 -1 -3.32 -1 -3.542 -1 52
-3.431 -1 -3.316 -1 -3.416 -2 -3.552 -2 199
-3.484 -2 -3.35 -2 -3.42 -2 -3.568 -2 179
-3.494 -2 -3.306 -2 -3.406 -1 -3.598 -1 155
-3.502 -1 -3.376 -1 -3.438 -1 -3.562 -2 197
-3.5 -1 -3.418 -1 -3.48 -1 -3.554 -1 94
-3.517 -1 -3.388 -1 -3.438 -1 -3.566 -1 138
-3.502 -1 -3.424 -1 -3.432 -1 -3.52 -1 40
-3.476 -1 -3.352 -1 -3.392 -1 -3.544 -1 49
-3.468 -1 -3.34 -1 -3.402 -1 -3.514 -1 95
-3.458 -1 -3.348 -1 -3.354 -1 -3.474 -1 6
-3.414 -1 -3.286 -1 -3.36 -1 -3.504 -1 111
-3.432 -1 -3.366 -1 -3.452 -1 -3.566 -1 131
-3.509 -1 -3.396 -1 -3.422 -1 -3.55 -1 59
-3.486 -1 -3.416 -1 -3.426 -1 -3.508 -1 118
-3.467 -1 -3.326 -1 -3.352 -1 -3.584 -1 39
-3.468 -1 -3.324 -1 -3.444 -1 -3.636 -2 166
-3.54 -1 -3.382 -1 -3.46 -1 -3.566 -1 132
-3.513 -1 -3.332 -1 -3.434 -1 -3.574 -2 110
-3.504 -1 -3.376 -1 -3.38 -1 -3.526 -2 8
-3.453 -1 -3.288 -1 -3.378 -1 -3.548 -1 189
-3.463 -1 -3.336 -1 -3.33 -1 -3.552 -1 18
-3.441 -1 -3.294 -1 -3.308 -1 -3.518 -2 31
-3.413 -1 -3.254 -1 -3.366 -1 -3.522 -1 154
-3.444 -1 -3.286 -1 -3.29 -1 -3.452 -1 2
-3.371 -1 -3.25 -1 -3.258 -1 -3.448 -2 35
-3.353 -1 -3.234 -1 -3.284 -1 -3.444 -1 77
-3.364 -1 -3.242 -1 -3.28 -1 -3.454 -1 54
-3.367 -1 -3.154 -1 -3.2 -1 -3.414 -1 49
-3.307 -1 -3.186 -1 -3.186 -1 -3.458 -1 1
-3.322 -1 -3.214 -1 -3.282 -1 -3.414 -1 85
-3.348 -1 -3.282 -1 -3.356 -1 -3.53 -1 123
-3.443 -1 -3.316 -1 -3.414 -1 -3.546 -2 155
-3.48 -1 -3.384 -1 -3.414 -1 -3.562 -1 72
-3.488 -1 -3.358 -1 -3.434 -1 -3.542 -1 136
-3.488 -1 -3.362 -1 -3.434 -1 -3.532 -1 109
-3.483 -1 -3.344 -1 -3.42 -1 -3.624 -2 148
-3.522 -1 -3.33 -1 -3.372 -1 -3.58 -1 83
-3.476 -1 -3.39 -1 -3.462 -1 -3.592 -1 194
-3.527 -1 -3.406 -1 -3.43 -1 -3.59 -1 59
-3.51 -1 -3.398 -1 -3.374 -1 -3.502 -2 181
-3.438 -1 -3.286 -1 -3.378 -1 -3.452 -2 123
-3.415 -1 -3.288 -1 -3.328 -1 -3.466 -1 79
-3.397 -1 -3.272 -1 -3.328 -1 -3.484 -1 71
-3.406 -1 -3.282 -1 -3.288 -1 -3.482 -1 6
-3.385 -1 -3.24 -1 -3.24 -1 -3.39 -1 0
-3.315 -1 -3.154 -1 -3.154 -1 -3.392 -1 17
-3.273 -1 -3.186 -1 -3.22 -1 -3.404 -1 76
-3.312 -1 -3.206 -1 -3.286 -1 -3.444 -2 117
-3.365 -1 -3.266 -1 -3.294 -1 -3.5 -1 38
-3.397 -1 -3.286 -1 -3.34 -1 -3.442 -2 101
-3.391 -1 -3.256 -1 -3.38 -1 -3.562 -1 127
-3.471 -1 -3.374 -1 -3.372 -1 -3.532 -1 29
-3.452 -1 -3.27 -1 -3.334 -1 -3.444 -1 99
-3.389 -1 -3.294 -1 -3.388 -1 -3.494 -2 137
-3.441 -1 -3.302 -1 -3.336 -1 -3.55 -1 73
-3.443 -1 -3.312 -1 -3.314 -1 -3.464 -1 2
-3.389 -1 -3.25 -1 -3.376 -1 -3.5 -2 194
-3.438 -1 -3.322 -1 -3.366 -1 -3.5 -1 59
-3.433 -1 -3.314 -1 -3.414 -1 -3.486 -1 195
-3.45 -1 -3.354 -1 -3.378 -1 -3.468 -1 65
-3.423 -1 -3.268 -1 -3.43 -1 -3.536 -1 199
-3.483 -1 -3.416 -1 -3.434 -1 -3.568 -1 191
-3.501 -1 -3.396 -1 -3.398 -1 -3.616 -2 32
-3.507 -1 -3.39 -1 -3.398 -1 -3.478 -2 116
-3.438 -1 -3.278 -1 -3.398 -1 -3.52 -2 171
-3.459 -1 -3.314 -2 -3.394 -2 -3.524 -2 180
-3.459 -2 -3.346 -2 -3.344 -2 -3.492 -1 58
-3.418 -1 -3.254 -1 -3.288 -2 -3.466 -1 37
-3.377 -1 -3.226 -2 -3.27 -1 -3.466 -1 135
-3.368 -1 -3.194 -1 -3.212 -1 -3.418 -1 33
-3.315 -1 -3.126 -1 -3.274 -1 -3.504 -2 171
-3.389 -1 -3.238 -1 -3.272 -1 -3.412 -1 30
-3.342 -1 -3.234 -1 -3.318 -1 -3.424 -1 162
-3.371 -1 -3.258 -1 -3.33 -1 -3.494 -2 116
-3.412 -1 -3.296 -1 -3.298 -1 -3.424 -1 1
-3.361 -1 -3.196 -1 -3.33 -1 -3.378 -1 165
-3.354 -1 -3.202 -1 -3.292 -1 -3.424 -1 130
-3.358 -1 -3.168 -1 -3.194 -1 -3.368 -1 15
-3.281 -1 -3.064 -1 -3.23 -1 -3.446 -1 165
-3.338 -1 -3.262 -1 -3.298 -1 -3.476 -1 84
-3.387 -1 -3.25 -1 -3.348 -1 -3.458 -2 173
-3.403 -1 -3.262 -1 -3.302 -1 -3.5 -1 41
-3.401 -1 -3.238 -1 -3.35 -1 -3.566 -2 196
-3.458 -1 -3.26 -1 -3.368 -1 -3.53 -1 165
-3.449 -1 -3.33 -1 -3.396 -1 -3.42 -1 135
-3.408 -1 -3.31 -1 -3.342 -1 -3.548 -1 106
-3.445 -1 -3.368 -1 -3.38 -1 -3.558 -1 62
-3.469 -1 -3.298 -1 -3.412 -2 -3.544 -1 197
-3.478 -1 -3.364 -1 -3.394 -1 -3.548 -2 96
-3.471 -1 -3.382 -1 -3.376 -1 -3.558 -2 53
-3.467 -1 -3.368 -1 -3.358 -1 -3.488 -1 89
-3.423 -1 -3.284 -1 -3.292 -1 -3.406 -1 11
-3.349 -1 -3.226 -1 -3.266 -1 -3.49 -1 97
-3.378 -1 -3.236 -1 -3.292 -1 -3.49 -2 161
-3.391 -1 -3.212 -1 -3.344 -1 -3.45 -1 195
-3.397 -1 -3.26 -1 -3.322 -1 -3.498 -1 113
-3.41 -1 -3.318 -1 -3.314 -1 -3.552 -1 18
-3.433 -1 -3.288 -1 -3.368 -1 -3.542 -2 86
-3.455 -1 -3.272 -1 -3.342 -1 -3.474 -2 74
-3.408 -1 -3.288 -1 -3.308 -1 -3.448 -1 106
-3.378 -1 -3.25 -1 -3.262 -1 -3.41 -1 6
-3.336 -1 -3.226 -1 -3.272 -1 -3.454 -1 38
-3.363 -1 -3.224 -1 -3.322 -1 -3.47 -1 161
-3.396 -1 -3.278 -1 -3.296 -1 -3.486 -1 77
-3.391 -1 -3.228 -1 -3.264 -1 -3.426 -1 120
-3.345 -1 -3.19 -1 -3.284 -1 -3.462 -1 176
-3.373 -1 -3.228 -1 -3.242 -1 -3.454 -1 16
-3.348 -1 -3.204 -1 -3.336 -1 -3.52 -1 154
-3.428 -1 -3.302 -1 -3.37 -1 -3.5 -1 136
-3.435 -1 -3.296 -1 -3.372 -1 -3.506 -2 157
-3.439 -1 -3.324 -1 -3.34 -2 -3.484 -1 25
-3.412 -1 -3.292 -1 -3.392 -2 -3.492 -1 162
-3.442 -1 -3.344 -1 -3.402 -1 -3.504 -1 75
-3.453 -1 -3.356 -1 -3.36 -1 -3.462 -1 5
-3.411 -1 -3.298 -1 -3.376 -1 -3.554 -2 193
-3.465 -1 -3.352 -1 -3.464 -1 -3.466 -2 176
-3.465 -1 -3.392 -1 -3.44 -1 -3.496 -1 76
-3.468 -1 -3.304 -1 -3.346 -1 -3.544 -1 84
-3.445 -1 -3.306 -1 -3.396 -1 -3.56 -1 175
-3.478 -1 -3.356 -1 -3.372 -1 -3.542 -1 57
-3.457 -1 -3.376 -1 -3.432 -1 -3.53 -2 85
-3.481 -1 -3.384 -1 -3.428 -1 -3.54 -1 119
-3.484 -1 -3.402 -1 -3.408 -1 -3.496 -2 15
-3.452 -1 -3.372 -1 -3.362 -1 -3.422 -2 31
-3.392 -1 -3.228 -1 -3.288 -1 -3.5 -2 67
-3.394 -1 -3.222 -1 -3.266 -1 -3.526 -2 97
-3.396 -1 -3.28 -1 -3.394 -1 -3.494 -1 133
-3.444 -1 -3.33 -1 -3.39 -1 -3.552 -1 43
-3.471 -1 -3.36 -1 -3.416 -1 -3.582 -1 72
-3.499 -1 -3.47 -1 -3.536 -1 -3.58 -1 190
-3.558 -1 -3.484 -1 -3.502 -1 -3.576 -1 80
-3.539 -1 -3.416 -1 -3.48 -1 -3.598 -2 187
-3.539 -1 -3.458 -1 -3.506 -1 -3.582 -1 124
-3.544 -1 -3.436 -1 -3.492 -1 -3.626 -1 161
-3.559 -1 -3.392 -1 -3.46 -1 -3.554 -2 189
-3.507 -1 -3.39 -1 -3.418 -1 -3.53 -2 48
-3.474 -1 -3.332 -1 -3.332 -1 -3.498 -2 1
-3.415 -1 -3.314 -1 -3.316 -1 -3.492 -1 6
-3.404 -1 -3.3 -1 -3.346 -1 -3.484 -1 76
-3.415 -1 -3.334 -1 -3.448 -1 -3.526 -1 132
-3.487 -1 -3.342 -1 -3.392 -1 -3.576 -1 115
-3.484 -1 -3.42 -1 -3.484 -1 -3.584 -1 178
-3.534 -1 -3.414 -1 -3.464 -1 -3.56 -1 89
-3.512 -1 -3.434 -1 -3.48 -1 -3.57 -1 168
-3.525 -1 -3.412 -1 -3.482 -1 -3.634 -1 192
-3.558 -1 -3.426 -1 -3.528 -1 -3.64 -1 141
-3.584 -1 -3.468 -1 -3.454 -1 -3.616 -1 23
-3.535 -1 -3.36 -1 -3.42 -1 -3.542 -1 138
-3.481 -1 -3.302 -1 -3.304 -1 -3.5 -1 27
-3.402 -1 -3.276 -1 -3.294 -1 -3.48 -1 53
-3.387 -1 -3.246 -1 -3.322 -1 -3.44 -1 103
-3.381 -1 -3.276 -1 -3.368 -1 -3.528 -1 157
-3.448 -1 -3.274 -1 -3.33 -1 -3.542 -1 142
-3.436 -1 -3.348 -1 -3.408 -1 -3.534 -2 78
-3.471 -1 -3.35 -1 -3.398 -1 -3.548 -1 77
-3.473 -1 -3.318 -1 -3.352 -1 -3.518 -1 110
-3.435 -1 -3.312 -1 -3.382 -1 -3.632 -2 67
-3.507 -1 -3.412 -1 -3.422 -1 -3.618 -1 15
-3.52 -1 -3.394 -1 -3.414 -1 -3.512 -2 32
-3.463 -1 -3.344 -1 -3.396 -1 -3.632 -2 164
-3.514 -1 -3.368 -1 -3.446 -1 -3.446 -2 90
-3.446 -1 -3.334 -1 -3.38 -1 -3.588 -1 141
-3.484 -1 -3.394 -1 -3.432 -1 -3.584 -1 144
-3.508 -1 -3.41 -1 -3.426 -1 -3.534 -1 39
-3.48 -1 -3.37 -1 -3.378 -1 -3.538 -1 22
-3.458 -1 -3.342 -1 -3.37 -1 -3.45 -1 161
-3.41 -1 -3.246 -1 -3.344 -1 -3.488 -1 176
-3.416 -1 -3.248 -1 -3.34 -1 -3.522 -1 124
-3.431 -1 -3.268 -1 -3.294 -1 -3.48 -2 62
-3.387 -1 -3.272 -1 -3.312 -1 -3.504 -1 64
-3.408 -1 -3.348 -1 -3.446 -1 -3.524 -1 135
-3.485 -1 -3.396 -1 -3.408 -1 -3.516 -2 9
-3.462 -1 -3.348 -2 -3.358 -2 -3.546 -2 50
-3.452 -2 -3.332 -2 -3.334 -2 -3.544 -2 13
-3.439 -2 -3.33 -2 -3.444 -1 -3.532 -1 196
-3.488 -1 -3.32 -1 -3.39 -1 -3.552 -1 106
-3.471 -1 -3.384 -1 -3.394 -1 -3.536 -1 42
-3.465 -1 -3.312 -1 -3.312 -1 -3.44 -1 17
-3.376 -1 -3.222 -1 -3.31 -1 -3.548 -1 101
-3.429 -1 -3.306 -1 -3.35 -1 -3.464 -2 137
-3.407 -1 -3.276 -1 -3.34 -1 -3.5 -1 123
-3.42 -1 -3.26 -1 -3.298 -1 -3.498 -1 65
-3.398 -1 -3.228 -1 -3.29 -1 -3.454 -1 106
-3.372 -1 -3.228 -1 -3.316 -1 -3.44 -1 139
-3.378 -1 -3.186 -1 -3.188 -1 -3.398 -1 23
-3.293 -1 -3.172 -1 -3.31 -1 -3.54 -2 160
-3.425 -1 -3.218 -1 -3.346 -1 -3.51 -1 169
-3.428 -1 -3.286 -2 -3.428 -1 -3.558 -2 195
-3.493 -1 -3.352 -1 -3.336 -1 -3.542 -1 49
-3.439 -1 -3.306 -1 -3.362 -2 -3.576 -1 85
-3.469 -1 -3.378 -1 -3.38 -1 -3.576 -2 19
-3.478 -1 -3.302 -1 -3.316 -1 -3.548 -1 41
-3.432 -1 -3.274 -1 -3.318 -1 -3.498 -2 134
-3.408 -1 -3.292 -1 -3.29 -1 -3.496 -1 21
-3.393 -1 -3.294 -1 -3.37 -1 -3.486 -1 169
-3.428 -1 -3.37 -1 -3.39 -1 -3.492 -1 22
-3.441 -1 -3.304 -1 -3.352 -1 -3.506 -2 174
-3.429 -1 -3.36 -2 -3.356 -2 -3.534 -2 14
-3.445 -2 -3.354 -2 -3.452 -2 -3.542 -1 146
-3.497 -1 -3.41 -1 -3.428 -1 -3.544 -2 33
-3.486 -1 -3.402 -1 -3.456 -2 -3.582 -1 91
-3.519 -1 -3.37 -2 -3.394 -2 -3.576 -1 79
-3.485 -1 -3.34 -1 -3.402 -1 -3.578 -1 199
-3.49 -1 -3.36 -1 -3.42 -1 -3.546 -1 118
-3.483 -1 -3.386 -1 -3.432 -1 -3.562 -1 142
-3.497 -1 -3.416 -1 -3.518 -1 -3.594 -2 192
-3.556 -1 -3.43 -1 -3.434 -1 -3.574 -1 29
-3.504 -1 -3.384 -1 -3.424 -1 -3.57 -1 182
-3.497 -1 -3.324 -1 -3.326 -1 -3.508 -2 2
-3.417 -1 -3.312 -1 -3.346 -1 -3.548 -2 52
-3.447 -1 -3.3 -1 -3.344 -1 -3.52 -1 53
-3.432 -1 -3.33 -1 -3.432 -1 -3.508 -1 185
-3.47 -1 -3.334 -1 -3.358 -1 -3.508 -2 76
-3.433 -1 -3.3 -1 -3.338 -1 -3.498 -1 63
-3.418 -1 -3.274 -1 -3.32 -1 -3.436 -1 39
-3.378 -1 -3.278 -1 -3.374 -1 -3.506 -1 120
-3.44 -1 -3.248 -1 -3.358 -1 -3.498 -1 198
-3.428 -1 -3.288 -1 -3.39 -1 -3.488 -1 128
-3.439 -1 -3.28 -1 -3.296 -1 -3.502 -1 9
-3.399 -1 -3.218 -1 -3.28 -1 -3.47 -2 135
-3.375 -1 -3.244 -1 -3.28 -1 -3.458 -2 93
-3.369 -1 -3.242 -1 -3.238 -1 -3.374 -1 21
-3.306 -1 -3.188 -1 -3.178 -1 -3.344 -1 38
-3.261 -1 -3.12 -1 -3.152 -1 -3.44 -2 57
-3.296 -1 -3.21 -1 -3.338 -1 -3.482 -2 187
-3.41 -1 -3.326 -1 -3.376 -1 -3.526 -1 104
-3.451 -1 -3.274 -1 -3.388 -1 -3.536 -2 191
-3.462 -1 -3.314 -1 -3.334 -1 -3.468 -1 93
-3.401 -1 -3.248 -1 -3.32 -1 -3.452 -1 82
-3.386 -1 -3.28 -1 -3.37 -1 -3.502 -1 132
-3.436 -1 -3.27 -1 -3.334 -1 -3.508 -2 164
-3.421 -1 -3.336 -1 -3.42 -1 -3.592 -1 105
-3.506 -1 -3.43 -1 -3.464 -1 -3.53 -1 112
-3.497 -1 -3.306 -1 -3.31 -1 -3.474 -2 18
-3.392 -1 -3.31 -1 -3.326 -1 -3.452 -2 77
-3.389 -1 -3.276 -2 -3.348 -2 -3.482 -1 138
-3.415 -1 -3.296 -1 -3.418 -1 -3.572 -1 195
-3.495 -1 -3.366 -1 -3.444 -1 -3.582 -1 191
-3.513 -1 -3.322 -1 -3.414 -1 -3.53 -1 186
-3.472 -1 -3.304 -1 -3.398 -1 -3.53 -1 198
-3.464 -1 -3.396 -1 -3.406 -1 -3.548 -2 19
-3.477 -1 -3.252 -1 -3.272 -1 -3.52 -1 31
-3.396 -1 -3.29 -1 -3.38 -1 -3.522 -1 157
-3.451 -1 -3.37 -1 -3.41 -1 -3.58 -2 70
-3.495 -1 -3.376 -1 -3.38 -1 -3.538 -1 9
-3.459 -1 -3.35 -1 -3.348 -1 -3.448 -1 22
-3.398 -1 -3.266 -1 -3.338 -1 -3.448 -1 117
-3.393 -1 -3.25 -1 -3.302 -1 -3.504 -2 61
-3.403 -1 -3.228 -1 -3.352 -1 -3.5 -2 192
-3.426 -1 -3.32 -1 -3.344 -1 -3.472 -1 31
-3.408 -1 -3.272 -1 -3.26 -1 -3.5 -2 24
-3.38 -1 -3.216 -1 -3.224 -1 -3.408 -1 16
-3.316 -1 -3.184 -1 -3.304 -2 -3.496 -1 152
-3.4 -1 -3.23 -1 -3.37 -1 -3.432 -1 182
-3.401 -1 -3.272 -1 -3.37 -1 -3.464 -1 150
-3.417 -1 -3.264 -1 -3.286 -1 -3.498 -2 44
-3.392 -1 -3.25 -1 -3.288 -1 -3.466 -2 60
-3.377 -1 -3.272 -1 -3.39 -1 -3.558 -1 167
-3.474 -1 -3.298 -1 -3.31 -1 -3.504 -1 40
-3.407 -1 -3.34 -1 -3.388 -1 -3.474 -1 62
-3.431 -1 -3.278 -1 -3.41 -1 -3.47 -2 151
-3.44 -1 -3.268 -2 -3.354 -1 -3.47 -2 122
-3.412 -1 -3.314 -2 -3.396 -2 -3.51 -1 152
-3.453 -1 -3.318 -1 -3.416 -1 -3.476 -2 157
-3.446 -1 -3.338 -1 -3.418 -1 -3.542 -2 91
-3.48 -1 -3.358 -1 -3.366 -1 -3.554 -1 39
-3.46 -1 -3.338 -1 -3.42 -1 -3.514 -2 190
-3.467 -1 -3.292 -1 -3.312 -1 -3.49 -2 18
-3.401 -1 -3.272 -1 -3.394 -1 -3.5 -2 188
-3.447 -1 -3.31 -1 -3.34 -1 -3.41 -1 44
-3.375 -1 -3.23 -1 -3.236 -1 -3.428 -1 31
-3.332 -1 -3.208 -1 -3.224 -1 -3.416 -1 63
-3.32 -1 -3.18 -1 -3.18 -1 -3.316 -1 0
-3.248 -1 -3.154 -1 -3.248 -1 -3.474 -1 154
-3.361 -1 -3.278 -1 -3.296 -1 -3.484 -1 34
-3.39 -1 -3.258 -1 -3.394 -1 -3.506 -1 195
-3.45 -1 -3.3 -1 -3.31 -1 -3.418 -1 67
-3.364 -1 -3.224 -1 -3.308 -1 -3.498 -2 131
-3.403 -1 -3.282 -1 -3.394 -1 -3.576 -2 178
-3.485 -1 -3.382 -1 -3.454 -1 -3.492 -1 198
-3.473 -1 -3.356 -1 -3.424 -1 -3.592 -1 92
-3.508 -1 -3.322 -1 -3.42 -1 -3.556 -1 198
-3.488 -1 -3.342 -1 -3.434 -1 -3.54 -2 145
-3.487 -1 -3.4 -1 -3.406 -1 -3.538 -1 61
-3.472 -1 -3.278 -1 -3.3 -1 -3.52 -1 54
-3.41 -1 -3.324 -1 -3.364 -1 -3.55 -1 126
-3.457 -1 -3.314 -1 -3.366 -1 -3.554 -2 168
-3.46 -1 -3.356 -2 -3.376 -2 -3.524 -1 41
-3.45 -1 -3.304 -1 -3.308 -1 -3.468 -1 1
-3.388 -1 -3.254 -1 -3.302 -1 -3.514 -1 73
-3.408 -1 -3.274 -1 -3.336 -1 -3.496 -1 74
-3.416 -1 -3.288 -1 -3.284 -1 -3.484 -1 9
-3.384 -1 -3.262 -1 -3.274 -1 -3.388 -1 28
-3.331 -1 -3.214 -1 -3.264 -1 -3.432 -2 140
-3.348 -1 -3.224 -1 -3.266 -1 -3.506 -1 62
-3.386 -1 -3.276 -1 -3.316 -1 -3.456 -2 116
-3.386 -1 -3.226 -2 -3.24 -2 -3.474 -2 18
-3.357 -2 -3.238 -2 -3.264 -2 -3.46 -2 93
-3.362 -2 -3.244 -2 -3.302 -1 -3.402 -1 112
-3.352 -1 -3.212 -1 -3.28 -1 -3.466 -1 112
-3.373 -1 -3.226 -1 -3.302 -1 -3.452 -1 125
-3.377 -1 -3.262 -1 -3.262 -1 -3.472 -1 1
-3.367 -1 -3.224 -1 -3.25 -1 -3.454 -1 35
-3.352 -1 -3.196 -1 -3.28 -1 -3.494 -2 109
-3.387 -1 -3.236 -1 -3.384 -1 -3.546 -1 195
-3.465 -1 -3.384 -1 -3.384 -1 -3.516 -1 7
-3.45 -1 -3.406 -1 -3.454 -1 -3.532 -1 140
-3.493 -1 -3.376 -1 -3.388 -1 -3.504 -2 41
-3.446 -1 -3.314 -1 -3.314 -1 -3.506 -2 20
-3.41 -1 -3.248 -1 -3.344 -2 -3.496 -1 162
-3.42 -1 -3.26 -1 -3.248 -1 -3.448 -2 32
-3.348 -1 -3.248 -1 -3.286 -1 -3.454 -1 34
-3.37 -1 -3.256 -1 -3.282 -1 -3.456 -1 45
-3.369 -1 -3.214 -1 -3.326 -1 -3.474 -1 150
-3.4 -1 -3.254 -1 -3.348 -1 -3.544 -2 180
-3.446 -1 -3.332 -1 -3.43 -1 -3.552 -2 173
-3.491 -1 -3.362 -2 -3.39 -2 -3.522 -1 125
-3.456 -1 -3.318 -2 -3.372 -2 -3.518 -2 71
-3.445 -2 -3.288 -2 -3.334 -2 -3.476 -2 96
-3.405 -2 -3.236 -2 -3.282 -2 -3.398 -2 99
-3.34 -2 -3.218 -2 -3.32 -2 -3.496 -1 153
-3.408 -1 -3.258 -1 -3.384 -1 -3.562 -2 189
-3.473 -1 -3.344 -1 -3.394 -1 -3.564 -1 61
-3.479 -1 -3.384 -1 -3.46 -1 -3.62 -1 109
-3.54 -1 -3.36 -1 -3.378 -1 -3.506 -1 47
-3.442 -1 -3.276 -1 -3.274 -1 -3.464 -1 7
-3.369 -1 -3.228 -1 -3.268 -1 -3.5 -2 91
-3.384 -1 -3.236 -1 -3.306 -1 -3.522 -2 98
-3.414 -1 -3.28 -1 -3.348 -1 -3.46 -1 76
-3.404 -1 -3.322 -1 -3.434 -1 -3.554 -1 163
-3.494 -1 -3.376 -1 -3.442 -1 -3.53 -2 163
-3.486 -1 -3.37 -1 -3.466 -1 -3.612 -1 197
-3.539 -1 -3.434 -1 -3.43 -1 -3.554 -1 21
-3.492 -1 -3.352 -1 -3.412 -1 -3.54 -2 150
-3.476 -1 -3.336 -2 -3.38 -1 -3.47 -1 115
-3.425 -1 -3.262 -1 -3.262 -1 -3.414 -1 22
-3.338 -1 -3.196 -1 -3.212 -1 -3.424 -2 15
-3.318 -1 -3.168 -1 -3.248 -1 -3.4 -1 125
-3.324 -1 -3.176 -1 -3.284 -1 -3.46 -2 154
-3.372 -1 -3.202 -1 -3.282 -1 -3.51 -2 139
-3.396 -1 -3.34 -1 -3.394 -1 -3.55 -2 51
-3.472 -1 -3.364 -2 -3.372 -2 -3.528 -2 15
-3.45 -2 -3.308 -2 -3.334 -1 -3.508 -1 93
-3.421 -1 -3.342 -1 -3.46 -1 -3.496 -2 140
-3.478 -1 -3.362 -1 -3.38 -1 -3.526 -2 79
-3.453 -1 -3.314 -1 -3.322 -1 -3.53 -2 8
-3.426 -1 -3.318 -1 -3.318 -1 -3.488 -1 0
-3.403 -1 -3.258 -1 -3.334 -1 -3.472 -1 132
-3.403 -1 -3.212 -1 -3.34 -1 -3.51 -2 187
-3.425 -1 -3.286 -1 -3.288 -1 -3.484 -1 5
-3.386 -1 -3.222 -1 -3.254 -1 -3.452 -2 39
-3.353 -1 -3.262 -1 -3.332 -1 -3.534 -1 49
-3.433 -1 -3.31 -1 -3.312 -1 -3.464 -2 5
-3.388 -1 -3.268 -1 -3.29 -1 -3.49 -2 46
-3.39 -1 -3.232 -1 -3.356 -1 -3.464 -1 193
-3.41 -1 -3.248 -1 -3.278 -1 -3.404 -2 35
-3.341 -1 -3.234 -1 -3.236 -1 -3.448 -1 5
-3.342 -1 -3.202 -1 -3.3 -1 -3.464 -2 147
-3.382 -1 -3.282 -1 -3.336 -1 -3.534 -1 102
-3.435 -1 -3.254 -1 -3.326 -1 -3.542 -2 171
-3.434 -1 -3.308 -1 -3.384 -1 -3.446 -1 135
-3.415 -1 -3.342 -1 -3.414 -2 -3.536 -1 183
-3.475 -1 -3.368 -1 -3.384 -1 -3.556 -1 22
-3.47 -1 -3.32 -1 -3.324 -1 -3.504 -1 6
-3.414 -1 -3.298 -1 -3.344 -1 -3.544 -1 153
-3.444 -1 -3.318 -1 -3.426 -1 -3.576 -1 160
-3.501 -1 -3.338 -1 -3.412 -1 -3.518 -1 126
-3.465 -1 -3.344 -1 -3.378 -1 -3.624 -1 83
-3.501 -1 -3.396 -1 -3.404 -1 -3.53 -1 133
-3.467 -1 -3.324 -1 -3.368 -1 -3.544 -2 46
-3.456 -1 -3.304 -1 -3.352 -1 -3.516 -2 176
-3.434 -1 -3.334 -1 -3.424 -1 -3.592 -1 116
-3.508 -1 -3.388 -1 -3.428 -1 -3.572 -1 167
-3.5 -1 -3.34 -1 -3.414 -1 -3.634 -1 156
-3.524 -1 -3.388 -1 -3.416 -1 -3.538 -1 54
-3.477 -1 -3.292 -1 -3.36 -1 -3.514 -1 79
-3.437 -1 -3.364 -1 -3.388 -1 -3.584 -2 108
-3.486 -1 -3.44 -1 -3.536 -1 -3.598 -2 134
-3.567 -1 -3.486 -1 -3.516 -1 -3.528 -2 182
-3.522 -1 -3.4 -1 -3.45 -1 -3.604 -2 145
-3.527 -1 -3.432 -1 -3.478 -2 -3.654 -1 93
-3.566 -1 -3.446 -2 -3.504 -2 -3.68 -2 85
-3.592 -2 -3.478 -2 -3.484 -1 -3.59 -1 27
-3.537 -1 -3.354 -1 -3.432 -1 -3.564 -2 199
-3.498 -1 -3.348 -1 -3.36 -1 -3.494 -2 33
-3.427 -1 -3.33 -1 -3.424 -1 -3.514 -2 181
-3.469 -1 -3.368 -1 -3.366 -1 -3.49 -2 7
-3.428 -1 -3.256 -1 -3.302 -1 -3.48 -1 146
-3.391 -1 -3.236 -1 -3.318 -1 -3.494 -1 133
-3.406 -1 -3.274 -1 -3.362 -1 -3.528 -1 126
-3.445 -1 -3.308 -1 -3.398 -1 -3.544 -1 177
-3.471 -1 -3.266 -1 -3.32 -1 -3.486 -2 86
-3.403 -1 -3.282 -1 -3.31 -1 -3.502 -1 40
-3.406 -1 -3.264 -1 -3.278 -1 -3.55 -1 53
-3.414 -1 -3.296 -1 -3.296 -1 -3.514 -2 103
-3.405 -1 -3.218 -1 -3.358 -1 -3.558 -1 183
-3.458 -1 -3.326 -1 -3.43 -1 -3.576 -2 171
-3.503 -1 -3.366 -1 -3.376 -1 -3.594 -1 90
-3.485 -1 -3.354 -1 -3.46 -1 -3.554 -1 173
-3.507 -1 -3.372 -1 -3.464 -1 -3.568 -1 67
-3.516 -1 -3.344 -1 -3.422 -1 -3.596 -1 184
-3.509 -1 -3.364 -1 -3.378 -1 -3.54 -1 74
-3.459 -1 -3.348 -1 -3.362 -1 -3.56 -2 50
-3.461 -1 -3.384 -1 -3.458 -1 -3.496 -2 128
-3.477 -1 -3.252 -1 -3.262 -1 -3.494 -1 38
-3.378 -1 -3.208 -1 -3.208 -1 -3.472 -1 8
-3.34 -1 -3.252 -1 -3.338 -1 -3.49 -1 137
-3.414 -1 -3.258 -1 -3.312 -1 -3.516 -2 139
-3.414 -1 -3.248 -1 -3.338 -1 -3.526 -2 124
-3.432 -1 -3.306 -1 -3.454 -1 -3.548 -1 168
-3.501 -1 -3.34 -1 -3.364 -1 -3.536 -2 31
-3.45 -1 -3.344 -2 -3.378 -2 -3.49 -1 81
-3.434 -1 -3.376 -1 -3.454 -1 -3.542 -2 163
-3.498 -1 -3.366 -1 -3.41 -1 -3.58 -2 104
-3.495 -1 -3.322 -1 -3.442 -1 -3.558 -1 197
-3.5 -1 -3.314 -1 -3.434 -1 -3.574 -2 103
-3.504 -1 -3.384 -1 -3.382 -1 -3.546 -2 2
-3.464 -1 -3.344 -1 -3.346 -1 -3.546 -1 25
-3.446 -1 -3.306 -1 -3.39 -1 -3.554 -1 179
-3.472 -1 -3.366 -1 -3.406 -1 -3.542 -2 105
-3.474 -1 -3.3 -1 -3.326 -1 -3.534 -1 84
-3.43 -1 -3.292 -1 -3.37 -1 -3.58 -2 158
-3.475 -1 -3.342 -2 -3.404 -2 -3.62 -2 82
-3.512 -2 -3.364 -2 -3.376 -2 -3.492 -1 63
-3.434 -1 -3.332 -1 -3.398 -1 -3.606 -2 86
-3.502 -1 -3.37 -1 -3.502 -1 -3.602 -1 193
-3.552 -1 -3.446 -1 -3.46 -1 -3.542 -1 36
-3.501 -1 -3.38 -1 -3.404 -1 -3.48 -1 67
-3.442 -1 -3.31 -1 -3.316 -1 -3.526 -1 6
-3.421 -1 -3.25 -1 -3.25 -1 -3.474 -1 14
-3.362 -1 -3.234 -1 -3.326 -1 -3.558 -2 197
-3.442 -1 -3.326 -1 -3.418 -1 -3.538 -1 141
-3.478 -1 -3.326 -1 -3.39 -1 -3.518 -1 180
-3.454 -1 -3.322 -1 -3.398 -1 -3.514 -1 167
-3.456 -1 -3.352 -1 -3.382 -1 -3.494 -1 30
-3.438 -1 -3.286 -1 -3.294 -1 -3.398 -1 11
-3.346 -1 -3.242 -1 -3.25 -1 -3.456 -1 20
-3.353 -1 -3.232 -1 -3.232 -1 -3.404 -1 8
-3.318 -1 -3.218 -1 -3.338 -1 -3.514 -2 139
-3.426 -1 -3.29 -1 -3.308 -1 -3.532 -2 62
-3.42 -1 -3.302 -1 -3.332 -1 -3.478 -2 35
-3.405 -1 -3.318 -1 -3.368 -1 -3.512 -1 69
-3.44 -1 -3.362 -1 -3.362 -1 -3.468 -1 0
-3.415 -1 -3.322 -1 -3.344 -1 -3.466 -1 57
-3.405 -1 -3.268 -1 -3.282 -1 -3.424 -1 57
-3.353 -1 -3.256 -1 -3.324 -1 -3.522 -1 78
-3.423 -1 -3.336 -1 -3.402 -1 -3.56 -1 95
-3.481 -1 -3.364 -1 -3.368 -1 -3.476 -1 2
-3.422 -1 -3.318 -1 -3.414 -1 -3.498 -1 171
-3.456 -1 -3.316 -1 -3.336 -1 -3.442 -1 32
-3.389 -1 -3.274 -1 -3.286 -1 -3.392 -1 15
-3.339 -1 -3.186 -1 -3.278 -1 -3.442 -1 109
-3.36 -1 -3.266 -1 -3.336 -1 -3.5 -1 86
-3.418 -1 -3.28 -1 -3.286 -1 -3.45 -1 43
-3.368 -1 -3.214 -1 -3.234 -1 -3.49 -2 22
-3.362 -1 -3.296 -1 -3.354 -2 -3.432 -1 173
-3.393 -1 -3.24 -1 -3.25 -1 -3.412 -2 23
-3.331 -1 -3.194 -1 -3.248 -2 -3.368 -1 36
-3.308 -1 -3.238 -1 -3.332 -2 -3.488 -2 199
-3.41 -2 -3.276 -2 -3.382 -2 -3.502 -1 154
-3.442 -1 -3.356 -2 -3.484 -2 -3.626 -1 194
-3.555 -1 -3.448 -2 -3.494 -1 -3.6 -2 191
-3.547 -1 -3.412 -1 -3.428 -1 -3.598 -1 42
-3.513 -1 -3.354 -1 -3.446 -1 -3.556 -1 159
-3.501 -1 -3.404 -1 -3.42 -1 -3.526 -2 31
-3.473 -1 -3.296 -1 -3.358 -1 -3.522 -2 66
-3.44 -1 -3.332 -1 -3.378 -1 -3.516 -1 72
-3.447 -1 -3.308 -1 -3.374 -1 -3.568 -1 116
-3.471 -1 -3.384 -1 -3.424 -1 -3.542 -1 67
-3.483 -1 -3.334 -1 -3.356 -1 -3.478 -1 113
-3.417 -1 -3.292 -1 -3.362 -1 -3.482 -1 133
-3.422 -1 -3.31 -1 -3.31 -1 -3.474 -1 0
-3.392 -1 -3.302 -1 -3.33 -1 -3.47 -1 111
-3.4 -1 -3.318 -1 -3.318 -1 -3.49 -1 59
-3.404 -1 -3.238 -1 -3.264 -1 -3.46 -1 54
-3.362 -1 -3.236 -1 -3.244 -1 -3.46 -1 6
-3.352 -1 -3.268 -1 -3.352 -1 -3.464 -2 153
-3.408 -1 -3.274 -1 -3.276 -1 -3.502 -1 7
-3.389 -1 -3.296 -1 -3.306 -1 -3.418 -1 11
-3.362 -1 -3.21 -1 -3.332 -1 -3.544 -1 188
-3.438 -1 -3.324 -1 -3.346 -1 -3.544 -1 77
-3.445 -1 -3.254 -1 -3.262 -1 -3.418 -1 23
-3.34 -1 -3.184 -1 -3.184 -1 -3.45 -1 0
-3.317 -1 -3.186 -1 -3.202 -1 -3.396 -1 48
-3.299 -1 -3.158 -1 -3.25 -1 -3.472 -1 148
-3.361 -1 -3.236 -1 -3.292 -1 -3.466 -2 153
-3.379 -1 -3.304 -1 -3.33 -1 -3.504 -1 54
-3.417 -1 -3.26 -1 -3.334 -1 -3.496 -1 107
-3.415 -1 -3.27 -1 -3.346 -1 -3.488 -1 186
-3.417 -1 -3.296 -1 -3.36 -1 -3.518 -1 134
-3.439 -1 -3.282 -1 -3.29 -1 -3.536 -1 10
-3.413 -1 -3.28 -1 -3.364 -1 -3.53 -2 154
-3.447 -1 -3.338 -1 -3.368 -1 -3.596 -1 37
-3.482 -1 -3.362 -1 -3.422 -1 -3.522 -1 103
-3.472 -1 -3.354 -1 -3.424 -1 -3.532 -1 140
-3.478 -1 -3.328 -1 -3.33 -1 -3.44 -1 8
-3.385 -1 -3.27 -1 -3.27 -1 -3.414 -1 5
-3.342 -1 -3.212 -1 -3.28 -1 -3.396 -1 161
-3.338 -1 -3.19 -1 -3.262 -1 -3.444 -1 100
-3.353 -1 -3.204 -1 -3.232 -1 -3.42 -1 66
-3.326 -1 -3.2 -1 -3.3 -1 -3.428 -2 191
-3.364 -1 -3.228 -1 -3.268 -1 -3.48 -1 99
-3.374 -1 -3.3 -1 -3.378 -1 -3.466 -1 159
-3.422 -1 -3.29 -1 -3.352 -1 -3.516 -2 130
-3.434 -1 -3.312 -1 -3.352 -1 -3.508 -1 55
-3.43 -1 -3.282 -1 -3.366 -1 -3.526 -2 88
-3.446 -1 -3.282 -1 -3.394 -1 -3.594 -1 138
-3.494 -1 -3.362 -1 -3.416 -1 -3.588 -2 117
-3.502 -1 -3.336 -1 -3.382 -1 -3.566 -2 120
-3.474 -1 -3.29 -1 -3.42 -1 -3.496 -1 198
-3.458 -1 -3.348 -1 -3.348 -1 -3.496 -1 12
-3.422 -1 -3.216 -1 -3.318 -1 -3.518 -1 167
-3.418 -1 -3.29 -1 -3.416 -1 -3.518 -2 178
-3.467 -1 -3.318 -1 -3.36 -1 -3.518 -2 82
-3.439 -1 -3.272 -1 -3.368 -1 -3.578 -1 188
-3.473 -1 -3.306 -1 -3.404 -1 -3.502 -1 160
-3.453 -1 -3.336 -1 -3.358 -1 -3.55 -1 63
-3.454 -1 -3.336 -1 -3.34 -1 -3.512 -1 49
-3.426 -1 -3.302 -1 -3.32 -1 -3.534 -1 29
-3.427 -1 -3.27 -1 -3.394 -1 -3.532 -1 178
-3.463 -1 -3.32 -1 -3.314 -1 -3.536 -1 2
-3.425 -1 -3.308 -1 -3.332 -1 -3.484 -1 46
-3.408 -1 -3.262 -1 -3.278 -1 -3.442 -1 15
-3.36 -1 -3.248 -1 -3.312 -1 -3.39 -1 47
-3.351 -1 -3.216 -1 -3.318 -1 -3.434 -1 181
-3.376 -1 -3.288 -1 -3.37 -1 -3.48 -1 157
-3.425 -1 -3.276 -1 -3.35 -1 -3.534 -1 146
-3.442 -1 -3.304 -1 -3.432 -1 -3.544 -1 184
-3.488 -1 -3.356 -1 -3.392 -1 -3.576 -1 177
-3.484 -1 -3.33 -1 -3.41 -1 -3.584 -1 176
-3.497 -1 -3.378 -1 -3.462 -1 -3.55 -1 178
-3.506 -1 -3.376 -1 -3.452 -1 -3.612 -1 75
-3.532 -1 -3.35 -1 -3.39 -1 -3.518 -1 73
-3.454 -1 -3.294 -1 -3.384 -1 -3.49 -1 129
-3.437 -1 -3.312 -1 -3.37 -1 -3.468 -1 67
-3.419 -1 -3.284 -1 -3.34 -1 -3.582 -2 194
-3.461 -1 -3.264 -1 -3.318 -1 -3.486 -1 128
-3.402 -1 -3.234 -1 -3.36 -1 -3.546 -1 134
-3.453 -1 -3.284 -1 -3.368 -1 -3.528 -1 153
-3.448 -1 -3.336 -1 -3.364 -1 -3.596 -2 90
-3.48 -1 -3.322 -1 -3.388 -1 -3.586 -2 151
-3.487 -1 -3.314 -1 -3.362 -1 -3.498 -2 108
-3.43 -1 -3.308 -1 -3.318 -1 -3.452 -1 45
-3.385 -1 -3.276 -1 -3.288 -1 -3.426 -1 19
-3.357 -1 -3.232 -1 -3.348 -1 -3.496 -1 157
-3.422 -1 -3.33 -1 -3.474 -1 -3.576 -2 184
-3.525 -1 -3.402 -1 -3.452 -1 -3.6 -2 146
-3.526 -1 -3.428 -1 -3.514 -1 -3.542 -1 138
-3.528 -1 -3.406 -1 -3.416 -1 -3.544 -1 27
-3.48 -1 -3.304 -1 -3.41 -1 -3.474 -1 196
-3.442 -1 -3.27 -1 -3.388 -1 -3.516 -1 196
-3.452 -1 -3.314 -1 -3.41 -1 -3.596 -2 150
-3.503 -1 -3.41 -1 -3.416 -1 -3.574 -1 45
-3.495 -1 -3.338 -1 -3.452 -1 -3.548 -1 176
-3.5 -1 -3.364 -1 -3.396 -1 -3.522 -2 46
-3.459 -1 -3.362 -1 -3.444 -1 -3.54 -1 142
-3.492 -1 -3.29 -1 -3.32 -1 -3.438 -1 38
-3.379 -1 -3.286 -1 -3.356 -1 -3.518 -2 67
-3.437 -1 -3.332 -1 -3.34 -1 -3.464 -2 34
-3.402 -1 -3.188 -1 -3.304 -1 -3.488 -1 176
-3.396 -1 -3.236 -1 -3.244 -1 -3.41 -1 12
-3.327 -1 -3.18 -1 -3.246 -1 -3.472 -1 159
-3.359 -1 -3.188 -1 -3.206 -1 -3.444 -1 49
-3.325 -1 -3.168 -1 -3.164 -1 -3.314 -1 26
-3.239 -1 -3.116 -1 -3.214 -1 -3.422 -1 123
-3.318 -1 -3.184 -1 -3.296 -1 -3.388 -1 143
-3.342 -1 -3.208 -1 -3.248 -1 -3.502 -2 108
-3.375 -1 -3.262 -1 -3.362 -1 -3.46 -1 107
-3.411 -1 -3.308 -1 -3.346 -1 -3.444 -2 67
-3.395 -1 -3.272 -1 -3.334 -1 -3.412 -2 119
-3.373 -1 -3.266 -1 -3.318 -1 -3.426 -1 81
-3.372 -1 -3.276 -1 -3.324 -1 -3.522 -1 65
-3.423 -1 -3.324 -1 -3.37 -1 -3.494 -1 119
-3.432 -1 -3.314 -1 -3.328 -1 -3.47 -1 72
-3.399 -1 -3.25 -1 -3.256 -1 -3.4 -2 89
-3.328 -1 -3.23 -1 -3.318 -1 -3.38 -1 94
-3.349 -1 -3.234 -1 -3.276 -1 -3.432 -1 81
-3.354 -1 -3.272 -1 -3.342 -1 -3.558 -2 189
-3.45 -1 -3.29 -1 -3.32 -1 -3.57 -2 52
-3.445 -1 -3.318 -1 -3.34 -2 -3.468 -1 112
-3.404 -1 -3.248 -1 -3.32 -1 -3.46 -2 162
-3.39 -1 -3.248 -1 -3.354 -1 -3.468 -1 130
-3.411 -1 -3.284 -1 -3.354 -1 -3.5 -1 178
-3.427 -1 -3.32 -1 -3.384 -1 -3.536 -2 72
-3.46 -1 -3.28 -1 -3.324 -1 -3.518 -2 52
-3.421 -1 -3.286 -2 -3.34 -2 -3.518 -1 98
-3.429 -1 -3.302 -1 -3.4 -1 -3.696 -1 160
-3.548 -1 -3.412 -1 -3.434 -1 -3.538 -2 55
-3.486 -1 -3.406 -1 -3.478 -1 -3.598 -1 126
-3.538 -1 -3.398 -1 -3.394 -1 -3.504 -2 27
-3.449 -1 -3.324 -1 -3.446 -1 -3.538 -1 193
-3.492 -1 -3.382 -1 -3.432 -1 -3.584 -1 101
-3.508 -1 -3.388 -1 -3.48 -1 -3.57 -1 174
-3.525 -1 -3.454 -1 -3.46 -1 -3.596 -1 22
-3.528 -1 -3.386 -1 -3.426 -1 -3.554 -1 114
-3.49 -1 -3.366 -1 -3.418 -1 -3.492 -1 90
-3.455 -1 -3.306 -1 -3.402 -1 -3.544 -2 194
-3.473 -1 -3.38 -1 -3.424 -1 -3.544 -1 173
-3.484 -1 -3.386 -1 -3.406 -1 -3.506 -1 19
-3.456 -1 -3.362 -1 -3.422 -1 -3.568 -1 199
-3.495 -1 -3.326 -1 -3.34 -1 -3.466 -1 17
-3.403 -1 -3.298 -1 -3.328 -1 -3.528 -1 29
-3.428 -1 -3.254 -1 -3.306 -1 -3.488 -1 85
-3.397 -1 -3.248 -1 -3.288 -1 -3.47 -1 59
-3.379 -1 -3.258 -1 -3.356 -1 -3.532 -1 135
-3.444 -1 -3.306 -1 -3.368 -1 -3.574 -1 113
-3.471 -1 -3.31 -1 -3.39 -1 -3.528 -1 159
-3.459 -1 -3.376 -1 -3.438 -1 -3.566 -2 128
-3.502 -1 -3.336 -1 -3.34 -1 -3.484 -1 9
-3.412 -1 -3.31 -1 -3.424 -1 -3.534 -1 144
-3.479 -1 -3.302 -1 -3.42 -1 -3.7 -1 155
-3.56 -1 -3.412 -1 -3.444 -1 -3.462 -1 118
-3.453 -1 -3.294 -1 -3.424 -1 -3.508 -1 190
-3.466 -1 -3.306 -1 -3.39 -1 -3.524 -1 117
-3.457 -1 -3.282 -1 -3.336 -1 -3.532 -1 99
-3.434 -1 -3.326 -1 -3.41 -1 -3.582 -2 185
-3.496 -1 -3.35 -1 -3.438 -1 -3.512 -1 170
-3.475 -1 -3.33 -1 -3.404 -1 -3.564 -2 136
-3.484 -1 -3.322 -1 -3.376 -1 -3.532 -1 115
-3.454 -1 -3.352 -1 -3.374 -1 -3.55 -1 62
-3.462 -1 -3.33 -1 -3.438 -1 -3.644 -1 175
-3.541 -1 -3.436 -1 -3.492 -1 -3.614 -1 90
-3.553 -1 -3.41 -1 -3.424 -1 -3.538 -1 6
-3.481 -1 -3.376 -1 -3.402 -1 -3.56 -2 45
-3.481 -1 -3.356 -2 -3.348 -2 -3.522 -1 23
-3.435 -1 -3.262 -1 -3.332 -1 -3.52 -1 90
-3.426 -1 -3.32 -1 -3.366 -1 -3.558 -1 142
-3.462 -1 -3.294 -1 -3.378 -1 -3.506 -1 176
-3.442 -1 -3.28 -1 -3.4 -1 -3.56 -2 153
-3.48 -1 -3.364 -1 -3.472 -1 -3.548 -1 138
-3.51 -1 -3.422 -1 -3.432 -1 -3.546 -2 29
-3.489 -1 -3.38 -1 -3.402 -1 -3.548 -2 33
-3.475 -1 -3.378 -1 -3.484 -1 -3.582 -1 194
-3.533 -1 -3.36 -1 -3.458 -1 -3.602 -1 149
-3.53 -1 -3.368 -1 -3.396 -1 -3.474 -1 77
-3.435 -1 -3.248 -1 -3.31 -1 -3.508 -2 138
-3.409 -1 -3.252 -1 -3.346 -1 -3.526 -1 161
-3.436 -1 -3.282 -1 -3.36 -1 -3.568 -1 111
-3.464 -1 -3.336 -1 -3.36 -1 -3.514 -1 50
-3.437 -1 -3.278 -1 -3.318 -1 -3.52 -1 65
-3.419 -1 -3.326 -1 -3.388 -1 -3.498 -1 101
-3.443 -1 -3.296 -1 -3.33 -1 -3.468 -1 52
-3.399 -1 -3.29 -1 -3.416 -1 -3.544 -1 179
-3.48 -1 -3.368 -1 -3.448 -1 -3.612 -2 148
-3.53 -1 -3.442 -1 -3.448 -1 -3.542 -1 9
-3.495 -1 -3.348 -1 -3.446 -1 -3.558 -1 199
-3.502 -1 -3.396 -1 -3.396 -1 -3.564 -1 3
-3.48 -1 -3.344 -1 -3.344 -1 -3.508 -1 0
-3.426 -1 -3.352 -1 -3.388 -1 -3.522 -2 108
-3.455 -1 -3.332 -1 -3.458 -1 -3.552 -1 161
-3.505 -1 -3.426 -1 -3.508 -2 -3.57 -2 173
-3.539 -2 -3.416 -2 -3.476 -2 -3.594 -1 133
-3.535 -1 -3.362 -1 -3.38 -1 -3.474 -2 28
-3.427 -1 -3.306 -1 -3.39 -1 -3.48 -1 171
-3.435 -1 -3.304 -1 -3.366 -1 -3.536 -1 103
-3.451 -1 -3.264 -1 -3.362 -1 -3.55 -2 143
-3.456 -1 -3.33 -1 -3.328 -1 -3.486 -1 3
-3.407 -1 -3.288 -1 -3.308 -1 -3.43 -1 62
-3.369 -1 -3.262 -1 -3.336 -1 -3.552 -1 77
-3.444 -1 -3.302 -1 -3.374 -1 -3.562 -1 105
-3.468 -1 -3.316 -1 -3.34 -1 -3.428 -1 100
-3.384 -1 -3.298 -1 -3.344 -1 -3.498 -1 53
-3.421 -1 -3.272 -1 -3.322 -1 -3.488 -1 72
-3.405 -1 -3.238 -1 -3.248 -1 -3.41 -1 27
-3.329 -1 -3.214 -1 -3.268 -1 -3.428 -1 68
-3.348 -1 -3.276 -1 -3.358 -1 -3.558 -2 130
-3.458 -1 -3.336 -1 -3.338 -1 -3.446 -1 20
-3.392 -1 -3.218 -1 -3.274 -1 -3.444 -1 79
-3.359 -1 -3.228 -1 -3.32 -1 -3.438 -1 153
-3.379 -1 -3.268 -1 -3.35 -1 -3.46 -2 128
-3.405 -1 -3.318 -1 -3.344 -1 -3.512 -2 118
-3.428 -1 -3.292 -1 -3.376 -1 -3.546 -1 156
-3.461 -1 -3.34 -1 -3.354 -1 -3.536 -2 24
-3.445 -1 -3.3 -1 -3.304 -1 -3.496 -1 6
-3.4 -1 -3.254 -1 -3.3 -1 -3.432 -1 68
-3.366 -1 -3.218 -1 -3.242 -1 -3.39 -2 49
-3.316 -1 -3.25 -1 -3.332 -1 -3.482 -1 117
-3.407 -1 -3.268 -1 -3.386 -1 -3.468 -1 152
-3.427 -1 -3.348 -1 -3.36 -1 -3.542 -1 12
-3.451 -1 -3.294 -1 -3.394 -1 -3.56 -1 176
-3.477 -1 -3.368 -1 -3.422 -1 -3.574 -1 86
-3.498 -1 -3.352 -1 -3.394 -1 -3.494 -1 60
-3.444 -1 -3.332 -1 -3.384 -1 -3.52 -1 164
-3.452 -1 -3.374 -1 -3.382 -1 -3.542 -1 47
-3.462 -1 -3.27 -1 -3.278 -1 -3.488 -1 29
-3.383 -1 -3.302 -1 -3.33 -1 -3.476 -1 60
-3.403 -1 -3.28 -1 -3.418 -1 -3.56 -2 194
-3.489 -1 -3.31 -1 -3.392 -1 -3.512 -2 135
-3.452 -1 -3.324 -1 -3.388 -1 -3.548 -1 74
-3.468 -1 -3.28 -1 -3.314 -1 -3.482 -1 44
-3.398 -1 -3.274 -1 -3.35 -1 -3.478 -2 114
-3.414 -1 -3.268 -1 -3.278 -1 -3.496 -1 46
-3.387 -1 -3.238 -1 -3.272 -1 -3.458 -2 79
-3.365 -1 -3.27 -1 -3.354 -1 -3.474 -1 146
-3.414 -1 -3.302 -1 -3.342 -2 -3.53 -1 179
-3.436 -1 -3.35 -1 -3.35 -1 -3.476 -1 81
-3.413 -1 -3.268 -1 -3.27 -1 -3.426 -2 2
-3.348 -1 -3.252 -1 -3.344 -1 -3.504 -1 120
-3.424 -1 -3.326 -1 -3.408 -2 -3.508 -1 181
-3.458 -1 -3.322 -1 -3.4 -2 -3.56 -1 142
-3.48 -1 -3.358 -1 -3.432 -1 -3.568 -1 156
-3.5 -1 -3.346 -1 -3.35 -1 -3.456 -1 9
-3.403 -1 -3.352 -1 -3.402 -1 -3.548 -2 29
-3.475 -1 -3.34 -1 -3.412 -1 -3.552 -1 99
-3.482 -1 -3.34 -1 -3.386 -1 -3.582 -1 161
-3.484 -1 -3.352 -1 -3.376 -1 -3.496 -2 66
-3.436 -1 -3.276 -1 -3.322 -1 -3.504 -1 39
-3.413 -1 -3.292 -1 -3.324 -1 -3.448 -1 100
-3.386 -1 -3.23 -1 -3.328 -1 -3.574 -2 196
-3.451 -1 -3.292 -1 -3.414 -1 -3.514 -1 140
-3.464 -1 -3.312 -1 -3.316 -1 -3.532 -1 5
-3.424 -1 -3.264 -1 -3.29 -1 -3.514 -1 55
-3.402 -1 -3.256 -1 -3.27 -1 -3.4 -1 38
-3.335 -1 -3.206 -1 -3.218 -1 -3.344 -2 31
-3.281 -1 -3.166 -1 -3.286 -1 -3.454 -2 191
-3.37 -1 -3.226 -1 -3.264 -1 -3.41 -1 39
-3.337 -1 -3.194 -1 -3.196 -1 -3.506 -1 12
-3.351 -1 -3.224 -1 -3.336 -1 -3.406 -1 113
-3.371 -1 -3.268 -1 -3.356 -1 -3.428 -1 168
-3.392 -1 -3.264 -1 -3.332 -1 -3.438 -1 199
-3.385 -1 -3.254 -1 -3.352 -1 -3.446 -1 112
-3.399 -1 -3.234 -1 -3.26 -1 -3.41 -1 60
-3.335 -1 -3.224 -1 -3.26 -1 -3.454 -1 97
-3.357 -1 -3.222 -1 -3.332 -1 -3.5 -1 176
-3.416 -1 -3.306 -1 -3.354 -1 -3.474 -1 96
-3.414 -1 -3.292 -1 -3.286 -1 -3.47 -1 31
-3.378 -1 -3.244 -1 -3.354 -1 -3.476 -1 161
-3.415 -1 -3.276 -1 -3.294 -1 -3.434 -1 48
-3.364 -1 -3.246 -1 -3.368 -1 -3.456 -1 185
-3.412 -1 -3.248 -1 -3.26 -1 -3.346 -1 45
-3.303 -1 -3.172 -1 -3.288 -1 -3.466 -1 123
-3.377 -1 -3.292 -1 -3.302 -1 -3.448 -1 15
-3.375 -1 -3.236 -1 -3.31 -1 -3.442 -1 74
-3.376 -1 -3.294 -1 -3.374 -1 -3.518 -2 148
-3.446 -1 -3.284 -1 -3.334 -1 -3.448 -1 74
-3.391 -1 -3.228 -1 -3.298 -1 -3.472 -1 141
-3.385 -1 -3.29 -1 -3.304 -1 -3.44 -1 29
-3.372 -1 -3.248 -1 -3.326 -1 -3.472 -1 147
-3.399 -1 -3.27 -1 -3.284 -1 -3.486 -1 18
-3.385 -1 -3.224 -1 -3.248 -1 -3.486 -1 13
-3.367 -1 -3.262 -1 -3.32 -1 -3.476 -2 133
-3.398 -1 -3.22 -1 -3.326 -1 -3.458 -1 154
-3.392 -1 -3.312 -1 -3.364 -1 -3.542 -1 58
-3.453 -1 -3.328 -1 -3.364 -1 -3.492 -1 107
-3.428 -1 -3.314 -1 -3.362 -1 -3.456 -1 25
-3.409 -1 -3.26 -1 -3.352 -1 -3.54 -2 134
-3.446 -1 -3.292 -1 -3.306 -1 -3.444 -2 27
-3.375 -1 -3.216 -1 -3.284 -1 -3.466 -2 93
-3.375 -1 -3.242 -1 -3.302 -1 -3.456 -2 116
-3.379 -1 -3.248 -1 -3.37 -1 -3.484 -2 165
-3.427 -1 -3.31 -2 -3.404 -2 -3.538 -2 141
-3.471 -2 -3.316 -2 -3.382 -1 -3.508 -2 164
-3.445 -1 -3.346 -2 -3.47 -2 -3.566 -1 197
-3.518 -1 -3.42 -2 -3.49 -2 -3.56 -1 151
-3.525 -1 -3.418 -1 -3.502 -1 -3.544 -2 172
-3.523 -1 -3.382 -1 -3.426 -1 -3.594 -1 196
-3.51 -1 -3.384 -1 -3.404 -1 -3.588 -2 24
-3.496 -1 -3.394 -1 -3.418 -1 -3.568 -2 136
-3.493 -1 -3.368 -1 -3.368 -1 -3.476 -1 14
-3.422 -1 -3.296 -1 -3.336 -1 -3.538 -1 144
-3.437 -1 -3.324 -1 -3.418 -1 -3.554 -1 152
-3.486 -1 -3.354 -1 -3.44 -1 -3.596 -1 191
-3.518 -1 -3.376 -1 -3.432 -1 -3.548 -1 130
-3.49 -1 -3.366 -1 -3.464 -1 -3.556 -2 150
-3.51 -1 -3.354 -1 -3.366 -2 -3.518 -2 29
-3.442 -2 -3.29 -2 -3.374 -2 -3.504 -1 130
-3.439 -1 -3.358 -1 -3.474 -2 -3.572 -1 196
-3.523 -1 -3.404 -1 -3.472 -1 -3.572 -1 179
-3.522 -1 -3.364 -1 -3.392 -1 -3.566 -1 57
-3.479 -1 -3.35 -1 -3.412 -1 -3.55 -1 185
-3.481 -1 -3.372 -1 -3.466 -1 -3.55 -1 165
-3.508 -1 -3.308 -1 -3.332 -1 -3.51 -1 120
-3.421 -1 -3.298 -1 -3.31 -1 -3.53 -1 9
-3.42 -1 -3.314 -1 -3.336 -1 -3.534 -1 41
-3.435 -1 -3.322 -1 -3.412 -1 -3.506 -1 192
-3.459 -1 -3.294 -1 -3.326 -1 -3.468 -1 68
-3.397 -1 -3.276 -1 -3.322 -1 -3.502 -1 72
-3.412 -1 -3.344 -1 -3.376 -1 -3.466 -1 42
-3.421 -1 -3.302 -1 -3.32 -1 -3.514 -2 49
-3.417 -1 -3.28 -1 -3.33 -1 -3.45 -1 151
-3.39 -1 -3.196 -1 -3.256 -1 -3.432 -1 109
-3.344 -1 -3.154 -1 -3.22 -1 -3.36 -1 115
-3.29 -1 -3.122 -1 -3.21 -1 -3.416 -1 112
-3.313 -1 -3.182 -1 -3.19 -1 -3.416 -1 24
-3.303 -1 -3.222 -1 -3.232 -1 -3.404 -1 30
-3.318 -1 -3.174 -1 -3.294 -1 -3.43 -1 195
-3.362 -1 -3.17 -1 -3.192 -1 -3.438 -1 60
-3.315 -1 -3.158 -1 -3.208 -1 -3.422 -1 107
-3.315 -1 -3.15 -1 -3.198 -1 -3.386 -1 32
-3.292 -1 -3.152 -1 -3.294 -1 -3.418 -1 157
-3.356 -1 -3.206 -1 -3.298 -1 -3.472 -1 187
-3.385 -1 -3.26 -1 -3.26 -1 -3.41 -1 1
-3.335 -1 -3.158 -1 -3.25 -1 -3.44 -2 137
-3.345 -1 -3.24 -1 -3.296 -1 -3.44 -1 96
-3.368 -1 -3.27 -1 -3.34 -1 -3.512 -1 70
-3.426 -1 -3.296 -1 -3.334 -1 -3.506 -2 46
-3.42 -1 -3.274 -1 -3.348 -1 -3.5 -1 156
-3.424 -1 -3.258 -1 -3.25 -1 -3.434 -1 4
-3.342 -1 -3.226 -1 -3.288 -1 -3.524 -1 102
-3.406 -1 -3.238 -1 -3.27 -1 -3.43 -1 23
-3.35 -1 -3.246 -1 -3.292 -1 -3.438 -1 66
-3.365 -1 -3.17 -1 -3.224 -1 -3.404 -1 78
-3.314 -1 -3.168 -1 -3.234 -1 -3.422 -1 123
-3.328 -1 -3.222 -1 -3.3 -1 -3.46 -2 126
-3.38 -1 -3.224 -1 -3.238 -1 -3.366 -1 15
-3.302 -1 -3.158 -1 -3.2 -1 -3.41 -1 77
-3.305 -1 -3.184 -1 -3.268 -1 -3.402 -2 91
-3.335 -1 -3.216 -1 -3.278 -1 -3.488 -1 88
-3.383 -1 -3.218 -1 -3.276 -1 -3.414 -2 109
-3.345 -1 -3.232 -1 -3.246 -1 -3.406 -1 26
-3.326 -1 -3.18 -1 -3.206 -1 -3.396 -1 33
-3.301 -1 -3.174 -1 -3.212 -1 -3.392 -1 52
-3.302 -1 -3.15 -1 -3.276 -1 -3.382 -1 114
-3.329 -1 -3.166 -1 -3.22 -1 -3.444 -2 51
-3.332 -1 -3.224 -1 -3.256 -1 -3.462 -2 40
-3.359 -1 -3.222 -1 -3.266 -1 -3.412 -1 63
-3.339 -1 -3.216 -1 -3.218 -1 -3.412 -1 7
-3.315 -1 -3.194 -1 -3.246 -1 -3.468 -2 46
-3.357 -1 -3.212 -1 -3.308 -1 -3.44 -2 138
-3.374 -1 -3.258 -1 -3.268 -1 -3.434 -1 39
-3.351 -1 -3.208 -1 -3.262 -1 -3.43 -1 108
-3.346 -1 -3.208 -1 -3.226 -1 -3.43 -1 50
-3.328 -1 -3.218 -1 -3.22 -1 -3.494 -2 7
-3.357 -1 -3.214 -1 -3.264 -1 -3.498 -1 94
-3.381 -1 -3.164 -1 -3.214 -1 -3.464 -1 43
-3.339 -1 -3.204 -1 -3.256 -1 -3.522 -1 61
-3.389 -1 -3.272 -1 -3.286 -1 -3.478 -1 55
-3.382 -1 -3.232 -1 -3.328 -1 -3.532 -1 98
-3.43 -1 -3.254 -1 -3.268 -1 -3.414 -1 42
-3.341 -1 -3.242 -1 -3.3 -1 -3.488 -2 85
-3.394 -1 -3.268 -1 -3.294 -1 -3.41 -2 53
-3.352 -1 -3.232 -1 -3.346 -1 -3.534 -2 174
-3.44 -1 -3.298 -1 -3.296 -1 -3.398 -1 18
-3.347 -1 -3.264 -1 -3.374 -1 -3.542 -1 162
-3.458 -1 -3.35 -1 -3.366 -1 -3.522 -2 121
-3.444 -1 -3.296 -1 -3.328 -1 -3.482 -1 85
-3.405 -1 -3.31 -1 -3.402 -1 -3.526 -2 119
-3.464 -1 -3.278 -2 -3.296 -2 -3.44 -1 13
-3.368 -1 -3.272 -1 -3.296 -1 -3.482 -1 46
-3.389 -1 -3.262 -1 -3.34 -1 -3.506 -1 178
-3.423 -1 -3.306 -1 -3.304 -1 -3.5 -2 6
-3.402 -1 -3.258 -1 -3.318 -1 -3.416 -1 131
-3.367 -1 -3.244 -1 -3.262 -1 -3.416 -1 20
-3.339 -1 -3.226 -1 -3.266 -1 -3.468 -1 146
-3.367 -1 -3.268 -1 -3.326 -1 -3.504 -2 97
-3.415 -1 -3.232 -1 -3.278 -2 -3.458 -1 31
-3.368 -1 -3.266 -1 -3.404 -1 -3.49 -1 198
-3.447 -1 -3.326 -1 -3.42 -1 -3.57 -1 158
-3.495 -1 -3.312 -1 -3.406 -1 -3.526 -1 174
-3.466 -1 -3.306 -1 -3.416 -1 -3.504 -1 166
-3.46 -1 -3.356 -1 -3.358 -1 -3.486 -1 3
-3.422 -1 -3.3 -1 -3.308 -1 -3.496 -1 22
-3.402 -1 -3.342 -1 -3.398 -1 -3.574 -1 138
-3.486 -1 -3.356 -1 -3.426 -1 -3.572 -1 99
-3.499 -1 -3.312 -1 -3.39 -1 -3.546 -1 113
-3.468 -1 -3.37 -1 -3.436 -1 -3.574 -2 92
-3.505 -1 -3.386 -1 -3.43 -1 -3.58 -1 161
-3.505 -1 -3.382 -1 -3.398 -1 -3.536 -1 20
-3.467 -1 -3.344 -1 -3.378 -1 -3.562 -2 61
-3.47 -1 -3.306 -1 -3.338 -1 -3.508 -1 60
-3.423 -1 -3.27 -1 -3.374 -1 -3.568 -2 177
-3.471 -1 -3.368 -1 -3.436 -1 -3.598 -1 168
-3.517 -1 -3.326 -1 -3.382 -1 -3.598 -2 167
-3.49 -1 -3.4 -1 -3.494 -1 -3.652 -1 117
-3.573 -1 -3.416 -1 -3.418 -1 -3.51 -1 26
-3.464 -1 -3.272 -1 -3.278 -1 -3.47 -2 11
-3.374 -1 -3.326 -1 -3.37 -1 -3.502 -1 152
-3.436 -1 -3.278 -1 -3.318 -1 -3.442 -1 108
-3.38 -1 -3.288 -1 -3.394 -1 -3.506 -1 117
-3.45 -1 -3.322 -1 -3.386 -1 -3.546 -1 138
-3.466 -1 -3.386 -1 -3.424 -1 -3.562 -1 97
-3.493 -1 -3.416 -1 -3.454 -1 -3.536 -1 52
-3.495 -1 -3.3 -1 -3.354 -1 -3.584 -1 105
-3.469 -1 -3.322 -1 -3.312 -1 -3.494 -2 8
-3.403 -1 -3.292 -1 -3.386 -1 -3.526 -2 175
-3.456 -1 -3.292 -1 -3.332 -1 -3.486 -1 95
-3.409 -1 -3.266 -1 -3.394 -1 -3.45 -2 151
-3.422 -1 -3.336 -1 -3.368 -1 -3.506 -1 74
-3.437 -1 -3.288 -1 -3.336 -1 -3.528 -1 56
-3.432 -1 -3.306 -1 -3.352 -1 -3.504 -1 143
-3.428 -1 -3.332 -1 -3.394 -1 -3.54 -1 66
-3.467 -1 -3.342 -1 -3.392 -1 -3.59 -2 73
-3.491 -1 -3.34 -1 -3.348 -1 -3.496 -1 32
-3.422 -1 -3.262 -1 -3.328 -1 -3.392 -1 83
-3.36 -1 -3.272 -1 -3.31 -1 -3.528 -1 71
-3.419 -1 -3.31 -1 -3.422 -1 -3.51 -2 191
-3.466 -1 -3.298 -1 -3.42 -1 -3.6 -1 186
-3.51 -1 -3.396 -1 -3.482 -1 -3.57 -1 123
-3.526 -1 -3.418 -1 -3.482 -1 -3.646 -1 166
-3.564 -1 -3.398 -1 -3.448 -1 -3.616 -2 72
-3.532 -1 -3.44 -1 -3.43 -1 -3.524 -1 16
-3.477 -1 -3.344 -1 -3.404 -1 -3.538 -1 90
-3.471 -1 -3.338 -1 -3.44 -1 -3.6 -1 197
-3.52 -1 -3.426 -1 -3.438 -1 -3.524 -1 37
-3.481 -1 -3.304 -1 -3.396 -1 -3.576 -1 170
-3.486 -1 -3.322 -1 -3.326 -1 -3.51 -1 9
-3.418 -1 -3.262 -1 -3.292 -1 -3.542 -2 61
-3.417 -1 -3.262 -1 -3.35 -1 -3.472 -1 156
-3.411 -1 -3.28 -1 -3.346 -1 -3.566 -1 98
-3.456 -1 -3.342 -1 -3.422 -1 -3.52 -1 151
-3.471 -1 -3.36 -1 -3.418 -1 -3.562 -1 154
-3.49 -1 -3.388 -1 -3.422 -1 -3.576 -1 68
-3.499 -1 -3.388 -1 -3.436 -1 -3.58 -1 154
-3.508 -1 -3.414 -1 -3.436 -1 -3.474 -2 94
-3.455 -1 -3.314 -1 -3.328 -1 -3.436 -1 22
-3.382 -1 -3.238 -1 -3.302 -1 -3.436 -1 73
-3.369 -1 -3.24 -1 -3.308 -1 -3.474 -1 134
-3.391 -1 -3.264 -1 -3.274 -1 -3.478 -1 25
-3.376 -1 -3.222 -1 -3.256 -1 -3.516 -2 30
-3.386 -1 -3.222 -1 -3.224 -1 -3.426 -1 17
-3.325 -1 -3.232 -1 -3.264 -1 -3.444 -1 38
-3.354 -1 -3.206 -1 -3.33 -1 -3.404 -1 157
-3.367 -1 -3.256 -1 -3.284 -1 -3.358 -1 71
-3.321 -1 -3.2 -1 -3.256 -1 -3.424 -2 60
-3.34 -1 -3.194 -1 -3.262 -1 -3.44 -1 166
-3.351 -1 -3.196 -1 -3.312 -1 -3.436 -1 167
-3.374 -1 -3.274 -1 -3.294 -1 -3.414 -2 39
-3.354 -1 -3.262 -1 -3.312 -1 -3.442 -1 71
-3.377 -1 -3.228 -1 -3.224 -1 -3.42 -1 3
-3.322 -1 -3.21 -1 -3.28 -1 -3.48 -1 146
-3.38 -1 -3.262 -1 -3.34 -1 -3.6 -1 141
-3.47 -1 -3.312 -1 -3.36 -1 -3.496 -2 130
-3.428 -1 -3.29 -1 -3.336 -1 -3.464 -1 89
-3.4 -1 -3.262 -1 -3.34 -1 -3.576 -1 150
-3.458 -1 -3.318 -1 -3.348 -1 -3.52 -2 119
-3.434 -1 -3.306 -1 -3.406 -1 -3.504 -1 158
-3.455 -1 -3.332 -1 -3.416 -1 -3.562 -1 96
-3.489 -1 -3.37 -1 -3.5 -1 -3.53 -1 180
-3.515 -1 -3.408 -1 -3.5 -1 -3.606 -1 197
-3.553 -1 -3.418 -1 -3.452 -1 -3.534 -2 27
-3.493 -1 -3.348 -1 -3.398 -1 -3.492 -1 137
-3.445 -1 -3.278 -1 -3.39 -1 -3.556 -1 194
-3.473 -1 -3.314 -1 -3.384 -1 -3.498 -1 92
-3.441 -1 -3.31 -1 -3.312 -1 -3.412 -1 7
-3.362 -1 -3.248 -1 -3.282 -1 -3.44 -1 29
-3.361 -1 -3.242 -1 -3.292 -1 -3.504 -1 61
-3.398 -1 -3.276 -1 -3.336 -1 -3.474 -1 125
-3.405 -1 -3.24 -1 -3.312 -1 -3.448 -1 138
-3.38 -1 -3.234 -1 -3.396 -1 -3.454 -1 164
-3.425 -1 -3.334 -1 -3.36 -1 -3.548 -2 60
-3.454 -1 -3.314 -2 -3.346 -2 -3.464 -2 64
-3.405 -2 -3.252 -2 -3.322 -2 -3.484 -1 95
-3.403 -1 -3.292 -1 -3.402 -2 -3.546 -1 180
-3.474 -1 -3.386 -1 -3.432 -1 -3.576 -2 95
-3.504 -1 -3.388 -1 -3.4 -1 -3.546 -2 99
-3.473 -1 -3.334 -2 -3.41 -2 -3.494 -2 81
-3.452 -2 -3.314 -2 -3.368 -2 -3.544 -2 64
-3.456 -2 -3.314 -2 -3.44 -2 -3.512 -1 184
-3.476 -1 -3.366 -1 -3.372 -1 -3.564 -2 7
-3.468 -1 -3.392 -1 -3.44 -1 -3.556 -1 43
-3.498 -1 -3.388 -1 -3.388 -1 -3.502 -1 0
-3.445 -1 -3.292 -1 -3.302 -1 -3.402 -2 17
-3.352 -1 -3.24 -1 -3.266 -1 -3.454 -1 44
-3.36 -1 -3.23 -1 -3.254 -1 -3.462 -2 51
-3.358 -1 -3.234 -1 -3.324 -1 -3.498 -1 178
-3.411 -1 -3.244 -1 -3.366 -1 -3.598 -2 170
-3.482 -1 -3.374 -1 -3.448 -1 -3.436 -1 131
-3.442 -1 -3.326 -1 -3.362 -1 -3.48 -1 65
-3.421 -1 -3.306 -1 -3.332 -1 -3.508 -1 110
-3.42 -1 -3.316 -1 -3.332 -1 -3.504 -2 91
-3.418 -1 -3.28 -1 -3.34 -1 -3.478 -1 155
-3.409 -1 -3.288 -1 -3.334 -1 -3.482 -2 105
-3.408 -1 -3.29 -1 -3.404 -1 -3.578 -2 145
-3.491 -1 -3.372 -1 -3.452 -1 -3.624 -1 103
-3.538 -1 -3.406 -1 -3.408 -1 -3.574 -1 7
-3.491 -1 -3.414 -1 -3.49 -1 -3.604 -1 160
-3.547 -1 -3.42 -1 -3.442 -1 -3.596 -1 94
-3.519 -1 -3.424 -1 -3.452 -1 -3.574 -2 106
-3.513 -1 -3.348 -1 -3.404 -1 -3.532 -1 72
-3.468 -1 -3.336 -1 -3.394 -1 -3.6 -2 125
-3.497 -1 -3.34 -1 -3.332 -1 -3.494 -1 32
-3.413 -1 -3.298 -1 -3.304 -1 -3.416 -1 43
-3.36 -1 -3.212 -1 -3.352 -2 -3.55 -1 172
-3.451 -1 -3.334 -1 -3.346 -1 -3.57 -2 26
-3.458 -1 -3.376 -2 -3.382 -2 -3.6 -2 1
-3.491 -2 -3.368 -2 -3.394 -2 -3.564 -1 105
-3.479 -1 -3.362 -1 -3.374 -1 -3.496 -1 76
-3.435 -1 -3.336 -1 -3.378 -1 -3.568 -1 75
-3.473 -1 -3.322 -1 -3.402 -1 -3.54 -1 175
-3.471 -1 -3.388 -1 -3.472 -1 -3.616 -1 198
-3.544 -1 -3.454 -2 -3.456 -2 -3.608 -2 1
-3.532 -2 -3.412 -2 -3.412 -2 -3.51 -1 5
-3.461 -1 -3.358 -2 -3.422 -2 -3.528 -1 119
-3.475 -1 -3.334 -2 -3.372 -1 -3.504 -1 94
-3.438 -1 -3.27 -1 -3.342 -1 -3.518 -1 184
-3.43 -1 -3.286 -2 -3.316 -1 -3.52 -1 69
-3.418 -1 -3.296 -1 -3.362 -1 -3.518 -1 87
-3.44 -1 -3.274 -1 -3.408 -1 -3.566 -2 191
-3.487 -1 -3.35 -1 -3.418 -1 -3.51 -2 126
-3.464 -1 -3.34 -1 -3.374 -1 -3.528 -1 87
-3.451 -1 -3.346 -1 -3.356 -1 -3.518 -1 21
-3.437 -1 -3.328 -1 -3.468 -1 -3.592 -1 190
-3.53 -1 -3.41 -1 -3.422 -1 -3.59 -1 11
-3.506 -1 -3.344 -1 -3.438 -1 -3.588 -1 192
-3.513 -1 -3.32 -1 -3.326 -1 -3.546 -1 11
-3.436 -1 -3.304 -1 -3.384 -1 -3.566 -1 151
-3.475 -1 -3.35 -1 -3.428 -1 -3.534 -2 154
-3.481 -1 -3.354 -2 -3.436 -2 -3.59 -1 99
-3.513 -1 -3.368 -2 -3.464 -2 -3.558 -1 179
-3.511 -1 -3.388 -1 -3.454 -1 -3.582 -2 152
-3.518 -1 -3.41 -1 -3.526 -1 -3.686 -2 187
-3.606 -1 -3.476 -1 -3.498 -2 -3.568 -1 148
-3.533 -1 -3.434 -1 -3.442 -1 -3.65 -2 24
-3.546 -1 -3.406 -1 -3.428 -1 -3.592 -1 21
-3.51 -1 -3.38 -1 -3.436 -1 -3.562 -1 78
-3.499 -1 -3.354 -1 -3.432 -1 -3.53 -1 138
-3.481 -1 -3.36 -1 -3.362 -1 -3.564 -1 23
-3.463 -1 -3.348 -1 -3.396 -1 -3.562 -2 109
-3.479 -1 -3.366 -1 -3.372 -1 -3.486 -1 6
-3.429 -1 -3.288 -1 -3.36 -1 -3.492 -2 151
-3.426 -1 -3.296 -1 -3.354 -1 -3.488 -1 86
-3.421 -1 -3.282 -1 -3.294 -1 -3.512 -1 32
-3.403 -1 -3.288 -1 -3.338 -1 -3.494 -1 84
-3.416 -1 -3.318 -1 -3.372 -1 -3.544 -1 67
-3.458 -1 -3.304 -1 -3.352 -1 -3.504 -1 86
-3.428 -1 -3.316 -1 -3.326 -1 -3.482 -2 13
-3.404 -1 -3.322 -1 -3.364 -1 -3.544 -1 74
-3.454 -1 -3.32 -1 -3.348 -1 -3.462 -1 46
-3.405 -1 -3.27 -1 -3.302 -1 -3.392 -1 84
-3.347 -1 -3.182 -1 -3.286 -1 -3.474 -1 195
-3.38 -1 -3.194 -1 -3.262 -1 -3.448 -1 140
-3.355 -1 -3.212 -1 -3.216 -1 -3.434 -2 23
-3.325 -1 -3.246 -1 -3.25 -1 -3.472 -2 15
-3.361 -1 -3.27 -1 -3.366 -1 -3.548 -1 186
-3.457 -1 -3.354 -1 -3.404 -1 -3.464 -2 108
-3.434 -1 -3.332 -1 -3.378 -1 -3.536 -1 97
-3.457 -1 -3.37 -1 -3.414 -1 -3.548 -2 114
-3.481 -1 -3.31 -1 -3.356 -1 -3.56 -1 64
-3.458 -1 -3.334 -1 -3.364 -1 -3.484 -2 43
-3.424 -1 -3.292 -1 -3.306 -1 -3.458 -1 121
-3.382 -1 -3.304 -1 -3.364 -1 -3.526 -1 111
-3.445 -1 -3.286 -1 -3.316 -1 -3.434 -1 63
-3.375 -1 -3.296 -1 -3.324 -1 -3.572 -2 34
-3.448 -1 -3.32 -1 -3.344 -1 -3.514 -2 32
-3.429 -1 -3.284 -1 -3.35 -1 -3.444 -1 173
-3.397 -1 -3.238 -1 -3.376 -1 -3.498 -1 199
-3.437 -1 -3.358 -2 -3.458 -2 -3.554 -1 134
-3.506 -1 -3.382 -1 -3.476 -2 -3.62 -1 159
-3.548 -1 -3.466 -1 -3.468 -1 -3.572 -2 2
-3.52 -1 -3.41 -1 -3.426 -1 -3.562 -2 38
-3.494 -1 -3.338 -2 -3.398 -2 -3.618 -1 134
-3.508 -1 -3.346 -1 -3.4 -1 -3.6 -1 101
-3.5 -1 -3.35 -1 -3.386 -1 -3.516 -2 56
-3.451 -1 -3.278 -1 -3.316 -1 -3.494 -1 173
-3.405 -1 -3.286 -1 -3.294 -1 -3.522 -1 71
-3.408 -1 -3.212 -1 -3.332 -1 -3.48 -1 130
-3.406 -1 -3.308 -1 -3.362 -1 -3.528 -2 80
-3.445 -1 -3.296 -1 -3.38 -1 -3.438 -1 152
-3.409 -1 -3.286 -1 -3.33 -1 -3.548 -1 60
-3.439 -1 -3.314 -1 -3.38 -1 -3.522 -1 137
-3.451 -1 -3.346 -1 -3.394 -1 -3.514 -1 50
-3.454 -1 -3.352 -1 -3.406 -1 -3.594 -2 62
-3.5 -1 -3.34 -2 -3.362 -2 -3.484 -2 36
-3.423 -2 -3.3 -2 -3.356 -2 -3.506 -1 88
-3.431 -1 -3.282 -1 -3.36 -1 -3.498 -1 135
-3.429 -1 -3.306 -1 -3.324 -1 -3.552 -2 71
-3.438 -1 -3.316 -1 -3.396 -1 -3.546 -1 105
-3.471 -1 -3.374 -1 -3.426 -1 -3.626 -1 82
-3.526 -1 -3.402 -1 -3.45 -1 -3.574 -1 64
-3.512 -1 -3.366 -1 -3.392 -1 -3.508 -1 116
-3.45 -1 -3.352 -1 -3.448 -1 -3.53 -1 175
-3.489 -1 -3.414 -1 -3.434 -1 -3.552 -2 31
-3.493 -1 -3.35 -1 -3.434 -1 -3.606 -2 132
-3.52 -1 -3.396 -1 -3.402 -1 -3.528 -1 1
-3.465 -1 -3.322 -1 -3.446 -1 -3.53 -1 136
-3.488 -1 -3.378 -1 -3.384 -1 -3.528 -1 59
-3.456 -1 -3.296 -1 -3.406 -1 -3.576 -1 164
-3.491 -1 -3.32 -1 -3.362 -1 -3.482 -1 95
-3.422 -1 -3.312 -1 -3.344 -2 -3.49 -1 143
-3.417 -1 -3.266 -1 -3.318 -1 -3.482 -1 99
-3.4 -1 -3.26 -1 -3.26 -1 -3.522 -1 4
-3.391 -1 -3.262 -1 -3.292 -1 -3.5 -1 26
-3.396 -1 -3.292 -1 -3.35 -1 -3.502 -2 85
-3.426 -1 -3.282 -1 -3.344 -1 -3.494 -1 190
-3.419 -1 -3.266 -1 -3.32 -1 -3.466 -2 44
-3.393 -1 -3.25 -1 -3.32 -1 -3.476 -1 121
-3.398 -1 -3.246 -1 -3.362 -1 -3.532 -1 177
-3.447 -1 -3.362 -1 -3.452 -1 -3.628 -2 161
-3.54 -1 -3.382 -1 -3.444 -2 -3.618 -2 168
-3.531 -2 -3.364 -2 -3.356 -2 -3.538 -2 8
-3.447 -2 -3.27 -2 -3.27 -2 -3.448 -2 8
-3.359 -2 -3.25 -2 -3.302 -2 -3.526 -1 93
-3.414 -1 -3.31 -2 -3.378 -1 -3.494 -1 134
-3.436 -1 -3.316 -1 -3.382 -1 -3.532 -2 119
-3.457 -1 -3.306 -1 -3.34 -1 -3.522 -1 51
-3.431 -1 -3.234 -1 -3.26 -1 -3.472 -1 99
-3.366 -1 -3.262 -1 -3.342 -1 -3.514 -2 188
-3.428 -1 -3.31 -1 -3.338 -1 -3.532 -1 59
-3.435 -1 -3.278 -1 -3.362 -1 -3.52 -1 140
-3.441 -1 -3.332 -1 -3.434 -1 -3.55 -1 148
-3.492 -1 -3.384 -1 -3.404 -1 -3.454 -2 92
-3.429 -1 -3.354 -1 -3.396 -1 -3.558 -2 68
-3.477 -1 -3.416 -1 -3.504 -2 -3.63 -2 170
-3.567 -2 -3.474 -2 -3.494 -2 -3.626 -1 75
-3.56 -1 -3.446 -1 -3.558 -1 -3.58 -1 189
-3.569 -1 -3.478 -1 -3.508 -1 -3.6 -1 97
-3.554 -1 -3.408 -1 -3.452 -1 -3.564 -1 90
-3.508 -1 -3.434 -1 -3.442 -1 -3.524 -1 38
-3.483 -1 -3.34 -1 -3.446 -1 -3.542 -2 133
-3.494 -1 -3.326 -1 -3.376 -1 -3.536 -2 70
-3.456 -1 -3.326 -1 -3.35 -1 -3.488 -1 26
-3.419 -1 -3.272 -1 -3.278 -1 -3.476 -2 20
-3.377 -1 -3.232 -1 -3.258 -1 -3.466 -2 97
-3.362 -1 -3.212 -1 -3.24 -1 -3.456 -1 39
-3.348 -1 -3.244 -1 -3.374 -1 -3.514 -2 157
-3.444 -1 -3.346 -1 -3.358 -1 -3.504 -1 69
-3.431 -1 -3.298 -1 -3.35 -1 -3.514 -2 57
-3.432 -1 -3.29 -1 -3.36 -1 -3.496 -1 141
-3.428 -1 -3.322 -1 -3.338 -1 -3.522 -2 45
-3.43 -1 -3.282 -1 -3.372 -1 -3.524 -2 193
-3.448 -1 -3.28 -1 -3.28 -1 -3.45 -2 6
-3.365 -1 -3.278 -2 -3.296 -2 -3.548 -1 48
-3.422 -1 -3.26 -1 -3.272 -1 -3.348 -2 14
-3.31 -1 -3.186 -1 -3.192 -1 -3.466 -1 3
-3.329 -1 -3.242 -1 -3.262 -1 -3.45 -2 92
-3.356 -1 -3.242 -1 -3.38 -1 -3.488 -1 177
-3.434 -1 -3.318 -1 -3.372 -1 -3.586 -1 185
-3.479 -1 -3.354 -1 -3.354 -1 -3.49 -1 44
-3.422 -1 -3.302 -1 -3.358 -1 -3.552 -1 77
-3.455 -1 -3.372 -1 -3.466 -1 -3.626 -1 196
-3.546 -1 -3.354 -1 -3.388 -1 -3.548 -1 43
-3.468 -1 -3.31 -1 -3.348 -1 -3.546 -1 58
-3.447 -1 -3.278 -1 -3.338 -1 -3.534 -1 56
-3.436 -1 -3.306 -1 -3.354 -1 -3.538 -1 104
-3.446 -1 -3.326 -1 -3.338 -1 -3.512 -2 74
-3.425 -1 -3.272 -1 -3.296 -1 -3.456 -1 64
-3.376 -1 -3.26 -1 -3.324 -1 -3.496 -1 101
-3.41 -1 -3.244 -1 -3.312 -1 -3.48 -1 116
-3.396 -1 -3.29 -1 -3.39 -1 -3.496 -1 139
-3.443 -1 -3.294 -1 -3.374 -1 -3.542 -2 101
-3.458 -1 -3.37 -1 -3.378 -1 -3.562 -1 12
-3.47 -1 -3.328 -1 -3.324 -1 -3.504 -1 8
-3.414 -1 -3.246 -1 -3.248 -1 -3.506 -1 10
-3.377 -1 -3.226 -1 -3.264 -1 -3.444 -1 46
-3.354 -1 -3.254 -1 -3.356 -1 -3.458 -1 145
-3.407 -1 -3.246 -1 -3.266 -1 -3.47 -1 56
-3.368 -1 -3.25 -1 -3.256 -1 -3.484 -1 58
-3.37 -1 -3.24 -1 -3.282 -1 -3.466 -1 43
-3.374 -1 -3.24 -1 -3.24 -1 -3.492 -1 37
-3.366 -1 -3.21 -1 -3.266 -1 -3.484 -1 95
-3.375 -1 -3.222 -1 -3.342 -1 -3.49 -2 133
-3.416 -1 -3.326 -1 -3.36 -1 -3.484 -1 40
-3.422 -1 -3.306 -1 -3.398 -1 -3.594 -1 127
-3.496 -1 -3.362 -1 -3.446 -1 -3.552 -2 171
-3.499 -1 -3.388 -1 -3.43 -1 -3.586 -1 115
-3.508 -1 -3.398 -1 -3.464 -1 -3.564 -1 145
-3.514 -1 -3.456 -1 -3.518 -1 -3.612 -1 157
-3.565 -1 -3.412 -1 -3.454 -1 -3.554 -1 76
-3.504 -1 -3.372 -1 -3.418 -1 -3.594 -1 59
-3.506 -1 -3.354 -1 -3.42 -1 -3.568 -2 136
-3.494 -1 -3.396 -1 -3.4 -1 -3.492 -2 11
-3.446 -1 -3.32 -1 -3.386 -1 -3.49 -1 181
-3.438 -1 -3.314 -1 -3.378 -1 -3.486 -1 104
-3.432 -1 -3.254 -1 -3.338 -1 -3.422 -2 130
-3.38 -1 -3.236 -1 -3.312 -1 -3.422 -1 129
-3.367 -1 -3.282 -1 -3.342 -1 -3.544 -1 123
-3.443 -1 -3.344 -1 -3.402 -1 -3.536 -2 141
-3.469 -1 -3.288 -1 -3.382 -1 -3.504 -1 114
-3.443 -1 -3.29 -1 -3.29 -1 -3.506 -1 24
-3.398 -1 -3.236 -1 -3.358 -1 -3.526 -2 145
-3.442 -1 -3.334 -1 -3.382 -1 -3.436 -1 116
-3.409 -1 -3.284 -1 -3.278 -1 -3.472 -1 36
-3.375 -1 -3.228 -1 -3.284 -1 -3.534 -1 89
-3.409 -1 -3.274 -1 -3.336 -1 -3.45 -2 124
-3.393 -1 -3.34 -1 -3.388 -1 -3.498 -1 80
-3.443 -1 -3.332 -1 -3.382 -1 -3.49 -1 79
-3.436 -1 -3.25 -1 -3.342 -1 -3.484 -2 102
-3.413 -1 -3.338 -1 -3.376 -1 -3.488 -1 25
-3.432 -1 -3.328 -1 -3.348 -1 -3.46 -1 54
-3.404 -1 -3.264 -1 -3.354 -1 -3.51 -1 160
-3.432 -1 -3.288 -1 -3.366 -1 -3.518 -1 176
-3.442 -1 -3.3 -1 -3.304 -1 -3.416 -1 26
-3.36 -1 -3.18 -1 -3.226 -1 -3.474 -1 47
-3.35 -1 -3.266 -1 -3.288 -1 -3.426 -1 96
-3.357 -1 -3.236 -1 -3.34 -1 -3.53 -2 122
-3.435 -1 -3.278 -1 -3.4 -2 -3.496 -1 173
-3.448 -1 -3.412 -2 -3.514 -2 -3.566 -2 157
-3.54 -2 -3.374 -2 -3.464 -2 -3.652 -2 196
-3.558 -2 -3.44 -2 -3.506 -2 -3.618 -2 168
-3.562 -2 -3.428 -2 -3.468 -2 -3.592 -2 79
-3.53 -2 -3.436 -2 -3.442 -2 -3.592 -1 4
-3.517 -1 -3.346 -1 -3.418 -2 -3.606 -2 173
-3.512 -2 -3.362 -2 -3.422 -2 -3.59 -2 128
-3.506 -2 -3.346 -2 -3.462 -2 -3.546 -1 123
-3.504 -1 -3.378 -1 -3.454 -1 -3.61 -1 176
-3.532 -1 -3.362 -1 -3.384 -1 -3.608 -2 93
-3.496 -1 -3.368 -1 -3.384 -1 -3.524 -2 32
-3.454 -1 -3.356 -1 -3.384 -1 -3.522 -2 75
-3.453 -1 -3.372 -2 -3.38 -2 -3.482 -1 45
-3.431 -1 -3.33 -2 -3.372 -2 -3.52 -2 53
-3.446 -2 -3.302 -2 -3.326 -2 -3.442 -2 22
-3.384 -2 -3.256 -2 -3.326 -2 -3.482 -1 76
-3.404 -1 -3.304 -1 -3.354 -2 -3.54 -1 80
-3.447 -1 -3.304 -1 -3.356 -1 -3.53 -1 43
-3.443 -1 -3.35 -1 -3.362 -1 -3.554 -2 6
-3.458 -1 -3.302 -1 -3.33 -1 -3.42 -1 42
-3.375 -1 -3.214 -1 -3.298 -2 -3.534 -2 149
-3.416 -2 -3.31 -2 -3.368 -1 -3.464 -2 86
-3.416 -1 -3.266 -1 -3.274 -1 -3.474 -1 60
-3.374 -1 -3.264 -1 -3.302 -1 -3.522 -1 156
-3.412 -1 -3.27 -1 -3.344 -1 -3.51 -1 105
-3.427 -1 -3.266 -1 -3.354 -1 -3.508 -1 147
-3.431 -1 -3.234 -1 -3.264 -1 -3.486 -1 74
-3.375 -1 -3.218 -1 -3.268 -1 -3.422 -1 67
-3.345 -1 -3.204 -1 -3.258 -1 -3.41 -1 100
-3.334 -1 -3.232 -1 -3.246 -1 -3.474 -2 42
-3.36 -1 -3.28 -1 -3.362 -2 -3.536 -1 173
-3.449 -1 -3.332 -1 -3.36 -1 -3.488 -1 57
-3.424 -1 -3.304 -1 -3.352 -1 -3.566 -1 180
-3.459 -1 -3.34 -1 -3.358 -1 -3.5 -1 44
-3.429 -1 -3.248 -1 -3.266 -1 -3.44 -1 101
-3.353 -1 -3.218 -1 -3.342 -1 -3.49 -1 173
-3.416 -1 -3.318 -1 -3.376 -1 -3.51 -1 139
-3.443 -1 -3.334 -1 -3.354 -1 -3.5 -2 77
-3.427 -1 -3.324 -1 -3.376 -1 -3.478 -1 199
-3.427 -1 -3.334 -1 -3.386 -1 -3.536 -1 90
-3.461 -1 -3.332 -1 -3.346 -1 -3.546 -1 15
-3.446 -1 -3.29 -1 -3.352 -1 -3.5 -1 64
-3.426 -1 -3.332 -1 -3.368 -1 -3.506 -1 71
-3.437 -1 -3.31 -1 -3.32 -1 -3.424 -2 19
-3.372 -1 -3.324 -1 -3.326 -1 -3.486 -1 53
-3.406 -1 -3.276 -1 -3.372 -1 -3.496 -1 113
-3.434 -1 -3.276 -1 -3.338 -1 -3.482 -1 160
-3.41 -1 -3.238 -1 -3.248 -1 -3.436 -1 4
-3.342 -1 -3.218 -1 -3.28 -1 -3.408 -1 66
-3.344 -1 -3.244 -1 -3.35 -1 -3.454 -2 167
-3.402 -1 -3.282 -1 -3.284 -1 -3.43 -1 3
-3.357 -1 -3.278 -1 -3.308 -1 -3.534 -1 72
-3.421 -1 -3.262 -1 -3.38 -1 -3.532 -1 164
-3.456 -1 -3.348 -1 -3.438 -1 -3.484 -1 129
-3.461 -1 -3.298 -1 -3.308 -1 -3.506 -1 53
-3.407 -1 -3.244 -1 -3.316 -1 -3.48 -1 139
-3.398 -1 -3.282 -1 -3.322 -1 -3.538 -1 60
-3.43 -1 -3.3 -1 -3.392 -1 -3.468 -1 186
-3.43 -1 -3.274 -1 -3.358 -1 -3.592 -1 175
-3.475 -1 -3.342 -1 -3.416 -1 -3.528 -1 147
-3.472 -1 -3.328 -1 -3.402 -1 -3.444 -1 194
-3.423 -1 -3.296 -1 -3.3 -1 -3.442 -2 13
-3.371 -1 -3.18 -1 -3.226 -1 -3.382 -1 91
-3.304 -1 -3.192 -1 -3.244 -1 -3.468 -2 83
-3.356 -1 -3.252 -1 -3.348 -2 -3.484 -2 172
-3.416 -2 -3.3 -2 -3.314 -2 -3.452 -1 12
-3.383 -1 -3.282 -1 -3.348 -1 -3.422 -1 150
-3.385 -1 -3.246 -1 -3.25 -1 -3.392 -2 25
-3.321 -1 -3.222 -1 -3.328 -1 -3.496 -1 146
-3.412 -1 -3.298 -2 -3.316 -2 -3.474 -1 131
-3.395 -1 -3.246 -1 -3.3 -1 -3.448 -1 74
-3.374 -1 -3.246 -1 -3.28 -1 -3.424 -1 73
-3.352 -1 -3.214 -1 -3.316 -1 -3.578 -1 181
-3.447 -1 -3.294 -1 -3.306 -1 -3.484 -1 7
-3.395 -1 -3.236 -1 -3.286 -1 -3.478 -2 71
-3.382 -1 -3.252 -1 -3.258 -1 -3.482 -1 18
-3.37 -1 -3.254 -1 -3.288 -1 -3.416 -1 48
-3.352 -1 -3.186 -1 -3.27 -1 -3.458 -1 171
-3.364 -1 -3.202 -1 -3.202 -1 -3.482 -1 16
-3.342 -1 -3.202 -1 -3.298 -1 -3.498 -1 179
-3.398 -1 -3.244 -1 -3.262 -1 -3.498 -1 23
-3.38 -1 -3.228 -1 -3.342 -1 -3.536 -1 175
-3.439 -1 -3.334 -1 -3.36 -1 -3.576 -1 56
-3.468 -1 -3.246 -1 -3.272 -1 -3.442 -1 47
-3.357 -1 -3.24 -1 -3.296 -1 -3.37 -1 133
-3.333 -1 -3.176 -1 -3.196 -1 -3.454 -1 30
-3.325 -1 -3.2 -1 -3.268 -1 -3.456 -1 89
-3.362 -1 -3.22 -1 -3.238 -1 -3.414 -1 65
-3.326 -1 -3.204 -1 -3.278 -1 -3.404 -1 117
-3.341 -1 -3.192 -1 -3.23 -1 -3.5 -1 178
-3.365 -1 -3.168 -1 -3.222 -1 -3.446 -1 84
-3.334 -1 -3.204 -1 -3.288 -1 -3.434 -1 117
-3.361 -1 -3.236 -1 -3.248 -1 -3.462 -1 31
-3.355 -1 -3.246 -1 -3.272 -1 -3.486 -1 33
-3.379 -1 -3.258 -1 -3.33 -1 -3.464 -2 137
-3.397 -1 -3.272 -1 -3.338 -1 -3.502 -1 121
-3.42 -1 -3.242 -1 -3.3 -1 -3.456 -1 80
-3.378 -1 -3.23 -1 -3.244 -1 -3.448 -2 37
-3.346 -1 -3.204 -1 -3.246 -1 -3.448 -1 146
-3.347 -1 -3.174 -1 -3.26 -1 -3.488 -1 145
-3.374 -1 -3.174 -1 -3.222 -1 -3.336 -1 118
-3.279 -1 -3.15 -1 -3.212 -1 -3.39 -2 66
-3.301 -1 -3.206 -1 -3.28 -2 -3.486 -1 139
-3.383 -1 -3.252 -1 -3.256 -1 -3.44 -1 27
-3.348 -1 -3.2 -1 -3.31 -1 -3.436 -1 137
-3.373 -1 -3.236 -1 -3.244 -1 -3.504 -1 47
-3.374 -1 -3.254 -1 -3.26 -1 -3.392 -1 10
-3.326 -1 -3.244 -1 -3.268 -1 -3.416 -2 42
-3.342 -1 -3.234 -2 -3.29 -2 -3.46 -2 146
-3.375 -2 -3.258 -2 -3.344 -2 -3.48 -2 177
-3.412 -2 -3.27 -2 -3.276 -2 -3.386 -1 17
-3.331 -1 -3.258 -1 -3.356 -1 -3.478 -1 156
-3.417 -1 -3.26 -1 -3.328 -1 -3.49 -1 98
-3.409 -1 -3.252 -1 -3.326 -1 -3.372 -1 114
-3.349 -1 -3.24 -1 -3.288 -1 -3.54 -1 67
-3.414 -1 -3.294 -1 -3.436 -1 -3.548 -1 179
-3.492 -1 -3.376 -1 -3.372 -1 -3.53 -1 49
-3.451 -1 -3.278 -1 -3.372 -1 -3.492 -2 198
-3.432 -1 -3.298 -1 -3.304 -1 -3.486 -1 8
-3.395 -1 -3.25 -1 -3.274 -1 -3.458 -1 41
-3.366 -1 -3.192 -1 -3.264 -1 -3.462 -1 135
-3.363 -1 -3.204 -1 -3.3 -1 -3.47 -1 195
-3.385 -1 -3.294 -1 -3.424 -1 -3.52 -1 172
-3.472 -1 -3.37 -1 -3.444 -1 -3.572 -1 129
-3.508 -1 -3.358 -1 -3.436 -1 -3.608 -1 193
-3.522 -1 -3.378 -1 -3.47 -1 -3.566 -2 194
-3.518 -1 -3.356 -1 -3.444 -1 -3.616 -2 160
-3.53 -1 -3.36 -2 -3.492 -2 -3.658 -1 161
-3.575 -1 -3.482 -1 -3.498 -1 -3.568 -2 59
-3.533 -1 -3.376 -1 -3.492 -1 -3.566 -2 191
-3.529 -1 -3.416 -1 -3.43 -1 -3.574 -2 8
-3.502 -1 -3.424 -2 -3.446 -2 -3.528 -1 41
-3.487 -1 -3.332 -2 -3.42 -2 -3.604 -1 157
-3.512 -1 -3.412 -2 -3.466 -1 -3.476 -1 156
-3.471 -1 -3.358 -1 -3.438 -1 -3.514 -1 147
-3.476 -1 -3.364 -1 -3.4 -2 -3.558 -2 168
-3.479 -2 -3.372 -2 -3.422 -2 -3.536 -1 91
-3.479 -1 -3.352 -1 -3.376 -1 -3.518 -1 40
-3.447 -1 -3.338 -1 -3.408 -1 -3.522 -1 88
-3.465 -1 -3.304 -1 -3.356 -1 -3.528 -2 73
-3.442 -1 -3.314 -1 -3.362 -1 -3.536 -2 129
-3.449 -1 -3.356 -1 -3.392 -1 -3.566 -1 76
-3.479 -1 -3.348 -1 -3.342 -1 -3.482 -1 13
-3.412 -1 -3.296 -1 -3.302 -1 -3.506 -1 9
-3.404 -1 -3.226 -1 -3.28 -1 -3.55 -1 87
-3.415 -1 -3.38 -1 -3.504 -1 -3.628 -1 188
-3.566 -1 -3.4 -1 -3.498 -1 -3.6 -1 198
-3.549 -1 -3.426 -1 -3.438 -1 -3.524 -1 11
-3.481 -1 -3.318 -1 -3.398 -1 -3.586 -1 111
-3.492 -1 -3.364 -1 -3.4 -1 -3.528 -1 49
-3.464 -1 -3.372 -1 -3.408 -1 -3.542 -2 111
-3.475 -1 -3.352 -1 -3.372 -1 -3.406 -1 20
-3.389 -1 -3.26 -1 -3.33 -1 -3.456 -1 127
-3.393 -1 -3.282 -1 -3.336 -1 -3.504 -2 162
-3.42 -1 -3.282 -1 -3.39 -1 -3.502 -1 177
-3.446 -1 -3.304 -1 -3.34 -1 -3.476 -2 68
-3.408 -1 -3.244 -1 -3.254 -1 -3.49 -2 12
-3.372 -1 -3.272 -1 -3.304 -1 -3.396 -1 40
-3.35 -1 -3.19 -1 -3.21 -1 -3.406 -2 19
-3.308 -1 -3.188 -1 -3.268 -1 -3.454 -2 164
-3.361 -1 -3.246 -1 -3.29 -1 -3.44 -1 108
-3.365 -1 -3.212 -1 -3.32 -1 -3.484 -1 121
-3.402 -1 -3.244 -1 -3.306 -1 -3.47 -2 107
-3.388 -1 -3.258 -1 -3.264 -1 -3.452 -2 24
-3.358 -1 -3.23 -1 -3.236 -1 -3.374 -1 3
-3.305 -1 -3.164 -1 -3.214 -1 -3.406 -1 111
-3.31 -1 -3.208 -1 -3.276 -1 -3.494 -1 86
-3.385 -1 -3.228 -1 -3.3 -2 -3.468 -2 127
-3.384 -2 -3.262 -2 -3.354 -2 -3.502 -1 175
-3.428 -1 -3.36 -1 -3.378 -1 -3.456 -1 87
-3.417 -1 -3.31 -1 -3.322 -1 -3.472 -1 42
-3.397 -1 -3.254 -1 -3.258 -1 -3.406 -1 13
-3.332 -1 -3.156 -1 -3.302 -1 -3.482 -1 178
-3.392 -1 -3.29 -1 -3.316 -1 -3.438 -1 53
-3.377 -1 -3.262 -1 -3.27 -1 -3.488 -1 1
-3.379 -1 -3.242 -1 -3.288 -1 -3.432 -1 132
-3.36 -1 -3.276 -1 -3.296 -1 -3.35 -1 45
-3.323 -1 -3.228 -1 -3.302 -1 -3.476 -2 140
-3.389 -1 -3.288 -1 -3.392 -2 -3.538 -2 179
-3.465 -2 -3.386 -2 -3.428 -2 -3.61 -2 106
-3.519 -2 -3.406 -2 -3.474 -1 -3.586 -2 193
-3.53 -1 -3.426 -2 -3.466 -2 -3.558 -1 77
-3.512 -1 -3.368 -1 -3.412 -1 -3.514 -2 100
-3.463 -1 -3.356 -1 -3.398 -1 -3.624 -2 55
-3.511 -1 -3.39 -1 -3.448 -1 -3.508 -1 140
-3.478 -1 -3.318 -1 -3.366 -1 -3.51 -1 183
-3.438 -1 -3.312 -1 -3.388 -1 -3.556 -2 78
-3.472 -1 -3.328 -1 -3.38 -1 -3.502 -1 107
-3.441 -1 -3.302 -1 -3.33 -1 -3.52 -1 55
-3.425 -1 -3.26 -1 -3.404 -1 -3.462 -1 183
-3.433 -1 -3.304 -1 -3.386 -1 -3.498 -1 188
-3.442 -1 -3.304 -1 -3.326 -1 -3.482 -1 31
-3.404 -1 -3.238 -1 -3.256 -1 -3.486 -1 14
-3.371 -1 -3.236 -1 -3.3 -1 -3.456 -1 62
-3.378 -1 -3.242 -1 -3.294 -1 -3.4 -1 49
-3.347 -1 -3.236 -1 -3.356 -1 -3.494 -1 195
-3.425 -1 -3.3 -1 -3.42 -1 -3.494 -2 195
-3.457 -1 -3.344 -1 -3.398 -2 -3.524 -2 74
-3.461 -2 -3.31 -2 -3.326 -2 -3.516 -2 51
-3.421 -2 -3.292 -2 -3.314 -2 -3.534 -2 7
-3.424 -2 -3.282 -2 -3.276 -2 -3.496 -2 11
-3.386 -2 -3.27 -2 -3.352 -2 -3.596 -1 168
-3.474 -1 -3.352 -1 -3.428 -1 -3.564 -1 189
-3.496 -1 -3.31 -1 -3.368 -1 -3.594 -2 183
-3.481 -1 -3.328 -1 -3.376 -1 -3.524 -2 147
-3.45 -1 -3.33 -1 -3.374 -1 -3.564 -1 62
-3.469 -1 -3.338 -1 -3.388 -1 -3.508 -1 55
-3.448 -1 -3.25 -1 -3.324 -1 -3.456 -1 144
-3.39 -1 -3.244 -1 -3.318 -1 -3.514 -1 100
-3.416 -1 -3.36 -1 -3.422 -1 -3.586 -1 78
-3.504 -1 -3.292 -1 -3.412 -1 -3.514 -1 147
-3.463 -1 -3.27 -1 -3.386 -1 -3.554 -2 129
-3.47 -1 -3.304 -1 -3.304 -1 -3.468 -1 1
-3.386 -1 -3.238 -1 -3.25 -1 -3.478 -1 29
-3.364 -1 -3.204 -1 -3.314 -1 -3.496 -1 139
-3.405 -1 -3.296 -1 -3.31 -1 -3.404 -1 25
-3.357 -1 -3.236 -1 -3.368 -1 -3.598 -2 146
-3.483 -1 -3.348 -1 -3.386 -1 -3.512 -2 74
-3.449 -1 -3.32 -1 -3.418 -1 -3.516 -1 149
-3.467 -1 -3.37 -1 -3.418 -1 -3.532 0 77
