9 1000 0.5 9 58 0 0 0 0
-3.666 -1 -3.152 -1 -3.184 -1 -3.332 -1 38
-3.258 -1 -2.862 -1 -2.996 -1 -3.266 -1 140
-3.131 -1 -2.724 -1 -2.816 -1 -3.144 -1 78
-2.98 -1 -2.554 -1 -2.78 -1 -3.108 -1 170
-2.944 -1 -2.542 -1 -2.672 -1 -3.122 -1 91
-2.897 -1 -2.492 -1 -2.59 -1 -3.064 -1 91
-2.827 -1 -2.408 -1 -2.564 -1 -3.072 -1 153
-2.818 -1 -2.432 -1 -2.456 -1 -2.898 -1 9
-2.677 -1 -2.302 -1 -2.364 -1 -2.874 -1 43
-2.619 -1 -2.282 -1 -2.582 -1 -2.966 -1 213
-2.774 -1 -2.36 -1 -2.478 -1 -2.93 -1 63
-2.704 -1 -2.35 -1 -2.554 -1 -2.92 -1 141
-2.737 -1 -2.31 -1 -2.47 -1 -2.956 -1 121
-2.713 -1 -2.308 -1 -2.382 -1 -2.928 -1 35
-2.655 -1 -2.274 -1 -2.386 -1 -2.892 -1 68
-2.639 -1 -2.246 -1 -2.508 -1 -2.984 -1 153
-2.746 -1 -2.326 -1 -2.464 -1 -2.906 -1 108
-2.685 -1 -2.308 -1 -2.486 -1 -2.948 -1 89
-2.717 -1 -2.3 -1 -2.332 -1 -2.804 -1 26
-2.568 -1 -2.244 -1 -2.428 -1 -2.914 -1 107
-2.671 -1 -2.296 -1 -2.544 -1 -2.98 -1 205
-2.762 -1 -2.312 -1 -2.468 -1 -2.946 -1 111
-2.707 -1 -2.342 -1 -2.414 -1 -2.872 -1 37
-2.643 -1 -2.27 -1 -2.398 -1 -2.926 -1 66
-2.662 -1 -2.254 -1 -2.5 -1 -2.944 -1 152
-2.722 -1 -2.314 -1 -2.512 -1 -2.95 -1 126
-2.731 -1 -2.308 -1 -2.346 -1 -2.864 -1 22
-2.605 -1 -2.232 -1 -2.668 -1 -2.998 -1 245
-2.833 -1 -2.384 -1 -2.506 -1 -2.904 -1 76
-2.705 -1 -2.292 -1 -2.48 -1 -2.89 -1 113
-2.685 -1 -2.274 -1 -2.558 -1 -2.962 -1 221
-2.76 -1 -2.318 -1 -2.44 -1 -2.878 -1 71
-2.659 -1 -2.266 -1 -2.378 -1 -2.862 -1 64
-2.62 -1 -2.246 -1 -2.59 -1 -2.96 -1 223
-2.775 -1 -2.322 -1 -2.41 -1 -2.874 -1 71
-2.642 -1 -2.296 -1 -2.566 -1 -2.962 -1 229
-2.764 -1 -2.336 -1 -2.674 -1 -3.02 -1 249
-2.847 -1 -2.408 -1 -2.674 -1 -2.924 -1 197
-2.799 -1 -2.37 -1 -2.38 -1 -2.802 -1 6
-2.591 -1 -2.234 -1 -2.428 -1 -2.902 -1 125
-2.665 -1 -2.27 -1 -2.404 -1 -2.846 -1 81
-2.625 -1 -2.234 -1 -2.426 -1 -2.924 -1 125
-2.675 -1 -2.266 -1 -2.35 -1 -2.874 -1 58
-2.612 -1 -2.232 -1 -2.316 -1 -2.838 -1 47
-2.577 -1 -2.188 -1 -2.198 -1 -2.694 -1 5
-2.446 -1 -2.108 -1 -2.122 -1 -2.578 -1 6
-2.35 -1 -2.016 -1 -2.214 -1 -2.724 -1 108
-2.469 -1 -2.082 -1 -2.332 -1 -2.84 -1 184
-2.586 -1 -2.164 -1 -2.366 -1 -2.89 -1 134
-2.628 -1 -2.194 -1 -2.344 -1 -2.824 -1 93
-2.584 -1 -2.166 -1 -2.178 -1 -2.716 -1 12
-2.447 -1 -2.082 -1 -2.342 -1 -2.804 -1 118
-2.573 -1 -2.14 -1 -2.16 -1 -2.68 -1 13
-2.42 -1 -2.052 -1 -2.326 -1 -2.782 -1 166
-2.554 -1 -2.132 -1 -2.314 -1 -2.788 -1 115
-2.551 -1 -2.144 -1 -2.272 -1 -2.772 -1 83
-2.522 -1 -2.164 -1 -2.222 -1 -2.71 -1 28
-2.466 -1 -2.092 -1 -2.314 -1 -2.72 0 125
