8 1000 0.4 2 74 0 0 0 0
-3.527 -1 -3.332 -1 -3.346 -1 -3.44 -1 88
-3.393 -1 -3.156 -1 -3.186 -1 -3.26 -1 84
-3.223 -1 -2.936 -1 -2.996 -1 -3.216 -1 85
-3.106 -1 -2.926 -1 -2.922 -1 -3.142 -1 4
-3.032 -1 -2.802 -1 -2.868 -1 -3.05 -1 76
-2.959 -1 -2.786 -1 -2.88 -1 -3.086 -1 150
-2.983 -1 -2.762 -1 -2.884 -1 -3.194 -1 175
-3.039 -1 -2.804 -1 -2.95 -1 -3.13 -1 199
-3.04 -1 -2.86 -1 -3.004 -1 -3.19 -1 169
-3.097 -1 -2.846 -1 -2.9 -1 -3.14 -1 139
-3.02 -1 -2.82 -1 -2.838 -1 -3.116 -1 82
-2.977 -1 -2.798 -1 -2.928 -1 -3.114 -1 144
-3.021 -1 -2.784 -1 -2.818 -1 -3.064 -1 49
-2.941 -1 -2.72 -1 -2.934 -1 -3.126 -1 159
-3.03 -1 -2.768 -1 -2.898 -1 -3.132 -1 178
-3.015 -1 -2.818 -1 -2.896 -1 -3.108 -1 128
-3.002 -1 -2.782 -1 -2.868 -1 -3.124 -1 98
-2.996 -1 -2.728 -1 -2.774 -1 -3.046 -1 36
-2.91 -1 -2.716 -1 -2.818 -1 -3.096 -1 121
-2.957 -1 -2.762 -1 -2.802 -1 -3.056 -1 58
-2.929 -1 -2.664 -1 -2.744 -1 -3.03 -1 82
-2.887 -1 -2.624 -1 -2.734 -1 -3.01 -1 154
-2.872 -1 -2.636 -1 -2.762 -1 -3.042 -1 142
-2.902 -1 -2.634 -1 -2.714 -1 -2.952 -1 71
-2.833 -1 -2.598 -1 -2.606 -1 -2.966 -1 10
-2.786 -1 -2.524 -1 -2.554 -1 -2.894 -1 39
-2.724 -1 -2.552 -1 -2.626 -1 -2.912 -1 97
-2.769 -1 -2.53 -1 -2.58 -1 -2.918 -1 35
-2.749 -1 -2.556 -1 -2.732 -1 -3.012 -1 159
-2.872 -1 -2.608 -1 -2.62 -1 -2.972 -1 29
-2.796 -1 -2.614 -1 -2.73 -1 -3.05 -1 147
-2.89 -1 -2.66 -1 -2.698 -1 -3.004 -1 89
-2.851 -1 -2.612 -1 -2.738 -1 -3 -1 115
-2.869 -1 -2.632 -1 -2.78 -1 -3.044 -1 191
-2.912 -1 -2.654 -1 -2.728 -1 -2.972 -1 97
-2.85 -1 -2.644 -1 -2.682 -1 -2.944 -1 43
-2.813 -1 -2.548 -1 -2.59 -1 -2.964 -1 26
-2.777 -1 -2.54 -1 -2.596 -1 -2.92 -1 35
-2.758 -1 -2.552 -1 -2.586 -1 -2.942 -1 21
-2.764 -1 -2.566 -1 -2.696 -1 -2.89 -1 158
-2.793 -1 -2.612 -1 -2.612 -1 -2.882 -1 3
-2.747 -1 -2.534 -1 -2.636 -1 -2.916 -1 86
-2.776 -1 -2.55 -1 -2.626 -1 -2.922 -1 94
-2.774 -1 -2.556 -1 -2.662 -1 -2.976 -1 108
-2.819 -1 -2.566 -1 -2.71 -1 -2.972 -1 131
-2.841 -1 -2.632 -1 -2.644 -1 -2.962 -1 10
-2.803 -1 -2.62 -1 -2.804 -1 -3.042 -1 173
-2.923 -1 -2.66 -1 -2.75 -1 -3.086 -1 117
-2.918 -1 -2.646 -1 -2.774 -1 -3.056 -1 143
-2.915 -1 -2.686 -1 -2.806 -1 -3.076 -1 169
-2.941 -1 -2.694 -1 -2.8 -1 -3.062 -1 127
-2.931 -1 -2.67 -1 -2.8 -1 -3.088 -1 161
-2.944 -1 -2.694 -1 -2.766 -1 -3.024 -1 112
-2.895 -1 -2.64 -1 -2.82 -1 -3.114 -1 175
-2.967 -1 -2.704 -1 -2.766 -1 -2.974 -1 102
-2.87 -1 -2.648 -1 -2.704 -1 -3.026 -1 54
-2.865 -1 -2.644 -1 -2.742 -1 -3.052 -1 78
-2.897 -1 -2.696 -1 -2.7 -1 -3.022 -1 4
-2.861 -1 -2.618 -1 -2.79 -1 -3.108 -1 178
-2.949 -1 -2.69 -1 -2.796 -1 -3.088 -1 119
-2.942 -1 -2.708 -1 -2.722 -1 -2.994 -1 37
-2.858 -1 -2.618 -1 -2.688 -1 -3.004 -1 72
-2.846 -1 -2.626 -1 -2.692 -1 -3.01 -1 69
-2.851 -1 -2.66 -1 -2.678 -1 -2.966 -1 33
-2.822 -1 -2.596 -1 -2.788 -1 -3.054 -1 194
-2.921 -1 -2.712 -1 -2.778 -1 -3.046 -1 62
-2.912 -1 -2.626 -1 -2.672 -1 -2.874 -1 49
-2.773 -1 -2.59 -1 -2.738 -1 -2.988 -1 164
-2.863 -1 -2.628 -1 -2.728 -1 -3.008 -1 76
-2.868 -1 -2.586 -1 -2.744 -1 -2.948 -1 197
-2.846 -1 -2.588 -1 -2.648 -1 -2.956 -1 62
-2.802 -1 -2.534 -1 -2.578 -1 -2.874 -1 54
-2.726 -1 -2.49 -1 -2.504 -1 -2.86 -1 12
-2.682 -1 -2.452 -1 -2.638 -1 -2.906 0 197
