7 1000 0.4 6 14 0 0 0 0
-3.244 -1 -2.84 -1 -2.88 -1 -2.976 -1 56
-2.928 -1 -2.544 -1 -2.666 -1 -2.908 -1 173
-2.787 -1 -2.434 -1 -2.51 -1 -2.89 -1 64
-2.7 -1 -2.362 -1 -2.496 -1 -2.852 -1 122
-2.674 -1 -2.308 -1 -2.484 -1 -2.844 -1 185
-2.664 -1 -2.29 -1 -2.288 -1 -2.71 -1 3
-2.499 -1 -2.162 -1 -2.298 -1 -2.708 -1 126
-2.503 -1 -2.188 -1 -2.272 -1 -2.774 -1 67
-2.523 -1 -2.186 -1 -2.236 -1 -2.652 -1 35
-2.444 -1 -2.108 -1 -2.318 -1 -2.742 -1 137
-2.53 -1 -2.176 -1 -2.396 -1 -2.746 -1 190
-2.571 -1 -2.188 -1 -2.22 -1 -2.73 -1 29
-2.475 -1 -2.138 -1 -2.138 -1 -2.58 -1 0
-2.359 -1 -2.062 -1 -2.158 -1 -2.61 0 68
