9 1000 0.5 1 1367 0 0 0 0
-3.661 -1 -3.498 -1 -3.57 -1 -3.62 -1 243
-3.595 -1 -3.478 -1 -3.502 -1 -3.544 -1 62
-3.523 -1 -3.402 -1 -3.43 -1 -3.534 -1 67
-3.482 -1 -3.334 -1 -3.426 -1 -3.496 -1 246
-3.461 -1 -3.322 -1 -3.4 -1 -3.48 -1 161
-3.44 -1 -3.296 -1 -3.354 -1 -3.448 -1 110
-3.401 -1 -3.286 -1 -3.282 -1 -3.472 -1 69
-3.377 -1 -3.288 -1 -3.354 -1 -3.392 -1 158
-3.373 -1 -3.22 -1 -3.26 -1 -3.412 -1 160
-3.336 -1 -3.208 -1 -3.276 -1 -3.434 -2 125
-3.355 -1 -3.236 -1 -3.322 -1 -3.422 -1 172
-3.372 -1 -3.202 -1 -3.304 -1 -3.35 -1 171
-3.327 -1 -3.204 -1 -3.334 -1 -3.372 -2 206
-3.353 -1 -3.232 -1 -3.34 -2 -3.478 -1 215
-3.409 -1 -3.292 -1 -3.298 -1 -3.426 -1 8
-3.362 -1 -3.288 -2 -3.358 -2 -3.506 -2 229
-3.432 -2 -3.294 -2 -3.34 -2 -3.49 -1 99
-3.415 -1 -3.298 -1 -3.384 -1 -3.482 -1 221
-3.433 -1 -3.284 -1 -3.286 -1 -3.364 -1 43
-3.325 -1 -3.186 -1 -3.212 -1 -3.372 -1 44
-3.292 -1 -3.098 -1 -3.128 -1 -3.416 -1 92
-3.272 -1 -3.112 -1 -3.164 -1 -3.35 -1 77
-3.257 -1 -3.138 -1 -3.256 -1 -3.402 -1 139
-3.329 -1 -3.226 -1 -3.23 -1 -3.366 -1 4
-3.298 -1 -3.172 -1 -3.26 -1 -3.398 -1 200
-3.329 -1 -3.258 -1 -3.31 -1 -3.45 -1 207
-3.38 -1 -3.288 -1 -3.356 -1 -3.476 -2 131
-3.416 -1 -3.268 -2 -3.338 -2 -3.36 -1 113
-3.349 -1 -3.184 -1 -3.192 -1 -3.35 -1 7
-3.271 -1 -3.202 -1 -3.328 -1 -3.428 -1 183
-3.378 -1 -3.334 -1 -3.4 -1 -3.494 -1 210
-3.447 -1 -3.338 -1 -3.45 -1 -3.506 -1 212
-3.478 -1 -3.28 -1 -3.396 -1 -3.514 -1 198
-3.455 -1 -3.29 -1 -3.346 -1 -3.474 -2 196
-3.41 -1 -3.364 -1 -3.364 -1 -3.546 -1 49
-3.455 -1 -3.28 -2 -3.296 -2 -3.418 -1 25
-3.357 -1 -3.288 -1 -3.314 -1 -3.364 -1 161
-3.339 -1 -3.246 -1 -3.25 -1 -3.406 -1 1
-3.328 -1 -3.166 -1 -3.216 -1 -3.35 -1 159
-3.283 -1 -3.114 -1 -3.138 -1 -3.408 -1 47
-3.273 -1 -3.126 -1 -3.232 -1 -3.388 -2 245
-3.31 -1 -3.172 -1 -3.262 -1 -3.426 -1 179
-3.344 -1 -3.204 -1 -3.218 -1 -3.344 -1 8
-3.281 -1 -3.144 -1 -3.158 -1 -3.354 -1 30
-3.256 -1 -3.092 -1 -3.182 -1 -3.332 -1 213
-3.257 -1 -3.168 -1 -3.218 -1 -3.382 -1 103
-3.3 -1 -3.216 -1 -3.342 -1 -3.488 -1 247
-3.415 -1 -3.274 -1 -3.374 -1 -3.454 -1 216
-3.414 -1 -3.266 -1 -3.292 -1 -3.382 -1 111
-3.337 -1 -3.22 -1 -3.248 -1 -3.37 -2 52
-3.309 -1 -3.2 -1 -3.298 -1 -3.448 -1 177
-3.373 -1 -3.236 -1 -3.336 -1 -3.536 -1 185
-3.436 -1 -3.286 -1 -3.298 -1 -3.418 -1 65
-3.358 -1 -3.21 -1 -3.27 -1 -3.388 -1 161
-3.329 -1 -3.242 -1 -3.248 -1 -3.368 -1 189
-3.308 -1 -3.176 -1 -3.238 -1 -3.352 -1 122
-3.295 -1 -3.14 -1 -3.23 -1 -3.358 -2 130
-3.294 -1 -3.202 -1 -3.286 -2 -3.394 -1 132
-3.34 -1 -3.214 -1 -3.224 -1 -3.39 -1 93
-3.307 -1 -3.216 -1 -3.314 -1 -3.484 -2 243
-3.399 -1 -3.23 -2 -3.306 -1 -3.432 -1 201
-3.369 -1 -3.25 -1 -3.278 -1 -3.46 -1 59
-3.369 -1 -3.198 -1 -3.224 -1 -3.384 -1 32
-3.304 -1 -3.19 -1 -3.308 -1 -3.474 -2 220
-3.391 -1 -3.228 -1 -3.216 -1 -3.376 -1 16
-3.296 -1 -3.192 -1 -3.276 -1 -3.4 -1 107
-3.338 -1 -3.196 -1 -3.264 -1 -3.384 -1 164
-3.324 -1 -3.218 -1 -3.268 -1 -3.428 -1 86
-3.348 -1 -3.224 -1 -3.234 -1 -3.314 -1 11
-3.274 -1 -3.134 -1 -3.132 -1 -3.36 -1 17
-3.246 -1 -3.162 -1 -3.17 -1 -3.318 -1 9
-3.244 -1 -3.09 -1 -3.134 -1 -3.29 -1 73
-3.212 -1 -3.042 -1 -3.154 -1 -3.306 -1 230
-3.23 -1 -3.088 -1 -3.214 -1 -3.324 -1 148
-3.269 -1 -3.146 -1 -3.21 -1 -3.31 -1 70
-3.26 -1 -3.094 -1 -3.158 -1 -3.358 -1 86
-3.258 -1 -3.152 -1 -3.204 -1 -3.388 -1 53
-3.296 -1 -3.156 -1 -3.256 -1 -3.35 -1 218
-3.303 -1 -3.078 -1 -3.09 -1 -3.354 -1 47
-3.222 -1 -3.044 -1 -3.048 -1 -3.318 -1 23
-3.183 -1 -3.106 -1 -3.23 -1 -3.36 -2 160
-3.295 -1 -3.114 -1 -3.108 -1 -3.318 -1 65
-3.213 -1 -3.07 -1 -3.168 -1 -3.346 -1 143
-3.257 -1 -3.14 -1 -3.296 -1 -3.364 -1 249
-3.33 -1 -3.164 -1 -3.198 -1 -3.39 -2 99
-3.294 -1 -3.124 -1 -3.128 -1 -3.33 -1 10
-3.229 -1 -3.048 -1 -3.164 -1 -3.282 -1 227
-3.223 -1 -3.082 -1 -3.118 -1 -3.28 -1 51
-3.199 -1 -3.11 -1 -3.186 -1 -3.376 -1 95
-3.281 -1 -3.154 -1 -3.234 -1 -3.444 -1 196
-3.339 -1 -3.238 -1 -3.274 -1 -3.406 -1 159
-3.34 -1 -3.19 -1 -3.246 -1 -3.384 -1 154
-3.315 -1 -3.196 -1 -3.212 -1 -3.288 -1 44
-3.25 -1 -3.126 -1 -3.274 -1 -3.404 -2 229
-3.339 -1 -3.17 -1 -3.206 -1 -3.34 -1 64
-3.273 -1 -3.136 -1 -3.136 -1 -3.352 -1 0
-3.244 -1 -3.114 -1 -3.194 -1 -3.3 -1 124
-3.247 -1 -3.112 -1 -3.16 -1 -3.31 -1 56
-3.235 -1 -3.036 -1 -3.108 -1 -3.324 -1 154
-3.216 -1 -3.066 -1 -3.11 -1 -3.274 -1 51
-3.192 -1 -3.014 -1 -3.236 -1 -3.422 -1 244
-3.329 -1 -3.2 -1 -3.286 -1 -3.396 -1 121
-3.341 -1 -3.166 -1 -3.254 -2 -3.376 -1 203
-3.315 -1 -3.168 -1 -3.168 -1 -3.332 -1 0
-3.25 -1 -3.126 -1 -3.166 -1 -3.306 -1 134
-3.236 -1 -3.102 -1 -3.248 -1 -3.41 -1 224
-3.329 -1 -3.21 -1 -3.29 -1 -3.42 -1 235
-3.355 -1 -3.228 -1 -3.292 -1 -3.388 -2 185
-3.34 -1 -3.208 -1 -3.274 -1 -3.354 -1 107
-3.314 -1 -3.128 -1 -3.246 -1 -3.442 -1 225
-3.344 -1 -3.214 -1 -3.25 -1 -3.42 -1 153
-3.335 -1 -3.2 -1 -3.31 -1 -3.42 -2 134
-3.365 -1 -3.262 -1 -3.288 -1 -3.358 -1 62
-3.323 -1 -3.164 -1 -3.2 -1 -3.364 -1 50
-3.282 -1 -3.158 -1 -3.178 -1 -3.316 -1 42
-3.247 -1 -3.086 -1 -3.162 -1 -3.324 -1 100
-3.243 -1 -3.164 -1 -3.232 -1 -3.414 -2 217
-3.323 -1 -3.236 -1 -3.25 -1 -3.356 -1 35
-3.303 -1 -3.202 -1 -3.296 -1 -3.356 -1 118
-3.326 -1 -3.194 -1 -3.266 -1 -3.418 -1 156
-3.342 -1 -3.258 -1 -3.27 -1 -3.388 -1 26
-3.329 -1 -3.19 -1 -3.29 -1 -3.462 -1 217
-3.376 -1 -3.238 -1 -3.28 -1 -3.392 -2 75
-3.336 -1 -3.17 -1 -3.282 -1 -3.448 -1 197
-3.365 -1 -3.22 -1 -3.28 -1 -3.496 -1 200
-3.388 -1 -3.274 -1 -3.274 -1 -3.338 -1 55
-3.306 -1 -3.138 -1 -3.2 -1 -3.376 -1 103
-3.288 -1 -3.114 -1 -3.21 -1 -3.352 -1 224
-3.281 -1 -3.118 -1 -3.144 -1 -3.388 -1 54
-3.266 -1 -3.164 -1 -3.276 -1 -3.422 -1 177
-3.349 -1 -3.248 -1 -3.28 -1 -3.368 -1 73
-3.324 -1 -3.162 -1 -3.266 -1 -3.414 -1 123
-3.34 -1 -3.2 -1 -3.332 -1 -3.454 -1 225
-3.393 -1 -3.252 -1 -3.368 -1 -3.478 -1 189
-3.423 -1 -3.324 -1 -3.36 -1 -3.47 -1 119
-3.415 -1 -3.294 -1 -3.364 -1 -3.506 -1 228
-3.435 -1 -3.276 -1 -3.378 -1 -3.458 -1 219
-3.418 -1 -3.322 -1 -3.332 -1 -3.424 -1 18
-3.378 -1 -3.234 -1 -3.304 -1 -3.356 -2 83
-3.33 -1 -3.196 -1 -3.234 -1 -3.302 -1 69
-3.268 -1 -3.13 -1 -3.156 -1 -3.29 -1 67
-3.223 -1 -3.078 -1 -3.088 -1 -3.268 -1 23
-3.178 -1 -3.05 -1 -3.14 -1 -3.338 -1 164
-3.239 -1 -3.144 -1 -3.14 -1 -3.314 -2 5
-3.227 -1 -3.122 -1 -3.178 -1 -3.366 -1 129
-3.272 -1 -3.164 -1 -3.23 -1 -3.364 -1 102
-3.297 -1 -3.192 -1 -3.26 -1 -3.368 -1 165
-3.314 -1 -3.156 -1 -3.256 -1 -3.38 -2 241
-3.318 -1 -3.192 -1 -3.252 -1 -3.448 -1 119
-3.35 -1 -3.176 -1 -3.202 -1 -3.362 -1 100
-3.282 -1 -3.186 -1 -3.234 -1 -3.438 -2 143
-3.336 -1 -3.15 -1 -3.242 -1 -3.312 -1 157
-3.277 -1 -3.174 -1 -3.256 -1 -3.416 -1 140
-3.336 -1 -3.194 -1 -3.236 -1 -3.416 -1 93
-3.326 -1 -3.202 -1 -3.204 -1 -3.394 -1 2
-3.299 -1 -3.142 -1 -3.236 -1 -3.41 -1 178
-3.323 -1 -3.208 -1 -3.302 -1 -3.414 -1 200
-3.358 -1 -3.2 -1 -3.234 -1 -3.406 -1 57
-3.32 -1 -3.214 -1 -3.266 -1 -3.424 -1 149
-3.345 -1 -3.192 -1 -3.22 -1 -3.392 -1 64
-3.306 -1 -3.194 -1 -3.28 -1 -3.386 -1 170
-3.333 -1 -3.2 -1 -3.254 -1 -3.42 -1 178
-3.337 -1 -3.174 -1 -3.272 -1 -3.416 -1 126
-3.344 -1 -3.21 -1 -3.258 -1 -3.396 -1 55
-3.327 -1 -3.21 -1 -3.3 -1 -3.466 -1 223
-3.383 -1 -3.296 -1 -3.358 -1 -3.43 -1 151
-3.394 -1 -3.25 -1 -3.324 -1 -3.446 -1 178
-3.385 -1 -3.26 -1 -3.352 -1 -3.484 -1 238
-3.418 -1 -3.268 -1 -3.346 -1 -3.456 -1 184
-3.401 -1 -3.236 -1 -3.294 -1 -3.446 -1 94
-3.37 -1 -3.254 -1 -3.274 -1 -3.46 -1 32
-3.367 -1 -3.262 -1 -3.338 -1 -3.472 -1 219
-3.405 -1 -3.31 -1 -3.404 -1 -3.422 -1 246
-3.413 -1 -3.292 -1 -3.33 -1 -3.442 -1 53
-3.386 -1 -3.302 -1 -3.378 -1 -3.442 -1 207
-3.41 -1 -3.252 -1 -3.28 -1 -3.41 -1 51
-3.345 -1 -3.228 -1 -3.28 -1 -3.376 -1 115
-3.328 -1 -3.138 -1 -3.138 -1 -3.354 -1 0
-3.246 -1 -3.136 -1 -3.204 -1 -3.322 -1 153
-3.263 -1 -3.098 -1 -3.176 -1 -3.398 -2 118
-3.287 -1 -3.154 -1 -3.282 -1 -3.4 -1 196
-3.341 -1 -3.186 -1 -3.244 -1 -3.406 -1 135
-3.325 -1 -3.216 -1 -3.224 -1 -3.32 -1 35
-3.272 -1 -3.15 -1 -3.228 -1 -3.442 -1 107
-3.335 -1 -3.188 -1 -3.27 -1 -3.46 -1 239
-3.365 -1 -3.22 -1 -3.354 -1 -3.47 -1 173
-3.412 -1 -3.304 -1 -3.322 -1 -3.368 -1 49
-3.345 -1 -3.174 -1 -3.272 -1 -3.428 -1 197
-3.35 -1 -3.222 -1 -3.27 -1 -3.372 -1 93
-3.321 -1 -3.23 -1 -3.328 -1 -3.442 -1 180
-3.385 -1 -3.278 -1 -3.318 -1 -3.35 -1 95
-3.334 -1 -3.2 -1 -3.206 -1 -3.366 -1 12
-3.286 -1 -3.114 -1 -3.16 -1 -3.356 -1 93
-3.258 -1 -3.114 -1 -3.204 -1 -3.386 -1 245
-3.295 -1 -3.162 -1 -3.25 -1 -3.428 -1 208
-3.339 -1 -3.218 -1 -3.25 -1 -3.324 -1 162
-3.287 -1 -3.12 -1 -3.174 -1 -3.408 -1 113
-3.291 -1 -3.14 -1 -3.236 -1 -3.422 -1 219
-3.329 -1 -3.212 -1 -3.228 -1 -3.406 -1 48
-3.317 -1 -3.19 -1 -3.214 -1 -3.412 -1 15
-3.313 -1 -3.11 -1 -3.162 -1 -3.42 -1 153
-3.291 -1 -3.178 -1 -3.24 -1 -3.378 -1 173
-3.309 -1 -3.096 -1 -3.246 -1 -3.416 -1 217
-3.331 -1 -3.214 -1 -3.218 -1 -3.392 -1 24
-3.305 -1 -3.188 -1 -3.204 -1 -3.306 -1 17
-3.255 -1 -3.122 -1 -3.156 -1 -3.302 -1 101
-3.229 -1 -3.122 -1 -3.26 -1 -3.398 -1 172
-3.329 -1 -3.2 -1 -3.202 -1 -3.378 -2 21
-3.29 -1 -3.162 -1 -3.228 -1 -3.334 -1 151
-3.281 -1 -3.142 -1 -3.206 -1 -3.346 -1 151
-3.276 -1 -3.148 -1 -3.256 -1 -3.418 -1 236
-3.337 -1 -3.23 -1 -3.272 -1 -3.376 -1 171
-3.324 -1 -3.244 -1 -3.312 -1 -3.39 -1 184
-3.351 -1 -3.196 -1 -3.304 -1 -3.406 -2 180
-3.355 -1 -3.19 -1 -3.262 -1 -3.396 -1 216
-3.329 -1 -3.162 -1 -3.194 -1 -3.354 -1 101
-3.274 -1 -3.132 -1 -3.172 -1 -3.344 -1 63
-3.258 -1 -3.106 -1 -3.202 -1 -3.378 -1 115
-3.29 -1 -3.182 -1 -3.242 -1 -3.35 -1 80
-3.296 -1 -3.164 -1 -3.226 -1 -3.372 -1 142
-3.299 -1 -3.206 -1 -3.218 -1 -3.384 -1 15
-3.301 -1 -3.194 -1 -3.216 -1 -3.382 -1 87
-3.299 -1 -3.142 -1 -3.24 -1 -3.33 -1 226
-3.285 -1 -3.16 -1 -3.186 -1 -3.344 -1 45
-3.265 -1 -3.14 -1 -3.198 -1 -3.35 -2 154
-3.274 -1 -3.108 -1 -3.132 -1 -3.266 -1 73
-3.199 -1 -3.1 -1 -3.182 -1 -3.274 -1 124
-3.228 -1 -3.118 -1 -3.248 -1 -3.398 -1 240
-3.323 -1 -3.21 -1 -3.31 -1 -3.432 -1 136
-3.371 -1 -3.216 -1 -3.266 -1 -3.44 -1 102
-3.353 -1 -3.226 -1 -3.264 -1 -3.394 -1 89
-3.329 -1 -3.208 -1 -3.312 -1 -3.42 -1 204
-3.366 -1 -3.264 -1 -3.302 -1 -3.432 -1 107
-3.367 -1 -3.228 -1 -3.254 -1 -3.38 -1 37
-3.317 -1 -3.19 -1 -3.246 -1 -3.41 -1 148
-3.328 -1 -3.186 -1 -3.192 -1 -3.36 -1 11
-3.276 -1 -3.176 -1 -3.26 -1 -3.432 -2 191
-3.346 -1 -3.224 -1 -3.278 -1 -3.354 -1 88
-3.316 -1 -3.214 -1 -3.222 -1 -3.346 -1 66
-3.284 -1 -3.142 -1 -3.272 -1 -3.44 -1 212
-3.356 -1 -3.254 -1 -3.318 -1 -3.49 -1 92
-3.404 -1 -3.268 -1 -3.264 -1 -3.36 -1 61
-3.312 -1 -3.234 -1 -3.34 -1 -3.45 -1 209
-3.395 -1 -3.228 -1 -3.228 -1 -3.402 -1 0
-3.315 -1 -3.15 -1 -3.23 -1 -3.416 -1 129
-3.323 -1 -3.156 -1 -3.206 -1 -3.348 -1 144
-3.277 -1 -3.182 -1 -3.216 -1 -3.42 -2 34
-3.318 -1 -3.174 -1 -3.18 -1 -3.38 -1 52
-3.28 -1 -3.174 -1 -3.178 -1 -3.432 -1 46
-3.305 -1 -3.166 -1 -3.194 -1 -3.316 -1 44
-3.255 -1 -3.148 -1 -3.232 -1 -3.346 -1 121
-3.289 -1 -3.174 -1 -3.28 -1 -3.4 -1 226
-3.34 -1 -3.244 -1 -3.268 -1 -3.312 -1 91
-3.29 -1 -3.148 -1 -3.156 -1 -3.346 -1 22
-3.251 -1 -3.06 -1 -3.228 -1 -3.356 -1 223
-3.292 -1 -3.142 -1 -3.246 -1 -3.4 -1 238
-3.323 -1 -3.214 -1 -3.308 -1 -3.436 -1 242
-3.372 -1 -3.23 -1 -3.318 -1 -3.378 -1 109
-3.348 -1 -3.216 -1 -3.284 -1 -3.466 -1 111
-3.375 -1 -3.224 -1 -3.338 -1 -3.438 -1 227
-3.388 -1 -3.302 -1 -3.434 -1 -3.494 -1 191
-3.464 -1 -3.34 -1 -3.366 -1 -3.436 -1 234
-3.401 -1 -3.332 -1 -3.39 -1 -3.466 -1 59
-3.428 -1 -3.242 -1 -3.314 -1 -3.442 -1 69
-3.378 -1 -3.214 -1 -3.246 -1 -3.33 -1 77
-3.288 -1 -3.188 -1 -3.256 -1 -3.452 -1 141
-3.354 -1 -3.246 -1 -3.272 -1 -3.382 -1 37
-3.327 -1 -3.188 -1 -3.252 -1 -3.362 -1 171
-3.307 -1 -3.206 -1 -3.332 -1 -3.472 -1 220
-3.402 -1 -3.224 -1 -3.202 -1 -3.382 -1 13
-3.292 -1 -3.174 -1 -3.168 -1 -3.264 -1 13
-3.216 -1 -3.11 -1 -3.108 -1 -3.394 -1 19
-3.251 -1 -3.138 -1 -3.224 -1 -3.356 -1 187
-3.29 -1 -3.194 -1 -3.32 -1 -3.492 -1 222
-3.406 -1 -3.306 -1 -3.34 -1 -3.45 -1 36
-3.395 -1 -3.258 -1 -3.252 -1 -3.384 -1 8
-3.318 -1 -3.176 -1 -3.238 -1 -3.364 -1 135
-3.301 -1 -3.162 -1 -3.278 -1 -3.378 -2 196
-3.328 -1 -3.146 -1 -3.166 -1 -3.424 -1 40
-3.295 -1 -3.198 -1 -3.256 -1 -3.412 -1 155
-3.334 -1 -3.19 -1 -3.326 -1 -3.46 -1 212
-3.393 -1 -3.19 -1 -3.184 -1 -3.366 -1 38
-3.275 -1 -3.14 -1 -3.222 -1 -3.362 -1 212
-3.292 -1 -3.124 -1 -3.176 -1 -3.334 -1 151
-3.255 -1 -3.142 -1 -3.17 -1 -3.328 -1 55
-3.249 -1 -3.146 -1 -3.256 -1 -3.376 -1 207
-3.316 -1 -3.196 -1 -3.242 -1 -3.34 -1 128
-3.291 -1 -3.12 -1 -3.184 -1 -3.402 -1 65
-3.293 -1 -3.162 -1 -3.186 -1 -3.378 -1 35
-3.282 -1 -3.158 -1 -3.2 -1 -3.392 -1 134
-3.296 -1 -3.126 -1 -3.224 -1 -3.398 -1 129
-3.311 -1 -3.224 -1 -3.276 -1 -3.404 -1 187
-3.34 -1 -3.222 -1 -3.252 -1 -3.378 -1 230
-3.315 -1 -3.142 -1 -3.196 -1 -3.336 -1 97
-3.266 -1 -3.15 -1 -3.23 -1 -3.366 -1 113
-3.298 -1 -3.196 -1 -3.292 -1 -3.37 -1 144
-3.331 -1 -3.156 -1 -3.26 -1 -3.378 -1 184
-3.319 -1 -3.162 -1 -3.226 -1 -3.458 -1 74
-3.342 -1 -3.204 -1 -3.234 -1 -3.33 -1 78
-3.282 -1 -3.128 -1 -3.15 -1 -3.314 -1 22
-3.232 -1 -3.09 -1 -3.204 -1 -3.398 -1 149
-3.301 -1 -3.176 -1 -3.252 -1 -3.416 -2 94
-3.334 -1 -3.182 -1 -3.25 -1 -3.374 -1 110
-3.312 -1 -3.17 -1 -3.282 -1 -3.494 -2 240
-3.388 -1 -3.264 -1 -3.36 -1 -3.458 -2 150
-3.409 -1 -3.294 -1 -3.382 -1 -3.504 -1 170
-3.443 -1 -3.358 -1 -3.402 -1 -3.456 -1 239
-3.429 -1 -3.33 -1 -3.346 -1 -3.494 -1 66
-3.42 -1 -3.314 -1 -3.352 -1 -3.448 -1 62
-3.4 -1 -3.222 -1 -3.29 -1 -3.458 -2 171
-3.374 -1 -3.248 -1 -3.264 -1 -3.422 -1 100
-3.343 -1 -3.22 -1 -3.31 -2 -3.456 -1 177
-3.383 -1 -3.248 -1 -3.272 -1 -3.386 -1 102
-3.329 -1 -3.23 -1 -3.354 -1 -3.482 -1 188
-3.418 -1 -3.298 -1 -3.364 -1 -3.464 -1 214
-3.414 -1 -3.262 -1 -3.276 -1 -3.402 -1 25
-3.339 -1 -3.184 -1 -3.212 -1 -3.372 -1 29
-3.292 -1 -3.158 -1 -3.222 -1 -3.366 -1 145
-3.294 -1 -3.22 -1 -3.262 -1 -3.392 -1 90
-3.327 -1 -3.108 -1 -3.228 -1 -3.382 -1 153
-3.305 -1 -3.194 -1 -3.274 -1 -3.42 -1 191
-3.347 -1 -3.216 -1 -3.25 -1 -3.374 -2 150
-3.312 -1 -3.138 -1 -3.218 -1 -3.418 -1 134
-3.318 -1 -3.19 -1 -3.292 -1 -3.45 -2 208
-3.371 -1 -3.224 -1 -3.26 -1 -3.404 -1 97
-3.332 -1 -3.146 -1 -3.294 -1 -3.458 -1 206
-3.376 -1 -3.27 -1 -3.308 -1 -3.444 -1 85
-3.376 -1 -3.272 -1 -3.288 -1 -3.45 -1 105
-3.369 -1 -3.184 -1 -3.224 -1 -3.426 -1 69
-3.325 -1 -3.164 -1 -3.218 -1 -3.398 -1 128
-3.308 -1 -3.158 -1 -3.184 -1 -3.362 -1 52
-3.273 -1 -3.22 -1 -3.304 -1 -3.368 -1 187
-3.336 -1 -3.198 -1 -3.216 -1 -3.388 -1 43
-3.302 -1 -3.21 -1 -3.264 -1 -3.394 -2 95
-3.329 -1 -3.184 -1 -3.226 -1 -3.38 -1 127
-3.303 -1 -3.148 -1 -3.294 -1 -3.456 -1 168
-3.375 -1 -3.204 -1 -3.304 -1 -3.36 -1 184
-3.332 -1 -3.248 -1 -3.298 -1 -3.418 -1 82
-3.358 -1 -3.214 -1 -3.262 -1 -3.386 -1 196
-3.324 -1 -3.214 -1 -3.264 -1 -3.412 -1 68
-3.338 -1 -3.16 -1 -3.176 -1 -3.35 -1 102
-3.263 -1 -3.14 -1 -3.17 -1 -3.29 -1 141
-3.23 -1 -3.08 -1 -3.172 -1 -3.404 -1 129
-3.288 -1 -3.116 -1 -3.114 -1 -3.294 -1 28
-3.204 -1 -3.074 -1 -3.182 -1 -3.358 -1 122
-3.27 -1 -3.122 -1 -3.29 -1 -3.336 -1 244
-3.313 -1 -3.174 -1 -3.306 -1 -3.416 -1 238
-3.361 -1 -3.204 -1 -3.304 -1 -3.348 -1 181
-3.326 -1 -3.222 -1 -3.324 -1 -3.516 -1 202
-3.42 -1 -3.308 -1 -3.378 -1 -3.478 -1 68
-3.428 -1 -3.228 -1 -3.316 -1 -3.418 -1 124
-3.367 -1 -3.252 -1 -3.322 -1 -3.482 -1 167
-3.402 -1 -3.252 -1 -3.272 -1 -3.436 -1 81
-3.354 -1 -3.204 -1 -3.29 -1 -3.396 -1 234
-3.343 -1 -3.214 -1 -3.312 -1 -3.438 -1 209
-3.375 -1 -3.242 -1 -3.322 -1 -3.474 -2 203
-3.398 -1 -3.244 -1 -3.33 -1 -3.42 -2 223
-3.375 -1 -3.27 -1 -3.366 -1 -3.444 -1 159
-3.405 -1 -3.29 -1 -3.332 -1 -3.524 -2 116
-3.428 -1 -3.286 -1 -3.312 -1 -3.512 -2 62
-3.412 -1 -3.266 -1 -3.348 -1 -3.382 -1 148
-3.365 -1 -3.224 -1 -3.228 -1 -3.43 -1 8
-3.329 -1 -3.26 -1 -3.284 -1 -3.354 -1 110
-3.319 -1 -3.23 -1 -3.252 -1 -3.372 -1 28
-3.312 -1 -3.174 -1 -3.226 -1 -3.394 -1 96
-3.31 -1 -3.118 -1 -3.152 -1 -3.37 -1 163
-3.261 -1 -3.148 -1 -3.154 -1 -3.314 -1 10
-3.234 -1 -3.114 -1 -3.136 -1 -3.322 -1 21
-3.229 -1 -3.066 -1 -3.188 -1 -3.398 -1 182
-3.293 -1 -3.168 -1 -3.19 -1 -3.352 -1 37
-3.271 -1 -3.152 -1 -3.15 -1 -3.302 -1 6
-3.226 -1 -3.076 -1 -3.076 -1 -3.308 -1 0
-3.192 -1 -3.044 -1 -3.096 -1 -3.29 -1 91
-3.193 -1 -3.018 -1 -3.04 -1 -3.294 -1 61
-3.167 -1 -3.098 -1 -3.2 -1 -3.314 -1 196
-3.257 -1 -3.144 -1 -3.29 -1 -3.418 -1 189
-3.354 -1 -3.24 -1 -3.262 -1 -3.394 -2 119
-3.328 -1 -3.156 -1 -3.234 -1 -3.456 -1 179
-3.345 -1 -3.186 -1 -3.222 -1 -3.346 -1 57
-3.284 -1 -3.156 -1 -3.216 -1 -3.396 -1 102
-3.306 -1 -3.148 -1 -3.272 -1 -3.404 -1 212
-3.338 -1 -3.196 -1 -3.26 -1 -3.42 -1 116
-3.34 -1 -3.236 -1 -3.256 -1 -3.462 -2 76
-3.359 -1 -3.164 -1 -3.186 -1 -3.378 -1 34
-3.282 -1 -3.128 -1 -3.158 -1 -3.392 -1 149
-3.275 -1 -3.158 -1 -3.228 -1 -3.402 -1 160
-3.315 -1 -3.168 -1 -3.188 -1 -3.32 -2 52
-3.254 -1 -3.198 -1 -3.322 -1 -3.378 -1 241
-3.35 -1 -3.266 -1 -3.396 -1 -3.47 -1 229
-3.433 -1 -3.32 -1 -3.404 -1 -3.496 -1 157
-3.45 -1 -3.308 -1 -3.368 -1 -3.4 -1 87
-3.384 -1 -3.268 -1 -3.344 -1 -3.388 -1 196
-3.366 -1 -3.276 -1 -3.3 -1 -3.434 -1 129
-3.367 -1 -3.232 -1 -3.286 -1 -3.442 -2 126
-3.364 -1 -3.23 -1 -3.288 -1 -3.394 -1 152
-3.341 -1 -3.194 -1 -3.254 -1 -3.386 -1 150
-3.32 -1 -3.184 -1 -3.224 -1 -3.444 -2 176
-3.334 -1 -3.22 -1 -3.28 -1 -3.358 -1 140
-3.319 -1 -3.186 -1 -3.284 -1 -3.41 -1 216
-3.347 -1 -3.176 -1 -3.236 -1 -3.424 -1 94
-3.33 -1 -3.178 -1 -3.26 -1 -3.378 -1 69
-3.319 -1 -3.172 -1 -3.206 -1 -3.408 -1 58
-3.307 -1 -3.136 -1 -3.162 -1 -3.358 -1 70
-3.26 -1 -3.124 -1 -3.264 -1 -3.478 -1 194
-3.371 -1 -3.232 -1 -3.336 -1 -3.45 -1 207
-3.393 -1 -3.272 -1 -3.374 -1 -3.464 -1 234
-3.419 -1 -3.282 -1 -3.276 -1 -3.504 -1 177
-3.39 -1 -3.232 -1 -3.284 -1 -3.352 -1 79
-3.318 -1 -3.176 -1 -3.214 -1 -3.336 -1 37
-3.275 -1 -3.166 -1 -3.29 -1 -3.434 -1 236
-3.362 -1 -3.214 -1 -3.342 -1 -3.398 -1 227
-3.37 -1 -3.22 -1 -3.318 -1 -3.386 -2 223
-3.352 -1 -3.214 -1 -3.236 -1 -3.476 -1 46
-3.356 -1 -3.216 -1 -3.296 -1 -3.43 -1 186
-3.363 -1 -3.246 -1 -3.342 -1 -3.406 -1 235
-3.374 -1 -3.254 -1 -3.266 -1 -3.42 -1 96
-3.343 -1 -3.196 -1 -3.268 -1 -3.378 -1 245
-3.323 -1 -3.22 -1 -3.266 -1 -3.5 -1 125
-3.383 -1 -3.232 -1 -3.316 -1 -3.49 -1 194
-3.403 -1 -3.282 -1 -3.314 -1 -3.466 -1 119
-3.39 -1 -3.196 -1 -3.308 -1 -3.456 -1 208
-3.382 -1 -3.268 -1 -3.27 -1 -3.372 -2 6
-3.321 -1 -3.212 -1 -3.256 -1 -3.442 -1 112
-3.349 -1 -3.18 -1 -3.25 -1 -3.364 -1 141
-3.307 -1 -3.21 -1 -3.266 -1 -3.446 -1 108
-3.356 -1 -3.206 -1 -3.276 -1 -3.458 -1 135
-3.367 -1 -3.19 -1 -3.19 -1 -3.342 -1 6
-3.266 -1 -3.116 -1 -3.144 -1 -3.324 -1 67
-3.234 -1 -3.152 -1 -3.252 -1 -3.322 -1 205
-3.287 -1 -3.136 -1 -3.166 -1 -3.328 -1 114
-3.247 -1 -3.118 -1 -3.252 -1 -3.364 -1 194
-3.308 -1 -3.24 -1 -3.334 -1 -3.434 -1 216
-3.384 -1 -3.308 -1 -3.39 -1 -3.518 -1 137
-3.454 -1 -3.29 -1 -3.292 -1 -3.458 -1 11
-3.375 -1 -3.256 -1 -3.282 -1 -3.408 -2 114
-3.345 -1 -3.2 -1 -3.27 -1 -3.39 -2 151
-3.33 -1 -3.194 -1 -3.262 -1 -3.372 -2 105
-3.317 -1 -3.214 -1 -3.26 -1 -3.488 -1 247
-3.374 -1 -3.23 -1 -3.228 -1 -3.346 -1 43
-3.287 -1 -3.168 -1 -3.246 -1 -3.38 -2 117
-3.313 -1 -3.182 -1 -3.266 -1 -3.354 -1 162
-3.31 -1 -3.224 -1 -3.26 -1 -3.34 -2 170
-3.3 -1 -3.19 -2 -3.218 -2 -3.358 -1 19
-3.288 -1 -3.164 -1 -3.196 -1 -3.388 -1 22
-3.292 -1 -3.196 -1 -3.22 -1 -3.362 -1 23
-3.291 -1 -3.13 -1 -3.15 -1 -3.374 -1 63
-3.262 -1 -3.148 -1 -3.176 -1 -3.396 -1 67
-3.286 -1 -3.152 -1 -3.196 -1 -3.338 -1 41
-3.267 -1 -3.11 -1 -3.108 -1 -3.386 -1 8
-3.247 -1 -3.09 -1 -3.158 -1 -3.394 -1 112
-3.276 -1 -3.116 -1 -3.248 -1 -3.426 -2 175
-3.337 -1 -3.232 -2 -3.284 -2 -3.376 -1 86
-3.33 -1 -3.184 -2 -3.2 -2 -3.324 -1 42
-3.262 -1 -3.164 -1 -3.192 -1 -3.364 -1 36
-3.278 -1 -3.15 -1 -3.2 -1 -3.37 -1 94
-3.285 -1 -3.17 -1 -3.288 -1 -3.374 -1 117
-3.331 -1 -3.172 -1 -3.256 -1 -3.358 -1 193
-3.307 -1 -3.142 -1 -3.196 -1 -3.376 -1 87
-3.286 -1 -3.122 -1 -3.218 -1 -3.33 -1 152
-3.274 -1 -3.194 -1 -3.248 -1 -3.412 -1 187
-3.33 -1 -3.188 -1 -3.292 -1 -3.412 -1 244
-3.352 -1 -3.23 -1 -3.258 -1 -3.408 -1 59
-3.333 -1 -3.252 -1 -3.266 -1 -3.432 -2 118
-3.349 -1 -3.172 -1 -3.194 -1 -3.328 -1 98
-3.261 -1 -3.128 -1 -3.128 -1 -3.268 -1 0
-3.198 -1 -3.074 -1 -3.158 -1 -3.36 -1 150
-3.259 -1 -3.164 -1 -3.194 -1 -3.352 -1 73
-3.273 -1 -3.164 -1 -3.2 -1 -3.398 -1 47
-3.299 -1 -3.16 -1 -3.174 -1 -3.312 -1 91
-3.243 -1 -3.142 -1 -3.216 -1 -3.392 -1 142
-3.304 -1 -3.194 -1 -3.264 -1 -3.448 -2 247
-3.356 -1 -3.178 -1 -3.25 -1 -3.412 -1 162
-3.331 -1 -3.204 -1 -3.326 -1 -3.438 -1 226
-3.382 -1 -3.302 -1 -3.424 -1 -3.478 -1 215
-3.451 -1 -3.256 -1 -3.326 -1 -3.516 -1 93
-3.421 -1 -3.3 -1 -3.326 -1 -3.43 -1 56
-3.378 -1 -3.236 -1 -3.322 -1 -3.4 -1 220
-3.361 -1 -3.168 -1 -3.262 -1 -3.398 -1 145
-3.33 -1 -3.246 -1 -3.308 -1 -3.476 -1 101
-3.392 -1 -3.242 -1 -3.29 -1 -3.456 -1 137
-3.373 -1 -3.278 -1 -3.368 -1 -3.506 -1 241
-3.437 -1 -3.302 -1 -3.314 -1 -3.41 -1 114
-3.362 -1 -3.19 -1 -3.234 -1 -3.364 -1 139
-3.299 -1 -3.204 -1 -3.204 -1 -3.394 -1 1
-3.299 -1 -3.222 -1 -3.284 -1 -3.356 -2 178
-3.32 -1 -3.178 -1 -3.212 -1 -3.414 -1 36
-3.313 -1 -3.218 -1 -3.294 -1 -3.392 -1 212
-3.343 -1 -3.256 -1 -3.308 -1 -3.424 -1 51
-3.366 -1 -3.212 -1 -3.266 -1 -3.364 -1 140
-3.315 -1 -3.166 -1 -3.182 -1 -3.41 -1 9
-3.296 -1 -3.104 -1 -3.254 -1 -3.394 -1 228
-3.324 -1 -3.206 -1 -3.24 -1 -3.446 -2 80
-3.343 -1 -3.216 -1 -3.224 -1 -3.392 -1 31
-3.308 -1 -3.182 -1 -3.318 -1 -3.398 -1 239
-3.358 -1 -3.198 -1 -3.274 -1 -3.396 -1 161
-3.335 -1 -3.198 -1 -3.248 -1 -3.374 -2 62
-3.311 -1 -3.162 -1 -3.174 -1 -3.372 -1 19
-3.273 -1 -3.128 -1 -3.15 -1 -3.302 -1 54
-3.226 -1 -3.172 -1 -3.19 -1 -3.384 -1 86
-3.287 -1 -3.148 -1 -3.242 -1 -3.382 -1 132
-3.312 -1 -3.178 -1 -3.32 -1 -3.384 -1 199
-3.352 -1 -3.234 -1 -3.296 -2 -3.468 -1 150
-3.382 -1 -3.282 -1 -3.292 -1 -3.43 -1 13
-3.361 -1 -3.24 -1 -3.324 -1 -3.452 -1 230
-3.388 -1 -3.276 -1 -3.322 -1 -3.426 -1 188
-3.374 -1 -3.226 -1 -3.326 -1 -3.498 -1 209
-3.412 -1 -3.236 -1 -3.282 -1 -3.442 -1 76
-3.362 -1 -3.216 -1 -3.294 -1 -3.434 -2 198
-3.364 -1 -3.226 -1 -3.258 -1 -3.342 -1 65
-3.3 -1 -3.18 -1 -3.282 -1 -3.456 -2 232
-3.369 -1 -3.244 -1 -3.328 -2 -3.462 -1 213
-3.395 -1 -3.304 -1 -3.302 -1 -3.364 -2 5
-3.333 -1 -3.252 -1 -3.314 -1 -3.428 -1 109
-3.371 -1 -3.22 -1 -3.248 -1 -3.33 -1 117
-3.289 -1 -3.16 -1 -3.294 -1 -3.37 -1 214
-3.332 -1 -3.166 -1 -3.22 -1 -3.362 -2 98
-3.291 -1 -3.13 -1 -3.256 -1 -3.406 -1 230
-3.331 -1 -3.198 -1 -3.28 -1 -3.432 -1 142
-3.356 -1 -3.172 -1 -3.32 -1 -3.434 -1 244
-3.377 -1 -3.27 -1 -3.352 -1 -3.43 -1 188
-3.391 -1 -3.26 -1 -3.298 -1 -3.392 -1 145
-3.345 -1 -3.196 -1 -3.228 -1 -3.378 -1 99
-3.303 -1 -3.202 -1 -3.298 -1 -3.45 -1 246
-3.374 -1 -3.216 -1 -3.256 -1 -3.362 -1 96
-3.309 -1 -3.156 -1 -3.23 -1 -3.47 -1 175
-3.35 -1 -3.208 -1 -3.284 -1 -3.408 -1 200
-3.346 -1 -3.2 -1 -3.27 -1 -3.412 -1 153
-3.341 -1 -3.212 -1 -3.268 -1 -3.342 -2 157
-3.305 -1 -3.178 -1 -3.302 -1 -3.38 -1 217
-3.341 -1 -3.25 -1 -3.366 -1 -3.474 -1 233
-3.42 -1 -3.246 -1 -3.338 -1 -3.418 -1 162
-3.378 -1 -3.194 -1 -3.2 -1 -3.396 -1 47
-3.298 -1 -3.184 -1 -3.188 -1 -3.382 -1 7
-3.285 -1 -3.142 -1 -3.188 -1 -3.338 -1 51
-3.263 -1 -3.132 -1 -3.166 -1 -3.314 -1 34
-3.24 -1 -3.15 -1 -3.266 -1 -3.384 -1 127
-3.325 -1 -3.268 -1 -3.3 -1 -3.426 -2 113
-3.363 -1 -3.322 -1 -3.394 -2 -3.458 -1 74
-3.426 -1 -3.336 -1 -3.328 -1 -3.48 -1 131
-3.404 -1 -3.268 -1 -3.386 -1 -3.544 -1 234
-3.465 -1 -3.234 -1 -3.258 -1 -3.392 -2 30
-3.325 -1 -3.198 -1 -3.226 -1 -3.402 -2 141
-3.314 -1 -3.184 -1 -3.288 -2 -3.352 -2 225
-3.32 -2 -3.192 -2 -3.24 -2 -3.4 -1 75
-3.32 -1 -3.204 -1 -3.242 -1 -3.42 -1 82
-3.331 -1 -3.122 -1 -3.244 -1 -3.388 -1 217
-3.316 -1 -3.17 -1 -3.186 -1 -3.332 -1 84
-3.259 -1 -3.086 -1 -3.136 -1 -3.334 -1 66
-3.235 -1 -3.15 -1 -3.19 -1 -3.3 -1 38
-3.245 -1 -3.086 -1 -3.21 -1 -3.338 -1 216
-3.274 -1 -3.13 -1 -3.186 -1 -3.374 -1 117
-3.28 -1 -3.134 -1 -3.252 -1 -3.368 -1 207
-3.31 -1 -3.208 -1 -3.222 -1 -3.374 -1 38
-3.298 -1 -3.21 -1 -3.266 -1 -3.432 -1 162
-3.349 -1 -3.204 -1 -3.22 -1 -3.452 -1 95
-3.336 -1 -3.184 -1 -3.272 -1 -3.354 -1 94
-3.313 -1 -3.136 -1 -3.226 -1 -3.402 -1 248
-3.314 -1 -3.248 -1 -3.316 -2 -3.388 -1 165
-3.352 -1 -3.208 -1 -3.296 -1 -3.44 -1 204
-3.368 -1 -3.248 -1 -3.29 -1 -3.386 -1 153
-3.338 -1 -3.2 -1 -3.21 -1 -3.336 -1 45
-3.273 -1 -3.164 -1 -3.234 -1 -3.412 -1 90
-3.323 -1 -3.22 -1 -3.226 -1 -3.378 -1 6
-3.302 -1 -3.168 -1 -3.304 -1 -3.416 -1 201
-3.36 -1 -3.242 -1 -3.252 -1 -3.428 -2 8
-3.34 -1 -3.268 -1 -3.302 -1 -3.458 -1 129
-3.38 -1 -3.216 -1 -3.318 -1 -3.4 -1 218
-3.359 -1 -3.18 -1 -3.234 -1 -3.38 -1 119
-3.307 -1 -3.188 -1 -3.268 -1 -3.39 -1 248
-3.329 -1 -3.218 -1 -3.256 -1 -3.358 -1 70
-3.307 -1 -3.184 -1 -3.266 -1 -3.458 -2 231
-3.362 -1 -3.24 -1 -3.334 -1 -3.436 -1 216
-3.385 -1 -3.248 -1 -3.352 -1 -3.402 -1 199
-3.377 -1 -3.25 -1 -3.276 -1 -3.41 -1 241
-3.343 -1 -3.208 -1 -3.234 -1 -3.404 -1 62
-3.319 -1 -3.214 -1 -3.208 -1 -3.286 -1 13
-3.247 -1 -3.102 -1 -3.156 -1 -3.372 -1 124
-3.264 -1 -3.138 -1 -3.228 -1 -3.43 -1 174
-3.329 -1 -3.194 -1 -3.228 -1 -3.344 -1 51
-3.286 -1 -3.136 -1 -3.268 -1 -3.408 -1 139
-3.338 -1 -3.154 -1 -3.186 -1 -3.3 -1 22
-3.243 -1 -3.13 -1 -3.256 -1 -3.424 -1 225
-3.34 -1 -3.2 -1 -3.284 -1 -3.44 -1 166
-3.362 -1 -3.242 -1 -3.24 -1 -3.404 -1 5
-3.322 -1 -3.18 -1 -3.292 -1 -3.384 -1 240
-3.338 -1 -3.214 -1 -3.256 -1 -3.378 -1 90
-3.317 -1 -3.176 -1 -3.188 -1 -3.37 -1 32
-3.279 -1 -3.162 -1 -3.25 -1 -3.34 -1 146
-3.295 -1 -3.12 -1 -3.172 -1 -3.302 -1 122
-3.237 -1 -3.154 -1 -3.238 -1 -3.38 -1 114
-3.309 -1 -3.152 -1 -3.232 -1 -3.408 -1 236
-3.32 -1 -3.194 -1 -3.294 -1 -3.424 -1 182
-3.359 -1 -3.224 -1 -3.27 -1 -3.404 -1 118
-3.337 -1 -3.18 -1 -3.232 -1 -3.412 -1 123
-3.322 -1 -3.176 -1 -3.2 -1 -3.392 -1 83
-3.296 -1 -3.114 -1 -3.214 -1 -3.36 -1 134
-3.287 -1 -3.142 -1 -3.224 -1 -3.354 -2 200
-3.289 -1 -3.158 -1 -3.21 -1 -3.352 -1 82
-3.281 -1 -3.138 -1 -3.292 -1 -3.408 -1 221
-3.35 -1 -3.232 -1 -3.236 -1 -3.384 -1 5
-3.31 -1 -3.19 -1 -3.232 -1 -3.334 -1 93
-3.283 -1 -3.116 -1 -3.298 -1 -3.392 -1 238
-3.345 -1 -3.168 -1 -3.228 -1 -3.36 -1 164
-3.294 -1 -3.192 -1 -3.242 -1 -3.39 -1 246
-3.316 -1 -3.156 -1 -3.17 -1 -3.358 -1 29
-3.264 -1 -3.126 -1 -3.144 -1 -3.294 -1 54
-3.219 -1 -3.104 -1 -3.104 -1 -3.246 -1 2
-3.175 -1 -3.088 -1 -3.142 -1 -3.318 -1 124
-3.23 -1 -3.13 -1 -3.19 -1 -3.296 -1 124
-3.243 -1 -3.08 -1 -3.144 -1 -3.28 -1 133
-3.212 -1 -3.124 -1 -3.182 -1 -3.332 -1 95
-3.257 -1 -3.174 -1 -3.176 -1 -3.284 -1 25
-3.23 -1 -3.126 -1 -3.2 -1 -3.328 -1 88
-3.264 -1 -3.074 -1 -3.16 -1 -3.39 -2 149
-3.275 -1 -3.134 -1 -3.224 -1 -3.364 -1 125
-3.294 -1 -3.134 -1 -3.172 -1 -3.348 -1 58
-3.26 -1 -3.164 -1 -3.228 -1 -3.384 -2 122
-3.306 -1 -3.146 -1 -3.266 -1 -3.422 -1 196
-3.344 -1 -3.236 -1 -3.296 -1 -3.454 -1 126
-3.375 -1 -3.222 -1 -3.308 -1 -3.42 -2 154
-3.364 -1 -3.208 -1 -3.222 -1 -3.362 -1 12
-3.292 -1 -3.152 -1 -3.23 -1 -3.352 -1 160
-3.291 -1 -3.188 -1 -3.196 -1 -3.324 -1 18
-3.26 -1 -3.164 -1 -3.202 -1 -3.36 -1 67
-3.281 -1 -3.188 -1 -3.234 -1 -3.398 -1 114
-3.316 -1 -3.124 -1 -3.204 -1 -3.41 -1 166
-3.307 -1 -3.196 -1 -3.236 -1 -3.352 -1 51
-3.294 -1 -3.146 -1 -3.268 -2 -3.378 -1 204
-3.323 -1 -3.2 -2 -3.284 -2 -3.474 -1 154
-3.379 -1 -3.266 -1 -3.354 -1 -3.474 -1 160
-3.414 -1 -3.254 -2 -3.338 -2 -3.51 -2 210
-3.424 -2 -3.296 -2 -3.276 -1 -3.378 -1 114
-3.327 -1 -3.162 -1 -3.228 -1 -3.38 -1 108
-3.304 -1 -3.168 -1 -3.204 -1 -3.358 -1 175
-3.281 -1 -3.122 -1 -3.172 -1 -3.412 -1 82
-3.292 -1 -3.158 -1 -3.252 -1 -3.378 -1 216
-3.315 -1 -3.07 -1 -3.202 -1 -3.41 -1 240
-3.306 -1 -3.154 -1 -3.184 -1 -3.332 -2 72
-3.258 -1 -3.13 -1 -3.136 -1 -3.298 -2 7
-3.217 -1 -3.084 -1 -3.15 -1 -3.308 -1 136
-3.229 -1 -3.132 -1 -3.24 -1 -3.38 -1 167
-3.31 -1 -3.202 -1 -3.204 -1 -3.392 -2 15
-3.298 -1 -3.152 -1 -3.26 -1 -3.39 -1 236
-3.325 -1 -3.21 -1 -3.32 -1 -3.484 -1 165
-3.402 -1 -3.268 -1 -3.33 -1 -3.462 -1 188
-3.396 -1 -3.256 -1 -3.258 -1 -3.428 -1 24
-3.343 -1 -3.216 -1 -3.352 -1 -3.542 -1 243
-3.447 -1 -3.302 -1 -3.322 -1 -3.418 -1 134
-3.37 -1 -3.258 -1 -3.29 -1 -3.392 -1 72
-3.341 -1 -3.204 -1 -3.212 -1 -3.28 -1 1
-3.246 -1 -3.104 -1 -3.132 -1 -3.324 -1 95
-3.228 -1 -3.122 -1 -3.204 -1 -3.43 -1 161
-3.317 -1 -3.13 -1 -3.21 -1 -3.422 -2 237
-3.316 -1 -3.21 -1 -3.312 -1 -3.416 -1 182
-3.364 -1 -3.258 -1 -3.294 -1 -3.498 -1 226
-3.396 -1 -3.268 -1 -3.344 -1 -3.49 -1 124
-3.417 -1 -3.258 -1 -3.324 -1 -3.486 -2 79
-3.405 -1 -3.294 -1 -3.318 -1 -3.468 -2 46
-3.393 -1 -3.288 -1 -3.322 -1 -3.356 -1 61
-3.339 -1 -3.194 -1 -3.266 -1 -3.426 -1 203
-3.346 -1 -3.224 -1 -3.252 -1 -3.39 -1 25
-3.321 -1 -3.11 -1 -3.11 -1 -3.32 -1 10
-3.215 -1 -3.094 -1 -3.128 -1 -3.326 -1 82
-3.227 -1 -3.1 -1 -3.218 -1 -3.388 -1 149
-3.303 -1 -3.168 -1 -3.248 -1 -3.406 -1 175
-3.327 -1 -3.22 -1 -3.294 -1 -3.37 -1 123
-3.332 -1 -3.26 -1 -3.266 -1 -3.414 -1 17
-3.34 -1 -3.244 -1 -3.246 -1 -3.334 -1 13
-3.29 -1 -3.194 -1 -3.238 -1 -3.414 -1 67
-3.326 -1 -3.236 -1 -3.236 -1 -3.332 -1 0
-3.284 -1 -3.156 -1 -3.242 -1 -3.42 -1 217
-3.331 -1 -3.18 -1 -3.324 -1 -3.432 -1 247
-3.378 -1 -3.216 -1 -3.324 -1 -3.44 -1 206
-3.382 -1 -3.272 -1 -3.318 -1 -3.448 -1 76
-3.383 -1 -3.26 -1 -3.356 -1 -3.456 -1 181
-3.406 -1 -3.318 -1 -3.384 -1 -3.514 -1 171
-3.449 -1 -3.298 -1 -3.322 -1 -3.454 -1 123
-3.388 -1 -3.256 -1 -3.312 -1 -3.52 -2 209
-3.416 -1 -3.27 -1 -3.326 -1 -3.386 -1 126
-3.356 -1 -3.22 -1 -3.342 -1 -3.532 -1 215
-3.437 -1 -3.336 -1 -3.358 -1 -3.36 -1 178
-3.359 -1 -3.27 -2 -3.3 -2 -3.456 -1 95
-3.378 -1 -3.21 -2 -3.352 -1 -3.378 -2 182
-3.365 -1 -3.26 -1 -3.338 -1 -3.44 -1 203
-3.389 -1 -3.236 -1 -3.332 -1 -3.504 -1 249
-3.418 -1 -3.306 -1 -3.358 -1 -3.5 -1 205
-3.429 -1 -3.29 -1 -3.336 -1 -3.412 -2 86
-3.374 -1 -3.206 -1 -3.264 -1 -3.39 -1 217
-3.327 -1 -3.162 -1 -3.232 -1 -3.398 -1 143
-3.315 -1 -3.184 -1 -3.328 -1 -3.442 -1 195
-3.385 -1 -3.202 -1 -3.3 -1 -3.488 -1 200
-3.394 -1 -3.23 -1 -3.288 -1 -3.418 -1 85
-3.353 -1 -3.226 -1 -3.324 -1 -3.418 -1 227
-3.371 -1 -3.22 -1 -3.242 -1 -3.352 -1 47
-3.297 -1 -3.164 -1 -3.278 -1 -3.444 -1 199
-3.361 -1 -3.182 -1 -3.278 -1 -3.39 -1 177
-3.334 -1 -3.214 -1 -3.224 -1 -3.34 -2 39
-3.282 -1 -3.13 -1 -3.146 -1 -3.374 -1 43
-3.26 -1 -3.116 -1 -3.134 -1 -3.41 -2 51
-3.272 -1 -3.114 -1 -3.22 -1 -3.346 -1 207
-3.283 -1 -3.138 -1 -3.24 -1 -3.392 -2 244
-3.316 -1 -3.212 -1 -3.246 -1 -3.33 -1 81
-3.288 -1 -3.178 -1 -3.292 -1 -3.446 -1 227
-3.369 -1 -3.246 -1 -3.26 -1 -3.41 -1 32
-3.335 -1 -3.148 -1 -3.234 -1 -3.352 -1 190
-3.293 -1 -3.17 -1 -3.216 -1 -3.34 -1 89
-3.278 -1 -3.196 -1 -3.196 -1 -3.418 -1 49
-3.307 -1 -3.136 -1 -3.248 -1 -3.398 -1 199
-3.323 -1 -3.238 -1 -3.36 -1 -3.41 -1 241
-3.385 -1 -3.286 -1 -3.314 -1 -3.438 -1 83
-3.376 -1 -3.31 -1 -3.33 -1 -3.398 -1 54
-3.364 -1 -3.244 -1 -3.31 -1 -3.39 -1 166
-3.35 -1 -3.23 -1 -3.302 -1 -3.462 -1 87
-3.382 -1 -3.228 -1 -3.344 -1 -3.514 -1 195
-3.429 -1 -3.306 -1 -3.326 -1 -3.402 -2 88
-3.364 -1 -3.188 -1 -3.248 -1 -3.428 -1 116
-3.338 -1 -3.2 -1 -3.278 -1 -3.43 -1 176
-3.354 -1 -3.222 -1 -3.25 -1 -3.424 -1 16
-3.337 -1 -3.244 -1 -3.242 -1 -3.352 -1 3
-3.297 -1 -3.174 -1 -3.27 -1 -3.406 -1 146
-3.338 -1 -3.212 -1 -3.34 -1 -3.428 -1 248
-3.384 -1 -3.222 -1 -3.3 -1 -3.336 -1 205
-3.318 -1 -3.172 -1 -3.176 -1 -3.336 -1 19
-3.256 -1 -3.116 -1 -3.24 -1 -3.414 -2 183
-3.327 -1 -3.188 -1 -3.288 -1 -3.49 -1 153
-3.389 -1 -3.238 -1 -3.272 -1 -3.372 -1 129
-3.322 -1 -3.224 -1 -3.328 -1 -3.484 -1 213
-3.406 -1 -3.282 -1 -3.308 -1 -3.404 -1 113
-3.356 -1 -3.224 -1 -3.316 -1 -3.464 -1 128
-3.39 -1 -3.272 -1 -3.302 -1 -3.438 -1 137
-3.37 -1 -3.214 -1 -3.224 -1 -3.31 -1 12
-3.267 -1 -3.14 -1 -3.164 -1 -3.398 -1 48
-3.281 -1 -3.178 -1 -3.3 -1 -3.446 -1 244
-3.373 -1 -3.242 -1 -3.298 -1 -3.424 -1 118
-3.361 -1 -3.2 -1 -3.204 -1 -3.314 -1 55
-3.259 -1 -3.118 -1 -3.19 -1 -3.372 -1 137
-3.281 -1 -3.12 -1 -3.24 -1 -3.346 -1 221
-3.293 -1 -3.148 -1 -3.196 -1 -3.428 -1 125
-3.312 -1 -3.19 -1 -3.288 -1 -3.376 -1 147
-3.332 -1 -3.22 -1 -3.264 -1 -3.422 -1 43
-3.343 -1 -3.224 -1 -3.31 -1 -3.44 -1 245
-3.375 -1 -3.248 -1 -3.278 -1 -3.494 -1 120
-3.386 -1 -3.218 -1 -3.306 -1 -3.45 -1 135
-3.378 -1 -3.294 -1 -3.296 -1 -3.382 -1 5
-3.339 -1 -3.174 -1 -3.288 -1 -3.404 -1 227
-3.346 -1 -3.226 -1 -3.328 -1 -3.438 -1 212
-3.383 -1 -3.224 -1 -3.344 -1 -3.404 -1 239
-3.374 -1 -3.246 -1 -3.27 -1 -3.414 -1 52
-3.342 -1 -3.24 -1 -3.25 -1 -3.362 -1 12
-3.306 -1 -3.162 -1 -3.232 -1 -3.344 -1 75
-3.288 -1 -3.186 -1 -3.176 -1 -3.322 -1 30
-3.249 -1 -3.146 -1 -3.164 -1 -3.4 -1 59
-3.282 -1 -3.118 -1 -3.134 -1 -3.378 -1 32
-3.256 -1 -3.1 -1 -3.202 -1 -3.424 -1 168
-3.313 -1 -3.164 -1 -3.27 -1 -3.386 -1 169
-3.328 -1 -3.162 -1 -3.23 -1 -3.396 -1 146
-3.313 -1 -3.182 -1 -3.182 -1 -3.424 -1 3
-3.303 -1 -3.162 -1 -3.192 -1 -3.306 -1 78
-3.249 -1 -3.128 -1 -3.198 -1 -3.3 -1 191
-3.249 -1 -3.102 -1 -3.176 -1 -3.372 -1 108
-3.274 -1 -3.126 -1 -3.2 -1 -3.392 -1 215
-3.296 -1 -3.148 -1 -3.176 -1 -3.34 -1 59
-3.258 -1 -3.166 -1 -3.226 -1 -3.378 -1 70
-3.302 -1 -3.18 -1 -3.196 -1 -3.41 -1 43
-3.303 -1 -3.164 -1 -3.264 -1 -3.436 -1 154
-3.35 -1 -3.182 -1 -3.208 -1 -3.31 -2 38
-3.259 -1 -3.2 -1 -3.206 -1 -3.39 -1 15
-3.298 -1 -3.162 -1 -3.18 -1 -3.348 -1 25
-3.264 -1 -3.196 -1 -3.332 -1 -3.42 -1 228
-3.376 -1 -3.28 -1 -3.354 -1 -3.45 -1 149
-3.402 -1 -3.302 -1 -3.312 -1 -3.47 -2 101
-3.391 -1 -3.302 -1 -3.402 -1 -3.404 -2 206
-3.403 -1 -3.342 -1 -3.432 -1 -3.49 -1 201
-3.461 -1 -3.272 -1 -3.374 -1 -3.444 -1 223
-3.409 -1 -3.304 -1 -3.338 -1 -3.37 -1 70
-3.354 -1 -3.168 -1 -3.286 -1 -3.434 -1 241
-3.36 -1 -3.246 -1 -3.326 -1 -3.454 -1 206
-3.39 -1 -3.26 -1 -3.302 -1 -3.466 -1 37
-3.384 -1 -3.314 -1 -3.344 -1 -3.426 -1 142
-3.385 -1 -3.26 -1 -3.36 -1 -3.452 -2 114
-3.406 -1 -3.256 -1 -3.322 -1 -3.462 -1 232
-3.392 -1 -3.244 -1 -3.294 -1 -3.468 -1 197
-3.381 -1 -3.25 -1 -3.28 -1 -3.346 -1 88
-3.313 -1 -3.202 -1 -3.294 -1 -3.382 -1 135
-3.338 -1 -3.198 -1 -3.276 -1 -3.414 -1 244
-3.345 -1 -3.23 -1 -3.368 -1 -3.424 -1 236
-3.396 -1 -3.224 -1 -3.254 -1 -3.444 -2 87
-3.349 -1 -3.214 -1 -3.274 -1 -3.434 -1 235
-3.354 -1 -3.278 -1 -3.296 -1 -3.434 -1 53
-3.365 -1 -3.196 -1 -3.22 -1 -3.336 -1 70
-3.278 -1 -3.144 -1 -3.282 -1 -3.428 -1 212
-3.355 -1 -3.208 -1 -3.212 -1 -3.364 -1 45
-3.288 -1 -3.17 -1 -3.178 -1 -3.304 -1 28
-3.241 -1 -3.124 -1 -3.19 -1 -3.258 -1 76
-3.224 -1 -3.162 -1 -3.224 -1 -3.348 -1 105
-3.286 -1 -3.14 -1 -3.168 -1 -3.336 -1 112
-3.252 -1 -3.142 -1 -3.234 -1 -3.362 -1 229
-3.298 -1 -3.106 -1 -3.168 -1 -3.33 -1 88
-3.249 -1 -3.096 -1 -3.134 -1 -3.3 -1 44
-3.217 -1 -3.038 -1 -3.088 -1 -3.306 -1 82
-3.197 -1 -3.074 -1 -3.11 -1 -3.294 -1 29
-3.202 -1 -3.078 -1 -3.136 -1 -3.324 -1 160
-3.23 -1 -3.078 -1 -3.212 -1 -3.382 -1 230
-3.297 -1 -3.152 -1 -3.242 -1 -3.416 -1 241
-3.329 -1 -3.274 -1 -3.328 -1 -3.472 -1 186
-3.4 -1 -3.252 -1 -3.296 -1 -3.442 -1 102
-3.369 -1 -3.294 -1 -3.318 -1 -3.354 -1 129
-3.336 -1 -3.25 -1 -3.334 -1 -3.418 -1 218
-3.376 -1 -3.244 -1 -3.282 -1 -3.47 -1 57
-3.376 -1 -3.22 -1 -3.31 -1 -3.424 -1 243
-3.367 -1 -3.204 -1 -3.198 -1 -3.384 -1 11
-3.291 -1 -3.154 -1 -3.156 -1 -3.33 -1 5
-3.243 -1 -3.09 -1 -3.226 -1 -3.382 -1 185
-3.304 -1 -3.124 -1 -3.244 -1 -3.372 -1 223
-3.308 -1 -3.2 -1 -3.28 -1 -3.414 -1 204
-3.347 -1 -3.208 -1 -3.228 -1 -3.43 -1 188
-3.329 -1 -3.162 -1 -3.292 -1 -3.412 -1 204
-3.352 -1 -3.204 -1 -3.226 -1 -3.42 -2 74
-3.323 -1 -3.218 -1 -3.256 -1 -3.368 -1 45
-3.312 -1 -3.204 -1 -3.252 -1 -3.476 -1 103
-3.364 -1 -3.232 -1 -3.388 -1 -3.514 -1 230
-3.451 -1 -3.324 -1 -3.35 -1 -3.494 -1 221
-3.422 -1 -3.3 -1 -3.332 -1 -3.45 -1 84
-3.391 -1 -3.248 -1 -3.258 -1 -3.356 -1 4
-3.307 -1 -3.15 -1 -3.256 -1 -3.344 -1 160
-3.3 -1 -3.16 -1 -3.166 -1 -3.298 -1 5
-3.232 -1 -3.126 -1 -3.214 -1 -3.344 -1 107
-3.279 -1 -3.112 -1 -3.236 -1 -3.334 -1 222
-3.285 -1 -3.112 -1 -3.218 -1 -3.398 -1 163
-3.308 -1 -3.204 -1 -3.312 -1 -3.436 -1 171
-3.374 -1 -3.244 -1 -3.344 -1 -3.476 -1 191
-3.41 -1 -3.268 -1 -3.316 -1 -3.496 -1 65
-3.406 -1 -3.254 -1 -3.304 -1 -3.476 -1 53
-3.39 -1 -3.254 -1 -3.332 -1 -3.524 -1 138
-3.428 -1 -3.296 -1 -3.376 -1 -3.464 -1 142
-3.42 -1 -3.298 -1 -3.38 -1 -3.458 -1 181
-3.419 -1 -3.31 -1 -3.328 -1 -3.422 -1 124
-3.375 -1 -3.246 -1 -3.366 -1 -3.488 -1 160
-3.427 -1 -3.28 -1 -3.336 -1 -3.466 -1 162
-3.401 -1 -3.268 -1 -3.314 -1 -3.406 -1 95
-3.36 -1 -3.264 -1 -3.354 -1 -3.472 -1 221
-3.413 -1 -3.274 -1 -3.328 -1 -3.43 -1 117
-3.379 -1 -3.234 -1 -3.262 -1 -3.434 -1 145
-3.348 -1 -3.226 -1 -3.21 -1 -3.364 -1 35
-3.287 -1 -3.166 -1 -3.326 -1 -3.44 -1 208
-3.383 -1 -3.296 -1 -3.394 -1 -3.512 -1 234
-3.453 -1 -3.312 -1 -3.406 -1 -3.5 -1 244
-3.453 -1 -3.362 -1 -3.444 -1 -3.508 -2 213
-3.476 -1 -3.342 -1 -3.432 -1 -3.536 -1 196
-3.484 -1 -3.448 -1 -3.448 -1 -3.496 -1 0
-3.472 -1 -3.368 -1 -3.44 -1 -3.464 -1 206
-3.452 -1 -3.31 -1 -3.366 -1 -3.478 -1 193
-3.422 -1 -3.218 -1 -3.226 -1 -3.374 -1 13
-3.3 -1 -3.202 -1 -3.264 -1 -3.394 -1 138
-3.329 -1 -3.186 -1 -3.328 -1 -3.48 -1 247
-3.404 -1 -3.288 -1 -3.352 -1 -3.436 -1 208
-3.394 -1 -3.274 -1 -3.32 -1 -3.428 -1 110
-3.374 -1 -3.268 -1 -3.314 -1 -3.412 -1 148
-3.363 -1 -3.25 -1 -3.284 -1 -3.382 -2 94
-3.333 -1 -3.208 -1 -3.344 -1 -3.438 -1 224
-3.391 -1 -3.262 -1 -3.35 -1 -3.434 -2 226
-3.392 -1 -3.242 -1 -3.27 -1 -3.398 -1 51
-3.334 -1 -3.172 -1 -3.242 -1 -3.386 -1 91
-3.314 -1 -3.212 -1 -3.208 -1 -3.41 -1 31
-3.309 -1 -3.146 -1 -3.196 -1 -3.444 -1 150
-3.32 -1 -3.122 -1 -3.178 -1 -3.338 -1 142
-3.258 -1 -3.118 -1 -3.154 -1 -3.302 -1 35
-3.228 -1 -3.104 -1 -3.244 -1 -3.346 -1 179
-3.295 -1 -3.146 -1 -3.184 -1 -3.352 -1 57
-3.268 -1 -3.138 -1 -3.16 -1 -3.296 -1 113
-3.228 -1 -3.1 -1 -3.228 -1 -3.364 -1 186
-3.296 -1 -3.198 -1 -3.234 -1 -3.41 -1 56
-3.322 -1 -3.168 -1 -3.246 -1 -3.316 -1 100
-3.281 -1 -3.128 -1 -3.132 -1 -3.288 -1 6
-3.21 -1 -3.08 -1 -3.202 -1 -3.332 -1 219
-3.267 -1 -3.104 -1 -3.226 -1 -3.342 -1 155
-3.284 -1 -3.172 -1 -3.222 -1 -3.38 -1 85
-3.301 -1 -3.162 -1 -3.222 -1 -3.418 -1 187
-3.32 -1 -3.14 -1 -3.224 -1 -3.344 -1 121
-3.284 -1 -3.154 -1 -3.224 -1 -3.39 -1 198
-3.307 -1 -3.15 -1 -3.274 -1 -3.364 -1 221
-3.319 -1 -3.15 -1 -3.156 -1 -3.374 -2 15
-3.265 -1 -3.128 -1 -3.28 -1 -3.392 -1 244
-3.336 -1 -3.226 -1 -3.224 -1 -3.41 -1 2
-3.317 -1 -3.184 -1 -3.214 -1 -3.432 -1 31
-3.323 -1 -3.154 -1 -3.198 -1 -3.36 -1 78
-3.279 -1 -3.102 -1 -3.21 -1 -3.324 -1 235
-3.267 -1 -3.198 -1 -3.324 -1 -3.466 -2 163
-3.395 -1 -3.234 -1 -3.234 -1 -3.434 -1 38
-3.334 -1 -3.202 -1 -3.256 -1 -3.444 -1 182
-3.35 -1 -3.208 -1 -3.282 -1 -3.448 -1 89
-3.365 -1 -3.274 -1 -3.328 -1 -3.388 -1 210
-3.358 -1 -3.204 -1 -3.244 -1 -3.35 -1 66
-3.297 -1 -3.18 -1 -3.308 -1 -3.392 -1 229
-3.35 -1 -3.138 -1 -3.22 -1 -3.388 -2 104
-3.304 -1 -3.186 -1 -3.252 -1 -3.414 -1 151
-3.333 -1 -3.192 -1 -3.19 -1 -3.342 -1 22
-3.266 -1 -3.15 -1 -3.21 -1 -3.338 -1 209
-3.274 -1 -3.096 -1 -3.144 -1 -3.33 -1 52
-3.237 -1 -3.096 -1 -3.122 -1 -3.242 -1 54
-3.182 -1 -3.05 -1 -3.14 -1 -3.296 -1 188
-3.218 -1 -3.106 -1 -3.158 -1 -3.328 -1 107
-3.243 -1 -3.088 -1 -3.19 -1 -3.292 -1 168
-3.241 -1 -3.14 -1 -3.27 -1 -3.418 -2 206
-3.344 -1 -3.198 -1 -3.198 -1 -3.338 -1 0
-3.268 -1 -3.144 -1 -3.242 -1 -3.39 -2 154
-3.316 -1 -3.182 -1 -3.302 -1 -3.404 -1 235
-3.353 -1 -3.254 -1 -3.316 -1 -3.414 -1 234
-3.365 -1 -3.25 -1 -3.296 -1 -3.434 -1 114
-3.365 -1 -3.288 -1 -3.312 -1 -3.384 -1 245
-3.348 -1 -3.138 -1 -3.188 -1 -3.324 -1 106
-3.256 -1 -3.088 -1 -3.206 -1 -3.37 -1 216
-3.288 -1 -3.154 -1 -3.242 -1 -3.404 -1 126
-3.323 -1 -3.198 -1 -3.28 -1 -3.426 -1 154
-3.353 -1 -3.204 -1 -3.296 -1 -3.42 -1 146
-3.358 -1 -3.166 -1 -3.268 -1 -3.432 -1 201
-3.35 -1 -3.234 -1 -3.306 -1 -3.446 -1 240
-3.376 -1 -3.256 -1 -3.334 -1 -3.444 -1 208
-3.389 -1 -3.266 -1 -3.32 -1 -3.44 -1 231
-3.38 -1 -3.278 -1 -3.306 -1 -3.468 -2 158
-3.387 -1 -3.264 -1 -3.31 -1 -3.45 -1 142
-3.38 -1 -3.276 -1 -3.292 -1 -3.466 -1 79
-3.379 -1 -3.256 -1 -3.266 -1 -3.352 -1 30
-3.309 -1 -3.176 -1 -3.308 -1 -3.448 -1 249
-3.378 -1 -3.25 -1 -3.296 -1 -3.446 -1 91
-3.371 -1 -3.236 -1 -3.288 -1 -3.392 -1 113
-3.34 -1 -3.178 -1 -3.224 -1 -3.382 -1 161
-3.303 -1 -3.22 -1 -3.226 -1 -3.378 -1 26
-3.302 -1 -3.22 -1 -3.238 -1 -3.378 -2 34
-3.308 -1 -3.17 -1 -3.212 -1 -3.386 -1 115
-3.299 -1 -3.198 -1 -3.302 -1 -3.422 -1 151
-3.362 -1 -3.25 -1 -3.334 -1 -3.412 -2 176
-3.373 -1 -3.182 -1 -3.242 -1 -3.388 -1 243
-3.315 -1 -3.18 -1 -3.182 -1 -3.392 -1 66
-3.287 -1 -3.184 -1 -3.206 -1 -3.322 -2 24
-3.264 -1 -3.132 -2 -3.24 -2 -3.404 -1 192
-3.322 -1 -3.23 -1 -3.284 -1 -3.414 -1 97
-3.349 -1 -3.224 -1 -3.332 -1 -3.4 -1 175
-3.366 -1 -3.246 -1 -3.34 -1 -3.546 -1 204
-3.443 -1 -3.322 -1 -3.4 -1 -3.472 -1 249
-3.436 -1 -3.304 -1 -3.4 -2 -3.468 -2 174
-3.434 -2 -3.286 -2 -3.312 -2 -3.378 -1 106
-3.345 -1 -3.266 -1 -3.29 -1 -3.472 -1 83
-3.381 -1 -3.26 -1 -3.26 -1 -3.43 -1 1
-3.345 -1 -3.194 -1 -3.212 -1 -3.334 -1 48
-3.273 -1 -3.154 -1 -3.2 -1 -3.302 -1 106
-3.251 -1 -3.104 -1 -3.2 -1 -3.358 -1 138
-3.279 -1 -3.158 -1 -3.192 -1 -3.33 -1 55
-3.261 -1 -3.134 -1 -3.21 -1 -3.378 -1 156
-3.294 -1 -3.192 -1 -3.242 -1 -3.456 -1 134
-3.349 -1 -3.21 -1 -3.25 -1 -3.454 -1 173
-3.352 -1 -3.204 -1 -3.224 -1 -3.41 -1 17
-3.317 -1 -3.166 -1 -3.178 -1 -3.348 -1 9
-3.263 -1 -3.128 -1 -3.188 -1 -3.34 -2 129
-3.264 -1 -3.1 -1 -3.198 -1 -3.358 -1 166
-3.278 -1 -3.18 -1 -3.23 -1 -3.39 -1 117
-3.31 -1 -3.158 -1 -3.19 -1 -3.36 -2 59
-3.275 -1 -3.13 -1 -3.222 -1 -3.38 -1 90
-3.301 -1 -3.18 -1 -3.18 -1 -3.282 -1 1
-3.231 -1 -3.098 -1 -3.246 -1 -3.358 -1 201
-3.302 -1 -3.164 -1 -3.272 -1 -3.386 -1 178
-3.329 -1 -3.18 -1 -3.218 -1 -3.38 -1 61
-3.299 -1 -3.16 -1 -3.16 -1 -3.318 -1 0
-3.239 -1 -3.164 -1 -3.266 -1 -3.37 -1 168
-3.318 -1 -3.194 -1 -3.284 -1 -3.402 -1 214
-3.343 -1 -3.23 -1 -3.354 -1 -3.474 -1 170
-3.414 -1 -3.278 -1 -3.316 -1 -3.428 -1 87
-3.372 -1 -3.226 -1 -3.314 -1 -3.44 -1 163
-3.377 -1 -3.218 -1 -3.326 -1 -3.476 -1 242
-3.401 -1 -3.288 -1 -3.336 -1 -3.462 -1 161
-3.399 -1 -3.282 -1 -3.304 -1 -3.436 -1 222
-3.37 -1 -3.194 -1 -3.224 -1 -3.312 -1 85
-3.268 -1 -3.19 -1 -3.236 -1 -3.348 -1 212
-3.292 -1 -3.122 -1 -3.242 -1 -3.398 -1 248
-3.32 -1 -3.13 -1 -3.214 -1 -3.316 -2 144
-3.265 -1 -3.164 -1 -3.262 -1 -3.384 -1 241
-3.323 -1 -3.176 -1 -3.254 -1 -3.386 -2 164
-3.32 -1 -3.222 -1 -3.228 -1 -3.372 -1 13
-3.3 -1 -3.184 -1 -3.274 -1 -3.454 -1 166
-3.364 -1 -3.248 -1 -3.314 -1 -3.388 -1 90
-3.351 -1 -3.192 -1 -3.292 -1 -3.474 -1 205
-3.383 -1 -3.25 -1 -3.29 -1 -3.406 -1 77
-3.348 -1 -3.194 -1 -3.292 -1 -3.418 -1 186
-3.355 -1 -3.21 -1 -3.272 -1 -3.478 -1 73
-3.375 -1 -3.306 -1 -3.344 -1 -3.424 -1 118
-3.384 -1 -3.294 -1 -3.34 -1 -3.396 -2 110
-3.368 -1 -3.22 -2 -3.288 -2 -3.364 -1 139
-3.326 -1 -3.184 -1 -3.252 -1 -3.386 -2 180
-3.319 -1 -3.138 -1 -3.196 -1 -3.398 -2 82
-3.297 -1 -3.214 -1 -3.268 -1 -3.396 -1 151
-3.332 -1 -3.192 -1 -3.266 -1 -3.406 -1 177
-3.336 -1 -3.208 -1 -3.224 -1 -3.418 -2 28
-3.321 -1 -3.236 -1 -3.252 -1 -3.304 -1 45
-3.278 -1 -3.14 -1 -3.218 -1 -3.338 -1 163
-3.278 -1 -3.094 -1 -3.208 -1 -3.38 -1 161
-3.294 -1 -3.136 -1 -3.218 -1 -3.382 -1 144
-3.3 -1 -3.188 -1 -3.206 -1 -3.396 -1 53
-3.301 -1 -3.168 -1 -3.258 -1 -3.352 -1 248
-3.305 -1 -3.15 -1 -3.226 -1 -3.418 -1 180
-3.322 -1 -3.218 -1 -3.242 -1 -3.354 -1 88
-3.298 -1 -3.138 -1 -3.244 -1 -3.354 -1 147
-3.299 -1 -3.114 -1 -3.292 -1 -3.432 -1 236
-3.362 -1 -3.244 -1 -3.258 -1 -3.388 -1 55
-3.323 -1 -3.178 -1 -3.254 -1 -3.388 -1 219
-3.321 -1 -3.228 -1 -3.358 -1 -3.416 -1 245
-3.387 -1 -3.276 -1 -3.308 -1 -3.4 -2 127
-3.354 -1 -3.202 -1 -3.292 -1 -3.358 -1 167
-3.325 -1 -3.196 -1 -3.198 -1 -3.384 -1 7
-3.291 -1 -3.15 -1 -3.23 -1 -3.358 -1 127
-3.294 -1 -3.128 -1 -3.25 -1 -3.396 -1 152
-3.323 -1 -3.198 -1 -3.248 -1 -3.422 -1 145
-3.335 -1 -3.238 -1 -3.332 -1 -3.412 -1 148
-3.372 -1 -3.302 -1 -3.358 -1 -3.45 -1 157
-3.404 -1 -3.296 -1 -3.348 -1 -3.41 -1 227
-3.379 -1 -3.234 -1 -3.286 -1 -3.476 -1 68
-3.381 -1 -3.27 -1 -3.302 -1 -3.456 -1 81
-3.379 -1 -3.238 -1 -3.326 -1 -3.362 -1 174
-3.344 -1 -3.214 -1 -3.312 -1 -3.45 -1 218
-3.381 -1 -3.198 -1 -3.202 -1 -3.376 -2 19
-3.289 -1 -3.108 -1 -3.204 -1 -3.256 -1 205
-3.23 -1 -3.086 -1 -3.206 -1 -3.446 -1 149
-3.326 -1 -3.216 -1 -3.256 -1 -3.394 -1 49
-3.325 -1 -3.232 -1 -3.3 -1 -3.414 -1 213
-3.357 -1 -3.204 -1 -3.216 -1 -3.354 -1 30
-3.285 -1 -3.11 -1 -3.188 -1 -3.378 -1 82
-3.283 -1 -3.15 -1 -3.21 -1 -3.302 -1 68
-3.256 -1 -3.124 -1 -3.138 -1 -3.324 -1 53
-3.231 -1 -3.124 -1 -3.128 -1 -3.414 -1 61
-3.271 -1 -3.14 -1 -3.216 -1 -3.362 -1 207
-3.289 -1 -3.154 -1 -3.23 -1 -3.362 -1 148
-3.296 -1 -3.202 -1 -3.242 -1 -3.39 -1 87
-3.316 -1 -3.154 -1 -3.156 -1 -3.372 -1 9
-3.264 -1 -3.116 -1 -3.168 -1 -3.306 -1 100
-3.237 -1 -3.098 -1 -3.126 -1 -3.266 -1 116
-3.196 -1 -3.064 -1 -3.182 -1 -3.356 -2 219
-3.269 -1 -3.148 -1 -3.212 -1 -3.318 -1 230
-3.265 -1 -3.126 -1 -3.218 -1 -3.382 -1 207
-3.3 -1 -3.128 -1 -3.24 -1 -3.358 -2 231
-3.299 -1 -3.178 -1 -3.278 -1 -3.372 -1 197
-3.325 -1 -3.23 -1 -3.258 -1 -3.4 -1 103
-3.329 -1 -3.3 -1 -3.352 -1 -3.468 -2 125
-3.41 -1 -3.308 -2 -3.32 -2 -3.44 -1 103
-3.38 -1 -3.256 -1 -3.294 -1 -3.39 -1 93
-3.342 -1 -3.242 -1 -3.284 -1 -3.364 -1 74
-3.324 -1 -3.252 -1 -3.334 -1 -3.384 -1 214
-3.359 -1 -3.242 -1 -3.284 -2 -3.468 -1 56
-3.376 -1 -3.232 -1 -3.246 -1 -3.402 -1 51
-3.324 -1 -3.176 -1 -3.238 -1 -3.372 -1 107
-3.305 -1 -3.146 -1 -3.17 -1 -3.292 -1 51
-3.231 -1 -3.118 -1 -3.176 -1 -3.364 -1 92
-3.27 -1 -3.194 -1 -3.262 -1 -3.444 -1 121
-3.353 -1 -3.222 -1 -3.222 -1 -3.37 -1 74
-3.296 -1 -3.138 -1 -3.14 -1 -3.326 -1 34
-3.233 -1 -3.098 -1 -3.174 -1 -3.332 -1 173
-3.253 -1 -3.128 -1 -3.164 -1 -3.278 -1 81
-3.221 -1 -3.08 -1 -3.188 -1 -3.388 -1 127
-3.288 -1 -3.106 -1 -3.206 -1 -3.42 -1 106
-3.313 -1 -3.128 -1 -3.288 -1 -3.402 -1 248
-3.345 -1 -3.178 -1 -3.278 -1 -3.438 -1 246
-3.358 -1 -3.222 -1 -3.224 -1 -3.336 -1 6
-3.28 -1 -3.138 -1 -3.162 -1 -3.354 -1 43
-3.258 -1 -3.13 -1 -3.158 -1 -3.382 -1 29
-3.27 -1 -3.18 -1 -3.272 -1 -3.378 -1 192
-3.325 -1 -3.222 -1 -3.268 -1 -3.424 -1 147
-3.346 -1 -3.226 -1 -3.28 -1 -3.44 -1 113
-3.36 -1 -3.246 -1 -3.286 -1 -3.404 -1 96
-3.345 -1 -3.146 -1 -3.218 -1 -3.37 -1 204
-3.294 -1 -3.158 -1 -3.222 -1 -3.326 -1 162
-3.274 -1 -3.124 -1 -3.252 -1 -3.43 -1 241
-3.341 -1 -3.19 -1 -3.212 -1 -3.348 -1 65
-3.28 -1 -3.162 -1 -3.174 -1 -3.336 -1 64
-3.255 -1 -3.08 -1 -3.18 -1 -3.348 -1 215
-3.264 -1 -3.092 -1 -3.138 -1 -3.258 -1 113
-3.198 -1 -3.042 -1 -3.138 -1 -3.314 -1 156
-3.226 -1 -3.134 -1 -3.232 -1 -3.368 -1 240
-3.3 -1 -3.13 -1 -3.24 -1 -3.444 -1 150
-3.342 -1 -3.182 -1 -3.258 -1 -3.362 -1 206
-3.31 -1 -3.176 -1 -3.21 -1 -3.41 -1 206
-3.31 -1 -3.144 -1 -3.246 -1 -3.454 -1 182
-3.35 -1 -3.198 -1 -3.308 -1 -3.438 -1 124
-3.373 -1 -3.24 -1 -3.234 -1 -3.406 -1 48
-3.32 -1 -3.17 -1 -3.178 -1 -3.372 -1 41
-3.275 -1 -3.114 -1 -3.138 -1 -3.338 -1 56
-3.238 -1 -3.124 -1 -3.186 -1 -3.354 -1 210
-3.27 -1 -3.124 -1 -3.164 -1 -3.316 -2 77
-3.24 -1 -3.098 -1 -3.118 -1 -3.266 -1 94
-3.192 -1 -3.112 -1 -3.152 -1 -3.296 -1 69
-3.224 -1 -3.082 -1 -3.104 -1 -3.262 -1 38
-3.183 -1 -3.03 -1 -3.108 -1 -3.202 -1 116
-3.155 -1 -3.024 -1 -3.114 -1 -3.242 -1 148
-3.178 -1 -3.108 -1 -3.122 -1 -3.216 -1 15
-3.169 -1 -3.042 -1 -3.15 -1 -3.252 -1 172
-3.201 -1 -3.084 -1 -3.232 -1 -3.384 -1 236
-3.308 -1 -3.172 -1 -3.172 -1 -3.35 -2 39
-3.261 -1 -3.182 -1 -3.218 -1 -3.388 -1 155
-3.303 -1 -3.204 -1 -3.266 -1 -3.444 -2 198
-3.355 -1 -3.222 -1 -3.328 -1 -3.516 -1 233
-3.422 -1 -3.286 -1 -3.28 -1 -3.392 -1 22
-3.336 -1 -3.148 -1 -3.202 -1 -3.418 -1 158
-3.31 -1 -3.138 -1 -3.208 -1 -3.392 -1 139
-3.3 -1 -3.154 -1 -3.168 -1 -3.316 -1 13
-3.242 -1 -3.14 -1 -3.182 -1 -3.336 -1 53
-3.259 -1 -3.158 -1 -3.202 -1 -3.41 -1 132
-3.306 -1 -3.17 -1 -3.22 -1 -3.374 -1 61
-3.297 -1 -3.184 -1 -3.276 -1 -3.366 -1 159
-3.321 -1 -3.212 -1 -3.212 -1 -3.372 -1 17
-3.292 -1 -3.194 -1 -3.288 -1 -3.438 -1 216
-3.363 -1 -3.254 -1 -3.246 -1 -3.368 -2 121
-3.307 -1 -3.222 -1 -3.252 -1 -3.438 -1 35
-3.345 -1 -3.252 -1 -3.282 -1 -3.41 -1 82
-3.346 -1 -3.236 -1 -3.27 -1 -3.416 -1 58
-3.343 -1 -3.224 -1 -3.226 -1 -3.38 -1 22
-3.303 -1 -3.138 -1 -3.166 -1 -3.312 -2 45
-3.239 -1 -3.124 -1 -3.154 -1 -3.32 -1 62
-3.237 -1 -3.104 -1 -3.202 -1 -3.324 -1 148
-3.263 -1 -3.188 -1 -3.27 -1 -3.364 -2 123
-3.317 -1 -3.204 -1 -3.224 -1 -3.398 -2 72
-3.311 -1 -3.194 -1 -3.204 -1 -3.348 -2 63
-3.276 -1 -3.14 -1 -3.184 -1 -3.366 -2 73
-3.275 -1 -3.226 -1 -3.324 -1 -3.382 -1 156
-3.353 -1 -3.226 -1 -3.276 -1 -3.36 -1 51
-3.318 -1 -3.182 -1 -3.278 -1 -3.364 -1 246
-3.321 -1 -3.212 -1 -3.28 -1 -3.366 -1 158
-3.323 -1 -3.23 -1 -3.258 -1 -3.324 -1 56
-3.291 -1 -3.17 -1 -3.218 -1 -3.32 -1 98
-3.269 -1 -3.112 -1 -3.134 -1 -3.288 -1 21
-3.211 -1 -3.138 -1 -3.138 -1 -3.324 -1 14
-3.231 -1 -3.084 -1 -3.244 -1 -3.388 -1 168
-3.316 -1 -3.14 -1 -3.222 -1 -3.364 -2 152
-3.293 -1 -3.204 -1 -3.268 -2 -3.41 -1 88
-3.339 -1 -3.174 -1 -3.24 -1 -3.436 -1 114
-3.338 -1 -3.156 -1 -3.304 -1 -3.422 -1 241
-3.363 -1 -3.222 -1 -3.288 -1 -3.448 -1 115
-3.368 -1 -3.206 -1 -3.28 -1 -3.456 -1 93
-3.368 -1 -3.24 -1 -3.336 -1 -3.442 -1 188
-3.389 -1 -3.318 -1 -3.358 -1 -3.426 -1 224
-3.392 -1 -3.27 -1 -3.326 -1 -3.44 -1 99
-3.383 -1 -3.228 -1 -3.248 -1 -3.406 -1 142
-3.327 -1 -3.198 -1 -3.198 -1 -3.366 -1 0
-3.282 -1 -3.112 -1 -3.132 -1 -3.364 -1 41
-3.248 -1 -3.116 -1 -3.256 -1 -3.422 -1 245
-3.339 -1 -3.172 -1 -3.22 -1 -3.394 -1 118
-3.307 -1 -3.158 -1 -3.174 -1 -3.324 -1 121
-3.249 -1 -3.096 -1 -3.226 -1 -3.348 -1 248
-3.287 -1 -3.1 -1 -3.2 -1 -3.39 -1 218
-3.295 -1 -3.12 -1 -3.118 -1 -3.332 -1 23
-3.225 -1 -3.114 -1 -3.114 -1 -3.29 -1 6
-3.202 -1 -3.08 -1 -3.182 -1 -3.334 -1 221
-3.258 -1 -3.082 -1 -3.202 -1 -3.324 -1 175
-3.263 -1 -3.156 -1 -3.164 -1 -3.31 -1 5
-3.237 -1 -3.028 -1 -3.144 -1 -3.418 -1 171
-3.281 -1 -3.168 -1 -3.24 -1 -3.37 -1 208
-3.305 -1 -3.2 -1 -3.282 -1 -3.404 -1 238
-3.343 -1 -3.146 -1 -3.24 -1 -3.366 -1 214
-3.303 -1 -3.132 -1 -3.2 -1 -3.336 -1 135
-3.268 -1 -3.154 -1 -3.26 -1 -3.382 -1 191
-3.321 -1 -3.202 -1 -3.264 -1 -3.356 -1 146
-3.31 -1 -3.16 -1 -3.232 -1 -3.362 -1 124
-3.297 -1 -3.158 -1 -3.19 -1 -3.368 -1 40
-3.279 -1 -3.12 -1 -3.164 -1 -3.382 -2 41
-3.273 -1 -3.158 -1 -3.218 -1 -3.398 -1 186
-3.308 -1 -3.192 -1 -3.21 -1 -3.27 -1 116
-3.24 -1 -3.134 -1 -3.192 -1 -3.378 -1 215
-3.285 -1 -3.176 -1 -3.264 -1 -3.368 -1 181
-3.316 -1 -3.156 -1 -3.264 -1 -3.406 -1 236
-3.335 -1 -3.184 -1 -3.188 -1 -3.362 -1 2
-3.275 -1 -3.108 -1 -3.108 -1 -3.334 -1 2
-3.221 -1 -3.114 -1 -3.134 -1 -3.27 -1 17
-3.202 -1 -3.078 -1 -3.108 -1 -3.268 -1 21
-3.188 -1 -3.034 -1 -3.126 -1 -3.302 -1 124
-3.214 -1 -3.084 -1 -3.208 -1 -3.378 -1 249
-3.293 -1 -3.19 -1 -3.24 -1 -3.4 -1 140
-3.32 -1 -3.184 -1 -3.192 -1 -3.314 -1 20
-3.253 -1 -3.132 -1 -3.176 -1 -3.41 -1 79
-3.293 -1 -3.134 -1 -3.17 -1 -3.314 -1 76
-3.242 -1 -3.128 -1 -3.298 -1 -3.37 -1 212
-3.334 -1 -3.2 -1 -3.232 -1 -3.356 -1 97
-3.294 -1 -3.162 -1 -3.186 -1 -3.356 -1 88
-3.271 -1 -3.1 -1 -3.14 -1 -3.302 -1 159
-3.221 -1 -3.078 -1 -3.132 -1 -3.33 -1 77
-3.231 -1 -3.1 -1 -3.114 -1 -3.278 -1 36
-3.196 -1 -3.08 -1 -3.142 -1 -3.308 -1 119
-3.225 -1 -3.05 -1 -3.166 -1 -3.304 -1 208
-3.235 -1 -3.11 -1 -3.164 -1 -3.32 -1 107
-3.242 -1 -3.118 -1 -3.128 -1 -3.32 -1 18
-3.224 -1 -3.11 -1 -3.114 -1 -3.242 -1 12
-3.178 -1 -3.018 -1 -3.096 -1 -3.272 -1 109
-3.184 -1 -3.08 -1 -3.216 -1 -3.31 -1 236
-3.263 -1 -3.092 -1 -3.16 -1 -3.312 -1 136
-3.236 -1 -3.08 -1 -3.108 -1 -3.292 -1 32
-3.2 -1 -3.052 -1 -3.12 -1 -3.274 -1 72
-3.197 -1 -3.064 -1 -3.224 -1 -3.362 -1 241
-3.293 -1 -3.132 -1 -3.166 -1 -3.322 -1 73
-3.244 -1 -3.134 -1 -3.264 -1 -3.378 -1 200
-3.321 -1 -3.192 -1 -3.244 -1 -3.388 -1 76
-3.316 -1 -3.186 -1 -3.264 -1 -3.386 -1 166
-3.325 -1 -3.222 -1 -3.284 -1 -3.44 -1 182
-3.362 -1 -3.224 -1 -3.258 -1 -3.432 -2 54
-3.345 -1 -3.226 -1 -3.308 -1 -3.46 -1 134
-3.384 -1 -3.184 -1 -3.184 -1 -3.326 -1 10
-3.255 -1 -3.12 -1 -3.22 -1 -3.376 -1 190
-3.298 -1 -3.156 -1 -3.264 -1 -3.378 -1 133
-3.321 -1 -3.178 -1 -3.312 -1 -3.442 -1 241
-3.377 -1 -3.226 -1 -3.338 -1 -3.454 -1 224
-3.396 -1 -3.298 -1 -3.342 -1 -3.42 -1 117
-3.381 -1 -3.218 -1 -3.288 -1 -3.476 -1 83
-3.382 -1 -3.238 -1 -3.242 -1 -3.4 -2 22
-3.321 -1 -3.138 -1 -3.244 -1 -3.362 -1 210
-3.303 -1 -3.16 -1 -3.162 -1 -3.344 -2 192
-3.253 -1 -3.17 -1 -3.188 -1 -3.326 -2 10
-3.257 -1 -3.138 -1 -3.258 -1 -3.42 -1 159
-3.339 -1 -3.216 -1 -3.32 -1 -3.51 -2 180
-3.415 -1 -3.288 -1 -3.32 -1 -3.436 -1 89
-3.378 -1 -3.248 -1 -3.33 -1 -3.468 -1 119
-3.399 -1 -3.312 -1 -3.382 -1 -3.452 -1 114
-3.417 -1 -3.292 -1 -3.33 -1 -3.426 -1 81
-3.378 -1 -3.252 -1 -3.312 -1 -3.428 -1 206
-3.37 -1 -3.254 -1 -3.262 -1 -3.33 -1 6
-3.296 -1 -3.18 -1 -3.284 -1 -3.414 -1 190
-3.349 -1 -3.232 -1 -3.346 -1 -3.494 -1 227
-3.42 -1 -3.266 -1 -3.34 -1 -3.46 -1 144
-3.4 -1 -3.272 -1 -3.292 -1 -3.496 -1 77
-3.394 -1 -3.256 -1 -3.258 -1 -3.358 -1 39
-3.308 -1 -3.168 -1 -3.218 -1 -3.372 -1 164
-3.295 -1 -3.174 -1 -3.2 -1 -3.364 -1 146
-3.282 -1 -3.184 -1 -3.2 -1 -3.348 -1 70
-3.274 -1 -3.172 -1 -3.276 -1 -3.398 -1 172
-3.337 -1 -3.26 -1 -3.276 -1 -3.396 -2 173
-3.336 -1 -3.176 -1 -3.296 -1 -3.45 -2 215
-3.373 -1 -3.238 -1 -3.25 -1 -3.422 -1 56
-3.336 -1 -3.25 -1 -3.284 -1 -3.402 -1 173
-3.343 -1 -3.238 -1 -3.302 -1 -3.46 -1 123
-3.381 -1 -3.174 -1 -3.248 -1 -3.364 -1 136
-3.306 -1 -3.18 -1 -3.278 -1 -3.406 -1 149
-3.342 -1 -3.25 -1 -3.31 -1 -3.426 -2 210
-3.368 -1 -3.254 -1 -3.32 -1 -3.436 -1 226
-3.378 -1 -3.248 -1 -3.354 -1 -3.438 -2 239
-3.396 -1 -3.258 -1 -3.384 -1 -3.524 -2 200
-3.454 -1 -3.302 -1 -3.344 -1 -3.53 -1 114
-3.437 -1 -3.246 -1 -3.354 -1 -3.492 -1 204
-3.423 -1 -3.306 -1 -3.308 -1 -3.478 -1 11
-3.393 -1 -3.234 -1 -3.352 -1 -3.438 -1 182
-3.395 -1 -3.254 -1 -3.3 -1 -3.438 -1 156
-3.369 -1 -3.218 -1 -3.278 -1 -3.406 -1 88
-3.342 -1 -3.204 -1 -3.218 -1 -3.438 -1 31
-3.328 -1 -3.216 -1 -3.244 -1 -3.432 -1 53
-3.338 -1 -3.166 -1 -3.288 -1 -3.398 -1 198
-3.343 -1 -3.152 -1 -3.272 -1 -3.432 -1 237
-3.352 -1 -3.238 -1 -3.254 -1 -3.416 -1 17
-3.335 -1 -3.19 -1 -3.194 -1 -3.302 -1 14
-3.248 -1 -3.12 -1 -3.124 -1 -3.338 -1 15
-3.231 -1 -3.064 -1 -3.186 -1 -3.36 -1 212
-3.273 -1 -3.1 -1 -3.242 -1 -3.436 -1 225
-3.339 -1 -3.218 -1 -3.282 -1 -3.34 -1 169
-3.311 -1 -3.154 -1 -3.304 -1 -3.418 -1 235
-3.361 -1 -3.184 -1 -3.284 -1 -3.384 -1 187
-3.334 -1 -3.196 -1 -3.196 -1 -3.424 -1 162
-3.31 -1 -3.16 -1 -3.222 -1 -3.428 -1 135
-3.325 -1 -3.198 -1 -3.228 -1 -3.358 -1 55
-3.293 -1 -3.156 -1 -3.216 -1 -3.406 -1 67
-3.311 -1 -3.164 -1 -3.238 -1 -3.346 -1 120
-3.292 -1 -3.112 -1 -3.11 -1 -3.294 -1 8
-3.202 -1 -3.114 -1 -3.252 -1 -3.374 -1 231
-3.313 -1 -3.194 -1 -3.268 -1 -3.408 -1 141
-3.338 -1 -3.252 -1 -3.29 -1 -3.436 -2 100
-3.363 -1 -3.23 -1 -3.286 -1 -3.38 -1 88
-3.333 -1 -3.204 -1 -3.262 -1 -3.394 -1 222
-3.328 -1 -3.212 -1 -3.352 -1 -3.41 -1 243
-3.381 -1 -3.288 -1 -3.356 -1 -3.444 -1 114
-3.4 -1 -3.268 -1 -3.344 -1 -3.448 -1 219
-3.396 -1 -3.254 -1 -3.29 -1 -3.458 -1 103
-3.374 -1 -3.272 -1 -3.324 -1 -3.384 -1 104
-3.354 -1 -3.224 -1 -3.274 -1 -3.454 -1 135
-3.364 -1 -3.198 -1 -3.25 -1 -3.384 -1 81
-3.317 -1 -3.252 -1 -3.34 -1 -3.464 -1 216
-3.402 -1 -3.21 -1 -3.302 -1 -3.398 -1 184
-3.35 -1 -3.2 -1 -3.256 -1 -3.444 -1 52
-3.35 -1 -3.2 -1 -3.332 -1 -3.402 -1 243
-3.367 -1 -3.204 -1 -3.272 -1 -3.474 -1 169
-3.373 -1 -3.212 -1 -3.212 -1 -3.412 -1 0
-3.312 -1 -3.188 -1 -3.218 -1 -3.376 -1 82
-3.297 -1 -3.172 -1 -3.216 -1 -3.364 -1 116
-3.29 -1 -3.192 -1 -3.236 -1 -3.38 -1 77
-3.308 -1 -3.146 -1 -3.246 -1 -3.338 -2 196
-3.292 -1 -3.188 -1 -3.27 -1 -3.326 -1 198
-3.298 -1 -3.202 -1 -3.24 -1 -3.314 -1 82
-3.277 -1 -3.184 -1 -3.244 -1 -3.41 -2 149
-3.327 -1 -3.226 -1 -3.308 -1 -3.462 -1 232
-3.385 -1 -3.268 -1 -3.256 -1 -3.372 -1 32
-3.314 -1 -3.176 -1 -3.276 -1 -3.31 -1 163
-3.293 -1 -3.144 -1 -3.158 -1 -3.386 -1 57
-3.272 -1 -3.134 -1 -3.158 -1 -3.34 -1 74
-3.249 -1 -3.086 -1 -3.132 -1 -3.35 -1 91
-3.241 -1 -3.132 -1 -3.214 -1 -3.35 -1 210
-3.282 -1 -3.212 -1 -3.284 -1 -3.424 -1 151
-3.354 -1 -3.214 -1 -3.23 -1 -3.356 -1 53
-3.293 -1 -3.182 -1 -3.196 -1 -3.324 -1 24
-3.26 -1 -3.14 -1 -3.24 -1 -3.424 -1 184
-3.332 -1 -3.22 -1 -3.274 -1 -3.38 -1 57
-3.327 -1 -3.21 -1 -3.292 -1 -3.412 -1 139
-3.352 -1 -3.23 -1 -3.34 -1 -3.5 -1 241
-3.42 -1 -3.302 -1 -3.294 -1 -3.384 -1 25
-3.339 -1 -3.232 -1 -3.332 -1 -3.44 -1 236
-3.386 -1 -3.24 -1 -3.292 -1 -3.452 -1 85
-3.372 -1 -3.24 -1 -3.258 -1 -3.364 -1 33
-3.311 -1 -3.214 -1 -3.286 -1 -3.396 -1 163
-3.341 -1 -3.142 -1 -3.268 -1 -3.44 -1 222
-3.354 -1 -3.156 -1 -3.266 -1 -3.41 -1 203
-3.338 -1 -3.274 -1 -3.342 -1 -3.472 -1 211
-3.407 -1 -3.26 -1 -3.316 -1 -3.396 -1 169
-3.356 -1 -3.24 -1 -3.334 -1 -3.472 -1 209
-3.403 -1 -3.278 -1 -3.336 -1 -3.43 -1 59
-3.383 -1 -3.222 -1 -3.29 -1 -3.41 -1 151
-3.35 -1 -3.184 -1 -3.298 -1 -3.41 -1 220
-3.354 -1 -3.186 -1 -3.282 -1 -3.412 -1 180
-3.347 -1 -3.214 -1 -3.27 -1 -3.456 -2 53
-3.363 -1 -3.276 -1 -3.294 -1 -3.436 -1 127
-3.365 -1 -3.226 -1 -3.286 -1 -3.4 -1 228
-3.343 -1 -3.268 -1 -3.27 -1 -3.404 -1 11
-3.337 -1 -3.224 -1 -3.278 -1 -3.41 -1 244
-3.344 -1 -3.186 -1 -3.244 -1 -3.34 -1 131
-3.292 -1 -3.15 -1 -3.3 -1 -3.416 -1 216
-3.358 -1 -3.232 -1 -3.244 -1 -3.398 -1 18
-3.321 -1 -3.19 -1 -3.28 -1 -3.41 -1 102
-3.345 -1 -3.23 -1 -3.298 -1 -3.412 -1 106
-3.355 -1 -3.244 -1 -3.3 -1 -3.494 -1 66
-3.397 -1 -3.242 -1 -3.286 -1 -3.426 -1 155
-3.356 -1 -3.23 -1 -3.346 -1 -3.448 -1 239
-3.397 -1 -3.25 -1 -3.286 -1 -3.388 -1 100
-3.337 -1 -3.23 -1 -3.268 -1 -3.406 -1 75
-3.337 -1 -3.182 -1 -3.166 -1 -3.392 -1 34
-3.279 -1 -3.122 -1 -3.15 -1 -3.362 -1 52
-3.256 -1 -3.122 -1 -3.236 -1 -3.378 -1 195
-3.307 -1 -3.21 -1 -3.266 -1 -3.356 -1 106
-3.311 -1 -3.114 -1 -3.26 -1 -3.382 -1 228
-3.321 -1 -3.162 -1 -3.22 -1 -3.396 -1 162
-3.308 -1 -3.208 -1 -3.232 -1 -3.326 -1 63
-3.279 -1 -3.114 -1 -3.198 -1 -3.382 -1 210
-3.29 -1 -3.174 -1 -3.298 -1 -3.422 -1 231
-3.36 -1 -3.242 -1 -3.318 -1 -3.476 -1 104
-3.397 -1 -3.29 -1 -3.384 -1 -3.446 -1 180
-3.415 -1 -3.292 -1 -3.328 -1 -3.42 -1 82
-3.374 -1 -3.216 -1 -3.28 -1 -3.412 -1 205
-3.346 -1 -3.214 -1 -3.252 -1 -3.394 -1 85
-3.323 -1 -3.174 -1 -3.264 -1 -3.438 -1 160
-3.351 -1 -3.224 -1 -3.318 -1 -3.394 -1 237
-3.356 -1 -3.212 -1 -3.262 -1 -3.332 -1 96
-3.297 -1 -3.13 -1 -3.194 -1 -3.308 -1 243
-3.251 -1 -3.136 -1 -3.2 -1 -3.35 -1 121
-3.275 -1 -3.116 -1 -3.178 -1 -3.32 -1 113
-3.249 -1 -3.106 -1 -3.12 -1 -3.356 -1 99
-3.238 -1 -3.072 -1 -3.152 -1 -3.246 -1 184
-3.199 -1 -3.044 -1 -3.13 -1 -3.272 -1 147
-3.201 -1 -3.106 -1 -3.12 -1 -3.412 -1 37
-3.266 -1 -3.128 -1 -3.194 -1 -3.36 -1 102
-3.277 -1 -3.12 -1 -3.256 -1 -3.434 -1 137
-3.345 -1 -3.208 -1 -3.268 -1 -3.39 -2 129
-3.329 -1 -3.18 -1 -3.236 -1 -3.35 -1 112
-3.293 -1 -3.148 -1 -3.276 -1 -3.42 -1 232
-3.348 -1 -3.258 -1 -3.336 -1 -3.44 -1 95
-3.388 -1 -3.236 -1 -3.246 -1 -3.394 -1 7
-3.32 -1 -3.23 -1 -3.232 -1 -3.356 -1 3
-3.294 -1 -3.18 -1 -3.246 -1 -3.386 -1 141
-3.316 -1 -3.182 -1 -3.194 -1 -3.368 -1 32
-3.281 -1 -3.092 -1 -3.152 -1 -3.314 -1 100
-3.233 -1 -3.108 -1 -3.198 -1 -3.33 -1 91
-3.264 -1 -3.138 -1 -3.28 0 -3.432 -1 227
