9 1000 1 6 47 0 0 0 0
-3.667 -1 -3.232 -1 -3.31 -1 -3.448 -1 444
-3.379 -1 -3.016 -1 -3.244 -1 -3.428 -1 397
-3.336 -1 -2.894 -1 -3.098 -1 -3.35 -1 251
-3.224 -1 -2.826 -1 -2.926 -1 -3.198 -1 147
-3.062 -1 -2.678 -1 -2.892 -1 -3.22 -1 175
-3.056 -1 -2.646 -1 -2.752 -1 -3.08 -1 66
-2.916 -1 -2.544 -1 -2.714 -1 -3.094 -1 165
-2.904 -1 -2.506 -1 -2.872 -1 -3.186 -1 282
-3.029 -1 -2.618 -1 -2.868 -1 -3.18 -1 244
-3.024 -1 -2.642 -1 -3.022 -1 -3.314 -1 417
-3.168 -1 -2.702 -1 -2.722 -1 -3.118 -1 13
-2.92 -1 -2.532 -1 -2.716 -1 -3.06 -1 146
-2.888 -1 -2.522 -1 -2.826 -1 -3.108 -1 288
-2.967 -1 -2.568 -1 -2.926 -1 -3.332 -1 432
-3.129 -1 -2.676 -1 -2.88 -1 -3.248 -1 208
-3.064 -1 -2.644 -1 -2.664 -1 -3.06 -1 10
-2.862 -1 -2.51 -1 -2.974 -1 -3.192 -1 411
-3.083 -1 -2.634 -1 -2.978 -1 -3.242 -1 353
-3.11 -1 -2.7 -1 -2.906 -1 -3.19 -1 274
-3.048 -1 -2.646 -1 -3.124 -1 -3.378 -2 496
-3.251 -1 -2.778 -1 -2.97 -1 -3.256 -1 170
-3.113 -1 -2.69 -1 -3.084 -1 -3.27 -1 468
-3.177 -1 -2.7 -1 -3.12 -1 -3.362 -1 460
-3.241 -1 -2.804 -1 -3.112 -1 -3.332 -1 359
-3.222 -1 -2.75 -1 -3.176 -1 -3.4 -1 484
-3.288 -1 -2.864 -1 -2.974 -1 -3.24 -1 128
-3.107 -1 -2.72 -1 -3.062 -1 -3.25 -1 309
-3.156 -1 -2.726 -1 -2.906 -1 -3.18 -1 182
-3.043 -1 -2.598 -1 -3.052 -1 -3.32 -1 435
-3.186 -1 -2.756 -1 -3.098 -1 -3.28 -1 382
-3.189 -1 -2.76 -1 -3.006 -1 -3.262 -1 261
-3.134 -1 -2.66 -1 -3.096 -1 -3.22 -1 494
-3.158 -1 -2.736 -1 -2.836 -1 -3.088 -1 111
-2.962 -1 -2.548 -1 -2.586 -1 -3.1 -1 35
-2.843 -1 -2.486 -1 -3.028 -1 -3.31 -1 481
-3.169 -1 -2.704 -1 -3.14 -1 -3.354 -1 459
-3.247 -1 -2.78 -1 -3.204 -1 -3.422 -1 471
-3.313 -1 -2.872 -1 -3.04 -1 -3.358 -2 220
-3.199 -1 -2.744 -1 -2.754 -1 -3.188 -1 13
-2.971 -1 -2.608 -1 -2.844 -1 -3.192 -1 257
-3.018 -1 -2.602 -1 -2.818 -1 -3.162 -1 178
-2.99 -1 -2.6 -1 -2.984 -1 -3.268 -1 476
-3.126 -1 -2.676 -1 -2.914 -1 -3.23 -1 227
-3.072 -1 -2.658 -1 -2.894 -1 -3.26 -1 267
-3.077 -1 -2.666 -1 -2.82 -1 -3.172 -1 166
-2.996 -1 -2.61 -1 -2.864 -1 -3.142 -1 242
-3.003 -1 -2.564 -1 -2.85 -1 -3.184 0 251
