9 1000 1 7 79 0 0 0 0
-3.646 -2 -3.182 -2 -3.278 -1 -3.45 -1 264
-3.364 -1 -2.942 -1 -3.042 -1 -3.288 -1 141
-3.165 -1 -2.752 -1 -2.934 -1 -3.248 -1 211
-3.091 -1 -2.684 -1 -2.86 -1 -3.288 -1 185
-3.074 -1 -2.688 -1 -2.988 -1 -3.282 -1 375
-3.135 -1 -2.67 -1 -3.168 -1 -3.44 -2 484
-3.304 -1 -2.818 -1 -3.252 -1 -3.432 -1 471
-3.342 -1 -2.884 -1 -2.972 -1 -3.224 -1 143
-3.098 -1 -2.686 -1 -3.046 -1 -3.3 -1 326
-3.173 -1 -2.732 -1 -2.95 -1 -3.26 -1 304
-3.105 -1 -2.702 -1 -2.936 -1 -3.242 -1 229
-3.089 -1 -2.676 -1 -3.078 -1 -3.268 -1 404
-3.173 -1 -2.738 -1 -2.776 -1 -3.096 -1 37
-2.936 -1 -2.558 -1 -2.602 -1 -3.046 -1 24
-2.824 -1 -2.474 -1 -2.546 -1 -3.016 -1 52
-2.781 -1 -2.442 -1 -2.86 -1 -3.204 -1 338
-3.032 -1 -2.598 -1 -2.972 -1 -3.236 -1 446
-3.104 -1 -2.648 -1 -2.886 -1 -3.186 -1 162
-3.036 -1 -2.618 -1 -2.822 -1 -3.106 -1 168
-2.964 -1 -2.592 -1 -2.842 -1 -3.154 -1 246
-2.998 -1 -2.568 -1 -3.028 -1 -3.304 -1 459
-3.166 -1 -2.724 -1 -2.86 -1 -3.252 -2 115
-3.056 -1 -2.644 -1 -2.642 -1 -3.116 -1 2
-2.879 -1 -2.522 -1 -2.768 -1 -3.114 -1 213
-2.941 -1 -2.488 -1 -2.882 -1 -3.226 -1 329
-3.054 -1 -2.568 -1 -2.794 -1 -3.142 -1 184
-2.968 -1 -2.538 -1 -2.786 -1 -3.17 -1 210
-2.978 -1 -2.524 -1 -2.562 -1 -3.03 -1 27
-2.796 -1 -2.414 -1 -2.456 -1 -3.026 -1 22
-2.741 -1 -2.39 -1 -2.622 -1 -3.052 -1 204
-2.837 -1 -2.428 -1 -2.87 -1 -3.17 -1 379
-3.02 -1 -2.562 -1 -2.664 -1 -3.014 -1 86
-2.839 -1 -2.456 -1 -2.678 -1 -3.09 -1 141
-2.884 -1 -2.47 -1 -2.57 -1 -3.072 -1 67
-2.821 -1 -2.43 -1 -2.942 -1 -3.234 -1 480
-3.088 -1 -2.648 -1 -2.774 -1 -3.192 -1 184
-2.983 -1 -2.526 -1 -3.038 -1 -3.334 -1 486
-3.186 -1 -2.696 -1 -2.79 -1 -3.152 -1 80
-2.971 -1 -2.558 -1 -3.008 -1 -3.21 -1 475
-3.109 -1 -2.672 -1 -3.01 -1 -3.236 -1 310
-3.123 -1 -2.668 -1 -3.034 -1 -3.348 -1 495
-3.191 -1 -2.74 -1 -3.092 -1 -3.308 -1 437
-3.2 -1 -2.738 -1 -2.782 -1 -3.2 -1 40
-2.991 -1 -2.606 -1 -2.906 -1 -3.142 -1 315
-3.024 -1 -2.562 -1 -2.706 -1 -3.092 -1 98
-2.899 -1 -2.496 -1 -2.894 -1 -3.172 -1 328
-3.033 -1 -2.594 -1 -2.894 -1 -3.198 -1 285
-3.046 -1 -2.608 -1 -2.908 -1 -3.204 -1 286
-3.056 -1 -2.626 -1 -2.856 -1 -3.17 -1 254
-3.013 -1 -2.616 -1 -2.864 -1 -3.258 -1 292
-3.061 -1 -2.61 -1 -2.988 -1 -3.218 -1 318
-3.103 -1 -2.692 -1 -3.008 -1 -3.236 -1 442
-3.122 -1 -2.648 -1 -2.816 -1 -3.156 -1 144
-2.986 -1 -2.594 -1 -3.05 -1 -3.272 -1 465
-3.161 -1 -2.712 -1 -2.992 -1 -3.316 -1 328
-3.154 -1 -2.71 -1 -3.026 -1 -3.304 -1 215
-3.165 -1 -2.73 -1 -3.028 -1 -3.298 -2 335
-3.163 -1 -2.694 -1 -3.146 -1 -3.328 -1 455
-3.237 -1 -2.786 -1 -2.946 -1 -3.286 -1 152
-3.116 -1 -2.716 -1 -2.868 -1 -3.162 -1 180
-3.015 -1 -2.602 -1 -2.66 -1 -2.984 -1 36
-2.822 -1 -2.478 -1 -2.598 -1 -3.06 -1 104
-2.829 -1 -2.478 -1 -2.954 -1 -3.24 -1 469
-3.097 -1 -2.616 -1 -2.706 -1 -3.074 -1 95
-2.89 -1 -2.464 -1 -2.944 -1 -3.232 -1 391
-3.088 -1 -2.654 -1 -2.686 -1 -3.09 -1 42
-2.888 -1 -2.506 -1 -2.816 -1 -3.186 -1 240
-3.001 -1 -2.546 -1 -2.552 -1 -3.024 -1 14
-2.788 -1 -2.43 -1 -2.722 -1 -3.124 -1 276
-2.923 -1 -2.538 -1 -2.748 -1 -3.114 -1 191
-2.931 -1 -2.534 -1 -2.73 -1 -3.094 -1 162
-2.912 -1 -2.534 -1 -3.01 -1 -3.242 -1 453
-3.126 -1 -2.716 -1 -2.772 -1 -3.144 -1 77
-2.958 -1 -2.554 -1 -2.872 -1 -3.21 -1 299
-3.041 -1 -2.592 -1 -2.784 -1 -3.182 -1 141
-2.983 -1 -2.568 -1 -2.614 -1 -3.028 -1 46
-2.821 -1 -2.47 -1 -2.888 -1 -3.14 -1 343
-3.014 -1 -2.558 -1 -2.686 -1 -3.106 -1 135
-2.896 -1 -2.476 -1 -2.512 -1 -3.026 0 21
