9 1000 0.4 2 83 0 0 0 0
-3.598 -1 -3.302 -1 -3.33 -1 -3.492 -1 80
-3.411 -1 -3.206 -1 -3.244 -1 -3.406 -2 71
-3.325 -1 -3.134 -1 -3.192 -1 -3.426 -1 122
-3.309 -1 -3.004 -1 -3.026 -1 -3.318 -1 13
-3.172 -1 -2.908 -1 -2.976 -1 -3.232 -1 112
-3.104 -1 -2.876 -1 -2.966 -1 -3.242 -1 91
-3.104 -1 -2.846 -1 -2.956 -1 -3.202 -1 144
-3.079 -1 -2.804 -1 -2.85 -1 -3.16 -1 66
-3.005 -1 -2.766 -1 -2.848 -1 -3.118 -1 64
-2.983 -1 -2.768 -1 -2.772 -1 -3.074 -1 3
-2.923 -1 -2.688 -1 -2.742 -1 -3.138 -1 62
-2.94 -1 -2.756 -1 -2.77 -1 -3.064 -1 16
-2.917 -1 -2.67 -1 -2.786 -1 -3.074 -1 112
-2.93 -1 -2.708 -1 -2.818 -1 -3.07 -1 96
-2.944 -1 -2.726 -1 -2.824 -1 -3.11 -1 87
-2.967 -1 -2.738 -1 -2.79 -1 -3.11 -1 92
-2.95 -1 -2.682 -1 -2.702 -1 -2.978 -1 10
-2.84 -1 -2.626 -1 -2.838 -1 -3.038 -1 147
-2.938 -1 -2.66 -1 -2.686 -1 -2.998 -1 16
-2.842 -1 -2.608 -1 -2.626 -1 -2.912 -1 27
-2.769 -1 -2.556 -1 -2.678 -1 -3.022 -1 89
-2.85 -1 -2.58 -1 -2.762 -1 -3.052 -1 136
-2.907 -1 -2.63 -1 -2.806 -1 -3.126 -1 173
-2.966 -1 -2.74 -1 -2.94 -1 -3.162 -1 197
-3.051 -1 -2.736 -1 -2.866 -1 -3.158 -1 92
-3.012 -1 -2.72 -1 -2.868 -1 -3.196 -1 189
-3.032 -1 -2.79 -1 -2.942 -1 -3.202 -1 147
-3.072 -1 -2.848 -1 -2.988 -1 -3.202 -1 136
-3.095 -1 -2.836 -1 -2.864 -1 -3.11 -1 20
-2.987 -1 -2.73 -1 -2.766 -1 -3.054 -1 47
-2.91 -1 -2.7 -1 -2.794 -1 -3.122 -1 119
-2.958 -1 -2.734 -1 -2.902 -1 -3.216 -1 151
-3.059 -1 -2.824 -1 -2.858 -1 -3.204 -1 56
-3.031 -1 -2.758 -1 -2.938 -1 -3.252 -1 188
-3.095 -1 -2.856 -1 -2.946 -1 -3.196 -1 136
-3.071 -1 -2.892 -1 -2.886 -1 -3.128 -1 40
-3.007 -1 -2.8 -1 -2.818 -1 -3.196 -1 40
-3.007 -1 -2.768 -1 -2.924 -1 -3.108 -1 180
-3.016 -1 -2.796 -1 -2.928 -1 -3.216 -1 136
-3.072 -1 -2.804 -1 -2.894 -1 -3.228 -1 85
-3.061 -1 -2.808 -1 -2.96 -1 -3.202 -1 168
-3.081 -1 -2.872 -1 -2.966 -1 -3.226 -1 141
-3.096 -1 -2.828 -1 -2.87 -1 -3.2 -1 60
-3.035 -1 -2.82 -1 -2.99 -1 -3.186 -1 162
-3.088 -1 -2.846 -1 -3.016 -1 -3.208 -1 173
-3.112 -1 -2.842 -1 -2.926 -1 -3.204 -1 97
-3.065 -1 -2.836 -1 -2.84 -1 -3.136 -1 2
-2.988 -1 -2.802 -1 -2.974 -1 -3.138 -1 180
-3.056 -1 -2.798 -1 -2.884 -1 -3.22 -1 62
-3.052 -1 -2.782 -1 -2.784 -1 -3.18 -1 4
-2.982 -1 -2.766 -1 -2.776 -1 -3.104 -1 13
-2.94 -1 -2.776 -1 -2.89 -1 -3.18 -1 154
-3.035 -1 -2.792 -1 -2.85 -1 -3.138 -1 53
-2.994 -1 -2.786 -1 -2.936 -1 -3.182 -1 181
-3.059 -1 -2.81 -1 -2.994 -1 -3.288 -1 150
-3.141 -1 -2.924 -1 -2.962 -1 -3.178 -1 66
-3.07 -1 -2.85 -1 -2.996 -1 -3.212 -1 180
-3.104 -1 -2.896 -1 -2.994 -1 -3.214 -1 120
-3.104 -1 -2.854 -1 -2.978 -1 -3.224 -1 145
-3.101 -1 -2.882 -1 -3.066 -1 -3.292 -1 193
-3.179 -1 -2.952 -1 -2.958 -1 -3.104 -1 14
-3.031 -1 -2.836 -1 -2.984 -1 -3.26 -1 151
-3.122 -1 -2.892 -1 -2.924 -1 -3.142 -1 41
-3.033 -1 -2.806 -1 -2.936 -1 -3.194 -1 139
-3.065 -1 -2.826 -1 -2.898 -1 -3.204 -1 66
-3.051 -1 -2.836 -1 -2.846 -1 -3.146 -1 41
-2.996 -1 -2.782 -1 -2.928 -1 -3.268 -1 188
-3.098 -1 -2.854 -1 -2.918 -1 -3.292 -1 71
-3.105 -1 -2.96 -1 -3.054 -1 -3.294 -1 154
-3.174 -1 -2.916 -1 -2.972 -1 -3.24 -1 61
-3.106 -1 -2.872 -1 -2.946 -1 -3.164 -1 44
-3.055 -1 -2.838 -1 -2.85 -1 -3.168 -1 10
-3.009 -1 -2.812 -1 -2.92 -1 -3.11 -1 128
-3.015 -1 -2.784 -1 -2.846 -1 -3.142 -1 100
-2.994 -1 -2.798 -1 -2.87 -1 -3.118 -1 92
-2.994 -1 -2.8 -1 -2.84 -1 -3.162 -1 29
-3.001 -1 -2.756 -1 -2.866 -1 -3.11 -1 91
-2.988 -1 -2.73 -1 -2.836 -1 -3.074 -1 94
-2.955 -1 -2.722 -1 -2.86 -1 -3.148 -1 173
-3.004 -1 -2.748 -1 -2.838 -1 -3.138 -1 119
-2.988 -1 -2.722 -1 -2.84 -1 -3.128 -1 180
-2.984 -1 -2.696 -1 -2.726 -1 -3.08 -1 43
-2.903 -1 -2.67 -1 -2.842 -1 -3.094 0 156
