8 1000 0.1 6 378 0 0 0 0
-3.478 -1 -3.044 -1 -3.048 -1 -3.25 -1 21
-3.149 -1 -2.77 -1 -2.808 -1 -3.012 -1 43
-2.91 -1 -2.566 -1 -2.576 -1 -2.972 -1 11
-2.774 -1 -2.452 -1 -2.508 -1 -2.942 -1 47
-2.725 -1 -2.4 -1 -2.436 -1 -2.85 -1 25
-2.643 -1 -2.326 -1 -2.342 -1 -2.872 -1 10
-2.607 -1 -2.27 -1 -2.278 -1 -2.816 -1 5
-2.547 -1 -2.252 -1 -2.292 -1 -2.802 -1 35
-2.547 -1 -2.25 -1 -2.308 -1 -2.74 -1 38
-2.524 -1 -2.202 -1 -2.224 -1 -2.786 -1 22
-2.505 -1 -2.19 -1 -2.198 -1 -2.732 -1 3
-2.465 -1 -2.126 -1 -2.228 -1 -2.696 -1 48
-2.462 -1 -2.13 -1 -2.156 -1 -2.72 -1 19
-2.438 -1 -2.11 -1 -2.146 -1 -2.666 -1 25
-2.406 -1 -2.088 -1 -2.108 -1 -2.554 -1 14
-2.331 -1 -2.01 -1 -2.076 -1 -2.632 -1 35
-2.354 -1 -2.042 -1 -2.084 -1 -2.518 -1 27
-2.301 -1 -1.962 -1 -2.018 -1 -2.614 -1 32
-2.316 -1 -1.998 -1 -1.998 -1 -2.558 -1 0
-2.278 -1 -1.992 -1 -2.062 -1 -2.6 -1 35
-2.331 -1 -1.984 -1 -1.998 -1 -2.496 -1 7
-2.247 -1 -1.926 -1 -1.972 -1 -2.454 -1 13
-2.213 -1 -1.902 -1 -1.916 -1 -2.45 -1 4
-2.183 -1 -1.876 -1 -1.892 -1 -2.424 -1 8
-2.158 -1 -1.854 -1 -1.882 -1 -2.382 -1 14
-2.132 -1 -1.812 -1 -1.91 -1 -2.38 -1 46
-2.145 -1 -1.772 -1 -1.814 -1 -2.344 -1 23
-2.079 -1 -1.734 -1 -1.788 -1 -2.33 -1 27
-2.059 -1 -1.75 -1 -1.792 -1 -2.316 -1 13
-2.054 -1 -1.726 -1 -1.726 -1 -2.26 -1 0
-1.993 -1 -1.69 -1 -1.702 -1 -2.278 -1 6
-1.99 -1 -1.686 -1 -1.798 -1 -2.234 -1 42
-2.016 -1 -1.632 -1 -1.676 -1 -2.208 -1 17
-1.942 -1 -1.622 -1 -1.682 -1 -2.188 -1 27
-1.935 -1 -1.594 -1 -1.7 -1 -2.208 -1 39
-1.954 -1 -1.58 -1 -1.662 -1 -2.062 -1 33
-1.862 -1 -1.524 -1 -1.524 -1 -2.076 -1 2
-1.8 -1 -1.484 -1 -1.564 -1 -2.03 -1 35
-1.797 -1 -1.494 -1 -1.554 -1 -1.988 -1 27
-1.771 -1 -1.462 -1 -1.516 -1 -1.942 -1 19
-1.729 -1 -1.424 -1 -1.546 -1 -1.962 -1 42
-1.754 -1 -1.434 -1 -1.516 -1 -1.91 -1 30
-1.713 -1 -1.398 -1 -1.444 -1 -1.816 -1 19
-1.63 -1 -1.354 -1 -1.374 -1 -1.764 -1 10
-1.569 -1 -1.308 -1 -1.43 -1 -1.768 -1 46
-1.599 -1 -1.296 -1 -1.374 -1 -1.742 -1 20
-1.558 -1 -1.27 -1 -1.348 -1 -1.642 -1 27
-1.495 -1 -1.232 -1 -1.328 -1 -1.666 -1 32
-1.497 -1 -1.23 -1 -1.25 -1 -1.562 -1 7
-1.406 -1 -1.176 -1 -1.182 -1 -1.456 -1 4
-1.319 -1 -1.136 -1 -1.218 -1 -1.456 -1 36
-1.337 -1 -1.142 -1 -1.158 -1 -1.434 -1 7
-1.296 -1 -1.142 -1 -1.274 -1 -1.506 -1 32
-1.39 -1 -1.136 -1 -1.284 -1 -1.536 -1 48
-1.41 -1 -1.146 -1 -1.228 -1 -1.402 -1 28
-1.315 -1 -1.11 -1 -1.236 -1 -1.436 -1 40
-1.336 -1 -1.148 -1 -1.148 -1 -1.336 -1 0
-1.242 -1 -1.09 -1 -1.092 -1 -1.25 -1 1
-1.171 -1 -1.038 -1 -1.04 -1 -1.162 -1 2
-1.101 -1 -1.026 -1 -1.088 -1 -1.232 -1 15
-1.16 -1 -1.05 -1 -1.216 -1 -1.328 -1 45
-1.272 -1 -1.076 -1 -1.084 -1 -1.19 -1 2
-1.137 -1 -1.04 -1 -1.12 -1 -1.236 -1 26
-1.178 -1 -1.052 -1 -1.104 -1 -1.21 -1 15
-1.157 -1 -1.038 -1 -1.088 -1 -1.174 -1 13
-1.131 -1 -1.03 -1 -1.102 -1 -1.198 -1 21
-1.15 -1 -1.046 -1 -1.05 -1 -1.12 -1 2
-1.085 -1 -1.024 -1 -1.078 -1 -1.144 -1 15
-1.111 -1 -1.026 -1 -1.154 -1 -1.282 -1 44
-1.218 -1 -1.082 -1 -1.102 -1 -1.176 -1 8
-1.139 -1 -1.032 -1 -1.166 -1 -1.278 -1 38
-1.222 -1 -1.064 -1 -1.172 -1 -1.284 -1 38
-1.228 -1 -1.064 -1 -1.148 -1 -1.224 -1 27
-1.186 -1 -1.042 -1 -1.194 -1 -1.246 -1 41
-1.22 -1 -1.048 -1 -1.148 -1 -1.212 -1 31
-1.18 -1 -1.048 -1 -1.096 -1 -1.206 -1 12
-1.151 -1 -1.05 -1 -1.16 -1 -1.204 -1 32
-1.182 -1 -1.04 -1 -1.052 -1 -1.142 -1 3
-1.097 -1 -1.032 -1 -1.084 -1 -1.16 -1 13
-1.122 -1 -1.038 -1 -1.052 -1 -1.096 -1 9
-1.074 -1 -1.016 -1 -1.074 -1 -1.136 -1 25
-1.105 -1 -1.03 -1 -1.146 -1 -1.232 -1 33
-1.189 -1 -1.044 -1 -1.174 -1 -1.24 -1 40
-1.207 -1 -1.052 -1 -1.088 -1 -1.138 -1 9
-1.113 -1 -1.026 -1 -1.026 -1 -1.098 -1 0
-1.062 -1 -1.012 -1 -1.154 -1 -1.2 -1 45
-1.177 -1 -1.04 -1 -1.06 -1 -1.082 -1 6
-1.071 -1 -1.006 -1 -1.084 -1 -1.15 -1 23
-1.117 -1 -1.036 -1 -1.112 -1 -1.154 -1 22
-1.133 -1 -1.016 -1 -1.096 -1 -1.158 -1 23
-1.127 -1 -1.034 -1 -1.152 -1 -1.19 -1 39
-1.171 -1 -1.05 -1 -1.09 -1 -1.134 -1 10
-1.112 -1 -1.028 -1 -1.108 -1 -1.142 -1 28
-1.125 -1 -1.024 -1 -1.17 -1 -1.252 -1 43
-1.211 -1 -1.074 -1 -1.162 -1 -1.208 -1 26
-1.185 -1 -1.034 -1 -1.144 -1 -1.174 -1 34
-1.159 -1 -1.032 -1 -1.084 -1 -1.132 -1 16
-1.108 -1 -1.034 -1 -1.134 -1 -1.152 -1 26
-1.143 -1 -1.03 -1 -1.074 -1 -1.098 -1 13
-1.086 -1 -1.016 -1 -1.086 -1 -1.11 -1 18
-1.098 -1 -1.026 -1 -1.08 -1 -1.118 -1 19
-1.099 -1 -1.03 -1 -1.104 -1 -1.124 -1 19
-1.114 -1 -1.03 -1 -1.092 -1 -1.124 -1 20
-1.108 -1 -1.03 -1 -1.12 -1 -1.156 -1 28
-1.138 -1 -1.028 -1 -1.114 -1 -1.152 -1 35
-1.133 -1 -1.034 -1 -1.164 -1 -1.242 -1 40
-1.203 -1 -1.062 -1 -1.062 -1 -1.086 -1 1
-1.074 -1 -1.02 -1 -1.146 -1 -1.206 -1 43
-1.176 -1 -1.06 -1 -1.098 -1 -1.134 -1 12
-1.116 -1 -1.022 -1 -1.058 -1 -1.108 -1 11
-1.083 -1 -1.022 -1 -1.14 -1 -1.184 -1 34
-1.162 -1 -1.04 -1 -1.052 -1 -1.072 -1 4
-1.062 -1 -1.012 -1 -1.18 -1 -1.234 -1 46
-1.207 -1 -1.066 -1 -1.156 -1 -1.212 -1 29
-1.184 -1 -1.042 -1 -1.146 -1 -1.186 -1 38
-1.166 -1 -1.042 -1 -1.092 -1 -1.118 -1 18
-1.105 -1 -1.024 -1 -1.14 -1 -1.174 -1 39
-1.157 -1 -1.036 -1 -1.176 -1 -1.244 -1 44
-1.21 -1 -1.06 -1 -1.132 -1 -1.19 -1 20
-1.161 -1 -1.044 -1 -1.144 -1 -1.184 -1 32
-1.164 -1 -1.024 -1 -1.088 -1 -1.128 -1 19
-1.108 -1 -1.032 -1 -1.104 -1 -1.148 -1 19
-1.126 -1 -1.048 -1 -1.066 -1 -1.12 -1 7
-1.093 -1 -1.014 -1 -1.07 -1 -1.106 -1 13
-1.088 -1 -1.02 -1 -1.082 -1 -1.134 -1 23
-1.108 -1 -1.028 -1 -1.094 -1 -1.128 -1 22
-1.111 -1 -1.024 -1 -1.126 -1 -1.194 -1 31
-1.16 -1 -1.044 -1 -1.182 -1 -1.23 -1 43
-1.206 -1 -1.048 -1 -1.05 -1 -1.08 -1 1
-1.065 -1 -1.016 -1 -1.026 -1 -1.052 -1 2
-1.039 -1 -1.008 -1 -1.028 -1 -1.072 -1 6
-1.05 -1 -1.01 -1 -1.112 -1 -1.144 -1 42
-1.128 -1 -1.034 -1 -1.096 -1 -1.138 -1 20
-1.117 -1 -1.032 -1 -1.114 -1 -1.156 -1 28
-1.135 -1 -1.032 -1 -1.16 -1 -1.216 -1 37
-1.188 -1 -1.044 -1 -1.128 -1 -1.162 -1 31
-1.145 -1 -1.03 -1 -1.062 -1 -1.088 -1 12
-1.075 -1 -1.01 -1 -1.15 -1 -1.22 -1 49
-1.185 -1 -1.066 -1 -1.066 -1 -1.086 -1 0
-1.076 -1 -1.008 -1 -1.158 -1 -1.228 -1 42
-1.193 -1 -1.046 -1 -1.052 -1 -1.09 -1 1
-1.071 -1 -1.012 -1 -1.104 -1 -1.152 -1 33
-1.128 -1 -1.024 -1 -1.062 -1 -1.1 -1 14
-1.081 -1 -1.018 -1 -1.092 -1 -1.112 -1 29
-1.102 -1 -1.038 -1 -1.064 -1 -1.096 -1 9
-1.08 -1 -1.024 -1 -1.114 -1 -1.148 -1 23
-1.131 -1 -1.026 -1 -1.068 -1 -1.112 -1 14
-1.09 -1 -1.018 -1 -1.068 -1 -1.114 -1 21
-1.091 -1 -1.024 -1 -1.106 -1 -1.138 -1 27
-1.122 -1 -1.026 -1 -1.132 -1 -1.17 -1 31
-1.151 -1 -1.03 -1 -1.074 -1 -1.092 -1 16
-1.083 -1 -1.016 -1 -1.13 -1 -1.176 -1 32
-1.153 -1 -1.034 -1 -1.14 -1 -1.184 -1 28
-1.162 -1 -1.03 -1 -1.18 -1 -1.24 -1 43
-1.21 -1 -1.054 -1 -1.098 -1 -1.148 -1 13
-1.123 -1 -1.034 -1 -1.092 -1 -1.12 -1 19
-1.106 -1 -1.016 -1 -1.016 -1 -1.034 -1 0
-1.025 -1 -1.002 -1 -1.01 -1 -1.04 -1 3
-1.025 -1 -1.006 -1 -1.018 -1 -1.034 -1 3
-1.026 -1 -1.006 -1 -1.03 -1 -1.072 -1 5
-1.051 -1 -1.012 -1 -1.12 -1 -1.18 -1 35
-1.15 -1 -1.048 -1 -1.122 -1 -1.202 -1 25
-1.162 -1 -1.048 -1 -1.05 -1 -1.086 -1 1
-1.068 -1 -1.006 -1 -1.168 -1 -1.226 -1 49
-1.197 -1 -1.068 -1 -1.12 -1 -1.148 -1 12
-1.134 -1 -1.014 -1 -1.158 -1 -1.198 -1 35
-1.178 -1 -1.052 -1 -1.15 -1 -1.19 -1 34
-1.17 -1 -1.044 -1 -1.164 -1 -1.236 -1 40
-1.2 -1 -1.066 -1 -1.198 -1 -1.248 -1 41
-1.223 -1 -1.052 -1 -1.112 -1 -1.162 -1 20
-1.137 -1 -1.048 -1 -1.12 -1 -1.156 -1 22
-1.138 -1 -1.042 -1 -1.098 -1 -1.138 -1 16
-1.118 -1 -1.016 -1 -1.072 -1 -1.106 -1 20
-1.089 -1 -1.028 -1 -1.05 -1 -1.078 -1 7
-1.064 -1 -1.012 -1 -1.182 -1 -1.234 -1 45
-1.208 -1 -1.054 -1 -1.154 -1 -1.186 -1 37
-1.17 -1 -1.042 -1 -1.09 -1 -1.12 -1 15
-1.105 -1 -1.024 -1 -1.128 -1 -1.198 -1 36
-1.163 -1 -1.052 -1 -1.182 -1 -1.24 -1 41
-1.211 -1 -1.068 -1 -1.184 -1 -1.228 -1 38
-1.206 -1 -1.046 -1 -1.07 -1 -1.086 -1 11
-1.078 -1 -1.016 -1 -1.168 -1 -1.202 -1 48
-1.185 -1 -1.032 -1 -1.12 -1 -1.18 -1 28
-1.15 -1 -1.04 -1 -1.05 -1 -1.096 -1 5
-1.073 -1 -1.01 -1 -1.074 -1 -1.128 -1 23
-1.101 -1 -1.036 -1 -1.162 -1 -1.21 -1 40
-1.186 -1 -1.044 -1 -1.126 -1 -1.162 -1 25
-1.144 -1 -1.032 -1 -1.05 -1 -1.074 -1 4
-1.062 -1 -1.014 -1 -1.144 -1 -1.176 -1 43
-1.16 -1 -1.034 -1 -1.056 -1 -1.084 -1 9
-1.07 -1 -1.014 -1 -1.152 -1 -1.198 -1 46
-1.175 -1 -1.034 -1 -1.132 -1 -1.172 -1 31
-1.152 -1 -1.042 -1 -1.068 -1 -1.082 -1 8
-1.075 -1 -1.008 -1 -1.032 -1 -1.044 -1 11
-1.038 -1 -1.012 -1 -1.164 -1 -1.208 -1 44
-1.186 -1 -1.042 -1 -1.152 -1 -1.192 -1 28
-1.172 -1 -1.044 -1 -1.074 -1 -1.098 -1 10
-1.086 -1 -1.02 -1 -1.08 -1 -1.108 -1 17
-1.094 -1 -1.022 -1 -1.136 -1 -1.166 -1 37
-1.151 -1 -1.034 -1 -1.098 -1 -1.132 -1 20
-1.115 -1 -1.028 -1 -1.044 -1 -1.068 -1 6
-1.056 -1 -1.014 -1 -1.074 -1 -1.098 -1 22
-1.086 -1 -1.016 -1 -1.162 -1 -1.206 -1 42
-1.184 -1 -1.04 -1 -1.044 -1 -1.068 -1 2
-1.056 -1 -1.02 -1 -1.164 -1 -1.228 -1 46
-1.196 -1 -1.056 -1 -1.14 -1 -1.188 -1 25
-1.164 -1 -1.048 -1 -1.054 -1 -1.078 -1 3
-1.066 -1 -1.016 -1 -1.09 -1 -1.136 -1 28
-1.113 -1 -1.042 -1 -1.156 -1 -1.21 -1 35
-1.183 -1 -1.046 -1 -1.174 -1 -1.198 -1 46
-1.186 -1 -1.04 -1 -1.094 -1 -1.116 -1 20
-1.105 -1 -1.024 -1 -1.156 -1 -1.204 -1 35
-1.18 -1 -1.062 -1 -1.072 -1 -1.086 -1 3
-1.079 -1 -1.012 -1 -1.016 -1 -1.022 -1 4
-1.019 -1 -1.002 -1 -1.072 -1 -1.106 -1 17
-1.089 -1 -1.03 -1 -1.148 -1 -1.19 -1 28
-1.169 -1 -1.04 -1 -1.152 -1 -1.192 -1 36
-1.172 -1 -1.066 -1 -1.194 -1 -1.242 -1 43
-1.218 -1 -1.064 -1 -1.188 -1 -1.24 -1 36
-1.214 -1 -1.066 -1 -1.138 -1 -1.168 -1 17
-1.153 -1 -1.028 -1 -1.082 -1 -1.112 -1 18
-1.097 -1 -1.024 -1 -1.078 -1 -1.102 -1 13
-1.09 -1 -1.02 -1 -1.11 -1 -1.132 -1 26
-1.121 -1 -1.024 -1 -1.044 -1 -1.058 -1 6
-1.051 -1 -1.006 -1 -1.128 -1 -1.176 -1 40
-1.152 -1 -1.04 -1 -1.072 -1 -1.09 -1 10
-1.081 -1 -1.014 -1 -1.09 -1 -1.11 -1 26
-1.1 -1 -1.01 -1 -1.052 -1 -1.08 -1 15
-1.066 -1 -1.02 -1 -1.096 -1 -1.126 -1 25
-1.111 -1 -1.032 -1 -1.222 -1 -1.274 -1 49
-1.248 -1 -1.078 -1 -1.116 -1 -1.128 -1 9
-1.122 -1 -1.022 -1 -1.034 -1 -1.042 -1 4
-1.038 -1 -1.002 -1 -1.006 -1 -1.01 -1 2
-1.008 -1 -1 -1 -1.102 -1 -1.144 -1 35
-1.123 -1 -1.034 -1 -1.054 -1 -1.07 -1 7
-1.062 -1 -1.016 -1 -1.16 -1 -1.216 -1 40
-1.188 -1 -1.042 -1 -1.068 -1 -1.068 -1 6
-1.068 -1 -1.004 -1 -1.028 -1 -1.034 -1 7
-1.031 -1 -1.004 -1 -1.164 -1 -1.198 -1 45
-1.181 -1 -1.062 -1 -1.128 -1 -1.176 -1 16
-1.152 -1 -1.06 -1 -1.074 -1 -1.084 -1 5
-1.079 -1 -1.012 -1 -1.032 -1 -1.042 -1 5
-1.037 -1 -1.002 -1 -1.144 -1 -1.176 -1 38
-1.16 -1 -1.036 -1 -1.038 -1 -1.052 -1 1
-1.045 -1 -1.008 -1 -1.052 -1 -1.078 -1 13
-1.065 -1 -1.022 -1 -1.14 -1 -1.178 -1 39
-1.159 -1 -1.034 -1 -1.058 -1 -1.072 -1 8
-1.065 -1 -1.012 -1 -1.04 -1 -1.064 -1 10
-1.052 -1 -1.012 -1 -1.076 -1 -1.1 -1 26
-1.088 -1 -1.026 -1 -1.122 -1 -1.158 -1 30
-1.14 -1 -1.038 -1 -1.098 -1 -1.116 -1 19
-1.107 -1 -1.024 -1 -1.05 -1 -1.078 -1 9
-1.064 -1 -1.016 -1 -1.168 -1 -1.216 -1 46
-1.192 -1 -1.064 -1 -1.174 -1 -1.214 -1 30
-1.194 -1 -1.072 -1 -1.172 -1 -1.228 -1 30
-1.2 -1 -1.048 -1 -1.074 -1 -1.082 -1 9
-1.078 -1 -1.012 -1 -1.184 -1 -1.236 -1 44
-1.21 -1 -1.054 -1 -1.184 -1 -1.222 -1 44
-1.203 -1 -1.026 -1 -1.066 -1 -1.076 -1 13
-1.071 -1 -1.016 -1 -1.072 -1 -1.09 -1 15
-1.081 -1 -1.014 -1 -1.046 -1 -1.06 -1 10
-1.053 -1 -1.014 -1 -1.024 -1 -1.024 -1 4
-1.024 -1 -1 -1 -1.008 -1 -1.024 -1 3
-1.016 -1 -1.004 -1 -1.148 -1 -1.162 -1 44
-1.155 -1 -1.046 -1 -1.056 -1 -1.078 -1 2
-1.067 -1 -1.016 -1 -1.044 -1 -1.066 -1 10
-1.055 -1 -1.02 -1 -1.124 -1 -1.144 -1 35
-1.134 -1 -1.032 -1 -1.182 -1 -1.224 -1 48
-1.203 -1 -1.076 -1 -1.118 -1 -1.162 -1 12
-1.14 -1 -1.04 -1 -1.058 -1 -1.08 -1 8
-1.069 -1 -1.016 -1 -1.054 -1 -1.078 -1 14
-1.066 -1 -1.018 -1 -1.152 -1 -1.196 -1 41
-1.174 -1 -1.046 -1 -1.08 -1 -1.094 -1 11
-1.087 -1 -1.02 -1 -1.032 -1 -1.044 -1 3
-1.038 -1 -1.002 -1 -1.068 -1 -1.08 -1 20
-1.074 -1 -1.012 -1 -1.118 -1 -1.158 -1 40
-1.138 -1 -1.034 -1 -1.124 -1 -1.146 -1 35
-1.135 -1 -1.044 -1 -1.062 -1 -1.076 -1 7
-1.069 -1 -1.014 -1 -1.14 -1 -1.174 -1 35
-1.157 -1 -1.044 -1 -1.086 -1 -1.11 -1 15
-1.098 -1 -1.024 -1 -1.124 -1 -1.162 -1 30
-1.143 -1 -1.054 -1 -1.156 -1 -1.198 -1 24
-1.177 -1 -1.04 -1 -1.08 -1 -1.1 -1 16
-1.09 -1 -1.014 -1 -1.116 -1 -1.156 -1 33
-1.136 -1 -1.032 -1 -1.136 -1 -1.18 -1 35
-1.158 -1 -1.05 -1 -1.064 -1 -1.072 -1 4
-1.068 -1 -1.01 -1 -1.036 -1 -1.058 -1 12
-1.047 -1 -1.01 -1 -1.11 -1 -1.144 -1 28
-1.127 -1 -1.026 -1 -1.128 -1 -1.184 -1 34
-1.156 -1 -1.05 -1 -1.158 -1 -1.2 -1 31
-1.179 -1 -1.05 -1 -1.18 -1 -1.232 -1 44
-1.206 -1 -1.072 -1 -1.222 -1 -1.246 -1 44
-1.234 -1 -1.056 -1 -1.174 -1 -1.228 -1 35
-1.201 -1 -1.06 -1 -1.06 -1 -1.084 -1 0
-1.072 -1 -1.02 -1 -1.032 -1 -1.038 -1 4
-1.035 -1 -1.01 -1 -1.074 -1 -1.09 -1 26
-1.082 -1 -1.018 -1 -1.106 -1 -1.164 -1 22
-1.135 -1 -1.042 -1 -1.118 -1 -1.17 -1 23
-1.144 -1 -1.048 -1 -1.12 -1 -1.158 -1 24
-1.139 -1 -1.036 -1 -1.04 -1 -1.06 -1 3
-1.05 -1 -1.008 -1 -1.048 -1 -1.064 -1 17
-1.056 -1 -1.02 -1 -1.048 -1 -1.056 -1 6
-1.052 -1 -1.006 -1 -1.042 -1 -1.062 -1 14
-1.052 -1 -1.008 -1 -1.018 -1 -1.02 -1 2
-1.019 -1 -1.006 -1 -1.086 -1 -1.122 -1 24
-1.104 -1 -1.036 -1 -1.17 -1 -1.186 -1 39
-1.178 -1 -1.032 -1 -1.116 -1 -1.142 -1 25
-1.129 -1 -1.036 -1 -1.184 -1 -1.206 -1 48
-1.195 -1 -1.056 -1 -1.116 -1 -1.162 -1 20
-1.139 -1 -1.03 -1 -1.056 -1 -1.068 -1 8
-1.062 -1 -1.01 -1 -1.16 -1 -1.214 -1 48
-1.187 -1 -1.05 -1 -1.196 -1 -1.276 -1 46
-1.236 -1 -1.072 -1 -1.162 -1 -1.204 -1 23
-1.183 -1 -1.042 -1 -1.072 -1 -1.118 -1 13
-1.095 -1 -1.02 -1 -1.032 -1 -1.038 -1 4
-1.035 -1 -1 -1 -1.106 -1 -1.128 -1 39
-1.117 -1 -1.042 -1 -1.118 -1 -1.154 -1 22
-1.136 -1 -1.036 -1 -1.17 -1 -1.218 -1 45
-1.194 -1 -1.044 -1 -1.052 -1 -1.068 -1 2
-1.06 -1 -1.008 -1 -1.16 -1 -1.184 -1 47
-1.172 -1 -1.04 -1 -1.108 -1 -1.126 -1 23
-1.117 -1 -1.034 -1 -1.048 -1 -1.074 -1 8
-1.061 -1 -1.01 -1 -1.106 -1 -1.124 -1 26
-1.115 -1 -1.036 -1 -1.12 -1 -1.168 -1 32
-1.144 -1 -1.044 -1 -1.21 -1 -1.276 -1 49
-1.243 -1 -1.068 -1 -1.128 -1 -1.172 -1 18
-1.15 -1 -1.036 -1 -1.136 -1 -1.172 -1 30
-1.154 -1 -1.036 -1 -1.188 -1 -1.242 -1 44
-1.215 -1 -1.04 -1 -1.066 -1 -1.086 -1 10
-1.076 -1 -1.014 -1 -1.144 -1 -1.198 -1 43
-1.171 -1 -1.048 -1 -1.114 -1 -1.166 -1 23
-1.14 -1 -1.038 -1 -1.12 -1 -1.15 -1 27
-1.135 -1 -1.034 -1 -1.104 -1 -1.16 -1 19
-1.132 -1 -1.038 -1 -1.176 -1 -1.208 -1 43
-1.192 -1 -1.054 -1 -1.192 -1 -1.248 -1 38
-1.22 -1 -1.06 -1 -1.108 -1 -1.146 -1 15
-1.127 -1 -1.026 -1 -1.034 -1 -1.07 -1 4
-1.052 -1 -1.008 -1 -1.05 -1 -1.08 -1 15
-1.065 -1 -1.018 -1 -1.082 -1 -1.094 -1 24
-1.088 -1 -1.018 -1 -1.092 -1 -1.118 -1 27
-1.105 -1 -1.032 -1 -1.108 -1 -1.128 -1 22
-1.118 -1 -1.018 -1 -1.054 -1 -1.092 -1 11
-1.073 -1 -1.026 -1 -1.124 -1 -1.148 -1 21
-1.136 -1 -1.04 -1 -1.202 -1 -1.24 -1 48
-1.221 -1 -1.096 -1 -1.182 -1 -1.244 -1 28
-1.213 -1 -1.064 -1 -1.112 -1 -1.136 -1 13
-1.124 -1 -1.022 -1 -1.18 -1 -1.244 -1 49
-1.212 -1 -1.062 -1 -1.092 -1 -1.134 -1 12
-1.113 -1 -1.024 -1 -1.03 -1 -1.046 -1 2
-1.038 -1 -1.012 -1 -1.086 -1 -1.12 -1 18
-1.103 -1 -1.032 -1 -1.154 -1 -1.18 -1 28
-1.167 -1 -1.042 -1 -1.158 -1 -1.22 -1 42
-1.189 -1 -1.062 -1 -1.078 -1 -1.104 -1 6
-1.091 -1 -1.024 -1 -1.062 -1 -1.094 -1 11
-1.078 -1 -1.02 -1 -1.092 -1 -1.142 -1 25
-1.117 -1 -1.026 -1 -1.15 -1 -1.184 -1 42
-1.167 -1 -1.058 -1 -1.068 -1 -1.1 -1 3
-1.084 -1 -1.022 -1 -1.168 -1 -1.234 -1 44
-1.201 -1 -1.072 -1 -1.2 -1 -1.244 -1 43
-1.222 -1 -1.078 -1 -1.078 -1 -1.112 -1 0
-1.095 -1 -1.028 -1 -1.098 -1 -1.136 -1 24
-1.117 -1 -1.04 -1 -1.148 -1 -1.19 -1 33
-1.169 -1 -1.048 -1 -1.06 -1 -1.078 -1 2
-1.069 -1 -1.01 -1 -1.054 -1 -1.086 -1 14
-1.07 -1 -1.014 -1 -1.092 -1 -1.12 -1 32
-1.106 -1 -1.022 -1 -1.066 -1 -1.106 -1 14
-1.086 -1 -1.022 -1 -1.176 -1 -1.218 -1 42
-1.197 -1 -1.056 -1 -1.118 -1 -1.162 -1 23
-1.14 -1 -1.038 -1 -1.09 -1 -1.122 -1 20
-1.106 -1 -1.028 -1 -1.122 -1 -1.162 -1 31
-1.142 -1 -1.03 -1 -1.132 -1 -1.18 -1 31
-1.156 -1 -1.04 -1 -1.056 -1 -1.066 -1 10
-1.061 -1 -1.01 -1 -1.076 -1 -1.094 -1 20
-1.085 -1 -1.022 -1 -1.026 -1 -1.042 -1 1
-1.034 -1 -1.006 -1 -1.134 -1 -1.176 -1 41
-1.155 -1 -1.05 -1 -1.098 -1 -1.122 -1 17
-1.11 -1 -1.022 -1 -1.106 -1 -1.128 -1 30
-1.117 -1 -1.028 -1 -1.17 0 -1.222 -1 41
