9 1000 0.2 3 663 0 0 0 0
-3.655 -1 -3.322 -1 -3.342 -1 -3.46 -1 62
-3.401 -1 -3.014 -1 -3.018 -1 -3.31 -1 25
-3.164 -1 -2.86 -1 -2.87 -1 -3.212 -1 9
-3.041 -1 -2.762 -1 -2.786 -1 -3.26 -1 29
-3.023 -1 -2.79 -1 -2.872 -1 -3.194 -1 72
-3.033 -1 -2.792 -1 -2.866 -1 -3.166 -1 88
-3.016 -1 -2.748 -1 -2.754 -1 -3.13 -1 8
-2.942 -1 -2.628 -1 -2.698 -1 -3.056 -1 89
-2.877 -1 -2.6 -1 -2.662 -1 -3.082 -1 49
-2.872 -1 -2.552 -1 -2.636 -1 -3.038 -1 71
-2.837 -1 -2.558 -1 -2.558 -1 -3 -1 4
-2.779 -1 -2.508 -1 -2.512 -1 -2.934 -1 7
-2.723 -1 -2.464 -1 -2.636 -1 -3.02 -1 94
-2.828 -1 -2.508 -1 -2.534 -1 -2.978 -1 29
-2.756 -1 -2.462 -1 -2.524 -1 -2.95 -1 50
-2.737 -1 -2.442 -1 -2.568 -1 -2.952 -1 84
-2.76 -1 -2.456 -1 -2.486 -1 -2.876 -1 24
-2.681 -1 -2.406 -1 -2.432 -1 -2.908 -1 22
-2.67 -1 -2.432 -1 -2.552 -1 -2.972 -1 81
-2.762 -1 -2.454 -1 -2.484 -1 -2.896 -1 21
-2.69 -1 -2.38 -1 -2.488 -1 -2.882 -1 72
-2.685 -1 -2.436 -1 -2.49 -1 -2.856 -1 33
-2.673 -1 -2.368 -1 -2.392 -1 -2.792 -1 19
-2.592 -1 -2.35 -1 -2.382 -1 -2.836 -1 26
-2.609 -1 -2.346 -1 -2.438 -1 -2.93 -1 60
-2.684 -1 -2.416 -1 -2.414 -1 -2.81 -1 3
-2.612 -1 -2.386 -1 -2.52 -1 -2.922 -1 90
-2.721 -1 -2.43 -1 -2.478 -1 -2.87 -1 32
-2.674 -1 -2.434 -1 -2.464 -1 -2.848 -1 22
-2.656 -1 -2.382 -1 -2.424 -1 -2.902 -1 27
-2.663 -1 -2.38 -1 -2.406 -1 -2.776 -1 11
-2.591 -1 -2.278 -1 -2.36 -1 -2.774 -1 47
-2.567 -1 -2.256 -1 -2.27 -1 -2.874 -1 19
-2.572 -1 -2.31 -1 -2.432 -1 -2.904 -1 89
-2.668 -1 -2.41 -1 -2.438 -1 -2.864 -1 24
-2.651 -1 -2.336 -1 -2.442 -1 -2.83 -1 89
-2.636 -1 -2.362 -1 -2.44 -1 -2.92 -1 56
-2.68 -1 -2.408 -1 -2.494 -1 -2.994 -1 52
-2.744 -1 -2.418 -1 -2.502 -1 -2.98 -1 49
-2.741 -1 -2.432 -1 -2.514 -1 -2.792 -1 50
-2.653 -1 -2.368 -1 -2.396 -1 -2.812 -1 31
-2.604 -1 -2.312 -1 -2.438 -1 -2.86 -1 99
-2.649 -1 -2.368 -1 -2.4 -1 -2.862 -1 21
-2.631 -1 -2.386 -1 -2.44 -1 -2.822 -1 39
-2.631 -1 -2.388 -1 -2.418 -1 -2.818 -1 36
-2.618 -1 -2.312 -1 -2.446 -1 -2.892 -1 82
-2.669 -1 -2.352 -1 -2.37 -1 -2.826 -1 11
-2.598 -1 -2.346 -1 -2.442 -1 -2.846 -1 73
-2.644 -1 -2.374 -1 -2.434 -1 -2.912 -1 40
-2.673 -1 -2.374 -1 -2.528 -1 -2.918 -1 85
-2.723 -1 -2.454 -1 -2.588 -1 -2.9 -1 89
-2.744 -1 -2.406 -1 -2.536 -1 -2.872 -1 81
-2.704 -1 -2.368 -1 -2.406 -1 -2.846 -1 26
-2.626 -1 -2.352 -1 -2.378 -1 -2.754 -1 15
-2.566 -1 -2.308 -1 -2.346 -1 -2.772 -1 25
-2.559 -1 -2.29 -1 -2.332 -1 -2.734 -1 29
-2.533 -1 -2.242 -1 -2.408 -1 -2.872 -1 98
-2.64 -1 -2.364 -1 -2.502 -1 -2.866 -1 89
-2.684 -1 -2.348 -1 -2.464 -1 -2.854 -1 76
-2.659 -1 -2.326 -1 -2.424 -1 -2.832 -1 52
-2.628 -1 -2.354 -1 -2.522 -1 -2.866 -1 82
-2.694 -1 -2.438 -1 -2.556 -1 -2.932 -1 92
-2.744 -1 -2.424 -1 -2.502 -1 -2.788 -1 63
-2.645 -1 -2.388 -1 -2.488 -1 -2.824 -1 81
-2.656 -1 -2.374 -1 -2.46 -1 -2.878 -1 73
-2.669 -1 -2.32 -1 -2.392 -1 -2.73 -1 46
-2.561 -1 -2.3 -1 -2.398 -1 -2.736 -1 77
-2.567 -1 -2.316 -1 -2.432 -1 -2.782 -1 58
-2.607 -1 -2.308 -1 -2.448 -1 -2.76 -1 91
-2.604 -1 -2.312 -1 -2.388 -1 -2.752 -1 52
-2.57 -1 -2.26 -1 -2.388 -1 -2.734 -1 69
-2.561 -1 -2.26 -1 -2.342 -1 -2.746 -1 59
-2.544 -1 -2.28 -1 -2.324 -1 -2.688 -1 21
-2.506 -1 -2.194 -1 -2.36 -1 -2.698 -1 89
-2.529 -1 -2.242 -1 -2.244 -1 -2.638 -1 1
-2.441 -1 -2.216 -1 -2.264 -1 -2.654 -1 32
-2.459 -1 -2.18 -1 -2.28 -1 -2.606 -1 65
-2.443 -1 -2.136 -1 -2.264 -1 -2.644 -1 70
-2.454 -1 -2.162 -1 -2.206 -1 -2.606 -1 30
-2.406 -1 -2.116 -1 -2.184 -1 -2.598 -1 40
-2.391 -1 -2.09 -1 -2.164 -1 -2.604 -1 53
-2.384 -1 -2.122 -1 -2.2 -1 -2.586 -1 40
-2.393 -1 -2.094 -1 -2.114 -1 -2.538 -1 13
-2.326 -1 -2.054 -1 -2.2 -1 -2.598 -1 73
-2.399 -1 -2.058 -1 -2.242 -1 -2.514 -1 84
-2.378 -1 -2.074 -1 -2.206 -1 -2.508 -1 85
-2.357 -1 -2.064 -1 -2.208 -1 -2.592 -1 88
-2.4 -1 -2.058 -1 -2.104 -1 -2.458 -1 18
-2.281 -1 -2.038 -1 -2.092 -1 -2.476 -1 38
-2.284 -1 -2 -1 -2.182 -1 -2.59 -1 88
-2.386 -1 -2.062 -1 -2.082 -1 -2.41 -1 16
-2.246 -1 -1.942 -1 -2.014 -1 -2.38 -1 32
-2.197 -1 -1.916 -1 -2.002 -1 -2.334 -1 52
-2.168 -1 -1.872 -1 -2.016 -1 -2.424 -1 73
-2.22 -1 -1.876 -1 -2.036 -1 -2.386 -1 82
-2.211 -1 -1.9 -1 -2.03 -1 -2.344 -1 64
-2.187 -1 -1.896 -1 -1.896 -1 -2.234 -1 1
-2.065 -1 -1.754 -1 -1.772 -1 -2.184 -1 14
-1.978 -1 -1.692 -1 -1.84 -1 -2.156 -1 63
-1.998 -1 -1.696 -1 -1.804 -1 -2.112 -1 59
-1.958 -1 -1.632 -1 -1.692 -1 -2.026 -1 21
-1.859 -1 -1.558 -1 -1.566 -1 -1.852 -1 5
-1.709 -1 -1.44 -1 -1.562 -1 -1.842 -1 43
-1.702 -1 -1.42 -1 -1.598 -1 -1.854 -1 63
-1.726 -1 -1.398 -1 -1.656 -1 -1.868 -1 91
-1.762 -1 -1.42 -1 -1.44 -1 -1.69 -1 7
-1.565 -1 -1.314 -1 -1.372 -1 -1.596 -1 19
-1.484 -1 -1.254 -1 -1.348 -1 -1.562 -1 30
-1.455 -1 -1.22 -1 -1.284 -1 -1.458 -1 20
-1.371 -1 -1.172 -1 -1.384 -1 -1.562 -1 65
-1.473 -1 -1.212 -1 -1.41 -1 -1.604 -1 52
-1.507 -1 -1.234 -1 -1.366 -1 -1.492 -1 47
-1.429 -1 -1.18 -1 -1.238 -1 -1.366 -1 20
-1.302 -1 -1.138 -1 -1.434 -1 -1.62 -1 98
-1.527 -1 -1.254 -1 -1.272 -1 -1.374 -1 5
-1.323 -1 -1.138 -1 -1.26 -1 -1.38 -1 38
-1.32 -1 -1.116 -1 -1.17 -1 -1.302 -1 19
-1.236 -1 -1.1 -1 -1.192 -1 -1.312 -1 29
-1.252 -1 -1.094 -1 -1.342 -1 -1.498 -1 78
-1.42 -1 -1.192 -1 -1.294 -1 -1.416 -1 32
-1.355 -1 -1.154 -1 -1.268 -1 -1.378 -1 35
-1.323 -1 -1.108 -1 -1.184 -1 -1.264 -1 22
-1.224 -1 -1.066 -1 -1.364 -1 -1.458 -1 95
-1.411 -1 -1.166 -1 -1.27 -1 -1.352 -1 36
-1.311 -1 -1.124 -1 -1.182 -1 -1.26 -1 26
-1.221 -1 -1.074 -1 -1.114 -1 -1.204 -1 13
-1.159 -1 -1.044 -1 -1.29 -1 -1.386 -1 91
-1.338 -1 -1.116 -1 -1.27 -1 -1.336 -1 41
-1.303 -1 -1.09 -1 -1.274 -1 -1.382 -1 66
-1.328 -1 -1.162 -1 -1.454 -1 -1.538 -1 89
-1.496 -1 -1.226 -1 -1.398 -1 -1.494 -1 59
-1.446 -1 -1.198 -1 -1.434 -1 -1.554 -1 86
-1.494 -1 -1.254 -1 -1.49 -1 -1.604 -1 86
-1.547 -1 -1.228 -1 -1.464 -1 -1.582 -1 90
-1.523 -1 -1.264 -1 -1.494 -1 -1.598 -1 82
-1.546 -1 -1.282 -1 -1.282 -1 -1.34 -1 0
-1.311 -1 -1.098 -1 -1.21 -1 -1.29 -1 45
-1.25 -1 -1.114 -1 -1.278 -1 -1.37 -1 54
-1.324 -1 -1.158 -1 -1.396 -1 -1.496 -1 69
-1.446 -1 -1.184 -1 -1.214 -1 -1.268 -1 9
-1.241 -1 -1.104 -1 -1.176 -1 -1.276 -1 30
-1.226 -1 -1.106 -1 -1.38 -1 -1.496 -1 95
-1.438 -1 -1.216 -1 -1.444 -1 -1.55 -1 82
-1.497 -1 -1.214 -1 -1.464 -1 -1.576 -1 88
-1.52 -1 -1.25 -1 -1.488 -1 -1.588 -1 87
-1.538 -1 -1.286 -1 -1.49 -1 -1.636 -1 81
-1.563 -1 -1.298 -1 -1.494 -1 -1.576 -1 66
-1.535 -1 -1.234 -1 -1.318 -1 -1.422 -1 28
-1.37 -1 -1.2 -1 -1.28 -1 -1.358 -1 27
-1.319 -1 -1.124 -1 -1.144 -1 -1.196 -1 3
-1.17 -1 -1.054 -1 -1.096 -1 -1.162 -1 10
-1.129 -1 -1.046 -1 -1.046 -1 -1.092 -1 0
-1.069 -1 -1.026 -1 -1.206 -1 -1.3 -1 59
-1.253 -1 -1.08 -1 -1.096 -1 -1.132 -1 5
-1.114 -1 -1.036 -1 -1.212 -1 -1.324 -1 58
-1.268 -1 -1.086 -1 -1.306 -1 -1.4 -1 74
-1.353 -1 -1.152 -1 -1.284 -1 -1.384 -1 42
-1.334 -1 -1.162 -1 -1.27 -1 -1.384 -1 36
-1.327 -1 -1.112 -1 -1.336 -1 -1.436 -1 78
-1.386 -1 -1.174 -1 -1.182 -1 -1.28 -1 3
-1.231 -1 -1.1 -1 -1.396 -1 -1.518 -1 92
-1.457 -1 -1.19 -1 -1.334 -1 -1.444 -1 47
-1.389 -1 -1.176 -1 -1.358 -1 -1.44 -1 61
-1.399 -1 -1.174 -1 -1.32 -1 -1.424 -1 46
-1.372 -1 -1.15 -1 -1.202 -1 -1.282 -1 15
-1.242 -1 -1.108 -1 -1.258 -1 -1.372 -1 45
-1.315 -1 -1.142 -1 -1.352 -1 -1.44 -1 66
-1.396 -1 -1.17 -1 -1.342 -1 -1.426 -1 55
-1.384 -1 -1.176 -1 -1.458 -1 -1.57 -1 86
-1.514 -1 -1.2 -1 -1.374 -1 -1.476 -1 53
-1.425 -1 -1.23 -1 -1.46 -1 -1.564 -1 79
-1.512 -1 -1.218 -1 -1.332 -1 -1.402 -1 44
-1.367 -1 -1.164 -1 -1.456 -1 -1.576 -1 97
-1.516 -1 -1.198 -1 -1.336 -1 -1.476 -1 44
-1.406 -1 -1.158 -1 -1.348 -1 -1.45 -1 67
-1.399 -1 -1.142 -1 -1.32 -1 -1.41 -1 46
-1.365 -1 -1.138 -1 -1.354 -1 -1.472 -1 72
-1.413 -1 -1.176 -1 -1.226 -1 -1.308 -1 23
-1.267 -1 -1.128 -1 -1.448 -1 -1.562 -1 98
-1.505 -1 -1.222 -1 -1.298 -1 -1.404 -1 19
-1.351 -1 -1.122 -1 -1.262 -1 -1.326 -1 40
-1.294 -1 -1.122 -1 -1.408 -1 -1.508 -1 86
-1.458 -1 -1.15 -1 -1.25 -1 -1.372 -1 26
-1.311 -1 -1.132 -1 -1.286 -1 -1.346 -1 47
-1.316 -1 -1.104 -1 -1.4 -1 -1.494 -1 98
-1.447 -1 -1.216 -1 -1.528 -1 -1.64 -1 96
-1.584 -1 -1.258 -1 -1.398 -1 -1.472 -1 51
-1.435 -1 -1.198 -1 -1.386 -1 -1.484 -1 59
-1.435 -1 -1.168 -1 -1.232 -1 -1.332 -1 19
-1.282 -1 -1.132 -1 -1.244 -1 -1.292 -1 39
-1.268 -1 -1.084 -1 -1.256 -1 -1.334 -1 59
-1.295 -1 -1.138 -1 -1.392 -1 -1.46 -1 97
-1.426 -1 -1.178 -1 -1.484 -1 -1.628 -1 98
-1.556 -1 -1.264 -1 -1.384 -1 -1.51 -1 43
-1.447 -1 -1.202 -1 -1.42 -1 -1.51 -1 72
-1.465 -1 -1.166 -1 -1.242 -1 -1.356 -1 24
-1.299 -1 -1.134 -1 -1.406 -1 -1.518 -1 89
-1.462 -1 -1.184 -1 -1.3 -1 -1.394 -1 48
-1.347 -1 -1.156 -1 -1.306 -1 -1.396 -1 46
-1.351 -1 -1.128 -1 -1.204 -1 -1.288 -1 21
-1.246 -1 -1.088 -1 -1.388 -1 -1.524 -1 95
-1.456 -1 -1.192 -1 -1.342 -1 -1.41 -1 52
-1.376 -1 -1.148 -1 -1.33 -1 -1.404 -1 69
-1.367 -1 -1.144 -1 -1.198 -1 -1.274 -1 20
-1.236 -1 -1.088 -1 -1.378 -1 -1.498 -1 94
-1.438 -1 -1.202 -1 -1.352 -1 -1.456 -1 67
-1.404 -1 -1.16 -1 -1.428 -1 -1.518 -1 94
-1.473 -1 -1.218 -1 -1.236 -1 -1.318 -1 9
-1.277 -1 -1.096 -1 -1.238 -1 -1.318 -1 43
-1.278 -1 -1.11 -1 -1.326 -1 -1.414 -1 74
-1.37 -1 -1.14 -1 -1.438 -1 -1.496 -1 88
-1.467 -1 -1.188 -1 -1.336 -1 -1.448 -1 58
-1.392 -1 -1.176 -1 -1.292 -1 -1.398 -1 37
-1.345 -1 -1.146 -1 -1.178 -1 -1.232 -1 12
-1.205 -1 -1.07 -1 -1.384 -1 -1.494 -1 95
-1.439 -1 -1.2 -1 -1.384 -1 -1.478 -1 46
-1.431 -1 -1.18 -1 -1.444 -1 -1.554 -1 87
-1.499 -1 -1.168 -1 -1.274 -1 -1.354 -1 43
-1.314 -1 -1.136 -1 -1.374 -1 -1.466 -1 79
-1.42 -1 -1.156 -1 -1.364 -1 -1.468 -1 85
-1.416 -1 -1.18 -1 -1.298 -1 -1.38 -1 39
-1.339 -1 -1.152 -1 -1.258 -1 -1.302 -1 37
-1.28 -1 -1.102 -1 -1.356 -1 -1.44 -1 75
-1.398 -1 -1.146 -1 -1.378 -1 -1.47 -1 74
-1.424 -1 -1.15 -1 -1.404 -1 -1.508 -1 80
-1.456 -1 -1.192 -1 -1.392 -1 -1.502 -1 70
-1.447 -1 -1.198 -1 -1.248 -1 -1.366 -1 16
-1.307 -1 -1.122 -1 -1.296 -1 -1.392 -1 57
-1.344 -1 -1.126 -1 -1.274 -1 -1.372 -1 58
-1.323 -1 -1.14 -1 -1.19 -1 -1.268 -1 19
-1.229 -1 -1.088 -1 -1.342 -1 -1.452 -1 78
-1.397 -1 -1.152 -1 -1.374 -1 -1.46 -1 80
-1.417 -1 -1.192 -1 -1.438 -1 -1.598 -1 83
-1.518 -1 -1.242 -1 -1.394 -1 -1.49 -1 45
-1.442 -1 -1.176 -1 -1.256 -1 -1.342 -1 23
-1.299 -1 -1.122 -1 -1.294 -1 -1.388 -1 67
-1.341 -1 -1.136 -1 -1.338 -1 -1.448 -1 65
-1.393 -1 -1.162 -1 -1.24 -1 -1.316 -1 23
-1.278 -1 -1.136 -1 -1.354 -1 -1.442 -1 63
-1.398 -1 -1.15 -1 -1.294 -1 -1.41 -1 60
-1.352 -1 -1.156 -1 -1.33 -1 -1.404 -1 52
-1.367 -1 -1.14 -1 -1.192 -1 -1.27 -1 19
-1.231 -1 -1.084 -1 -1.272 -1 -1.384 -1 54
-1.328 -1 -1.13 -1 -1.358 -1 -1.476 -1 76
-1.417 -1 -1.184 -1 -1.308 -1 -1.346 -1 45
-1.327 -1 -1.16 -1 -1.364 -1 -1.418 -1 66
-1.391 -1 -1.154 -1 -1.392 -1 -1.486 -1 75
-1.439 -1 -1.15 -1 -1.38 -1 -1.48 -1 79
-1.43 -1 -1.196 -1 -1.254 -1 -1.312 -1 16
-1.283 -1 -1.112 -1 -1.23 -1 -1.288 -1 45
-1.259 -1 -1.066 -1 -1.302 -1 -1.42 -1 79
-1.361 -1 -1.128 -1 -1.434 -1 -1.502 -1 91
-1.468 -1 -1.202 -1 -1.226 -1 -1.316 -1 10
-1.271 -1 -1.114 -1 -1.32 -1 -1.42 -1 68
-1.37 -1 -1.158 -1 -1.158 -1 -1.232 -1 0
-1.195 -1 -1.086 -1 -1.26 -1 -1.334 -1 54
-1.297 -1 -1.086 -1 -1.266 -1 -1.348 -1 61
-1.307 -1 -1.13 -1 -1.344 -1 -1.424 -1 68
-1.384 -1 -1.17 -1 -1.276 -1 -1.342 -1 42
-1.309 -1 -1.142 -1 -1.454 -1 -1.558 -1 94
-1.506 -1 -1.202 -1 -1.322 -1 -1.414 -1 49
-1.368 -1 -1.124 -1 -1.374 -1 -1.474 -1 85
-1.424 -1 -1.174 -1 -1.268 -1 -1.342 -1 24
-1.305 -1 -1.102 -1 -1.174 -1 -1.226 -1 20
-1.2 -1 -1.062 -1 -1.07 -1 -1.106 -1 2
-1.088 -1 -1.034 -1 -1.242 -1 -1.338 -1 75
-1.29 -1 -1.11 -1 -1.276 -1 -1.352 -1 56
-1.314 -1 -1.12 -1 -1.316 -1 -1.406 -1 68
-1.361 -1 -1.156 -1 -1.306 -1 -1.388 -1 53
-1.347 -1 -1.146 -1 -1.298 -1 -1.382 -1 49
-1.34 -1 -1.148 -1 -1.232 -1 -1.284 -1 26
-1.258 -1 -1.104 -1 -1.288 -1 -1.318 -1 59
-1.303 -1 -1.122 -1 -1.26 -1 -1.362 -1 39
-1.311 -1 -1.118 -1 -1.224 -1 -1.334 -1 32
-1.279 -1 -1.096 -1 -1.246 -1 -1.352 -1 54
-1.299 -1 -1.116 -1 -1.23 -1 -1.284 -1 41
-1.257 -1 -1.094 -1 -1.32 -1 -1.424 -1 75
-1.372 -1 -1.148 -1 -1.418 -1 -1.498 -1 95
-1.458 -1 -1.206 -1 -1.482 -1 -1.578 -1 97
-1.53 -1 -1.22 -1 -1.354 -1 -1.438 -1 51
-1.396 -1 -1.186 -1 -1.374 -1 -1.47 -1 66
-1.422 -1 -1.166 -1 -1.402 -1 -1.484 -1 69
-1.443 -1 -1.16 -1 -1.2 -1 -1.262 -1 11
-1.231 -1 -1.104 -1 -1.302 -1 -1.402 -1 58
-1.352 -1 -1.162 -1 -1.246 -1 -1.294 -1 22
-1.27 -1 -1.084 -1 -1.376 -1 -1.43 -1 79
-1.403 -1 -1.15 -1 -1.36 -1 -1.44 -1 67
-1.4 -1 -1.182 -1 -1.444 -1 -1.514 -1 81
-1.479 -1 -1.2 -1 -1.226 -1 -1.276 -1 9
-1.251 -1 -1.084 -1 -1.152 -1 -1.218 -1 19
-1.185 -1 -1.05 -1 -1.106 -1 -1.156 -1 19
-1.131 -1 -1.054 -1 -1.084 -1 -1.164 -1 7
-1.124 -1 -1.044 -1 -1.158 -1 -1.228 -1 37
-1.193 -1 -1.074 -1 -1.248 -1 -1.28 -1 51
-1.264 -1 -1.108 -1 -1.27 -1 -1.338 -1 64
-1.304 -1 -1.1 -1 -1.382 -1 -1.448 -1 94
-1.415 -1 -1.18 -1 -1.398 -1 -1.496 -1 79
-1.447 -1 -1.222 -1 -1.462 -1 -1.626 -1 97
-1.544 -1 -1.25 -1 -1.504 -1 -1.638 -1 88
-1.571 -1 -1.264 -1 -1.278 -1 -1.384 -1 5
-1.331 -1 -1.132 -1 -1.192 -1 -1.264 -1 23
-1.228 -1 -1.068 -1 -1.292 -1 -1.382 -1 80
-1.337 -1 -1.152 -1 -1.288 -1 -1.412 -1 56
-1.35 -1 -1.134 -1 -1.184 -1 -1.256 -1 14
-1.22 -1 -1.066 -1 -1.26 -1 -1.346 -1 69
-1.303 -1 -1.132 -1 -1.22 -1 -1.312 -1 32
-1.266 -1 -1.096 -1 -1.422 -1 -1.522 -1 99
-1.472 -1 -1.206 -1 -1.368 -1 -1.46 -1 46
-1.414 -1 -1.178 -1 -1.258 -1 -1.33 -1 26
-1.294 -1 -1.12 -1 -1.418 -1 -1.514 -1 95
-1.466 -1 -1.146 -1 -1.4 -1 -1.482 -1 79
-1.441 -1 -1.186 -1 -1.354 -1 -1.446 -1 51
-1.4 -1 -1.17 -1 -1.19 -1 -1.238 -1 6
-1.214 -1 -1.066 -1 -1.324 -1 -1.422 -1 86
-1.373 -1 -1.17 -1 -1.402 -1 -1.502 -1 71
-1.452 -1 -1.212 -1 -1.278 -1 -1.354 -1 25
-1.316 -1 -1.134 -1 -1.422 -1 -1.534 -1 97
-1.478 -1 -1.256 -1 -1.31 -1 -1.376 -1 27
-1.343 -1 -1.148 -1 -1.234 -1 -1.314 -1 29
-1.274 -1 -1.09 -1 -1.088 -1 -1.144 -1 1
-1.116 -1 -1.042 -1 -1.062 -1 -1.106 -1 5
-1.084 -1 -1.024 -1 -1.3 -1 -1.386 -1 73
-1.343 -1 -1.128 -1 -1.358 -1 -1.446 -1 72
-1.402 -1 -1.134 -1 -1.39 -1 -1.508 -1 88
-1.449 -1 -1.168 -1 -1.256 -1 -1.296 -1 25
-1.276 -1 -1.092 -1 -1.374 -1 -1.438 -1 97
-1.406 -1 -1.204 -1 -1.47 -1 -1.576 -1 95
-1.523 -1 -1.226 -1 -1.316 -1 -1.414 -1 40
-1.365 -1 -1.164 -1 -1.19 -1 -1.284 -1 6
-1.237 -1 -1.088 -1 -1.342 -1 -1.418 -1 81
-1.38 -1 -1.15 -1 -1.256 -1 -1.364 -1 38
-1.31 -1 -1.15 -1 -1.38 -1 -1.426 -1 87
-1.403 -1 -1.166 -1 -1.376 -1 -1.518 -1 79
-1.447 -1 -1.218 -1 -1.488 -1 -1.59 -1 95
-1.539 -1 -1.238 -1 -1.304 -1 -1.328 -1 22
-1.316 -1 -1.116 -1 -1.272 -1 -1.358 -1 42
-1.315 -1 -1.152 -1 -1.438 -1 -1.508 -1 92
-1.473 -1 -1.214 -1 -1.38 -1 -1.458 -1 61
-1.419 -1 -1.16 -1 -1.22 -1 -1.276 -1 19
-1.248 -1 -1.096 -1 -1.37 -1 -1.454 -1 79
-1.412 -1 -1.166 -1 -1.4 -1 -1.504 -1 69
-1.452 -1 -1.176 -1 -1.338 -1 -1.45 -1 57
-1.394 -1 -1.158 -1 -1.308 -1 -1.416 -1 56
-1.362 -1 -1.148 -1 -1.214 -1 -1.28 -1 24
-1.247 -1 -1.1 -1 -1.332 -1 -1.42 -1 71
-1.376 -1 -1.166 -1 -1.232 -1 -1.31 -1 23
-1.271 -1 -1.084 -1 -1.162 -1 -1.246 -1 26
-1.204 -1 -1.06 -1 -1.282 -1 -1.352 -1 74
-1.317 -1 -1.116 -1 -1.414 -1 -1.544 -1 91
-1.479 -1 -1.2 -1 -1.23 -1 -1.32 -1 14
-1.275 -1 -1.122 -1 -1.2 -1 -1.272 -1 25
-1.236 -1 -1.072 -1 -1.124 -1 -1.186 -1 14
-1.155 -1 -1.058 -1 -1.354 -1 -1.47 -1 98
-1.412 -1 -1.152 -1 -1.35 -1 -1.438 -1 67
-1.394 -1 -1.15 -1 -1.188 -1 -1.27 -1 11
-1.229 -1 -1.09 -1 -1.368 -1 -1.478 -1 87
-1.423 -1 -1.152 -1 -1.152 -1 -1.212 -1 0
-1.182 -1 -1.068 -1 -1.158 -1 -1.226 -1 29
-1.192 -1 -1.072 -1 -1.158 -1 -1.222 -1 21
-1.19 -1 -1.05 -1 -1.192 -1 -1.266 -1 46
-1.229 -1 -1.084 -1 -1.306 -1 -1.38 -1 79
-1.343 -1 -1.122 -1 -1.272 -1 -1.35 -1 51
-1.311 -1 -1.092 -1 -1.148 -1 -1.224 -1 16
-1.186 -1 -1.076 -1 -1.16 -1 -1.2 -1 22
-1.18 -1 -1.058 -1 -1.186 -1 -1.232 -1 39
-1.209 -1 -1.076 -1 -1.264 -1 -1.338 -1 62
-1.301 -1 -1.108 -1 -1.348 -1 -1.424 -1 81
-1.386 -1 -1.152 -1 -1.228 -1 -1.304 -1 26
-1.266 -1 -1.09 -1 -1.328 -1 -1.416 -1 92
-1.372 -1 -1.156 -1 -1.276 -1 -1.362 -1 36
-1.319 -1 -1.132 -1 -1.142 -1 -1.198 -1 4
-1.17 -1 -1.036 -1 -1.078 -1 -1.124 -1 13
-1.101 -1 -1.03 -1 -1.078 -1 -1.126 -1 13
-1.102 -1 -1.036 -1 -1.044 -1 -1.07 -1 3
-1.057 -1 -1.02 -1 -1.13 -1 -1.18 -1 31
-1.155 -1 -1.054 -1 -1.35 -1 -1.446 -1 92
-1.398 -1 -1.166 -1 -1.412 -1 -1.454 -1 87
-1.433 -1 -1.176 -1 -1.352 -1 -1.452 -1 55
-1.402 -1 -1.126 -1 -1.314 -1 -1.362 -1 60
-1.338 -1 -1.112 -1 -1.386 -1 -1.494 -1 98
-1.44 -1 -1.206 -1 -1.336 -1 -1.404 -1 42
-1.37 -1 -1.118 -1 -1.39 -1 -1.474 -1 86
-1.432 -1 -1.172 -1 -1.282 -1 -1.368 -1 47
-1.325 -1 -1.124 -1 -1.246 -1 -1.3 -1 39
-1.273 -1 -1.128 -1 -1.36 -1 -1.454 -1 72
-1.407 -1 -1.178 -1 -1.264 -1 -1.306 -1 25
-1.285 -1 -1.108 -1 -1.258 -1 -1.338 -1 48
-1.298 -1 -1.118 -1 -1.31 -1 -1.386 -1 59
-1.348 -1 -1.132 -1 -1.39 -1 -1.494 -1 90
-1.442 -1 -1.178 -1 -1.238 -1 -1.3 -1 22
-1.269 -1 -1.128 -1 -1.348 -1 -1.502 -1 92
-1.425 -1 -1.2 -1 -1.366 -1 -1.468 -1 64
-1.417 -1 -1.16 -1 -1.2 -1 -1.268 -1 11
-1.234 -1 -1.088 -1 -1.36 -1 -1.448 -1 89
-1.404 -1 -1.186 -1 -1.298 -1 -1.396 -1 33
-1.347 -1 -1.124 -1 -1.134 -1 -1.2 -1 2
-1.167 -1 -1.078 -1 -1.372 -1 -1.448 -1 92
-1.41 -1 -1.172 -1 -1.18 -1 -1.24 -1 3
-1.21 -1 -1.084 -1 -1.27 -1 -1.348 -1 61
-1.309 -1 -1.128 -1 -1.214 -1 -1.264 -1 24
-1.239 -1 -1.094 -1 -1.16 -1 -1.234 -1 25
-1.197 -1 -1.066 -1 -1.344 -1 -1.402 -1 80
-1.373 -1 -1.188 -1 -1.308 -1 -1.376 -1 39
-1.342 -1 -1.112 -1 -1.33 -1 -1.44 -1 86
-1.385 -1 -1.16 -1 -1.3 -1 -1.362 -1 47
-1.331 -1 -1.122 -1 -1.19 -1 -1.26 -1 29
-1.225 -1 -1.088 -1 -1.386 -1 -1.444 -1 93
-1.415 -1 -1.214 -1 -1.44 -1 -1.524 -1 65
-1.482 -1 -1.218 -1 -1.352 -1 -1.444 -1 47
-1.398 -1 -1.17 -1 -1.308 -1 -1.382 -1 38
-1.345 -1 -1.13 -1 -1.232 -1 -1.328 -1 29
-1.28 -1 -1.116 -1 -1.184 -1 -1.264 -1 36
-1.224 -1 -1.086 -1 -1.21 -1 -1.302 -1 38
-1.256 -1 -1.116 -1 -1.138 -1 -1.22 -1 8
-1.179 -1 -1.044 -1 -1.086 -1 -1.116 -1 16
-1.101 -1 -1.026 -1 -1.21 -1 -1.298 -1 60
-1.254 -1 -1.096 -1 -1.346 -1 -1.43 -1 81
-1.388 -1 -1.168 -1 -1.354 -1 -1.448 -1 63
-1.401 -1 -1.154 -1 -1.336 -1 -1.418 -1 56
-1.377 -1 -1.16 -1 -1.37 -1 -1.458 -1 71
-1.414 -1 -1.156 -1 -1.376 -1 -1.508 -1 77
-1.442 -1 -1.194 -1 -1.262 -1 -1.304 -1 23
-1.283 -1 -1.098 -1 -1.326 -1 -1.424 -1 86
-1.375 -1 -1.18 -1 -1.28 -1 -1.354 -1 37
-1.317 -1 -1.138 -1 -1.384 -1 -1.478 -1 83
-1.431 -1 -1.21 -1 -1.292 -1 -1.354 -1 28
-1.323 -1 -1.136 -1 -1.372 -1 -1.452 -1 78
-1.412 -1 -1.156 -1 -1.394 -1 -1.518 -1 76
-1.456 -1 -1.214 -1 -1.312 -1 -1.404 -1 30
-1.358 -1 -1.14 -1 -1.296 -1 -1.348 -1 47
-1.322 -1 -1.116 -1 -1.396 -1 -1.516 -1 91
-1.456 -1 -1.192 -1 -1.446 -1 -1.552 -1 88
-1.499 -1 -1.206 -1 -1.212 -1 -1.296 -1 2
-1.254 -1 -1.082 -1 -1.34 -1 -1.396 -1 89
-1.368 -1 -1.14 -1 -1.436 -1 -1.534 -1 96
-1.485 -1 -1.194 -1 -1.242 -1 -1.332 -1 21
-1.287 -1 -1.108 -1 -1.366 -1 -1.49 -1 78
-1.428 -1 -1.132 -1 -1.3 -1 -1.414 -1 55
-1.357 -1 -1.14 -1 -1.27 -1 -1.362 -1 51
-1.316 -1 -1.15 -1 -1.41 -1 -1.494 -1 93
-1.452 -1 -1.196 -1 -1.458 -1 -1.564 -1 91
-1.511 -1 -1.216 -1 -1.49 -1 -1.618 -1 94
-1.554 -1 -1.286 -1 -1.388 -1 -1.482 -1 33
-1.435 -1 -1.182 -1 -1.396 -1 -1.518 -1 69
-1.457 -1 -1.19 -1 -1.198 -1 -1.27 -1 3
-1.234 -1 -1.068 -1 -1.09 -1 -1.14 -1 7
-1.115 -1 -1.044 -1 -1.052 -1 -1.104 -1 5
-1.078 -1 -1.024 -1 -1.186 -1 -1.268 -1 50
-1.227 -1 -1.096 -1 -1.178 -1 -1.28 -1 25
-1.229 -1 -1.068 -1 -1.286 -1 -1.38 -1 65
-1.333 -1 -1.126 -1 -1.284 -1 -1.334 -1 46
-1.309 -1 -1.124 -1 -1.17 -1 -1.252 -1 14
-1.211 -1 -1.088 -1 -1.276 -1 -1.338 -1 69
-1.307 -1 -1.13 -1 -1.312 -1 -1.4 -1 66
-1.356 -1 -1.13 -1 -1.394 -1 -1.522 -1 86
-1.458 -1 -1.182 -1 -1.188 -1 -1.242 -1 5
-1.215 -1 -1.062 -1 -1.064 -1 -1.11 -1 1
-1.087 -1 -1.014 -1 -1.132 -1 -1.196 -1 38
-1.164 -1 -1.044 -1 -1.136 -1 -1.194 -1 24
-1.165 -1 -1.058 -1 -1.23 -1 -1.308 -1 63
-1.269 -1 -1.092 -1 -1.132 -1 -1.188 -1 12
-1.16 -1 -1.05 -1 -1.27 -1 -1.32 -1 61
-1.295 -1 -1.11 -1 -1.396 -1 -1.48 -1 87
-1.438 -1 -1.184 -1 -1.356 -1 -1.42 -1 53
-1.388 -1 -1.126 -1 -1.384 -1 -1.48 -1 77
-1.432 -1 -1.192 -1 -1.436 -1 -1.532 -1 87
-1.484 -1 -1.178 -1 -1.312 -1 -1.418 -1 50
-1.365 -1 -1.136 -1 -1.286 -1 -1.376 -1 43
-1.331 -1 -1.116 -1 -1.172 -1 -1.24 -1 19
-1.206 -1 -1.07 -1 -1.266 -1 -1.366 -1 69
-1.316 -1 -1.122 -1 -1.152 -1 -1.186 -1 6
-1.169 -1 -1.044 -1 -1.186 -1 -1.234 -1 40
-1.21 -1 -1.07 -1 -1.222 -1 -1.306 -1 41
-1.264 -1 -1.108 -1 -1.276 -1 -1.34 -1 67
-1.308 -1 -1.122 -1 -1.186 -1 -1.266 -1 19
-1.226 -1 -1.09 -1 -1.306 -1 -1.4 -1 66
-1.353 -1 -1.144 -1 -1.184 -1 -1.206 -1 12
-1.195 -1 -1.06 -1 -1.36 -1 -1.428 -1 90
-1.394 -1 -1.168 -1 -1.172 -1 -1.212 -1 4
-1.192 -1 -1.078 -1 -1.102 -1 -1.142 -1 8
-1.122 -1 -1.026 -1 -1.172 -1 -1.214 -1 48
-1.193 -1 -1.068 -1 -1.218 -1 -1.288 -1 45
-1.253 -1 -1.098 -1 -1.31 -1 -1.398 -1 75
-1.354 -1 -1.156 -1 -1.198 -1 -1.274 -1 15
-1.236 -1 -1.104 -1 -1.248 -1 -1.338 -1 51
-1.293 -1 -1.12 -1 -1.394 -1 -1.504 -1 97
-1.449 -1 -1.188 -1 -1.416 -1 -1.514 -1 88
-1.465 -1 -1.236 -1 -1.414 -1 -1.52 -1 53
-1.467 -1 -1.2 -1 -1.256 -1 -1.288 -1 20
-1.272 -1 -1.102 -1 -1.286 -1 -1.36 -1 56
-1.323 -1 -1.14 -1 -1.322 -1 -1.39 -1 52
-1.356 -1 -1.118 -1 -1.228 -1 -1.326 -1 36
-1.277 -1 -1.106 -1 -1.366 -1 -1.446 -1 91
-1.406 -1 -1.18 -1 -1.212 -1 -1.286 -1 13
-1.249 -1 -1.086 -1 -1.144 -1 -1.204 -1 21
-1.174 -1 -1.052 -1 -1.268 -1 -1.362 -1 79
-1.315 -1 -1.136 -1 -1.366 -1 -1.454 -1 67
-1.41 -1 -1.174 -1 -1.38 -1 -1.534 -1 72
-1.457 -1 -1.194 -1 -1.26 -1 -1.308 -1 11
-1.284 -1 -1.102 -1 -1.244 -1 -1.334 -1 40
-1.289 -1 -1.112 -1 -1.168 -1 -1.248 -1 17
-1.208 -1 -1.062 -1 -1.154 -1 -1.202 -1 28
-1.178 -1 -1.052 -1 -1.094 -1 -1.132 -1 11
-1.113 -1 -1.042 -1 -1.338 -1 -1.428 -1 89
-1.383 -1 -1.162 -1 -1.416 -1 -1.478 -1 80
-1.447 -1 -1.214 -1 -1.438 -1 -1.536 -1 73
-1.487 -1 -1.218 -1 -1.548 -1 -1.67 -1 98
-1.609 -1 -1.286 -1 -1.382 -1 -1.502 -1 49
-1.442 -1 -1.202 -1 -1.372 -1 -1.476 -1 54
-1.424 -1 -1.196 -1 -1.236 -1 -1.304 -1 12
-1.27 -1 -1.094 -1 -1.112 -1 -1.174 -1 6
-1.143 -1 -1.046 -1 -1.3 -1 -1.392 -1 91
-1.346 -1 -1.13 -1 -1.364 -1 -1.448 -1 65
-1.406 -1 -1.17 -1 -1.17 -1 -1.232 -1 1
-1.201 -1 -1.084 -1 -1.146 -1 -1.192 -1 19
-1.169 -1 -1.048 -1 -1.174 -1 -1.25 -1 44
-1.212 -1 -1.086 -1 -1.158 -1 -1.21 -1 21
-1.184 -1 -1.078 -1 -1.282 -1 -1.376 -1 69
-1.329 -1 -1.134 -1 -1.214 -1 -1.248 -1 22
-1.231 -1 -1.09 -1 -1.332 -1 -1.408 -1 85
-1.37 -1 -1.13 -1 -1.346 -1 -1.436 -1 65
-1.391 -1 -1.154 -1 -1.21 -1 -1.266 -1 17
-1.238 -1 -1.078 -1 -1.172 -1 -1.218 -1 29
-1.195 -1 -1.056 -1 -1.204 -1 -1.258 -1 43
-1.231 -1 -1.072 -1 -1.106 -1 -1.126 -1 13
-1.116 -1 -1.038 -1 -1.116 -1 -1.166 -1 29
-1.141 -1 -1.046 -1 -1.164 -1 -1.206 -1 38
-1.185 -1 -1.074 -1 -1.14 -1 -1.172 -1 20
-1.156 -1 -1.042 -1 -1.4 -1 -1.454 -1 94
-1.427 -1 -1.158 -1 -1.192 -1 -1.26 -1 10
-1.226 -1 -1.098 -1 -1.134 -1 -1.164 -1 14
-1.149 -1 -1.054 -1 -1.14 -1 -1.186 -1 31
-1.163 -1 -1.056 -1 -1.292 -1 -1.38 -1 76
-1.336 -1 -1.126 -1 -1.314 -1 -1.396 -1 62
-1.355 -1 -1.136 -1 -1.136 -1 -1.194 -1 0
-1.165 -1 -1.052 -1 -1.156 -1 -1.202 -1 31
-1.179 -1 -1.05 -1 -1.262 -1 -1.322 -1 73
-1.292 -1 -1.108 -1 -1.108 -1 -1.156 -1 0
-1.132 -1 -1.05 -1 -1.172 -1 -1.236 -1 37
-1.204 -1 -1.082 -1 -1.218 -1 -1.282 -1 36
-1.25 -1 -1.098 -1 -1.162 -1 -1.208 -1 22
-1.185 -1 -1.054 -1 -1.364 -1 -1.426 -1 93
-1.395 -1 -1.154 -1 -1.28 -1 -1.342 -1 40
-1.311 -1 -1.138 -1 -1.308 -1 -1.364 -1 62
-1.336 -1 -1.102 -1 -1.32 -1 -1.406 -1 68
-1.363 -1 -1.152 -1 -1.166 -1 -1.22 -1 6
-1.193 -1 -1.07 -1 -1.216 -1 -1.282 -1 43
-1.249 -1 -1.084 -1 -1.118 -1 -1.162 -1 9
-1.14 -1 -1.054 -1 -1.118 -1 -1.176 -1 19
-1.147 -1 -1.064 -1 -1.08 -1 -1.096 -1 3
-1.088 -1 -1.018 -1 -1.196 -1 -1.282 -1 61
-1.239 -1 -1.094 -1 -1.238 -1 -1.31 -1 44
-1.274 -1 -1.11 -1 -1.368 -1 -1.474 -1 95
-1.421 -1 -1.18 -1 -1.334 -1 -1.43 -1 59
-1.382 -1 -1.164 -1 -1.352 -1 -1.448 -1 59
-1.4 -1 -1.174 -1 -1.368 -1 -1.412 -1 83
-1.39 -1 -1.162 -1 -1.264 -1 -1.326 -1 26
-1.295 -1 -1.108 -1 -1.198 -1 -1.246 -1 26
-1.222 -1 -1.07 -1 -1.072 -1 -1.086 -1 1
-1.079 -1 -1.03 -1 -1.092 -1 -1.13 -1 22
-1.111 -1 -1.046 -1 -1.142 -1 -1.182 -1 21
-1.162 -1 -1.058 -1 -1.266 -1 -1.326 -1 67
-1.296 -1 -1.084 -1 -1.122 -1 -1.156 -1 9
-1.139 -1 -1.042 -1 -1.166 -1 -1.224 -1 46
-1.195 -1 -1.06 -1 -1.376 -1 -1.468 -1 94
-1.422 -1 -1.19 -1 -1.34 -1 -1.43 -1 47
-1.385 -1 -1.162 -1 -1.294 -1 -1.352 -1 45
-1.323 -1 -1.118 -1 -1.34 -1 -1.42 -1 76
-1.38 -1 -1.17 -1 -1.298 -1 -1.388 -1 48
-1.343 -1 -1.168 -1 -1.18 -1 -1.242 -1 6
-1.211 -1 -1.086 -1 -1.244 -1 -1.31 -1 55
-1.277 -1 -1.114 -1 -1.19 -1 -1.23 -1 24
-1.21 -1 -1.084 -1 -1.112 -1 -1.18 -1 7
-1.146 -1 -1.06 -1 -1.084 -1 -1.114 -1 6
-1.099 -1 -1.026 -1 -1.196 -1 -1.254 -1 41
-1.225 -1 -1.072 -1 -1.162 -1 -1.186 -1 30
-1.174 -1 -1.06 -1 -1.396 -1 -1.476 -1 99
-1.436 -1 -1.164 -1 -1.416 -1 -1.506 -1 90
-1.461 -1 -1.176 -1 -1.402 -1 -1.48 -1 75
-1.441 -1 -1.18 -1 -1.214 -1 -1.282 -1 15
-1.248 -1 -1.078 -1 -1.36 -1 -1.482 -1 96
-1.421 -1 -1.194 -1 -1.35 -1 -1.39 -1 53
-1.37 -1 -1.136 -1 -1.274 -1 -1.332 -1 51
-1.303 -1 -1.116 -1 -1.356 -1 -1.46 -1 95
-1.408 -1 -1.19 -1 -1.26 -1 -1.296 -1 28
-1.278 -1 -1.096 -1 -1.13 -1 -1.176 -1 13
-1.153 -1 -1.044 -1 -1.108 -1 -1.142 -1 22
-1.125 -1 -1.04 -1 -1.22 -1 -1.288 -1 51
-1.254 -1 -1.104 -1 -1.142 -1 -1.178 -1 11
-1.16 -1 -1.048 -1 -1.238 -1 -1.332 -1 65
-1.285 -1 -1.096 -1 -1.348 -1 -1.436 -1 71
-1.392 -1 -1.136 -1 -1.33 -1 -1.406 -1 74
-1.368 -1 -1.152 -1 -1.278 -1 -1.354 -1 47
-1.316 -1 -1.138 -1 -1.152 -1 -1.192 -1 8
-1.172 -1 -1.062 -1 -1.11 -1 -1.132 -1 16
-1.121 -1 -1.034 -1 -1.22 -1 -1.306 -1 64
-1.263 -1 -1.096 -1 -1.198 -1 -1.264 -1 28
-1.231 -1 -1.072 -1 -1.326 -1 -1.4 -1 77
-1.363 -1 -1.122 -1 -1.328 -1 -1.394 -1 62
-1.361 -1 -1.144 -1 -1.324 -1 -1.402 -1 61
-1.363 -1 -1.18 -1 -1.19 -1 -1.232 -1 5
-1.211 -1 -1.06 -1 -1.064 -1 -1.11 -1 3
-1.087 -1 -1.024 -1 -1.156 -1 -1.226 -1 46
-1.191 -1 -1.074 -1 -1.178 -1 -1.232 -1 36
-1.205 -1 -1.074 -1 -1.198 -1 -1.254 -1 29
-1.226 -1 -1.062 -1 -1.31 -1 -1.416 -1 80
-1.363 -1 -1.148 -1 -1.236 -1 -1.316 -1 40
-1.276 -1 -1.128 -1 -1.236 -1 -1.286 -1 39
-1.261 -1 -1.098 -1 -1.176 -1 -1.234 -1 26
-1.205 -1 -1.082 -1 -1.258 -1 -1.342 -1 60
-1.3 -1 -1.126 -1 -1.152 -1 -1.18 -1 9
-1.166 -1 -1.072 -1 -1.25 -1 -1.302 -1 49
-1.276 -1 -1.12 -1 -1.12 -1 -1.16 -1 0
-1.14 -1 -1.042 -1 -1.334 -1 -1.404 -1 96
-1.369 -1 -1.132 -1 -1.146 -1 -1.182 -1 5
-1.164 -1 -1.046 -1 -1.368 -1 -1.442 -1 99
-1.405 -1 -1.144 -1 -1.308 -1 -1.406 -1 65
-1.357 -1 -1.142 -1 -1.232 -1 -1.326 -1 31
-1.279 -1 -1.116 -1 -1.27 -1 -1.324 -1 61
-1.297 -1 -1.11 -1 -1.308 -1 -1.394 -1 67
-1.351 -1 -1.138 -1 -1.152 -1 -1.222 -1 4
-1.187 -1 -1.062 -1 -1.322 -1 -1.412 -1 80
-1.367 -1 -1.154 -1 -1.36 -1 -1.472 -1 60
-1.416 -1 -1.176 -1 -1.256 -1 -1.306 -1 26
-1.281 -1 -1.102 -1 -1.2 -1 -1.278 -1 31
-1.239 -1 -1.082 -1 -1.336 -1 -1.444 -1 85
-1.39 -1 -1.138 -1 -1.288 -1 -1.386 -1 36
-1.337 -1 -1.146 -1 -1.374 -1 -1.462 -1 80
-1.418 -1 -1.164 -1 -1.288 -1 -1.394 -1 47
-1.341 -1 -1.132 -1 -1.302 -1 -1.358 -1 50
-1.33 -1 -1.132 -1 -1.338 -1 -1.396 -1 66
-1.367 -1 -1.134 -1 -1.282 -1 -1.37 -1 51
-1.326 -1 -1.136 -1 -1.17 -1 -1.23 -1 14
-1.2 -1 -1.074 -1 -1.076 -1 -1.138 -1 1
-1.107 -1 -1.038 -1 -1.038 -1 -1.07 -1 0
-1.054 -1 -1.02 -1 -1.132 -1 -1.172 -1 31
-1.152 -1 -1.042 -1 -1.096 -1 -1.15 -1 18
-1.123 -1 -1.048 -1 -1.194 -1 -1.27 -1 49
-1.232 -1 -1.096 -1 -1.346 -1 -1.438 -1 93
-1.392 -1 -1.14 -1 -1.218 -1 -1.27 -1 25
-1.244 -1 -1.096 -1 -1.394 -1 -1.46 -1 95
-1.427 -1 -1.142 -1 -1.346 -1 -1.408 -1 73
-1.377 -1 -1.184 -1 -1.426 -1 -1.542 -1 83
-1.484 -1 -1.204 -1 -1.462 -1 -1.572 -1 88
-1.517 -1 -1.254 -1 -1.46 -1 -1.526 -1 67
-1.493 -1 -1.216 -1 -1.352 -1 -1.428 -1 47
-1.39 -1 -1.124 -1 -1.356 -1 -1.444 -1 75
-1.4 -1 -1.13 -1 -1.192 -1 -1.294 -1 21
-1.243 -1 -1.114 -1 -1.188 -1 -1.224 -1 31
-1.206 -1 -1.068 -1 -1.334 -1 -1.416 -1 98
-1.375 -1 -1.156 -1 -1.2 -1 -1.256 -1 15
-1.228 -1 -1.06 -1 -1.092 -1 -1.136 -1 9
-1.114 -1 -1.05 -1 -1.194 -1 -1.24 -1 41
-1.217 -1 -1.098 -1 -1.364 -1 -1.462 -1 83
-1.413 -1 -1.156 -1 -1.42 -1 -1.532 -1 91
-1.476 -1 -1.218 -1 -1.316 -1 -1.396 -1 28
-1.356 -1 -1.136 -1 -1.3 -1 -1.424 -1 49
-1.362 -1 -1.138 -1 -1.306 -1 -1.366 -1 63
-1.336 -1 -1.14 -1 -1.176 -1 -1.222 -1 9
-1.199 -1 -1.044 -1 -1.346 -1 -1.452 -1 99
-1.399 -1 -1.144 -1 -1.184 -1 -1.25 -1 15
-1.217 -1 -1.078 -1 -1.278 -1 -1.372 -1 62
-1.325 -1 -1.132 -1 -1.356 -1 -1.438 0 84
