8 1000 0.2 5 12 0 0 0 0
-3.458 -1 -3.058 -1 -3.06 -1 -3.252 -1 9
-3.156 -1 -2.748 -1 -2.862 -1 -3.182 -1 92
-3.022 -1 -2.666 -1 -2.706 -1 -3.104 -1 45
-2.905 -1 -2.576 -1 -2.63 -1 -2.988 -1 52
-2.809 -1 -2.49 -1 -2.586 -1 -2.924 -1 79
-2.755 -1 -2.396 -1 -2.46 -1 -2.918 -1 50
-2.689 -1 -2.36 -1 -2.42 -1 -2.896 -1 56
-2.658 -1 -2.342 -1 -2.396 -1 -2.862 -1 66
-2.629 -1 -2.29 -1 -2.298 -1 -2.77 -1 5
-2.534 -1 -2.236 -1 -2.344 -1 -2.8 -1 86
-2.572 -1 -2.244 -1 -2.296 -1 -2.706 -1 28
-2.501 -1 -2.166 -1 -2.194 -1 -2.726 0 14
