7 1000 0.2 4 16 0 0 0 0
-3.222 -1 -2.802 -1 -2.828 -1 -3.016 -1 56
-2.922 -1 -2.592 -1 -2.63 -1 -2.976 -1 79
-2.803 -1 -2.51 -1 -2.526 -1 -2.818 -1 15
-2.672 -1 -2.386 -1 -2.408 -1 -2.766 -1 28
-2.587 -1 -2.302 -1 -2.372 -1 -2.74 -1 82
-2.556 -1 -2.262 -1 -2.306 -1 -2.72 -1 55
-2.513 -1 -2.224 -1 -2.3 -1 -2.76 -1 58
-2.53 -1 -2.232 -1 -2.27 -1 -2.73 -1 21
-2.5 -1 -2.196 -1 -2.314 -1 -2.72 -1 92
-2.517 -1 -2.192 -1 -2.216 -1 -2.68 -1 18
-2.448 -1 -2.172 -1 -2.174 -1 -2.58 -1 5
-2.377 -1 -2.112 -1 -2.194 -1 -2.6 -1 80
-2.397 -1 -2.058 -1 -2.058 -1 -2.638 -1 3
-2.348 -1 -2.066 -1 -2.1 -1 -2.566 -1 31
-2.333 -1 -2.048 -1 -2.19 -1 -2.6 -1 79
-2.395 -1 -2.056 -1 -2.068 -1 -2.48 0 11
