9 1000 1 2 68 0 0 0 0
-3.694 -1 -3.462 -1 -3.514 -1 -3.566 -2 325
-3.54 -1 -3.338 -1 -3.456 -1 -3.526 -1 329
-3.491 -1 -3.218 -1 -3.404 -1 -3.578 -1 486
-3.491 -1 -3.232 -1 -3.264 -1 -3.404 -1 40
-3.334 -1 -3.112 -1 -3.124 -1 -3.31 -2 17
-3.217 -1 -2.996 -1 -3.208 -1 -3.426 -1 339
-3.317 -1 -3.044 -1 -3.046 -1 -3.364 -1 3
-3.205 -1 -2.926 -1 -3.142 -1 -3.332 -1 309
-3.237 -1 -2.952 -1 -3.008 -1 -3.242 -1 65
-3.125 -1 -2.906 -1 -3.106 -1 -3.336 -1 310
-3.221 -1 -2.986 -1 -3.106 -1 -3.354 -1 213
-3.23 -1 -3.006 -1 -3.206 -1 -3.322 -1 363
-3.264 -1 -2.988 -1 -3.264 -1 -3.414 -1 417
-3.339 -1 -3.128 -1 -3.246 -1 -3.46 -1 285
-3.353 -1 -3.114 -1 -3.178 -1 -3.344 -1 160
-3.261 -1 -3 -1 -3.054 -1 -3.316 -1 49
-3.185 -1 -2.93 -1 -3.012 -1 -3.228 -1 93
-3.12 -1 -2.828 -1 -2.948 -1 -3.312 -1 136
-3.13 -1 -2.884 -1 -2.904 -1 -3.212 -1 37
-3.058 -1 -2.834 -1 -3.214 -1 -3.376 -1 469
-3.295 -1 -3.048 -1 -3.068 -1 -3.288 -1 37
-3.178 -1 -2.974 -1 -3.236 -1 -3.378 -1 371
-3.307 -1 -3.03 -1 -3.264 -1 -3.46 -1 440
-3.362 -1 -3.15 -1 -3.256 -1 -3.388 -1 185
-3.322 -1 -3.104 -1 -3.254 -1 -3.448 -2 279
-3.351 -1 -3.128 -1 -3.164 -1 -3.4 -1 76
-3.282 -1 -3.072 -1 -3.234 -1 -3.38 -2 396
-3.307 -1 -3.078 -1 -3.2 -1 -3.362 -1 210
-3.281 -1 -3.048 -1 -3.064 -1 -3.248 -1 49
-3.156 -1 -2.964 -1 -3.048 -1 -3.274 -1 127
-3.161 -1 -2.922 -1 -2.956 -1 -3.204 -1 44
-3.08 -1 -2.85 -1 -3.002 -1 -3.246 -1 200
-3.124 -1 -2.846 -1 -3.17 -1 -3.278 -1 476
-3.224 -1 -3.036 -1 -3.122 -1 -3.382 -1 126
-3.252 -1 -2.982 -1 -3.1 -1 -3.35 -1 230
-3.225 -1 -2.92 -1 -3.216 -1 -3.436 -1 471
-3.326 -1 -3.074 -1 -3.148 -1 -3.36 -2 99
-3.254 -1 -3.052 -1 -3.224 -1 -3.43 -1 273
-3.327 -1 -3.144 -1 -3.246 -1 -3.45 -1 155
-3.348 -1 -3.124 -1 -3.13 -1 -3.344 -1 8
-3.237 -1 -3.004 -1 -3.076 -1 -3.302 -1 197
-3.189 -1 -2.98 -1 -3.108 -1 -3.366 -1 160
-3.237 -1 -3.016 -1 -3.216 -1 -3.362 -1 203
-3.289 -1 -2.976 -1 -3.18 -1 -3.416 -1 368
-3.298 -1 -3.078 -1 -3.288 -1 -3.4 -1 327
-3.344 -1 -3.058 -1 -3.228 -1 -3.414 -1 376
-3.321 -1 -3.054 -1 -3.142 -1 -3.314 -1 135
-3.228 -1 -3 -1 -3.202 -1 -3.314 -1 330
-3.258 -1 -2.992 -1 -3.036 -1 -3.258 -1 48
-3.147 -1 -2.934 -1 -3.184 -1 -3.314 -1 339
-3.249 -1 -2.992 -1 -3.034 -1 -3.326 -1 44
-3.18 -1 -2.894 -1 -3.214 -1 -3.396 -1 469
-3.305 -1 -3.076 -1 -3.166 -1 -3.4 -1 156
-3.283 -1 -3.054 -1 -3.074 -1 -3.298 -1 46
-3.186 -1 -2.966 -1 -2.998 -1 -3.274 -1 28
-3.136 -1 -2.954 -1 -2.974 -1 -3.282 -1 46
-3.128 -1 -2.932 -1 -3.074 -1 -3.322 -1 199
-3.198 -1 -2.998 -1 -2.998 -1 -3.276 -1 1
-3.137 -1 -2.9 -1 -2.904 -1 -3.222 -1 12
-3.063 -1 -2.814 -1 -2.882 -1 -3.222 -1 57
-3.052 -1 -2.876 -1 -3.182 -1 -3.386 -1 442
-3.284 -1 -3.042 -1 -3.212 -1 -3.376 -1 362
-3.294 -1 -3.016 -1 -3.04 -1 -3.276 -1 36
-3.158 -1 -2.894 -1 -2.966 -1 -3.212 -1 79
-3.089 -1 -2.834 -1 -2.962 -1 -3.276 -1 138
-3.119 -1 -2.846 -1 -2.868 -1 -3.19 -1 36
-3.029 -1 -2.828 -1 -3.19 -1 -3.362 -1 451
-3.276 -1 -3.026 -1 -3.18 -1 -3.394 0 177
