9 1000 0.3 3 31 0 0 0 0
-3.647 -1 -3.328 -1 -3.376 -1 -3.392 -1 136
-3.384 -1 -3.054 -1 -3.088 -1 -3.304 -1 80
-3.196 -1 -2.976 -1 -3.036 -1 -3.24 -1 59
-3.138 -1 -2.85 -1 -2.906 -1 -3.232 -1 90
-3.069 -1 -2.818 -1 -2.96 -1 -3.24 -1 138
-3.1 -1 -2.798 -1 -2.892 -1 -3.25 -1 82
-3.071 -1 -2.85 -1 -2.958 -1 -3.254 -1 120
-3.106 -1 -2.782 -1 -2.898 -1 -3.18 -1 127
-3.039 -1 -2.738 -1 -2.838 -1 -3.164 -1 102
-3.001 -1 -2.73 -1 -2.786 -1 -3.1 -1 70
-2.943 -1 -2.686 -1 -2.794 -1 -3.118 -1 112
-2.956 -1 -2.664 -1 -2.788 -1 -3.126 -1 112
-2.957 -1 -2.652 -1 -2.734 -1 -3.098 -1 75
-2.916 -1 -2.604 -1 -2.742 -1 -3.112 -1 129
-2.927 -1 -2.664 -1 -2.78 -1 -3.148 -1 98
-2.964 -1 -2.706 -1 -2.898 -1 -3.216 -1 130
-3.057 -1 -2.704 -1 -2.83 -1 -3.1 -1 143
-2.965 -1 -2.68 -1 -2.696 -1 -3.048 -1 7
-2.872 -1 -2.564 -1 -2.764 -1 -3.088 -1 149
-2.926 -1 -2.63 -1 -2.662 -1 -3.062 -1 36
-2.862 -1 -2.588 -1 -2.62 -1 -2.96 -1 20
-2.79 -1 -2.538 -1 -2.71 -1 -3.12 -1 149
-2.915 -1 -2.644 -1 -2.698 -1 -3.024 -1 34
-2.861 -1 -2.598 -1 -2.786 -1 -3.13 -1 141
-2.958 -1 -2.656 -1 -2.676 -1 -3.032 -1 14
-2.854 -1 -2.576 -1 -2.682 -1 -3.064 -1 67
-2.873 -1 -2.592 -1 -2.69 -1 -3.046 -1 82
-2.868 -1 -2.576 -1 -2.736 -1 -3.036 -1 141
-2.886 -1 -2.618 -1 -2.62 -1 -2.976 -1 5
-2.798 -1 -2.502 -1 -2.6 -1 -2.99 -1 89
-2.795 -1 -2.518 -1 -2.612 -1 -3.02 0 92
