7 1000 0.1 1 49 0 0 0 0
-3.235 -1 -3.068 -1 -3.08 -1 -3.162 -1 30
-3.121 -1 -3.016 -1 -3.014 -1 -3.11 -1 34
-3.062 -1 -2.89 -1 -2.896 -1 -3.028 -1 13
-2.962 -1 -2.774 -1 -2.776 -1 -2.998 -1 32
-2.887 -1 -2.758 -1 -2.762 -1 -2.948 -1 15
-2.855 -1 -2.696 -1 -2.74 -1 -2.98 -1 44
-2.86 -1 -2.726 -1 -2.72 -1 -2.976 -1 13
-2.848 -1 -2.724 -1 -2.738 -1 -2.9 -1 25
-2.819 -1 -2.636 -1 -2.664 -1 -2.9 -1 44
-2.782 -1 -2.688 -1 -2.72 -1 -2.944 -1 27
-2.832 -1 -2.778 -1 -2.784 -1 -2.952 -1 45
-2.868 -1 -2.718 -1 -2.726 -1 -2.938 -1 19
-2.832 -1 -2.716 -1 -2.714 -1 -2.986 -1 3
-2.85 -1 -2.73 -1 -2.758 -1 -2.952 -1 41
-2.855 -1 -2.736 -1 -2.756 -1 -2.836 -1 41
-2.796 -1 -2.632 -1 -2.644 -1 -2.87 -1 34
-2.757 -1 -2.634 -1 -2.634 -1 -2.912 -1 0
-2.773 -1 -2.668 -1 -2.678 -1 -2.882 -1 31
-2.78 -1 -2.62 -1 -2.63 -1 -2.818 -1 33
-2.724 -1 -2.596 -1 -2.632 -1 -2.904 -1 42
-2.768 -1 -2.624 -1 -2.656 -1 -2.878 -1 36
-2.767 -1 -2.628 -1 -2.63 -1 -2.888 -1 2
-2.759 -1 -2.596 -1 -2.608 -1 -2.82 -1 22
-2.714 -1 -2.578 -1 -2.586 -1 -2.816 -1 40
-2.701 -1 -2.574 -1 -2.624 -1 -2.876 -1 45
-2.75 -1 -2.644 -1 -2.67 -1 -2.89 -1 44
-2.78 -1 -2.624 -1 -2.632 -1 -2.854 -1 27
-2.743 -1 -2.646 -1 -2.676 -1 -2.886 -1 21
-2.781 -1 -2.608 -1 -2.638 -1 -2.898 -1 24
-2.768 -1 -2.672 -1 -2.684 -1 -2.912 -1 20
-2.798 -1 -2.648 -1 -2.642 -1 -2.896 -1 1
-2.769 -1 -2.636 -1 -2.664 -1 -2.814 -1 40
-2.739 -1 -2.602 -1 -2.618 -1 -2.802 -1 17
-2.71 -1 -2.596 -1 -2.622 -1 -2.834 -1 41
-2.728 -1 -2.564 -1 -2.566 -1 -2.818 -1 4
-2.692 -1 -2.59 -1 -2.616 -1 -2.818 -1 24
-2.717 -1 -2.542 -1 -2.57 -1 -2.802 -1 48
-2.686 -1 -2.486 -1 -2.514 -1 -2.712 -1 42
-2.613 -1 -2.514 -1 -2.546 -1 -2.778 -1 41
-2.662 -1 -2.516 -1 -2.516 -1 -2.738 -1 12
-2.627 -1 -2.512 -1 -2.51 -1 -2.862 -1 3
-2.686 -1 -2.56 -1 -2.582 -1 -2.776 -1 45
-2.679 -1 -2.546 -1 -2.548 -1 -2.756 -1 5
-2.652 -1 -2.456 -1 -2.492 -1 -2.736 -1 45
-2.614 -1 -2.442 -1 -2.472 -1 -2.722 -1 23
-2.597 -1 -2.432 -1 -2.482 -1 -2.76 -1 48
-2.621 -1 -2.484 -1 -2.522 -1 -2.758 -1 36
-2.64 -1 -2.506 -1 -2.516 -1 -2.706 -1 23
-2.611 -1 -2.448 -1 -2.454 -1 -2.742 0 11
