10 1000 0.3 8 75 0 0 0 0
-3.86 -1 -3.382 -1 -3.412 -2 -3.676 -2 81
-3.544 -2 -3.114 -2 -3.164 -2 -3.386 -2 31
-3.275 -2 -2.886 -2 -2.996 -1 -3.34 -1 139
-3.168 -1 -2.774 -1 -2.932 -1 -3.284 -1 125
-3.108 -1 -2.67 -1 -2.828 -1 -3.268 -2 106
-3.048 -1 -2.664 -1 -2.81 -1 -3.204 -1 103
-3.007 -1 -2.58 -1 -2.752 -1 -3.192 -1 128
-2.972 -1 -2.554 -1 -2.614 -1 -3.144 -1 35
-2.879 -1 -2.566 -1 -2.748 -1 -3.194 -1 96
-2.971 -1 -2.574 -1 -2.664 -1 -3.106 -1 79
-2.885 -1 -2.502 -1 -2.604 -1 -3.132 -1 80
-2.868 -1 -2.472 -1 -2.532 -1 -3.036 -1 32
-2.784 -1 -2.444 -1 -2.5 -1 -3.072 -1 52
-2.786 -1 -2.436 -1 -2.616 -1 -3.058 -1 134
-2.837 -1 -2.444 -1 -2.682 -1 -3.134 -1 132
-2.908 -1 -2.476 -1 -2.538 -1 -3.006 -1 42
-2.772 -1 -2.402 -1 -2.606 -1 -3.064 -1 113
-2.835 -1 -2.456 -1 -2.62 -1 -3.072 -1 108
-2.846 -1 -2.432 -1 -2.474 -1 -2.964 -1 23
-2.719 -1 -2.34 -1 -2.468 -1 -3.12 -1 87
-2.794 -1 -2.434 -1 -2.53 -1 -2.994 -1 72
-2.762 -1 -2.42 -1 -2.536 -1 -3.032 -1 55
-2.784 -1 -2.414 -1 -2.622 -1 -3.032 -1 147
-2.827 -1 -2.424 -1 -2.442 -1 -2.976 -1 12
-2.709 -1 -2.352 -1 -2.392 -1 -2.998 -1 35
-2.695 -1 -2.356 -1 -2.374 -1 -2.924 -1 9
-2.649 -1 -2.32 -1 -2.51 -1 -2.976 -1 135
-2.743 -1 -2.366 -1 -2.56 -1 -3.038 -1 125
-2.799 -1 -2.404 -1 -2.488 -1 -2.968 -1 51
-2.728 -1 -2.302 -1 -2.354 -1 -2.892 -1 22
-2.623 -1 -2.298 -1 -2.348 -1 -2.874 -1 34
-2.611 -1 -2.28 -1 -2.346 -1 -2.888 -1 35
-2.617 -1 -2.31 -1 -2.368 -1 -2.938 -1 47
-2.653 -1 -2.306 -1 -2.36 -1 -2.788 -1 27
-2.574 -1 -2.234 -1 -2.452 -1 -2.926 -1 137
-2.689 -1 -2.274 -1 -2.404 -1 -2.964 -1 67
-2.684 -1 -2.294 -1 -2.298 -1 -2.866 -1 4
-2.582 -1 -2.254 -1 -2.488 -1 -2.962 -1 139
-2.725 -1 -2.324 -1 -2.458 -1 -2.948 -1 74
-2.703 -1 -2.318 -1 -2.458 -1 -2.916 -1 67
-2.687 -1 -2.282 -1 -2.374 -1 -2.922 -1 41
-2.648 -1 -2.278 -1 -2.294 -1 -2.816 -1 9
-2.555 -1 -2.216 -1 -2.252 -1 -2.844 -1 17
-2.548 -1 -2.222 -1 -2.278 -1 -2.828 -1 28
-2.553 -1 -2.212 -1 -2.23 -1 -2.788 -1 9
-2.509 -1 -2.208 -1 -2.208 -1 -2.722 -1 0
-2.465 -1 -2.154 -1 -2.198 -1 -2.798 -1 30
-2.498 -1 -2.16 -1 -2.37 -1 -2.836 -1 112
-2.603 -1 -2.188 -1 -2.198 -1 -2.712 -1 11
-2.455 -1 -2.112 -1 -2.286 -1 -2.74 -1 84
-2.513 -1 -2.138 -1 -2.202 -1 -2.728 -1 30
-2.465 -1 -2.084 -1 -2.328 -1 -2.748 -1 121
-2.538 -1 -2.134 -1 -2.318 -1 -2.802 -1 96
-2.56 -1 -2.174 -1 -2.234 -1 -2.752 -1 34
-2.493 -1 -2.116 -1 -2.376 -1 -2.77 -1 136
-2.573 -1 -2.148 -1 -2.222 -1 -2.798 -1 53
-2.51 -1 -2.156 -1 -2.404 -1 -2.822 -1 149
-2.613 -1 -2.194 -1 -2.212 -1 -2.742 -1 8
-2.477 -1 -2.108 -1 -2.388 -1 -2.838 -1 122
-2.613 -1 -2.2 -1 -2.272 -1 -2.712 -1 36
-2.492 -1 -2.15 -1 -2.412 -1 -2.836 -1 137
-2.624 -1 -2.192 -1 -2.338 -1 -2.748 -1 77
-2.543 -1 -2.154 -1 -2.256 -1 -2.798 -1 49
-2.527 -1 -2.134 -1 -2.414 -1 -2.85 -1 134
-2.632 -1 -2.202 -1 -2.228 -1 -2.682 -1 13
-2.455 -1 -2.124 -1 -2.234 -1 -2.676 -1 60
-2.455 -1 -2.088 -1 -2.246 -1 -2.718 -1 79
-2.482 -1 -2.084 -1 -2.094 -1 -2.586 -1 3
-2.34 -1 -2.004 -1 -2.13 -1 -2.612 -1 65
-2.371 -1 -2.016 -1 -2.072 -1 -2.528 -1 25
-2.3 -1 -1.93 -1 -2.15 -1 -2.554 -1 106
-2.352 -1 -1.952 -1 -1.974 -1 -2.544 -1 10
-2.259 -1 -1.912 -1 -2.1 -1 -2.522 -1 86
-2.311 -1 -1.91 -1 -1.962 -1 -2.37 -1 19
-2.166 -1 -1.828 -1 -1.96 -1 -2.426 0 50
