6 1000 0.6 7 15 0 0 0 0
-2.965 -1 -2.55 -1 -2.57 -1 -2.824 -1 48
-2.697 -1 -2.322 -1 -2.464 -1 -2.758 -1 214
-2.611 -1 -2.248 -1 -2.368 -1 -2.688 -1 146
-2.528 -1 -2.136 -1 -2.29 -1 -2.678 -1 144
-2.484 -1 -2.132 -1 -2.242 -1 -2.548 -1 151
-2.395 -1 -2.044 -1 -2.268 -1 -2.652 -1 237
-2.46 -1 -2.06 -1 -2.342 -1 -2.7 -1 299
-2.521 -1 -2.104 -1 -2.128 -1 -2.566 -1 27
-2.347 -1 -1.98 -1 -2.242 -1 -2.59 -1 254
-2.416 -1 -2.028 -1 -2.23 -1 -2.552 -1 207
-2.391 -1 -1.994 -1 -2.298 -1 -2.632 -1 293
-2.465 -1 -2.02 -1 -2.336 -1 -2.626 -1 275
-2.481 -1 -2.058 -1 -2.212 -1 -2.548 -1 158
-2.38 -1 -2.008 -1 -2.174 -1 -2.57 -1 172
-2.372 -1 -1.97 -1 -2.07 0 -2.476 0 76
