9 1000 0.4 5 74 0 0 0 0
-3.6 -1 -3.178 -1 -3.252 -1 -3.41 -1 147
-3.331 -1 -2.934 -1 -2.972 -1 -3.338 -1 46
-3.155 -1 -2.79 -1 -2.974 -1 -3.266 -1 172
-3.12 -1 -2.732 -1 -2.868 -1 -3.186 -1 134
-3.027 -1 -2.668 -1 -2.726 -1 -3.102 -1 51
-2.914 -1 -2.572 -1 -2.58 -1 -2.974 -1 9
-2.777 -1 -2.462 -1 -2.65 -1 -3.02 -1 171
-2.835 -1 -2.462 -1 -2.532 -1 -3.002 -1 47
-2.767 -1 -2.44 -1 -2.708 -1 -3.102 -1 188
-2.905 -1 -2.516 -1 -2.754 -1 -3.134 -1 188
-2.944 -1 -2.544 -1 -2.68 -1 -3.076 -1 97
-2.878 -1 -2.516 -1 -2.634 -1 -3.024 -1 94
-2.829 -1 -2.486 -1 -2.578 -1 -3.018 -1 67
-2.798 -1 -2.426 -1 -2.656 -1 -2.948 -1 199
-2.802 -1 -2.424 -1 -2.604 -1 -3.03 -1 128
-2.817 -1 -2.454 -1 -2.59 -1 -3.032 -1 114
-2.811 -1 -2.46 -1 -2.46 -1 -2.89 -1 0
-2.675 -1 -2.358 -1 -2.358 -1 -2.82 -1 4
-2.589 -1 -2.278 -1 -2.584 -1 -2.976 -1 183
-2.78 -1 -2.41 -1 -2.612 -1 -3.02 -1 127
-2.816 -1 -2.442 -1 -2.464 -1 -2.952 -1 18
-2.708 -1 -2.394 -1 -2.52 -1 -2.914 -1 70
-2.717 -1 -2.31 -1 -2.598 -1 -2.986 -1 194
-2.792 -1 -2.416 -1 -2.606 -1 -2.998 -1 137
-2.802 -1 -2.444 -1 -2.662 -1 -3.088 -1 177
-2.875 -1 -2.496 -1 -2.644 -1 -3.006 -1 113
-2.825 -1 -2.482 -1 -2.644 -1 -2.942 -1 112
-2.793 -1 -2.426 -1 -2.632 -1 -3.05 -1 136
-2.841 -1 -2.442 -1 -2.674 -1 -2.984 -1 153
-2.829 -1 -2.48 -1 -2.744 -1 -3.056 -1 189
-2.9 -1 -2.468 -1 -2.638 -1 -2.986 -1 102
-2.812 -1 -2.384 -1 -2.55 -1 -2.95 -1 118
-2.75 -1 -2.376 -1 -2.428 -1 -2.878 -1 36
-2.653 -1 -2.318 -1 -2.572 -1 -2.932 -1 140
-2.752 -1 -2.414 -1 -2.456 -1 -2.834 -1 30
-2.645 -1 -2.32 -1 -2.54 -1 -2.928 -1 187
-2.734 -1 -2.398 -1 -2.47 -1 -2.858 -1 48
-2.664 -1 -2.32 -1 -2.554 -1 -2.956 -1 184
-2.755 -1 -2.394 -1 -2.42 -1 -2.824 -1 28
-2.622 -1 -2.27 -1 -2.398 -1 -2.802 -1 75
-2.6 -1 -2.226 -1 -2.302 -1 -2.778 -1 37
-2.54 -1 -2.182 -1 -2.476 -1 -2.91 -1 197
-2.693 -1 -2.324 -1 -2.336 -1 -2.732 -1 7
-2.534 -1 -2.23 -1 -2.372 -1 -2.768 -1 78
-2.57 -1 -2.204 -1 -2.326 -1 -2.846 -1 87
-2.586 -1 -2.246 -1 -2.398 -1 -2.85 -1 106
-2.624 -1 -2.254 -1 -2.358 -1 -2.816 -1 59
-2.587 -1 -2.252 -1 -2.474 -1 -2.856 -1 126
-2.665 -1 -2.286 -1 -2.486 -1 -2.84 -1 130
-2.663 -1 -2.318 -1 -2.496 -1 -2.9 -1 137
-2.698 -1 -2.344 -1 -2.614 -1 -2.974 -1 180
-2.794 -1 -2.38 -1 -2.57 -1 -2.934 -1 159
-2.752 -1 -2.374 -1 -2.384 -1 -2.762 -1 5
-2.573 -1 -2.242 -1 -2.312 -1 -2.722 -1 35
-2.517 -1 -2.184 -1 -2.338 -1 -2.76 -1 114
-2.549 -1 -2.19 -1 -2.218 -1 -2.702 -1 18
-2.46 -1 -2.136 -1 -2.258 -1 -2.762 -1 54
-2.51 -1 -2.136 -1 -2.43 -1 -2.81 -1 176
-2.62 -1 -2.202 -1 -2.324 -1 -2.796 -1 80
-2.56 -1 -2.204 -1 -2.26 -1 -2.668 -1 56
-2.464 -1 -2.108 -1 -2.138 -1 -2.566 -1 18
-2.352 -1 -2.03 -1 -2.268 -1 -2.698 -1 125
-2.483 -1 -2.08 -1 -2.12 -1 -2.588 -1 21
-2.354 -1 -2.026 -1 -2.246 -1 -2.684 -1 132
-2.465 -1 -2.1 -1 -2.234 -1 -2.68 -1 76
-2.457 -1 -2.112 -1 -2.152 -1 -2.572 -1 25
-2.362 -1 -2.014 -1 -2.028 -1 -2.524 -1 5
-2.276 -1 -1.958 -1 -2.304 -1 -2.66 -1 173
-2.482 -1 -2.114 -1 -2.222 -1 -2.62 -1 63
-2.421 -1 -2.04 -1 -2.392 -1 -2.692 -1 182
-2.542 -1 -2.112 -1 -2.392 -1 -2.678 -1 147
-2.535 -1 -2.116 -1 -2.298 -1 -2.598 -1 107
-2.448 -1 -2.024 -1 -2.226 -1 -2.624 -1 120
-2.425 -1 -2.02 -1 -2.034 -1 -2.39 0 25
