9 1000 0.8 8 29 0 0 0 0
-3.571 -1 -3.13 -1 -3.246 -1 -3.404 -1 215
-3.325 -1 -2.87 -1 -3.12 -1 -3.336 -1 256
-3.228 -1 -2.81 -1 -2.828 -1 -3.188 -1 13
-3.008 -1 -2.588 -1 -2.708 -1 -3.096 -1 72
-2.902 -1 -2.51 -1 -2.564 -1 -2.99 -1 44
-2.777 -1 -2.408 -1 -2.452 -1 -2.994 -1 33
-2.723 -1 -2.394 -1 -2.434 -1 -2.978 -1 36
-2.706 -1 -2.39 -1 -2.43 -1 -2.926 -1 22
-2.678 -1 -2.34 -1 -2.518 -1 -2.976 -1 119
-2.747 -1 -2.33 -1 -2.832 -1 -3.114 -1 380
-2.973 -1 -2.506 -1 -2.626 -1 -3.114 -1 113
-2.87 -1 -2.442 -1 -2.852 -1 -3.138 -1 391
-2.995 -1 -2.532 -1 -2.668 -1 -3.006 -1 86
-2.837 -1 -2.454 -1 -2.854 -1 -3.204 -1 311
-3.029 -1 -2.57 -1 -2.72 -1 -3.07 -1 143
-2.895 -1 -2.464 -1 -2.75 -1 -3.118 -1 219
-2.934 -1 -2.472 -1 -2.748 -1 -3.116 -1 208
-2.932 -1 -2.49 -1 -2.864 -1 -3.272 -1 267
-3.068 -1 -2.6 -1 -2.954 -1 -3.178 -1 300
-3.066 -1 -2.598 -1 -2.774 -1 -3.14 -1 154
-2.957 -1 -2.5 -1 -2.612 -1 -3.094 -1 58
-2.853 -1 -2.46 -1 -2.476 -1 -2.928 -1 12
-2.702 -1 -2.344 -1 -2.642 -1 -3.046 -1 206
-2.844 -1 -2.43 -1 -2.808 -1 -3.14 -1 308
-2.974 -1 -2.518 -1 -2.94 -1 -3.266 -1 393
-3.103 -1 -2.664 -1 -2.928 -1 -3.28 -1 294
-3.104 -1 -2.612 -1 -2.68 -1 -3.042 -1 48
-2.861 -1 -2.458 -1 -2.604 -1 -3.008 -1 102
-2.806 -1 -2.404 -1 -2.588 -1 -3.028 0 146
