10 1000 0.5 6 126 0 0 0 0
-3.779 -1 -3.258 -1 -3.33 -1 -3.484 -1 111
-3.407 -1 -3.036 -1 -3.13 -1 -3.386 -1 79
-3.258 -1 -2.902 -1 -2.91 -1 -3.274 -1 18
-3.092 -1 -2.72 -1 -2.974 -1 -3.3 -1 175
-3.137 -1 -2.702 -1 -2.972 -1 -3.332 -1 216
-3.152 -1 -2.736 -1 -2.9 -1 -3.244 -1 103
-3.072 -1 -2.64 -1 -2.828 -1 -3.214 -1 152
-3.021 -1 -2.656 -1 -2.996 -1 -3.33 -1 236
-3.163 -1 -2.734 -1 -2.904 -1 -3.23 -1 144
-3.067 -1 -2.668 -1 -2.84 -1 -3.202 -1 126
-3.021 -1 -2.588 -1 -2.816 -1 -3.222 -1 157
-3.019 -1 -2.612 -1 -2.71 -1 -3.188 -2 78
-2.949 -1 -2.634 -1 -2.934 -1 -3.298 -1 228
-3.116 -1 -2.694 -1 -2.918 -1 -3.278 -1 224
-3.098 -1 -2.66 -1 -2.94 -1 -3.27 -1 233
-3.105 -1 -2.744 -1 -2.914 -1 -3.294 -1 134
-3.104 -1 -2.682 -1 -2.838 -1 -3.266 -1 105
-3.052 -1 -2.648 -1 -2.868 -1 -3.21 -2 190
-3.039 -1 -2.648 -1 -2.684 -1 -3.112 -1 25
-2.898 -1 -2.546 -1 -2.816 -1 -3.142 -1 199
-2.979 -1 -2.536 -1 -2.9 -1 -3.178 -1 237
-3.039 -1 -2.626 -1 -2.742 -1 -3.236 -1 81
-2.989 -1 -2.592 -1 -2.668 -1 -3.166 -1 58
-2.917 -1 -2.572 -1 -2.74 -1 -3.16 -1 115
-2.95 -1 -2.564 -1 -2.732 -1 -3.096 -1 123
-2.914 -1 -2.508 -1 -2.524 -1 -2.956 -1 8
-2.74 -1 -2.378 -1 -2.682 -1 -3.064 -1 168
-2.873 -1 -2.508 -1 -2.8 -1 -3.162 -1 209
-2.981 -1 -2.534 -1 -2.832 -1 -3.208 -1 237
-3.02 -1 -2.564 -1 -2.734 -1 -3.076 -1 101
-2.905 -1 -2.52 -1 -2.57 -1 -3 -1 25
-2.785 -1 -2.412 -1 -2.788 -1 -3.136 -1 248
-2.962 -1 -2.54 -1 -2.54 -1 -2.968 -1 1
-2.754 -1 -2.434 -1 -2.688 -1 -3.088 -1 195
-2.888 -1 -2.47 -1 -2.578 -1 -2.976 -1 94
-2.777 -1 -2.424 -1 -2.742 -1 -3.104 -1 209
-2.923 -1 -2.504 -1 -2.638 -1 -2.948 -1 103
-2.793 -1 -2.432 -1 -2.614 -1 -3.066 -1 88
-2.84 -1 -2.446 -1 -2.672 -1 -3.03 -1 137
-2.851 -1 -2.438 -1 -2.584 -1 -2.982 -1 92
-2.783 -1 -2.424 -1 -2.54 -1 -3.042 -1 73
-2.791 -1 -2.438 -1 -2.542 -1 -2.996 -1 62
-2.769 -1 -2.43 -1 -2.758 -1 -3.134 -1 238
-2.946 -1 -2.55 -1 -2.666 -1 -2.99 -1 67
-2.828 -1 -2.454 -1 -2.49 -1 -3.03 -1 21
-2.76 -1 -2.416 -1 -2.486 -1 -2.98 -1 48
-2.733 -1 -2.38 -1 -2.646 -1 -3.086 -1 179
-2.866 -1 -2.472 -1 -2.662 -1 -3.068 -1 125
-2.865 -1 -2.48 -1 -2.76 -1 -3.068 -1 175
-2.914 -1 -2.528 -1 -2.66 -1 -2.97 -1 77
-2.815 -1 -2.414 -1 -2.63 -1 -3.008 -1 172
-2.819 -1 -2.444 -1 -2.592 -1 -3.01 -1 105
-2.801 -1 -2.428 -1 -2.542 -1 -2.98 -1 70
-2.761 -1 -2.374 -1 -2.754 -1 -3.086 -1 239
-2.92 -1 -2.474 -1 -2.682 -1 -3.052 -1 115
-2.867 -1 -2.482 -1 -2.526 -1 -2.992 -1 39
-2.759 -1 -2.396 -1 -2.494 -1 -2.944 -1 48
-2.719 -1 -2.36 -1 -2.684 -1 -2.974 -1 228
-2.829 -1 -2.428 -1 -2.782 -1 -3.18 -1 237
-2.981 -1 -2.55 -1 -2.842 -1 -3.136 -1 229
-2.989 -1 -2.562 -1 -2.638 -1 -3.022 -1 46
-2.83 -1 -2.428 -1 -2.676 -1 -3.05 -1 164
-2.863 -1 -2.476 -1 -2.866 -1 -3.122 -1 242
-2.994 -1 -2.584 -1 -2.734 -1 -3.104 -1 111
-2.919 -1 -2.542 -1 -2.782 -1 -3.134 -1 160
-2.958 -1 -2.538 -1 -2.69 -1 -2.98 -1 98
-2.835 -1 -2.406 -1 -2.462 -1 -2.94 -1 31
-2.701 -1 -2.344 -1 -2.6 -1 -3.012 -1 197
-2.806 -1 -2.394 -1 -2.454 -1 -2.914 -1 31
-2.684 -1 -2.358 -1 -2.56 -1 -3.004 -1 120
-2.782 -1 -2.438 -1 -2.642 -1 -3.024 -1 113
-2.833 -1 -2.408 -1 -2.7 -1 -3.108 -1 216
-2.904 -1 -2.524 -1 -2.854 -1 -3.17 -1 234
-3.012 -1 -2.584 -1 -2.728 -1 -3.05 -1 115
-2.889 -1 -2.496 -1 -2.502 -1 -2.94 -1 15
-2.721 -1 -2.384 -1 -2.464 -1 -2.944 -1 63
-2.704 -1 -2.344 -1 -2.394 -1 -2.886 -1 31
-2.64 -1 -2.294 -1 -2.556 -1 -2.91 -1 166
-2.733 -1 -2.332 -1 -2.376 -1 -2.878 -1 33
-2.627 -1 -2.31 -1 -2.466 -1 -2.914 -1 103
-2.69 -1 -2.296 -1 -2.58 -1 -2.96 -1 189
-2.77 -1 -2.37 -1 -2.434 -1 -2.836 -1 46
-2.635 -1 -2.278 -1 -2.376 -1 -2.804 -1 64
-2.59 -1 -2.22 -1 -2.37 -1 -2.904 -1 69
-2.637 -1 -2.222 -1 -2.418 -1 -2.854 -1 146
-2.636 -1 -2.224 -1 -2.444 -1 -2.758 -1 129
-2.601 -1 -2.208 -1 -2.232 -1 -2.656 -1 13
-2.444 -1 -2.128 -1 -2.262 -1 -2.762 -1 69
-2.512 -1 -2.154 -1 -2.39 -1 -2.766 -1 128
-2.578 -1 -2.202 -1 -2.308 -1 -2.77 -1 62
-2.539 -1 -2.172 -1 -2.296 -1 -2.62 -1 60
-2.458 -1 -2.08 -1 -2.51 -1 -2.868 -1 236
-2.689 -1 -2.246 -1 -2.628 -1 -2.882 -1 242
-2.755 -1 -2.29 -1 -2.4 -1 -2.804 -1 52
-2.602 -1 -2.188 -1 -2.384 -1 -2.78 -1 97
-2.582 -1 -2.18 -1 -2.514 -1 -2.852 -1 209
-2.683 -1 -2.244 -1 -2.608 -1 -2.932 -1 199
-2.77 -1 -2.344 -1 -2.348 -1 -2.736 -1 3
-2.542 -1 -2.152 -1 -2.27 -1 -2.746 -1 59
-2.508 -1 -2.12 -1 -2.23 -1 -2.666 -1 72
-2.448 -1 -2.092 -1 -2.364 -1 -2.724 -1 137
-2.544 -1 -2.146 -1 -2.406 -1 -2.736 -1 168
-2.571 -1 -2.102 -1 -2.544 -1 -2.846 -1 246
-2.695 -1 -2.224 -1 -2.394 -1 -2.864 -1 92
-2.629 -1 -2.222 -1 -2.582 -1 -2.898 -1 189
-2.74 -1 -2.284 -1 -2.444 -1 -2.894 -1 96
-2.669 -1 -2.286 -1 -2.604 -1 -2.926 -1 199
-2.765 -1 -2.32 -1 -2.62 -1 -2.926 -1 178
-2.773 -1 -2.342 -1 -2.606 -1 -2.984 -1 174
-2.795 -1 -2.336 -1 -2.448 -1 -2.754 -1 87
-2.601 -1 -2.232 -1 -2.6 -1 -2.962 -1 241
-2.781 -1 -2.318 -1 -2.638 -1 -2.88 -1 193
-2.759 -1 -2.298 -1 -2.574 -1 -2.89 -1 169
-2.732 -1 -2.294 -1 -2.372 -1 -2.756 -1 46
-2.564 -1 -2.144 -1 -2.396 -1 -2.752 -1 129
-2.574 -1 -2.152 -1 -2.412 -1 -2.778 -1 136
-2.595 -1 -2.146 -1 -2.548 -1 -2.852 -1 217
-2.7 -1 -2.26 -1 -2.61 -1 -2.908 -1 244
-2.759 -1 -2.298 -1 -2.532 -1 -2.882 -1 159
-2.707 -1 -2.252 -1 -2.286 -1 -2.666 -1 17
-2.476 -1 -2.118 -1 -2.122 -1 -2.51 -1 2
-2.316 -1 -1.98 -1 -2.462 -1 -2.77 -1 246
-2.616 -1 -2.156 -1 -2.512 -1 -2.818 -1 190
-2.665 -1 -2.208 -1 -2.518 -1 -2.82 -1 184
-2.669 -1 -2.186 -1 -2.414 -1 -2.806 -1 145
-2.61 -1 -2.178 -1 -2.614 -1 -2.902 0 241
