10 1000 0.5 10 828 0 0 0 0
-3.778 -1 -3.232 -1 -3.314 -1 -3.552 -1 108
-3.433 -1 -2.992 -1 -3.04 -1 -3.346 -2 79
-3.193 -1 -2.772 -1 -2.88 -1 -3.268 -1 115
-3.074 -1 -2.668 -1 -2.844 -1 -3.2 -1 118
-3.022 -1 -2.592 -1 -2.712 -1 -3.14 -1 80
-2.926 -1 -2.512 -1 -2.636 -1 -3.154 -1 75
-2.895 -1 -2.492 -1 -2.578 -1 -3.08 -1 57
-2.829 -1 -2.47 -1 -2.598 -1 -3.052 -1 77
-2.825 -1 -2.426 -1 -2.788 -1 -3.26 -1 237
-3.024 -1 -2.572 -1 -2.714 -1 -3.158 -1 106
-2.936 -1 -2.532 -1 -2.688 -1 -3.092 -1 99
-2.89 -1 -2.454 -1 -2.672 -1 -3.07 -1 135
-2.871 -1 -2.452 -1 -2.462 -1 -3.01 -1 15
-2.736 -1 -2.372 -1 -2.648 -1 -3.11 -1 203
-2.879 -1 -2.434 -1 -2.7 -1 -3.09 -1 170
-2.895 -1 -2.464 -1 -2.534 -1 -3.028 -1 51
-2.781 -1 -2.386 -1 -2.538 -1 -2.968 -1 105
-2.753 -1 -2.382 -1 -2.686 -1 -3.17 -1 169
-2.928 -1 -2.488 -1 -2.822 -1 -3.13 -1 249
-2.976 -1 -2.528 -1 -2.57 -1 -3.008 -1 41
-2.789 -1 -2.39 -1 -2.41 -1 -2.936 -1 24
-2.673 -1 -2.316 -1 -2.42 -1 -2.934 -1 65
-2.677 -1 -2.312 -1 -2.644 -1 -3.064 -1 195
-2.854 -1 -2.428 -1 -2.456 -1 -2.996 -1 31
-2.726 -1 -2.352 -1 -2.682 -1 -3.132 -1 227
-2.907 -1 -2.432 -1 -2.768 -1 -3.126 -1 193
-2.947 -1 -2.482 -1 -2.524 -1 -3.06 -1 40
-2.792 -1 -2.38 -1 -2.546 -1 -3.04 -1 104
-2.793 -1 -2.38 -1 -2.446 -1 -2.922 -1 40
-2.684 -1 -2.338 -1 -2.342 -1 -2.84 -1 1
-2.591 -1 -2.254 -1 -2.386 -1 -2.994 -1 65
-2.69 -1 -2.314 -1 -2.372 -1 -2.938 -1 34
-2.655 -1 -2.304 -1 -2.414 -1 -3.024 -1 60
-2.719 -1 -2.33 -1 -2.378 -1 -2.83 -1 36
-2.604 -1 -2.238 -1 -2.614 -1 -3.092 -1 203
-2.853 -1 -2.414 -1 -2.71 -1 -3.034 -1 219
-2.872 -1 -2.398 -1 -2.476 -1 -2.984 -1 40
-2.73 -1 -2.334 -1 -2.388 -1 -2.962 -1 35
-2.675 -1 -2.296 -1 -2.418 -1 -2.86 -1 53
-2.639 -1 -2.244 -1 -2.284 -1 -2.792 -1 23
-2.538 -1 -2.18 -1 -2.322 -1 -2.864 -1 85
-2.593 -1 -2.264 -1 -2.27 -1 -2.718 -1 3
-2.494 -1 -2.176 -1 -2.442 -1 -2.942 -1 164
-2.692 -1 -2.26 -1 -2.356 -1 -2.808 -1 53
-2.582 -1 -2.188 -1 -2.37 -1 -2.876 -1 104
-2.623 -1 -2.228 -1 -2.25 -1 -2.792 -1 18
-2.521 -1 -2.19 -1 -2.376 -1 -2.872 -1 120
-2.624 -1 -2.212 -1 -2.238 -1 -2.81 -1 14
-2.524 -1 -2.196 -1 -2.328 -1 -2.864 -1 70
-2.596 -1 -2.182 -1 -2.472 -1 -2.856 -1 150
-2.664 -1 -2.226 -1 -2.31 -1 -2.698 -1 37
-2.504 -1 -2.144 -1 -2.382 -1 -2.838 -1 136
-2.61 -1 -2.186 -1 -2.314 -1 -2.762 -1 73
-2.538 -1 -2.158 -1 -2.386 -1 -2.896 -1 111
-2.641 -1 -2.254 -1 -2.464 -1 -2.854 -1 154
-2.659 -1 -2.258 -1 -2.62 -1 -2.972 -1 213
-2.796 -1 -2.38 -1 -2.672 -1 -3.066 -1 193
-2.869 -1 -2.432 -1 -2.594 -1 -2.996 -1 105
-2.795 -1 -2.35 -1 -2.62 -1 -3 -1 198
-2.81 -1 -2.404 -1 -2.762 -1 -3.078 -1 235
-2.92 -1 -2.474 -1 -2.708 -1 -3.084 -1 122
-2.896 -1 -2.46 -1 -2.476 -1 -2.87 -1 15
-2.673 -1 -2.328 -1 -2.364 -1 -2.854 -1 22
-2.609 -1 -2.282 -1 -2.622 -1 -3.006 -1 219
-2.814 -1 -2.366 -1 -2.608 -1 -2.962 -1 142
-2.785 -1 -2.334 -1 -2.68 -1 -3.074 -1 192
-2.877 -1 -2.426 -1 -2.604 -1 -2.984 -1 111
-2.794 -1 -2.36 -1 -2.44 -1 -2.93 -1 48
-2.685 -1 -2.326 -1 -2.336 -1 -2.86 -1 9
-2.598 -1 -2.264 -1 -2.3 -1 -2.838 -1 19
-2.569 -1 -2.218 -1 -2.344 -1 -2.766 -1 66
-2.555 -1 -2.192 -1 -2.416 -1 -2.908 -1 109
-2.662 -1 -2.236 -1 -2.344 -1 -2.794 -1 56
-2.569 -1 -2.192 -1 -2.282 -1 -2.75 -1 50
-2.516 -1 -2.156 -1 -2.31 -1 -2.87 -1 83
-2.59 -1 -2.166 -1 -2.178 -1 -2.664 -1 7
-2.421 -1 -2.112 -1 -2.238 -1 -2.758 -1 84
-2.498 -1 -2.152 -1 -2.502 -1 -2.94 -1 187
-2.721 -1 -2.312 -1 -2.584 -1 -2.916 -1 170
-2.75 -1 -2.336 -1 -2.61 -1 -2.956 -1 160
-2.783 -1 -2.364 -1 -2.684 -1 -3.046 -1 170
-2.865 -1 -2.384 -1 -2.708 -1 -3.094 -1 233
-2.901 -1 -2.448 -1 -2.66 -1 -3.022 -1 166
-2.841 -1 -2.388 -1 -2.484 -1 -2.904 -1 57
-2.694 -1 -2.292 -1 -2.494 -1 -2.886 -1 102
-2.69 -1 -2.274 -1 -2.276 -1 -2.776 -1 2
-2.526 -1 -2.206 -1 -2.246 -1 -2.684 -1 17
-2.465 -1 -2.162 -1 -2.274 -1 -2.652 -1 64
-2.463 -1 -2.13 -1 -2.136 -1 -2.664 -1 3
-2.4 -1 -2.102 -1 -2.524 -1 -2.862 -1 226
-2.693 -1 -2.218 -1 -2.456 -1 -2.896 -1 160
-2.676 -1 -2.224 -1 -2.422 -1 -2.856 -1 107
-2.639 -1 -2.228 -1 -2.454 -1 -2.878 -1 116
-2.666 -1 -2.25 -1 -2.626 -1 -2.942 -1 194
-2.784 -1 -2.338 -1 -2.36 -1 -2.874 -1 19
-2.617 -1 -2.252 -1 -2.626 -1 -2.896 -1 242
-2.761 -1 -2.298 -1 -2.356 -1 -2.746 -1 36
-2.551 -1 -2.182 -1 -2.442 -1 -2.826 -1 159
-2.634 -1 -2.222 -1 -2.322 -1 -2.74 -1 62
-2.531 -1 -2.106 -1 -2.43 -1 -2.866 -1 188
-2.648 -1 -2.208 -1 -2.426 -1 -2.84 -1 114
-2.633 -1 -2.182 -1 -2.564 -1 -2.91 -1 232
-2.737 -1 -2.28 -1 -2.56 -1 -2.924 -1 194
-2.742 -1 -2.282 -1 -2.578 -1 -2.946 -1 189
-2.762 -1 -2.31 -1 -2.438 -1 -2.842 -1 88
-2.64 -1 -2.228 -1 -2.49 -1 -2.89 -1 164
-2.69 -1 -2.254 -1 -2.438 -1 -2.812 -1 112
-2.625 -1 -2.212 -1 -2.218 -1 -2.694 -1 9
-2.456 -1 -2.088 -1 -2.172 -1 -2.58 -1 48
-2.376 -1 -2.022 -1 -2.392 -1 -2.758 -1 212
-2.575 -1 -2.128 -1 -2.29 -1 -2.666 -1 94
-2.478 -1 -2.088 -1 -2.206 -1 -2.682 -1 51
-2.444 -1 -2.06 -1 -2.236 -1 -2.674 -1 79
-2.455 -1 -2.054 -1 -2.484 -1 -2.81 -1 214
-2.647 -1 -2.156 -1 -2.174 -1 -2.612 -1 11
-2.393 -1 -2 -1 -2.522 -1 -2.828 -1 246
-2.675 -1 -2.154 -1 -2.198 -1 -2.568 -1 16
-2.383 -1 -1.99 -1 -2.292 -1 -2.67 -1 117
-2.481 -1 -2.03 -1 -2.346 -1 -2.736 -1 149
-2.541 -1 -2.1 -1 -2.424 -1 -2.8 -1 175
-2.612 -1 -2.158 -1 -2.492 -1 -2.77 -1 184
-2.631 -1 -2.166 -1 -2.512 -1 -2.862 -1 215
-2.687 -1 -2.222 -1 -2.256 -1 -2.66 -1 31
-2.458 -1 -2.082 -1 -2.498 -1 -2.85 -1 245
-2.674 -1 -2.196 -1 -2.432 -1 -2.766 -1 109
-2.599 -1 -2.106 -1 -2.252 -1 -2.656 -1 69
-2.454 -1 -2.01 -1 -2.35 -1 -2.638 -1 169
-2.494 -1 -2.058 -1 -2.228 -1 -2.57 -1 93
-2.399 -1 -1.966 -1 -2.398 -1 -2.692 -1 195
-2.545 -1 -2.014 -1 -2.458 -1 -2.798 -1 218
-2.628 -1 -2.108 -1 -2.272 -1 -2.626 -1 69
-2.449 -1 -1.964 -1 -2.34 -1 -2.68 -1 200
-2.51 -1 -2.08 -1 -2.19 -1 -2.542 -1 65
-2.366 -1 -1.914 -1 -1.966 -1 -2.402 -1 23
-2.184 -1 -1.814 -1 -2.05 -1 -2.368 -1 98
-2.209 -1 -1.826 -1 -2.022 -1 -2.368 -1 90
-2.195 -1 -1.816 -1 -1.968 -1 -2.374 -1 60
-2.171 -1 -1.756 -1 -2.196 -1 -2.444 -1 202
-2.32 -1 -1.854 -1 -2.004 -1 -2.334 -1 64
-2.169 -1 -1.704 -1 -1.89 -1 -2.198 -1 67
-2.044 -1 -1.63 -1 -2.108 -1 -2.416 -1 201
-2.262 -1 -1.788 -1 -1.846 -1 -2.138 -1 23
-1.992 -1 -1.638 -1 -2.164 -1 -2.336 -1 197
-2.25 -1 -1.792 -1 -2.122 -1 -2.41 -1 146
-2.266 -1 -1.77 -1 -2.014 -1 -2.258 -1 91
-2.136 -1 -1.644 -1 -1.794 -1 -2.042 -1 72
-1.918 -1 -1.508 -1 -1.632 -1 -1.972 -1 46
-1.802 -1 -1.434 -1 -1.668 -1 -1.902 -1 86
-1.785 -1 -1.398 -1 -1.566 -1 -1.788 -1 62
-1.677 -1 -1.324 -1 -1.444 -1 -1.674 -1 40
-1.559 -1 -1.234 -1 -1.362 -1 -1.574 -1 42
-1.468 -1 -1.198 -1 -1.322 -1 -1.586 -1 45
-1.454 -1 -1.186 -1 -1.766 -1 -2.004 -1 223
-1.885 -1 -1.434 -1 -2.054 -1 -2.226 -1 213
-2.14 -1 -1.562 -1 -1.924 -1 -2.13 -1 128
-2.027 -1 -1.526 -1 -1.914 -1 -2.142 -1 144
-2.028 -1 -1.506 -1 -2.13 -1 -2.288 -1 241
-2.209 -1 -1.724 -1 -2.04 -1 -2.292 -1 143
-2.166 -1 -1.656 -1 -2.09 -1 -2.342 -1 179
-2.216 -1 -1.646 -1 -1.976 -1 -2.22 -1 131
-2.098 -1 -1.636 -1 -2.096 -1 -2.336 -1 198
-2.216 -1 -1.66 -1 -2.088 -1 -2.378 -1 179
-2.233 -1 -1.708 -1 -1.812 -1 -2.086 -1 38
-1.949 -1 -1.52 -1 -1.662 -1 -1.932 -1 51
-1.797 -1 -1.41 -1 -1.968 -1 -2.232 -1 211
-2.1 -1 -1.572 -1 -1.896 -1 -2.106 -1 130
-2.001 -1 -1.55 -1 -2.028 -1 -2.23 -1 171
-2.129 -1 -1.622 -1 -2.076 -1 -2.364 -1 190
-2.22 -1 -1.704 -1 -2.034 -1 -2.27 -1 142
-2.152 -1 -1.666 -1 -1.874 -1 -2.104 -1 71
-1.989 -1 -1.564 -1 -1.826 -1 -2.04 -1 100
-1.933 -1 -1.452 -1 -1.574 -1 -1.774 -1 37
-1.674 -1 -1.314 -1 -1.868 -1 -2.106 -1 201
-1.987 -1 -1.522 -1 -1.978 -1 -2.226 -1 186
-2.102 -1 -1.588 -1 -2.052 -1 -2.294 -1 194
-2.173 -1 -1.642 -1 -1.66 -1 -1.868 -1 10
-1.764 -1 -1.406 -1 -1.688 -1 -1.89 -1 118
-1.789 -1 -1.364 -1 -1.708 -1 -1.958 -1 121
-1.833 -1 -1.388 -1 -1.408 -1 -1.624 -1 3
-1.516 -1 -1.242 -1 -1.648 -1 -1.882 -1 135
-1.765 -1 -1.36 -1 -1.658 -1 -1.846 -1 100
-1.752 -1 -1.332 -1 -1.9 -1 -2.094 -1 208
-1.997 -1 -1.536 -1 -1.922 -1 -2.132 -1 167
-2.027 -1 -1.542 -1 -1.56 -1 -1.786 -1 5
-1.673 -1 -1.312 -1 -1.412 -1 -1.54 -1 31
-1.476 -1 -1.176 -1 -1.684 -1 -1.888 -1 173
-1.786 -1 -1.346 -1 -1.792 -1 -2.078 -1 152
-1.935 -1 -1.468 -1 -1.624 -1 -1.784 -1 60
-1.704 -1 -1.33 -1 -1.624 -1 -1.834 -1 95
-1.729 -1 -1.328 -1 -1.754 -1 -1.942 -1 145
-1.848 -1 -1.396 -1 -1.614 -1 -1.77 -1 72
-1.692 -1 -1.286 -1 -1.468 -1 -1.594 -1 48
-1.531 -1 -1.174 -1 -1.3 -1 -1.416 -1 34
-1.358 -1 -1.108 -1 -1.34 -1 -1.462 -1 81
-1.401 -1 -1.128 -1 -1.128 -1 -1.222 -1 0
-1.175 -1 -1.044 -1 -1.588 -1 -1.69 -1 166
-1.639 -1 -1.286 -1 -1.466 -1 -1.582 -1 61
-1.524 -1 -1.19 -1 -1.81 -1 -1.942 -1 197
-1.876 -1 -1.38 -1 -1.962 -1 -2.202 -1 231
-2.082 -1 -1.562 -1 -1.698 -1 -1.854 -1 40
-1.776 -1 -1.358 -1 -1.796 -1 -1.972 -1 163
-1.884 -1 -1.468 -1 -1.76 -1 -1.964 -1 98
-1.862 -1 -1.39 -1 -1.624 -1 -1.804 -1 77
-1.714 -1 -1.334 -1 -1.386 -1 -1.508 -1 16
-1.447 -1 -1.16 -1 -1.704 -1 -1.906 -1 183
-1.805 -1 -1.344 -1 -1.74 -1 -1.924 -1 157
-1.832 -1 -1.39 -1 -1.43 -1 -1.574 -1 13
-1.502 -1 -1.212 -1 -1.416 -1 -1.554 -1 80
-1.485 -1 -1.216 -1 -1.606 -1 -1.828 -1 152
-1.717 -1 -1.342 -1 -1.77 -1 -1.924 -1 147
-1.847 -1 -1.382 -1 -1.664 -1 -1.874 -1 81
-1.769 -1 -1.366 -1 -1.464 -1 -1.6 -1 29
-1.532 -1 -1.226 -1 -1.366 -1 -1.524 -1 47
-1.445 -1 -1.154 -1 -1.66 -1 -1.81 -1 163
-1.735 -1 -1.328 -1 -1.388 -1 -1.528 -1 18
-1.458 -1 -1.164 -1 -1.222 -1 -1.298 -1 21
-1.26 -1 -1.074 -1 -1.376 -1 -1.5 -1 92
-1.438 -1 -1.188 -1 -1.37 -1 -1.484 -1 63
-1.427 -1 -1.136 -1 -1.72 -1 -1.906 -1 193
-1.813 -1 -1.362 -1 -1.886 -1 -2.142 -1 201
-2.014 -1 -1.506 -1 -1.908 -1 -2.09 -1 151
-1.999 -1 -1.51 -1 -1.79 -1 -1.972 -1 120
-1.881 -1 -1.44 -1 -2.078 -1 -2.292 -1 249
-2.185 -1 -1.674 -1 -2.202 -1 -2.428 -1 246
-2.315 -1 -1.774 -1 -2.27 -1 -2.53 -1 242
-2.4 -1 -1.826 -1 -2.278 -1 -2.49 -1 219
-2.384 -1 -1.85 -1 -2.156 -1 -2.358 -1 146
-2.257 -1 -1.736 -1 -2.182 -1 -2.49 -1 205
-2.336 -1 -1.8 -1 -2.048 -1 -2.298 -1 113
-2.173 -1 -1.644 -1 -2.026 -1 -2.268 -1 177
-2.147 -1 -1.654 -1 -2.116 -1 -2.334 -1 190
-2.225 -1 -1.714 -1 -1.868 -1 -2.114 -1 63
-1.991 -1 -1.56 -1 -1.902 -1 -2.132 -1 148
-2.017 -1 -1.582 -1 -2.03 -1 -2.264 -1 183
-2.147 -1 -1.656 -1 -1.996 -1 -2.212 -1 155
-2.104 -1 -1.602 -1 -1.63 -1 -1.882 -1 8
-1.756 -1 -1.398 -1 -1.84 -1 -2.088 -1 173
-1.964 -1 -1.488 -1 -1.9 -1 -2.114 -1 158
-2.007 -1 -1.496 -1 -1.862 -1 -2.108 -1 131
-1.985 -1 -1.54 -1 -1.858 -1 -2.042 -1 128
-1.95 -1 -1.48 -1 -2.048 -1 -2.242 -1 220
-2.145 -1 -1.596 -1 -1.714 -1 -1.944 -1 41
-1.829 -1 -1.384 -1 -1.634 -1 -1.832 -1 88
-1.733 -1 -1.318 -1 -1.796 -1 -2.026 -1 171
-1.911 -1 -1.448 -1 -1.478 -1 -1.596 -1 11
-1.537 -1 -1.224 -1 -1.524 -1 -1.694 -1 95
-1.609 -1 -1.256 -1 -1.558 -1 -1.75 -1 97
-1.654 -1 -1.26 -1 -1.646 -1 -1.83 -1 127
-1.738 -1 -1.326 -1 -1.822 -1 -1.996 -1 182
-1.909 -1 -1.48 -1 -1.71 -1 -1.876 -1 86
-1.793 -1 -1.348 -1 -1.376 -1 -1.534 -1 13
-1.455 -1 -1.18 -1 -1.252 -1 -1.4 -1 21
-1.326 -1 -1.112 -1 -1.406 -1 -1.57 -1 85
-1.488 -1 -1.174 -1 -1.394 -1 -1.54 -1 69
-1.467 -1 -1.194 -1 -1.58 -1 -1.74 -1 117
-1.66 -1 -1.264 -1 -1.692 -1 -1.912 -1 157
-1.802 -1 -1.382 -1 -1.9 -1 -2.108 -1 184
-2.004 -1 -1.474 -1 -2.036 -1 -2.254 -1 206
-2.145 -1 -1.568 -1 -1.76 -1 -1.956 -1 65
-1.858 -1 -1.428 -1 -1.502 -1 -1.666 -1 27
-1.584 -1 -1.254 -1 -1.554 -1 -1.768 -1 93
-1.661 -1 -1.316 -1 -1.636 -1 -1.802 -1 108
-1.719 -1 -1.29 -1 -1.746 -1 -1.902 -1 169
-1.824 -1 -1.362 -1 -1.934 -1 -2.158 -1 202
-2.046 -1 -1.536 -1 -1.98 -1 -2.134 -1 156
-2.057 -1 -1.544 -1 -1.662 -1 -1.87 -1 49
-1.766 -1 -1.374 -1 -1.532 -1 -1.692 -1 51
-1.612 -1 -1.288 -1 -1.744 -1 -2.002 -1 164
-1.873 -1 -1.408 -1 -2.012 -1 -2.238 -1 222
-2.125 -1 -1.618 -1 -1.926 -1 -2.112 -1 120
-2.019 -1 -1.562 -1 -1.572 -1 -1.758 -1 2
-1.665 -1 -1.312 -1 -1.786 -1 -1.992 -1 172
-1.889 -1 -1.42 -1 -1.964 -1 -2.18 -1 220
-2.072 -1 -1.584 -1 -1.802 -1 -2.042 -1 82
-1.922 -1 -1.472 -1 -1.888 -1 -2.07 -1 152
-1.979 -1 -1.538 -1 -1.608 -1 -1.824 -1 21
-1.716 -1 -1.342 -1 -1.804 -1 -1.992 -1 159
-1.898 -1 -1.444 -1 -1.484 -1 -1.672 -1 12
-1.578 -1 -1.238 -1 -1.478 -1 -1.602 -1 73
-1.54 -1 -1.194 -1 -1.24 -1 -1.368 -1 16
-1.304 -1 -1.102 -1 -1.802 -1 -2 -1 218
-1.901 -1 -1.43 -1 -1.848 -1 -2.026 -1 136
-1.937 -1 -1.424 -1 -1.55 -1 -1.732 -1 52
-1.641 -1 -1.268 -1 -1.782 -1 -1.98 -1 185
-1.881 -1 -1.406 -1 -1.704 -1 -1.9 -1 114
-1.802 -1 -1.372 -1 -1.738 -1 -1.942 -1 128
-1.84 -1 -1.392 -1 -1.738 -1 -1.956 -1 135
-1.847 -1 -1.406 -1 -1.706 -1 -1.928 -1 104
-1.817 -1 -1.394 -1 -1.864 -1 -2.086 -1 170
-1.975 -1 -1.5 -1 -1.944 -1 -2.168 -1 172
-2.056 -1 -1.514 -1 -1.844 -1 -2.078 -1 123
-1.961 -1 -1.508 -1 -1.812 -1 -2.02 -1 124
-1.916 -1 -1.456 -1 -1.49 -1 -1.636 -1 18
-1.563 -1 -1.238 -1 -1.5 -1 -1.642 -1 83
-1.571 -1 -1.242 -1 -1.362 -1 -1.486 -1 38
-1.424 -1 -1.13 -1 -1.45 -1 -1.6 -1 96
-1.525 -1 -1.176 -1 -1.196 -1 -1.348 -1 5
-1.272 -1 -1.072 -1 -1.188 -1 -1.302 -1 29
-1.245 -1 -1.088 -1 -1.256 -1 -1.364 -1 57
-1.31 -1 -1.106 -1 -1.434 -1 -1.574 -1 99
-1.504 -1 -1.196 -1 -1.536 -1 -1.71 -1 114
-1.623 -1 -1.226 -1 -1.498 -1 -1.656 -1 76
-1.577 -1 -1.244 -1 -1.872 -1 -2.088 -1 224
-1.98 -1 -1.47 -1 -1.668 -1 -1.796 -1 78
-1.732 -1 -1.328 -1 -1.866 -1 -2.108 -1 226
-1.987 -1 -1.47 -1 -2.07 -1 -2.278 -1 231
-2.174 -1 -1.634 -1 -1.694 -1 -1.854 -1 14
-1.774 -1 -1.352 -1 -1.498 -1 -1.636 -1 56
-1.567 -1 -1.248 -1 -1.314 -1 -1.428 -1 21
-1.371 -1 -1.142 -1 -1.58 -1 -1.758 -1 155
-1.669 -1 -1.278 -1 -1.468 -1 -1.632 -1 56
-1.55 -1 -1.222 -1 -1.39 -1 -1.52 -1 51
-1.455 -1 -1.166 -1 -1.692 -1 -1.86 -1 174
-1.776 -1 -1.314 -1 -1.768 -1 -1.932 -1 187
-1.85 -1 -1.416 -1 -1.57 -1 -1.768 -1 58
-1.669 -1 -1.278 -1 -1.732 -1 -1.892 -1 154
-1.812 -1 -1.328 -1 -1.754 -1 -1.934 -1 142
-1.844 -1 -1.386 -1 -1.982 -1 -2.17 -1 215
-2.076 -1 -1.624 -1 -2.04 -1 -2.228 -1 173
-2.134 -1 -1.61 -1 -1.914 -1 -2.05 -1 116
-1.982 -1 -1.47 -1 -1.996 -1 -2.19 -1 198
-2.093 -1 -1.55 -1 -1.612 -1 -1.764 -1 18
-1.688 -1 -1.322 -1 -1.518 -1 -1.718 -1 75
-1.618 -1 -1.268 -1 -1.816 -1 -1.996 -1 203
-1.906 -1 -1.432 -1 -1.996 -1 -2.246 -1 218
-2.121 -1 -1.608 -1 -1.66 -1 -1.904 -1 31
-1.782 -1 -1.38 -1 -1.874 -1 -2.094 -1 186
-1.984 -1 -1.524 -1 -1.858 -1 -2.054 -1 133
-1.956 -1 -1.494 -1 -1.976 -1 -2.18 -1 188
-2.078 -1 -1.55 -1 -1.716 -1 -1.91 -1 63
-1.813 -1 -1.406 -1 -1.976 -1 -2.212 -1 215
-2.094 -1 -1.574 -1 -2.158 -1 -2.37 -1 214
-2.264 -1 -1.704 -1 -1.792 -1 -1.994 -1 39
-1.893 -1 -1.456 -1 -1.776 -1 -1.958 -1 120
-1.867 -1 -1.442 -1 -1.866 -1 -2.07 -1 166
-1.968 -1 -1.482 -1 -2.032 -1 -2.216 -1 222
-2.124 -1 -1.588 -1 -1.71 -1 -1.944 -1 49
-1.827 -1 -1.394 -1 -1.49 -1 -1.66 -1 34
-1.575 -1 -1.242 -1 -1.654 -1 -1.84 -1 142
-1.747 -1 -1.342 -1 -1.922 -1 -2.138 -1 229
-2.03 -1 -1.512 -1 -1.656 -1 -1.846 -1 60
-1.751 -1 -1.31 -1 -1.6 -1 -1.764 -1 101
-1.682 -1 -1.286 -1 -1.882 -1 -2.14 -1 238
-2.011 -1 -1.516 -1 -1.972 -1 -2.158 -1 176
-2.065 -1 -1.494 -1 -1.882 -1 -2.1 -1 133
-1.991 -1 -1.52 -1 -1.52 -1 -1.674 -1 1
-1.597 -1 -1.258 -1 -1.882 -1 -2.08 -1 221
-1.981 -1 -1.488 -1 -1.888 -1 -2.096 -1 176
-1.992 -1 -1.538 -1 -1.66 -1 -1.844 -1 42
-1.752 -1 -1.354 -1 -1.542 -1 -1.688 -1 56
-1.615 -1 -1.252 -1 -1.336 -1 -1.464 -1 20
-1.4 -1 -1.142 -1 -1.336 -1 -1.466 -1 66
-1.401 -1 -1.16 -1 -1.64 -1 -1.828 -1 150
-1.734 -1 -1.284 -1 -1.524 -1 -1.674 -1 88
-1.599 -1 -1.252 -1 -1.844 -1 -2.008 -1 193
-1.926 -1 -1.448 -1 -1.82 -1 -2.016 -1 128
-1.918 -1 -1.488 -1 -1.952 -1 -2.122 -1 216
-2.037 -1 -1.548 -1 -2.128 -1 -2.378 -1 223
-2.253 -1 -1.696 -1 -1.952 -1 -2.224 -1 122
-2.088 -1 -1.574 -1 -1.704 -1 -1.934 -1 50
-1.819 -1 -1.46 -1 -1.674 -1 -1.832 -1 72
-1.753 -1 -1.384 -1 -1.614 -1 -1.758 -1 82
-1.686 -1 -1.292 -1 -1.678 -1 -1.9 -1 138
-1.789 -1 -1.372 -1 -1.65 -1 -1.814 -1 125
-1.732 -1 -1.33 -1 -1.822 -1 -2.004 -1 188
-1.913 -1 -1.432 -1 -2.02 -1 -2.226 -1 207
-2.123 -1 -1.59 -1 -1.706 -1 -1.922 -1 42
-1.814 -1 -1.404 -1 -1.72 -1 -1.888 -1 106
-1.804 -1 -1.332 -1 -1.552 -1 -1.72 -1 79
-1.636 -1 -1.29 -1 -1.49 -1 -1.67 -1 83
-1.58 -1 -1.268 -1 -1.37 -1 -1.46 -1 32
-1.415 -1 -1.138 -1 -1.63 -1 -1.75 -1 173
-1.69 -1 -1.304 -1 -1.452 -1 -1.628 -1 43
-1.54 -1 -1.21 -1 -1.54 -1 -1.706 -1 108
-1.623 -1 -1.262 -1 -1.704 -1 -1.87 -1 156
-1.787 -1 -1.3 -1 -1.476 -1 -1.624 -1 51
-1.55 -1 -1.22 -1 -1.41 -1 -1.576 -1 73
-1.493 -1 -1.182 -1 -1.564 -1 -1.768 -1 127
-1.666 -1 -1.268 -1 -1.418 -1 -1.576 -1 46
-1.497 -1 -1.194 -1 -1.582 -1 -1.752 -1 127
-1.667 -1 -1.27 -1 -1.502 -1 -1.632 -1 71
-1.567 -1 -1.23 -1 -1.288 -1 -1.376 -1 26
-1.332 -1 -1.11 -1 -1.65 -1 -1.804 -1 175
-1.727 -1 -1.32 -1 -1.56 -1 -1.722 -1 90
-1.641 -1 -1.278 -1 -1.92 -1 -2.084 -1 244
-2.002 -1 -1.492 -1 -1.782 -1 -1.956 -1 115
-1.869 -1 -1.444 -1 -1.61 -1 -1.752 -1 49
-1.681 -1 -1.318 -1 -1.59 -1 -1.758 -1 90
-1.674 -1 -1.296 -1 -1.796 -1 -1.996 -1 197
-1.896 -1 -1.416 -1 -1.536 -1 -1.768 -1 54
-1.652 -1 -1.312 -1 -1.416 -1 -1.55 -1 35
-1.483 -1 -1.182 -1 -1.79 -1 -1.964 -1 209
-1.877 -1 -1.424 -1 -2.006 -1 -2.182 -1 207
-2.094 -1 -1.518 -1 -1.762 -1 -1.918 -1 93
-1.84 -1 -1.432 -1 -1.568 -1 -1.744 -1 57
-1.656 -1 -1.274 -1 -1.738 -1 -1.91 -1 139
-1.824 -1 -1.402 -1 -1.506 -1 -1.616 -1 32
-1.561 -1 -1.218 -1 -1.432 -1 -1.53 -1 67
-1.481 -1 -1.168 -1 -1.192 -1 -1.296 -1 5
-1.244 -1 -1.048 -1 -1.628 -1 -1.76 -1 188
-1.694 -1 -1.272 -1 -1.474 -1 -1.644 -1 74
-1.559 -1 -1.184 -1 -1.824 -1 -2.004 -1 226
-1.914 -1 -1.46 -1 -1.95 -1 -2.126 -1 185
-2.038 -1 -1.57 -1 -1.85 -1 -2.046 -1 107
-1.948 -1 -1.476 -1 -1.942 -1 -2.12 -1 164
-2.031 -1 -1.512 -1 -1.9 -1 -2.074 -1 144
-1.987 -1 -1.508 -1 -1.828 -1 -2.036 -1 136
-1.932 -1 -1.468 -1 -1.676 -1 -1.854 -1 71
-1.765 -1 -1.354 -1 -1.548 -1 -1.748 -1 82
-1.648 -1 -1.298 -1 -1.462 -1 -1.572 -1 56
-1.517 -1 -1.224 -1 -1.35 -1 -1.504 -1 39
-1.427 -1 -1.174 -1 -1.28 -1 -1.406 -1 34
-1.343 -1 -1.134 -1 -1.578 -1 -1.738 -1 148
-1.658 -1 -1.26 -1 -1.824 -1 -2.034 -1 204
-1.929 -1 -1.442 -1 -1.512 -1 -1.646 -1 26
-1.579 -1 -1.236 -1 -1.916 -1 -2.124 -1 243
-2.02 -1 -1.468 -1 -1.558 -1 -1.68 -1 36
-1.619 -1 -1.236 -1 -1.392 -1 -1.562 -1 56
-1.477 -1 -1.18 -1 -1.258 -1 -1.392 -1 28
-1.325 -1 -1.126 -1 -1.27 -1 -1.386 -1 45
-1.328 -1 -1.1 -1 -1.406 -1 -1.498 -1 89
-1.452 -1 -1.136 -1 -1.372 -1 -1.506 -1 74
-1.439 -1 -1.164 -1 -1.542 -1 -1.678 -1 122
-1.61 -1 -1.254 -1 -1.824 -1 -2.034 -1 224
-1.929 -1 -1.474 -1 -1.758 -1 -1.928 -1 98
-1.843 -1 -1.394 -1 -1.498 -1 -1.67 -1 37
-1.584 -1 -1.22 -1 -1.914 -1 -2.07 -1 244
-1.992 -1 -1.47 -1 -1.946 -1 -2.124 -1 184
-2.035 -1 -1.568 -1 -1.916 -1 -2.074 -1 136
-1.995 -1 -1.536 -1 -2.062 -1 -2.236 -1 212
-2.149 -1 -1.608 -1 -2.086 -1 -2.264 -1 189
-2.175 -1 -1.672 -1 -1.872 -1 -2.082 -1 70
-1.977 -1 -1.522 -1 -1.98 -1 -2.224 -1 171
-2.102 -1 -1.564 -1 -1.672 -1 -1.864 -1 42
-1.768 -1 -1.424 -1 -1.802 -1 -2.036 -1 151
-1.919 -1 -1.5 -1 -1.936 -1 -2.104 -1 176
-2.02 -1 -1.548 -1 -1.974 -1 -2.186 -1 159
-2.08 -1 -1.558 -1 -1.97 -1 -2.176 -1 149
-2.073 -1 -1.54 -1 -2.03 -1 -2.262 -1 192
-2.146 -1 -1.572 -1 -1.722 -1 -1.922 -1 61
-1.822 -1 -1.392 -1 -1.962 -1 -2.184 -1 214
-2.073 -1 -1.556 -1 -1.598 -1 -1.762 -1 17
-1.68 -1 -1.348 -1 -1.988 -1 -2.174 -1 245
-2.081 -1 -1.572 -1 -1.994 -1 -2.222 -1 169
-2.108 -1 -1.602 -1 -2.104 -1 -2.262 -1 208
-2.183 -1 -1.674 -1 -2.046 -1 -2.272 -1 176
-2.159 -1 -1.696 -1 -2.23 -1 -2.466 -1 244
-2.348 -1 -1.826 -1 -2.298 -1 -2.496 -1 242
-2.397 -1 -1.874 -1 -2.126 -1 -2.4 -1 107
-2.263 -1 -1.8 -1 -1.99 -1 -2.248 -1 94
-2.119 -1 -1.632 -1 -2.12 -1 -2.37 -1 186
-2.245 -1 -1.724 -1 -2.2 -1 -2.466 -1 193
-2.333 -1 -1.788 -1 -2.226 -1 -2.438 -1 205
-2.332 -1 -1.814 -1 -1.916 -1 -2.2 -1 38
-2.058 -1 -1.612 -1 -1.722 -1 -1.986 -1 39
-1.854 -1 -1.456 -1 -1.456 -1 -1.692 -1 0
-1.574 -1 -1.278 -1 -1.88 -1 -2.134 -1 219
-2.007 -1 -1.524 -1 -1.826 -1 -2.09 -1 133
-1.958 -1 -1.46 -1 -2.02 -1 -2.208 -1 195
-2.114 -1 -1.59 -1 -1.828 -1 -2.028 -1 111
-1.928 -1 -1.478 -1 -1.72 -1 -1.922 -1 93
-1.821 -1 -1.384 -1 -1.818 -1 -1.944 -1 144
-1.881 -1 -1.424 -1 -1.862 -1 -2.076 -1 160
-1.969 -1 -1.482 -1 -2.034 -1 -2.188 -1 235
-2.111 -1 -1.59 -1 -1.758 -1 -1.938 -1 68
-1.848 -1 -1.426 -1 -1.844 -1 -2.016 -1 173
-1.93 -1 -1.418 -1 -1.802 -1 -2.024 -1 143
-1.913 -1 -1.436 -1 -1.826 -1 -2.068 -1 162
-1.947 -1 -1.468 -1 -2.028 -1 -2.296 -1 214
-2.162 -1 -1.588 -1 -1.882 -1 -2.084 -1 113
-1.983 -1 -1.52 -1 -2.092 -1 -2.352 -1 245
-2.222 -1 -1.674 -1 -1.984 -1 -2.246 -1 135
-2.115 -1 -1.628 -1 -1.73 -1 -1.978 -1 42
-1.854 -1 -1.474 -1 -1.946 -1 -2.126 -1 171
-2.036 -1 -1.574 -1 -1.584 -1 -1.736 -1 3
-1.66 -1 -1.308 -1 -1.396 -1 -1.544 -1 30
-1.47 -1 -1.166 -1 -1.57 -1 -1.728 -1 139
-1.649 -1 -1.244 -1 -1.498 -1 -1.674 -1 77
-1.586 -1 -1.242 -1 -1.512 -1 -1.656 -1 85
-1.584 -1 -1.238 -1 -1.338 -1 -1.504 -1 35
-1.421 -1 -1.144 -1 -1.566 -1 -1.712 -1 144
-1.639 -1 -1.244 -1 -1.526 -1 -1.652 -1 85
-1.589 -1 -1.25 -1 -1.81 -1 -1.958 -1 191
-1.884 -1 -1.428 -1 -1.83 -1 -2.032 -1 171
-1.931 -1 -1.442 -1 -1.686 -1 -1.888 -1 71
-1.787 -1 -1.366 -1 -1.762 -1 -1.936 -1 143
-1.849 -1 -1.394 -1 -1.82 -1 -2.038 -1 179
-1.929 -1 -1.432 -1 -1.786 -1 -1.954 -1 144
-1.87 -1 -1.43 -1 -1.838 -1 -2.046 -1 132
-1.942 -1 -1.47 -1 -1.952 -1 -2.156 -1 173
-2.054 -1 -1.556 -1 -1.992 -1 -2.16 -1 165
-2.076 -1 -1.536 -1 -1.854 -1 -2.018 -1 124
-1.936 -1 -1.468 -1 -1.856 -1 -2.022 -1 153
-1.939 -1 -1.458 -1 -1.734 -1 -1.968 -1 102
-1.851 -1 -1.42 -1 -1.944 -1 -2.136 -1 194
-2.04 -1 -1.59 -1 -1.748 -1 -1.978 -1 62
-1.863 -1 -1.436 -1 -1.784 -1 -1.962 -1 128
-1.873 -1 -1.472 -1 -1.972 -1 -2.168 -1 192
-2.07 -1 -1.562 -1 -1.826 -1 -2.028 -1 107
-1.927 -1 -1.488 -1 -1.516 -1 -1.736 -1 11
-1.626 -1 -1.284 -1 -1.49 -1 -1.666 -1 68
-1.578 -1 -1.22 -1 -1.368 -1 -1.546 -1 57
-1.457 -1 -1.182 -1 -1.212 -1 -1.338 -1 6
-1.275 -1 -1.104 -1 -1.124 -1 -1.21 -1 5
-1.167 -1 -1.028 -1 -1.446 -1 -1.618 -1 111
-1.532 -1 -1.2 -1 -1.41 -1 -1.56 -1 78
-1.485 -1 -1.182 -1 -1.208 -1 -1.334 -1 11
-1.271 -1 -1.088 -1 -1.268 -1 -1.374 -1 55
-1.321 -1 -1.08 -1 -1.108 -1 -1.17 -1 9
-1.139 -1 -1.024 -1 -1.358 -1 -1.45 -1 99
-1.404 -1 -1.14 -1 -1.728 -1 -1.884 -1 171
-1.806 -1 -1.362 -1 -1.504 -1 -1.628 -1 47
-1.566 -1 -1.204 -1 -1.898 -1 -2.06 -1 227
-1.979 -1 -1.478 -1 -1.646 -1 -1.784 -1 60
-1.715 -1 -1.312 -1 -1.312 -1 -1.452 -1 0
-1.382 -1 -1.184 -1 -1.802 -1 -1.976 -1 208
-1.889 -1 -1.384 -1 -1.83 -1 -2.038 -1 177
-1.934 -1 -1.486 -1 -1.77 -1 -1.934 -1 106
-1.852 -1 -1.386 -1 -1.45 -1 -1.592 -1 21
-1.521 -1 -1.222 -1 -1.452 -1 -1.636 -1 76
-1.544 -1 -1.226 -1 -1.86 -1 -2.048 -1 212
-1.954 -1 -1.396 -1 -1.748 -1 -1.988 -1 136
-1.868 -1 -1.4 -1 -1.658 -1 -1.83 -1 102
-1.744 -1 -1.344 -1 -1.99 -1 -2.154 -1 248
-2.072 -1 -1.528 -1 -1.938 -1 -2.146 -1 156
-2.042 -1 -1.53 -1 -1.994 -1 -2.216 -1 179
-2.105 -1 -1.584 -1 -2.008 -1 -2.248 -1 195
-2.128 -1 -1.628 -1 -1.842 -1 -2.088 -1 86
-1.965 -1 -1.48 -1 -1.67 -1 -1.896 -1 70
-1.783 -1 -1.4 -1 -1.598 -1 -1.75 -1 72
-1.674 -1 -1.288 -1 -1.434 -1 -1.56 -1 43
-1.497 -1 -1.212 -1 -1.698 -1 -1.882 -1 159
-1.79 -1 -1.356 -1 -1.786 -1 -1.978 -1 172
-1.882 -1 -1.416 -1 -1.97 -1 -2.204 -1 215
-2.087 -1 -1.598 -1 -2.004 -1 -2.238 -1 176
-2.121 -1 -1.616 -1 -1.656 -1 -1.858 -1 11
-1.757 -1 -1.38 -1 -1.946 -1 -2.122 -1 230
-2.034 -1 -1.51 -1 -2.084 -1 -2.29 -1 227
-2.187 -1 -1.684 -1 -1.968 -1 -2.252 -1 114
-2.11 -1 -1.566 -1 -1.998 -1 -2.188 -1 192
-2.093 -1 -1.6 -1 -1.726 -1 -1.94 -1 46
-1.833 -1 -1.42 -1 -1.864 -1 -2.112 -1 157
-1.988 -1 -1.502 -1 -1.866 -1 -2.108 -1 142
-1.987 -1 -1.536 -1 -1.572 -1 -1.832 -1 13
-1.702 -1 -1.324 -1 -1.602 -1 -1.828 -1 100
-1.715 -1 -1.33 -1 -1.376 -1 -1.546 -1 14
-1.461 -1 -1.174 -1 -1.456 -1 -1.636 -1 83
-1.546 -1 -1.21 -1 -1.616 -1 -1.814 -1 141
-1.715 -1 -1.274 -1 -1.412 -1 -1.536 -1 40
-1.474 -1 -1.144 -1 -1.508 -1 -1.672 -1 114
-1.59 -1 -1.24 -1 -1.566 -1 -1.782 -1 109
-1.674 -1 -1.286 -1 -1.748 -1 -1.958 -1 163
-1.853 -1 -1.38 -1 -1.952 -1 -2.174 -1 231
-2.063 -1 -1.552 -1 -1.838 -1 -2.024 -1 109
-1.931 -1 -1.454 -1 -2.05 -1 -2.252 -1 245
-2.151 -1 -1.614 -1 -2.098 -1 -2.29 -1 210
-2.194 -1 -1.674 -1 -1.914 -1 -2.078 -1 85
-1.996 -1 -1.564 -1 -1.66 -1 -1.824 -1 29
-1.742 -1 -1.364 -1 -1.78 -1 -1.968 -1 149
-1.874 -1 -1.432 -1 -1.654 -1 -1.85 -1 79
-1.752 -1 -1.386 -1 -1.556 -1 -1.76 -1 51
-1.658 -1 -1.31 -1 -1.85 -1 -1.994 -1 192
-1.922 -1 -1.464 -1 -1.934 -1 -2.13 -1 197
-2.032 -1 -1.492 -1 -1.574 -1 -1.772 -1 31
-1.673 -1 -1.278 -1 -1.714 -1 -1.916 -1 140
-1.815 -1 -1.372 -1 -1.738 -1 -1.922 -1 138
-1.83 -1 -1.376 -1 -1.992 -1 -2.244 -1 242
-2.118 -1 -1.57 -1 -1.876 -1 -2.11 -1 118
-1.993 -1 -1.508 -1 -1.986 -1 -2.2 -1 199
-2.093 -1 -1.58 -1 -1.838 -1 -2.018 -1 115
-1.928 -1 -1.482 -1 -1.63 -1 -1.828 -1 45
-1.729 -1 -1.326 -1 -1.436 -1 -1.6 -1 42
-1.518 -1 -1.204 -1 -1.708 -1 -1.914 -1 181
-1.811 -1 -1.384 -1 -1.526 -1 -1.716 -1 56
-1.621 -1 -1.25 -1 -1.528 -1 -1.666 -1 91
-1.597 -1 -1.232 -1 -1.924 -1 -2.172 -1 247
-2.048 -1 -1.522 -1 -1.67 -1 -1.916 -1 57
-1.793 -1 -1.342 -1 -1.774 -1 -1.954 -1 171
-1.864 -1 -1.436 -1 -1.6 -1 -1.764 -1 47
-1.682 -1 -1.324 -1 -1.626 -1 -1.836 -1 98
-1.731 -1 -1.354 -1 -1.454 -1 -1.578 -1 36
-1.516 -1 -1.184 -1 -1.826 -1 -1.988 -1 217
-1.907 -1 -1.372 -1 -1.444 -1 -1.624 -1 26
-1.534 -1 -1.238 -1 -1.312 -1 -1.442 -1 21
-1.377 -1 -1.138 -1 -1.396 -1 -1.522 -1 77
-1.459 -1 -1.172 -1 -1.53 -1 -1.642 -1 110
-1.586 -1 -1.206 -1 -1.558 -1 -1.686 -1 112
-1.622 -1 -1.242 -1 -1.552 -1 -1.73 -1 108
-1.641 -1 -1.282 -1 -1.422 -1 -1.574 -1 46
-1.498 -1 -1.18 -1 -1.73 -1 -1.938 -1 185
-1.834 -1 -1.354 -1 -1.53 -1 -1.67 -1 67
-1.6 -1 -1.234 -1 -1.79 -1 -1.98 -1 197
-1.885 -1 -1.386 -1 -1.76 -1 -1.92 -1 136
-1.84 -1 -1.406 -1 -1.974 -1 -2.232 -1 216
-2.103 -1 -1.532 -1 -1.712 -1 -1.868 -1 89
-1.79 -1 -1.35 -1 -1.902 -1 -2.14 -1 216
-2.021 -1 -1.516 -1 -1.672 -1 -1.872 -1 60
-1.772 -1 -1.358 -1 -1.552 -1 -1.708 -1 71
-1.63 -1 -1.25 -1 -1.82 -1 -1.984 -1 192
-1.902 -1 -1.416 -1 -1.926 -1 -2.192 -1 188
-2.059 -1 -1.58 -1 -1.908 -1 -2.072 -1 122
-1.99 -1 -1.506 -1 -1.802 -1 -2.018 -1 108
-1.91 -1 -1.444 -1 -1.66 -1 -1.83 -1 76
-1.745 -1 -1.358 -1 -1.576 -1 -1.732 -1 76
-1.654 -1 -1.312 -1 -1.912 -1 -2.14 -1 204
-2.026 -1 -1.52 -1 -2.116 -1 -2.252 -1 233
-2.184 -1 -1.66 -1 -1.826 -1 -1.986 -1 58
-1.906 -1 -1.458 -1 -1.518 -1 -1.742 -1 22
-1.63 -1 -1.302 -1 -1.606 -1 -1.812 -1 111
-1.709 -1 -1.294 -1 -1.97 -1 -2.214 -1 236
-2.092 -1 -1.534 -1 -1.874 -1 -2.04 -1 130
-1.957 -1 -1.492 -1 -1.942 -1 -2.15 -1 160
-2.046 -1 -1.498 -1 -1.858 -1 -2.036 -1 151
-1.947 -1 -1.482 -1 -1.976 -1 -2.164 -1 177
-2.07 -1 -1.568 -1 -2.104 -1 -2.328 -1 209
-2.216 -1 -1.698 -1 -1.854 -1 -2.054 -1 63
-1.954 -1 -1.496 -1 -1.842 -1 -2.084 -1 132
-1.963 -1 -1.49 -1 -1.86 -1 -2.076 -1 154
-1.968 -1 -1.48 -1 -1.716 -1 -1.882 -1 82
-1.799 -1 -1.364 -1 -1.432 -1 -1.588 -1 28
-1.51 -1 -1.21 -1 -1.634 -1 -1.782 -1 144
-1.708 -1 -1.302 -1 -1.53 -1 -1.724 -1 83
-1.627 -1 -1.236 -1 -1.842 -1 -1.996 -1 219
-1.919 -1 -1.42 -1 -2.022 -1 -2.182 -1 239
-2.102 -1 -1.604 -1 -1.876 -1 -2.082 -1 108
-1.979 -1 -1.512 -1 -1.766 -1 -1.96 -1 96
-1.863 -1 -1.436 -1 -1.628 -1 -1.794 -1 75
-1.711 -1 -1.306 -1 -1.782 -1 -2.016 -1 196
-1.899 -1 -1.418 -1 -2.018 -1 -2.254 -1 243
-2.136 -1 -1.592 -1 -1.72 -1 -1.922 -1 53
-1.821 -1 -1.45 -1 -1.92 -1 -2.14 -1 193
-2.03 -1 -1.516 -1 -1.672 -1 -1.866 -1 57
-1.769 -1 -1.358 -1 -1.91 -1 -2.138 -1 210
-2.024 -1 -1.548 -1 -1.926 -1 -2.136 -1 148
-2.031 -1 -1.538 -1 -1.71 -1 -1.924 -1 53
-1.817 -1 -1.394 -1 -1.698 -1 -1.912 -1 126
-1.805 -1 -1.41 -1 -1.518 -1 -1.678 -1 45
-1.598 -1 -1.254 -1 -1.832 -1 -1.99 -1 203
-1.911 -1 -1.406 -1 -1.426 -1 -1.568 -1 5
-1.497 -1 -1.224 -1 -1.462 -1 -1.63 -1 83
-1.546 -1 -1.222 -1 -1.542 -1 -1.744 -1 116
-1.643 -1 -1.294 -1 -1.768 -1 -1.982 -1 164
-1.875 -1 -1.444 -1 -1.72 -1 -1.946 -1 103
-1.833 -1 -1.37 -1 -1.896 -1 -2.062 -1 192
-1.979 -1 -1.454 -1 -1.978 -1 -2.122 -1 210
-2.05 -1 -1.582 -1 -1.858 -1 -2.026 -1 97
-1.942 -1 -1.476 -1 -1.494 -1 -1.648 -1 5
-1.571 -1 -1.23 -1 -1.414 -1 -1.578 -1 64
-1.496 -1 -1.224 -1 -1.398 -1 -1.576 -1 53
-1.487 -1 -1.19 -1 -1.406 -1 -1.52 -1 62
-1.463 -1 -1.152 -1 -1.826 -1 -2.024 -1 216
-1.925 -1 -1.424 -1 -1.92 -1 -2.106 -1 204
-2.013 -1 -1.55 -1 -1.712 -1 -1.896 -1 58
-1.804 -1 -1.404 -1 -1.886 -1 -2.118 -1 196
-2.002 -1 -1.478 -1 -1.748 -1 -1.98 -1 116
-1.864 -1 -1.448 -1 -1.532 -1 -1.628 -1 33
-1.58 -1 -1.256 -1 -1.652 -1 -1.804 -1 137
-1.728 -1 -1.3 -1 -1.818 -1 -1.954 -1 170
-1.886 -1 -1.422 -1 -1.608 -1 -1.762 -1 68
-1.685 -1 -1.276 -1 -1.878 -1 -2.128 -1 212
-2.003 -1 -1.514 -1 -1.86 -1 -2.102 -1 133
-1.981 -1 -1.506 -1 -1.992 -1 -2.206 -1 193
-2.099 -1 -1.59 -1 -1.676 -1 -1.896 -1 37
-1.786 -1 -1.418 -1 -1.53 -1 -1.71 -1 33
-1.62 -1 -1.268 -1 -1.642 -1 -1.842 -1 131
-1.742 -1 -1.304 -1 -1.906 -1 -2.142 -1 238
-2.024 -1 -1.51 -1 -1.908 -1 -2.102 -1 150
-2.005 -1 -1.502 -1 -2.066 -1 -2.292 -1 235
-2.179 -1 -1.64 -1 -1.69 -1 -1.95 -1 18
-1.82 -1 -1.444 -1 -1.616 -1 -1.844 -1 62
-1.73 -1 -1.354 -1 -1.688 -1 -1.87 -1 114
-1.779 -1 -1.356 -1 -1.854 -1 -2.076 -1 186
-1.965 -1 -1.488 -1 -1.926 -1 -2.126 -1 166
-2.026 -1 -1.528 -1 -1.632 -1 -1.79 -1 36
-1.711 -1 -1.326 -1 -1.74 -1 -1.922 -1 155
-1.831 -1 -1.358 -1 -1.358 -1 -1.454 -1 1
-1.406 -1 -1.138 -1 -1.462 -1 -1.628 -1 98
-1.545 -1 -1.214 -1 -1.676 -1 -1.846 -1 152
-1.761 -1 -1.352 -1 -1.352 -1 -1.472 -1 0
-1.412 -1 -1.146 -1 -1.488 -1 -1.608 -1 109
-1.548 -1 -1.226 -1 -1.626 -1 -1.814 -1 132
-1.72 -1 -1.302 -1 -1.856 -1 -2.086 -1 214
-1.971 -1 -1.456 -1 -1.908 -1 -2.11 -1 194
-2.009 -1 -1.506 -1 -1.778 -1 -1.982 -1 128
-1.88 -1 -1.448 -1 -1.582 -1 -1.79 -1 47
-1.686 -1 -1.302 -1 -1.8 -1 -2.002 -1 160
-1.901 -1 -1.406 -1 -1.972 -1 -2.214 -1 215
-2.093 -1 -1.556 -1 -2.056 -1 -2.25 -1 199
-2.153 -1 -1.638 -1 -1.65 -1 -1.802 -1 2
-1.726 -1 -1.346 -1 -1.964 -1 -2.152 -1 224
-2.058 -1 -1.538 -1 -1.914 -1 -2.124 -1 126
-2.019 -1 -1.512 -1 -1.772 -1 -1.976 -1 101
-1.874 -1 -1.432 -1 -1.94 -1 -2.18 -1 182
-2.06 -1 -1.54 -1 -2.144 -1 -2.32 -1 225
-2.232 -1 -1.674 -1 -2.004 -1 -2.24 -1 167
-2.122 -1 -1.642 -1 -2.144 -1 -2.364 -1 215
-2.254 -1 -1.736 -1 -2.166 -1 -2.394 -1 230
-2.28 -1 -1.748 -1 -2.194 -1 -2.448 -1 193
-2.321 -1 -1.798 -1 -2.028 -1 -2.25 -1 108
-2.139 -1 -1.67 -1 -2.192 -1 -2.36 -1 224
-2.276 -1 -1.748 -1 -1.92 -1 -2.146 -1 64
-2.033 -1 -1.608 -1 -1.718 -1 -1.996 -1 47
-1.857 -1 -1.486 -1 -1.746 -1 -1.984 -1 94
-1.865 -1 -1.46 -1 -2.044 -1 -2.3 -1 230
-2.172 -1 -1.62 -1 -2.184 -1 -2.408 -1 223
-2.296 -1 -1.726 -1 -2.012 -1 -2.238 -1 131
-2.125 -1 -1.654 -1 -1.924 -1 -2.162 -1 124
-2.043 -1 -1.582 -1 -1.582 -1 -1.79 -1 3
-1.686 -1 -1.35 -1 -1.992 -1 -2.168 -1 245
-2.08 -1 -1.598 -1 -2.1 -1 -2.292 -1 216
-2.196 -1 -1.65 -1 -2.084 -1 -2.322 -1 176
-2.203 -1 -1.696 -1 -2.044 -1 -2.246 -1 165
-2.145 -1 -1.63 -1 -2.018 -1 -2.304 -1 160
-2.161 -1 -1.654 -1 -2.156 -1 -2.35 -1 218
-2.253 -1 -1.738 -1 -1.774 -1 -2.03 -1 20
-1.902 -1 -1.494 -1 -1.622 -1 -1.816 -1 48
-1.719 -1 -1.356 -1 -1.466 -1 -1.654 -1 38
-1.56 -1 -1.268 -1 -1.874 -1 -2.038 -1 242
-1.956 -1 -1.486 -1 -1.852 -1 -2.11 -1 141
-1.981 -1 -1.478 -1 -1.87 -1 -2.1 -1 151
-1.985 -1 -1.504 -1 -2.122 -1 -2.312 -1 248
-2.217 -1 -1.662 -1 -1.918 -1 -2.152 -1 110
-2.035 -1 -1.55 -1 -2.064 -1 -2.338 -1 215
-2.201 -1 -1.684 -1 -2.202 -1 -2.438 -1 213
-2.32 -1 -1.734 -1 -1.97 -1 -2.194 -1 94
-2.082 -1 -1.616 -1 -2.164 -1 -2.4 -1 240
-2.282 -1 -1.744 -1 -1.776 -1 -2.01 -1 12
-1.893 -1 -1.494 -1 -1.71 -1 -2.006 -1 79
-1.858 -1 -1.432 -1 -2.068 -1 -2.268 -1 237
-2.168 -1 -1.634 -1 -1.882 -1 -2.162 -1 110
-2.022 -1 -1.55 -1 -2.14 -1 -2.34 -1 225
-2.24 -1 -1.75 -1 -1.792 -1 -2.044 -1 19
-1.918 -1 -1.488 -1 -2.018 -1 -2.26 -1 206
-2.139 -1 -1.632 -1 -1.652 -1 -1.866 -1 8
-1.759 -1 -1.382 -1 -1.432 -1 -1.596 -1 15
-1.514 -1 -1.212 -1 -1.222 -1 -1.364 -1 4
-1.293 -1 -1.108 -1 -1.836 -1 -2.01 -1 248
-1.923 -1 -1.448 -1 -1.796 -1 -1.95 -1 123
-1.873 -1 -1.412 -1 -1.454 -1 -1.596 -1 12
-1.525 -1 -1.22 -1 -1.39 -1 -1.59 -1 56
-1.49 -1 -1.178 -1 -1.466 -1 -1.616 -1 96
-1.541 -1 -1.216 -1 -1.742 -1 -1.924 -1 181
-1.833 -1 -1.392 -1 -1.798 -1 -2.064 -1 145
-1.931 -1 -1.454 -1 -1.528 -1 -1.712 -1 27
-1.62 -1 -1.242 -1 -1.604 -1 -1.778 -1 136
-1.691 -1 -1.292 -1 -1.344 -1 -1.456 -1 22
-1.4 -1 -1.14 -1 -1.502 -1 -1.634 -1 128
-1.568 -1 -1.23 -1 -1.642 -1 -1.804 -1 156
-1.723 -1 -1.316 -1 -1.864 -1 -2.07 -1 199
-1.967 -1 -1.444 -1 -1.842 -1 -2.016 -1 134
-1.929 -1 -1.426 -1 -1.584 -1 -1.754 -1 51
-1.669 -1 -1.284 -1 -1.49 -1 -1.648 -1 68
-1.569 -1 -1.216 -1 -1.41 -1 -1.55 -1 63
-1.48 -1 -1.182 -1 -1.39 -1 -1.512 -1 64
-1.451 -1 -1.154 -1 -1.896 -1 -2.072 -1 245
-1.984 -1 -1.452 -1 -1.872 -1 -2.066 -1 161
-1.969 -1 -1.508 -1 -1.534 -1 -1.688 -1 6
-1.611 -1 -1.262 -1 -1.55 -1 -1.702 -1 113
-1.626 -1 -1.286 -1 -1.428 -1 -1.548 -1 43
-1.488 -1 -1.206 -1 -1.944 -1 -2.148 -1 249
-2.046 -1 -1.538 -1 -2.042 -1 -2.236 -1 191
-2.139 -1 -1.646 -1 -1.844 -1 -2.032 -1 73
-1.938 -1 -1.478 -1 -1.774 -1 -1.972 -1 106
-1.873 -1 -1.444 -1 -1.624 -1 -1.81 -1 65
-1.717 -1 -1.33 -1 -1.35 -1 -1.482 -1 12
-1.416 -1 -1.178 -1 -1.474 -1 -1.612 -1 95
-1.543 -1 -1.204 -1 -1.42 -1 -1.566 -1 71
-1.493 -1 -1.188 -1 -1.822 -1 -2.014 -1 224
-1.918 -1 -1.428 -1 -1.92 -1 -2.086 -1 178
-2.003 -1 -1.498 -1 -1.842 -1 -2.056 -1 113
-1.949 -1 -1.454 -1 -1.518 -1 -1.69 -1 25
-1.604 -1 -1.282 -1 -1.67 -1 -1.856 -1 132
-1.763 -1 -1.344 -1 -1.664 -1 -1.806 -1 104
-1.735 -1 -1.294 -1 -1.752 -1 -1.952 -1 172
-1.852 -1 -1.366 -1 -1.634 -1 -1.796 -1 91
-1.715 -1 -1.326 -1 -1.54 -1 -1.648 -1 70
-1.594 -1 -1.256 -1 -1.384 -1 -1.546 -1 40
-1.465 -1 -1.194 -1 -1.712 -1 -1.882 -1 188
-1.797 -1 -1.344 -1 -1.712 -1 -1.866 -1 143
-1.789 -1 -1.366 -1 -1.8 -1 -1.974 -1 159
-1.887 -1 -1.404 -1 -2.058 -1 -2.254 -1 247
-2.156 -1 -1.65 -1 -1.986 -1 -2.196 -1 138
-2.091 -1 -1.568 -1 -1.926 -1 -2.128 -1 130
-2.027 -1 -1.482 -1 -2.074 -1 -2.322 -1 220
-2.198 -1 -1.678 -1 -1.692 -1 -1.876 -1 4
-1.784 -1 -1.416 -1 -1.464 -1 -1.654 -1 15
-1.559 -1 -1.21 -1 -1.892 -1 -2.124 -1 242
-2.008 -1 -1.492 -1 -1.902 -1 -2.152 -1 155
-2.027 -1 -1.528 -1 -1.73 -1 -1.916 -1 76
-1.823 -1 -1.42 -1 -1.496 -1 -1.664 -1 39
-1.58 -1 -1.212 -1 -1.574 -1 -1.758 -1 140
-1.666 -1 -1.288 -1 -1.922 -1 -2.13 -1 232
-2.026 -1 -1.512 -1 -1.578 -1 -1.736 -1 23
-1.657 -1 -1.27 -1 -1.756 -1 -2.04 -1 167
-1.898 -1 -1.436 -1 -1.766 -1 -1.978 -1 114
-1.872 -1 -1.392 -1 -1.652 -1 -1.848 -1 102
-1.75 -1 -1.342 -1 -1.744 -1 -1.922 -1 126
-1.833 -1 -1.356 -1 -1.57 -1 -1.748 -1 62
-1.659 -1 -1.278 -1 -1.806 -1 -2.008 -1 198
-1.907 -1 -1.466 -1 -1.592 -1 -1.72 -1 52
-1.656 -1 -1.318 -1 -1.992 -1 -2.184 -1 245
-2.088 -1 -1.548 -1 -1.876 -1 -2.09 -1 114
-1.983 -1 -1.54 -1 -2.132 -1 -2.352 -1 240
-2.242 -1 -1.642 -1 -1.936 -1 -2.244 -1 110
-2.09 -1 -1.606 -1 -2.144 -1 -2.316 -1 233
-2.23 -1 -1.692 -1 -1.896 -1 -2.126 -1 90
-2.011 -1 -1.538 -1 -2.112 -1 -2.294 -1 224
-2.203 -1 -1.694 -1 -2.212 -1 -2.404 -1 223
-2.308 -1 -1.75 -1 -2.252 -1 -2.504 -1 215
-2.378 -1 -1.874 -1 -2.072 -1 -2.344 -1 94
-2.208 -1 -1.75 -1 -2.094 -1 -2.316 -1 134
-2.205 -1 -1.768 -1 -1.876 -1 -2.134 -1 52
-2.005 -1 -1.586 -1 -1.82 -1 -2.096 -1 102
-1.958 -1 -1.558 -1 -1.822 -1 -2.036 -1 98
-1.929 -1 -1.51 -1 -1.772 -1 -2.004 -1 99
-1.888 -1 -1.45 -1 -1.478 -1 -1.678 -1 9
-1.578 -1 -1.238 -1 -1.446 -1 -1.674 -1 58
-1.56 -1 -1.22 -1 -1.318 -1 -1.448 -1 33
-1.383 -1 -1.138 -1 -1.562 -1 -1.716 -1 124
-1.639 -1 -1.248 -1 -1.674 -1 -1.834 -1 138
-1.754 -1 -1.292 -1 -2.008 -1 -2.228 -1 240
-2.118 -1 -1.568 -1 -2.086 -1 -2.302 -1 226
-2.194 -1 -1.672 -1 -2.18 -1 -2.386 -1 249
-2.283 -1 -1.754 -1 -1.98 -1 -2.172 -1 81
-2.076 -1 -1.602 -1 -1.712 -1 -1.928 -1 46
-1.82 -1 -1.44 -1 -1.88 -1 -2.066 -1 148
-1.973 -1 -1.51 -1 -1.608 -1 -1.774 -1 33
-1.691 -1 -1.282 -1 -1.752 -1 -1.904 0 167
