9 1000 0.6 9 108 0 0 0 0
-3.64 -1 -3.144 -1 -3.224 -1 -3.386 -2 119
-3.305 -1 -2.876 -1 -3.068 -1 -3.368 -1 267
-3.218 -1 -2.768 -1 -2.838 -1 -3.172 -1 54
-3.005 -1 -2.614 -1 -2.806 -1 -3.166 -1 139
-2.986 -1 -2.574 -1 -2.874 -1 -3.162 -1 240
-3.018 -1 -2.564 -1 -2.648 -1 -3.062 -1 48
-2.855 -1 -2.448 -1 -2.672 -1 -3.054 -1 175
-2.863 -1 -2.434 -1 -2.462 -1 -2.936 -1 28
-2.699 -1 -2.376 -1 -2.39 -1 -2.956 -1 7
-2.673 -1 -2.348 -1 -2.56 -1 -2.988 -1 127
-2.774 -1 -2.366 -1 -2.38 -1 -2.98 -1 9
-2.68 -1 -2.358 -1 -2.472 -1 -2.944 -1 66
-2.708 -1 -2.298 -1 -2.408 -1 -2.87 -1 68
-2.639 -1 -2.282 -1 -2.49 -1 -2.942 -1 132
-2.716 -1 -2.324 -1 -2.336 -1 -2.942 -1 17
-2.639 -1 -2.294 -1 -2.426 -1 -2.85 -1 84
-2.638 -1 -2.246 -1 -2.31 -1 -2.856 -1 47
-2.583 -1 -2.226 -1 -2.554 -1 -2.966 -1 222
-2.76 -1 -2.34 -1 -2.616 -1 -3.008 -1 160
-2.812 -1 -2.408 -1 -2.522 -1 -2.946 -1 91
-2.734 -1 -2.336 -1 -2.586 -1 -2.954 -1 179
-2.77 -1 -2.346 -1 -2.526 -1 -2.954 -1 143
-2.74 -1 -2.352 -1 -2.498 -1 -2.986 -1 85
-2.742 -1 -2.344 -1 -2.486 -1 -2.89 -1 113
-2.688 -1 -2.304 -1 -2.312 -1 -2.862 -1 10
-2.587 -1 -2.224 -1 -2.514 -1 -2.954 -1 216
-2.734 -1 -2.334 -1 -2.39 -1 -2.874 -1 33
-2.632 -1 -2.26 -1 -2.678 -1 -3.096 -1 295
-2.887 -1 -2.432 -1 -2.642 -1 -3.036 -1 164
-2.839 -1 -2.446 -1 -2.68 -1 -3.024 -1 190
-2.852 -1 -2.412 -1 -2.616 -1 -2.954 -1 155
-2.785 -1 -2.392 -1 -2.582 -1 -3.002 -1 132
-2.792 -1 -2.368 -1 -2.754 -1 -3.074 -1 265
-2.914 -1 -2.478 -1 -2.658 -1 -2.976 -1 149
-2.817 -1 -2.372 -1 -2.474 -1 -2.886 -1 72
-2.68 -1 -2.296 -1 -2.348 -1 -2.832 -1 40
-2.59 -1 -2.234 -1 -2.504 -1 -2.998 -1 168
-2.751 -1 -2.332 -1 -2.554 -1 -2.958 -1 179
-2.756 -1 -2.312 -1 -2.588 -1 -2.92 -1 181
-2.754 -1 -2.344 -1 -2.494 -1 -2.902 -1 110
-2.698 -1 -2.288 -1 -2.484 -1 -2.896 -1 115
-2.69 -1 -2.272 -1 -2.508 -1 -2.962 -1 144
-2.735 -1 -2.312 -1 -2.51 -1 -2.912 -1 128
-2.711 -1 -2.324 -1 -2.486 -1 -2.904 -1 99
-2.695 -1 -2.272 -1 -2.45 -1 -2.884 -1 117
-2.667 -1 -2.234 -1 -2.298 -1 -2.814 -1 47
-2.556 -1 -2.19 -1 -2.228 -1 -2.808 -1 27
-2.518 -1 -2.178 -1 -2.344 -1 -2.876 -1 89
-2.61 -1 -2.204 -1 -2.436 -1 -2.844 -1 125
-2.64 -1 -2.23 -1 -2.628 -1 -2.982 -1 271
-2.805 -1 -2.368 -1 -2.75 -1 -3.078 -1 296
-2.914 -1 -2.436 -1 -2.496 -1 -2.952 -1 49
-2.724 -1 -2.354 -1 -2.536 -1 -2.944 -1 119
-2.74 -1 -2.354 -1 -2.574 -1 -2.944 -1 179
-2.759 -1 -2.338 -1 -2.346 -1 -2.784 -1 8
-2.565 -1 -2.176 -1 -2.622 -1 -2.952 -1 290
-2.787 -1 -2.336 -1 -2.378 -1 -2.836 -1 35
-2.607 -1 -2.214 -1 -2.248 -1 -2.75 -1 22
-2.499 -1 -2.154 -1 -2.182 -1 -2.772 -1 14
-2.477 -1 -2.154 -1 -2.466 -1 -2.878 -1 194
-2.672 -1 -2.24 -1 -2.46 -1 -2.882 -1 139
-2.671 -1 -2.276 -1 -2.374 -1 -2.792 -1 55
-2.583 -1 -2.204 -1 -2.236 -1 -2.724 -1 24
-2.48 -1 -2.124 -1 -2.41 -1 -2.866 -1 143
-2.638 -1 -2.22 -1 -2.356 -1 -2.884 -1 94
-2.62 -1 -2.228 -1 -2.572 -1 -2.94 -1 205
-2.756 -1 -2.308 -1 -2.586 -1 -2.922 -1 194
-2.754 -1 -2.328 -1 -2.606 -1 -3.032 -1 181
-2.819 -1 -2.4 -1 -2.544 -1 -2.942 -1 79
-2.743 -1 -2.322 -1 -2.392 -1 -2.836 -1 42
-2.614 -1 -2.264 -1 -2.378 -1 -2.792 -1 86
-2.585 -1 -2.228 -1 -2.542 -1 -2.912 -1 222
-2.727 -1 -2.28 -1 -2.668 -1 -3.07 -1 264
-2.869 -1 -2.408 -1 -2.746 -1 -3 -1 206
-2.873 -1 -2.412 -1 -2.784 -1 -3.114 -1 287
-2.949 -1 -2.538 -1 -2.73 -1 -3.06 -1 145
-2.895 -1 -2.474 -1 -2.638 -1 -3.044 -1 132
-2.841 -1 -2.412 -1 -2.724 -1 -3.07 -1 256
-2.897 -1 -2.428 -1 -2.552 -1 -2.932 -1 97
-2.742 -1 -2.346 -1 -2.7 -1 -3.022 -1 269
-2.861 -1 -2.462 -1 -2.67 -1 -3.02 -1 191
-2.845 -1 -2.42 -1 -2.646 -1 -3.032 -1 183
-2.839 -1 -2.438 -1 -2.578 -1 -2.94 -1 76
-2.759 -1 -2.336 -1 -2.502 -1 -2.972 -1 81
-2.737 -1 -2.332 -1 -2.38 -1 -2.936 -1 27
-2.658 -1 -2.272 -1 -2.602 -1 -2.998 -1 234
-2.8 -1 -2.368 -1 -2.42 -1 -2.852 -1 39
-2.636 -1 -2.262 -1 -2.614 -1 -3.034 -1 228
-2.824 -1 -2.352 -1 -2.38 -1 -2.878 -1 15
-2.629 -1 -2.23 -1 -2.65 -1 -3.012 -1 273
-2.831 -1 -2.372 -1 -2.462 -1 -2.92 -1 58
-2.691 -1 -2.296 -1 -2.64 -1 -3.038 -1 248
-2.839 -1 -2.378 -1 -2.64 -1 -2.996 -1 223
-2.818 -1 -2.394 -1 -2.746 -1 -3.07 -1 269
-2.908 -1 -2.438 -1 -2.78 -1 -3.158 -1 264
-2.969 -1 -2.514 -1 -2.766 -1 -3.138 -1 228
-2.952 -1 -2.53 -1 -2.858 -1 -3.148 -1 266
-3.003 -1 -2.526 -1 -2.528 -1 -3.008 -1 1
-2.768 -1 -2.392 -1 -2.592 -1 -2.972 -1 223
-2.782 -1 -2.404 -1 -2.464 -1 -2.872 -1 69
-2.668 -1 -2.32 -1 -2.632 -1 -3.064 -1 209
-2.848 -1 -2.422 -1 -2.44 -1 -2.88 -1 14
-2.66 -1 -2.28 -1 -2.492 -1 -2.948 -1 123
-2.72 -1 -2.286 -1 -2.424 -1 -2.894 -1 102
-2.659 -1 -2.264 -1 -2.486 -1 -2.96 -1 165
-2.723 -1 -2.316 -1 -2.346 -1 -2.844 -1 18
-2.595 -1 -2.214 -1 -2.576 -1 -2.958 -1 263
-2.767 -1 -2.328 -1 -2.656 -1 -2.974 0 222
