9 1000 0.5 10 18 0 0 0 0
-3.691 -1 -3.188 -1 -3.318 -1 -3.5 -2 248
-3.409 -1 -2.948 -1 -3.134 -1 -3.316 -1 214
-3.225 -1 -2.776 -1 -2.86 -1 -3.228 -1 80
-3.044 -1 -2.662 -1 -2.82 -1 -3.242 -1 132
-3.031 -1 -2.592 -1 -2.836 -1 -3.152 -1 246
-2.994 -1 -2.534 -1 -2.684 -1 -3.118 -1 128
-2.901 -1 -2.448 -1 -2.68 -1 -3.002 -1 195
-2.841 -1 -2.42 -1 -2.64 -1 -3.106 -1 147
-2.873 -1 -2.45 -1 -2.766 -1 -3.09 -1 231
-2.928 -1 -2.492 -1 -2.54 -1 -2.964 -1 39
-2.752 -1 -2.376 -1 -2.492 -1 -3 -1 106
-2.746 -1 -2.356 -1 -2.572 -1 -3.026 -1 143
-2.799 -1 -2.348 -1 -2.666 -1 -3.016 -1 173
-2.841 -1 -2.4 -1 -2.572 -1 -2.94 -1 134
-2.756 -1 -2.338 -1 -2.472 -1 -2.926 -1 101
-2.699 -1 -2.32 -1 -2.528 -1 -2.928 -1 182
-2.728 -1 -2.34 -1 -2.554 -1 -2.99 -1 147
-2.772 -1 -2.366 -1 -2.474 -1 -2.968 0 77
