9 1000 0.8 6 221 0 0 0 0
-3.666 -1 -3.208 -1 -3.454 -1 -3.568 -1 379
-3.511 -1 -3.134 -1 -3.178 -1 -3.4 -2 89
-3.289 -1 -2.9 -1 -3.048 -2 -3.33 -2 192
-3.189 -2 -2.824 -2 -3.098 -2 -3.338 -2 372
-3.218 -2 -2.82 -2 -3.034 -1 -3.29 -1 228
-3.162 -1 -2.762 -1 -2.946 -1 -3.26 -1 259
-3.103 -1 -2.714 -1 -2.978 -1 -3.312 -1 309
-3.145 -1 -2.686 -1 -2.994 -1 -3.328 -1 345
-3.161 -1 -2.71 -1 -2.926 -1 -3.242 -1 200
-3.084 -1 -2.67 -1 -2.816 -1 -3.16 -1 169
-2.988 -1 -2.614 -1 -2.732 -1 -3.062 -1 96
-2.897 -1 -2.476 -1 -2.834 -1 -3.202 -1 288
-3.018 -1 -2.61 -1 -2.96 -1 -3.236 -1 291
-3.098 -1 -2.664 -1 -2.842 -1 -3.136 -1 210
-2.989 -1 -2.57 -1 -2.786 -1 -3.11 -1 151
-2.948 -1 -2.538 -1 -2.854 -1 -3.18 -1 292
-3.017 -1 -2.574 -1 -2.852 -1 -3.2 -1 319
-3.026 -1 -2.628 -1 -2.628 -1 -2.998 -1 26
-2.813 -1 -2.486 -1 -2.854 -1 -3.092 -1 328
-2.973 -1 -2.548 -1 -2.904 -1 -3.116 -1 330
-3.01 -1 -2.586 -1 -2.69 -1 -3.07 -1 98
-2.88 -1 -2.54 -1 -2.918 -1 -3.184 -1 378
-3.051 -1 -2.62 -1 -2.862 -1 -3.146 -1 285
-3.004 -1 -2.604 -1 -2.712 -1 -3.164 -1 80
-2.938 -1 -2.542 -1 -2.698 -1 -3.054 -1 130
-2.876 -1 -2.518 -1 -2.854 -1 -3.176 -1 305
-3.015 -1 -2.578 -1 -2.594 -1 -2.948 -1 16
-2.771 -1 -2.418 -1 -2.446 -1 -2.924 -1 24
-2.685 -1 -2.358 -1 -2.878 -1 -3.142 -1 370
-3.01 -1 -2.536 -1 -2.82 -1 -3.108 -1 245
-2.964 -1 -2.542 -1 -2.834 -1 -3.142 -1 276
-2.988 -1 -2.514 -1 -2.874 -1 -3.172 -1 362
-3.023 -1 -2.588 -1 -2.72 -1 -3.062 -1 113
-2.891 -1 -2.474 -1 -2.698 -1 -3.078 -1 163
-2.888 -1 -2.446 -1 -2.488 -1 -2.952 -1 37
-2.72 -1 -2.384 -1 -2.442 -1 -2.896 -1 49
-2.669 -1 -2.326 -1 -2.604 -1 -2.99 -1 169
-2.797 -1 -2.42 -1 -2.49 -1 -2.922 -1 54
-2.706 -1 -2.352 -1 -2.508 -1 -2.968 -1 94
-2.738 -1 -2.362 -1 -2.78 -1 -3.084 -1 281
-2.932 -1 -2.468 -1 -2.832 -1 -3.132 -1 376
-2.982 -1 -2.552 -1 -2.788 -1 -3.098 -1 196
-2.943 -1 -2.498 -1 -2.942 -1 -3.254 -1 341
-3.098 -1 -2.682 -1 -2.924 -1 -3.224 -1 272
-3.074 -1 -2.638 -1 -2.782 -1 -3.15 -1 114
-2.966 -1 -2.558 -1 -2.598 -1 -3.06 -1 34
-2.829 -1 -2.472 -1 -2.596 -1 -3.016 -1 120
-2.806 -1 -2.416 -1 -2.894 -1 -3.16 -1 372
-3.027 -1 -2.59 -1 -2.942 -1 -3.172 -1 372
-3.057 -1 -2.64 -1 -3.028 -1 -3.258 -1 372
-3.143 -1 -2.69 -1 -3.042 -1 -3.286 -1 358
-3.164 -1 -2.706 -1 -2.974 -1 -3.266 -1 271
-3.12 -1 -2.684 -1 -2.854 -1 -3.192 -1 154
-3.023 -1 -2.618 -1 -2.846 -1 -3.212 -1 182
-3.029 -1 -2.634 -1 -2.858 -1 -3.172 -1 229
-3.015 -1 -2.632 -1 -2.948 -1 -3.236 -1 379
-3.092 -1 -2.672 -1 -2.826 -1 -3.112 -1 150
-2.969 -1 -2.542 -1 -2.54 -1 -3.034 -1 2
-2.787 -1 -2.446 -1 -2.82 -1 -3.184 -1 315
-3.002 -1 -2.576 -1 -2.732 -1 -3.124 -1 135
-2.928 -1 -2.606 -1 -2.934 -1 -3.144 -1 294
-3.039 -1 -2.636 -1 -2.968 -1 -3.29 -1 327
-3.129 -1 -2.69 -1 -2.886 -1 -3.176 -1 207
-3.031 -1 -2.62 -1 -2.626 -1 -3.03 -1 7
-2.828 -1 -2.484 -1 -2.668 -1 -3.008 -1 125
-2.838 -1 -2.482 -1 -2.778 -1 -3.134 -1 288
-2.956 -1 -2.548 -1 -2.748 -1 -3.128 -1 149
-2.938 -1 -2.542 -1 -2.548 -1 -2.978 -1 3
-2.763 -1 -2.41 -1 -2.698 -1 -3.106 -1 207
-2.902 -1 -2.488 -1 -2.902 -1 -3.158 -1 329
-3.03 -1 -2.598 -1 -2.976 -1 -3.2 -1 350
-3.088 -1 -2.65 -1 -2.998 -1 -3.268 -1 343
-3.133 -1 -2.692 -1 -2.94 -1 -3.26 -2 300
-3.1 -1 -2.678 -1 -2.928 -1 -3.232 -1 243
-3.08 -1 -2.692 -1 -3.03 -1 -3.232 -1 392
-3.131 -1 -2.674 -1 -2.848 -1 -3.22 -1 156
-3.034 -1 -2.604 -1 -2.684 -1 -3.05 -1 76
-2.867 -1 -2.504 -1 -2.736 -1 -3.134 -1 170
-2.935 -1 -2.54 -1 -2.702 -1 -3.088 -1 101
-2.895 -1 -2.542 -1 -2.876 -1 -3.21 -1 280
-3.043 -1 -2.594 -1 -2.732 -1 -3.032 -1 148
-2.882 -1 -2.496 -1 -2.768 -1 -3.106 -1 196
-2.937 -1 -2.51 -1 -2.674 -1 -3.144 -1 118
-2.909 -1 -2.508 -1 -2.738 -1 -3.148 -1 169
-2.943 -1 -2.516 -1 -2.818 -1 -3.164 -1 271
-2.991 -1 -2.58 -1 -2.702 -1 -3.028 -1 95
-2.865 -1 -2.484 -1 -2.562 -1 -3.056 -1 60
-2.809 -1 -2.4 -1 -2.414 -1 -2.92 -1 14
-2.667 -1 -2.322 -1 -2.446 -1 -2.99 -1 96
-2.718 -1 -2.35 -1 -2.646 -1 -3.084 -1 254
-2.865 -1 -2.468 -1 -2.494 -1 -2.964 -1 21
-2.729 -1 -2.386 -1 -2.806 -1 -3.044 -1 361
-2.925 -1 -2.52 -1 -2.896 -1 -3.228 -1 309
-3.062 -1 -2.616 -1 -2.936 -1 -3.17 -1 298
-3.053 -1 -2.642 -1 -2.996 -1 -3.286 -1 348
-3.141 -1 -2.682 -1 -2.974 -1 -3.258 -1 394
-3.116 -1 -2.706 -1 -2.934 -1 -3.146 -1 229
-3.04 -1 -2.618 -1 -2.948 -1 -3.23 -1 300
-3.089 -1 -2.658 -1 -2.688 -1 -3.05 -1 20
-2.869 -1 -2.502 -1 -2.756 -1 -3.128 -1 205
-2.942 -1 -2.53 -1 -2.888 -1 -3.138 -1 356
-3.013 -1 -2.606 -1 -2.862 -1 -3.176 -2 274
-3.019 -1 -2.602 -1 -2.956 -1 -3.234 -1 388
-3.095 -1 -2.664 -1 -2.936 -1 -3.2 -1 285
-3.068 -1 -2.65 -1 -2.814 -1 -3.148 -1 189
-2.981 -1 -2.572 -1 -2.924 -1 -3.186 -1 353
-3.055 -1 -2.65 -1 -2.884 -1 -3.19 -1 213
-3.037 -1 -2.618 -1 -2.734 -1 -3.184 -1 112
-2.959 -1 -2.58 -1 -2.586 -1 -3.022 -1 6
-2.804 -1 -2.462 -1 -2.598 -1 -2.988 -1 103
-2.793 -1 -2.428 -1 -2.956 -1 -3.162 -1 384
-3.059 -1 -2.588 -1 -2.64 -1 -3.056 -1 40
-2.848 -1 -2.448 -1 -2.828 -1 -3.116 -1 314
-2.972 -1 -2.566 -1 -2.928 -1 -3.178 -1 307
-3.053 -1 -2.616 -1 -2.85 -1 -3.15 -1 231
-3 -1 -2.64 -1 -2.922 -1 -3.186 -1 359
-3.054 -1 -2.648 -1 -2.69 -1 -3.034 -1 63
-2.862 -1 -2.504 -1 -2.918 -1 -3.17 -1 394
-3.044 -1 -2.578 -1 -2.862 -1 -3.14 -1 269
-3.001 -1 -2.576 -1 -2.892 -1 -3.204 -1 366
-3.048 -1 -2.582 -1 -2.608 -1 -3.094 -1 19
-2.851 -1 -2.51 -1 -2.89 -1 -3.228 -1 391
-3.059 -1 -2.626 -1 -2.716 -1 -3.108 -1 64
-2.912 -1 -2.534 -1 -2.78 -1 -3.038 -1 245
-2.909 -1 -2.512 -1 -2.724 -1 -3.086 -1 213
-2.905 -1 -2.518 -1 -2.902 -1 -3.244 -1 329
-3.073 -1 -2.648 -1 -2.668 -1 -3.052 -1 23
-2.86 -1 -2.526 -1 -2.902 -1 -3.2 -1 326
-3.051 -1 -2.642 -1 -2.658 -1 -3.064 -1 39
-2.861 -1 -2.506 -1 -2.97 -1 -3.254 -1 377
-3.112 -1 -2.696 -1 -2.888 -1 -3.144 -1 185
-3.016 -1 -2.636 -1 -2.744 -1 -3.09 -1 91
-2.917 -1 -2.562 -1 -2.922 -1 -3.236 -1 354
-3.079 -1 -2.654 -1 -2.766 -1 -3.142 -1 107
-2.954 -1 -2.544 -1 -2.702 -1 -3.122 -1 157
-2.912 -1 -2.514 -1 -2.722 -1 -3.092 -1 164
-2.907 -1 -2.51 -1 -2.592 -1 -2.964 -1 54
-2.778 -1 -2.448 -1 -2.816 -1 -3.096 -1 314
-2.956 -1 -2.542 -1 -2.674 -1 -3.104 -1 100
-2.889 -1 -2.466 -1 -2.516 -1 -2.988 -1 29
-2.752 -1 -2.396 -1 -2.656 -1 -3.02 -1 183
-2.838 -1 -2.432 -1 -2.77 -1 -3.06 -1 295
-2.915 -1 -2.498 -1 -2.75 -1 -3.066 -1 171
-2.908 -1 -2.492 -1 -2.502 -1 -2.91 -1 3
-2.706 -1 -2.344 -1 -2.526 -1 -2.962 -1 124
-2.744 -1 -2.378 -1 -2.416 -1 -2.886 -1 28
-2.651 -1 -2.286 -1 -2.788 -1 -3.058 -1 376
-2.923 -1 -2.454 -1 -2.65 -1 -2.994 -1 165
-2.822 -1 -2.402 -1 -2.744 -1 -3.058 -1 294
-2.901 -1 -2.506 -1 -2.876 -1 -3.26 -1 326
-3.068 -1 -2.626 -1 -2.712 -1 -3.102 -1 94
-2.907 -1 -2.512 -1 -2.772 -1 -3.106 -1 247
-2.939 -1 -2.52 -1 -2.522 -1 -2.952 -1 1
-2.737 -1 -2.372 -1 -2.754 -1 -3.092 -1 347
-2.923 -1 -2.514 -1 -2.638 -1 -3.036 -1 90
-2.837 -1 -2.5 -1 -2.852 -1 -3.072 -1 389
-2.962 -1 -2.504 -1 -2.736 -1 -3.108 -1 209
-2.922 -1 -2.494 -1 -2.838 -1 -3.112 -1 277
-2.975 -1 -2.542 -1 -2.852 -1 -3.218 -1 265
-3.035 -1 -2.596 -1 -2.736 -1 -3.094 -1 107
-2.915 -1 -2.512 -1 -2.542 -1 -3.036 -1 22
-2.789 -1 -2.432 -1 -2.438 -1 -2.916 -1 3
-2.677 -1 -2.356 -1 -2.832 -1 -3.072 -1 357
-2.952 -1 -2.524 -1 -2.826 -1 -3.156 -1 257
-2.991 -1 -2.56 -1 -2.748 -1 -3.094 -1 134
-2.921 -1 -2.548 -1 -2.92 -1 -3.15 -1 337
-3.035 -1 -2.586 -1 -2.808 -1 -3.204 -1 246
-3.006 -1 -2.582 -1 -2.718 -1 -3.09 -1 114
-2.904 -1 -2.518 -1 -2.846 -1 -3.192 -1 346
-3.019 -1 -2.594 -1 -2.726 -1 -3.076 -1 154
-2.901 -1 -2.51 -1 -2.754 -1 -3.124 -1 248
-2.939 -1 -2.54 -1 -2.83 -1 -3.1 -1 231
-2.965 -1 -2.562 -1 -2.912 -1 -3.202 -1 331
-3.057 -1 -2.65 -1 -2.824 -1 -3.2 -1 154
-3.012 -1 -2.608 -1 -2.794 -1 -3.158 -1 171
-2.976 -1 -2.564 -1 -2.954 -1 -3.224 -1 347
-3.089 -1 -2.636 -1 -2.908 -1 -3.214 -1 300
-3.061 -1 -2.666 -1 -2.838 -1 -3.124 -1 200
-2.981 -1 -2.586 -1 -2.892 -1 -3.186 -1 317
-3.039 -1 -2.604 -1 -2.95 -1 -3.222 -1 368
-3.086 -1 -2.628 -1 -2.846 -1 -3.126 -1 171
-2.986 -1 -2.562 -1 -2.788 -1 -3.124 -1 210
-2.956 -1 -2.536 -1 -2.602 -1 -3.01 -1 38
-2.806 -1 -2.442 -1 -2.68 -1 -3.062 -1 196
-2.871 -1 -2.438 -1 -2.882 -1 -3.194 -1 379
-3.038 -1 -2.626 -1 -2.894 -1 -3.206 -1 291
-3.05 -1 -2.648 -1 -2.95 -1 -3.216 -1 281
-3.083 -1 -2.666 -1 -2.832 -1 -3.112 -1 158
-2.972 -1 -2.596 -1 -2.97 -1 -3.194 -1 365
-3.082 -1 -2.64 -1 -2.864 -1 -3.186 -1 181
-3.025 -1 -2.61 -1 -2.852 -1 -3.18 -1 176
-3.016 -1 -2.554 -1 -2.612 -1 -3.092 -1 48
-2.852 -1 -2.512 -1 -2.578 -1 -2.956 -1 47
-2.767 -1 -2.386 -1 -2.706 -1 -3.046 -1 240
-2.876 -1 -2.468 -1 -2.494 -1 -2.972 -1 23
-2.733 -1 -2.354 -1 -2.792 -1 -3.12 -1 334
-2.956 -1 -2.556 -1 -2.592 -1 -2.956 -1 19
-2.774 -1 -2.43 -1 -2.532 -1 -2.954 -1 98
-2.743 -1 -2.342 -1 -2.698 -1 -2.994 -1 241
-2.846 -1 -2.422 -1 -2.588 -1 -3.034 -1 131
-2.811 -1 -2.45 -1 -2.464 -1 -2.87 -1 7
-2.667 -1 -2.312 -1 -2.69 -1 -3.032 -1 230
-2.861 -1 -2.462 -1 -2.726 -1 -3.118 -1 260
-2.922 -1 -2.486 -1 -2.494 -1 -2.894 -1 12
-2.694 -1 -2.366 -1 -2.524 -1 -2.896 -1 92
-2.71 -1 -2.356 -1 -2.804 -1 -3.09 -1 373
-2.947 -1 -2.536 -1 -2.752 -1 -3.096 -1 215
-2.924 -1 -2.534 -1 -2.76 -1 -3.15 -1 178
-2.955 -1 -2.554 -1 -2.734 -1 -3.082 -1 104
-2.908 -1 -2.508 -1 -2.84 -1 -3.162 -1 302
-3.001 -1 -2.562 -1 -2.612 -1 -3.002 -1 50
-2.807 -1 -2.466 -1 -2.864 -1 -3.068 -1 369
-2.966 -1 -2.526 -1 -2.702 -1 -3.046 -1 153
-2.874 -1 -2.5 -1 -2.956 -1 -3.202 -1 396
-3.079 -1 -2.668 -1 -2.834 -1 -3.124 -1 172
-2.979 -1 -2.558 -1 -2.926 -1 -3.156 -1 315
-3.041 -1 -2.608 -1 -2.964 -1 -3.19 -1 352
-3.077 -1 -2.634 -1 -2.834 -1 -3.148 -1 159
-2.991 -1 -2.536 -1 -2.838 -1 -3.162 -1 299
-3 -1 -2.586 -1 -2.864 -1 -3.078 -1 213
-2.971 -1 -2.522 -1 -2.782 -1 -3.07 0 208
