9 1000 0.7 5 73 0 0 0 0
-3.677 -1 -3.256 -1 -3.364 -2 -3.518 -1 213
-3.441 -1 -3.034 -1 -3.212 -1 -3.41 -1 330
-3.311 -1 -2.966 -1 -3.178 -1 -3.346 -1 311
-3.262 -1 -2.886 -1 -2.998 -1 -3.318 -1 91
-3.158 -1 -2.774 -1 -3.07 -1 -3.34 -1 335
-3.205 -1 -2.834 -1 -2.91 -1 -3.228 -1 73
-3.069 -1 -2.698 -1 -2.946 -1 -3.226 -1 257
-3.086 -1 -2.738 -1 -3.008 -1 -3.262 -1 269
-3.135 -1 -2.744 -1 -2.77 -1 -3.156 -1 20
-2.963 -1 -2.64 -1 -2.83 -1 -3.174 -1 206
-3.002 -1 -2.652 -1 -2.748 -1 -3.134 -1 120
-2.941 -1 -2.554 -1 -2.586 -1 -3.026 -1 61
-2.806 -1 -2.5 -1 -2.928 -1 -3.208 -1 322
-3.068 -1 -2.616 -1 -2.894 -1 -3.246 -1 268
-3.07 -1 -2.646 -1 -2.782 -1 -3.126 -1 99
-2.954 -1 -2.59 -1 -2.894 -1 -3.148 -1 265
-3.021 -1 -2.608 -1 -2.996 -1 -3.264 -1 319
-3.13 -1 -2.766 -1 -2.782 -1 -3.11 -1 19
-2.946 -1 -2.614 -1 -2.856 -1 -3.148 -1 214
-3.002 -1 -2.572 -1 -2.856 -1 -3.13 -1 290
-2.993 -1 -2.678 -1 -2.794 -1 -3.092 -1 144
-2.943 -1 -2.576 -1 -2.96 -1 -3.214 -1 349
-3.087 -1 -2.66 -1 -2.74 -1 -3.088 -1 67
-2.914 -1 -2.544 -1 -2.702 -1 -3.03 -1 124
-2.866 -1 -2.492 -1 -2.772 -1 -3.126 -1 192
-2.949 -1 -2.516 -1 -2.6 -1 -3.068 -1 41
-2.834 -1 -2.48 -1 -2.78 -1 -3.086 -1 225
-2.933 -1 -2.548 -1 -2.774 -1 -3.076 -1 232
-2.925 -1 -2.56 -1 -2.724 -1 -3.108 -1 155
-2.916 -1 -2.51 -1 -2.612 -1 -3.056 -1 74
-2.834 -1 -2.508 -1 -2.682 -1 -3.03 -1 157
-2.856 -1 -2.492 -1 -2.634 -1 -3.048 -1 101
-2.841 -1 -2.474 -1 -2.722 -1 -3.082 -1 215
-2.902 -1 -2.528 -1 -2.532 -1 -3.018 -1 15
-2.775 -1 -2.456 -1 -2.662 -1 -3 -1 129
-2.831 -1 -2.448 -1 -2.9 -1 -3.14 -1 342
-3.02 -1 -2.628 -1 -2.984 -1 -3.168 -1 331
-3.076 -1 -2.654 -1 -2.684 -1 -3.11 -1 12
-2.897 -1 -2.496 -1 -2.886 -1 -3.12 -1 310
-3.003 -1 -2.644 -1 -2.748 -1 -3.046 -1 90
-2.897 -1 -2.452 -1 -2.756 -1 -3.078 -1 205
-2.917 -1 -2.494 -1 -2.892 -1 -3.218 -1 330
-3.055 -1 -2.64 -1 -2.812 -1 -3.136 -1 132
-2.974 -1 -2.57 -1 -2.622 -1 -3.084 -1 58
-2.853 -1 -2.506 -1 -2.828 -1 -3.116 -1 332
-2.972 -1 -2.566 -1 -2.632 -1 -3.05 -1 52
-2.841 -1 -2.462 -1 -2.598 -1 -3.058 -2 110
-2.828 -1 -2.474 -1 -2.684 -1 -3.074 -1 185
-2.879 -1 -2.514 -1 -2.804 -1 -3.07 -1 178
-2.937 -1 -2.554 -1 -2.8 -1 -3.092 -1 221
-2.946 -1 -2.562 -1 -2.578 -1 -3.04 -1 35
-2.809 -1 -2.456 -1 -2.752 -1 -3.068 -1 238
-2.91 -1 -2.538 -1 -2.814 -1 -3.172 -1 283
-2.993 -1 -2.598 -1 -2.616 -1 -2.98 -1 18
-2.798 -1 -2.452 -1 -2.644 -1 -2.98 -1 160
-2.812 -1 -2.46 -1 -2.824 -1 -3.116 -1 330
-2.97 -1 -2.582 -1 -2.736 -1 -3.14 -1 107
-2.938 -1 -2.548 -1 -2.75 -1 -3.062 -1 189
-2.906 -1 -2.51 -1 -2.764 -1 -3.146 -1 272
-2.955 -1 -2.566 -1 -2.606 -1 -3.032 -1 65
-2.819 -1 -2.466 -1 -2.766 -1 -3.062 -1 266
-2.914 -1 -2.548 -1 -2.832 -1 -3.122 -1 261
-2.977 -1 -2.61 -1 -2.92 -1 -3.186 -1 261
-3.053 -1 -2.6 -1 -2.814 -1 -3.154 -1 224
-2.984 -1 -2.606 -1 -2.646 -1 -3.042 -1 37
-2.844 -1 -2.512 -1 -2.692 -1 -3.07 -1 152
-2.881 -1 -2.518 -1 -2.796 -1 -3.154 -1 231
-2.975 -1 -2.586 -1 -2.718 -1 -3.076 -1 116
-2.897 -1 -2.58 -1 -2.724 -1 -3.05 -1 117
-2.887 -1 -2.49 -1 -2.866 -1 -3.134 -1 345
-3 -1 -2.624 -1 -2.816 -1 -3.172 -1 150
-2.994 -1 -2.608 -1 -2.644 -1 -3.06 -1 38
-2.852 -1 -2.508 -1 -2.632 -1 -3.086 0 113
