9 1000 0.7 8 113 0 0 0 0
-3.628 -1 -3.13 -1 -3.244 -1 -3.428 -1 248
-3.336 -1 -2.914 -1 -3.096 -1 -3.366 -1 230
-3.231 -1 -2.83 -1 -2.914 -1 -3.21 -1 101
-3.062 -1 -2.69 -1 -2.8 -1 -3.202 -1 119
-3.001 -1 -2.614 -1 -2.688 -1 -3.164 -1 69
-2.926 -1 -2.54 -1 -2.616 -1 -3.08 -1 40
-2.848 -1 -2.474 -1 -2.646 -1 -3.118 -1 118
-2.882 -1 -2.472 -1 -2.828 -1 -3.09 -1 306
-2.959 -1 -2.49 -1 -2.562 -1 -3.018 -1 72
-2.79 -1 -2.396 -1 -2.914 -1 -3.19 -1 329
-3.052 -1 -2.556 -1 -2.814 -1 -3.21 -1 195
-3.012 -1 -2.538 -1 -2.808 -1 -3.136 -1 287
-2.972 -1 -2.538 -1 -2.786 -1 -3.186 -1 193
-2.986 -1 -2.544 -1 -2.702 -1 -3.126 -1 138
-2.914 -1 -2.518 -1 -2.66 -1 -3.054 -1 107
-2.857 -1 -2.444 -1 -2.498 -1 -2.938 -1 46
-2.718 -1 -2.37 -1 -2.562 -1 -3.006 -1 164
-2.784 -1 -2.392 -1 -2.718 -1 -3.126 -1 244
-2.922 -1 -2.508 -1 -2.548 -1 -2.928 -1 20
-2.738 -1 -2.334 -1 -2.558 -1 -3.004 -1 197
-2.781 -1 -2.394 -1 -2.782 -1 -3.106 -1 301
-2.944 -1 -2.452 -1 -2.604 -1 -3.008 -1 124
-2.806 -1 -2.398 -1 -2.574 -1 -3.012 -1 127
-2.793 -1 -2.37 -1 -2.526 -1 -2.974 -1 128
-2.75 -1 -2.378 -1 -2.768 -1 -3.15 -1 307
-2.959 -1 -2.516 -1 -2.68 -1 -2.994 -1 148
-2.837 -1 -2.434 -1 -2.74 -1 -3.128 -1 227
-2.934 -1 -2.498 -1 -2.886 -1 -3.198 -1 346
-3.042 -1 -2.542 -1 -2.866 -1 -3.21 -1 284
-3.038 -1 -2.592 -1 -2.97 -1 -3.27 -1 336
-3.12 -1 -2.65 -1 -2.888 -1 -3.146 -1 281
-3.017 -1 -2.6 -1 -2.754 -1 -3.174 -1 119
-2.964 -1 -2.542 -1 -2.752 -1 -3.12 -1 157
-2.936 -1 -2.522 -1 -2.774 -1 -3.098 -1 205
-2.936 -1 -2.508 -1 -2.664 -1 -2.974 -1 148
-2.819 -1 -2.45 -1 -2.468 -1 -2.938 -1 22
-2.703 -1 -2.358 -1 -2.6 -1 -3 -1 132
-2.8 -1 -2.388 -1 -2.748 -1 -3.086 -1 265
-2.917 -1 -2.452 -1 -2.674 -1 -3.068 -1 202
-2.871 -1 -2.46 -1 -2.71 -1 -3.032 -1 198
-2.871 -1 -2.444 -1 -2.802 -1 -3.156 -1 306
-2.979 -1 -2.554 -1 -2.74 -1 -3.032 -1 138
-2.886 -1 -2.472 -1 -2.782 -1 -3.096 -1 289
-2.939 -1 -2.51 -1 -2.912 -1 -3.224 -1 332
-3.068 -1 -2.608 -1 -2.976 -1 -3.25 -1 339
-3.113 -1 -2.668 -1 -2.896 -1 -3.228 -1 200
-3.062 -1 -2.648 -1 -2.778 -1 -3.148 -1 111
-2.963 -1 -2.564 -1 -2.62 -1 -3.032 -1 47
-2.826 -1 -2.454 -1 -2.768 -1 -3.138 -1 241
-2.953 -1 -2.49 -1 -2.87 -1 -3.154 -1 342
-3.012 -1 -2.602 -1 -2.952 -1 -3.22 -1 349
-3.086 -1 -2.62 -1 -2.788 -1 -3.112 -1 214
-2.95 -1 -2.522 -1 -2.884 -1 -3.158 -1 302
-3.021 -1 -2.556 -1 -2.86 -1 -3.232 -1 271
-3.046 -1 -2.56 -1 -2.638 -1 -3.104 -1 67
-2.871 -1 -2.462 -1 -2.53 -1 -2.952 -1 58
-2.741 -1 -2.36 -1 -2.554 -1 -3 -1 116
-2.777 -1 -2.39 -1 -2.464 -1 -2.904 -1 68
-2.684 -1 -2.316 -1 -2.432 -1 -2.922 -1 85
-2.677 -1 -2.304 -1 -2.496 -1 -2.948 -1 126
-2.722 -1 -2.34 -1 -2.434 -1 -2.886 -1 70
-2.66 -1 -2.29 -1 -2.348 -1 -2.866 -1 49
-2.607 -1 -2.236 -1 -2.648 -1 -3.036 -1 258
-2.842 -1 -2.38 -1 -2.748 -1 -3.128 -1 285
-2.938 -1 -2.464 -1 -2.51 -1 -3.028 -1 21
-2.769 -1 -2.426 -1 -2.802 -1 -3.068 -1 328
-2.935 -1 -2.506 -1 -2.59 -1 -3.024 -1 67
-2.807 -1 -2.398 -1 -2.416 -1 -2.918 -1 18
-2.667 -1 -2.302 -1 -2.51 -1 -2.942 -1 161
-2.726 -1 -2.314 -1 -2.492 -1 -3.022 -1 109
-2.757 -1 -2.362 -1 -2.64 -1 -3.022 -1 216
-2.831 -1 -2.396 -1 -2.714 -1 -3.07 -1 213
-2.892 -1 -2.454 -1 -2.726 -1 -3.024 -1 220
-2.875 -1 -2.452 -1 -2.714 -1 -3.098 -1 199
-2.906 -1 -2.444 -1 -2.496 -1 -3.016 -1 34
-2.756 -1 -2.39 -1 -2.764 -1 -3.088 -1 308
-2.926 -1 -2.466 -1 -2.696 -1 -3.066 -1 182
-2.881 -1 -2.43 -1 -2.432 -1 -2.97 -1 11
-2.701 -1 -2.344 -1 -2.536 -1 -2.914 -1 133
-2.725 -1 -2.354 -1 -2.742 -1 -3.008 -1 289
-2.875 -1 -2.41 -1 -2.86 -1 -3.15 -1 315
-3.005 -1 -2.548 -1 -2.79 -1 -3.152 -1 239
-2.971 -1 -2.524 -1 -2.608 -1 -3.07 -1 72
-2.839 -1 -2.438 -1 -2.804 -1 -3.12 -1 317
-2.962 -1 -2.526 -1 -2.654 -1 -3.048 -1 120
-2.851 -1 -2.408 -1 -2.81 -1 -3.084 -1 312
-2.947 -1 -2.45 -1 -2.524 -1 -2.946 -1 66
-2.735 -1 -2.344 -1 -2.77 -1 -3.064 -1 328
-2.917 -1 -2.494 -1 -2.514 -1 -3.042 -1 17
-2.778 -1 -2.406 -1 -2.596 -1 -3.032 -1 135
-2.814 -1 -2.424 -1 -2.508 -1 -2.932 -1 49
-2.72 -1 -2.334 -1 -2.574 -1 -3 -1 176
-2.787 -1 -2.398 -1 -2.666 -1 -2.986 -1 203
-2.826 -1 -2.426 -1 -2.686 -1 -3.08 -1 164
-2.883 -1 -2.45 -1 -2.708 -1 -3.022 -1 224
-2.865 -1 -2.48 -1 -2.674 -1 -3.04 -1 157
-2.857 -1 -2.436 -1 -2.438 -1 -2.988 -1 2
-2.713 -1 -2.356 -1 -2.544 -1 -2.998 -1 151
-2.771 -1 -2.398 -1 -2.52 -1 -2.976 -1 84
-2.748 -1 -2.372 -1 -2.4 -1 -2.896 -1 18
-2.648 -1 -2.306 -1 -2.652 -1 -3.006 -1 250
-2.829 -1 -2.448 -1 -2.452 -1 -2.948 -1 5
-2.7 -1 -2.348 -1 -2.532 -1 -2.95 -1 119
-2.741 -1 -2.358 -1 -2.714 -1 -3.08 -1 266
-2.897 -1 -2.43 -1 -2.746 -1 -3.084 -1 264
-2.915 -1 -2.496 -1 -2.706 -1 -3.026 -1 162
-2.866 -1 -2.45 -1 -2.45 -1 -2.86 -1 5
-2.655 -1 -2.302 -1 -2.53 -1 -2.916 -1 152
-2.723 -1 -2.344 -1 -2.618 -1 -2.966 -1 257
-2.792 -1 -2.384 -1 -2.408 -1 -2.902 -1 17
-2.655 -1 -2.272 -1 -2.674 -1 -3.016 -1 256
-2.845 -1 -2.386 -1 -2.554 -1 -2.96 -1 121
-2.757 -1 -2.354 -1 -2.706 -1 -3.062 0 290
