9 1000 0.7 2 187 0 0 0 0
-3.629 -1 -3.396 -1 -3.462 -1 -3.52 -1 343
-3.491 -1 -3.256 -1 -3.368 -1 -3.436 -1 312
-3.402 -1 -3.188 -1 -3.204 -1 -3.374 -1 90
-3.289 -1 -3.078 -1 -3.282 -2 -3.426 -2 296
-3.354 -2 -3.136 -2 -3.182 -2 -3.414 -1 45
-3.298 -1 -3.108 -1 -3.24 -1 -3.456 -1 267
-3.348 -1 -3.104 -1 -3.238 -1 -3.344 -1 209
-3.291 -1 -3.034 -1 -3.218 -1 -3.362 -1 290
-3.29 -1 -3.034 -1 -3.228 -1 -3.406 -1 325
-3.317 -1 -3.09 -1 -3.206 -1 -3.404 -1 206
-3.305 -1 -3.086 -1 -3.29 -1 -3.496 -1 307
-3.393 -1 -3.12 -1 -3.196 -1 -3.29 -1 164
-3.243 -1 -2.996 -1 -3.268 -1 -3.456 -2 330
-3.362 -1 -3.124 -1 -3.194 -1 -3.36 -1 96
-3.277 -1 -3.02 -1 -3.074 -1 -3.26 -1 83
-3.167 -1 -2.904 -1 -2.996 -1 -3.244 -1 103
-3.12 -1 -2.912 -1 -2.924 -1 -3.258 -1 15
-3.091 -1 -2.89 -1 -3.136 -1 -3.352 -1 323
-3.244 -1 -2.988 -1 -3.094 -1 -3.346 -1 143
-3.22 -1 -3.014 -1 -3.038 -1 -3.266 -1 24
-3.152 -1 -2.904 -1 -2.958 -1 -3.222 -1 78
-3.09 -1 -2.87 -1 -3.058 -1 -3.346 -1 302
-3.202 -1 -2.97 -1 -3.02 -1 -3.28 -1 80
-3.15 -1 -2.95 -1 -3.078 -1 -3.304 -1 121
-3.191 -1 -2.996 -1 -3.122 -1 -3.268 -1 137
-3.195 -1 -2.954 -1 -3.146 -1 -3.306 -1 258
-3.226 -1 -2.958 -1 -2.998 -1 -3.188 -1 58
-3.093 -1 -2.864 -1 -3.108 -1 -3.29 -1 277
-3.199 -1 -2.896 -1 -3.036 -1 -3.218 -1 180
-3.127 -1 -2.844 -1 -2.982 -1 -3.276 -1 144
-3.129 -1 -2.902 -1 -2.964 -1 -3.262 -1 104
-3.113 -1 -2.912 -1 -3.05 -1 -3.24 -1 209
-3.145 -1 -2.874 -1 -2.972 -1 -3.224 -1 98
-3.098 -1 -2.866 -1 -3.09 -1 -3.358 -1 248
-3.224 -1 -2.96 -1 -2.97 -1 -3.206 -1 15
-3.088 -1 -2.872 -1 -3.092 -1 -3.284 -1 255
-3.188 -1 -2.94 -1 -3.144 -1 -3.31 -1 297
-3.227 -1 -3.02 -1 -3.146 -1 -3.352 -1 288
-3.249 -1 -3 -1 -3.222 -1 -3.29 -1 326
-3.256 -1 -3.042 -1 -3.196 -1 -3.418 -1 208
-3.307 -1 -3.102 -1 -3.202 -1 -3.292 -1 212
-3.247 -1 -2.988 -1 -3.1 -1 -3.326 -1 189
-3.213 -1 -3.006 -1 -3.05 -1 -3.28 -1 42
-3.165 -1 -2.96 -1 -3.154 -1 -3.358 -1 236
-3.256 -1 -3.026 -1 -3.212 -1 -3.36 -1 304
-3.286 -1 -3.082 -1 -3.18 -2 -3.436 -1 147
-3.308 -1 -3.072 -1 -3.17 -1 -3.354 -1 152
-3.262 -1 -3.01 -1 -3.064 -1 -3.278 -1 55
-3.171 -1 -2.968 -1 -2.974 -1 -3.226 -1 28
-3.1 -1 -2.912 -1 -3.218 -1 -3.412 -1 335
-3.315 -1 -3.084 -1 -3.236 -1 -3.394 -1 318
-3.315 -1 -3.104 -1 -3.178 -1 -3.352 -1 150
-3.265 -1 -3.012 -1 -3.208 -1 -3.45 -1 253
-3.329 -1 -3.082 -1 -3.08 -1 -3.274 -1 61
-3.177 -1 -2.938 -1 -3.126 -1 -3.282 -1 240
-3.204 -1 -2.93 -1 -3.068 -1 -3.276 -1 160
-3.172 -1 -2.96 -1 -3.094 -1 -3.264 -1 210
-3.179 -1 -2.946 -1 -2.988 -1 -3.238 -1 89
-3.113 -1 -2.866 -1 -3.092 -1 -3.242 -1 262
-3.167 -1 -2.9 -1 -3.024 -1 -3.212 -1 133
-3.118 -1 -2.882 -1 -2.884 -1 -3.16 -1 3
-3.022 -1 -2.828 -1 -3.024 -1 -3.274 -1 220
-3.149 -1 -2.956 -1 -3.096 -1 -3.292 -1 225
-3.194 -1 -2.944 -1 -2.954 -1 -3.19 -1 6
-3.072 -1 -2.874 -1 -3.058 -1 -3.22 -1 203
-3.139 -1 -2.888 -1 -2.984 -1 -3.27 -1 118
-3.127 -1 -2.902 -1 -2.938 -1 -3.158 -1 45
-3.048 -1 -2.804 -1 -3.034 -1 -3.302 -1 274
-3.168 -1 -2.908 -1 -2.912 -1 -3.226 -1 3
-3.069 -1 -2.842 -1 -3.036 -1 -3.256 -1 189
-3.146 -1 -2.932 -1 -3.032 -1 -3.24 -1 83
-3.136 -1 -2.864 -1 -2.914 -1 -3.19 -1 134
-3.052 -1 -2.822 -1 -2.89 -1 -3.136 -1 146
-3.013 -1 -2.788 -1 -2.97 -1 -3.148 -1 200
-3.059 -1 -2.828 -1 -3.014 -1 -3.352 -1 266
-3.183 -1 -2.974 -1 -3.04 -1 -3.272 -1 181
-3.156 -1 -2.914 -1 -3.076 -1 -3.266 -1 177
-3.171 -1 -2.962 -1 -3.04 -1 -3.23 -1 113
-3.135 -1 -2.878 -1 -2.952 -1 -3.224 -1 75
-3.088 -1 -2.834 -1 -2.95 -1 -3.244 -1 183
-3.097 -1 -2.842 -1 -3.018 -1 -3.334 -1 220
-3.176 -1 -2.922 -1 -2.976 -1 -3.196 -1 75
-3.086 -1 -2.83 -1 -2.968 -1 -3.19 -1 202
-3.079 -1 -2.846 -1 -2.87 -1 -3.164 -1 29
-3.017 -1 -2.77 -1 -2.966 -1 -3.234 -1 246
-3.1 -1 -2.86 -1 -3.054 -1 -3.296 -1 284
-3.175 -1 -2.91 -1 -2.942 -1 -3.228 -1 51
-3.085 -1 -2.902 -1 -3.158 -1 -3.35 -1 340
-3.254 -1 -3.012 -1 -3.236 -1 -3.36 -1 301
-3.298 -1 -3.056 -1 -3.234 -1 -3.368 -1 285
-3.301 -1 -3.052 -1 -3.134 -1 -3.382 -1 129
-3.258 -1 -2.998 -1 -3.214 -1 -3.394 -1 336
-3.304 -1 -3.076 -1 -3.116 -1 -3.368 -1 30
-3.242 -1 -2.986 -1 -3.01 -1 -3.272 -1 32
-3.141 -1 -2.9 -1 -3.078 -1 -3.282 -1 198
-3.18 -1 -2.96 -1 -3.118 -1 -3.316 -1 209
-3.217 -1 -2.986 -1 -2.994 -1 -3.314 -1 13
-3.154 -1 -2.928 -1 -3.184 -1 -3.366 -2 331
-3.275 -1 -3.064 -1 -3.082 -1 -3.236 -1 105
-3.159 -1 -2.944 -1 -3.04 -1 -3.236 -2 105
-3.138 -1 -2.904 -1 -3.002 -1 -3.334 -1 109
-3.168 -1 -2.944 -1 -3.092 -1 -3.282 -1 223
-3.187 -1 -2.924 -1 -2.968 -1 -3.216 -1 26
-3.092 -1 -2.864 -1 -3.136 -1 -3.312 -1 332
-3.224 -1 -2.998 -1 -3.268 -1 -3.406 -1 345
-3.337 -1 -3.124 -1 -3.212 -1 -3.35 -1 102
-3.281 -1 -3.074 -1 -3.196 -1 -3.32 -1 227
-3.258 -1 -3.028 -1 -3.17 -1 -3.392 -1 230
-3.281 -1 -3.026 -1 -3.086 -1 -3.314 -1 71
-3.2 -1 -2.984 -1 -3.192 -1 -3.376 -1 277
-3.284 -1 -3.02 -1 -3.076 -1 -3.278 -1 65
-3.177 -1 -2.984 -1 -3.11 -1 -3.318 -1 280
-3.214 -1 -2.964 -1 -3.08 -1 -3.294 -1 122
-3.187 -1 -2.934 -1 -3.174 -1 -3.374 -1 329
-3.274 -1 -3.032 -1 -3.082 -1 -3.334 -1 60
-3.208 -1 -2.966 -1 -3.21 -1 -3.338 -1 337
-3.274 -1 -2.978 -1 -3.068 -1 -3.38 -1 136
-3.224 -1 -2.958 -1 -3.002 -1 -3.298 -1 104
-3.15 -1 -2.938 -1 -3 -1 -3.266 -1 68
-3.133 -1 -2.898 -1 -2.948 -1 -3.262 -1 25
-3.105 -1 -2.858 -1 -2.948 -1 -3.182 -1 127
-3.065 -1 -2.844 -1 -2.894 -1 -3.156 -1 43
-3.025 -1 -2.85 -1 -3.112 -1 -3.328 -1 289
-3.22 -1 -2.972 -1 -3.024 -1 -3.238 -1 71
-3.131 -1 -2.9 -1 -3.038 -1 -3.27 -1 143
-3.154 -1 -2.898 -1 -3.03 -1 -3.29 -1 181
-3.16 -1 -2.906 -1 -2.926 -1 -3.224 -1 21
-3.075 -1 -2.86 -1 -3.06 -1 -3.264 -1 215
-3.162 -1 -2.882 -1 -2.98 -1 -3.244 -1 91
-3.112 -1 -2.928 -1 -3.102 -1 -3.248 -1 265
-3.175 -1 -2.97 -1 -3.034 -1 -3.198 -1 103
-3.116 -1 -2.926 -1 -3.026 -1 -3.23 -1 125
-3.128 -1 -2.906 -1 -3.09 -1 -3.304 -1 289
-3.197 -1 -2.972 -1 -3.18 -1 -3.404 -1 342
-3.292 -1 -3.048 -1 -3.206 -1 -3.344 -1 182
-3.275 -1 -3.034 -1 -3.094 -1 -3.302 -1 120
-3.198 -1 -2.98 -1 -3.074 -1 -3.306 -1 159
-3.19 -1 -2.936 -1 -3.066 -1 -3.308 -1 144
-3.187 -1 -2.93 -1 -2.964 -1 -3.274 -1 39
-3.119 -1 -2.824 -1 -3.056 -1 -3.248 -1 267
-3.152 -1 -2.908 -1 -3.032 -1 -3.278 -1 139
-3.155 -1 -2.926 -1 -2.95 -1 -3.216 -1 58
-3.083 -1 -2.836 -1 -2.838 -1 -3.11 -1 4
-2.974 -1 -2.748 -1 -2.87 -1 -3.126 -1 117
-2.998 -1 -2.768 -1 -2.946 -1 -3.234 -1 220
-3.09 -1 -2.896 -1 -3.082 -1 -3.268 -1 289
-3.175 -1 -2.952 -1 -3.028 -1 -3.228 -2 77
-3.128 -1 -2.924 -1 -3.14 -1 -3.344 -1 321
-3.242 -1 -2.902 -1 -2.92 -1 -3.21 -1 25
-3.065 -1 -2.862 -1 -2.956 -1 -3.168 -1 94
-3.062 -1 -2.904 -1 -2.916 -1 -3.272 -1 12
-3.094 -1 -2.886 -1 -3.16 -1 -3.31 -1 322
-3.235 -1 -2.966 -1 -3.208 -1 -3.402 -1 281
-3.305 -1 -3.074 -1 -3.118 -1 -3.354 -1 98
-3.236 -1 -3.002 -1 -3.222 -1 -3.376 -1 308
-3.299 -1 -3.028 -1 -3.1 -1 -3.278 -1 94
-3.189 -1 -2.958 -1 -3.14 -1 -3.35 -1 294
-3.245 -1 -3.022 -1 -3.168 -1 -3.38 -1 230
-3.274 -1 -3.13 -1 -3.296 -1 -3.418 -1 283
-3.357 -1 -3.144 -1 -3.238 -1 -3.38 -1 209
-3.309 -1 -3.052 -1 -3.082 -1 -3.266 -1 35
-3.174 -1 -2.918 -1 -3.078 -1 -3.334 -1 263
-3.206 -1 -2.978 -1 -3.184 -1 -3.364 -1 297
-3.274 -1 -3.038 -1 -3.096 -1 -3.322 -1 87
-3.209 -1 -2.962 -1 -3.148 -1 -3.366 -2 260
-3.257 -1 -3.054 -1 -3.126 -1 -3.32 -1 119
-3.223 -1 -2.996 -1 -3.184 -1 -3.344 -2 334
-3.264 -1 -3.042 -1 -3.246 -1 -3.43 -1 328
-3.338 -1 -3.14 -1 -3.18 -1 -3.33 -1 100
-3.255 -1 -2.96 -1 -3 -1 -3.25 -1 44
-3.125 -1 -2.912 -1 -2.942 -1 -3.244 -1 48
-3.093 -1 -2.84 -1 -3.05 -1 -3.272 -1 240
-3.161 -1 -2.952 -1 -3.136 -1 -3.366 -1 274
-3.251 -1 -3.006 -1 -3.008 -1 -3.262 -1 4
-3.135 -1 -2.87 -1 -3.154 -1 -3.358 -2 312
-3.256 -1 -3.032 -1 -3.138 -1 -3.394 -1 250
-3.266 -1 -3.024 -1 -3.154 -1 -3.282 -1 160
-3.218 -1 -2.968 -1 -3.11 -1 -3.282 -1 217
-3.196 -1 -2.948 -1 -3.016 -1 -3.238 -1 101
-3.127 -1 -2.924 -1 -3.108 -1 -3.3 -1 317
-3.204 -1 -2.956 -1 -3.17 -1 -3.306 -1 335
-3.238 -1 -3.002 -1 -3.152 -1 -3.324 -1 169
-3.238 -1 -3.004 -1 -3.122 -1 -3.354 -2 211
-3.238 -1 -2.972 -1 -3.134 -1 -3.35 -1 274
-3.242 -1 -3.01 -1 -3.194 -1 -3.29 -1 232
-3.242 -1 -3.008 -1 -3.032 -1 -3.268 -1 33
-3.15 -1 -2.93 -1 -2.964 -1 -3.284 0 25
