9 1000 1 10 19 0 0 0 0
-3.67 -1 -3.166 -1 -3.202 -1 -3.456 -2 79
-3.329 -1 -2.892 -1 -3.092 -1 -3.304 -1 259
-3.198 -1 -2.744 -1 -2.904 -1 -3.276 -1 170
-3.09 -1 -2.642 -1 -2.894 -1 -3.216 -1 208
-3.055 -1 -2.614 -1 -2.74 -1 -3.142 -2 118
-2.941 -1 -2.532 -1 -2.61 -1 -3.172 -1 91
-2.891 -1 -2.472 -1 -2.762 -1 -3.062 -1 211
-2.912 -1 -2.484 -1 -2.802 -1 -3.17 -1 259
-2.986 -1 -2.52 -1 -2.73 -1 -3.092 -1 159
-2.911 -1 -2.504 -1 -2.926 -1 -3.242 -1 330
-3.084 -1 -2.638 -1 -2.79 -1 -3.146 -1 150
-2.968 -1 -2.542 -1 -2.604 -1 -3.044 -1 40
-2.824 -1 -2.412 -1 -2.744 -1 -3.162 -1 290
-2.953 -1 -2.508 -1 -2.894 -1 -3.266 -1 307
-3.08 -1 -2.612 -1 -2.932 -1 -3.156 -1 344
-3.044 -1 -2.524 -1 -2.946 -1 -3.266 -1 437
-3.106 -1 -2.64 -1 -2.798 -1 -3.18 -2 170
-2.989 -1 -2.55 -1 -2.79 -1 -3.144 -1 232
-2.967 -1 -2.504 -1 -2.934 -1 -3.166 0 352
