8 1000 0.5 10 49 0 0 0 0
-3.5 -1 -2.982 -1 -3.126 -1 -3.278 -1 208
-3.202 -1 -2.756 -1 -2.834 -1 -3.118 -1 104
-2.976 -1 -2.578 -1 -2.708 -1 -3.126 -1 163
-2.917 -1 -2.518 -1 -2.752 -1 -3.016 -1 227
-2.884 -1 -2.452 -1 -2.55 -1 -2.942 -1 89
-2.746 -1 -2.366 -1 -2.586 -1 -2.994 -1 222
-2.79 -1 -2.37 -1 -2.568 -1 -2.98 -1 157
-2.774 -1 -2.35 -1 -2.606 -1 -3.004 -1 229
-2.805 -1 -2.394 -1 -2.458 -1 -2.9 -1 37
-2.679 -1 -2.288 -1 -2.536 -1 -2.95 -1 176
-2.743 -1 -2.33 -1 -2.4 -1 -2.874 -1 53
-2.637 -1 -2.226 -1 -2.412 -1 -2.834 -1 141
-2.623 -1 -2.204 -1 -2.216 -1 -2.762 -1 8
-2.489 -1 -2.128 -1 -2.408 -1 -2.852 -1 197
-2.63 -1 -2.216 -1 -2.496 -1 -2.934 -1 220
-2.715 -1 -2.262 -1 -2.392 -1 -2.772 -1 87
-2.582 -1 -2.194 -1 -2.224 -1 -2.756 -1 13
-2.49 -1 -2.128 -1 -2.164 -1 -2.708 -1 30
-2.436 -1 -2.09 -1 -2.378 -1 -2.85 -1 201
-2.614 -1 -2.162 -1 -2.474 -1 -2.844 -1 233
-2.659 -1 -2.22 -1 -2.518 -1 -2.92 -1 212
-2.719 -1 -2.272 -1 -2.372 -1 -2.76 -1 93
-2.566 -1 -2.184 -1 -2.368 -1 -2.814 -1 138
-2.591 -1 -2.216 -1 -2.296 -1 -2.75 -1 59
-2.523 -1 -2.16 -1 -2.218 -1 -2.708 -1 31
-2.463 -1 -2.11 -1 -2.452 -1 -2.832 -1 216
-2.642 -1 -2.214 -1 -2.504 -1 -2.864 -1 206
-2.684 -1 -2.248 -1 -2.55 -1 -2.922 -1 214
-2.736 -1 -2.302 -1 -2.44 -1 -2.832 -1 102
-2.636 -1 -2.23 -1 -2.334 -1 -2.86 -1 101
-2.597 -1 -2.242 -1 -2.516 -1 -2.808 -1 185
-2.662 -1 -2.21 -1 -2.526 -1 -2.886 -1 246
-2.706 -1 -2.256 -1 -2.53 -1 -2.91 -1 237
-2.72 -1 -2.304 -1 -2.44 -1 -2.798 -1 118
-2.619 -1 -2.23 -1 -2.288 -1 -2.778 -1 69
-2.533 -1 -2.172 -1 -2.448 -1 -2.866 -1 214
-2.657 -1 -2.264 -1 -2.336 -1 -2.746 -1 42
-2.541 -1 -2.15 -1 -2.306 -1 -2.736 -1 136
-2.521 -1 -2.134 -1 -2.292 -1 -2.698 -1 108
-2.495 -1 -2.098 -1 -2.286 -1 -2.808 -1 120
-2.547 -1 -2.154 -1 -2.418 -1 -2.8 -1 200
-2.609 -1 -2.17 -1 -2.45 -1 -2.872 -1 229
-2.661 -1 -2.248 -1 -2.434 -1 -2.806 -1 140
-2.62 -1 -2.182 -1 -2.236 -1 -2.684 -1 36
-2.46 -1 -2.094 -1 -2.17 -1 -2.688 -1 66
-2.429 -1 -2.054 -1 -2.35 -1 -2.774 -1 231
-2.562 -1 -2.172 -1 -2.304 -1 -2.792 -1 84
-2.548 -1 -2.162 -1 -2.18 -1 -2.708 -1 13
-2.444 -1 -2.08 -1 -2.354 -1 -2.786 0 173
