9 1000 0.9 7 414 0 0 0 0
-3.604 -1 -3.162 -1 -3.376 -1 -3.532 -2 369
-3.454 -1 -3.042 -1 -3.094 -1 -3.292 -1 76
-3.193 -1 -2.782 -1 -3.01 -1 -3.322 -2 270
-3.166 -1 -2.762 -1 -2.818 -1 -3.18 -1 55
-2.999 -1 -2.602 -1 -2.748 -1 -3.116 -1 113
-2.932 -1 -2.556 -1 -2.896 -1 -3.188 -1 308
-3.042 -1 -2.628 -1 -2.786 -1 -3.154 -1 159
-2.97 -1 -2.542 -1 -2.892 -1 -3.186 -1 319
-3.039 -1 -2.602 -1 -2.848 -1 -3.258 -1 246
-3.053 -1 -2.622 -1 -2.992 -1 -3.206 -1 382
-3.099 -1 -2.684 -1 -3.078 -1 -3.31 -1 429
-3.194 -1 -2.738 -1 -2.74 -1 -3.152 -1 2
-2.946 -1 -2.59 -1 -2.682 -1 -3.096 -1 60
-2.889 -1 -2.484 -1 -2.924 -1 -3.268 -1 442
-3.096 -1 -2.632 -1 -2.804 -1 -3.136 -1 119
-2.97 -1 -2.598 -1 -2.93 -1 -3.162 -1 323
-3.046 -1 -2.626 -1 -2.772 -1 -3.112 -1 124
-2.942 -1 -2.528 -1 -2.9 -1 -3.258 -1 417
-3.079 -1 -2.592 -1 -2.956 -1 -3.246 -1 354
-3.101 -1 -2.622 -1 -2.908 -1 -3.206 -1 236
-3.057 -1 -2.63 -1 -2.75 -1 -3.154 -1 145
-2.952 -1 -2.498 -1 -2.668 -1 -3.078 -1 155
-2.873 -1 -2.466 -1 -2.484 -1 -2.974 -1 25
-2.729 -1 -2.394 -1 -2.682 -1 -3.08 -1 257
-2.881 -1 -2.456 -1 -2.47 -1 -2.906 -1 12
-2.688 -1 -2.36 -1 -2.546 -1 -3.004 -1 148
-2.775 -1 -2.38 -1 -2.836 -1 -3.134 -1 428
-2.985 -1 -2.55 -1 -2.954 -1 -3.216 -1 407
-3.085 -1 -2.646 -1 -2.752 -1 -3.118 -1 106
-2.935 -1 -2.542 -1 -2.922 -1 -3.242 -1 406
-3.082 -1 -2.638 -1 -2.906 -1 -3.17 -1 284
-3.038 -1 -2.586 -1 -2.904 -1 -3.236 -1 338
-3.07 -1 -2.646 -1 -2.736 -1 -3.084 -1 89
-2.91 -1 -2.548 -1 -2.83 -1 -3.154 -1 224
-2.992 -1 -2.584 -1 -2.668 -1 -3.056 -1 67
-2.862 -1 -2.47 -1 -2.81 -1 -3.184 -1 266
-2.997 -1 -2.594 -1 -3.018 -1 -3.26 -1 406
-3.139 -1 -2.702 -1 -3.082 -1 -3.348 -2 377
-3.215 -1 -2.776 -1 -2.968 -1 -3.252 -1 189
-3.11 -1 -2.69 -1 -2.824 -1 -3.15 -1 146
-2.987 -1 -2.592 -1 -2.61 -1 -3 -1 4
-2.805 -1 -2.462 -1 -2.56 -1 -3.006 -1 81
-2.783 -1 -2.45 -1 -2.904 -1 -3.138 -1 376
-3.021 -1 -2.572 -1 -3.03 -1 -3.224 -1 434
-3.127 -1 -2.682 -1 -2.982 -1 -3.248 -1 251
-3.115 -1 -2.698 -1 -3.076 -1 -3.338 -2 389
-3.207 -1 -2.724 -1 -3.114 -1 -3.356 -1 422
-3.235 -1 -2.842 -1 -2.962 -1 -3.206 -1 177
-3.084 -1 -2.668 -1 -2.694 -1 -3.032 -1 17
-2.863 -1 -2.482 -1 -2.918 -1 -3.238 -1 400
-3.078 -1 -2.634 -1 -2.956 -1 -3.172 -1 368
-3.064 -1 -2.628 -1 -3.03 -1 -3.23 -1 402
-3.13 -1 -2.68 -1 -3.058 -1 -3.31 -1 356
-3.184 -1 -2.768 -1 -2.786 -1 -3.14 -1 23
-2.963 -1 -2.606 -1 -2.682 -1 -3.034 -1 85
-2.858 -1 -2.498 -1 -2.732 -1 -3.086 -1 207
-2.909 -1 -2.508 -1 -2.562 -1 -2.978 -1 40
-2.77 -1 -2.414 -1 -2.696 -1 -3.056 -1 204
-2.876 -1 -2.452 -1 -2.882 -1 -3.244 -1 329
-3.063 -1 -2.638 -1 -2.774 -1 -3.138 -1 130
-2.956 -1 -2.56 -1 -2.568 -1 -3.054 -1 12
-2.811 -1 -2.456 -1 -2.58 -1 -3.04 -1 106
-2.81 -1 -2.452 -1 -2.498 -1 -2.986 -1 29
-2.742 -1 -2.38 -1 -2.824 -1 -3.138 -1 359
-2.981 -1 -2.55 -1 -2.808 -1 -3.158 -1 199
-2.983 -1 -2.57 -1 -2.774 -1 -3.094 -1 171
-2.934 -1 -2.51 -1 -2.602 -1 -2.966 -1 58
-2.784 -1 -2.41 -1 -2.616 -1 -3.032 -1 160
-2.824 -1 -2.44 -1 -2.642 -1 -3.04 -1 159
-2.841 -1 -2.448 -1 -2.88 -1 -3.1 -1 399
-2.99 -1 -2.6 -1 -2.642 -1 -3.052 -1 36
-2.847 -1 -2.458 -1 -2.772 -1 -3.082 -1 278
-2.927 -1 -2.494 -1 -2.88 -1 -3.188 -1 316
-3.034 -1 -2.56 -1 -2.85 -1 -3.164 -1 207
-3.007 -1 -2.61 -1 -3.014 -1 -3.304 -1 328
-3.159 -1 -2.734 -1 -2.85 -1 -3.12 -1 136
-2.985 -1 -2.566 -1 -2.612 -1 -2.956 -1 30
-2.784 -1 -2.396 -1 -2.838 -1 -3.134 -1 413
-2.986 -1 -2.534 -1 -2.81 -1 -3.2 -1 247
-3.005 -1 -2.632 -1 -3.046 -1 -3.3 -1 422
-3.173 -1 -2.722 -1 -2.952 -1 -3.224 -1 245
-3.088 -1 -2.696 -1 -3.04 -1 -3.278 -1 339
-3.159 -1 -2.718 -1 -2.964 -1 -3.224 -1 270
-3.094 -1 -2.648 -1 -2.934 -1 -3.242 -1 273
-3.088 -1 -2.658 -1 -2.87 -1 -3.196 -1 213
-3.033 -1 -2.65 -1 -2.89 -1 -3.164 -1 194
-3.027 -1 -2.594 -1 -2.74 -1 -3.144 -1 169
-2.942 -1 -2.538 -1 -2.74 -1 -3.1 -1 152
-2.92 -1 -2.538 -1 -2.598 -1 -3.036 -1 39
-2.817 -1 -2.406 -1 -2.418 -1 -2.96 -1 7
-2.689 -1 -2.338 -1 -2.396 -1 -2.946 -1 46
-2.671 -1 -2.354 -1 -2.806 -1 -3.098 -1 353
-2.952 -1 -2.49 -1 -2.712 -1 -3.046 -1 195
-2.879 -1 -2.462 -1 -2.874 -1 -3.122 -1 367
-2.998 -1 -2.548 -1 -2.73 -1 -3.042 -1 124
-2.886 -1 -2.446 -1 -2.742 -1 -3.056 -1 220
-2.899 -1 -2.478 -1 -2.606 -1 -3.03 -1 80
-2.818 -1 -2.422 -1 -2.85 -1 -3.11 -1 409
-2.98 -1 -2.542 -1 -2.696 -1 -3.08 -1 144
-2.888 -1 -2.472 -1 -2.954 -1 -3.184 -1 447
-3.069 -1 -2.602 -1 -2.714 -1 -3.05 -1 93
-2.882 -1 -2.492 -1 -2.812 -1 -3.098 -1 299
-2.955 -1 -2.528 -1 -2.758 -1 -3.14 -1 233
-2.949 -1 -2.536 -1 -2.812 -1 -3.122 -1 220
-2.967 -1 -2.59 -1 -2.988 -1 -3.262 -1 397
-3.125 -1 -2.656 -1 -2.996 -1 -3.196 -1 409
-3.096 -1 -2.674 -1 -3.076 -1 -3.32 -1 444
-3.198 -1 -2.708 -1 -2.776 -1 -3.102 -1 94
-2.939 -1 -2.538 -1 -2.63 -1 -2.988 -1 72
-2.809 -1 -2.446 -1 -2.508 -1 -3.01 -1 38
-2.759 -1 -2.4 -1 -2.56 -1 -2.982 -1 103
-2.771 -1 -2.392 -1 -2.766 -1 -3.176 -1 263
-2.971 -1 -2.54 -1 -2.596 -1 -2.992 -1 49
-2.794 -1 -2.412 -1 -2.776 -1 -3.09 -1 262
-2.933 -1 -2.47 -1 -2.636 -1 -3.09 -1 129
-2.863 -1 -2.494 -1 -2.876 -1 -3.238 -2 366
-3.057 -1 -2.638 -1 -2.816 -1 -3.166 -1 201
-2.991 -1 -2.574 -1 -2.952 -1 -3.226 -1 392
-3.089 -1 -2.62 -1 -2.774 -1 -3.188 -1 118
-2.981 -1 -2.57 -1 -2.914 -1 -3.258 -1 283
-3.086 -1 -2.66 -1 -2.852 -1 -3.144 -1 187
-2.998 -1 -2.524 -1 -2.956 -1 -3.21 -1 405
-3.083 -1 -2.646 -1 -2.732 -1 -3.09 -1 87
-2.911 -1 -2.508 -1 -2.688 -1 -3.082 -1 143
-2.885 -1 -2.484 -1 -2.546 -1 -2.966 -1 46
-2.756 -1 -2.392 -1 -2.666 -1 -3.048 -1 266
-2.857 -1 -2.444 -1 -2.864 -1 -3.16 -1 323
-3.012 -1 -2.572 -1 -2.856 -1 -3.112 -1 240
-2.984 -1 -2.51 -1 -2.85 -1 -3.184 -1 385
-3.017 -1 -2.61 -1 -2.634 -1 -2.994 -1 21
-2.814 -1 -2.47 -1 -2.77 -1 -3.072 -1 230
-2.921 -1 -2.498 -1 -2.816 -1 -3.122 -1 310
-2.969 -1 -2.53 -1 -2.934 -1 -3.258 -1 379
-3.096 -1 -2.626 -1 -2.98 -1 -3.242 -1 375
-3.111 -1 -2.646 -1 -2.878 -1 -3.272 -1 202
-3.075 -1 -2.642 -1 -2.702 -1 -3.064 -1 39
-2.883 -1 -2.484 -1 -2.616 -1 -3.016 -1 118
-2.816 -1 -2.42 -1 -2.51 -1 -3.01 -1 77
-2.76 -1 -2.408 -1 -2.572 -1 -2.96 -1 147
-2.766 -1 -2.378 -1 -2.862 -1 -3.156 -1 406
-3.009 -1 -2.544 -1 -3.012 -1 -3.208 -1 440
-3.11 -1 -2.672 -1 -3.002 -1 -3.27 -1 309
-3.136 -1 -2.632 -1 -2.666 -1 -3.022 -1 50
-2.844 -1 -2.45 -1 -2.672 -1 -3.036 -1 164
-2.854 -1 -2.44 -1 -2.458 -1 -2.966 -1 16
-2.712 -1 -2.358 -1 -2.566 -1 -2.984 -1 149
-2.775 -1 -2.406 -1 -2.892 -1 -3.242 -1 399
-3.067 -1 -2.598 -1 -3.048 -1 -3.298 -1 440
-3.173 -1 -2.722 -1 -2.832 -1 -3.096 -1 82
-2.964 -1 -2.506 -1 -2.77 -1 -3.148 -1 214
-2.959 -1 -2.51 -1 -2.924 -1 -3.194 -1 382
-3.059 -1 -2.622 -1 -2.744 -1 -3.162 -1 111
-2.953 -1 -2.552 -1 -2.732 -1 -3.132 -1 144
-2.932 -1 -2.546 -1 -3 -1 -3.248 -1 418
-3.124 -1 -2.638 -1 -2.844 -1 -3.194 -1 191
-3.019 -1 -2.586 -1 -2.612 -1 -3.042 -1 16
-2.827 -1 -2.454 -1 -2.784 -1 -3.17 -1 269
-2.977 -1 -2.548 -1 -2.742 -1 -3.128 -1 154
-2.935 -1 -2.504 -1 -3.004 -1 -3.254 -1 409
-3.129 -1 -2.654 -1 -2.804 -1 -3.11 -1 132
-2.957 -1 -2.558 -1 -2.65 -1 -3.002 -1 48
-2.826 -1 -2.436 -1 -2.5 -1 -2.934 -1 56
-2.717 -1 -2.354 -1 -2.406 -1 -2.876 -1 28
-2.641 -1 -2.328 -1 -2.44 -1 -2.87 -1 63
-2.655 -1 -2.288 -1 -2.34 -1 -2.816 -1 41
-2.578 -1 -2.248 -1 -2.574 -1 -2.962 -1 222
-2.768 -1 -2.352 -1 -2.862 -1 -3.156 -1 443
-3.009 -1 -2.56 -1 -2.648 -1 -3.046 -1 69
-2.847 -1 -2.472 -1 -2.682 -1 -3 -1 133
-2.841 -1 -2.468 -1 -2.656 -1 -3.024 -1 124
-2.84 -1 -2.452 -1 -2.962 -1 -3.186 -1 432
-3.074 -1 -2.636 -1 -2.87 -1 -3.142 -1 241
-3.006 -1 -2.536 -1 -2.638 -1 -2.958 -1 84
-2.798 -1 -2.404 -1 -2.814 -1 -3.124 -1 363
-2.969 -1 -2.514 -1 -2.688 -1 -3.068 -1 147
-2.878 -1 -2.486 -1 -2.592 -1 -3.016 -1 97
-2.804 -1 -2.46 -1 -2.892 -1 -3.226 -1 396
-3.059 -1 -2.63 -1 -2.932 -1 -3.186 -1 323
-3.059 -1 -2.646 -1 -3.098 -1 -3.392 -1 444
-3.245 -1 -2.796 -1 -3.072 -1 -3.248 -1 273
-3.16 -1 -2.736 -1 -2.77 -1 -3.134 -1 46
-2.952 -1 -2.558 -1 -2.594 -1 -2.982 -1 24
-2.788 -1 -2.42 -1 -2.838 -1 -3.116 -1 406
-2.977 -1 -2.524 -1 -2.894 -1 -3.202 -1 349
-3.048 -1 -2.61 -1 -2.772 -1 -3.11 -1 142
-2.941 -1 -2.538 -1 -2.598 -1 -3.018 -1 64
-2.808 -1 -2.408 -1 -2.574 -1 -2.952 -1 133
-2.763 -1 -2.432 -1 -2.922 -1 -3.208 -1 386
-3.065 -1 -2.622 -1 -2.946 -1 -3.246 -1 416
-3.096 -1 -2.68 -1 -3.008 -1 -3.262 -1 365
-3.135 -1 -2.688 -1 -2.738 -1 -3.132 -2 46
-2.935 -1 -2.562 -1 -2.766 -1 -3.116 -1 202
-2.941 -1 -2.57 -1 -2.658 -1 -3.058 -1 77
-2.858 -1 -2.488 -1 -2.806 -1 -3.108 -1 265
-2.957 -1 -2.548 -1 -2.868 -1 -3.172 -1 341
-3.02 -1 -2.616 -1 -2.956 -1 -3.236 -1 305
-3.096 -1 -2.656 -1 -3.032 -1 -3.278 -1 407
-3.155 -1 -2.748 -1 -3.022 -1 -3.272 -1 361
-3.147 -1 -2.722 -1 -2.982 -1 -3.176 -1 244
-3.079 -1 -2.69 -1 -2.818 -1 -3.16 -1 170
-2.989 -1 -2.584 -1 -2.646 -1 -3.06 -1 43
-2.853 -1 -2.452 -1 -2.82 -1 -3.078 -1 286
-2.949 -1 -2.55 -1 -2.764 -1 -3.17 -1 187
-2.967 -1 -2.552 -1 -2.85 -1 -3.208 -1 305
-3.029 -1 -2.58 -1 -2.912 -1 -3.242 -1 334
-3.077 -1 -2.638 -1 -2.85 -1 -3.182 -1 202
-3.016 -1 -2.612 -1 -2.876 -1 -3.124 -1 228
-3 -1 -2.542 -1 -2.648 -1 -3.072 -1 79
-2.86 -1 -2.486 -1 -2.942 -1 -3.232 -1 408
-3.087 -1 -2.622 -1 -2.766 -1 -3.232 -1 138
-2.999 -1 -2.57 -1 -2.666 -1 -3.064 -1 79
-2.865 -1 -2.502 -1 -2.808 -1 -3.144 -1 265
-2.976 -1 -2.566 -1 -2.62 -1 -3.102 -1 80
-2.861 -1 -2.484 -1 -2.878 -1 -3.246 -1 338
-3.062 -1 -2.614 -1 -3.082 -1 -3.322 -1 437
-3.202 -1 -2.758 -1 -2.856 -1 -3.154 -2 95
-3.005 -1 -2.628 -1 -2.91 -1 -3.222 -1 368
-3.066 -1 -2.62 -1 -2.932 -1 -3.244 -1 400
-3.088 -1 -2.662 -1 -2.698 -1 -3.074 -1 27
-2.886 -1 -2.504 -1 -2.948 -1 -3.206 -1 425
-3.077 -1 -2.592 -1 -2.978 -1 -3.216 -1 308
-3.097 -1 -2.654 -1 -2.91 -1 -3.154 -1 304
-3.032 -1 -2.62 -1 -2.796 -1 -3.13 -1 148
-2.963 -1 -2.568 -1 -2.924 -1 -3.244 -1 397
-3.084 -1 -2.63 -1 -2.854 -1 -3.14 -1 204
-2.997 -1 -2.582 -1 -2.742 -1 -3.062 -1 134
-2.902 -1 -2.512 -1 -2.562 -1 -3.068 -1 40
-2.815 -1 -2.444 -1 -2.806 -1 -3.076 -1 363
-2.941 -1 -2.526 -1 -2.808 -1 -3.124 -1 304
-2.966 -1 -2.572 -1 -2.708 -1 -3.11 -1 140
-2.909 -1 -2.47 -1 -2.492 -1 -2.932 -1 11
-2.712 -1 -2.312 -1 -2.85 -1 -3.202 -1 376
-3.026 -1 -2.552 -1 -2.886 -1 -3.206 -1 329
-3.046 -1 -2.54 -1 -2.944 -1 -3.148 -1 330
-3.046 -1 -2.596 -1 -2.752 -1 -3.154 -1 142
-2.953 -1 -2.534 -1 -2.866 -1 -3.164 -1 282
-3.015 -1 -2.582 -1 -2.95 -1 -3.222 -1 421
-3.086 -1 -2.648 -1 -2.942 -1 -3.192 -1 265
-3.067 -1 -2.634 -1 -2.826 -1 -3.154 -1 144
-2.99 -1 -2.568 -1 -2.886 -1 -3.214 -1 317
-3.05 -1 -2.622 -1 -2.776 -1 -3.146 -1 155
-2.961 -1 -2.576 -1 -2.582 -1 -2.986 -1 8
-2.784 -1 -2.428 -1 -2.534 -1 -2.982 -1 94
-2.758 -1 -2.41 -1 -2.6 -1 -3.006 -1 150
-2.803 -1 -2.39 -1 -2.892 -1 -3.172 -1 412
-3.032 -1 -2.586 -1 -2.836 -1 -3.144 -1 270
-2.99 -1 -2.596 -1 -2.886 -1 -3.216 -1 247
-3.051 -1 -2.616 -1 -2.708 -1 -3.082 -1 65
-2.895 -1 -2.522 -1 -2.684 -1 -3.034 -1 114
-2.859 -1 -2.416 -1 -2.54 -1 -2.93 -1 72
-2.735 -1 -2.354 -1 -2.64 -1 -2.984 -1 204
-2.812 -1 -2.398 -1 -2.852 -1 -3.168 -1 344
-3.01 -1 -2.574 -1 -2.868 -1 -3.202 -1 252
-3.035 -1 -2.63 -1 -3.006 -1 -3.202 -1 386
-3.104 -1 -2.64 -1 -2.952 -1 -3.2 -1 289
-3.076 -1 -2.648 -1 -3.03 -1 -3.314 -1 437
-3.172 -1 -2.72 -1 -2.992 -1 -3.198 -1 239
-3.095 -1 -2.664 -1 -2.778 -1 -3.2 -1 153
-2.989 -1 -2.61 -1 -2.612 -1 -3.106 -1 8
-2.859 -1 -2.468 -1 -2.9 -1 -3.188 -1 375
-3.044 -1 -2.61 -1 -2.962 -1 -3.182 -1 352
-3.072 -1 -2.638 -1 -2.724 -1 -3.094 -1 78
-2.909 -1 -2.526 -1 -2.942 -1 -3.166 -1 374
-3.054 -1 -2.582 -1 -2.906 -1 -3.184 -1 280
-3.045 -1 -2.604 -1 -2.894 -1 -3.218 -1 261
-3.056 -1 -2.608 -1 -2.838 -1 -3.084 -1 244
-2.961 -1 -2.54 -1 -2.986 -1 -3.252 -1 428
-3.119 -1 -2.608 -1 -2.866 -1 -3.2 -1 246
-3.033 -1 -2.658 -1 -2.71 -1 -3.102 -1 36
-2.906 -1 -2.522 -1 -2.682 -1 -3.086 -1 132
-2.884 -1 -2.506 -1 -2.832 -1 -3.134 -1 310
-2.983 -1 -2.564 -1 -2.958 -1 -3.24 -1 433
-3.099 -1 -2.678 -1 -2.91 -1 -3.254 -1 231
-3.082 -1 -2.6 -1 -2.954 -1 -3.274 -1 372
-3.114 -1 -2.68 -1 -2.796 -1 -3.136 -1 76
-2.966 -1 -2.532 -1 -2.63 -1 -3.078 -1 86
-2.854 -1 -2.472 -1 -2.906 -1 -3.23 -1 399
-3.068 -1 -2.636 -1 -2.776 -1 -3.136 -1 132
-2.956 -1 -2.548 -1 -2.7 -1 -3.11 -1 132
-2.905 -1 -2.518 -1 -2.864 -1 -3.148 -1 322
-3.006 -1 -2.582 -1 -2.584 -1 -3.088 -1 11
-2.836 -1 -2.456 -1 -2.902 -1 -3.184 -1 408
-3.043 -1 -2.564 -1 -2.852 -1 -3.166 -1 292
-3.009 -1 -2.56 -1 -2.698 -1 -3.078 -1 117
-2.888 -1 -2.528 -1 -2.952 -1 -3.258 -1 412
-3.105 -1 -2.67 -1 -3.072 -1 -3.306 -1 430
-3.189 -1 -2.756 -1 -3.006 -1 -3.264 -1 302
-3.135 -1 -2.764 -1 -2.928 -1 -3.188 -1 144
-3.058 -1 -2.672 -1 -2.956 -1 -3.238 -1 306
-3.097 -1 -2.646 -1 -2.73 -1 -3.048 -1 97
-2.889 -1 -2.526 -1 -2.704 -1 -3.11 -1 130
-2.907 -1 -2.506 -1 -2.726 -1 -3.122 -1 179
-2.924 -1 -2.52 -1 -2.55 -1 -3.044 -1 15
-2.797 -1 -2.432 -1 -2.762 -1 -3.148 -1 291
-2.955 -1 -2.514 -1 -2.63 -1 -3.046 -1 87
-2.838 -1 -2.426 -1 -2.444 -1 -2.902 -1 12
-2.673 -1 -2.36 -1 -2.628 -1 -2.996 -1 232
-2.812 -1 -2.39 -1 -2.844 -1 -3.162 -1 399
-3.003 -1 -2.526 -1 -2.67 -1 -3.06 -1 116
-2.865 -1 -2.44 -1 -2.898 -1 -3.144 -1 389
-3.021 -1 -2.566 -1 -2.864 -1 -3.18 -1 302
-3.022 -1 -2.514 -1 -2.544 -1 -3.022 -1 35
-2.783 -1 -2.442 -1 -2.636 -1 -3.05 -1 122
-2.843 -1 -2.428 -1 -2.562 -1 -3.018 -1 102
-2.79 -1 -2.416 -1 -2.622 -1 -3.11 -1 170
-2.866 -1 -2.438 -1 -2.564 -1 -2.982 -1 80
-2.773 -1 -2.372 -1 -2.66 -1 -3.074 -1 240
-2.867 -1 -2.468 -1 -2.618 -1 -3.082 -1 121
-2.85 -1 -2.458 -1 -2.624 -1 -3.002 -1 134
-2.813 -1 -2.42 -1 -2.656 -1 -2.996 -1 176
-2.826 -1 -2.424 -1 -2.796 -1 -3.126 -1 324
-2.961 -1 -2.518 -1 -2.706 -1 -3.154 -1 115
-2.93 -1 -2.52 -1 -2.546 -1 -2.98 -1 27
-2.763 -1 -2.418 -1 -2.794 -1 -3.138 -1 325
-2.966 -1 -2.54 -1 -2.768 -1 -3.132 -1 211
-2.95 -1 -2.54 -1 -2.778 -1 -3.128 -1 240
-2.953 -1 -2.554 -1 -2.642 -1 -3.104 -1 81
-2.873 -1 -2.49 -1 -2.898 -1 -3.158 -1 355
-3.028 -1 -2.606 -1 -2.616 -1 -2.974 -1 7
-2.795 -1 -2.414 -1 -2.446 -1 -2.99 -1 22
-2.718 -1 -2.398 -1 -2.568 -1 -3.006 -1 116
-2.787 -1 -2.408 -1 -2.81 -1 -3.136 -1 358
-2.973 -1 -2.542 -1 -2.66 -1 -3.016 -1 93
-2.838 -1 -2.412 -1 -2.866 -1 -3.17 -1 417
-3.018 -1 -2.576 -1 -2.88 -1 -3.15 -1 303
-3.015 -1 -2.57 -1 -2.65 -1 -3.072 -1 85
-2.861 -1 -2.462 -1 -2.9 -1 -3.16 -1 407
-3.03 -1 -2.548 -1 -2.694 -1 -3.118 -1 105
-2.906 -1 -2.494 -1 -2.806 -1 -3.152 -1 232
-2.979 -1 -2.544 -1 -2.894 -1 -3.182 -1 308
-3.038 -1 -2.61 -1 -2.944 -1 -3.144 -1 303
-3.044 -1 -2.602 -1 -3.036 -1 -3.208 -1 379
-3.122 -1 -2.666 -1 -3.048 -1 -3.288 -1 403
-3.168 -1 -2.738 -1 -2.876 -1 -3.188 -1 116
-3.032 -1 -2.618 -1 -2.688 -1 -3.064 -1 59
-2.876 -1 -2.49 -1 -2.792 -1 -3.148 -1 199
-2.97 -1 -2.57 -1 -3.04 -1 -3.3 -1 414
-3.17 -1 -2.714 -1 -3.056 -1 -3.272 -1 327
-3.164 -1 -2.784 -1 -3.052 -1 -3.226 -1 361
-3.139 -1 -2.734 -1 -2.964 -1 -3.24 -1 245
-3.102 -1 -2.66 -1 -3.082 -1 -3.302 -1 399
-3.192 -1 -2.778 -1 -2.794 -1 -3.148 -1 20
-2.971 -1 -2.592 -1 -2.812 -1 -3.168 -1 171
-2.99 -1 -2.604 -1 -2.958 -1 -3.214 -1 389
-3.086 -1 -2.646 -1 -3.054 -1 -3.25 -1 370
-3.152 -1 -2.698 -1 -2.868 -1 -3.252 -1 205
-3.06 -1 -2.61 -1 -2.722 -1 -3.062 -1 109
-2.892 -1 -2.486 -1 -2.824 -1 -3.162 -1 275
-2.993 -1 -2.546 -1 -2.796 -1 -3.146 -1 201
-2.971 -1 -2.55 -1 -2.554 -1 -2.98 -1 5
-2.767 -1 -2.376 -1 -2.83 -1 -3.162 -1 341
-2.996 -1 -2.55 -1 -2.636 -1 -3.07 -1 69
-2.853 -1 -2.446 -1 -2.772 -1 -3.074 -1 212
-2.923 -1 -2.484 -1 -2.526 -1 -2.938 -1 28
-2.732 -1 -2.37 -1 -2.806 -1 -3.064 -1 306
-2.935 -1 -2.532 -1 -2.794 -1 -3.118 -1 236
-2.956 -1 -2.496 -1 -2.506 -1 -2.932 -1 1
-2.719 -1 -2.346 -1 -2.59 -1 -2.956 -1 220
-2.773 -1 -2.366 -1 -2.754 -1 -3.066 -1 318
-2.91 -1 -2.46 -1 -2.6 -1 -2.994 -1 82
-2.797 -1 -2.402 -1 -2.822 -1 -3.142 -1 356
-2.982 -1 -2.518 -1 -2.77 -1 -3.152 -1 252
-2.961 -1 -2.55 -1 -2.604 -1 -3.09 -1 46
-2.847 -1 -2.488 -1 -2.976 -1 -3.206 -1 405
-3.091 -1 -2.644 -1 -2.942 -1 -3.15 -1 285
-3.046 -1 -2.624 -1 -2.678 -1 -2.996 -1 36
-2.837 -1 -2.458 -1 -2.648 -1 -3.048 -1 177
-2.848 -1 -2.462 -1 -2.77 -1 -3.122 -1 295
-2.946 -1 -2.53 -1 -2.612 -1 -3.02 -1 79
-2.816 -1 -2.462 -1 -2.918 -1 -3.24 -1 431
-3.079 -1 -2.618 -1 -2.736 -1 -3.09 -1 109
-2.913 -1 -2.512 -1 -2.836 -1 -3.186 -1 304
-3.011 -1 -2.586 -1 -2.908 -1 -3.264 -1 351
-3.086 -1 -2.644 -1 -2.874 -1 -3.17 -1 244
-3.022 -1 -2.592 -1 -2.708 -1 -3.11 -1 86
-2.909 -1 -2.52 -1 -2.706 -1 -3.126 -1 166
-2.916 -1 -2.548 -1 -2.584 -1 -3.034 -1 24
-2.809 -1 -2.44 -1 -2.462 -1 -2.948 -1 19
-2.705 -1 -2.368 -1 -2.488 -1 -3.024 -1 90
-2.756 -1 -2.374 -1 -2.75 -1 -3.088 -1 290
-2.919 -1 -2.5 -1 -2.582 -1 -3.03 -1 51
-2.806 -1 -2.43 -1 -2.662 -1 -3.03 -1 187
-2.846 -1 -2.426 -1 -2.818 -1 -3.068 -1 285
-2.943 -1 -2.506 -1 -2.8 -1 -3.16 -1 232
-2.98 -1 -2.528 -1 -2.592 -1 -2.976 -1 56
-2.784 -1 -2.44 -1 -2.862 -1 -3.18 -1 410
-3.021 -1 -2.604 -1 -2.864 -1 -3.184 -1 218
-3.024 -1 -2.594 -1 -2.988 -1 -3.236 -1 384
-3.112 -1 -2.67 -1 -2.848 -1 -3.212 -1 173
-3.03 -1 -2.584 -1 -2.994 -1 -3.258 -1 412
-3.126 -1 -2.664 -1 -2.856 -1 -3.156 -1 183
-3.006 -1 -2.582 -1 -2.938 -1 -3.224 -1 363
-3.081 -1 -2.644 -1 -2.896 -1 -3.204 -1 217
-3.05 -1 -2.624 -1 -2.73 -1 -3.088 -1 115
-2.909 -1 -2.534 -1 -2.802 -1 -3.15 -1 192
-2.976 -1 -2.508 -1 -2.586 -1 -3.032 -1 27
-2.809 -1 -2.46 -1 -3.014 -1 -3.274 -1 449
-3.144 -1 -2.666 -1 -2.968 -1 -3.214 -1 408
-3.091 -1 -2.668 -1 -2.732 -1 -3.146 -1 67
-2.939 -1 -2.548 -1 -2.594 -1 -2.996 -1 51
-2.795 -1 -2.428 -1 -2.804 -1 -3.144 -1 287
-2.974 -1 -2.546 -1 -2.926 -1 -3.202 -1 319
-3.064 -1 -2.584 -1 -2.91 -1 -3.168 -1 304
-3.039 -1 -2.592 -1 -2.894 -1 -3.194 -1 261
-3.044 -1 -2.656 -1 -3.034 -1 -3.292 -1 368
-3.163 -1 -2.732 -1 -2.792 -1 -3.14 -1 68
-2.966 -1 -2.57 -1 -2.77 -1 -3.076 -1 154
-2.923 -1 -2.508 -1 -2.938 -1 -3.208 -1 380
-3.073 -1 -2.612 -1 -2.958 -1 -3.174 -1 261
-3.066 -1 -2.576 -1 -2.956 -1 -3.254 -1 375
-3.105 -1 -2.648 -1 -2.684 -1 -3.092 -1 28
-2.888 -1 -2.502 -1 -2.97 -1 -3.23 -1 434
-3.1 -1 -2.626 -1 -2.69 -1 -3.098 -1 28
-2.894 -1 -2.492 -1 -2.798 -1 -3.126 0 256
