9 1000 0.4 10 34 0 0 0 0
-3.636 -1 -3.112 -1 -3.228 -1 -3.404 -1 184
-3.316 -1 -2.874 -1 -3.004 -1 -3.258 -2 178
-3.131 -1 -2.708 -1 -2.808 -1 -3.1 -1 116
-2.954 -1 -2.552 -1 -2.58 -1 -3.078 -1 35
-2.829 -1 -2.458 -1 -2.562 -1 -2.97 -1 77
-2.766 -1 -2.384 -1 -2.48 -1 -3.002 -1 67
-2.741 -1 -2.37 -1 -2.58 -1 -3.006 -1 171
-2.793 -1 -2.406 -1 -2.62 -1 -3.092 -1 181
-2.856 -1 -2.446 -1 -2.658 -1 -3.052 -1 168
-2.855 -1 -2.44 -1 -2.492 -1 -2.95 -1 22
-2.721 -1 -2.37 -1 -2.61 -1 -3.004 -1 149
-2.807 -1 -2.388 -1 -2.55 -1 -3 -1 119
-2.775 -1 -2.37 -1 -2.48 -1 -2.97 -1 81
-2.725 -1 -2.344 -1 -2.612 -1 -3.042 -1 180
-2.827 -1 -2.382 -1 -2.424 -1 -2.882 -1 42
-2.653 -1 -2.284 -1 -2.454 -1 -2.918 -1 101
-2.686 -1 -2.29 -1 -2.498 -1 -2.972 -1 147
-2.735 -1 -2.298 -1 -2.482 -1 -2.994 -1 98
-2.738 -1 -2.312 -1 -2.392 -1 -2.914 -1 47
-2.653 -1 -2.25 -1 -2.362 -1 -2.886 -1 65
-2.624 -1 -2.218 -1 -2.356 -1 -2.858 -1 78
-2.607 -1 -2.242 -1 -2.274 -1 -2.906 -1 24
-2.59 -1 -2.236 -1 -2.508 -1 -2.9 -1 185
-2.704 -1 -2.272 -1 -2.534 -1 -2.946 -1 169
-2.74 -1 -2.336 -1 -2.592 -1 -3.03 -1 153
-2.811 -1 -2.388 -1 -2.404 -1 -2.94 -1 9
-2.672 -1 -2.31 -1 -2.608 -1 -3.076 -1 180
-2.842 -1 -2.392 -1 -2.5 -1 -2.952 -1 71
-2.726 -1 -2.334 -1 -2.416 -1 -2.902 -1 61
-2.659 -1 -2.306 -1 -2.542 -1 -2.924 -1 163
-2.733 -1 -2.32 -1 -2.342 -1 -2.794 -1 17
-2.568 -1 -2.228 -1 -2.324 -1 -2.862 -1 46
-2.593 -1 -2.218 -1 -2.542 -1 -2.95 -1 183
-2.746 -1 -2.282 -1 -2.48 -1 -2.922 0 119
