10 1000 0.1 6 1805 0 0 0 0
-3.81 -2 -3.402 -2 -3.456 -2 -3.682 -2 37
-3.569 -2 -3.166 -2 -3.19 -2 -3.528 -2 26
-3.359 -2 -2.978 -2 -3 -2 -3.396 -1 25
-3.198 -1 -2.822 -1 -2.856 -1 -3.268 -1 34
-3.062 -1 -2.688 -1 -2.738 -1 -3.204 -1 25
-2.971 -1 -2.668 -1 -2.67 -1 -3.16 -1 2
-2.915 -1 -2.636 -1 -2.654 -1 -3.032 -1 6
-2.843 -1 -2.502 -1 -2.574 -1 -3.098 -1 33
-2.836 -1 -2.492 -1 -2.554 -1 -3.026 -1 38
-2.79 -1 -2.442 -1 -2.482 -1 -3.054 -1 23
-2.768 -1 -2.432 -1 -2.508 -1 -3.01 -1 49
-2.759 -1 -2.4 -1 -2.484 -1 -2.984 -1 45
-2.734 -1 -2.434 -1 -2.432 -1 -2.934 -1 1
-2.683 -1 -2.372 -1 -2.408 -1 -2.922 -1 14
-2.665 -1 -2.372 -1 -2.412 -1 -2.938 -1 30
-2.675 -1 -2.336 -1 -2.336 -1 -2.918 -1 0
-2.627 -1 -2.32 -1 -2.386 -1 -2.932 -1 42
-2.659 -1 -2.346 -1 -2.354 -1 -2.862 -1 7
-2.608 -1 -2.272 -1 -2.296 -1 -2.882 -1 15
-2.589 -1 -2.276 -1 -2.294 -1 -2.882 -1 7
-2.588 -1 -2.284 -1 -2.288 -1 -2.83 -1 3
-2.559 -1 -2.268 -1 -2.336 -1 -2.886 -1 38
-2.611 -1 -2.282 -1 -2.308 -1 -2.868 -1 7
-2.588 -1 -2.268 -1 -2.32 -1 -2.854 -1 27
-2.587 -1 -2.272 -1 -2.346 -1 -2.854 -1 31
-2.6 -1 -2.264 -1 -2.264 -1 -2.812 -1 0
-2.538 -1 -2.196 -1 -2.218 -1 -2.8 -1 13
-2.509 -1 -2.236 -1 -2.29 -1 -2.832 -1 38
-2.561 -1 -2.268 -1 -2.33 -1 -2.812 -1 37
-2.571 -1 -2.196 -1 -2.294 -1 -2.836 -1 49
-2.565 -1 -2.226 -1 -2.268 -1 -2.77 -1 18
-2.519 -1 -2.164 -1 -2.2 -1 -2.728 -1 36
-2.464 -1 -2.16 -1 -2.16 -1 -2.632 -1 1
-2.396 -1 -2.09 -1 -2.122 -1 -2.668 -1 14
-2.395 -1 -2.058 -1 -2.114 -1 -2.606 -1 32
-2.36 -1 -1.986 -1 -2.05 -1 -2.55 -1 29
-2.3 -1 -1.928 -1 -1.958 -1 -2.462 -1 19
-2.21 -1 -1.868 -1 -1.922 -1 -2.37 -1 22
-2.146 -1 -1.81 -1 -1.868 -1 -2.292 -1 23
-2.08 -1 -1.732 -1 -1.74 -1 -2.166 -1 3
-1.953 -1 -1.638 -1 -1.748 -1 -2.048 -1 43
-1.898 -1 -1.562 -1 -1.664 -1 -2.07 -1 49
-1.867 -1 -1.518 -1 -1.65 -1 -1.966 -1 35
-1.808 -1 -1.432 -1 -1.538 -1 -1.842 -1 32
-1.69 -1 -1.33 -1 -1.394 -1 -1.684 -1 21
-1.539 -1 -1.25 -1 -1.312 -1 -1.612 -1 19
-1.462 -1 -1.19 -1 -1.19 -1 -1.428 -1 0
-1.309 -1 -1.1 -1 -1.172 -1 -1.41 -1 18
-1.291 -1 -1.118 -1 -1.23 -1 -1.41 -1 37
-1.32 -1 -1.098 -1 -1.112 -1 -1.318 -1 5
-1.215 -1 -1.066 -1 -1.198 -1 -1.412 -1 39
-1.305 -1 -1.114 -1 -1.142 -1 -1.318 -1 10
-1.23 -1 -1.074 -1 -1.228 -1 -1.4 -1 41
-1.314 -1 -1.104 -1 -1.178 -1 -1.32 -1 22
-1.249 -1 -1.088 -1 -1.234 -1 -1.388 -1 41
-1.311 -1 -1.1 -1 -1.26 -1 -1.398 -1 39
-1.329 -1 -1.124 -1 -1.186 -1 -1.312 -1 14
-1.249 -1 -1.076 -1 -1.154 -1 -1.258 -1 26
-1.206 -1 -1.072 -1 -1.23 -1 -1.378 -1 39
-1.304 -1 -1.086 -1 -1.138 -1 -1.272 -1 14
-1.205 -1 -1.058 -1 -1.076 -1 -1.154 -1 4
-1.115 -1 -1.018 -1 -1.138 -1 -1.226 -1 29
-1.182 -1 -1.05 -1 -1.076 -1 -1.158 -1 7
-1.117 -1 -1.036 -1 -1.042 -1 -1.11 -1 3
-1.076 -1 -1.01 -1 -1.016 -1 -1.058 -1 3
-1.037 -1 -1.002 -1 -1.024 -1 -1.082 -1 4
-1.053 -1 -1.006 -1 -1.106 -1 -1.186 -1 28
-1.146 -1 -1.048 -1 -1.21 -1 -1.27 -1 43
-1.24 -1 -1.07 -1 -1.212 -1 -1.278 -1 41
-1.245 -1 -1.06 -1 -1.22 -1 -1.34 -1 47
-1.28 -1 -1.102 -1 -1.2 -1 -1.274 -1 25
-1.237 -1 -1.064 -1 -1.224 -1 -1.298 -1 43
-1.261 -1 -1.086 -1 -1.164 -1 -1.262 -1 19
-1.213 -1 -1.072 -1 -1.206 -1 -1.282 -1 36
-1.244 -1 -1.062 -1 -1.062 -1 -1.126 -1 0
-1.094 -1 -1.018 -1 -1.076 -1 -1.126 -1 12
-1.101 -1 -1.028 -1 -1.078 -1 -1.13 -1 14
-1.104 -1 -1.024 -1 -1.126 -1 -1.19 -1 29
-1.158 -1 -1.03 -1 -1.118 -1 -1.16 -1 26
-1.139 -1 -1.038 -1 -1.2 -1 -1.28 -1 44
-1.24 -1 -1.058 -1 -1.174 -1 -1.252 -1 30
-1.213 -1 -1.06 -1 -1.148 -1 -1.212 -1 23
-1.18 -1 -1.066 -1 -1.232 -1 -1.318 -1 46
-1.275 -1 -1.106 -1 -1.17 -1 -1.24 -1 17
-1.205 -1 -1.052 -1 -1.152 -1 -1.248 -1 27
-1.2 -1 -1.054 -1 -1.196 -1 -1.286 -1 39
-1.241 -1 -1.092 -1 -1.156 -1 -1.224 -1 16
-1.19 -1 -1.048 -1 -1.108 -1 -1.17 -1 16
-1.139 -1 -1.03 -1 -1.034 -1 -1.074 -1 4
-1.054 -1 -1.012 -1 -1.036 -1 -1.064 -1 8
-1.05 -1 -1.012 -1 -1.174 -1 -1.254 -1 47
-1.214 -1 -1.066 -1 -1.082 -1 -1.118 -1 5
-1.1 -1 -1.032 -1 -1.188 -1 -1.232 -1 41
-1.21 -1 -1.05 -1 -1.104 -1 -1.184 -1 15
-1.144 -1 -1.042 -1 -1.082 -1 -1.12 -1 12
-1.101 -1 -1.014 -1 -1.11 -1 -1.162 -1 26
-1.136 -1 -1.028 -1 -1.098 -1 -1.154 -1 17
-1.126 -1 -1.04 -1 -1.216 -1 -1.298 -1 42
-1.257 -1 -1.08 -1 -1.21 -1 -1.268 -1 33
-1.239 -1 -1.06 -1 -1.192 -1 -1.248 -1 42
-1.22 -1 -1.054 -1 -1.23 -1 -1.318 -1 49
-1.274 -1 -1.086 -1 -1.258 -1 -1.336 -1 43
-1.297 -1 -1.084 -1 -1.13 -1 -1.174 -1 14
-1.152 -1 -1.032 -1 -1.156 -1 -1.232 -1 35
-1.194 -1 -1.07 -1 -1.082 -1 -1.112 -1 5
-1.097 -1 -1.016 -1 -1.116 -1 -1.154 -1 26
-1.135 -1 -1.038 -1 -1.138 -1 -1.192 -1 28
-1.165 -1 -1.048 -1 -1.092 -1 -1.116 -1 13
-1.104 -1 -1.016 -1 -1.158 -1 -1.248 -1 44
-1.203 -1 -1.074 -1 -1.2 -1 -1.31 -1 35
-1.255 -1 -1.11 -1 -1.208 -1 -1.272 -1 27
-1.24 -1 -1.058 -1 -1.2 -1 -1.288 -1 46
-1.244 -1 -1.096 -1 -1.2 -1 -1.27 -1 29
-1.235 -1 -1.08 -1 -1.214 -1 -1.288 -1 40
-1.251 -1 -1.082 -1 -1.15 -1 -1.206 -1 30
-1.178 -1 -1.058 -1 -1.186 -1 -1.26 -1 43
-1.223 -1 -1.072 -1 -1.072 -1 -1.104 -1 0
-1.088 -1 -1.018 -1 -1.152 -1 -1.208 -1 40
-1.18 -1 -1.044 -1 -1.068 -1 -1.102 -1 10
-1.085 -1 -1.016 -1 -1.15 -1 -1.198 -1 32
-1.174 -1 -1.054 -1 -1.162 -1 -1.232 -1 34
-1.197 -1 -1.048 -1 -1.108 -1 -1.142 -1 17
-1.125 -1 -1.048 -1 -1.092 -1 -1.14 -1 15
-1.116 -1 -1.026 -1 -1.052 -1 -1.076 -1 6
-1.064 -1 -1.012 -1 -1.1 -1 -1.156 -1 27
-1.128 -1 -1.036 -1 -1.16 -1 -1.224 -1 36
-1.192 -1 -1.05 -1 -1.206 -1 -1.272 -1 45
-1.239 -1 -1.078 -1 -1.202 -1 -1.28 -1 34
-1.241 -1 -1.078 -1 -1.204 -1 -1.278 -1 39
-1.241 -1 -1.072 -1 -1.086 -1 -1.12 -1 3
-1.103 -1 -1.03 -1 -1.102 -1 -1.156 -1 24
-1.129 -1 -1.048 -1 -1.154 -1 -1.228 -1 26
-1.191 -1 -1.072 -1 -1.102 -1 -1.15 -1 8
-1.126 -1 -1.026 -1 -1.028 -1 -1.038 -1 1
-1.033 -1 -1.008 -1 -1.156 -1 -1.232 -1 40
-1.194 -1 -1.064 -1 -1.166 -1 -1.24 -1 30
-1.203 -1 -1.068 -1 -1.234 -1 -1.332 -1 41
-1.283 -1 -1.122 -1 -1.26 -1 -1.308 -1 40
-1.284 -1 -1.06 -1 -1.148 -1 -1.176 -1 30
-1.162 -1 -1.04 -1 -1.152 -1 -1.224 -1 37
-1.188 -1 -1.074 -1 -1.168 -1 -1.204 -1 23
-1.186 -1 -1.052 -1 -1.108 -1 -1.13 -1 14
-1.119 -1 -1.024 -1 -1.142 -1 -1.186 -1 34
-1.164 -1 -1.044 -1 -1.202 -1 -1.238 -1 42
-1.22 -1 -1.05 -1 -1.21 -1 -1.264 -1 44
-1.237 -1 -1.064 -1 -1.09 -1 -1.1 -1 7
-1.095 -1 -1.024 -1 -1.154 -1 -1.214 -1 33
-1.184 -1 -1.058 -1 -1.222 -1 -1.288 -1 41
-1.255 -1 -1.062 -1 -1.18 -1 -1.212 -1 28
-1.196 -1 -1.06 -1 -1.208 -1 -1.29 -1 42
-1.249 -1 -1.09 -1 -1.146 -1 -1.204 -1 17
-1.175 -1 -1.046 -1 -1.072 -1 -1.106 -1 5
-1.089 -1 -1.018 -1 -1.084 -1 -1.112 -1 25
-1.098 -1 -1.018 -1 -1.16 -1 -1.232 -1 36
-1.196 -1 -1.056 -1 -1.064 -1 -1.088 -1 3
-1.076 -1 -1.012 -1 -1.066 -1 -1.094 -1 17
-1.08 -1 -1.014 -1 -1.154 -1 -1.214 -1 43
-1.184 -1 -1.054 -1 -1.086 -1 -1.116 -1 10
-1.101 -1 -1.016 -1 -1.114 -1 -1.16 -1 30
-1.137 -1 -1.036 -1 -1.122 -1 -1.158 -1 28
-1.14 -1 -1.05 -1 -1.194 -1 -1.25 -1 40
-1.222 -1 -1.07 -1 -1.178 -1 -1.262 -1 25
-1.22 -1 -1.074 -1 -1.196 -1 -1.232 -1 27
-1.214 -1 -1.056 -1 -1.192 -1 -1.252 -1 37
-1.222 -1 -1.086 -1 -1.112 -1 -1.13 -1 7
-1.121 -1 -1.024 -1 -1.138 -1 -1.196 -1 31
-1.167 -1 -1.048 -1 -1.146 -1 -1.19 -1 31
-1.168 -1 -1.052 -1 -1.052 -1 -1.07 -1 0
-1.061 -1 -1.004 -1 -1.112 -1 -1.148 -1 28
-1.13 -1 -1.038 -1 -1.132 -1 -1.166 -1 21
-1.149 -1 -1.054 -1 -1.152 -1 -1.202 -1 31
-1.177 -1 -1.068 -1 -1.146 -1 -1.186 -1 25
-1.166 -1 -1.054 -1 -1.18 -1 -1.252 -1 35
-1.216 -1 -1.092 -1 -1.114 -1 -1.14 -1 4
-1.127 -1 -1.03 -1 -1.03 -1 -1.044 -1 0
-1.037 -1 -1.004 -1 -1.162 -1 -1.21 -1 44
-1.186 -1 -1.074 -1 -1.162 -1 -1.218 -1 24
-1.19 -1 -1.05 -1 -1.126 -1 -1.156 -1 22
-1.141 -1 -1.022 -1 -1.14 -1 -1.202 -1 28
-1.171 -1 -1.06 -1 -1.146 -1 -1.182 -1 29
-1.164 -1 -1.028 -1 -1.182 -1 -1.252 -1 46
-1.217 -1 -1.068 -1 -1.198 -1 -1.238 -1 39
-1.218 -1 -1.054 -1 -1.172 -1 -1.256 -1 33
-1.214 -1 -1.074 -1 -1.09 -1 -1.14 -1 7
-1.115 -1 -1.028 -1 -1.124 -1 -1.172 -1 26
-1.148 -1 -1.03 -1 -1.114 -1 -1.166 -1 22
-1.14 -1 -1.034 -1 -1.21 -1 -1.294 -1 49
-1.252 -1 -1.076 -1 -1.136 -1 -1.172 -1 14
-1.154 -1 -1.036 -1 -1.19 -1 -1.272 -1 46
-1.231 -1 -1.066 -1 -1.18 -1 -1.24 -1 36
-1.21 -1 -1.06 -1 -1.06 -1 -1.084 -1 0
-1.072 -1 -1.008 -1 -1.012 -1 -1.036 -1 2
-1.024 -1 -1.002 -1 -1.034 -1 -1.054 -1 8
-1.044 -1 -1.012 -1 -1.072 -1 -1.11 -1 18
-1.091 -1 -1.026 -1 -1.052 -1 -1.074 -1 6
-1.063 -1 -1.016 -1 -1.024 -1 -1.048 -1 3
-1.036 -1 -1.012 -1 -1.162 -1 -1.24 -1 40
-1.201 -1 -1.068 -1 -1.118 -1 -1.148 -1 15
-1.133 -1 -1.044 -1 -1.166 -1 -1.218 -1 30
-1.192 -1 -1.054 -1 -1.206 -1 -1.242 -1 49
-1.224 -1 -1.06 -1 -1.216 -1 -1.266 -1 40
-1.241 -1 -1.078 -1 -1.174 -1 -1.206 -1 23
-1.19 -1 -1.044 -1 -1.178 -1 -1.22 -1 43
-1.199 -1 -1.054 -1 -1.07 -1 -1.092 -1 5
-1.081 -1 -1.022 -1 -1.056 -1 -1.084 -1 7
-1.07 -1 -1.018 -1 -1.084 -1 -1.12 -1 24
-1.102 -1 -1.03 -1 -1.19 -1 -1.244 -1 42
-1.217 -1 -1.068 -1 -1.194 -1 -1.284 -1 33
-1.239 -1 -1.086 -1 -1.11 -1 -1.15 -1 10
-1.13 -1 -1.032 -1 -1.168 -1 -1.218 -1 34
-1.193 -1 -1.062 -1 -1.168 -1 -1.23 -1 30
-1.199 -1 -1.06 -1 -1.086 -1 -1.118 -1 8
-1.102 -1 -1.03 -1 -1.048 -1 -1.08 -1 7
-1.064 -1 -1.01 -1 -1.01 -1 -1.024 -1 0
-1.017 -1 -1 -1 -1.02 -1 -1.024 -1 7
-1.022 -1 -1.006 -1 -1.158 -1 -1.208 -1 35
-1.183 -1 -1.052 -1 -1.184 -1 -1.206 -1 35
-1.195 -1 -1.066 -1 -1.136 -1 -1.148 -1 18
-1.142 -1 -1.038 -1 -1.074 -1 -1.106 -1 10
-1.09 -1 -1.016 -1 -1.094 -1 -1.154 -1 21
-1.124 -1 -1.034 -1 -1.16 -1 -1.206 -1 31
-1.183 -1 -1.048 -1 -1.058 -1 -1.082 -1 2
-1.07 -1 -1.014 -1 -1.162 -1 -1.22 -1 38
-1.191 -1 -1.062 -1 -1.222 -1 -1.306 -1 44
-1.264 -1 -1.078 -1 -1.118 -1 -1.146 -1 11
-1.132 -1 -1.032 -1 -1.108 -1 -1.134 -1 21
-1.121 -1 -1.024 -1 -1.062 -1 -1.072 -1 8
-1.067 -1 -1.01 -1 -1.144 -1 -1.186 -1 40
-1.165 -1 -1.04 -1 -1.122 -1 -1.18 -1 21
-1.151 -1 -1.05 -1 -1.05 -1 -1.058 -1 0
-1.054 -1 -1 -1 -1.04 -1 -1.054 -1 15
-1.047 -1 -1.012 -1 -1.156 -1 -1.216 -1 41
-1.186 -1 -1.064 -1 -1.238 -1 -1.288 -1 49
-1.263 -1 -1.096 -1 -1.232 -1 -1.288 -1 40
-1.26 -1 -1.072 -1 -1.082 -1 -1.092 -1 3
-1.087 -1 -1.014 -1 -1.104 -1 -1.134 -1 24
-1.119 -1 -1.048 -1 -1.172 -1 -1.218 -1 37
-1.195 -1 -1.048 -1 -1.094 -1 -1.12 -1 14
-1.107 -1 -1.034 -1 -1.14 -1 -1.202 -1 30
-1.171 -1 -1.052 -1 -1.066 -1 -1.082 -1 5
-1.074 -1 -1.022 -1 -1.036 -1 -1.054 -1 6
-1.045 -1 -1.008 -1 -1.08 -1 -1.12 -1 25
-1.1 -1 -1.032 -1 -1.086 -1 -1.142 -1 17
-1.114 -1 -1.04 -1 -1.164 -1 -1.19 -1 27
-1.177 -1 -1.054 -1 -1.164 -1 -1.226 -1 35
-1.195 -1 -1.052 -1 -1.094 -1 -1.118 -1 10
-1.106 -1 -1.032 -1 -1.16 -1 -1.224 -1 33
-1.192 -1 -1.062 -1 -1.082 -1 -1.1 -1 7
-1.091 -1 -1.012 -1 -1.17 -1 -1.224 -1 43
-1.197 -1 -1.052 -1 -1.126 -1 -1.164 -1 19
-1.145 -1 -1.032 -1 -1.066 -1 -1.088 -1 11
-1.077 -1 -1.018 -1 -1.112 -1 -1.14 -1 23
-1.126 -1 -1.042 -1 -1.128 -1 -1.15 -1 20
-1.139 -1 -1.04 -1 -1.188 -1 -1.24 -1 49
-1.214 -1 -1.08 -1 -1.162 -1 -1.23 -1 22
-1.196 -1 -1.082 -1 -1.112 -1 -1.162 -1 7
-1.137 -1 -1.038 -1 -1.11 -1 -1.15 -1 20
-1.13 -1 -1.04 -1 -1.098 -1 -1.126 -1 21
-1.112 -1 -1.03 -1 -1.128 -1 -1.154 -1 32
-1.141 -1 -1.034 -1 -1.078 -1 -1.106 -1 10
-1.092 -1 -1.02 -1 -1.124 -1 -1.176 -1 30
-1.15 -1 -1.034 -1 -1.172 -1 -1.226 -1 39
-1.199 -1 -1.068 -1 -1.2 -1 -1.266 -1 36
-1.233 -1 -1.072 -1 -1.074 -1 -1.096 -1 1
-1.085 -1 -1.01 -1 -1.112 -1 -1.14 -1 28
-1.126 -1 -1.032 -1 -1.176 -1 -1.27 -1 47
-1.223 -1 -1.094 -1 -1.174 -1 -1.224 -1 23
-1.199 -1 -1.06 -1 -1.162 -1 -1.214 -1 24
-1.188 -1 -1.044 -1 -1.084 -1 -1.12 -1 9
-1.102 -1 -1.026 -1 -1.076 -1 -1.092 -1 14
-1.084 -1 -1.01 -1 -1.14 -1 -1.186 -1 35
-1.163 -1 -1.042 -1 -1.046 -1 -1.056 -1 1
-1.051 -1 -1.002 -1 -1.128 -1 -1.15 -1 38
-1.139 -1 -1.038 -1 -1.132 -1 -1.188 -1 27
-1.16 -1 -1.044 -1 -1.114 -1 -1.164 -1 16
-1.139 -1 -1.05 -1 -1.108 -1 -1.142 -1 18
-1.125 -1 -1.04 -1 -1.158 -1 -1.206 -1 25
-1.182 -1 -1.052 -1 -1.172 -1 -1.212 -1 33
-1.192 -1 -1.054 -1 -1.088 -1 -1.116 -1 10
-1.102 -1 -1.012 -1 -1.082 -1 -1.108 -1 26
-1.095 -1 -1.028 -1 -1.12 -1 -1.178 -1 26
-1.149 -1 -1.036 -1 -1.044 -1 -1.058 -1 4
-1.051 -1 -1.006 -1 -1.01 -1 -1.014 -1 2
-1.012 -1 -1.002 -1 -1.174 -1 -1.238 -1 45
-1.206 -1 -1.076 -1 -1.098 -1 -1.108 -1 3
-1.103 -1 -1.022 -1 -1.176 -1 -1.212 -1 46
-1.194 -1 -1.066 -1 -1.1 -1 -1.132 -1 8
-1.116 -1 -1.03 -1 -1.124 -1 -1.17 -1 24
-1.147 -1 -1.038 -1 -1.112 -1 -1.16 -1 21
-1.136 -1 -1.048 -1 -1.062 -1 -1.082 -1 9
-1.072 -1 -1.012 -1 -1.19 -1 -1.242 -1 47
-1.216 -1 -1.07 -1 -1.148 -1 -1.226 -1 21
-1.187 -1 -1.052 -1 -1.188 -1 -1.274 -1 43
-1.231 -1 -1.096 -1 -1.252 -1 -1.318 -1 46
-1.285 -1 -1.086 -1 -1.256 -1 -1.322 -1 46
-1.289 -1 -1.094 -1 -1.154 -1 -1.218 -1 13
-1.186 -1 -1.07 -1 -1.124 -1 -1.172 -1 16
-1.148 -1 -1.034 -1 -1.068 -1 -1.11 -1 11
-1.089 -1 -1.032 -1 -1.112 -1 -1.156 -1 25
-1.134 -1 -1.04 -1 -1.166 -1 -1.214 -1 39
-1.19 -1 -1.056 -1 -1.17 -1 -1.236 -1 39
-1.203 -1 -1.06 -1 -1.092 -1 -1.124 -1 14
-1.108 -1 -1.032 -1 -1.152 -1 -1.194 -1 28
-1.173 -1 -1.036 -1 -1.182 -1 -1.224 -1 42
-1.203 -1 -1.056 -1 -1.176 -1 -1.238 -1 32
-1.207 -1 -1.06 -1 -1.16 -1 -1.216 -1 24
-1.188 -1 -1.044 -1 -1.136 -1 -1.2 -1 20
-1.168 -1 -1.06 -1 -1.07 -1 -1.08 -1 3
-1.075 -1 -1.014 -1 -1.088 -1 -1.118 -1 18
-1.103 -1 -1.022 -1 -1.126 -1 -1.17 -1 27
-1.148 -1 -1.04 -1 -1.092 -1 -1.132 -1 20
-1.112 -1 -1.02 -1 -1.092 -1 -1.108 -1 22
-1.1 -1 -1.018 -1 -1.082 -1 -1.102 -1 20
-1.092 -1 -1.02 -1 -1.166 -1 -1.254 -1 40
-1.21 -1 -1.058 -1 -1.058 -1 -1.07 -1 0
-1.064 -1 -1.004 -1 -1.174 -1 -1.248 -1 46
-1.211 -1 -1.074 -1 -1.132 -1 -1.186 -1 18
-1.159 -1 -1.05 -1 -1.15 -1 -1.202 -1 31
-1.176 -1 -1.058 -1 -1.086 -1 -1.126 -1 10
-1.106 -1 -1.03 -1 -1.168 -1 -1.186 -1 42
-1.177 -1 -1.04 -1 -1.15 -1 -1.198 -1 28
-1.174 -1 -1.046 -1 -1.05 -1 -1.066 -1 1
-1.058 -1 -1.012 -1 -1.11 -1 -1.142 -1 28
-1.126 -1 -1.038 -1 -1.182 -1 -1.234 -1 34
-1.208 -1 -1.066 -1 -1.198 -1 -1.26 -1 41
-1.229 -1 -1.074 -1 -1.09 -1 -1.126 -1 4
-1.108 -1 -1.024 -1 -1.134 -1 -1.2 -1 31
-1.167 -1 -1.05 -1 -1.058 -1 -1.076 -1 3
-1.067 -1 -1.01 -1 -1.024 -1 -1.054 -1 4
-1.039 -1 -1.01 -1 -1.024 -1 -1.048 -1 3
-1.036 -1 -1.012 -1 -1.024 -1 -1.03 -1 3
-1.027 -1 -1.004 -1 -1.12 -1 -1.164 -1 34
-1.142 -1 -1.04 -1 -1.16 -1 -1.194 -1 37
-1.177 -1 -1.05 -1 -1.254 -1 -1.29 -1 49
-1.272 -1 -1.076 -1 -1.08 -1 -1.11 -1 1
-1.095 -1 -1.018 -1 -1.11 -1 -1.168 -1 23
-1.139 -1 -1.05 -1 -1.08 -1 -1.106 -1 8
-1.093 -1 -1.012 -1 -1.12 -1 -1.172 -1 30
-1.146 -1 -1.046 -1 -1.11 -1 -1.142 -1 12
-1.126 -1 -1.022 -1 -1.196 -1 -1.262 -1 46
-1.229 -1 -1.068 -1 -1.196 -1 -1.26 -1 39
-1.228 -1 -1.076 -1 -1.15 -1 -1.206 -1 18
-1.178 -1 -1.056 -1 -1.086 -1 -1.116 -1 9
-1.101 -1 -1.028 -1 -1.158 -1 -1.202 -1 33
-1.18 -1 -1.044 -1 -1.142 -1 -1.176 -1 24
-1.159 -1 -1.038 -1 -1.126 -1 -1.172 -1 29
-1.149 -1 -1.042 -1 -1.21 -1 -1.286 -1 42
-1.248 -1 -1.09 -1 -1.19 -1 -1.232 -1 33
-1.211 -1 -1.074 -1 -1.1 -1 -1.158 -1 8
-1.129 -1 -1.058 -1 -1.062 -1 -1.084 -1 1
-1.073 -1 -1.014 -1 -1.05 -1 -1.078 -1 13
-1.064 -1 -1.016 -1 -1.11 -1 -1.158 -1 24
-1.134 -1 -1.04 -1 -1.082 -1 -1.098 -1 12
-1.09 -1 -1.016 -1 -1.118 -1 -1.146 -1 29
-1.132 -1 -1.052 -1 -1.11 -1 -1.132 -1 14
-1.121 -1 -1.026 -1 -1.028 -1 -1.04 -1 1
-1.034 -1 -1.008 -1 -1.058 -1 -1.084 -1 15
-1.071 -1 -1.02 -1 -1.156 -1 -1.218 -1 47
-1.187 -1 -1.044 -1 -1.176 -1 -1.244 -1 43
-1.21 -1 -1.084 -1 -1.23 -1 -1.294 -1 41
-1.262 -1 -1.074 -1 -1.094 -1 -1.12 -1 10
-1.107 -1 -1.016 -1 -1.058 -1 -1.102 -1 7
-1.08 -1 -1.022 -1 -1.022 -1 -1.032 -1 0
-1.027 -1 -1 -1 -1.186 -1 -1.246 -1 47
-1.216 -1 -1.062 -1 -1.092 -1 -1.128 -1 10
-1.11 -1 -1.034 -1 -1.152 -1 -1.208 -1 28
-1.18 -1 -1.044 -1 -1.166 -1 -1.238 -1 40
-1.202 -1 -1.06 -1 -1.078 -1 -1.116 -1 5
-1.097 -1 -1.028 -1 -1.164 -1 -1.196 -1 38
-1.18 -1 -1.042 -1 -1.154 -1 -1.19 -1 30
-1.172 -1 -1.04 -1 -1.192 -1 -1.264 -1 42
-1.228 -1 -1.078 -1 -1.116 -1 -1.168 -1 12
-1.142 -1 -1.034 -1 -1.106 -1 -1.138 -1 21
-1.122 -1 -1.046 -1 -1.184 -1 -1.222 -1 35
-1.203 -1 -1.058 -1 -1.152 -1 -1.214 -1 23
-1.183 -1 -1.056 -1 -1.14 -1 -1.192 -1 22
-1.166 -1 -1.044 -1 -1.128 -1 -1.168 -1 22
-1.148 -1 -1.036 -1 -1.218 -1 -1.27 -1 43
-1.244 -1 -1.072 -1 -1.098 -1 -1.136 -1 11
-1.117 -1 -1.034 -1 -1.052 -1 -1.066 -1 4
-1.059 -1 -1.01 -1 -1.016 -1 -1.028 -1 3
-1.022 -1 -1.008 -1 -1.162 -1 -1.204 -1 44
-1.183 -1 -1.042 -1 -1.146 -1 -1.204 -1 34
-1.175 -1 -1.044 -1 -1.182 -1 -1.228 -1 41
-1.205 -1 -1.066 -1 -1.216 -1 -1.278 -1 46
-1.247 -1 -1.078 -1 -1.138 -1 -1.182 -1 12
-1.16 -1 -1.044 -1 -1.184 -1 -1.252 -1 41
-1.218 -1 -1.068 -1 -1.158 -1 -1.212 -1 28
-1.185 -1 -1.058 -1 -1.1 -1 -1.128 -1 12
-1.114 -1 -1.028 -1 -1.162 -1 -1.21 -1 37
-1.186 -1 -1.038 -1 -1.078 -1 -1.118 -1 10
-1.098 -1 -1.028 -1 -1.062 -1 -1.08 -1 11
-1.071 -1 -1.01 -1 -1.186 -1 -1.228 -1 47
-1.207 -1 -1.052 -1 -1.194 -1 -1.242 -1 39
-1.218 -1 -1.082 -1 -1.148 -1 -1.18 -1 19
-1.164 -1 -1.052 -1 -1.082 -1 -1.12 -1 6
-1.101 -1 -1.042 -1 -1.14 -1 -1.192 -1 31
-1.166 -1 -1.062 -1 -1.14 -1 -1.168 -1 28
-1.154 -1 -1.03 -1 -1.042 -1 -1.058 -1 3
-1.05 -1 -1.014 -1 -1.104 -1 -1.156 -1 26
-1.13 -1 -1.042 -1 -1.056 -1 -1.068 -1 5
-1.062 -1 -1.014 -1 -1.122 -1 -1.154 -1 37
-1.138 -1 -1.034 -1 -1.212 -1 -1.268 -1 44
-1.24 -1 -1.072 -1 -1.146 -1 -1.19 -1 22
-1.168 -1 -1.05 -1 -1.136 -1 -1.18 -1 24
-1.158 -1 -1.038 -1 -1.088 -1 -1.126 -1 16
-1.107 -1 -1.028 -1 -1.188 -1 -1.248 -1 46
-1.218 -1 -1.076 -1 -1.22 -1 -1.302 -1 48
-1.261 -1 -1.096 -1 -1.148 -1 -1.2 -1 15
-1.174 -1 -1.042 -1 -1.186 -1 -1.244 -1 40
-1.215 -1 -1.056 -1 -1.094 -1 -1.132 -1 10
-1.113 -1 -1.024 -1 -1.186 -1 -1.23 -1 42
-1.208 -1 -1.048 -1 -1.226 -1 -1.284 -1 45
-1.255 -1 -1.082 -1 -1.108 -1 -1.14 -1 6
-1.124 -1 -1.034 -1 -1.176 -1 -1.24 -1 42
-1.208 -1 -1.062 -1 -1.236 -1 -1.296 -1 48
-1.266 -1 -1.072 -1 -1.198 -1 -1.262 -1 36
-1.23 -1 -1.066 -1 -1.212 -1 -1.292 -1 37
-1.252 -1 -1.074 -1 -1.134 -1 -1.158 -1 14
-1.146 -1 -1.044 -1 -1.186 -1 -1.232 -1 47
-1.209 -1 -1.06 -1 -1.22 -1 -1.336 -1 41
-1.278 -1 -1.1 -1 -1.216 -1 -1.282 -1 31
-1.249 -1 -1.07 -1 -1.166 -1 -1.262 -1 29
-1.214 -1 -1.076 -1 -1.118 -1 -1.144 -1 13
-1.131 -1 -1.038 -1 -1.158 -1 -1.216 -1 39
-1.187 -1 -1.052 -1 -1.114 -1 -1.162 -1 18
-1.138 -1 -1.044 -1 -1.202 -1 -1.27 -1 45
-1.236 -1 -1.092 -1 -1.128 -1 -1.162 -1 9
-1.145 -1 -1.03 -1 -1.09 -1 -1.148 -1 17
-1.119 -1 -1.04 -1 -1.106 -1 -1.182 -1 21
-1.144 -1 -1.044 -1 -1.16 -1 -1.226 -1 34
-1.193 -1 -1.048 -1 -1.192 -1 -1.266 -1 42
-1.229 -1 -1.074 -1 -1.106 -1 -1.166 -1 10
-1.136 -1 -1.038 -1 -1.042 -1 -1.078 -1 2
-1.06 -1 -1.012 -1 -1.178 -1 -1.264 -1 47
-1.221 -1 -1.078 -1 -1.228 -1 -1.3 -1 45
-1.264 -1 -1.072 -1 -1.226 -1 -1.274 -1 47
-1.25 -1 -1.06 -1 -1.184 -1 -1.208 -1 36
-1.196 -1 -1.042 -1 -1.122 -1 -1.156 -1 23
-1.139 -1 -1.028 -1 -1.086 -1 -1.132 -1 22
-1.109 -1 -1.024 -1 -1.108 -1 -1.156 -1 22
-1.132 -1 -1.04 -1 -1.178 -1 -1.238 -1 47
-1.208 -1 -1.062 -1 -1.076 -1 -1.142 -1 4
-1.109 -1 -1.024 -1 -1.216 -1 -1.302 -1 48
-1.259 -1 -1.1 -1 -1.226 -1 -1.282 -1 35
-1.254 -1 -1.086 -1 -1.102 -1 -1.146 -1 2
-1.124 -1 -1.016 -1 -1.042 -1 -1.08 -1 9
-1.061 -1 -1.014 -1 -1.102 -1 -1.14 -1 25
-1.121 -1 -1.034 -1 -1.102 -1 -1.146 -1 22
-1.124 -1 -1.042 -1 -1.048 -1 -1.068 -1 1
-1.058 -1 -1.01 -1 -1.014 -1 -1.036 -1 1
-1.025 -1 -1.002 -1 -1.158 -1 -1.19 -1 40
-1.174 -1 -1.04 -1 -1.174 -1 -1.214 -1 44
-1.194 -1 -1.04 -1 -1.156 -1 -1.198 -1 32
-1.177 -1 -1.046 -1 -1.15 -1 -1.19 -1 29
-1.17 -1 -1.064 -1 -1.07 -1 -1.09 -1 2
-1.08 -1 -1.01 -1 -1.014 -1 -1.022 -1 1
-1.018 -1 -1 -1 -1.15 -1 -1.21 -1 45
-1.18 -1 -1.054 -1 -1.17 -1 -1.256 -1 35
-1.213 -1 -1.086 -1 -1.19 -1 -1.24 -1 28
-1.215 -1 -1.058 -1 -1.17 -1 -1.216 -1 31
-1.193 -1 -1.034 -1 -1.17 -1 -1.258 -1 34
-1.214 -1 -1.082 -1 -1.166 -1 -1.23 -1 28
-1.198 -1 -1.04 -1 -1.118 -1 -1.154 -1 19
-1.136 -1 -1.028 -1 -1.136 -1 -1.186 -1 25
-1.161 -1 -1.04 -1 -1.162 -1 -1.208 -1 33
-1.185 -1 -1.06 -1 -1.158 -1 -1.182 -1 25
-1.17 -1 -1.03 -1 -1.078 -1 -1.124 -1 12
-1.101 -1 -1.032 -1 -1.112 -1 -1.138 -1 16
-1.125 -1 -1.034 -1 -1.036 -1 -1.054 -1 1
-1.045 -1 -1.006 -1 -1.076 -1 -1.1 -1 22
-1.088 -1 -1.022 -1 -1.116 -1 -1.156 -1 28
-1.136 -1 -1.038 -1 -1.178 -1 -1.218 -1 38
-1.198 -1 -1.056 -1 -1.212 -1 -1.312 -1 42
-1.262 -1 -1.088 -1 -1.146 -1 -1.208 -1 18
-1.177 -1 -1.068 -1 -1.146 -1 -1.192 -1 18
-1.169 -1 -1.04 -1 -1.064 -1 -1.106 -1 8
-1.085 -1 -1.022 -1 -1.126 -1 -1.164 -1 33
-1.145 -1 -1.034 -1 -1.126 -1 -1.156 -1 25
-1.141 -1 -1.03 -1 -1.046 -1 -1.072 -1 4
-1.059 -1 -1.01 -1 -1.126 -1 -1.188 -1 30
-1.157 -1 -1.036 -1 -1.19 -1 -1.246 -1 38
-1.218 -1 -1.08 -1 -1.086 -1 -1.104 -1 2
-1.095 -1 -1.02 -1 -1.132 -1 -1.17 -1 32
-1.151 -1 -1.046 -1 -1.08 -1 -1.12 -1 13
-1.1 -1 -1.026 -1 -1.116 -1 -1.16 -1 23
-1.138 -1 -1.052 -1 -1.114 -1 -1.144 -1 16
-1.129 -1 -1.042 -1 -1.106 -1 -1.154 -1 26
-1.13 -1 -1.04 -1 -1.198 -1 -1.266 -1 46
-1.232 -1 -1.07 -1 -1.216 -1 -1.288 -1 45
-1.252 -1 -1.088 -1 -1.25 -1 -1.308 -1 49
-1.279 -1 -1.068 -1 -1.214 -1 -1.284 -1 49
-1.249 -1 -1.068 -1 -1.24 -1 -1.294 -1 46
-1.267 -1 -1.08 -1 -1.252 -1 -1.356 -1 49
-1.304 -1 -1.094 -1 -1.112 -1 -1.136 -1 7
-1.124 -1 -1.022 -1 -1.126 -1 -1.174 -1 31
-1.15 -1 -1.048 -1 -1.164 -1 -1.218 -1 34
-1.191 -1 -1.084 -1 -1.092 -1 -1.132 -1 1
-1.112 -1 -1.024 -1 -1.1 -1 -1.14 -1 15
-1.12 -1 -1.04 -1 -1.104 -1 -1.174 -1 18
-1.139 -1 -1.05 -1 -1.072 -1 -1.098 -1 7
-1.085 -1 -1.008 -1 -1.146 -1 -1.188 -1 49
-1.167 -1 -1.046 -1 -1.062 -1 -1.096 -1 6
-1.079 -1 -1.022 -1 -1.128 -1 -1.182 -1 31
-1.155 -1 -1.038 -1 -1.084 -1 -1.106 -1 14
-1.095 -1 -1.026 -1 -1.078 -1 -1.106 -1 15
-1.092 -1 -1.02 -1 -1.082 -1 -1.116 -1 18
-1.099 -1 -1.02 -1 -1.188 -1 -1.244 -1 42
-1.216 -1 -1.06 -1 -1.142 -1 -1.198 -1 19
-1.17 -1 -1.04 -1 -1.174 -1 -1.23 -1 31
-1.202 -1 -1.064 -1 -1.184 -1 -1.218 -1 32
-1.201 -1 -1.062 -1 -1.082 -1 -1.114 -1 4
-1.098 -1 -1.026 -1 -1.116 -1 -1.13 -1 21
-1.123 -1 -1.038 -1 -1.092 -1 -1.132 -1 17
-1.112 -1 -1.03 -1 -1.12 -1 -1.154 -1 25
-1.137 -1 -1.048 -1 -1.194 -1 -1.246 -1 43
-1.22 -1 -1.054 -1 -1.08 -1 -1.122 -1 6
-1.101 -1 -1.018 -1 -1.072 -1 -1.106 -1 19
-1.089 -1 -1.016 -1 -1.148 -1 -1.196 -1 41
-1.172 -1 -1.038 -1 -1.056 -1 -1.07 -1 6
-1.063 -1 -1.01 -1 -1.062 -1 -1.096 -1 16
-1.079 -1 -1.016 -1 -1.168 -1 -1.23 -1 41
-1.199 -1 -1.048 -1 -1.194 -1 -1.268 -1 41
-1.231 -1 -1.078 -1 -1.104 -1 -1.126 -1 6
-1.115 -1 -1.022 -1 -1.148 -1 -1.202 -1 38
-1.175 -1 -1.054 -1 -1.152 -1 -1.19 -1 23
-1.171 -1 -1.032 -1 -1.122 -1 -1.158 -1 27
-1.14 -1 -1.028 -1 -1.034 -1 -1.048 -1 1
-1.041 -1 -1.006 -1 -1.092 -1 -1.128 -1 18
-1.11 -1 -1.026 -1 -1.116 -1 -1.156 -1 20
-1.136 -1 -1.036 -1 -1.036 -1 -1.046 -1 0
-1.041 -1 -1.006 -1 -1.102 -1 -1.118 -1 23
-1.11 -1 -1.038 -1 -1.102 -1 -1.132 -1 19
-1.117 -1 -1.038 -1 -1.162 -1 -1.202 -1 40
-1.182 -1 -1.054 -1 -1.104 -1 -1.124 -1 16
-1.114 -1 -1.03 -1 -1.17 -1 -1.228 -1 42
-1.199 -1 -1.064 -1 -1.192 -1 -1.24 -1 37
-1.216 -1 -1.056 -1 -1.18 -1 -1.23 -1 37
-1.205 -1 -1.07 -1 -1.238 -1 -1.302 -1 49
-1.27 -1 -1.09 -1 -1.126 -1 -1.158 -1 12
-1.142 -1 -1.024 -1 -1.042 -1 -1.078 -1 5
-1.06 -1 -1.01 -1 -1.08 -1 -1.108 -1 20
-1.094 -1 -1.014 -1 -1.086 -1 -1.122 -1 22
-1.104 -1 -1.026 -1 -1.044 -1 -1.08 -1 4
-1.062 -1 -1.028 -1 -1.114 -1 -1.172 -1 24
-1.143 -1 -1.04 -1 -1.172 -1 -1.226 -1 40
-1.199 -1 -1.072 -1 -1.216 -1 -1.314 -1 40
-1.265 -1 -1.092 -1 -1.168 -1 -1.206 -1 22
-1.187 -1 -1.04 -1 -1.13 -1 -1.172 -1 26
-1.151 -1 -1.03 -1 -1.186 -1 -1.252 -1 48
-1.219 -1 -1.056 -1 -1.19 -1 -1.264 -1 37
-1.227 -1 -1.076 -1 -1.138 -1 -1.19 -1 19
-1.164 -1 -1.038 -1 -1.192 -1 -1.256 -1 43
-1.224 -1 -1.07 -1 -1.204 -1 -1.272 -1 44
-1.238 -1 -1.074 -1 -1.088 -1 -1.126 -1 7
-1.107 -1 -1.016 -1 -1.142 -1 -1.2 -1 38
-1.171 -1 -1.042 -1 -1.056 -1 -1.108 -1 2
-1.082 -1 -1.02 -1 -1.04 -1 -1.06 -1 9
-1.05 -1 -1.012 -1 -1.126 -1 -1.176 -1 29
-1.151 -1 -1.044 -1 -1.1 -1 -1.14 -1 18
-1.12 -1 -1.034 -1 -1.124 -1 -1.16 -1 28
-1.142 -1 -1.04 -1 -1.092 -1 -1.126 -1 16
-1.109 -1 -1.032 -1 -1.056 -1 -1.082 -1 8
-1.069 -1 -1.01 -1 -1.144 -1 -1.226 -1 38
-1.185 -1 -1.06 -1 -1.142 -1 -1.174 -1 24
-1.158 -1 -1.044 -1 -1.12 -1 -1.154 -1 19
-1.137 -1 -1.034 -1 -1.184 -1 -1.248 -1 37
-1.216 -1 -1.086 -1 -1.154 -1 -1.196 -1 20
-1.175 -1 -1.05 -1 -1.166 -1 -1.23 -1 38
-1.198 -1 -1.052 -1 -1.166 -1 -1.212 -1 30
-1.189 -1 -1.052 -1 -1.058 -1 -1.092 -1 1
-1.075 -1 -1.012 -1 -1.018 -1 -1.046 -1 4
-1.032 -1 -1.01 -1 -1.044 -1 -1.07 -1 7
-1.057 -1 -1.02 -1 -1.056 -1 -1.086 -1 8
-1.071 -1 -1.02 -1 -1.062 -1 -1.09 -1 11
-1.076 -1 -1.02 -1 -1.086 -1 -1.108 -1 20
-1.097 -1 -1.022 -1 -1.034 -1 -1.044 -1 2
-1.039 -1 -1.004 -1 -1.038 -1 -1.062 -1 9
-1.05 -1 -1.006 -1 -1.168 -1 -1.216 -1 46
-1.192 -1 -1.058 -1 -1.206 -1 -1.258 -1 49
-1.232 -1 -1.064 -1 -1.148 -1 -1.202 -1 20
-1.175 -1 -1.048 -1 -1.24 -1 -1.31 -1 47
-1.275 -1 -1.092 -1 -1.144 -1 -1.172 -1 13
-1.158 -1 -1.052 -1 -1.158 -1 -1.242 -1 36
-1.2 -1 -1.066 -1 -1.074 -1 -1.122 -1 2
-1.098 -1 -1.018 -1 -1.16 -1 -1.21 -1 39
-1.185 -1 -1.088 -1 -1.134 -1 -1.162 -1 9
-1.148 -1 -1.03 -1 -1.042 -1 -1.078 -1 6
-1.06 -1 -1.006 -1 -1.188 -1 -1.24 -1 45
-1.214 -1 -1.066 -1 -1.13 -1 -1.17 -1 12
-1.15 -1 -1.038 -1 -1.2 -1 -1.256 -1 46
-1.228 -1 -1.076 -1 -1.116 -1 -1.16 -1 11
-1.138 -1 -1.036 -1 -1.184 -1 -1.256 -1 40
-1.22 -1 -1.052 -1 -1.18 -1 -1.22 -1 45
-1.2 -1 -1.046 -1 -1.188 -1 -1.248 -1 35
-1.218 -1 -1.046 -1 -1.12 -1 -1.168 -1 18
-1.144 -1 -1.034 -1 -1.09 -1 -1.12 -1 19
-1.105 -1 -1.018 -1 -1.2 -1 -1.28 -1 48
-1.24 -1 -1.078 -1 -1.136 -1 -1.176 -1 16
-1.156 -1 -1.036 -1 -1.074 -1 -1.094 -1 10
-1.084 -1 -1.02 -1 -1.07 -1 -1.088 -1 13
-1.079 -1 -1.01 -1 -1.164 -1 -1.236 -1 38
-1.2 -1 -1.058 -1 -1.078 -1 -1.108 -1 4
-1.093 -1 -1.012 -1 -1.014 -1 -1.04 -1 1
-1.027 -1 -1.006 -1 -1.01 -1 -1.034 -1 1
-1.022 -1 -1.002 -1 -1.178 -1 -1.222 -1 47
-1.2 -1 -1.056 -1 -1.2 -1 -1.264 -1 44
-1.232 -1 -1.07 -1 -1.114 -1 -1.166 -1 12
-1.14 -1 -1.032 -1 -1.132 -1 -1.198 -1 23
-1.165 -1 -1.04 -1 -1.26 -1 -1.31 -1 49
-1.285 -1 -1.112 -1 -1.116 -1 -1.162 -1 1
-1.139 -1 -1.03 -1 -1.146 -1 -1.198 -1 33
-1.172 -1 -1.052 -1 -1.136 -1 -1.164 -1 21
-1.15 -1 -1.03 -1 -1.156 -1 -1.226 -1 36
-1.191 -1 -1.06 -1 -1.2 -1 -1.26 -1 48
-1.23 -1 -1.064 -1 -1.13 -1 -1.164 -1 18
-1.147 -1 -1.028 -1 -1.044 -1 -1.06 -1 3
-1.052 -1 -1.012 -1 -1.126 -1 -1.196 -1 29
-1.161 -1 -1.046 -1 -1.128 -1 -1.17 -1 28
-1.149 -1 -1.03 -1 -1.174 -1 -1.232 -1 37
-1.203 -1 -1.078 -1 -1.174 -1 -1.206 -1 27
-1.19 -1 -1.042 -1 -1.174 -1 -1.244 -1 39
-1.209 -1 -1.088 -1 -1.196 -1 -1.274 -1 28
-1.235 -1 -1.064 -1 -1.16 -1 -1.224 -1 23
-1.192 -1 -1.052 -1 -1.088 -1 -1.098 -1 8
-1.093 -1 -1.016 -1 -1.086 -1 -1.116 -1 15
-1.101 -1 -1.016 -1 -1.068 -1 -1.096 -1 10
-1.082 -1 -1.018 -1 -1.116 -1 -1.154 -1 30
-1.135 -1 -1.028 -1 -1.188 -1 -1.24 -1 48
-1.214 -1 -1.068 -1 -1.106 -1 -1.144 -1 8
-1.125 -1 -1.038 -1 -1.176 -1 -1.23 -1 45
-1.203 -1 -1.078 -1 -1.134 -1 -1.194 -1 18
-1.164 -1 -1.05 -1 -1.146 -1 -1.174 -1 32
-1.16 -1 -1.044 -1 -1.22 -1 -1.268 -1 49
-1.244 -1 -1.07 -1 -1.184 -1 -1.264 -1 36
-1.224 -1 -1.072 -1 -1.232 -1 -1.316 -1 47
-1.274 -1 -1.096 -1 -1.184 -1 -1.268 -1 24
-1.226 -1 -1.08 -1 -1.176 -1 -1.224 -1 26
-1.2 -1 -1.06 -1 -1.152 -1 -1.206 -1 21
-1.179 -1 -1.056 -1 -1.218 -1 -1.294 -1 41
-1.256 -1 -1.094 -1 -1.192 -1 -1.272 -1 29
-1.232 -1 -1.074 -1 -1.08 -1 -1.106 -1 2
-1.093 -1 -1.02 -1 -1.028 -1 -1.052 -1 3
-1.04 -1 -1.002 -1 -1.068 -1 -1.104 -1 24
-1.086 -1 -1.022 -1 -1.044 -1 -1.06 -1 7
-1.052 -1 -1.004 -1 -1.158 -1 -1.21 -1 42
-1.184 -1 -1.064 -1 -1.192 -1 -1.238 -1 35
-1.215 -1 -1.066 -1 -1.166 -1 -1.2 -1 31
-1.183 -1 -1.066 -1 -1.12 -1 -1.166 -1 15
-1.143 -1 -1.042 -1 -1.102 -1 -1.134 -1 15
-1.118 -1 -1.034 -1 -1.19 -1 -1.252 -1 48
-1.221 -1 -1.068 -1 -1.098 -1 -1.15 -1 9
-1.124 -1 -1.032 -1 -1.12 -1 -1.154 -1 18
-1.137 -1 -1.032 -1 -1.098 -1 -1.152 -1 21
-1.125 -1 -1.036 -1 -1.116 -1 -1.176 -1 26
-1.146 -1 -1.038 -1 -1.162 -1 -1.216 -1 32
-1.189 -1 -1.056 -1 -1.18 -1 -1.22 -1 38
-1.2 -1 -1.068 -1 -1.116 -1 -1.166 -1 10
-1.141 -1 -1.038 -1 -1.088 -1 -1.164 -1 16
-1.126 -1 -1.046 -1 -1.096 -1 -1.14 -1 19
-1.118 -1 -1.032 -1 -1.126 -1 -1.156 -1 20
-1.141 -1 -1.05 -1 -1.108 -1 -1.138 -1 19
-1.123 -1 -1.022 -1 -1.044 -1 -1.092 -1 5
-1.068 -1 -1.016 -1 -1.07 -1 -1.1 -1 16
-1.085 -1 -1.026 -1 -1.146 -1 -1.224 -1 39
-1.185 -1 -1.064 -1 -1.212 -1 -1.254 -1 30
-1.233 -1 -1.062 -1 -1.212 -1 -1.274 -1 41
-1.243 -1 -1.082 -1 -1.236 -1 -1.324 -1 41
-1.28 -1 -1.072 -1 -1.204 -1 -1.26 -1 36
-1.232 -1 -1.068 -1 -1.258 -1 -1.36 -1 47
-1.309 -1 -1.106 -1 -1.16 -1 -1.194 -1 16
-1.177 -1 -1.044 -1 -1.05 -1 -1.072 -1 3
-1.061 -1 -1.02 -1 -1.146 -1 -1.222 -1 41
-1.184 -1 -1.062 -1 -1.148 -1 -1.186 -1 29
-1.167 -1 -1.05 -1 -1.056 -1 -1.084 -1 1
-1.07 -1 -1.016 -1 -1.06 -1 -1.064 -1 10
-1.062 -1 -1.022 -1 -1.028 -1 -1.058 -1 1
-1.043 -1 -1.008 -1 -1.088 -1 -1.12 -1 21
-1.104 -1 -1.022 -1 -1.058 -1 -1.1 -1 10
-1.079 -1 -1.022 -1 -1.132 -1 -1.178 -1 33
-1.155 -1 -1.05 -1 -1.206 -1 -1.268 -1 45
-1.237 -1 -1.07 -1 -1.076 -1 -1.098 -1 1
-1.087 -1 -1.02 -1 -1.032 -1 -1.06 -1 3
-1.046 -1 -1.012 -1 -1.158 -1 -1.228 -1 44
-1.193 -1 -1.052 -1 -1.2 -1 -1.244 -1 42
-1.222 -1 -1.074 -1 -1.13 -1 -1.188 -1 17
-1.159 -1 -1.04 -1 -1.078 -1 -1.132 -1 13
-1.105 -1 -1.036 -1 -1.178 -1 -1.254 -1 41
-1.216 -1 -1.078 -1 -1.158 -1 -1.232 -1 19
-1.195 -1 -1.068 -1 -1.234 -1 -1.29 -1 49
-1.262 -1 -1.082 -1 -1.208 -1 -1.284 -1 35
-1.246 -1 -1.068 -1 -1.146 -1 -1.194 -1 17
-1.17 -1 -1.028 -1 -1.132 -1 -1.178 -1 26
-1.155 -1 -1.042 -1 -1.164 -1 -1.252 -1 37
-1.208 -1 -1.062 -1 -1.128 -1 -1.18 -1 18
-1.154 -1 -1.026 -1 -1.098 -1 -1.152 -1 20
-1.125 -1 -1.036 -1 -1.122 -1 -1.16 -1 19
-1.141 -1 -1.03 -1 -1.052 -1 -1.08 -1 10
-1.066 -1 -1.018 -1 -1.15 -1 -1.176 -1 31
-1.163 -1 -1.056 -1 -1.2 -1 -1.248 -1 37
-1.224 -1 -1.064 -1 -1.162 -1 -1.226 -1 31
-1.194 -1 -1.064 -1 -1.162 -1 -1.23 -1 31
-1.196 -1 -1.044 -1 -1.054 -1 -1.084 -1 3
-1.069 -1 -1.014 -1 -1.098 -1 -1.134 -1 23
-1.116 -1 -1.026 -1 -1.12 -1 -1.14 -1 31
-1.13 -1 -1.024 -1 -1.054 -1 -1.088 -1 9
-1.071 -1 -1.028 -1 -1.03 -1 -1.058 -1 1
-1.044 -1 -1.008 -1 -1.168 -1 -1.226 -1 48
-1.197 -1 -1.07 -1 -1.25 -1 -1.332 -1 48
-1.291 -1 -1.09 -1 -1.264 -1 -1.352 -1 48
-1.308 -1 -1.098 -1 -1.148 -1 -1.202 -1 14
-1.175 -1 -1.042 -1 -1.042 -1 -1.058 -1 0
-1.05 -1 -1.008 -1 -1.108 -1 -1.178 -1 28
-1.143 -1 -1.056 -1 -1.088 -1 -1.14 -1 10
-1.114 -1 -1.032 -1 -1.132 -1 -1.194 -1 23
-1.163 -1 -1.048 -1 -1.172 -1 -1.218 -1 38
-1.195 -1 -1.058 -1 -1.092 -1 -1.14 -1 9
-1.116 -1 -1.034 -1 -1.178 -1 -1.254 -1 42
-1.216 -1 -1.06 -1 -1.076 -1 -1.118 -1 4
-1.097 -1 -1.024 -1 -1.144 -1 -1.194 -1 38
-1.169 -1 -1.052 -1 -1.066 -1 -1.092 -1 3
-1.079 -1 -1.012 -1 -1.112 -1 -1.152 -1 27
-1.132 -1 -1.038 -1 -1.092 -1 -1.108 -1 14
-1.1 -1 -1.024 -1 -1.03 -1 -1.058 -1 4
-1.044 -1 -1.008 -1 -1.112 -1 -1.154 -1 31
-1.133 -1 -1.028 -1 -1.064 -1 -1.086 -1 9
-1.075 -1 -1.022 -1 -1.15 -1 -1.202 -1 34
-1.176 -1 -1.056 -1 -1.072 -1 -1.11 -1 6
-1.091 -1 -1.018 -1 -1.176 -1 -1.246 -1 46
-1.211 -1 -1.084 -1 -1.1 -1 -1.112 -1 5
-1.106 -1 -1.01 -1 -1.118 -1 -1.16 -1 35
-1.139 -1 -1.048 -1 -1.086 -1 -1.12 -1 8
-1.103 -1 -1.036 -1 -1.182 -1 -1.24 -1 35
-1.211 -1 -1.052 -1 -1.062 -1 -1.09 -1 2
-1.076 -1 -1.006 -1 -1.162 -1 -1.236 -1 42
-1.199 -1 -1.068 -1 -1.244 -1 -1.312 -1 48
-1.278 -1 -1.074 -1 -1.164 -1 -1.218 -1 21
-1.191 -1 -1.052 -1 -1.072 -1 -1.092 -1 4
-1.082 -1 -1.014 -1 -1.114 -1 -1.15 -1 23
-1.132 -1 -1.036 -1 -1.104 -1 -1.162 -1 21
-1.133 -1 -1.036 -1 -1.194 -1 -1.24 -1 44
-1.217 -1 -1.06 -1 -1.202 -1 -1.25 -1 43
-1.226 -1 -1.068 -1 -1.128 -1 -1.192 -1 15
-1.16 -1 -1.046 -1 -1.062 -1 -1.086 -1 3
-1.074 -1 -1.014 -1 -1.042 -1 -1.072 -1 10
-1.057 -1 -1.006 -1 -1.14 -1 -1.194 -1 35
-1.167 -1 -1.05 -1 -1.16 -1 -1.194 -1 27
-1.177 -1 -1.042 -1 -1.118 -1 -1.156 -1 21
-1.137 -1 -1.032 -1 -1.056 -1 -1.072 -1 5
-1.064 -1 -1.018 -1 -1.184 -1 -1.236 -1 39
-1.21 -1 -1.078 -1 -1.144 -1 -1.194 -1 19
-1.169 -1 -1.044 -1 -1.156 -1 -1.2 -1 32
-1.178 -1 -1.036 -1 -1.108 -1 -1.136 -1 17
-1.122 -1 -1.026 -1 -1.094 -1 -1.134 -1 16
-1.114 -1 -1.032 -1 -1.162 -1 -1.226 -1 31
-1.194 -1 -1.048 -1 -1.166 -1 -1.184 -1 36
-1.175 -1 -1.028 -1 -1.088 -1 -1.136 -1 24
-1.112 -1 -1.04 -1 -1.166 -1 -1.216 -1 33
-1.191 -1 -1.054 -1 -1.086 -1 -1.116 -1 7
-1.101 -1 -1.018 -1 -1.15 -1 -1.186 -1 35
-1.168 -1 -1.052 -1 -1.158 -1 -1.232 -1 33
-1.195 -1 -1.056 -1 -1.086 -1 -1.114 -1 8
-1.1 -1 -1.02 -1 -1.044 -1 -1.084 -1 7
-1.064 -1 -1.02 -1 -1.166 -1 -1.234 -1 44
-1.2 -1 -1.06 -1 -1.164 -1 -1.208 -1 23
-1.186 -1 -1.04 -1 -1.096 -1 -1.14 -1 13
-1.118 -1 -1.032 -1 -1.114 -1 -1.144 -1 28
-1.129 -1 -1.034 -1 -1.198 -1 -1.258 -1 43
-1.228 -1 -1.082 -1 -1.182 -1 -1.238 -1 34
-1.21 -1 -1.076 -1 -1.108 -1 -1.146 -1 12
-1.127 -1 -1.03 -1 -1.108 -1 -1.158 -1 18
-1.133 -1 -1.038 -1 -1.06 -1 -1.096 -1 7
-1.078 -1 -1.014 -1 -1.062 -1 -1.098 -1 15
-1.08 -1 -1.03 -1 -1.056 -1 -1.078 -1 6
-1.067 -1 -1.01 -1 -1.156 -1 -1.236 -1 43
-1.196 -1 -1.074 -1 -1.116 -1 -1.142 -1 18
-1.129 -1 -1.036 -1 -1.056 -1 -1.072 -1 5
-1.064 -1 -1.018 -1 -1.16 -1 -1.224 -1 45
-1.192 -1 -1.056 -1 -1.196 -1 -1.238 -1 34
-1.217 -1 -1.074 -1 -1.136 -1 -1.168 -1 16
-1.152 -1 -1.04 -1 -1.066 -1 -1.092 -1 8
-1.079 -1 -1.012 -1 -1.138 -1 -1.172 -1 34
-1.155 -1 -1.046 -1 -1.098 -1 -1.122 -1 18
-1.11 -1 -1.028 -1 -1.156 -1 -1.204 -1 39
-1.18 -1 -1.046 -1 -1.168 -1 -1.218 -1 37
-1.193 -1 -1.06 -1 -1.156 -1 -1.214 -1 24
-1.185 -1 -1.056 -1 -1.132 -1 -1.182 -1 21
-1.157 -1 -1.042 -1 -1.216 -1 -1.288 -1 46
-1.252 -1 -1.078 -1 -1.19 -1 -1.254 -1 31
-1.222 -1 -1.07 -1 -1.172 -1 -1.204 -1 31
-1.188 -1 -1.046 -1 -1.05 -1 -1.064 -1 2
-1.057 -1 -1.006 -1 -1.088 -1 -1.13 -1 19
-1.109 -1 -1.022 -1 -1.136 -1 -1.188 -1 28
-1.162 -1 -1.044 -1 -1.054 -1 -1.064 -1 2
-1.059 -1 -1.02 -1 -1.052 -1 -1.066 -1 12
-1.059 -1 -1.012 -1 -1.084 -1 -1.108 -1 23
-1.096 -1 -1.018 -1 -1.04 -1 -1.07 -1 6
-1.055 -1 -1.016 -1 -1.154 -1 -1.19 -1 39
-1.172 -1 -1.054 -1 -1.16 -1 -1.228 -1 32
-1.194 -1 -1.082 -1 -1.176 -1 -1.23 -1 28
-1.203 -1 -1.064 -1 -1.226 -1 -1.292 -1 43
-1.259 -1 -1.066 -1 -1.158 -1 -1.198 -1 21
-1.178 -1 -1.04 -1 -1.162 -1 -1.21 -1 36
-1.186 -1 -1.044 -1 -1.16 -1 -1.218 -1 35
-1.189 -1 -1.048 -1 -1.23 -1 -1.312 -1 49
-1.271 -1 -1.074 -1 -1.132 -1 -1.184 -1 17
-1.158 -1 -1.034 -1 -1.036 -1 -1.062 -1 1
-1.049 -1 -1.004 -1 -1.144 -1 -1.204 -1 43
-1.174 -1 -1.05 -1 -1.148 -1 -1.198 -1 27
-1.173 -1 -1.044 -1 -1.044 -1 -1.056 -1 0
-1.05 -1 -1.006 -1 -1.016 -1 -1.046 -1 3
-1.031 -1 -1.006 -1 -1.058 -1 -1.09 -1 11
-1.074 -1 -1.024 -1 -1.176 -1 -1.222 -1 42
-1.199 -1 -1.048 -1 -1.2 -1 -1.252 -1 45
-1.226 -1 -1.068 -1 -1.206 -1 -1.284 -1 43
-1.245 -1 -1.09 -1 -1.158 -1 -1.212 -1 14
-1.185 -1 -1.052 -1 -1.226 -1 -1.278 -1 49
-1.252 -1 -1.066 -1 -1.202 -1 -1.266 -1 47
-1.234 -1 -1.066 -1 -1.236 -1 -1.318 -1 45
-1.277 -1 -1.096 -1 -1.182 -1 -1.21 -1 21
-1.196 -1 -1.06 -1 -1.164 -1 -1.186 -1 26
-1.175 -1 -1.038 -1 -1.132 -1 -1.226 -1 27
-1.179 -1 -1.062 -1 -1.164 -1 -1.2 -1 31
-1.182 -1 -1.05 -1 -1.168 -1 -1.22 -1 33
-1.194 -1 -1.048 -1 -1.168 -1 -1.236 -1 31
-1.202 -1 -1.074 -1 -1.15 -1 -1.188 -1 24
-1.169 -1 -1.038 -1 -1.182 -1 -1.21 -1 33
-1.196 -1 -1.064 -1 -1.168 -1 -1.228 -1 31
-1.198 -1 -1.048 -1 -1.172 -1 -1.226 -1 37
-1.199 -1 -1.046 -1 -1.198 -1 -1.268 -1 41
-1.233 -1 -1.068 -1 -1.206 -1 -1.288 -1 39
-1.247 -1 -1.08 -1 -1.08 -1 -1.106 -1 0
-1.093 -1 -1.022 -1 -1.16 -1 -1.216 -1 42
-1.188 -1 -1.048 -1 -1.122 -1 -1.17 -1 23
-1.146 -1 -1.042 -1 -1.216 -1 -1.278 -1 43
-1.247 -1 -1.092 -1 -1.154 -1 -1.212 -1 18
-1.183 -1 -1.07 -1 -1.234 -1 -1.314 -1 46
-1.274 -1 -1.08 -1 -1.21 -1 -1.296 -1 41
-1.253 -1 -1.074 -1 -1.196 -1 -1.268 -1 40
-1.232 -1 -1.054 -1 -1.128 -1 -1.178 -1 22
-1.153 -1 -1.05 -1 -1.09 -1 -1.108 -1 13
-1.099 -1 -1.014 -1 -1.056 -1 -1.098 -1 18
-1.077 -1 -1.022 -1 -1.134 -1 -1.192 -1 35
-1.163 -1 -1.04 -1 -1.184 -1 -1.226 -1 36
-1.205 -1 -1.082 -1 -1.226 -1 -1.328 -1 44
-1.277 -1 -1.074 -1 -1.19 -1 -1.248 -1 37
-1.219 -1 -1.062 -1 -1.23 -1 -1.3 -1 46
-1.265 -1 -1.084 -1 -1.1 -1 -1.132 -1 7
-1.116 -1 -1.012 -1 -1.11 -1 -1.154 -1 27
-1.132 -1 -1.05 -1 -1.17 -1 -1.232 -1 35
-1.201 -1 -1.058 -1 -1.158 -1 -1.218 -1 29
-1.188 -1 -1.066 -1 -1.112 -1 -1.15 -1 19
-1.131 -1 -1.032 -1 -1.074 -1 -1.112 -1 13
-1.093 -1 -1.022 -1 -1.074 -1 -1.106 -1 14
-1.09 -1 -1.028 -1 -1.14 -1 -1.206 -1 27
-1.173 -1 -1.056 -1 -1.08 -1 -1.112 -1 8
-1.096 -1 -1.02 -1 -1.146 -1 -1.206 -1 44
-1.176 -1 -1.062 -1 -1.062 -1 -1.09 -1 1
-1.076 -1 -1.014 -1 -1.09 -1 -1.14 -1 23
-1.115 -1 -1.034 -1 -1.098 -1 -1.132 -1 18
-1.115 -1 -1.046 -1 -1.128 -1 -1.166 -1 23
-1.147 -1 -1.038 -1 -1.056 -1 -1.092 -1 7
-1.074 -1 -1.018 -1 -1.054 -1 -1.086 -1 9
-1.07 -1 -1.018 -1 -1.106 -1 -1.144 -1 27
-1.125 -1 -1.048 -1 -1.216 -1 -1.28 -1 44
-1.248 -1 -1.068 -1 -1.068 -1 -1.092 -1 0
-1.08 -1 -1.02 -1 -1.026 -1 -1.032 -1 1
-1.029 -1 -1.004 -1 -1.026 -1 -1.04 -1 5
-1.033 -1 -1.012 -1 -1.118 -1 -1.182 -1 30
-1.15 -1 -1.046 -1 -1.232 -1 -1.286 -1 47
-1.259 -1 -1.064 -1 -1.094 -1 -1.12 -1 8
-1.107 -1 -1.018 -1 -1.138 -1 -1.17 -1 31
-1.154 -1 -1.04 -1 -1.176 -1 -1.232 -1 40
-1.204 -1 -1.056 -1 -1.214 -1 -1.26 -1 45
-1.237 -1 -1.06 -1 -1.224 -1 -1.312 -1 47
-1.268 -1 -1.07 -1 -1.172 -1 -1.24 -1 34
-1.206 -1 -1.046 -1 -1.086 -1 -1.128 -1 12
-1.107 -1 -1.02 -1 -1.088 -1 -1.126 -1 24
-1.107 -1 -1.026 -1 -1.134 -1 -1.178 -1 33
-1.156 -1 -1.04 -1 -1.05 -1 -1.08 -1 1
-1.065 -1 -1.01 -1 -1.192 -1 -1.268 -1 45
-1.23 -1 -1.068 -1 -1.228 -1 -1.274 -1 43
-1.251 -1 -1.074 -1 -1.188 -1 -1.246 -1 34
-1.217 -1 -1.066 -1 -1.108 -1 -1.142 -1 10
-1.125 -1 -1.016 -1 -1.134 -1 -1.176 -1 34
-1.155 -1 -1.038 -1 -1.16 -1 -1.196 -1 38
-1.178 -1 -1.046 -1 -1.154 -1 -1.226 -1 33
-1.19 -1 -1.062 -1 -1.186 -1 -1.226 -1 32
-1.206 -1 -1.042 -1 -1.124 -1 -1.19 -1 22
-1.157 -1 -1.052 -1 -1.202 -1 -1.256 -1 43
-1.229 -1 -1.074 -1 -1.236 -1 -1.292 -1 41
-1.264 -1 -1.068 -1 -1.238 -1 -1.34 -1 46
-1.289 -1 -1.088 -1 -1.114 -1 -1.154 -1 9
-1.134 -1 -1.02 -1 -1.132 -1 -1.198 -1 33
-1.165 -1 -1.052 -1 -1.108 -1 -1.144 -1 15
-1.126 -1 -1.03 -1 -1.1 -1 -1.14 -1 19
-1.12 -1 -1.024 -1 -1.032 -1 -1.044 -1 4
-1.038 -1 -1.01 -1 -1.056 -1 -1.084 -1 14
-1.07 -1 -1.016 -1 -1.108 -1 -1.154 -1 20
-1.131 -1 -1.048 -1 -1.092 -1 -1.128 -1 12
-1.11 -1 -1.026 -1 -1.19 -1 -1.228 -1 37
-1.209 -1 -1.066 -1 -1.1 -1 -1.15 -1 12
-1.125 -1 -1.028 -1 -1.164 -1 -1.24 -1 40
-1.202 -1 -1.058 -1 -1.092 -1 -1.122 -1 9
-1.107 -1 -1.032 -1 -1.06 -1 -1.096 -1 8
-1.078 -1 -1.022 -1 -1.064 -1 -1.092 -1 9
-1.078 -1 -1.02 -1 -1.182 -1 -1.222 -1 40
-1.202 -1 -1.042 -1 -1.12 -1 -1.176 -1 23
-1.148 -1 -1.054 -1 -1.066 -1 -1.078 -1 3
-1.072 -1 -1.008 -1 -1.126 -1 -1.186 -1 35
-1.156 -1 -1.044 -1 -1.19 -1 -1.242 -1 39
-1.216 -1 -1.066 -1 -1.172 -1 -1.218 -1 25
-1.195 -1 -1.062 -1 -1.222 -1 -1.292 -1 48
-1.257 -1 -1.09 -1 -1.182 -1 -1.248 -1 38
-1.215 -1 -1.086 -1 -1.144 -1 -1.202 -1 17
-1.173 -1 -1.054 -1 -1.146 -1 -1.212 -1 25
-1.179 -1 -1.064 -1 -1.176 -1 -1.242 -1 31
-1.209 -1 -1.064 -1 -1.11 -1 -1.154 -1 17
-1.132 -1 -1.026 -1 -1.138 -1 -1.22 -1 33
-1.179 -1 -1.048 -1 -1.062 -1 -1.098 -1 5
-1.08 -1 -1.022 -1 -1.07 -1 -1.096 -1 13
-1.083 -1 -1.024 -1 -1.108 -1 -1.148 -1 25
-1.128 -1 -1.03 -1 -1.136 -1 -1.174 -1 26
-1.155 -1 -1.034 -1 -1.208 -1 -1.276 -1 47
-1.242 -1 -1.072 -1 -1.206 -1 -1.266 -1 41
-1.236 -1 -1.072 -1 -1.106 -1 -1.13 -1 8
-1.118 -1 -1.034 -1 -1.064 -1 -1.094 -1 10
-1.079 -1 -1.024 -1 -1.058 -1 -1.078 -1 9
-1.068 -1 -1.018 -1 -1.202 -1 -1.268 -1 44
-1.235 -1 -1.072 -1 -1.08 -1 -1.106 -1 8
-1.093 -1 -1.022 -1 -1.038 -1 -1.06 -1 5
-1.049 -1 -1.008 -1 -1.13 -1 -1.168 -1 32
-1.149 -1 -1.052 -1 -1.108 -1 -1.148 -1 17
-1.128 -1 -1.026 -1 -1.05 -1 -1.062 -1 6
-1.056 -1 -1.012 -1 -1.018 -1 -1.028 -1 2
-1.023 -1 -1 -1 -1.084 -1 -1.128 -1 24
-1.106 -1 -1.034 -1 -1.124 -1 -1.178 -1 28
-1.151 -1 -1.03 -1 -1.056 -1 -1.082 -1 9
-1.069 -1 -1.022 -1 -1.092 -1 -1.116 -1 22
-1.104 -1 -1.044 -1 -1.062 -1 -1.074 -1 8
-1.068 -1 -1.004 -1 -1.09 -1 -1.154 -1 23
-1.122 -1 -1.048 -1 -1.23 -1 -1.304 -1 48
-1.267 -1 -1.076 -1 -1.138 -1 -1.198 -1 21
-1.168 -1 -1.042 -1 -1.13 -1 -1.176 -1 21
-1.153 -1 -1.052 -1 -1.136 -1 -1.19 -1 25
-1.163 -1 -1.038 -1 -1.152 -1 -1.2 -1 30
-1.176 -1 -1.062 -1 -1.08 -1 -1.114 -1 3
-1.097 -1 -1.022 -1 -1.08 -1 -1.108 -1 22
-1.094 -1 -1.026 -1 -1.032 -1 -1.042 -1 1
-1.037 -1 -1 -1 -1.02 -1 -1.04 -1 8
-1.03 -1 -1.002 -1 -1.154 -1 -1.204 -1 46
-1.179 -1 -1.058 -1 -1.222 -1 -1.33 -1 47
-1.276 -1 -1.102 -1 -1.172 -1 -1.238 -1 27
-1.205 -1 -1.06 -1 -1.06 -1 -1.094 -1 0
-1.077 -1 -1.018 -1 -1.148 -1 -1.168 -1 29
-1.158 -1 -1.054 -1 -1.186 -1 -1.26 -1 35
-1.223 -1 -1.074 -1 -1.222 -1 -1.284 -1 45
-1.253 -1 -1.07 -1 -1.158 -1 -1.214 -1 26
-1.186 -1 -1.066 -1 -1.102 -1 -1.13 -1 9
-1.116 -1 -1.026 -1 -1.184 -1 -1.246 -1 46
-1.215 -1 -1.07 -1 -1.206 -1 -1.272 -1 34
-1.239 -1 -1.056 -1 -1.09 -1 -1.096 -1 8
-1.093 -1 -1.018 -1 -1.054 -1 -1.074 -1 13
-1.064 -1 -1.014 -1 -1.096 -1 -1.132 -1 29
-1.114 -1 -1.03 -1 -1.088 -1 -1.122 -1 17
-1.105 -1 -1.028 -1 -1.052 -1 -1.074 -1 7
-1.063 -1 -1.008 -1 -1.044 -1 -1.082 -1 10
-1.063 -1 -1.02 -1 -1.112 -1 -1.168 -1 26
-1.14 -1 -1.036 -1 -1.06 -1 -1.078 -1 5
-1.069 -1 -1.004 -1 -1.12 -1 -1.17 -1 34
-1.145 -1 -1.054 -1 -1.096 -1 -1.118 -1 9
-1.107 -1 -1.028 -1 -1.056 -1 -1.074 -1 7
-1.065 -1 -1.012 -1 -1.194 -1 -1.266 -1 49
-1.23 -1 -1.076 -1 -1.126 -1 -1.164 -1 12
-1.145 -1 -1.046 -1 -1.064 -1 -1.08 -1 8
-1.072 -1 -1.012 -1 -1.018 -1 -1.036 -1 3
-1.027 -1 -1.01 -1 -1.11 -1 -1.136 -1 28
-1.123 -1 -1.05 -1 -1.084 -1 -1.108 -1 10
-1.096 -1 -1.018 -1 -1.106 -1 -1.128 -1 23
-1.117 -1 -1.03 -1 -1.03 -1 -1.052 -1 0
-1.041 -1 -1 -1 -1.058 -1 -1.08 -1 18
-1.069 -1 -1.016 -1 -1.082 -1 -1.108 -1 18
-1.095 -1 -1.024 -1 -1.052 -1 -1.084 -1 7
-1.068 -1 -1.022 -1 -1.132 -1 -1.168 -1 24
-1.15 -1 -1.036 -1 -1.058 -1 -1.07 -1 8
-1.064 -1 -1.006 -1 -1.174 -1 -1.23 -1 41
-1.202 -1 -1.056 -1 -1.2 -1 -1.256 -1 43
-1.228 -1 -1.06 -1 -1.06 -1 -1.094 -1 0
-1.077 -1 -1.016 -1 -1.212 -1 -1.274 -1 48
-1.243 -1 -1.084 -1 -1.22 -1 -1.292 -1 40
-1.256 -1 -1.092 -1 -1.184 -1 -1.228 -1 25
-1.206 -1 -1.058 -1 -1.242 -1 -1.34 -1 49
-1.291 -1 -1.118 -1 -1.244 -1 -1.312 -1 31
-1.278 -1 -1.08 -1 -1.142 -1 -1.19 -1 16
-1.166 -1 -1.028 -1 -1.114 -1 -1.17 -1 22
-1.142 -1 -1.048 -1 -1.164 -1 -1.248 -1 34
-1.206 -1 -1.08 -1 -1.284 -1 -1.336 -1 48
-1.31 -1 -1.084 -1 -1.174 -1 -1.242 -1 25
-1.208 -1 -1.064 -1 -1.102 -1 -1.138 -1 11
-1.12 -1 -1.03 -1 -1.194 -1 -1.264 -1 48
-1.229 -1 -1.064 -1 -1.148 -1 -1.204 -1 26
-1.176 -1 -1.052 -1 -1.224 -1 -1.268 -1 48
-1.246 -1 -1.07 -1 -1.086 -1 -1.14 -1 3
-1.113 -1 -1.042 -1 -1.204 -1 -1.264 -1 40
-1.234 -1 -1.066 -1 -1.178 -1 -1.222 -1 37
-1.2 -1 -1.046 -1 -1.15 -1 -1.204 -1 31
-1.177 -1 -1.056 -1 -1.116 -1 -1.156 -1 16
-1.136 -1 -1.026 -1 -1.06 -1 -1.1 -1 8
-1.08 -1 -1.016 -1 -1.1 -1 -1.134 -1 23
-1.117 -1 -1.02 -1 -1.142 -1 -1.214 -1 32
-1.178 -1 -1.062 -1 -1.064 -1 -1.074 -1 2
-1.069 -1 -1.004 -1 -1.052 -1 -1.096 -1 13
-1.074 -1 -1.02 -1 -1.064 -1 -1.092 -1 12
-1.078 -1 -1.018 -1 -1.138 -1 -1.21 -1 27
-1.174 -1 -1.042 -1 -1.104 -1 -1.15 -1 17
-1.127 -1 -1.03 -1 -1.086 -1 -1.114 -1 13
-1.1 -1 -1.024 -1 -1.072 -1 -1.106 -1 14
-1.089 -1 -1.03 -1 -1.03 -1 -1.054 -1 0
-1.042 -1 -1.01 -1 -1.15 -1 -1.182 -1 39
-1.166 -1 -1.052 -1 -1.172 -1 -1.236 -1 32
-1.204 -1 -1.06 -1 -1.072 -1 -1.088 -1 5
-1.08 -1 -1.018 -1 -1.094 -1 -1.142 -1 19
-1.118 -1 -1.052 -1 -1.122 -1 -1.168 -1 26
-1.145 -1 -1.046 -1 -1.108 -1 -1.144 -1 15
-1.126 -1 -1.02 -1 -1.136 -1 -1.186 -1 31
-1.161 -1 -1.038 -1 -1.076 -1 -1.102 -1 9
-1.089 -1 -1.022 -1 -1.128 -1 -1.166 -1 28
-1.147 -1 -1.052 -1 -1.072 -1 -1.104 -1 5
-1.088 -1 -1.024 -1 -1.05 -1 -1.076 -1 10
-1.063 -1 -1.016 -1 -1.114 -1 -1.152 -1 23
-1.133 -1 -1.036 -1 -1.092 -1 -1.116 -1 20
-1.104 -1 -1.028 -1 -1.178 -1 -1.216 -1 41
-1.197 -1 -1.054 -1 -1.21 -1 -1.286 -1 36
-1.248 -1 -1.074 -1 -1.15 -1 -1.192 -1 20
-1.171 -1 -1.04 -1 -1.046 -1 -1.078 -1 1
-1.062 -1 -1.016 -1 -1.04 -1 -1.058 -1 4
-1.049 -1 -1.01 -1 -1.118 -1 -1.144 -1 36
-1.131 -1 -1.044 -1 -1.208 -1 -1.256 -1 42
-1.232 -1 -1.064 -1 -1.236 -1 -1.318 -1 46
-1.277 -1 -1.08 -1 -1.164 -1 -1.232 -1 26
-1.198 -1 -1.048 -1 -1.196 -1 -1.264 -1 47
-1.23 -1 -1.076 -1 -1.168 -1 -1.204 -1 25
-1.186 -1 -1.062 -1 -1.206 -1 -1.282 -1 44
-1.244 -1 -1.092 -1 -1.216 -1 -1.304 -1 33
-1.26 -1 -1.058 -1 -1.07 -1 -1.106 -1 3
-1.088 -1 -1.03 -1 -1.138 -1 -1.194 -1 32
-1.166 -1 -1.056 -1 -1.066 -1 -1.106 -1 3
-1.086 -1 -1.02 -1 -1.072 -1 -1.122 -1 16
-1.097 -1 -1.036 -1 -1.176 -1 -1.214 -1 38
-1.195 -1 -1.064 -1 -1.202 -1 -1.27 -1 35
-1.236 -1 -1.068 -1 -1.194 -1 -1.238 -1 33
-1.216 -1 -1.06 -1 -1.194 -1 -1.244 -1 34
-1.219 -1 -1.064 -1 -1.082 -1 -1.128 -1 4
-1.105 -1 -1.018 -1 -1.114 -1 -1.166 -1 30
-1.14 -1 -1.046 -1 -1.052 -1 -1.092 -1 2
-1.072 -1 -1.014 -1 -1.192 -1 -1.25 -1 47
-1.221 -1 -1.064 -1 -1.23 -1 -1.322 -1 45
-1.276 -1 -1.09 -1 -1.106 -1 -1.17 -1 5
-1.138 -1 -1.024 -1 -1.064 -1 -1.1 -1 13
-1.082 -1 -1.02 -1 -1.108 -1 -1.154 -1 24
-1.131 -1 -1.038 -1 -1.224 -1 -1.292 -1 47
-1.258 -1 -1.086 -1 -1.216 -1 -1.28 -1 39
-1.248 -1 -1.06 -1 -1.092 -1 -1.128 -1 10
-1.11 -1 -1.028 -1 -1.056 -1 -1.1 -1 10
-1.078 -1 -1.024 -1 -1.144 -1 -1.198 -1 33
-1.171 -1 -1.04 -1 -1.098 -1 -1.148 -1 15
-1.123 -1 -1.04 -1 -1.212 -1 -1.292 -1 49
-1.252 -1 -1.078 -1 -1.132 -1 -1.17 -1 15
-1.151 -1 -1.03 -1 -1.202 -1 -1.276 -1 46
-1.239 -1 -1.082 -1 -1.168 -1 -1.24 -1 22
-1.204 -1 -1.068 -1 -1.084 -1 -1.132 -1 4
-1.108 -1 -1.018 -1 -1.11 -1 -1.18 -1 27
-1.145 -1 -1.048 -1 -1.18 -1 -1.254 -1 38
-1.217 -1 -1.09 -1 -1.132 -1 -1.168 -1 13
-1.15 -1 -1.032 -1 -1.1 -1 -1.122 -1 15
-1.111 -1 -1.026 -1 -1.048 -1 -1.076 -1 6
-1.062 -1 -1.012 -1 -1.11 -1 -1.154 -1 24
-1.132 -1 -1.046 -1 -1.164 -1 -1.212 -1 33
-1.188 -1 -1.058 -1 -1.122 -1 -1.194 -1 21
-1.158 -1 -1.044 -1 -1.186 -1 -1.254 -1 38
-1.22 -1 -1.078 -1 -1.116 -1 -1.148 -1 8
-1.132 -1 -1.03 -1 -1.096 -1 -1.118 -1 18
-1.107 -1 -1.022 -1 -1.172 -1 -1.204 -1 33
-1.188 -1 -1.048 -1 -1.25 -1 -1.312 -1 48
-1.281 -1 -1.114 -1 -1.272 -1 -1.348 -1 47
-1.31 -1 -1.106 -1 -1.16 -1 -1.178 -1 17
-1.169 -1 -1.044 -1 -1.162 -1 -1.22 -1 36
-1.191 -1 -1.062 -1 -1.202 -1 -1.24 -1 41
-1.221 -1 -1.064 -1 -1.18 -1 -1.264 -1 40
-1.222 -1 -1.078 -1 -1.12 -1 -1.166 -1 10
-1.143 -1 -1.038 -1 -1.1 -1 -1.112 -1 16
-1.106 -1 -1.028 -1 -1.11 -1 -1.158 -1 27
-1.134 -1 -1.032 -1 -1.182 -1 -1.266 -1 44
-1.224 -1 -1.074 -1 -1.074 -1 -1.082 -1 0
-1.078 -1 -1.006 -1 -1.01 -1 -1.036 -1 1
-1.023 -1 -1.004 -1 -1.076 -1 -1.118 -1 19
-1.097 -1 -1.046 -1 -1.088 -1 -1.108 -1 13
-1.098 -1 -1.032 -1 -1.11 -1 -1.128 -1 24
-1.119 -1 -1.016 -1 -1.03 -1 -1.056 -1 4
-1.043 -1 -1.018 -1 -1.204 -1 -1.246 -1 45
-1.225 -1 -1.076 -1 -1.134 -1 -1.176 -1 14
-1.155 -1 -1.046 -1 -1.156 -1 -1.204 -1 31
-1.18 -1 -1.048 -1 -1.214 -1 -1.266 -1 48
-1.24 -1 -1.09 -1 -1.238 -1 -1.284 -1 38
-1.261 -1 -1.066 -1 -1.114 -1 -1.156 -1 14
-1.135 -1 -1.038 -1 -1.108 -1 -1.156 -1 21
-1.132 -1 -1.044 -1 -1.118 -1 -1.164 -1 23
-1.141 -1 -1.03 -1 -1.136 -1 -1.164 -1 27
-1.15 -1 -1.034 -1 -1.2 -1 -1.266 -1 47
-1.233 -1 -1.074 -1 -1.216 -1 -1.304 -1 39
-1.26 -1 -1.072 -1 -1.182 -1 -1.224 -1 29
-1.203 -1 -1.042 -1 -1.078 -1 -1.122 -1 13
-1.1 -1 -1.028 -1 -1.182 -1 -1.268 -1 43
-1.225 -1 -1.072 -1 -1.16 -1 -1.194 -1 19
-1.177 -1 -1.052 -1 -1.11 -1 -1.146 -1 17
-1.128 -1 -1.036 -1 -1.058 -1 -1.084 -1 6
-1.071 -1 -1.02 -1 -1.028 -1 -1.034 -1 2
-1.031 -1 -1.006 -1 -1.032 -1 -1.058 -1 6
-1.045 -1 -1.018 -1 -1.138 -1 -1.162 -1 31
-1.15 -1 -1.032 -1 -1.16 -1 -1.228 -1 34
-1.194 -1 -1.05 -1 -1.218 -1 -1.284 -1 41
-1.251 -1 -1.094 -1 -1.116 -1 -1.16 -1 4
-1.138 -1 -1.022 -1 -1.18 -1 -1.236 -1 39
-1.208 -1 -1.046 -1 -1.2 -1 -1.28 -1 44
-1.24 -1 -1.078 -1 -1.132 -1 -1.204 -1 20
-1.168 -1 -1.042 -1 -1.118 -1 -1.182 -1 22
-1.15 -1 -1.046 -1 -1.154 -1 -1.22 -1 30
-1.187 -1 -1.046 -1 -1.186 -1 -1.248 -1 33
-1.217 -1 -1.072 -1 -1.11 -1 -1.162 -1 11
-1.136 -1 -1.026 -1 -1.158 -1 -1.21 -1 32
-1.184 -1 -1.052 -1 -1.076 -1 -1.106 -1 7
-1.091 -1 -1.014 -1 -1.112 -1 -1.15 -1 27
-1.131 -1 -1.02 -1 -1.108 -1 -1.154 -1 26
-1.131 -1 -1.034 -1 -1.076 -1 -1.102 -1 9
-1.089 -1 -1.022 -1 -1.14 -1 -1.208 -1 36
-1.174 -1 -1.046 -1 -1.186 -1 -1.242 -1 40
-1.214 -1 -1.05 -1 -1.15 -1 -1.188 -1 28
-1.169 -1 -1.04 -1 -1.14 -1 -1.18 -1 32
-1.16 -1 -1.048 -1 -1.12 -1 -1.144 -1 27
-1.132 -1 -1.032 -1 -1.046 -1 -1.08 -1 3
-1.063 -1 -1.016 -1 -1.024 -1 -1.038 -1 3
-1.031 -1 -1 -1 -1.154 -1 -1.198 -1 38
-1.176 -1 -1.044 -1 -1.112 -1 -1.126 -1 15
-1.119 -1 -1.026 -1 -1.116 -1 -1.152 -1 26
-1.134 -1 -1.034 -1 -1.142 -1 -1.178 -1 30
-1.16 -1 -1.024 -1 -1.17 -1 -1.214 -1 36
-1.192 -1 -1.056 -1 -1.086 -1 -1.11 -1 6
-1.098 -1 -1.03 -1 -1.15 -1 -1.18 -1 31
-1.165 -1 -1.058 -1 -1.104 -1 -1.15 -1 10
-1.127 -1 -1.034 -1 -1.196 -1 -1.26 -1 38
-1.228 -1 -1.052 -1 -1.072 -1 -1.1 -1 4
-1.086 -1 -1.016 -1 -1.112 -1 -1.16 -1 29
-1.136 -1 -1.048 -1 -1.178 -1 -1.238 -1 32
-1.208 -1 -1.056 -1 -1.116 -1 -1.17 -1 15
-1.143 -1 -1.052 -1 -1.194 -1 -1.24 -1 31
-1.217 -1 -1.058 -1 -1.17 -1 -1.226 -1 32
-1.198 -1 -1.066 -1 -1.12 -1 -1.156 -1 15
-1.138 -1 -1.024 -1 -1.068 -1 -1.108 -1 12
-1.088 -1 -1.016 -1 -1.17 -1 -1.242 -1 45
-1.206 -1 -1.05 -1 -1.062 -1 -1.086 -1 5
-1.074 -1 -1.008 -1 -1.12 -1 -1.152 -1 33
-1.136 -1 -1.044 -1 -1.206 -1 -1.272 -1 49
-1.239 -1 -1.062 -1 -1.112 -1 -1.134 -1 13
-1.123 -1 -1.024 -1 -1.054 -1 -1.082 -1 9
-1.068 -1 -1.018 -1 -1.082 -1 -1.112 -1 18
-1.097 -1 -1.024 -1 -1.158 -1 -1.222 -1 32
-1.19 -1 -1.058 -1 -1.08 -1 -1.12 -1 6
-1.1 -1 -1.022 -1 -1.06 -1 -1.076 -1 8
-1.068 -1 -1.008 -1 -1.096 -1 -1.132 -1 20
-1.114 -1 -1.028 -1 -1.04 -1 -1.048 -1 5
-1.044 -1 -1.004 -1 -1.05 -1 -1.068 -1 15
-1.059 -1 -1.012 -1 -1.068 -1 -1.092 -1 17
-1.08 -1 -1.016 -1 -1.124 -1 -1.17 -1 28
-1.147 -1 -1.038 -1 -1.174 -1 -1.214 -1 32
-1.194 -1 -1.054 -1 -1.198 -1 -1.254 -1 46
-1.226 -1 -1.072 -1 -1.116 -1 -1.132 -1 13
-1.124 -1 -1.016 -1 -1.044 -1 -1.08 -1 7
-1.062 -1 -1.018 -1 -1.12 -1 -1.154 -1 29
-1.137 -1 -1.044 -1 -1.09 -1 -1.134 -1 17
-1.112 -1 -1.03 -1 -1.106 -1 -1.14 -1 19
-1.123 -1 -1.038 -1 -1.134 -1 -1.188 -1 31
-1.161 -1 -1.064 -1 -1.154 -1 -1.216 -1 28
-1.185 -1 -1.054 -1 -1.076 -1 -1.102 -1 6
-1.089 -1 -1.022 -1 -1.022 -1 -1.026 -1 0
-1.024 -1 -1.006 -1 -1.144 -1 -1.168 -1 38
-1.156 -1 -1.034 -1 -1.124 -1 -1.16 -1 28
-1.142 -1 -1.038 -1 -1.05 -1 -1.072 -1 2
-1.061 -1 -1.01 -1 -1.12 -1 -1.146 -1 35
-1.133 -1 -1.036 -1 -1.132 -1 -1.18 -1 24
-1.156 -1 -1.04 -1 -1.2 -1 -1.276 -1 44
-1.238 -1 -1.068 -1 -1.212 -1 -1.27 -1 38
-1.241 -1 -1.066 -1 -1.15 -1 -1.182 -1 28
-1.166 -1 -1.056 -1 -1.062 -1 -1.084 -1 1
-1.073 -1 -1.014 -1 -1.13 -1 -1.176 -1 38
-1.153 -1 -1.036 -1 -1.114 -1 -1.148 -1 19
-1.131 -1 -1.022 -1 -1.144 -1 -1.194 -1 34
-1.169 -1 -1.052 -1 -1.128 -1 -1.17 -1 24
-1.149 -1 -1.034 -1 -1.122 -1 -1.174 -1 29
-1.148 -1 -1.028 -1 -1.128 -1 -1.176 -1 30
-1.152 -1 -1.054 -1 -1.114 -1 -1.152 -1 14
-1.133 -1 -1.018 -1 -1.172 -1 -1.222 -1 42
-1.197 -1 -1.054 -1 -1.108 -1 -1.154 -1 19
-1.131 -1 -1.05 -1 -1.164 -1 -1.218 -1 37
-1.191 -1 -1.034 -1 -1.156 -1 -1.2 -1 31
-1.178 -1 -1.076 -1 -1.162 -1 -1.202 -1 23
-1.182 -1 -1.038 -1 -1.124 -1 -1.166 -1 23
-1.145 -1 -1.04 -1 -1.11 -1 -1.144 -1 20
-1.127 -1 -1.044 -1 -1.108 -1 -1.134 -1 21
-1.121 -1 -1.026 -1 -1.12 -1 -1.166 -1 27
-1.143 -1 -1.044 -1 -1.148 -1 -1.196 -1 27
-1.172 -1 -1.044 -1 -1.128 -1 -1.166 -1 30
-1.147 -1 -1.03 -1 -1.128 -1 -1.184 -1 28
-1.156 -1 -1.048 -1 -1.19 -1 -1.228 -1 41
-1.209 -1 -1.058 -1 -1.134 -1 -1.162 -1 19
-1.148 -1 -1.048 -1 -1.18 -1 -1.234 -1 40
-1.207 -1 -1.044 -1 -1.086 -1 -1.106 -1 13
-1.096 -1 -1.026 -1 -1.09 -1 -1.116 -1 16
-1.103 -1 -1.038 -1 -1.054 -1 -1.08 -1 6
-1.067 -1 -1.014 -1 -1.046 -1 -1.072 -1 9
-1.059 -1 -1.016 -1 -1.15 -1 -1.18 -1 36
-1.165 -1 -1.052 -1 -1.178 -1 -1.226 -1 34
-1.202 -1 -1.064 -1 -1.182 -1 -1.242 -1 33
-1.212 -1 -1.064 -1 -1.168 -1 -1.22 -1 29
-1.194 -1 -1.058 -1 -1.062 -1 -1.078 -1 1
-1.07 -1 -1.006 -1 -1.016 -1 -1.038 -1 3
-1.027 -1 -1.01 -1 -1.206 -1 -1.312 -1 49
-1.259 -1 -1.11 -1 -1.208 -1 -1.258 -1 31
-1.233 -1 -1.076 -1 -1.116 -1 -1.15 -1 12
-1.133 -1 -1.05 -1 -1.16 -1 -1.21 -1 28
-1.185 -1 -1.054 -1 -1.082 -1 -1.102 -1 8
-1.092 -1 -1.022 -1 -1.068 -1 -1.082 -1 13
-1.075 -1 -1.012 -1 -1.12 -1 -1.178 -1 39
-1.149 -1 -1.048 -1 -1.108 -1 -1.156 -1 21
-1.132 -1 -1.034 -1 -1.148 -1 -1.186 -1 27
-1.167 -1 -1.044 -1 -1.202 -1 -1.26 -1 49
-1.231 -1 -1.066 -1 -1.152 -1 -1.198 -1 28
-1.175 -1 -1.052 -1 -1.076 -1 -1.09 -1 10
-1.083 -1 -1.008 -1 -1.176 -1 -1.254 -1 39
-1.215 -1 -1.064 -1 -1.066 -1 -1.098 -1 1
-1.082 -1 -1.014 -1 -1.092 -1 -1.122 -1 20
-1.107 -1 -1.026 -1 -1.042 -1 -1.068 -1 5
-1.055 -1 -1.006 -1 -1.11 -1 -1.134 -1 34
-1.122 -1 -1.026 -1 -1.126 -1 -1.164 -1 25
-1.145 -1 -1.052 -1 -1.11 -1 -1.142 -1 22
-1.126 -1 -1.028 -1 -1.066 -1 -1.114 -1 12
-1.09 -1 -1.022 -1 -1.138 -1 -1.182 -1 31
-1.16 -1 -1.034 -1 -1.114 -1 -1.166 -1 24
-1.14 -1 -1.038 -1 -1.226 -1 -1.282 -1 47
-1.254 -1 -1.064 -1 -1.188 -1 -1.234 -1 32
-1.211 -1 -1.056 -1 -1.09 -1 -1.126 -1 7
-1.108 -1 -1.02 -1 -1.076 -1 -1.114 -1 18
-1.095 -1 -1.022 -1 -1.196 -1 -1.272 -1 44
-1.234 -1 -1.064 -1 -1.112 -1 -1.17 -1 16
-1.141 -1 -1.036 -1 -1.128 -1 -1.184 -1 22
-1.156 -1 -1.05 -1 -1.186 -1 -1.26 -1 48
-1.223 -1 -1.07 -1 -1.198 -1 -1.272 -1 34
-1.235 -1 -1.08 -1 -1.226 -1 -1.268 -1 43
-1.247 -1 -1.054 -1 -1.112 -1 -1.168 -1 21
-1.14 -1 -1.054 -1 -1.106 -1 -1.148 -1 18
-1.127 -1 -1.03 -1 -1.156 -1 -1.212 -1 40
-1.184 -1 -1.062 -1 -1.23 -1 -1.298 -1 49
-1.264 -1 -1.068 -1 -1.216 -1 -1.25 -1 41
-1.233 -1 -1.08 -1 -1.084 -1 -1.144 -1 2
-1.114 -1 -1.028 -1 -1.072 -1 -1.12 -1 13
-1.096 -1 -1.026 -1 -1.2 -1 -1.246 -1 43
-1.223 -1 -1.062 -1 -1.168 -1 -1.21 -1 31
-1.189 -1 -1.054 -1 -1.164 -1 -1.198 -1 27
-1.181 -1 -1.044 -1 -1.044 -1 -1.058 -1 1
-1.051 -1 -1.01 -1 -1.05 -1 -1.084 -1 14
-1.067 -1 -1.018 -1 -1.118 -1 -1.138 -1 23
-1.128 -1 -1.032 -1 -1.154 -1 -1.214 -1 38
-1.184 -1 -1.058 -1 -1.09 -1 -1.12 -1 14
-1.105 -1 -1.02 -1 -1.162 -1 -1.208 -1 36
-1.185 -1 -1.06 -1 -1.132 -1 -1.168 -1 28
-1.15 -1 -1.038 -1 -1.144 -1 -1.188 -1 24
-1.166 -1 -1.022 -1 -1.102 -1 -1.132 -1 26
-1.117 -1 -1.034 -1 -1.142 -1 -1.212 -1 28
-1.177 -1 -1.056 -1 -1.066 -1 -1.088 -1 2
-1.077 -1 -1.012 -1 -1.102 -1 -1.146 -1 26
-1.124 -1 -1.034 -1 -1.182 -1 -1.246 -1 48
-1.214 -1 -1.066 -1 -1.076 -1 -1.112 -1 3
-1.094 -1 -1.028 -1 -1.052 -1 -1.072 -1 4
-1.062 -1 -1.014 -1 -1.072 -1 -1.098 -1 19
-1.085 -1 -1.012 -1 -1.084 -1 -1.114 -1 18
-1.099 -1 -1.026 -1 -1.028 -1 -1.046 -1 1
-1.037 -1 -1.008 -1 -1.036 -1 -1.06 -1 8
-1.048 -1 -1.01 -1 -1.13 -1 -1.19 -1 34
-1.16 -1 -1.038 -1 -1.164 -1 -1.216 -1 38
-1.19 -1 -1.058 -1 -1.134 -1 -1.184 -1 23
-1.159 -1 -1.05 -1 -1.152 -1 -1.216 -1 33
-1.184 -1 -1.054 -1 -1.156 -1 -1.226 -1 29
-1.191 -1 -1.064 -1 -1.238 -1 -1.292 -1 45
-1.265 -1 -1.078 -1 -1.086 -1 -1.128 -1 2
-1.107 -1 -1.034 -1 -1.108 -1 -1.142 -1 15
-1.125 -1 -1.044 -1 -1.122 -1 -1.186 -1 24
-1.154 -1 -1.06 -1 -1.246 -1 -1.342 -1 49
-1.294 -1 -1.112 -1 -1.176 -1 -1.214 -1 20
-1.195 -1 -1.046 -1 -1.102 -1 -1.132 -1 18
-1.117 -1 -1.034 -1 -1.088 -1 -1.148 -1 17
-1.118 -1 -1.042 -1 -1.174 -1 -1.226 -1 41
-1.2 -1 -1.046 -1 -1.194 -1 -1.252 -1 33
-1.223 -1 -1.06 -1 -1.178 -1 -1.224 -1 35
-1.201 -1 -1.062 -1 -1.178 -1 -1.214 -1 31
-1.196 -1 -1.066 -1 -1.164 -1 -1.208 -1 28
-1.186 -1 -1.048 -1 -1.1 -1 -1.136 -1 14
-1.118 -1 -1.024 -1 -1.1 -1 -1.136 -1 21
-1.118 -1 -1.03 -1 -1.158 -1 -1.202 -1 40
-1.18 -1 -1.04 -1 -1.086 -1 -1.128 -1 10
-1.107 -1 -1.022 -1 -1.178 -1 -1.244 -1 44
-1.211 -1 -1.058 -1 -1.188 -1 -1.278 -1 46
-1.233 -1 -1.056 -1 -1.124 -1 -1.166 -1 20
-1.145 -1 -1.038 -1 -1.072 -1 -1.11 -1 9
-1.091 -1 -1.024 -1 -1.16 -1 -1.232 -1 40
-1.196 -1 -1.08 -1 -1.084 -1 -1.106 -1 4
-1.095 -1 -1.018 -1 -1.092 -1 -1.128 -1 18
-1.11 -1 -1.04 -1 -1.116 -1 -1.16 -1 16
-1.138 -1 -1.03 -1 -1.042 -1 -1.058 -1 2
-1.05 -1 -1.014 -1 -1.07 -1 -1.108 -1 17
-1.089 -1 -1.042 -1 -1.14 -1 -1.194 -1 27
-1.167 -1 -1.056 -1 -1.142 -1 -1.174 -1 23
-1.158 -1 -1.042 -1 -1.166 -1 -1.198 -1 33
-1.182 -1 -1.066 -1 -1.076 -1 -1.118 -1 5
-1.097 -1 -1.028 -1 -1.168 -1 -1.234 -1 39
-1.201 -1 -1.054 -1 -1.2 -1 -1.238 -1 43
-1.219 -1 -1.058 -1 -1.198 -1 -1.262 -1 43
-1.23 -1 -1.076 -1 -1.11 -1 -1.15 -1 9
-1.13 -1 -1.022 -1 -1.052 -1 -1.072 -1 6
-1.062 -1 -1.016 -1 -1.204 -1 -1.248 -1 49
-1.226 -1 -1.064 -1 -1.216 -1 -1.294 -1 40
-1.255 -1 -1.086 -1 -1.194 -1 -1.236 -1 39
-1.215 -1 -1.06 -1 -1.19 -1 -1.226 -1 35
-1.208 -1 -1.062 -1 -1.102 -1 -1.144 -1 11
-1.123 -1 -1.022 -1 -1.07 -1 -1.104 -1 15
-1.087 -1 -1.016 -1 -1.132 -1 -1.182 -1 34
-1.157 -1 -1.06 -1 -1.172 -1 -1.24 -1 35
-1.206 -1 -1.068 -1 -1.194 -1 -1.266 -1 40
-1.23 -1 -1.07 -1 -1.114 -1 -1.164 -1 14
-1.139 -1 -1.044 -1 -1.122 -1 -1.17 -1 26
-1.146 -1 -1.036 -1 -1.076 -1 -1.096 -1 10
-1.086 -1 -1.022 -1 -1.166 -1 -1.226 -1 43
-1.196 -1 -1.056 -1 -1.106 -1 -1.158 -1 12
-1.132 -1 -1.036 -1 -1.138 -1 -1.188 -1 25
-1.163 -1 -1.044 -1 -1.056 -1 -1.074 -1 5
-1.065 -1 -1.006 -1 -1.02 -1 -1.028 -1 4
-1.024 -1 -1.002 -1 -1.094 -1 -1.132 -1 33
-1.113 -1 -1.04 -1 -1.202 -1 -1.27 -1 40
-1.236 -1 -1.076 -1 -1.244 -1 -1.324 -1 47
-1.284 -1 -1.1 -1 -1.242 -1 -1.322 -1 41
-1.282 -1 -1.104 -1 -1.11 -1 -1.144 -1 2
-1.127 -1 -1.018 -1 -1.11 -1 -1.148 -1 27
-1.129 -1 -1.034 -1 -1.168 -1 -1.212 -1 37
-1.19 -1 -1.05 -1 -1.2 -1 -1.272 -1 43
-1.236 -1 -1.098 -1 -1.198 -1 -1.234 -1 36
-1.216 -1 -1.054 -1 -1.142 -1 -1.188 -1 21
-1.165 -1 -1.044 -1 -1.064 -1 -1.096 -1 6
-1.08 -1 -1.016 -1 -1.086 -1 -1.126 -1 19
-1.106 -1 -1.036 -1 -1.066 -1 -1.096 -1 9
-1.081 -1 -1.02 -1 -1.21 -1 -1.274 -1 48
-1.242 -1 -1.068 -1 -1.166 -1 -1.216 -1 24
-1.191 -1 -1.052 -1 -1.086 -1 -1.104 -1 12
-1.095 -1 -1.016 -1 -1.102 -1 -1.126 -1 31
-1.114 -1 -1.026 -1 -1.146 -1 -1.202 -1 32
-1.174 -1 -1.064 -1 -1.07 -1 -1.092 -1 3
-1.081 -1 -1.01 -1 -1.08 -1 -1.122 -1 14
-1.101 -1 -1.03 -1 -1.068 -1 -1.094 -1 14
-1.081 -1 -1.02 -1 -1.158 -1 -1.208 -1 43
-1.183 -1 -1.044 -1 -1.094 -1 -1.126 -1 14
-1.11 -1 -1.018 -1 -1.174 -1 -1.23 -1 41
-1.202 -1 -1.058 -1 -1.198 -1 -1.276 -1 45
-1.237 -1 -1.074 -1 -1.154 -1 -1.176 -1 23
-1.165 -1 -1.034 -1 -1.124 -1 -1.182 -1 29
-1.153 -1 -1.044 -1 -1.2 -1 -1.276 -1 43
-1.238 -1 -1.066 -1 -1.118 -1 -1.168 -1 19
-1.143 -1 -1.036 -1 -1.052 -1 -1.078 -1 5
-1.065 -1 -1.026 -1 -1.14 -1 -1.186 -1 32
-1.163 -1 -1.046 -1 -1.176 -1 -1.24 -1 37
-1.208 -1 -1.07 -1 -1.134 -1 -1.168 -1 13
-1.151 -1 -1.06 -1 -1.224 -1 -1.27 -1 47
-1.247 -1 -1.04 -1 -1.074 -1 -1.094 -1 7
-1.084 -1 -1.02 -1 -1.084 -1 -1.122 -1 19
-1.103 -1 -1.028 -1 -1.128 -1 -1.178 -1 26
-1.153 -1 -1.052 -1 -1.076 -1 -1.098 -1 8
-1.087 -1 -1.01 -1 -1.038 -1 -1.062 -1 11
-1.05 -1 -1.01 -1 -1.158 -1 -1.218 -1 45
-1.188 -1 -1.064 -1 -1.178 -1 -1.244 -1 31
-1.211 -1 -1.058 -1 -1.228 -1 -1.296 -1 41
-1.262 -1 -1.094 -1 -1.154 -1 -1.194 -1 17
-1.174 -1 -1.058 -1 -1.148 -1 -1.218 -1 26
-1.183 -1 -1.058 -1 -1.148 -1 -1.176 -1 32
-1.162 -1 -1.042 -1 -1.11 -1 -1.158 -1 19
-1.134 -1 -1.032 -1 -1.09 -1 -1.14 -1 17
-1.115 -1 -1.028 -1 -1.182 -1 -1.24 -1 38
-1.211 -1 -1.086 -1 -1.26 -1 -1.324 -1 44
-1.292 -1 -1.108 -1 -1.146 -1 -1.188 -1 11
-1.167 -1 -1.044 -1 -1.214 -1 -1.266 -1 46
-1.24 -1 -1.062 -1 -1.172 -1 -1.236 -1 30
-1.204 -1 -1.07 -1 -1.17 -1 -1.23 -1 26
-1.2 -1 -1.078 -1 -1.204 -1 -1.252 -1 32
-1.228 -1 -1.048 -1 -1.06 -1 -1.096 -1 7
-1.078 -1 -1.014 -1 -1.194 -1 -1.23 -1 42
-1.212 -1 -1.072 -1 -1.202 -1 -1.252 -1 35
-1.227 -1 -1.096 -1 -1.206 -1 -1.262 -1 29
-1.234 -1 -1.066 -1 -1.126 -1 -1.164 -1 23
-1.145 -1 -1.046 -1 -1.052 -1 -1.076 -1 1
-1.064 -1 -1.02 -1 -1.162 -1 -1.216 -1 34
-1.189 -1 -1.056 -1 -1.18 -1 -1.246 -1 34
-1.213 -1 -1.068 -1 -1.218 -1 -1.274 -1 44
-1.246 -1 -1.082 -1 -1.144 -1 -1.194 -1 19
-1.169 -1 -1.058 -1 -1.106 -1 -1.134 -1 11
-1.12 -1 -1.028 -1 -1.1 -1 -1.126 -1 20
-1.113 -1 -1.04 -1 -1.172 -1 -1.222 -1 32
-1.197 -1 -1.048 -1 -1.104 -1 -1.136 -1 14
-1.12 -1 -1.016 -1 -1.046 -1 -1.078 -1 6
-1.062 -1 -1.016 -1 -1.056 -1 -1.092 -1 12
-1.074 -1 -1.012 -1 -1.166 -1 -1.226 -1 37
-1.196 -1 -1.05 -1 -1.18 -1 -1.234 -1 36
-1.207 -1 -1.062 -1 -1.16 -1 -1.194 -1 31
-1.177 -1 -1.042 -1 -1.072 -1 -1.096 -1 10
-1.084 -1 -1.016 -1 -1.048 -1 -1.068 -1 10
-1.058 -1 -1.008 -1 -1.036 -1 -1.064 -1 10
-1.05 -1 -1.012 -1 -1.092 -1 -1.134 -1 20
-1.113 -1 -1.028 -1 -1.112 -1 -1.162 -1 35
-1.137 -1 -1.044 -1 -1.056 -1 -1.072 -1 3
-1.064 -1 -1.01 -1 -1.074 -1 -1.104 -1 18
-1.089 -1 -1.026 -1 -1.058 -1 -1.068 -1 7
-1.063 -1 -1.016 -1 -1.04 -1 -1.062 -1 5
-1.051 -1 -1.012 -1 -1.134 -1 -1.16 -1 34
-1.147 -1 -1.042 -1 -1.098 -1 -1.112 -1 16
-1.105 -1 -1.02 -1 -1.156 -1 -1.232 -1 42
-1.194 -1 -1.076 -1 -1.152 -1 -1.2 -1 21
-1.176 -1 -1.06 -1 -1.13 -1 -1.186 -1 25
-1.158 -1 -1.05 -1 -1.208 -1 -1.276 -1 43
-1.242 -1 -1.08 -1 -1.1 -1 -1.14 -1 5
-1.12 -1 -1.038 -1 -1.232 -1 -1.276 -1 49
-1.254 -1 -1.062 -1 -1.174 -1 -1.236 -1 32
-1.205 -1 -1.076 -1 -1.19 -1 -1.252 -1 38
-1.221 -1 -1.064 -1 -1.116 -1 -1.148 -1 15
-1.132 -1 -1.036 -1 -1.07 -1 -1.1 -1 9
-1.085 -1 -1.026 -1 -1.166 -1 -1.218 -1 40
-1.192 -1 -1.06 -1 -1.236 -1 -1.31 -1 44
-1.273 -1 -1.08 -1 -1.12 -1 -1.172 -1 18
-1.146 -1 -1.046 -1 -1.146 -1 -1.2 -1 31
-1.173 -1 -1.036 -1 -1.176 -1 -1.22 -1 35
-1.198 -1 -1.05 -1 -1.23 -1 -1.296 -1 43
-1.263 -1 -1.09 -1 -1.2 -1 -1.238 -1 33
-1.219 -1 -1.066 -1 -1.168 -1 -1.224 -1 29
-1.196 -1 -1.076 -1 -1.116 -1 -1.14 -1 12
-1.128 -1 -1.026 -1 -1.04 -1 -1.06 -1 2
-1.05 -1 -1.01 -1 -1.094 -1 -1.132 -1 19
-1.113 -1 -1.034 -1 -1.098 -1 -1.11 -1 16
-1.104 -1 -1.018 -1 -1.176 -1 -1.22 -1 38
-1.198 -1 -1.054 -1 -1.144 -1 -1.176 -1 20
-1.16 -1 -1.05 -1 -1.186 -1 -1.23 -1 37
-1.208 -1 -1.058 -1 -1.166 -1 -1.22 -1 28
-1.193 -1 -1.048 -1 -1.222 -1 -1.298 -1 46
-1.26 -1 -1.098 -1 -1.198 -1 -1.262 -1 31
-1.23 -1 -1.05 -1 -1.14 -1 -1.172 -1 25
-1.156 -1 -1.036 -1 -1.068 -1 -1.084 -1 8
-1.076 -1 -1.014 -1 -1.03 -1 -1.048 -1 3
-1.039 -1 -1.008 -1 -1.116 -1 -1.16 -1 34
-1.138 -1 -1.046 -1 -1.064 -1 -1.08 -1 6
-1.072 -1 -1.01 -1 -1.048 -1 -1.068 -1 10
-1.058 -1 -1.014 -1 -1.062 -1 -1.068 -1 16
-1.065 -1 -1.012 -1 -1.024 -1 -1.028 -1 2
-1.026 -1 -1.008 -1 -1.066 -1 -1.078 -1 16
-1.072 -1 -1.032 -1 -1.118 -1 -1.162 -1 31
-1.14 -1 -1.052 -1 -1.074 -1 -1.092 -1 8
-1.083 -1 -1.02 -1 -1.09 -1 -1.114 -1 19
-1.102 -1 -1.032 -1 -1.032 -1 -1.04 -1 1
-1.036 -1 -1.004 -1 -1.16 -1 -1.204 -1 47
-1.182 -1 -1.052 -1 -1.214 -1 -1.276 -1 40
-1.245 -1 -1.068 -1 -1.182 -1 -1.246 -1 37
-1.214 -1 -1.062 -1 -1.224 -1 -1.274 -1 46
-1.249 -1 -1.084 -1 -1.118 -1 -1.16 -1 9
-1.139 -1 -1.036 -1 -1.044 -1 -1.074 -1 4
-1.059 -1 -1.02 -1 -1.162 -1 -1.216 -1 43
-1.189 -1 -1.054 -1 -1.1 -1 -1.126 -1 10
-1.113 -1 -1.034 -1 -1.11 -1 -1.158 -1 24
-1.134 -1 -1.038 -1 -1.046 -1 -1.072 -1 2
-1.059 -1 -1.014 -1 -1.04 -1 -1.052 -1 7
-1.046 -1 -1.01 -1 -1.072 -1 -1.1 -1 12
-1.086 -1 -1.028 -1 -1.106 -1 -1.142 -1 20
-1.124 -1 -1.036 -1 -1.194 -1 -1.242 -1 39
-1.218 -1 -1.068 -1 -1.13 -1 -1.166 -1 22
-1.148 -1 -1.044 -1 -1.182 -1 -1.224 -1 37
-1.203 -1 -1.058 -1 -1.136 -1 -1.182 -1 21
-1.159 -1 -1.044 -1 -1.202 -1 -1.26 -1 42
-1.231 -1 -1.06 -1 -1.186 -1 -1.244 -1 35
-1.215 -1 -1.072 -1 -1.116 -1 -1.148 -1 18
-1.132 -1 -1.034 -1 -1.122 -1 -1.17 -1 25
-1.146 -1 -1.052 -1 -1.078 -1 -1.082 -1 7
-1.08 -1 -1.018 -1 -1.086 -1 -1.104 -1 15
-1.095 -1 -1.024 -1 -1.17 -1 -1.24 -1 40
-1.205 -1 -1.078 -1 -1.158 -1 -1.178 -1 20
-1.168 -1 -1.04 -1 -1.148 -1 -1.192 -1 28
-1.17 -1 -1.042 -1 -1.046 -1 -1.09 -1 2
-1.068 -1 -1.022 -1 -1.03 -1 -1.046 -1 2
-1.038 -1 -1.004 -1 -1.134 -1 -1.162 -1 35
-1.148 -1 -1.03 -1 -1.04 -1 -1.058 -1 6
-1.049 -1 -1.012 -1 -1.12 -1 -1.166 -1 32
-1.143 -1 -1.038 -1 -1.18 -1 -1.214 -1 37
-1.197 -1 -1.048 -1 -1.172 -1 -1.236 -1 42
-1.204 -1 -1.052 -1 -1.198 -1 -1.254 -1 45
-1.226 -1 -1.076 -1 -1.182 -1 -1.222 -1 30
-1.202 -1 -1.052 -1 -1.184 -1 -1.244 -1 35
-1.214 -1 -1.076 -1 -1.174 -1 -1.2 -1 36
-1.187 -1 -1.058 -1 -1.106 -1 -1.158 -1 19
-1.132 -1 -1.038 -1 -1.076 -1 -1.12 -1 17
-1.098 -1 -1.022 -1 -1.086 -1 -1.11 -1 22
-1.098 -1 -1.012 -1 -1.046 -1 -1.066 -1 10
-1.056 -1 -1.016 -1 -1.042 -1 -1.054 -1 9
-1.048 -1 -1.012 -1 -1.012 -1 -1.02 -1 0
-1.016 -1 -1 -1 -1.084 -1 -1.118 -1 21
-1.101 -1 -1.038 -1 -1.068 -1 -1.092 -1 7
-1.08 -1 -1.022 -1 -1.162 -1 -1.198 -1 37
-1.18 -1 -1.05 -1 -1.122 -1 -1.168 -1 20
-1.145 -1 -1.034 -1 -1.188 -1 -1.234 -1 46
-1.211 -1 -1.052 -1 -1.112 -1 -1.154 -1 19
-1.133 -1 -1.03 -1 -1.172 -1 -1.234 -1 37
-1.203 -1 -1.082 -1 -1.156 -1 -1.204 -1 20
-1.18 -1 -1.048 -1 -1.098 -1 -1.126 -1 12
-1.112 -1 -1.03 -1 -1.076 -1 -1.098 -1 12
-1.087 -1 -1.018 -1 -1.066 -1 -1.088 -1 14
-1.077 -1 -1.014 -1 -1.18 -1 -1.224 -1 36
-1.202 -1 -1.058 -1 -1.14 -1 -1.198 -1 23
-1.169 -1 -1.048 -1 -1.182 -1 -1.236 -1 42
-1.209 -1 -1.06 -1 -1.062 -1 -1.09 -1 1
-1.076 -1 -1.006 -1 -1.138 -1 -1.21 -1 38
-1.174 -1 -1.062 -1 -1.088 -1 -1.122 -1 7
-1.105 -1 -1.022 -1 -1.14 -1 -1.2 -1 34
-1.17 -1 -1.054 -1 -1.13 -1 -1.18 -1 20
-1.155 -1 -1.044 -1 -1.164 -1 -1.234 -1 36
-1.199 -1 -1.05 -1 -1.162 -1 -1.214 -1 29
-1.188 -1 -1.04 -1 -1.104 -1 -1.126 -1 15
-1.115 -1 -1.026 -1 -1.148 -1 -1.204 -1 35
-1.176 -1 -1.052 -1 -1.112 -1 -1.14 -1 23
-1.126 -1 -1.028 -1 -1.082 -1 -1.118 -1 16
-1.1 -1 -1.024 -1 -1.19 -1 -1.248 -1 49
-1.219 -1 -1.08 -1 -1.206 -1 -1.278 -1 38
-1.242 -1 -1.072 -1 -1.16 -1 -1.182 -1 24
-1.171 -1 -1.038 -1 -1.158 -1 -1.198 -1 33
-1.178 -1 -1.056 -1 -1.154 -1 -1.216 -1 27
-1.185 -1 -1.066 -1 -1.158 -1 -1.2 -1 29
-1.179 -1 -1.044 -1 -1.14 -1 -1.206 -1 29
-1.173 -1 -1.052 -1 -1.112 -1 -1.162 -1 18
-1.137 -1 -1.034 -1 -1.104 -1 -1.142 -1 19
-1.123 -1 -1.04 -1 -1.106 -1 -1.15 -1 20
-1.128 -1 -1.028 -1 -1.088 -1 -1.136 -1 21
-1.112 -1 -1.022 -1 -1.1 -1 -1.13 -1 18
-1.115 -1 -1.036 -1 -1.146 -1 -1.208 -1 25
-1.177 -1 -1.062 -1 -1.19 -1 -1.228 -1 30
-1.209 -1 -1.064 -1 -1.208 -1 -1.252 -1 35
-1.23 -1 -1.064 -1 -1.07 -1 -1.098 -1 3
-1.084 -1 -1.022 -1 -1.078 -1 -1.11 -1 15
-1.094 -1 -1.024 -1 -1.088 -1 -1.12 -1 14
-1.104 -1 -1.022 -1 -1.126 -1 -1.192 -1 31
-1.159 -1 -1.062 -1 -1.198 -1 -1.26 -1 41
-1.229 -1 -1.094 -1 -1.132 -1 -1.172 -1 15
-1.152 -1 -1.048 -1 -1.048 -1 -1.062 -1 1
-1.055 -1 -1.012 -1 -1.172 -1 -1.232 -1 40
-1.202 -1 -1.068 -1 -1.198 -1 -1.256 -1 36
-1.227 -1 -1.078 -1 -1.132 -1 -1.182 -1 17
-1.157 -1 -1.032 -1 -1.142 -1 -1.184 -1 33
-1.163 -1 -1.056 -1 -1.062 -1 -1.082 -1 1
-1.072 -1 -1.014 -1 -1.148 -1 -1.18 -1 41
-1.164 -1 -1.058 -1 -1.154 -1 -1.198 -1 24
-1.176 -1 -1.052 -1 -1.154 -1 -1.218 -1 27
-1.186 -1 -1.068 -1 -1.164 -1 -1.218 -1 29
-1.191 -1 -1.044 -1 -1.11 -1 -1.144 -1 16
-1.127 -1 -1.038 -1 -1.092 -1 -1.14 -1 16
-1.116 -1 -1.034 -1 -1.204 -1 -1.276 -1 46
-1.24 -1 -1.076 -1 -1.112 -1 -1.142 -1 11
-1.127 -1 -1.028 -1 -1.058 -1 -1.092 -1 9
-1.075 -1 -1.02 -1 -1.048 -1 -1.088 -1 7
-1.068 -1 -1.026 -1 -1.038 -1 -1.056 -1 4
-1.047 -1 -1.006 -1 -1.072 -1 -1.104 -1 17
-1.088 -1 -1.02 -1 -1.05 -1 -1.072 -1 10
-1.061 -1 -1.014 -1 -1.06 -1 -1.092 -1 13
-1.076 -1 -1.026 -1 -1.168 -1 -1.228 -1 39
-1.198 -1 -1.052 -1 -1.218 -1 -1.254 -1 40
-1.236 -1 -1.072 -1 -1.186 -1 -1.256 -1 33
-1.221 -1 -1.084 -1 -1.092 -1 -1.118 -1 4
-1.105 -1 -1.02 -1 -1.068 -1 -1.09 -1 11
-1.079 -1 -1.018 -1 -1.084 -1 -1.122 -1 21
-1.103 -1 -1.03 -1 -1.11 -1 -1.146 -1 25
-1.128 -1 -1.028 -1 -1.036 -1 -1.046 -1 3
-1.041 -1 -1.004 -1 -1.176 -1 -1.242 -1 44
-1.209 -1 -1.07 -1 -1.198 -1 -1.254 -1 33
-1.226 -1 -1.062 -1 -1.144 -1 -1.182 -1 24
-1.163 -1 -1.042 -1 -1.082 -1 -1.104 -1 13
-1.093 -1 -1.028 -1 -1.038 -1 -1.038 -1 4
-1.038 -1 -1.004 -1 -1.104 -1 -1.148 -1 23
-1.126 -1 -1.034 -1 -1.172 -1 -1.182 -1 34
-1.177 -1 -1.042 -1 -1.122 -1 -1.158 -1 21
-1.14 -1 -1.038 -1 -1.182 -1 -1.216 -1 42
-1.199 -1 -1.058 -1 -1.098 -1 -1.124 -1 14
-1.111 -1 -1.026 -1 -1.122 -1 -1.16 -1 28
-1.141 -1 -1.028 -1 -1.202 -1 -1.244 -1 43
-1.223 -1 -1.058 -1 -1.188 -1 -1.25 -1 40
-1.219 -1 -1.064 -1 -1.198 -1 -1.234 -1 39
-1.216 -1 -1.06 -1 -1.228 -1 -1.3 -1 49
-1.264 -1 -1.09 -1 -1.134 -1 -1.184 -1 19
-1.159 -1 -1.048 -1 -1.052 -1 -1.066 -1 1
-1.059 -1 -1.014 -1 -1.146 -1 -1.208 -1 37
-1.177 -1 -1.062 -1 -1.126 -1 -1.164 -1 16
-1.145 -1 -1.042 -1 -1.138 -1 -1.17 -1 31
-1.154 -1 -1.036 -1 -1.08 -1 -1.098 -1 10
-1.089 -1 -1.018 -1 -1.092 -1 -1.124 -1 27
-1.108 -1 -1.038 -1 -1.188 -1 -1.25 -1 44
-1.219 -1 -1.076 -1 -1.138 -1 -1.186 -1 15
-1.162 -1 -1.044 -1 -1.164 -1 -1.222 -1 35
-1.193 -1 -1.058 -1 -1.088 -1 -1.124 -1 7
-1.106 -1 -1.028 -1 -1.09 -1 -1.128 -1 13
-1.109 -1 -1.038 -1 -1.176 -1 -1.206 -1 33
-1.191 -1 -1.042 -1 -1.136 -1 -1.16 -1 27
-1.148 -1 -1.034 -1 -1.188 -1 -1.236 -1 49
-1.212 -1 -1.068 -1 -1.274 -1 -1.334 -1 47
-1.304 -1 -1.068 -1 -1.09 -1 -1.116 -1 5
-1.103 -1 -1.02 -1 -1.048 -1 -1.076 -1 9
-1.062 -1 -1.018 -1 -1.03 -1 -1.05 -1 6
-1.04 -1 -1.006 -1 -1.138 -1 -1.172 -1 34
-1.155 -1 -1.042 -1 -1.138 -1 -1.182 -1 30
-1.16 -1 -1.034 -1 -1.148 -1 -1.208 -1 38
-1.178 -1 -1.046 -1 -1.164 -1 -1.214 -1 34
-1.189 -1 -1.038 -1 -1.1 -1 -1.124 -1 23
-1.112 -1 -1.024 -1 -1.028 -1 -1.044 -1 1
-1.036 -1 -1.014 -1 -1.11 -1 -1.148 -1 24
-1.129 -1 -1.038 -1 -1.112 -1 -1.152 -1 20
-1.132 -1 -1.034 -1 -1.23 -1 -1.282 -1 48
-1.256 -1 -1.078 -1 -1.256 -1 -1.322 -1 46
-1.289 -1 -1.092 -1 -1.14 -1 -1.164 -1 12
-1.152 -1 -1.034 -1 -1.188 -1 -1.23 -1 44
-1.209 -1 -1.054 -1 -1.116 -1 -1.164 -1 17
-1.14 -1 -1.036 -1 -1.114 -1 -1.152 -1 24
-1.133 -1 -1.038 -1 -1.058 -1 -1.064 -1 7
-1.061 -1 -1.014 -1 -1.192 -1 -1.228 -1 46
-1.21 -1 -1.074 -1 -1.118 -1 -1.156 -1 13
-1.137 -1 -1.036 -1 -1.09 -1 -1.124 -1 17
-1.107 -1 -1.018 -1 -1.072 -1 -1.098 -1 13
-1.085 -1 -1.02 -1 -1.036 -1 -1.05 -1 3
-1.043 -1 -1.008 -1 -1.008 -1 -1.016 -1 0
-1.012 -1 -1.002 -1 -1.1 -1 -1.15 -1 28
-1.125 -1 -1.036 -1 -1.06 -1 -1.068 -1 6
-1.064 -1 -1.012 -1 -1.066 -1 -1.078 -1 14
-1.072 -1 -1.016 -1 -1.072 -1 -1.098 -1 15
-1.085 -1 -1.02 -1 -1.056 -1 -1.08 -1 10
-1.068 -1 -1.018 -1 -1.048 -1 -1.054 -1 8
-1.051 -1 -1.01 -1 -1.106 -1 -1.14 -1 33
-1.123 -1 -1.038 -1 -1.064 -1 -1.086 -1 8
-1.075 -1 -1.022 -1 -1.058 -1 -1.08 -1 9
-1.069 -1 -1.028 -1 -1.158 -1 -1.208 -1 34
-1.183 -1 -1.068 -1 -1.1 -1 -1.12 -1 6
-1.11 -1 -1.036 -1 -1.074 -1 -1.1 -1 9
-1.087 -1 -1.022 -1 -1.148 -1 -1.196 -1 33
-1.172 -1 -1.044 -1 -1.192 -1 -1.252 -1 44
-1.222 -1 -1.054 -1 -1.156 -1 -1.198 -1 29
-1.177 -1 -1.056 -1 -1.082 -1 -1.11 -1 7
-1.096 -1 -1.028 -1 -1.124 -1 -1.152 -1 30
-1.138 -1 -1.032 -1 -1.132 -1 -1.194 -1 24
-1.163 -1 -1.054 -1 -1.19 -1 -1.248 -1 39
-1.219 -1 -1.066 -1 -1.066 -1 -1.08 -1 0
-1.073 -1 -1.01 -1 -1.084 -1 -1.104 -1 18
-1.094 -1 -1.018 -1 -1.142 -1 -1.218 -1 40
-1.18 -1 -1.07 -1 -1.222 -1 -1.272 -1 42
-1.247 -1 -1.068 -1 -1.14 -1 -1.19 -1 23
-1.165 -1 -1.048 -1 -1.198 -1 -1.252 -1 41
-1.225 -1 -1.042 -1 -1.054 -1 -1.086 -1 3
-1.07 -1 -1.018 -1 -1.192 -1 -1.278 -1 47
-1.235 -1 -1.084 -1 -1.208 -1 -1.28 -1 41
-1.244 -1 -1.064 -1 -1.224 -1 -1.286 -1 42
-1.255 -1 -1.082 -1 -1.168 -1 -1.202 -1 31
-1.185 -1 -1.052 -1 -1.194 -1 -1.26 -1 36
-1.227 -1 -1.06 -1 -1.178 -1 -1.22 -1 27
-1.199 -1 -1.036 -1 -1.11 -1 -1.146 -1 12
-1.128 -1 -1.03 -1 -1.126 -1 -1.176 -1 24
-1.151 -1 -1.032 -1 -1.062 -1 -1.072 -1 9
-1.067 -1 -1.008 -1 -1.166 -1 -1.214 -1 40
-1.19 -1 -1.042 -1 -1.146 -1 -1.184 -1 26
-1.165 -1 -1.03 -1 -1.05 -1 -1.084 -1 3
-1.067 -1 -1.02 -1 -1.068 -1 -1.076 -1 11
-1.072 -1 -1.006 -1 -1.074 -1 -1.122 -1 18
-1.098 -1 -1.032 -1 -1.188 -1 -1.236 -1 43
-1.212 -1 -1.072 -1 -1.204 -1 -1.276 -1 37
-1.24 -1 -1.096 -1 -1.252 -1 -1.302 -1 46
-1.277 -1 -1.08 -1 -1.272 -1 -1.338 -1 49
-1.305 -1 -1.082 -1 -1.222 -1 -1.286 -1 40
-1.254 -1 -1.074 -1 -1.196 -1 -1.244 -1 27
-1.22 -1 -1.062 -1 -1.164 -1 -1.202 -1 24
-1.183 -1 -1.046 -1 -1.126 -1 -1.17 -1 26
-1.148 -1 -1.034 -1 -1.202 -1 -1.24 -1 43
-1.221 -1 -1.036 -1 -1.09 -1 -1.134 -1 15
-1.112 -1 -1.024 -1 -1.032 -1 -1.044 -1 2
-1.038 -1 -1.01 -1 -1.134 -1 -1.188 -1 37
-1.161 -1 -1.05 -1 -1.182 -1 -1.202 -1 35
-1.192 -1 -1.048 -1 -1.132 -1 -1.152 -1 20
-1.142 -1 -1.026 -1 -1.172 -1 -1.222 -1 39
-1.197 -1 -1.066 -1 -1.1 -1 -1.13 -1 11
-1.115 -1 -1.028 -1 -1.154 -1 -1.2 -1 33
-1.177 -1 -1.06 -1 -1.102 -1 -1.128 -1 10
-1.115 -1 -1.022 -1 -1.022 -1 -1.048 -1 1
-1.035 -1 -1.006 -1 -1.074 -1 -1.112 -1 17
-1.093 -1 -1.024 -1 -1.026 -1 -1.042 -1 2
-1.034 -1 -1.006 -1 -1.158 -1 -1.196 -1 42
-1.177 -1 -1.046 -1 -1.066 -1 -1.094 -1 7
-1.08 -1 -1.024 -1 -1.218 -1 -1.258 -1 48
-1.238 -1 -1.082 -1 -1.238 -1 -1.342 -1 39
-1.29 -1 -1.1 -1 -1.178 -1 -1.212 -1 18
-1.195 -1 -1.044 -1 -1.196 -1 -1.254 -1 42
-1.225 -1 -1.064 -1 -1.124 -1 -1.172 -1 20
-1.148 -1 -1.054 -1 -1.134 -1 -1.174 -1 19
-1.154 -1 -1.046 -1 -1.07 -1 -1.11 -1 6
-1.09 -1 -1.02 -1 -1.17 -1 -1.22 -1 46
-1.195 -1 -1.078 -1 -1.126 -1 -1.168 -1 15
-1.147 -1 -1.034 -1 -1.216 -1 -1.278 -1 42
-1.247 -1 -1.062 -1 -1.226 -1 -1.29 -1 49
-1.258 -1 -1.1 -1 -1.214 -1 -1.262 -1 28
-1.238 -1 -1.08 -1 -1.212 -1 -1.298 -1 35
-1.255 -1 -1.088 -1 -1.134 -1 -1.166 -1 18
-1.15 -1 -1.028 -1 -1.066 -1 -1.102 -1 10
-1.084 -1 -1.036 -1 -1.182 -1 -1.24 -1 43
-1.211 -1 -1.056 -1 -1.148 -1 -1.212 -1 21
-1.18 -1 -1.06 -1 -1.116 -1 -1.162 -1 14
-1.139 -1 -1.042 -1 -1.098 -1 -1.116 -1 16
-1.107 -1 -1.026 -1 -1.124 -1 -1.146 -1 27
-1.135 -1 -1.03 -1 -1.16 -1 -1.202 -1 30
-1.181 -1 -1.072 -1 -1.08 -1 -1.106 -1 2
-1.093 -1 -1.018 -1 -1.184 -1 -1.258 -1 47
-1.221 -1 -1.086 -1 -1.132 -1 -1.178 -1 11
-1.155 -1 -1.04 -1 -1.048 -1 -1.06 -1 4
-1.054 -1 -1.006 -1 -1.2 -1 -1.258 -1 47
-1.229 -1 -1.08 -1 -1.176 -1 -1.254 -1 22
-1.215 -1 -1.078 -1 -1.092 -1 -1.106 -1 5
-1.099 -1 -1.038 -1 -1.138 -1 -1.178 -1 29
-1.158 -1 -1.052 -1 -1.112 -1 -1.148 -1 15
-1.13 -1 -1.044 -1 -1.196 -1 -1.25 -1 45
-1.223 -1 -1.062 -1 -1.076 -1 -1.092 -1 5
-1.084 -1 -1.02 -1 -1.108 -1 -1.144 -1 20
-1.126 -1 -1.026 -1 -1.178 -1 -1.24 -1 46
-1.209 -1 -1.076 -1 -1.132 -1 -1.152 -1 16
-1.142 -1 -1.024 -1 -1.048 -1 -1.064 -1 6
-1.056 -1 -1.012 -1 -1.128 -1 -1.17 -1 29
-1.149 -1 -1.054 -1 -1.092 -1 -1.12 -1 12
-1.106 -1 -1.028 -1 -1.092 -1 -1.106 -1 18
-1.099 -1 -1.014 -1 -1.118 -1 -1.186 -1 34
-1.152 -1 -1.054 -1 -1.228 -1 -1.318 -1 47
-1.273 -1 -1.11 -1 -1.264 -1 -1.296 -1 41
-1.28 -1 -1.08 -1 -1.212 -1 -1.248 -1 36
-1.23 -1 -1.072 -1 -1.22 -1 -1.294 -1 43
-1.257 -1 -1.07 -1 -1.212 -1 -1.272 -1 42
-1.242 -1 -1.066 -1 -1.106 -1 -1.138 -1 11
-1.122 -1 -1.028 -1 -1.104 -1 -1.136 -1 25
-1.12 -1 -1.032 -1 -1.158 -1 -1.2 -1 35
-1.179 -1 -1.046 -1 -1.098 -1 -1.118 -1 15
-1.108 -1 -1.038 -1 -1.154 -1 -1.228 -1 32
-1.191 -1 -1.058 -1 -1.176 -1 -1.26 -1 41
-1.218 -1 -1.068 -1 -1.208 -1 -1.246 -1 41
-1.227 -1 -1.08 -1 -1.096 -1 -1.12 -1 8
-1.108 -1 -1.02 -1 -1.112 -1 -1.164 -1 34
-1.138 -1 -1.042 -1 -1.094 -1 -1.106 -1 13
-1.1 -1 -1.012 -1 -1.188 -1 -1.224 -1 44
-1.206 -1 -1.06 -1 -1.076 -1 -1.116 -1 5
-1.096 -1 -1.03 -1 -1.034 -1 -1.04 -1 1
-1.037 -1 -1.008 -1 -1.014 -1 -1.022 -1 1
-1.018 -1 -1.002 -1 -1.134 -1 -1.182 -1 38
-1.158 -1 -1.05 -1 -1.122 -1 -1.176 -1 24
-1.149 -1 -1.038 -1 -1.054 -1 -1.07 -1 5
-1.062 -1 -1.02 -1 -1.142 -1 -1.192 -1 32
-1.167 -1 -1.042 -1 -1.174 -1 -1.212 -1 36
-1.193 -1 -1.056 -1 -1.16 -1 -1.204 -1 32
-1.182 -1 -1.046 -1 -1.114 -1 -1.164 -1 18
-1.139 -1 -1.04 -1 -1.086 -1 -1.12 -1 17
-1.103 -1 -1.036 -1 -1.156 -1 -1.212 -1 38
-1.184 -1 -1.052 -1 -1.16 -1 -1.218 -1 28
-1.189 -1 -1.064 -1 -1.122 -1 -1.16 -1 14
-1.141 -1 -1.032 -1 -1.198 -1 -1.268 -1 42
-1.233 -1 -1.068 -1 -1.086 -1 -1.116 -1 4
-1.101 -1 -1.028 -1 -1.096 -1 -1.122 -1 21
-1.109 -1 -1.026 -1 -1.064 -1 -1.094 -1 14
-1.079 -1 -1.018 -1 -1.158 -1 -1.228 -1 37
-1.193 -1 -1.052 -1 -1.136 -1 -1.168 -1 22
-1.152 -1 -1.042 -1 -1.166 -1 -1.204 -1 27
-1.185 -1 -1.064 -1 -1.158 -1 -1.198 -1 24
-1.178 -1 -1.054 -1 -1.216 -1 -1.272 -1 41
-1.244 -1 -1.064 -1 -1.104 -1 -1.136 -1 16
-1.12 -1 -1.018 -1 -1.04 -1 -1.058 -1 10
-1.049 -1 -1.01 -1 -1.024 -1 -1.036 -1 3
-1.03 -1 -1.006 -1 -1.164 -1 -1.21 -1 38
-1.187 -1 -1.052 -1 -1.19 -1 -1.25 -1 41
-1.22 -1 -1.05 -1 -1.172 -1 -1.244 -1 30
-1.208 -1 -1.072 -1 -1.082 -1 -1.118 -1 2
-1.1 -1 -1.024 -1 -1.178 -1 -1.236 -1 41
-1.207 -1 -1.062 -1 -1.106 -1 -1.154 -1 14
-1.13 -1 -1.028 -1 -1.226 -1 -1.288 -1 49
-1.257 -1 -1.104 -1 -1.246 -1 -1.322 -1 40
-1.284 -1 -1.104 -1 -1.232 -1 -1.318 -1 34
-1.275 -1 -1.1 -1 -1.236 -1 -1.298 -1 42
-1.267 -1 -1.098 -1 -1.232 -1 -1.282 -1 41
-1.257 -1 -1.068 -1 -1.096 -1 -1.128 -1 7
-1.112 -1 -1.036 -1 -1.072 -1 -1.102 -1 11
-1.087 -1 -1.022 -1 -1.07 -1 -1.092 -1 12
-1.081 -1 -1.018 -1 -1.12 -1 -1.162 -1 30
-1.141 -1 -1.04 -1 -1.106 -1 -1.148 -1 17
-1.127 -1 -1.04 -1 -1.108 -1 -1.14 -1 19
-1.124 -1 -1.038 -1 -1.054 -1 -1.088 -1 6
-1.071 -1 -1.01 -1 -1.128 -1 -1.178 0 43
