9 1000 0.4 8 202 0 0 0 0
-3.644 -1 -3.148 -1 -3.216 -1 -3.406 -1 142
-3.311 -1 -2.868 -1 -3.052 -1 -3.338 -1 166
-3.195 -1 -2.728 -1 -2.876 -1 -3.242 -2 124
-3.059 -1 -2.642 -1 -2.76 -1 -3.126 -1 111
-2.943 -1 -2.592 -1 -2.592 -1 -3.032 -1 0
-2.812 -1 -2.444 -1 -2.6 -1 -3.02 -1 100
-2.81 -1 -2.436 -1 -2.644 -1 -3.11 -1 142
-2.877 -1 -2.482 -1 -2.612 -1 -2.982 -1 115
-2.797 -1 -2.414 -1 -2.644 -1 -3.04 -1 163
-2.842 -1 -2.414 -1 -2.448 -1 -2.946 -1 17
-2.697 -1 -2.366 -1 -2.468 -1 -2.946 -1 80
-2.707 -1 -2.322 -1 -2.508 -1 -3.012 -1 108
-2.76 -1 -2.37 -1 -2.41 -1 -2.91 -1 20
-2.66 -1 -2.306 -1 -2.398 -1 -2.904 -1 61
-2.651 -1 -2.292 -1 -2.37 -1 -2.85 -1 75
-2.61 -1 -2.228 -1 -2.32 -1 -2.826 -1 62
-2.573 -1 -2.212 -1 -2.486 -1 -2.95 -1 167
-2.718 -1 -2.328 -1 -2.628 -1 -3.04 -1 182
-2.834 -1 -2.4 -1 -2.606 -1 -3.058 -1 132
-2.832 -1 -2.376 -1 -2.562 -1 -3.026 -1 137
-2.794 -1 -2.334 -1 -2.472 -1 -2.922 -1 106
-2.697 -1 -2.276 -1 -2.328 -1 -2.834 -1 42
-2.581 -1 -2.204 -1 -2.354 -1 -2.848 -1 118
-2.601 -1 -2.22 -1 -2.476 -1 -2.962 -1 166
-2.719 -1 -2.272 -1 -2.458 -1 -2.866 -1 136
-2.662 -1 -2.244 -1 -2.286 -1 -2.884 -1 28
-2.585 -1 -2.254 -1 -2.46 -1 -2.994 -1 165
-2.727 -1 -2.324 -1 -2.376 -1 -2.884 -1 32
-2.63 -1 -2.27 -1 -2.45 -1 -2.91 -1 122
-2.68 -1 -2.274 -1 -2.338 -1 -2.89 -1 42
-2.614 -1 -2.28 -1 -2.536 -1 -3.01 -1 146
-2.773 -1 -2.368 -1 -2.614 -1 -2.95 -1 199
-2.782 -1 -2.364 -1 -2.554 -1 -2.956 -1 154
-2.755 -1 -2.342 -1 -2.484 -1 -2.906 -1 98
-2.695 -1 -2.316 -1 -2.452 -1 -2.89 -1 93
-2.671 -1 -2.308 -1 -2.554 -1 -3.002 -1 171
-2.778 -1 -2.33 -1 -2.528 -1 -2.972 -1 141
-2.75 -1 -2.342 -1 -2.504 -1 -2.994 -1 109
-2.749 -1 -2.348 -1 -2.374 -1 -2.804 -1 18
-2.589 -1 -2.24 -1 -2.352 -1 -2.8 -1 73
-2.576 -1 -2.224 -1 -2.432 -1 -2.892 -1 148
-2.662 -1 -2.254 -1 -2.512 -1 -2.952 -1 172
-2.732 -1 -2.304 -1 -2.542 -1 -2.946 -1 184
-2.744 -1 -2.308 -1 -2.376 -1 -2.874 -1 31
-2.625 -1 -2.246 -1 -2.496 -1 -2.918 -1 176
-2.707 -1 -2.254 -1 -2.41 -1 -2.822 -1 105
-2.616 -1 -2.254 -1 -2.348 -1 -2.804 -1 98
-2.576 -1 -2.178 -1 -2.27 -1 -2.814 -1 54
-2.542 -1 -2.176 -1 -2.464 -1 -2.876 -1 193
-2.67 -1 -2.26 -1 -2.356 -1 -2.792 -1 56
-2.574 -1 -2.194 -1 -2.302 -1 -2.838 -1 51
-2.57 -1 -2.208 -1 -2.456 -1 -2.9 -1 164
-2.678 -1 -2.24 -1 -2.432 -1 -2.916 -1 145
-2.674 -1 -2.29 -1 -2.334 -1 -2.72 -1 29
-2.527 -1 -2.162 -1 -2.34 -1 -2.796 -1 112
-2.568 -1 -2.192 -1 -2.418 -1 -2.8 -1 154
-2.609 -1 -2.204 -1 -2.436 -1 -2.844 -1 133
-2.64 -1 -2.228 -1 -2.294 -1 -2.866 -1 44
-2.58 -1 -2.182 -1 -2.274 -1 -2.756 -1 40
-2.515 -1 -2.15 -1 -2.152 -1 -2.694 -1 5
-2.423 -1 -2.05 -1 -2.334 -1 -2.804 -1 150
-2.569 -1 -2.13 -1 -2.384 -1 -2.836 -1 150
-2.61 -1 -2.188 -1 -2.258 -1 -2.778 -1 30
-2.518 -1 -2.134 -1 -2.412 -1 -2.832 -1 161
-2.622 -1 -2.238 -1 -2.498 -1 -2.946 -1 177
-2.722 -1 -2.298 -1 -2.502 -1 -2.906 -1 147
-2.704 -1 -2.252 -1 -2.444 -1 -2.85 -1 124
-2.647 -1 -2.248 -1 -2.252 -1 -2.756 -1 1
-2.504 -1 -2.196 -1 -2.504 -1 -2.902 -1 199
-2.703 -1 -2.308 -1 -2.546 -1 -2.944 -1 162
-2.745 -1 -2.352 -1 -2.614 -1 -2.996 -1 176
-2.805 -1 -2.372 -1 -2.494 -1 -2.9 -1 86
-2.697 -1 -2.29 -1 -2.456 -1 -2.864 -1 86
-2.66 -1 -2.29 -1 -2.51 -1 -2.904 -1 137
-2.707 -1 -2.294 -1 -2.442 -1 -2.876 -1 100
-2.659 -1 -2.224 -1 -2.584 -1 -2.912 -1 198
-2.748 -1 -2.274 -1 -2.408 -1 -2.836 -1 117
-2.622 -1 -2.238 -1 -2.464 -1 -2.91 -1 131
-2.687 -1 -2.276 -1 -2.5 -1 -2.886 -1 149
-2.693 -1 -2.302 -1 -2.346 -1 -2.806 -1 32
-2.576 -1 -2.238 -1 -2.32 -1 -2.808 -1 48
-2.564 -1 -2.194 -1 -2.438 -1 -2.882 -1 169
-2.66 -1 -2.278 -1 -2.412 -1 -2.92 -1 96
-2.666 -1 -2.274 -1 -2.298 -1 -2.798 -1 8
-2.548 -1 -2.182 -1 -2.328 -1 -2.766 -1 88
-2.547 -1 -2.196 -1 -2.346 -1 -2.768 -1 107
-2.557 -1 -2.15 -1 -2.272 -1 -2.73 -1 84
-2.501 -1 -2.116 -1 -2.176 -1 -2.676 -1 38
-2.426 -1 -2.086 -1 -2.338 -1 -2.868 -1 141
-2.603 -1 -2.178 -1 -2.282 -1 -2.688 -1 60
-2.485 -1 -2.094 -1 -2.234 -1 -2.698 -1 81
-2.466 -1 -2.082 -1 -2.18 -1 -2.588 -1 48
-2.384 -1 -2.026 -1 -2.284 -1 -2.702 -1 150
-2.493 -1 -2.1 -1 -2.396 -1 -2.836 -1 195
-2.616 -1 -2.2 -1 -2.482 -1 -2.87 -1 172
-2.676 -1 -2.208 -1 -2.47 -1 -2.882 -1 175
-2.676 -1 -2.204 -1 -2.464 -1 -2.872 -1 155
-2.668 -1 -2.224 -1 -2.234 -1 -2.664 -1 11
-2.449 -1 -2.092 -1 -2.216 -1 -2.69 -1 80
-2.453 -1 -2.1 -1 -2.252 -1 -2.674 -1 69
-2.463 -1 -2.09 -1 -2.336 -1 -2.738 -1 151
-2.537 -1 -2.12 -1 -2.224 -1 -2.73 -1 43
-2.477 -1 -2.114 -1 -2.364 -1 -2.756 -1 143
-2.56 -1 -2.154 -1 -2.324 -1 -2.776 -1 98
-2.55 -1 -2.15 -1 -2.442 -1 -2.818 -1 168
-2.63 -1 -2.202 -1 -2.27 -1 -2.732 -1 38
-2.501 -1 -2.14 -1 -2.316 -1 -2.724 -1 85
-2.52 -1 -2.128 -1 -2.35 -1 -2.758 -1 138
-2.554 -1 -2.132 -1 -2.448 -1 -2.874 -1 191
-2.661 -1 -2.252 -1 -2.276 -1 -2.694 -1 15
-2.485 -1 -2.096 -1 -2.414 -1 -2.764 -1 183
-2.589 -1 -2.166 -1 -2.288 -1 -2.676 -1 62
-2.482 -1 -2.098 -1 -2.156 -1 -2.588 -1 36
-2.372 -1 -2.034 -1 -2.142 -1 -2.574 -1 62
-2.358 -1 -2.006 -1 -2.034 -1 -2.46 -1 18
-2.247 -1 -1.92 -1 -1.962 -1 -2.396 -1 22
-2.179 -1 -1.828 -1 -1.964 -1 -2.36 -1 45
-2.162 -1 -1.784 -1 -2.038 -1 -2.45 -1 147
-2.244 -1 -1.838 -1 -1.986 -1 -2.476 -1 71
-2.231 -1 -1.832 -1 -2.068 -1 -2.454 -1 121
-2.261 -1 -1.854 -1 -2.266 -1 -2.592 -1 199
-2.429 -1 -1.974 -1 -2.192 -1 -2.53 -1 114
-2.361 -1 -1.95 -1 -2.282 -1 -2.71 -1 188
-2.496 -1 -2.044 -1 -2.15 -1 -2.486 -1 53
-2.318 -1 -1.9 -1 -2.138 -1 -2.492 -1 100
-2.315 -1 -1.87 -1 -2.19 -1 -2.536 -1 151
-2.363 -1 -1.888 -1 -1.998 -1 -2.364 -1 57
-2.181 -1 -1.784 -1 -2.024 -1 -2.4 -1 126
-2.212 -1 -1.812 -1 -2.028 -1 -2.4 -1 99
-2.214 -1 -1.78 -1 -2.046 -1 -2.418 -1 122
-2.232 -1 -1.772 -1 -2.174 -1 -2.536 -1 180
-2.355 -1 -1.84 -1 -2.114 -1 -2.396 -1 124
-2.255 -1 -1.802 -1 -1.92 -1 -2.23 -1 61
-2.075 -1 -1.692 -1 -1.714 -1 -2.102 -1 11
-1.908 -1 -1.568 -1 -1.872 -1 -2.176 -1 130
-2.024 -1 -1.606 -1 -1.744 -1 -2.108 -1 49
-1.926 -1 -1.562 -1 -1.78 -1 -2.104 -1 110
-1.942 -1 -1.538 -1 -1.796 -1 -2.092 -1 117
-1.944 -1 -1.53 -1 -2.01 -1 -2.324 -1 199
-2.167 -1 -1.638 -1 -1.998 -1 -2.252 -1 141
-2.125 -1 -1.6 -1 -1.914 -1 -2.18 -1 145
-2.047 -1 -1.568 -1 -1.756 -1 -2.014 -1 80
-1.885 -1 -1.488 -1 -1.694 -1 -1.988 -1 82
-1.841 -1 -1.44 -1 -1.488 -1 -1.706 -1 24
-1.597 -1 -1.264 -1 -1.614 -1 -1.83 -1 118
-1.722 -1 -1.324 -1 -1.648 -1 -1.866 -1 110
-1.757 -1 -1.342 -1 -1.808 -1 -2.038 -1 194
-1.923 -1 -1.434 -1 -1.55 -1 -1.764 -1 44
-1.657 -1 -1.288 -1 -1.748 -1 -1.966 -1 160
-1.857 -1 -1.416 -1 -1.766 -1 -1.952 -1 141
-1.859 -1 -1.45 -1 -1.648 -1 -1.858 -1 93
-1.753 -1 -1.36 -1 -1.474 -1 -1.588 -1 39
-1.531 -1 -1.208 -1 -1.686 -1 -1.866 -1 168
-1.776 -1 -1.318 -1 -1.476 -1 -1.676 -1 54
-1.576 -1 -1.21 -1 -1.546 -1 -1.718 -1 114
-1.632 -1 -1.25 -1 -1.53 -1 -1.696 -1 95
-1.613 -1 -1.238 -1 -1.67 -1 -1.874 -1 156
-1.772 -1 -1.336 -1 -1.624 -1 -1.796 -1 107
-1.71 -1 -1.336 -1 -1.568 -1 -1.738 -1 88
-1.653 -1 -1.26 -1 -1.468 -1 -1.684 -1 78
-1.576 -1 -1.204 -1 -1.586 -1 -1.75 -1 128
-1.668 -1 -1.254 -1 -1.276 -1 -1.422 -1 7
-1.349 -1 -1.114 -1 -1.376 -1 -1.534 -1 83
-1.455 -1 -1.17 -1 -1.378 -1 -1.536 -1 69
-1.457 -1 -1.164 -1 -1.394 -1 -1.536 -1 65
-1.465 -1 -1.164 -1 -1.576 -1 -1.75 -1 154
-1.663 -1 -1.302 -1 -1.522 -1 -1.652 -1 83
-1.587 -1 -1.23 -1 -1.37 -1 -1.556 -1 53
-1.463 -1 -1.166 -1 -1.348 -1 -1.48 -1 72
-1.414 -1 -1.152 -1 -1.46 -1 -1.628 -1 103
-1.544 -1 -1.202 -1 -1.204 -1 -1.332 -1 2
-1.268 -1 -1.082 -1 -1.236 -1 -1.332 -1 45
-1.284 -1 -1.084 -1 -1.2 -1 -1.308 -1 43
-1.254 -1 -1.084 -1 -1.604 -1 -1.752 -1 185
-1.678 -1 -1.31 -1 -1.664 -1 -1.814 -1 150
-1.739 -1 -1.328 -1 -1.466 -1 -1.598 -1 42
-1.532 -1 -1.21 -1 -1.504 -1 -1.674 -1 122
-1.589 -1 -1.244 -1 -1.646 -1 -1.85 -1 137
-1.748 -1 -1.338 -1 -1.622 -1 -1.734 -1 88
-1.678 -1 -1.272 -1 -1.366 -1 -1.518 -1 45
-1.442 -1 -1.158 -1 -1.482 -1 -1.622 -1 115
-1.552 -1 -1.176 -1 -1.57 -1 -1.754 -1 136
-1.662 -1 -1.304 -1 -1.312 -1 -1.412 -1 7
-1.362 -1 -1.114 -1 -1.59 -1 -1.704 -1 162
-1.647 -1 -1.238 -1 -1.674 -1 -1.838 -1 170
-1.756 -1 -1.316 -1 -1.368 -1 -1.502 -1 19
-1.435 -1 -1.168 -1 -1.532 -1 -1.688 -1 129
-1.61 -1 -1.224 -1 -1.534 -1 -1.686 -1 111
-1.61 -1 -1.278 -1 -1.482 -1 -1.66 -1 80
-1.571 -1 -1.228 -1 -1.69 -1 -1.848 -1 181
-1.769 -1 -1.352 -1 -1.842 -1 -2.024 -1 196
-1.933 -1 -1.458 -1 -1.782 -1 -1.934 -1 143
-1.858 -1 -1.398 -1 -1.714 -1 -1.904 -1 134
-1.809 -1 -1.384 -1 -1.744 -1 -1.922 -1 151
-1.833 -1 -1.434 -1 -1.452 -1 -1.6 -1 9
-1.526 -1 -1.214 -1 -1.42 -1 -1.556 -1 62
-1.488 -1 -1.178 -1 -1.646 -1 -1.882 -1 164
-1.764 -1 -1.364 -1 -1.704 -1 -1.882 -1 146
-1.793 -1 -1.358 -1 -1.49 -1 -1.644 -1 51
-1.567 -1 -1.232 -1 -1.668 -1 -1.846 -1 170
-1.757 -1 -1.372 -1 -1.454 -1 -1.602 -1 29
-1.528 -1 -1.192 -1 -1.274 -1 -1.398 0 27
