6 1000 0.9 9 23 0 0 0 0
-3.026 -1 -2.6 -1 -2.684 -1 -2.868 -1 207
-2.776 -1 -2.36 -1 -2.478 -1 -2.804 -1 154
-2.641 -1 -2.27 -1 -2.28 -1 -2.68 -1 16
-2.48 -1 -2.132 -1 -2.162 -1 -2.528 -1 30
-2.345 -1 -2.004 -1 -2.23 -1 -2.532 -1 231
-2.381 -1 -2.002 -1 -2.026 -1 -2.442 -1 33
-2.234 -1 -1.92 -1 -2.03 -1 -2.47 -1 105
-2.25 -1 -1.884 -1 -2.26 -1 -2.64 -1 367
-2.45 -1 -2.014 -1 -2.21 -1 -2.618 -1 169
-2.414 -1 -2.012 -1 -2.252 -1 -2.546 -1 245
-2.399 -1 -2.008 -1 -2.334 -1 -2.644 -1 347
-2.489 -1 -2.08 -1 -2.422 -1 -2.698 -1 350
-2.56 -1 -2.082 -1 -2.176 -1 -2.598 -1 90
-2.387 -1 -2.042 -1 -2.098 -1 -2.52 -1 62
-2.309 -1 -1.918 -1 -2.166 -1 -2.58 -1 289
-2.373 -1 -1.958 -1 -2.13 -1 -2.57 -1 188
-2.35 -1 -1.976 -1 -2.03 -1 -2.436 -1 50
-2.233 -1 -1.882 -1 -1.958 -1 -2.458 -1 68
-2.208 -1 -1.86 -1 -2.25 -1 -2.602 -1 336
-2.426 -1 -2.004 -1 -2.232 -1 -2.592 -1 236
-2.412 -1 -2.012 -1 -2.018 -1 -2.488 -1 14
-2.253 -1 -1.896 -1 -2.17 -1 -2.562 -1 261
-2.366 -1 -1.968 -1 -2.248 -1 -2.596 0 238
