9 1000 1 3 456 0 0 0 0
-3.676 -1 -3.28 -1 -3.356 -1 -3.532 -1 154
-3.444 -1 -3.15 -1 -3.308 -1 -3.422 -1 314
-3.365 -1 -3.056 -1 -3.058 -1 -3.358 -1 7
-3.208 -1 -2.928 -1 -3.104 -1 -3.3 -1 241
-3.202 -1 -2.826 -1 -2.916 -1 -3.24 -1 108
-3.078 -1 -2.78 -1 -2.98 -1 -3.206 -1 255
-3.093 -1 -2.818 -1 -3.1 -1 -3.314 -1 367
-3.207 -1 -2.906 -1 -3.024 -1 -3.254 -1 136
-3.139 -1 -2.838 -1 -3.124 -1 -3.422 -1 321
-3.273 -1 -2.948 -1 -3.204 -1 -3.43 -1 431
-3.317 -1 -3.046 -1 -3.23 -1 -3.418 -1 392
-3.324 -1 -2.986 -1 -3.018 -1 -3.232 -1 37
-3.125 -1 -2.814 -1 -2.838 -1 -3.174 -2 11
-3.006 -1 -2.746 -1 -3.016 -1 -3.256 -1 325
-3.136 -1 -2.856 -1 -3.11 -1 -3.356 -1 451
-3.233 -1 -2.878 -1 -2.968 -1 -3.206 -1 123
-3.087 -1 -2.768 -1 -2.966 -1 -3.234 -1 232
-3.1 -1 -2.776 -1 -3.058 -1 -3.354 -1 388
-3.206 -1 -2.872 -1 -2.878 -1 -3.232 -1 8
-3.055 -1 -2.79 -1 -2.974 -1 -3.258 -1 251
-3.116 -1 -2.818 -1 -2.99 -1 -3.258 -1 233
-3.124 -1 -2.856 -1 -3.122 -1 -3.318 -1 410
-3.22 -1 -2.906 -1 -3.236 -1 -3.436 -1 418
-3.336 -1 -2.992 -1 -3.026 -1 -3.244 -1 35
-3.135 -1 -2.832 -1 -3.076 -1 -3.366 -1 413
-3.221 -1 -2.914 -1 -3.24 -1 -3.45 -1 389
-3.345 -1 -3.032 -1 -3.154 -1 -3.288 -1 122
-3.221 -1 -2.894 -1 -3.094 -1 -3.324 -1 241
-3.209 -1 -2.918 -1 -3.218 -1 -3.408 -1 385
-3.313 -1 -2.986 -1 -3.078 -1 -3.374 -1 119
-3.226 -1 -2.922 -1 -3.072 -1 -3.356 -1 277
-3.214 -1 -2.902 -1 -2.93 -1 -3.208 -1 23
-3.069 -1 -2.762 -1 -3.022 -1 -3.26 -1 300
-3.141 -1 -2.818 -1 -3.138 -1 -3.402 -1 379
-3.27 -1 -2.958 -1 -3.102 -1 -3.246 -1 205
-3.174 -1 -2.832 -1 -2.978 -1 -3.306 -1 108
-3.142 -1 -2.836 -1 -3.212 -1 -3.396 -2 470
-3.304 -1 -3.008 -1 -3.058 -1 -3.35 -1 86
-3.204 -1 -2.922 -1 -3.218 -1 -3.346 -1 402
-3.282 -1 -2.946 -1 -3.194 -1 -3.414 -1 369
-3.304 -1 -3 -1 -3.036 -1 -3.35 -1 41
-3.193 -1 -2.938 -1 -3.192 -1 -3.362 -1 396
-3.277 -1 -2.95 -1 -2.958 -1 -3.31 -1 17
-3.134 -1 -2.884 -1 -3.064 -1 -3.284 -1 184
-3.174 -1 -2.87 -1 -3.082 -1 -3.356 -1 321
-3.219 -1 -2.916 -1 -3.088 -1 -3.278 -1 262
-3.183 -1 -2.896 -1 -2.95 -1 -3.24 -1 77
-3.095 -1 -2.804 -1 -2.864 -1 -3.202 -1 36
-3.033 -1 -2.796 -1 -3.042 -1 -3.244 -1 303
-3.143 -1 -2.854 -1 -2.974 -1 -3.292 -1 166
-3.133 -1 -2.806 -1 -2.91 -1 -3.22 -1 109
-3.065 -1 -2.748 -1 -3.098 -1 -3.296 -1 465
-3.197 -1 -2.928 -1 -3.074 -1 -3.256 -1 190
-3.165 -1 -2.814 -1 -3.184 -1 -3.256 -1 452
-3.22 -1 -2.876 -1 -3.114 -1 -3.358 -1 320
-3.236 -1 -2.896 -1 -3.108 -1 -3.308 -1 272
-3.208 -1 -2.88 -1 -3.074 -1 -3.314 -1 239
-3.194 -1 -2.89 -1 -2.942 -1 -3.184 -1 78
-3.063 -1 -2.716 -1 -2.906 -1 -3.298 -1 233
-3.102 -1 -2.782 -1 -2.89 -1 -3.226 -1 106
-3.058 -1 -2.762 -1 -2.96 -1 -3.174 -2 221
-3.067 -1 -2.802 -1 -2.99 -1 -3.264 -1 231
-3.127 -1 -2.776 -1 -2.794 -1 -3.116 -1 27
-2.955 -1 -2.662 -1 -3.162 -1 -3.286 -1 486
-3.224 -1 -2.88 -1 -2.964 -1 -3.244 -1 229
-3.104 -1 -2.814 -1 -3.024 -1 -3.218 -1 271
-3.121 -1 -2.792 -1 -3.118 -1 -3.274 -1 355
-3.196 -1 -2.86 -1 -3.174 -1 -3.312 -1 458
-3.243 -1 -2.904 -1 -3.19 -1 -3.374 -1 389
-3.282 -1 -2.92 -1 -3.05 -1 -3.336 -1 227
-3.193 -1 -2.894 -1 -3.028 -1 -3.236 -1 152
-3.132 -1 -2.808 -1 -2.894 -1 -3.222 -1 108
-3.058 -1 -2.734 -1 -3.076 -1 -3.322 -1 382
-3.199 -1 -2.942 -1 -2.976 -1 -3.256 -1 50
-3.116 -1 -2.814 -1 -3.15 -1 -3.334 -1 462
-3.242 -1 -2.944 -1 -3.21 -1 -3.414 -1 319
-3.312 -1 -2.944 -1 -2.968 -1 -3.244 -1 40
-3.106 -1 -2.832 -1 -2.976 -1 -3.176 -1 210
-3.076 -1 -2.784 -1 -3.118 -1 -3.326 -2 483
-3.222 -1 -2.906 -1 -3.178 -1 -3.37 -1 363
-3.274 -1 -2.968 -1 -3.108 -1 -3.288 -1 187
-3.198 -1 -2.882 -1 -3.028 -1 -3.33 -1 193
-3.179 -1 -2.848 -1 -3.258 -1 -3.414 -1 497
-3.336 -1 -2.984 -1 -3.294 -1 -3.46 -1 461
-3.377 -1 -3.034 -1 -3.196 -1 -3.404 -1 309
-3.3 -1 -2.998 -1 -3.314 -1 -3.462 -1 467
-3.388 -1 -3.07 -1 -3.268 -1 -3.43 -2 312
-3.349 -1 -2.994 -1 -3.094 -1 -3.312 -1 113
-3.203 -1 -2.862 -1 -3.27 -1 -3.396 -1 487
-3.333 -1 -2.97 -1 -3.086 -1 -3.316 -1 163
-3.201 -1 -2.932 -1 -3.16 -1 -3.32 -1 288
-3.24 -1 -2.924 -1 -3.228 -1 -3.416 -1 423
-3.322 -1 -2.984 -1 -3.154 -1 -3.308 -1 223
-3.231 -1 -2.966 -1 -3.234 -1 -3.296 -1 479
-3.265 -1 -2.962 -1 -2.98 -1 -3.286 -1 41
-3.133 -1 -2.85 -1 -2.988 -1 -3.288 -1 149
-3.138 -1 -2.862 -1 -3.046 -1 -3.33 -1 236
-3.188 -1 -2.848 -1 -3.176 -1 -3.368 -1 445
-3.272 -1 -2.94 -1 -3.164 -1 -3.228 -1 361
-3.196 -1 -2.834 -1 -3.306 -1 -3.336 -1 497
-3.321 -1 -3.022 -1 -3.142 -1 -3.344 -1 186
-3.243 -1 -2.896 -1 -3.014 -1 -3.308 -1 191
-3.161 -1 -2.844 -1 -3.146 -1 -3.384 -1 437
-3.265 -1 -2.954 -1 -3.126 -1 -3.396 -1 280
-3.261 -1 -2.97 -1 -3.062 -1 -3.278 -1 172
-3.17 -1 -2.836 -1 -3.13 -1 -3.362 -1 298
-3.246 -1 -2.884 -1 -3.062 -1 -3.34 -1 265
-3.201 -1 -2.888 -1 -3.042 -1 -3.258 -1 207
-3.15 -1 -2.828 -1 -3.15 -1 -3.268 -1 469
-3.209 -1 -2.874 -1 -3.006 -1 -3.264 -1 172
-3.135 -1 -2.862 -1 -2.942 -1 -3.242 -1 77
-3.092 -1 -2.782 -1 -3.08 -1 -3.29 -1 398
-3.185 -1 -2.882 -1 -2.976 -1 -3.184 -1 143
-3.08 -1 -2.824 -1 -2.966 -1 -3.222 -1 132
-3.094 -1 -2.8 -1 -2.89 -1 -3.226 -1 88
-3.058 -1 -2.78 -1 -3.072 -1 -3.24 -1 304
-3.156 -1 -2.788 -1 -2.868 -1 -3.136 -1 70
-3.002 -1 -2.654 -1 -2.732 -1 -3.094 -1 62
-2.913 -1 -2.596 -1 -2.852 -1 -3.156 -1 212
-3.004 -1 -2.672 -1 -3.1 -1 -3.194 -1 454
-3.147 -1 -2.778 -1 -2.922 -1 -3.256 -1 155
-3.089 -1 -2.764 -1 -2.998 -1 -3.226 -1 312
-3.112 -1 -2.78 -1 -2.958 -1 -3.222 -1 181
-3.09 -1 -2.782 -1 -3.058 -1 -3.274 -1 312
-3.166 -1 -2.808 -1 -2.974 -1 -3.256 -1 214
-3.115 -1 -2.764 -1 -2.948 -1 -3.224 -1 247
-3.086 -1 -2.814 -1 -3.166 -1 -3.358 -1 434
-3.262 -1 -2.942 -1 -3.052 -1 -3.338 -2 115
-3.195 -1 -2.89 -1 -3.17 -1 -3.33 -1 428
-3.25 -1 -2.914 -1 -3.036 -1 -3.276 -1 117
-3.156 -1 -2.846 -1 -2.864 -1 -3.14 -1 26
-3.002 -1 -2.764 -1 -2.91 -1 -3.24 -1 149
-3.075 -1 -2.762 -1 -3.032 -1 -3.224 -1 334
-3.128 -1 -2.816 -1 -3.042 -1 -3.34 -1 260
-3.191 -1 -2.882 -1 -3.198 -1 -3.372 -1 457
-3.285 -1 -2.97 -1 -3.104 -1 -3.288 -1 183
-3.196 -1 -2.862 -1 -3.106 -1 -3.376 -2 362
-3.241 -1 -2.924 -1 -3.114 -1 -3.382 -1 191
-3.248 -1 -2.92 -1 -3.066 -1 -3.272 -1 281
-3.169 -1 -2.822 -1 -3.126 -1 -3.358 -1 493
-3.242 -1 -2.958 -1 -3.294 -1 -3.36 -1 423
-3.327 -1 -2.976 -1 -3.044 -1 -3.284 -1 126
-3.164 -1 -2.868 -1 -3.17 -1 -3.344 -1 455
-3.257 -1 -2.944 -1 -3.08 -1 -3.328 -1 264
-3.204 -1 -2.922 -1 -3.17 -1 -3.376 -1 391
-3.273 -1 -2.962 -1 -3.138 -1 -3.322 -1 225
-3.23 -1 -2.932 -1 -3.11 -1 -3.34 -1 331
-3.225 -1 -2.974 -1 -3.302 -1 -3.518 -2 497
-3.41 -1 -3.106 -1 -3.106 -1 -3.308 -1 6
-3.207 -1 -2.934 -1 -3.024 -1 -3.246 -1 83
-3.135 -1 -2.806 -1 -2.972 -1 -3.204 -1 232
-3.088 -1 -2.81 -1 -3.106 -1 -3.304 -1 339
-3.205 -1 -2.878 -1 -3.074 -1 -3.26 -1 259
-3.167 -1 -2.852 -1 -3.058 -1 -3.25 -1 216
-3.154 -1 -2.82 -1 -3.036 -1 -3.29 -1 292
-3.163 -1 -2.848 -1 -3.042 -1 -3.256 -1 295
-3.149 -1 -2.81 -1 -2.846 -1 -3.202 -1 31
-3.024 -1 -2.742 -1 -3.006 -1 -3.32 -2 251
-3.163 -1 -2.816 -1 -3.014 -1 -3.276 -1 244
-3.145 -1 -2.856 -1 -2.97 -1 -3.294 -1 179
-3.132 -1 -2.826 -1 -3.026 -1 -3.304 -1 278
-3.165 -1 -2.864 -1 -2.898 -1 -3.176 -1 46
-3.037 -1 -2.774 -1 -3.028 -1 -3.362 -1 321
-3.195 -1 -2.86 -1 -3.128 -1 -3.314 -1 363
-3.221 -1 -2.904 -1 -2.976 -1 -3.29 -1 85
-3.133 -1 -2.834 -1 -3.03 -1 -3.268 -1 276
-3.149 -1 -2.854 -1 -3.198 -1 -3.312 -1 450
-3.255 -1 -2.926 -1 -3.192 -1 -3.436 -1 431
-3.314 -1 -2.988 -1 -3.06 -1 -3.382 -1 187
-3.221 -1 -2.916 -1 -2.932 -1 -3.222 -1 26
-3.077 -1 -2.778 -1 -2.902 -1 -3.188 -1 112
-3.045 -1 -2.74 -1 -2.846 -1 -3.216 -1 66
-3.031 -1 -2.722 -1 -2.802 -1 -3.128 -1 85
-2.965 -1 -2.672 -1 -3.07 -1 -3.286 -1 427
-3.178 -1 -2.826 -1 -2.888 -1 -3.178 -1 55
-3.033 -1 -2.714 -1 -2.842 -1 -3.132 -1 195
-2.987 -1 -2.644 -1 -2.892 -1 -3.214 -1 264
-3.053 -1 -2.732 -1 -3 -1 -3.214 -1 362
-3.107 -1 -2.82 -1 -3.128 -1 -3.288 -1 357
-3.208 -1 -2.89 -1 -2.89 -1 -3.166 -1 1
-3.028 -1 -2.73 -1 -3.128 -1 -3.428 -1 415
-3.278 -1 -2.996 -1 -3.216 -1 -3.428 -1 302
-3.322 -1 -2.952 -1 -3.082 -1 -3.348 -1 172
-3.215 -1 -2.91 -1 -3.162 -1 -3.382 -1 331
-3.272 -1 -2.946 -1 -3.056 -1 -3.294 -1 153
-3.175 -1 -2.838 -1 -3.024 -1 -3.286 -1 246
-3.155 -1 -2.804 -1 -2.988 -1 -3.256 -1 196
-3.122 -1 -2.774 -1 -2.838 -1 -3.144 -1 72
-2.991 -1 -2.7 -1 -2.974 -1 -3.262 -1 288
-3.118 -1 -2.84 -1 -3.116 -1 -3.266 -1 387
-3.191 -1 -2.82 -1 -3.196 -1 -3.384 -1 494
-3.29 -1 -2.94 -1 -3.292 -1 -3.42 -1 393
-3.356 -1 -3.014 -1 -3.322 -1 -3.458 -1 484
-3.39 -1 -3.124 -1 -3.204 -1 -3.41 -2 120
-3.307 -1 -3.034 -1 -3.264 -1 -3.372 -1 404
-3.318 -1 -3.02 -1 -3.212 -1 -3.368 -1 272
-3.29 -1 -2.984 -1 -3.128 -1 -3.374 -2 161
-3.251 -1 -2.954 -1 -3.124 -1 -3.342 -2 219
-3.233 -1 -2.97 -1 -3.194 -1 -3.344 -1 308
-3.269 -1 -2.954 -1 -3.104 -1 -3.358 -1 314
-3.231 -1 -2.92 -1 -3.27 -1 -3.422 -2 469
-3.346 -1 -3.058 -1 -3.188 -1 -3.358 -1 205
-3.273 -1 -2.988 -1 -3.332 -2 -3.444 -1 475
-3.388 -1 -3.074 -1 -3.268 -1 -3.39 -1 309
-3.329 -1 -3.014 -1 -3.262 -1 -3.508 -1 461
-3.385 -1 -3.06 -1 -3.214 -1 -3.362 -1 256
-3.288 -1 -2.948 -1 -3.164 -1 -3.388 -1 398
-3.276 -1 -2.958 -1 -3.208 -1 -3.376 -1 282
-3.292 -1 -2.94 -1 -3.146 -1 -3.388 -1 231
-3.267 -1 -2.984 -1 -3.314 -1 -3.466 -1 485
-3.39 -1 -3.07 -1 -3.214 -1 -3.39 -1 182
-3.302 -1 -2.978 -1 -3.196 -1 -3.4 -1 467
-3.298 -1 -3.004 -1 -3.116 -1 -3.298 -1 132
-3.207 -1 -2.916 -1 -3.078 -1 -3.33 -1 302
-3.204 -1 -2.906 -1 -3.106 -1 -3.354 -2 197
-3.23 -1 -2.92 -1 -3.142 -1 -3.282 -1 230
-3.212 -1 -2.918 -1 -2.93 -1 -3.198 -1 11
-3.064 -1 -2.816 -1 -2.896 -1 -3.19 -1 64
-3.043 -1 -2.764 -1 -2.966 -1 -3.236 -1 236
-3.101 -1 -2.848 -1 -3.044 -1 -3.254 -1 208
-3.149 -1 -2.822 -1 -2.978 -1 -3.238 -1 176
-3.108 -1 -2.806 -1 -2.888 -1 -3.202 -1 63
-3.045 -1 -2.74 -1 -3.172 -1 -3.336 -1 480
-3.254 -1 -2.928 -1 -3.136 -1 -3.306 -1 289
-3.221 -1 -2.9 -1 -3.002 -1 -3.27 -1 126
-3.136 -1 -2.802 -1 -3.026 -1 -3.238 -1 328
-3.132 -1 -2.8 -1 -2.892 -1 -3.172 -1 108
-3.032 -1 -2.716 -1 -2.958 -1 -3.226 -1 319
-3.092 -1 -2.73 -1 -2.952 -1 -3.184 -1 195
-3.068 -1 -2.768 -1 -3.11 -1 -3.304 -1 497
-3.207 -1 -2.886 -1 -2.998 -1 -3.288 -1 208
-3.143 -1 -2.8 -1 -3.174 -1 -3.35 -1 432
-3.262 -1 -2.948 -1 -3.092 -1 -3.304 -1 151
-3.198 -1 -2.876 -1 -3.04 -1 -3.274 -1 220
-3.157 -1 -2.866 -1 -3.1 -1 -3.29 -1 234
-3.195 -1 -2.826 -1 -3.176 -1 -3.358 -2 466
-3.267 -1 -2.92 -1 -3.188 -1 -3.394 -1 482
-3.291 -1 -3.034 -1 -3.074 -1 -3.314 -1 66
-3.194 -1 -2.84 -1 -3.182 -1 -3.354 -1 460
-3.268 -1 -2.982 -1 -3.19 -1 -3.394 -1 446
-3.292 -1 -2.946 -1 -2.96 -1 -3.254 -1 20
-3.107 -1 -2.804 -1 -2.964 -1 -3.278 -1 145
-3.121 -1 -2.818 -1 -3.216 -1 -3.338 -1 450
-3.277 -1 -2.96 -1 -3.114 -1 -3.334 -1 228
-3.224 -1 -2.928 -1 -2.956 -1 -3.214 -1 34
-3.085 -1 -2.81 -1 -2.878 -1 -3.164 -1 135
-3.021 -1 -2.744 -1 -3.154 -1 -3.34 -2 455
-3.247 -1 -2.908 -1 -3.2 -1 -3.35 -1 399
-3.275 -1 -2.99 -1 -3.002 -1 -3.296 -2 44
-3.149 -1 -2.842 -1 -3.002 -1 -3.276 -1 216
-3.139 -1 -2.828 -1 -3.008 -1 -3.334 -1 154
-3.171 -1 -2.802 -1 -2.866 -1 -3.216 -1 78
-3.041 -1 -2.746 -1 -2.782 -1 -3.09 -1 35
-2.936 -1 -2.664 -1 -2.732 -1 -3.03 -1 52
-2.881 -1 -2.66 -1 -3.002 -1 -3.266 -2 331
-3.134 -1 -2.868 -1 -3.062 -1 -3.248 -1 212
-3.155 -1 -2.874 -1 -3.024 -1 -3.282 -1 246
-3.153 -1 -2.84 -1 -3.062 -1 -3.266 -1 271
-3.164 -1 -2.864 -1 -3.196 -1 -3.35 -1 462
-3.273 -1 -2.926 -1 -2.938 -1 -3.222 -1 9
-3.08 -1 -2.768 -1 -2.886 -1 -3.236 -1 146
-3.061 -1 -2.768 -1 -2.798 -1 -3.132 -1 22
-2.965 -1 -2.662 -1 -3.068 -1 -3.23 -1 371
-3.149 -1 -2.796 -1 -2.992 -1 -3.278 -1 267
-3.135 -1 -2.838 -1 -2.992 -1 -3.224 -1 256
-3.108 -1 -2.842 -1 -2.904 -1 -3.232 -1 53
-3.068 -1 -2.794 -1 -3.126 -1 -3.324 -1 417
-3.225 -1 -2.912 -1 -3.116 -1 -3.306 -1 277
-3.211 -1 -2.934 -1 -2.964 -1 -3.202 -1 55
-3.083 -1 -2.788 -1 -3.004 -1 -3.212 -1 291
-3.108 -1 -2.806 -1 -3.044 -1 -3.308 -1 296
-3.176 -1 -2.898 -1 -3.084 -1 -3.288 -1 344
-3.186 -1 -2.898 -1 -2.98 -1 -3.244 -1 119
-3.112 -1 -2.782 -1 -3.066 -1 -3.242 -1 324
-3.154 -1 -2.83 -1 -3.028 -1 -3.318 -2 213
-3.173 -1 -2.848 -1 -3.136 -1 -3.308 -1 367
-3.222 -1 -2.936 -1 -3.116 -1 -3.314 -1 310
-3.215 -1 -2.91 -1 -2.942 -1 -3.156 -1 98
-3.049 -1 -2.744 -1 -2.932 -1 -3.274 -1 203
-3.103 -1 -2.794 -1 -3.06 -1 -3.246 -1 371
-3.153 -1 -2.852 -1 -3.09 -1 -3.274 -1 306
-3.182 -1 -2.92 -1 -3.212 -1 -3.402 -1 279
-3.307 -1 -2.966 -1 -3.244 -1 -3.344 -1 465
-3.294 -1 -3.024 -1 -3.144 -1 -3.346 -1 141
-3.245 -1 -2.902 -1 -3.238 -1 -3.32 -1 392
-3.279 -1 -2.946 -1 -3.062 -1 -3.286 -1 173
-3.174 -1 -2.862 -1 -2.926 -1 -3.224 -1 103
-3.075 -1 -2.79 -1 -2.93 -1 -3.206 -1 125
-3.068 -1 -2.738 -1 -2.888 -1 -3.234 -1 197
-3.061 -1 -2.72 -1 -3.058 -1 -3.322 -1 473
-3.19 -1 -2.854 -1 -2.978 -1 -3.256 -1 125
-3.117 -1 -2.848 -1 -3.02 -1 -3.272 -1 264
-3.146 -1 -2.81 -1 -2.89 -1 -3.176 -1 76
-3.033 -1 -2.774 -1 -3.018 -1 -3.264 -1 263
-3.141 -1 -2.85 -1 -3.024 -1 -3.316 -1 289
-3.17 -1 -2.852 -1 -3.01 -1 -3.282 -1 145
-3.146 -1 -2.832 -1 -3.162 -1 -3.326 -1 373
-3.244 -1 -2.894 -1 -3.21 -2 -3.4 -1 492
-3.305 -1 -3.026 -1 -3.22 -2 -3.428 -1 372
-3.324 -1 -2.978 -1 -3.074 -1 -3.33 -1 120
-3.202 -1 -2.882 -1 -2.948 -1 -3.238 -1 56
-3.093 -1 -2.808 -1 -3.076 -1 -3.254 -1 304
-3.165 -1 -2.89 -1 -2.946 -1 -3.252 -1 37
-3.099 -1 -2.826 -1 -3.218 -1 -3.386 -1 473
-3.302 -1 -2.98 -1 -3.066 -1 -3.262 -1 85
-3.164 -1 -2.896 -1 -2.99 -1 -3.206 -1 137
-3.098 -1 -2.822 -1 -3.128 -1 -3.368 -1 467
-3.248 -1 -2.958 -1 -3.202 -1 -3.346 -1 365
-3.274 -1 -2.92 -1 -3.048 -1 -3.268 -1 183
-3.158 -1 -2.852 -1 -3.152 -1 -3.34 -1 474
-3.246 -1 -2.944 -1 -2.988 -1 -3.206 -1 66
-3.097 -1 -2.796 -1 -2.956 -1 -3.266 -1 232
-3.111 -1 -2.824 -1 -2.994 -1 -3.262 -1 197
-3.128 -1 -2.814 -1 -3.184 -1 -3.354 -1 493
-3.269 -1 -2.956 -1 -3.036 -1 -3.228 -1 151
-3.132 -1 -2.804 -1 -2.952 -1 -3.264 -1 126
-3.108 -1 -2.784 -1 -3.042 -1 -3.266 -1 267
-3.154 -1 -2.824 -1 -3 -1 -3.272 -1 249
-3.136 -1 -2.844 -1 -2.874 -1 -3.194 -1 27
-3.034 -1 -2.742 -1 -3.018 -1 -3.23 -1 405
-3.124 -1 -2.79 -1 -3.136 -1 -3.25 -1 464
-3.193 -1 -2.874 -1 -3.126 -1 -3.378 -1 335
-3.252 -1 -2.966 -1 -3.234 -1 -3.342 -1 479
-3.288 -1 -2.954 -1 -3.198 -1 -3.372 -1 358
-3.285 -1 -2.958 -1 -3.2 -1 -3.396 -1 413
-3.298 -1 -2.978 -1 -2.978 -1 -3.254 -1 0
-3.116 -1 -2.822 -1 -3.076 -1 -3.266 -1 256
-3.171 -1 -2.844 -1 -3.008 -1 -3.28 -1 211
-3.144 -1 -2.862 -1 -3.104 -1 -3.382 -1 372
-3.243 -1 -2.954 -1 -3.048 -1 -3.242 -1 169
-3.145 -1 -2.864 -1 -2.92 -1 -3.244 -1 98
-3.082 -1 -2.802 -1 -2.926 -1 -3.206 -1 90
-3.066 -1 -2.754 -1 -2.996 -1 -3.274 -1 313
-3.135 -1 -2.802 -1 -2.964 -1 -3.19 -1 178
-3.077 -1 -2.76 -1 -3.074 -1 -3.278 -1 374
-3.176 -1 -2.86 -1 -3 -1 -3.252 -1 185
-3.126 -1 -2.822 -1 -2.984 -1 -3.214 -1 159
-3.099 -1 -2.752 -1 -3.084 -1 -3.214 -1 421
-3.149 -1 -2.83 -1 -3.038 -1 -3.26 -1 252
-3.149 -1 -2.836 -1 -3.092 -1 -3.208 -1 280
-3.15 -1 -2.832 -1 -3.104 -1 -3.272 -1 368
-3.188 -1 -2.848 -1 -2.968 -1 -3.31 -1 152
-3.139 -1 -2.836 -1 -2.93 -1 -3.194 -1 187
-3.062 -1 -2.746 -1 -2.772 -1 -3.136 -1 35
-2.954 -1 -2.664 -1 -2.954 -1 -3.256 -1 276
-3.105 -1 -2.776 -1 -3.03 -1 -3.272 -1 287
-3.151 -1 -2.826 -1 -3.02 -1 -3.242 -1 256
-3.131 -1 -2.826 -1 -3.15 -1 -3.36 -1 407
-3.255 -1 -2.924 -1 -3.146 -1 -3.352 -1 311
-3.249 -1 -2.916 -1 -3.094 -1 -3.334 -1 298
-3.214 -1 -2.888 -1 -3.14 -1 -3.386 -1 338
-3.263 -1 -2.938 -1 -3.24 -1 -3.42 -1 418
-3.33 -1 -3.044 -1 -3.268 -1 -3.414 -1 400
-3.341 -1 -3.014 -1 -3.186 -1 -3.356 -1 250
-3.271 -1 -2.93 -1 -2.944 -1 -3.266 -1 9
-3.105 -1 -2.81 -1 -3.082 -1 -3.284 -1 312
-3.183 -1 -2.896 -1 -2.902 -1 -3.244 -1 7
-3.073 -1 -2.81 -1 -3.102 -1 -3.274 -1 336
-3.188 -1 -2.904 -1 -3.14 -1 -3.352 -1 245
-3.246 -1 -2.862 -1 -3.128 -1 -3.304 -1 326
-3.216 -1 -2.884 -1 -3.002 -1 -3.25 -1 147
-3.126 -1 -2.812 -1 -2.986 -1 -3.27 -1 171
-3.128 -1 -2.854 -1 -3.104 -1 -3.322 -1 344
-3.213 -1 -2.898 -1 -3.11 -1 -3.342 -1 269
-3.226 -1 -2.872 -1 -3.2 -1 -3.33 -1 464
-3.265 -1 -2.982 -1 -3.054 -1 -3.36 -1 131
-3.207 -1 -2.908 -1 -3.224 -1 -3.382 -1 393
-3.303 -1 -2.956 -1 -3.122 -1 -3.336 -1 282
-3.229 -1 -2.938 -1 -3.144 -1 -3.37 -1 247
-3.257 -1 -2.996 -1 -3.104 -1 -3.392 -1 158
-3.248 -1 -2.932 -1 -3.076 -1 -3.274 -1 193
-3.175 -1 -2.896 -1 -3.12 -1 -3.312 -1 259
-3.216 -1 -2.918 -1 -2.918 -1 -3.24 -1 3
-3.079 -1 -2.782 -1 -3.156 -1 -3.322 -1 496
-3.239 -1 -2.874 -1 -3.104 -1 -3.298 -1 289
-3.201 -1 -2.852 -1 -3.022 -1 -3.252 -1 244
-3.137 -1 -2.802 -1 -3.016 -1 -3.226 -1 269
-3.121 -1 -2.806 -1 -2.948 -1 -3.212 -1 187
-3.08 -1 -2.774 -1 -2.848 -1 -3.216 -1 90
-3.032 -1 -2.686 -1 -3.114 -1 -3.306 -1 490
-3.21 -1 -2.89 -1 -3.052 -1 -3.276 -1 309
-3.164 -1 -2.86 -1 -3.12 -1 -3.34 -2 449
-3.23 -1 -2.896 -1 -3.08 -1 -3.326 -1 282
-3.203 -1 -2.9 -1 -2.982 -1 -3.254 -1 78
-3.118 -1 -2.776 -1 -2.972 -1 -3.202 -1 161
-3.087 -1 -2.81 -1 -2.89 -1 -3.212 -1 143
-3.051 -1 -2.73 -1 -2.898 -1 -3.122 -1 149
-3.01 -1 -2.718 -1 -2.838 -1 -3.166 -1 101
-3.002 -1 -2.696 -1 -3.078 -1 -3.29 -1 455
-3.184 -1 -2.886 -1 -3.06 -1 -3.318 -2 308
-3.189 -1 -2.922 -1 -3.114 -1 -3.334 -1 212
-3.224 -1 -2.918 -1 -3.154 -1 -3.296 -1 357
-3.225 -1 -2.916 -1 -3.044 -1 -3.24 -1 210
-3.142 -1 -2.878 -1 -2.976 -1 -3.282 -1 100
-3.129 -1 -2.816 -1 -3.148 -1 -3.302 -1 339
-3.225 -1 -2.922 -1 -2.928 -1 -3.158 -1 9
-3.043 -1 -2.72 -1 -3 -1 -3.18 -1 269
-3.09 -1 -2.824 -1 -2.974 -1 -3.242 -1 160
-3.108 -1 -2.82 -1 -2.886 -1 -3.242 -1 45
-3.064 -1 -2.764 -1 -2.928 -1 -3.272 -1 194
-3.1 -1 -2.792 -1 -3.006 -1 -3.296 -1 283
-3.151 -1 -2.87 -1 -3.036 -1 -3.272 -1 240
-3.154 -1 -2.844 -1 -3.17 -1 -3.35 -1 387
-3.26 -1 -2.956 -1 -3.014 -1 -3.246 -1 69
-3.13 -1 -2.832 -1 -3.028 -1 -3.228 -1 267
-3.128 -1 -2.826 -1 -3.178 -1 -3.284 -1 471
-3.231 -1 -2.854 -1 -3.042 -1 -3.292 -1 180
-3.167 -1 -2.9 -1 -3.084 -1 -3.288 -1 265
-3.186 -1 -2.874 -1 -3.036 -1 -3.298 -1 220
-3.167 -1 -2.914 -1 -3.044 -1 -3.276 -1 129
-3.16 -1 -2.874 -1 -2.918 -1 -3.26 -1 41
-3.089 -1 -2.784 -1 -2.95 -1 -3.206 -1 235
-3.078 -1 -2.778 -1 -3.04 -1 -3.276 -1 328
-3.158 -1 -2.806 -1 -3.15 -1 -3.394 -1 483
-3.272 -1 -2.916 -1 -3.16 -1 -3.334 -1 349
-3.247 -1 -2.95 -1 -3.052 -1 -3.278 -2 195
-3.165 -1 -2.91 -1 -3.226 -1 -3.338 -1 368
-3.282 -1 -3.004 -1 -3.214 -1 -3.416 -2 262
-3.315 -1 -2.982 -1 -3.158 -1 -3.322 -2 400
-3.24 -1 -2.918 -1 -3.02 -1 -3.238 -1 196
-3.129 -1 -2.832 -1 -3.072 -1 -3.212 -1 247
-3.142 -1 -2.85 -1 -2.948 -1 -3.264 -1 146
-3.106 -1 -2.792 -1 -3.034 -1 -3.344 -1 263
-3.189 -1 -2.81 -1 -3.016 -1 -3.29 -1 227
-3.153 -1 -2.858 -1 -3.218 -1 -3.378 -1 468
-3.298 -1 -2.932 -1 -3.08 -1 -3.316 -1 182
-3.198 -1 -2.912 -1 -3.234 -1 -3.384 -1 393
-3.309 -1 -3.068 -1 -3.284 -1 -3.394 -1 374
-3.339 -1 -3.03 -1 -3.284 -1 -3.462 -1 407
-3.373 -1 -3.032 -1 -3.214 -1 -3.378 -1 362
-3.296 -1 -2.992 -1 -3.154 -1 -3.376 -1 262
-3.265 -1 -2.958 -1 -3.016 -1 -3.298 -1 145
-3.157 -1 -2.802 -1 -3.084 -1 -3.328 -1 390
-3.206 -1 -2.932 -1 -2.96 -1 -3.2 -1 58
-3.08 -1 -2.784 -1 -2.792 -1 -3.158 -1 5
-2.975 -1 -2.714 -1 -3.094 -1 -3.288 -1 459
-3.191 -1 -2.848 -1 -3.166 -1 -3.404 -1 473
-3.285 -1 -2.964 -1 -3.086 -1 -3.266 -1 202
-3.176 -1 -2.852 -1 -3.152 -1 -3.332 -1 461
-3.242 -1 -2.902 -1 -3.088 -1 -3.326 -1 229
-3.207 -1 -2.922 -1 -3.09 -1 -3.296 -1 228
-3.193 -1 -2.908 -1 -3.184 -1 -3.34 -1 342
-3.262 -1 -2.898 -1 -2.914 -1 -3.268 -1 9
-3.091 -1 -2.798 -1 -2.89 -1 -3.23 -1 104
-3.06 -1 -2.788 -1 -2.948 -1 -3.264 -1 188
-3.106 -1 -2.842 -1 -3.114 -1 -3.292 -1 383
-3.203 -1 -2.89 -1 -3.078 -1 -3.388 -1 303
-3.233 -1 -2.908 -1 -3.178 -1 -3.39 -1 465
-3.284 -1 -2.938 -1 -3.044 -1 -3.246 -1 127
-3.145 -1 -2.842 -1 -2.942 -1 -3.188 -2 90
-3.065 -1 -2.696 -1 -3.094 -1 -3.284 -1 428
-3.189 -1 -2.862 -1 -3.144 -1 -3.244 -1 350
-3.194 -1 -2.844 -1 -2.986 -1 -3.236 -1 230
-3.111 -1 -2.77 -1 -2.974 -1 -3.22 -1 212
-3.097 -1 -2.804 -1 -2.854 -1 -3.208 -1 58
-3.031 -1 -2.74 -1 -3.044 0 -3.204 -1 366
