6 1000 1 7 13 0 0 0 0
-2.943 -1 -2.51 -1 -2.6 -1 -2.806 -1 110
-2.703 -1 -2.31 -1 -2.516 -1 -2.732 -1 336
-2.624 -1 -2.228 -1 -2.554 -1 -2.812 -1 413
-2.683 -1 -2.262 -1 -2.59 -1 -2.798 -1 451
-2.694 -1 -2.268 -1 -2.592 -1 -2.832 -1 469
-2.712 -1 -2.292 -1 -2.576 -1 -2.778 -1 441
-2.677 -1 -2.302 -1 -2.458 -1 -2.672 -1 175
-2.565 -1 -2.158 -1 -2.388 -1 -2.708 -1 322
-2.548 -1 -2.148 -1 -2.196 -1 -2.538 -1 33
-2.367 -1 -2.028 -1 -2.44 -1 -2.656 -1 455
-2.548 -1 -2.084 -1 -2.124 -1 -2.54 -1 52
-2.332 -1 -1.958 -1 -1.99 -1 -2.44 -1 26
-2.215 -1 -1.898 -1 -1.914 -1 -2.366 0 7
