6 1000 0.4 8 16 0 0 0 0
-3.042 -1 -2.58 -1 -2.656 -1 -2.848 -1 157
-2.752 -1 -2.352 -1 -2.48 -1 -2.728 -1 126
-2.604 -1 -2.218 -1 -2.37 -1 -2.684 -1 173
-2.527 -1 -2.14 -1 -2.284 -1 -2.688 -1 136
-2.486 -1 -2.11 -1 -2.258 -1 -2.646 -1 127
-2.452 -1 -2.066 -1 -2.074 -1 -2.49 -1 12
-2.282 -1 -1.954 -1 -2.18 -1 -2.592 -1 178
-2.386 -1 -1.988 -1 -2.038 -1 -2.476 -1 44
-2.257 -1 -1.904 -1 -2.006 -1 -2.478 -1 96
-2.242 -1 -1.918 -1 -2.136 -1 -2.514 -1 193
-2.325 -1 -1.952 -1 -2.022 -1 -2.452 -1 61
-2.237 -1 -1.872 -1 -1.96 -1 -2.366 -1 89
-2.163 -1 -1.778 -1 -1.842 -1 -2.344 -1 66
-2.093 -1 -1.74 -1 -1.934 -1 -2.39 -1 164
-2.162 -1 -1.782 -1 -1.866 -1 -2.41 -1 73
-2.138 -1 -1.764 -1 -2.02 -1 -2.372 0 142
