6 1000 0 3 15 0 0 0 0
-3.04 -1 -2.734 -1 -2.734 -1 -2.89 -1 0
-2.812 -1 -2.53 -1 -2.53 -1 -2.768 -1 0
-2.649 -1 -2.33 -1 -2.33 -1 -2.722 -1 0
-2.526 -1 -2.284 -1 -2.284 -1 -2.744 -1 0
-2.514 -1 -2.234 -1 -2.234 -1 -2.668 -1 0
-2.451 -1 -2.156 -1 -2.156 -1 -2.498 -1 0
-2.327 -1 -2.056 -1 -2.056 -1 -2.562 -1 0
-2.309 -1 -2.086 -1 -2.086 -1 -2.566 -1 0
-2.326 -1 -2.086 -1 -2.086 -1 -2.49 -1 0
-2.288 -1 -2.034 -1 -2.034 -1 -2.404 -1 0
-2.219 -1 -1.938 -1 -1.938 -1 -2.354 -1 0
-2.146 -1 -1.89 -1 -1.89 -1 -2.318 -1 0
-2.104 -1 -1.852 -1 -1.852 -1 -2.384 -1 0
-2.118 -1 -1.832 -1 -1.832 -1 -2.352 -1 0
-2.092 -1 -1.834 -1 -1.834 -1 -2.322 0 0
