8 1000 0.8 1 76 0 0 0 0
-3.44 -1 -3.342 -1 -3.41 -1 -3.494 -1 358
-3.452 -1 -3.334 -1 -3.362 -1 -3.444 -1 141
-3.403 -1 -3.236 -1 -3.276 -1 -3.37 -1 196
-3.323 -1 -3.146 -1 -3.196 -1 -3.22 -1 105
-3.208 -1 -3.112 -1 -3.166 -1 -3.268 -2 294
-3.217 -1 -3.076 -1 -3.138 -1 -3.288 -1 229
-3.213 -1 -3.068 -1 -3.09 -1 -3.26 -1 28
-3.175 -1 -2.97 -1 -3.028 -1 -3.18 -1 207
-3.104 -1 -2.968 -1 -3.036 -1 -3.172 -1 249
-3.104 -1 -2.972 -1 -3.082 -1 -3.266 -1 146
-3.174 -1 -3.06 -1 -3.14 -1 -3.262 -1 284
-3.201 -1 -3.08 -1 -3.218 -1 -3.294 -1 350
-3.256 -1 -3.172 -1 -3.252 -1 -3.386 -1 259
-3.319 -1 -3.168 -1 -3.248 -1 -3.334 -1 317
-3.291 -1 -3.172 -1 -3.18 -1 -3.29 -1 67
-3.235 -1 -3.064 -1 -3.132 -1 -3.228 -1 205
-3.18 -1 -3.028 -1 -3.028 -1 -3.154 -1 3
-3.091 -1 -2.888 -1 -3.008 -1 -3.204 -1 165
-3.106 -1 -2.976 -1 -3.104 -1 -3.198 -1 315
-3.151 -1 -3.02 -1 -3.156 -1 -3.278 -1 237
-3.217 -1 -3.098 -1 -3.176 -1 -3.314 -1 163
-3.245 -1 -3.092 -1 -3.178 -1 -3.274 -1 161
-3.226 -1 -3.078 -1 -3.148 -1 -3.32 -1 307
-3.234 -1 -3.106 -1 -3.172 -1 -3.296 -1 325
-3.234 -1 -3.078 -1 -3.174 -1 -3.242 -1 217
-3.208 -1 -3.05 -1 -3.116 -1 -3.284 -1 225
-3.2 -1 -3.022 -1 -3.176 -1 -3.256 -1 285
-3.216 -1 -3.054 -1 -3.11 -1 -3.21 -1 166
-3.16 -1 -2.978 -1 -3.07 -1 -3.206 -1 137
-3.138 -1 -2.966 -1 -3.02 -1 -3.182 -1 114
-3.101 -1 -2.99 -1 -3.096 -1 -3.254 -1 253
-3.175 -1 -3.036 -1 -3.218 -1 -3.342 -1 270
-3.28 -1 -3.166 -1 -3.204 -1 -3.286 -1 150
-3.245 -1 -3.056 -1 -3.184 -1 -3.294 -1 321
-3.239 -1 -3.108 -1 -3.132 -1 -3.342 -1 283
-3.237 -1 -3.108 -1 -3.154 -1 -3.35 -1 314
-3.252 -1 -3.108 -1 -3.222 -1 -3.286 -1 359
-3.254 -1 -3.116 -1 -3.186 -1 -3.274 -1 156
-3.23 -1 -3.05 -1 -3.108 -1 -3.204 -1 124
-3.156 -1 -3.024 -1 -3.162 -1 -3.272 -1 288
-3.217 -1 -3.066 -1 -3.164 -1 -3.314 -1 209
-3.239 -1 -3.114 -1 -3.122 -1 -3.266 -1 30
-3.194 -1 -3.104 -1 -3.188 -1 -3.316 -1 364
-3.252 -1 -3.096 -1 -3.16 -1 -3.336 -1 139
-3.248 -1 -3.116 -1 -3.262 -1 -3.308 -1 378
-3.285 -1 -3.158 -1 -3.198 -1 -3.248 -1 98
-3.223 -1 -3.034 -1 -3.112 -1 -3.256 -1 120
-3.184 -1 -3.048 -1 -3.102 -1 -3.258 -1 109
-3.18 -1 -3.076 -1 -3.156 -1 -3.288 -1 282
-3.222 -1 -3.044 -1 -3.14 -1 -3.332 -1 215
-3.236 -1 -3.122 -1 -3.112 -1 -3.252 -1 41
-3.182 -1 -3.072 -1 -3.236 -1 -3.358 -1 369
-3.297 -1 -3.162 -1 -3.198 -1 -3.388 -1 278
-3.293 -1 -3.158 -1 -3.296 -1 -3.37 -1 305
-3.333 -1 -3.21 -1 -3.254 -1 -3.324 -1 185
-3.289 -1 -3.122 -1 -3.188 -1 -3.408 -1 130
-3.298 -1 -3.176 -1 -3.232 -1 -3.38 -2 377
-3.306 -1 -3.188 -1 -3.21 -2 -3.27 -1 86
-3.24 -1 -3.112 -1 -3.112 -1 -3.224 -1 0
-3.168 -1 -3.066 -1 -3.11 -1 -3.202 -1 155
-3.156 -1 -3.014 -1 -3.17 -1 -3.312 -1 247
-3.241 -1 -3.114 -1 -3.216 -1 -3.296 -1 273
-3.256 -1 -3.106 -1 -3.238 -1 -3.36 -1 278
-3.299 -1 -3.19 -1 -3.22 -1 -3.348 -1 39
-3.284 -1 -3.164 -1 -3.214 -1 -3.258 -1 193
-3.236 -1 -3.09 -1 -3.13 -1 -3.274 -1 117
-3.202 -1 -3.016 -1 -3.118 -1 -3.262 -1 236
-3.19 -1 -3.076 -1 -3.088 -1 -3.278 -1 79
-3.183 -1 -2.994 -1 -3.102 -1 -3.254 -1 240
-3.178 -1 -3.012 -1 -3.096 -1 -3.234 -1 186
-3.165 -1 -3.062 -1 -3.186 -1 -3.306 -1 340
-3.246 -1 -3.084 -1 -3.086 -1 -3.238 -1 1
-3.162 -1 -3.082 -1 -3.176 -1 -3.294 -1 294
-3.235 -1 -3.134 -1 -3.156 -1 -3.24 -1 178
-3.198 -1 -3.086 -1 -3.15 -1 -3.246 -1 216
-3.198 -1 -3.068 -1 -3.168 -1 -3.292 0 186
