8 1000 0.4 6 51 0 0 0 0
-3.449 -1 -3.03 -1 -3.046 -1 -3.342 -1 55
-3.194 -1 -2.766 -1 -2.842 -1 -3.136 -1 105
-2.989 -1 -2.622 -1 -2.69 -1 -3.088 -1 50
-2.889 -1 -2.532 -1 -2.654 -1 -2.992 -1 118
-2.823 -1 -2.456 -1 -2.498 -1 -2.916 -1 20
-2.707 -1 -2.344 -1 -2.522 -1 -2.912 -1 121
-2.717 -1 -2.362 -1 -2.494 -1 -2.898 -1 109
-2.696 -1 -2.324 -1 -2.554 -1 -2.886 -1 194
-2.72 -1 -2.32 -1 -2.354 -1 -2.854 -1 22
-2.604 -1 -2.31 -1 -2.326 -1 -2.838 -1 9
-2.582 -1 -2.256 -1 -2.272 -1 -2.754 -1 9
-2.513 -1 -2.17 -1 -2.464 -1 -2.854 -1 191
-2.659 -1 -2.254 -1 -2.446 -1 -2.862 -1 169
-2.654 -1 -2.262 -1 -2.536 -1 -2.928 -1 188
-2.732 -1 -2.29 -1 -2.432 -1 -2.886 -1 116
-2.659 -1 -2.3 -1 -2.57 -1 -2.922 -1 186
-2.746 -1 -2.348 -1 -2.542 -1 -2.88 -1 141
-2.711 -1 -2.324 -1 -2.486 -1 -2.9 -1 122
-2.693 -1 -2.316 -1 -2.364 -1 -2.83 -1 26
-2.597 -1 -2.238 -1 -2.468 -1 -2.894 -1 184
-2.681 -1 -2.298 -1 -2.454 -1 -2.858 -1 108
-2.656 -1 -2.246 -1 -2.358 -1 -2.814 -1 59
-2.586 -1 -2.184 -1 -2.218 -1 -2.73 -1 25
-2.474 -1 -2.126 -1 -2.334 -1 -2.712 -1 140
-2.523 -1 -2.142 -1 -2.142 -1 -2.668 -1 1
-2.405 -1 -2.118 -1 -2.136 -1 -2.63 -1 10
-2.383 -1 -2.036 -1 -2.222 -1 -2.722 -1 150
-2.472 -1 -2.09 -1 -2.146 -1 -2.698 -1 27
-2.422 -1 -2.076 -1 -2.252 -1 -2.76 -1 108
-2.506 -1 -2.1 -1 -2.146 -1 -2.63 -1 30
-2.388 -1 -2.054 -1 -2.224 -1 -2.716 -1 105
-2.47 -1 -2.088 -1 -2.336 -1 -2.72 -1 153
-2.528 -1 -2.178 -1 -2.372 -1 -2.768 -1 140
-2.57 -1 -2.2 -1 -2.414 -1 -2.738 -1 151
-2.576 -1 -2.204 -1 -2.35 -1 -2.82 -1 85
-2.585 -1 -2.226 -1 -2.434 -1 -2.794 -1 132
-2.614 -1 -2.216 -1 -2.298 -1 -2.74 -1 69
-2.519 -1 -2.188 -1 -2.382 -1 -2.814 -1 130
-2.598 -1 -2.204 -1 -2.36 -1 -2.724 -1 125
-2.542 -1 -2.158 -1 -2.204 -1 -2.692 -1 20
-2.448 -1 -2.086 -1 -2.226 -1 -2.718 -1 117
-2.472 -1 -2.132 -1 -2.312 -1 -2.784 -1 161
-2.548 -1 -2.142 -1 -2.21 -1 -2.69 -1 43
-2.45 -1 -2.108 -1 -2.138 -1 -2.664 -1 25
-2.401 -1 -2.062 -1 -2.268 -1 -2.716 -1 129
-2.492 -1 -2.112 -1 -2.322 -1 -2.732 -1 123
-2.527 -1 -2.156 -1 -2.338 -1 -2.752 -1 139
-2.545 -1 -2.18 -1 -2.21 -1 -2.682 -1 19
-2.446 -1 -2.096 -1 -2.39 -1 -2.762 -1 177
-2.576 -1 -2.172 -1 -2.23 -1 -2.658 -1 31
-2.444 -1 -2.09 -1 -2.124 -1 -2.668 0 23
