9 1000 0.8 5 423 0 0 0 0
-3.678 -1 -3.226 -1 -3.35 -2 -3.518 -2 230
-3.434 -2 -3.048 -2 -3.09 -2 -3.328 -1 58
-3.209 -1 -2.842 -1 -3.028 -1 -3.3 -1 312
-3.164 -1 -2.762 -1 -2.846 -1 -3.244 -1 92
-3.045 -1 -2.684 -1 -2.684 -1 -3.202 -1 12
-2.943 -1 -2.582 -1 -3.002 -1 -3.278 -1 372
-3.14 -1 -2.73 -1 -2.872 -1 -3.176 -1 126
-3.024 -1 -2.666 -1 -2.918 -1 -3.256 -1 347
-3.087 -1 -2.7 -1 -2.816 -1 -3.204 -1 121
-3.01 -1 -2.684 -1 -2.734 -1 -3.168 -1 60
-2.951 -1 -2.65 -1 -2.672 -1 -2.988 -1 37
-2.83 -1 -2.48 -1 -2.496 -1 -2.996 -1 9
-2.746 -1 -2.446 -1 -2.798 -1 -3.176 -1 285
-2.987 -1 -2.588 -1 -2.644 -1 -3.044 -1 57
-2.844 -1 -2.51 -1 -2.87 -1 -3.174 -1 349
-3.022 -1 -2.626 -1 -2.842 -1 -3.178 -1 151
-3.01 -1 -2.606 -1 -2.788 -1 -3.16 -1 157
-2.974 -1 -2.564 -1 -2.942 -1 -3.22 -1 349
-3.081 -1 -2.7 -1 -2.736 -1 -3.102 -1 78
-2.919 -1 -2.538 -1 -2.934 -1 -3.17 -1 396
-3.052 -1 -2.606 -1 -2.904 -1 -3.19 -1 257
-3.047 -1 -2.652 -1 -2.772 -1 -3.12 -1 130
-2.946 -1 -2.562 -1 -2.592 -1 -3.026 -1 33
-2.809 -1 -2.49 -1 -2.79 -1 -3.128 -1 288
-2.959 -1 -2.526 -1 -2.954 -1 -3.24 -1 374
-3.097 -1 -2.644 -1 -2.864 -1 -3.14 -1 195
-3.002 -1 -2.606 -1 -2.804 -1 -3.142 -1 155
-2.973 -1 -2.608 -1 -2.666 -1 -3.022 -1 55
-2.844 -1 -2.542 -1 -2.848 -1 -3.208 -1 331
-3.028 -1 -2.624 -1 -2.952 -1 -3.166 -1 397
-3.059 -1 -2.662 -1 -2.834 -1 -3.204 -1 157
-3.019 -1 -2.644 -1 -3.032 -1 -3.264 -1 346
-3.148 -1 -2.718 -1 -2.85 -1 -3.158 -1 186
-3.004 -1 -2.638 -1 -2.728 -1 -3.098 -1 98
-2.913 -1 -2.566 -1 -2.724 -1 -3.074 -1 97
-2.899 -1 -2.548 -1 -2.826 -1 -3.1 -1 305
-2.963 -1 -2.556 -1 -2.914 -1 -3.232 -1 328
-3.073 -1 -2.678 -1 -3.03 -1 -3.25 -1 352
-3.14 -1 -2.742 -1 -2.924 -1 -3.146 -1 170
-3.035 -1 -2.608 -1 -2.728 -1 -3.034 -1 122
-2.881 -1 -2.516 -1 -2.546 -1 -2.97 -1 21
-2.758 -1 -2.406 -1 -2.73 -1 -3.074 -1 245
-2.902 -1 -2.512 -1 -2.586 -1 -3.002 -1 64
-2.794 -1 -2.516 -1 -2.648 -1 -3.056 -1 112
-2.852 -1 -2.456 -1 -2.81 -1 -3.114 -1 314
-2.962 -1 -2.554 -1 -2.844 -1 -3.076 -1 263
-2.96 -1 -2.552 -1 -2.59 -1 -3.026 -1 23
-2.808 -1 -2.476 -1 -2.674 -1 -3.056 -1 119
-2.865 -1 -2.494 -1 -2.688 -1 -3.086 -1 137
-2.887 -1 -2.504 -1 -2.626 -1 -2.974 -1 95
-2.8 -1 -2.414 -1 -2.612 -1 -3.03 -1 143
-2.821 -1 -2.466 -1 -2.686 -1 -3.036 -1 189
-2.861 -1 -2.484 -1 -2.814 -1 -3.172 -1 302
-2.993 -1 -2.602 -1 -2.838 -1 -3.17 -1 221
-3.004 -1 -2.572 -1 -2.856 -1 -3.17 -1 271
-3.013 -1 -2.612 -1 -3.012 -1 -3.296 -1 385
-3.154 -1 -2.756 -1 -2.96 -1 -3.226 -1 226
-3.093 -1 -2.704 -1 -2.78 -1 -3.138 -1 84
-2.959 -1 -2.606 -1 -2.862 -1 -3.108 -1 224
-2.985 -1 -2.608 -1 -2.638 -1 -2.984 -1 29
-2.811 -1 -2.508 -1 -2.576 -1 -3.004 -1 48
-2.79 -1 -2.44 -1 -2.824 -1 -3.108 -1 282
-2.966 -1 -2.564 -1 -2.79 -1 -3.094 -1 232
-2.942 -1 -2.54 -1 -2.89 -1 -3.128 -1 322
-3.009 -1 -2.594 -1 -2.936 -1 -3.222 -1 299
-3.079 -1 -2.668 -1 -2.934 -1 -3.234 -1 328
-3.084 -1 -2.63 -1 -3.018 -1 -3.264 -1 368
-3.141 -1 -2.706 -1 -2.786 -1 -3.136 -1 85
-2.961 -1 -2.584 -1 -2.96 -1 -3.192 -1 332
-3.076 -1 -2.67 -1 -2.894 -1 -3.148 -1 250
-3.021 -1 -2.62 -1 -2.832 -1 -3.172 -1 180
-3.002 -1 -2.612 -1 -2.686 -1 -3.122 -1 56
-2.904 -1 -2.572 -1 -2.994 -1 -3.17 -1 391
-3.082 -1 -2.672 -1 -2.794 -1 -3.088 -1 167
-2.941 -1 -2.546 -1 -2.92 -1 -3.194 -1 346
-3.057 -1 -2.66 -1 -3.044 -1 -3.27 -2 373
-3.157 -1 -2.738 -1 -2.824 -1 -3.134 -1 121
-2.979 -1 -2.618 -1 -2.96 -1 -3.238 -1 310
-3.099 -1 -2.686 -1 -2.724 -1 -3.128 -1 30
-2.926 -1 -2.584 -1 -2.972 -1 -3.216 -1 333
-3.094 -1 -2.69 -1 -2.986 -1 -3.268 -2 366
-3.127 -1 -2.71 -1 -2.87 -1 -3.114 -1 143
-2.992 -1 -2.572 -1 -2.834 -1 -3.144 -1 268
-2.989 -1 -2.576 -1 -2.7 -1 -3.048 -1 128
-2.874 -1 -2.524 -1 -2.578 -1 -2.98 -1 43
-2.779 -1 -2.444 -1 -2.57 -1 -2.95 -1 102
-2.76 -1 -2.42 -1 -2.65 -1 -3.036 -1 156
-2.843 -1 -2.478 -1 -2.776 -1 -3.126 -1 261
-2.951 -1 -2.544 -1 -2.976 -1 -3.202 -1 360
-3.089 -1 -2.654 -1 -2.66 -1 -3.052 -1 3
-2.856 -1 -2.484 -1 -2.536 -1 -3.016 -1 36
-2.776 -1 -2.422 -1 -2.494 -1 -2.872 -1 44
-2.683 -1 -2.382 -1 -2.482 -1 -2.908 -1 50
-2.695 -1 -2.34 -1 -2.716 -1 -3.07 -1 308
-2.893 -1 -2.464 -1 -2.774 -1 -3.094 -1 253
-2.934 -1 -2.51 -1 -2.886 -1 -3.224 -1 348
-3.055 -1 -2.686 -1 -2.81 -1 -3.126 -1 127
-2.968 -1 -2.568 -1 -2.838 -1 -3.138 -1 229
-2.988 -1 -2.658 -1 -2.942 -1 -3.186 -1 291
-3.064 -1 -2.67 -1 -3.012 -1 -3.218 -1 368
-3.115 -1 -2.684 -1 -2.864 -1 -3.154 -1 213
-3.009 -1 -2.634 -1 -2.736 -1 -3.112 -1 96
-2.924 -1 -2.558 -1 -2.702 -1 -3.104 -1 130
-2.903 -1 -2.532 -1 -2.622 -1 -3.11 -1 65
-2.866 -1 -2.522 -1 -2.82 -1 -3.118 -1 294
-2.969 -1 -2.584 -1 -2.912 -1 -3.192 -1 308
-3.052 -1 -2.668 -1 -3.064 -1 -3.278 -1 362
-3.171 -1 -2.752 -1 -2.8 -1 -3.168 -2 55
-2.984 -1 -2.614 -1 -2.81 -1 -3.162 -1 200
-2.986 -1 -2.622 -1 -2.688 -1 -2.994 -1 59
-2.841 -1 -2.472 -1 -2.812 -1 -3.156 -1 321
-2.984 -1 -2.606 -1 -2.904 -1 -3.102 -1 344
-3.003 -1 -2.628 -1 -2.902 -1 -3.18 -1 296
-3.041 -1 -2.66 -1 -2.926 -1 -3.19 -1 243
-3.058 -1 -2.656 -1 -2.904 -1 -3.242 -1 220
-3.073 -1 -2.68 -1 -2.936 -1 -3.182 -1 346
-3.059 -1 -2.634 -1 -2.716 -1 -3.072 -1 100
-2.894 -1 -2.516 -1 -2.826 -1 -3.186 -1 248
-3.006 -1 -2.602 -1 -2.99 -1 -3.25 -1 359
-3.12 -1 -2.706 -1 -3.024 -1 -3.26 -1 310
-3.142 -1 -2.736 -1 -2.888 -1 -3.166 -1 135
-3.027 -1 -2.672 -1 -2.994 -1 -3.236 -1 236
-3.115 -1 -2.706 -1 -2.942 -1 -3.258 -1 208
-3.1 -1 -2.72 -1 -2.92 -1 -3.156 -1 180
-3.038 -1 -2.694 -1 -3.012 -1 -3.344 -1 360
-3.178 -1 -2.76 -1 -2.804 -1 -3.134 -1 54
-2.969 -1 -2.598 -1 -2.922 -1 -3.17 -1 297
-3.046 -1 -2.626 -1 -2.878 -1 -3.166 -1 265
-3.022 -1 -2.622 -1 -2.636 -1 -3.046 -1 23
-2.841 -1 -2.516 -1 -2.762 -1 -3.018 -1 217
-2.89 -1 -2.504 -1 -2.714 -1 -3.088 -1 147
-2.901 -1 -2.536 -1 -2.818 -1 -3.136 -1 226
-2.977 -1 -2.574 -1 -2.758 -1 -3.062 -1 188
-2.91 -1 -2.532 -1 -2.81 -1 -3.114 -1 230
-2.962 -1 -2.572 -1 -2.82 -1 -3.162 -1 218
-2.991 -1 -2.612 -1 -2.774 -1 -3.17 -1 152
-2.972 -1 -2.558 -1 -2.952 -1 -3.256 -1 397
-3.104 -1 -2.71 -1 -2.95 -1 -3.188 -1 205
-3.069 -1 -2.718 -1 -2.782 -1 -3.17 -1 46
-2.976 -1 -2.626 -1 -2.862 -1 -3.184 -1 253
-3.023 -1 -2.624 -1 -2.912 -1 -3.256 -1 296
-3.084 -1 -2.684 -1 -2.85 -1 -3.186 -1 172
-3.018 -1 -2.672 -1 -2.766 -1 -3.176 -1 58
-2.971 -1 -2.628 -1 -3.028 -1 -3.258 -1 324
-3.143 -1 -2.68 -1 -2.946 -1 -3.254 -1 336
-3.1 -1 -2.718 -1 -2.758 -1 -3.112 -1 39
-2.935 -1 -2.578 -1 -2.81 -1 -3.128 -1 204
-2.969 -1 -2.59 -1 -2.904 -1 -3.226 -1 274
-3.065 -1 -2.672 -1 -3 -1 -3.266 -1 344
-3.133 -1 -2.764 -1 -3.046 -1 -3.214 -1 331
-3.13 -1 -2.76 -1 -3.036 -1 -3.348 -1 342
-3.192 -1 -2.802 -1 -2.892 -1 -3.152 -1 90
-3.022 -1 -2.614 -1 -2.88 -1 -3.18 -1 305
-3.03 -1 -2.692 -1 -2.724 -1 -3.088 -1 45
-2.906 -1 -2.51 -1 -2.768 -1 -3.13 -1 234
-2.949 -1 -2.554 -1 -2.836 -1 -3.196 -1 241
-3.016 -1 -2.618 -1 -2.64 -1 -3.106 -1 40
-2.873 -1 -2.506 -1 -2.898 -1 -3.202 -1 378
-3.05 -1 -2.628 -1 -2.78 -1 -3.122 -1 172
-2.951 -1 -2.594 -1 -2.856 -1 -3.194 -1 288
-3.025 -1 -2.596 -1 -2.944 -1 -3.236 -1 384
-3.09 -1 -2.69 -1 -3.016 -1 -3.274 -2 383
-3.145 -1 -2.776 -1 -3.044 -1 -3.266 -1 311
-3.155 -1 -2.728 -1 -3.024 -1 -3.208 -1 350
-3.116 -1 -2.676 -1 -2.856 -1 -3.162 -1 153
-3.009 -1 -2.636 -1 -3.012 -1 -3.21 -1 318
-3.111 -1 -2.67 -1 -2.788 -1 -3.098 -1 76
-2.943 -1 -2.578 -1 -2.964 -1 -3.184 -1 329
-3.074 -1 -2.692 -1 -2.702 -1 -3.138 -1 20
-2.92 -1 -2.582 -1 -2.914 -1 -3.226 -1 280
-3.07 -1 -2.69 -1 -2.884 -1 -3.128 -1 179
-3.006 -1 -2.614 -1 -2.912 -1 -3.24 -1 326
-3.076 -1 -2.682 -1 -2.898 -1 -3.222 -1 194
-3.06 -1 -2.708 -1 -2.922 -1 -3.182 -1 191
-3.052 -1 -2.648 -1 -2.872 -1 -3.182 -1 226
-3.027 -1 -2.664 -1 -2.964 -1 -3.226 -1 305
-3.095 -1 -2.678 -1 -2.774 -1 -3.164 -1 113
-2.969 -1 -2.592 -1 -2.818 -1 -3.038 -1 215
-2.928 -1 -2.544 -1 -2.942 -1 -3.214 -1 367
-3.078 -1 -2.68 -1 -2.916 -1 -3.156 -1 296
-3.036 -1 -2.696 -1 -2.96 -1 -3.266 -1 255
-3.113 -1 -2.73 -1 -2.874 -1 -3.214 -1 169
-3.044 -1 -2.69 -1 -2.996 -1 -3.162 -1 328
-3.079 -1 -2.662 -1 -2.832 -1 -3.138 -1 138
-2.985 -1 -2.61 -1 -2.97 -1 -3.29 -1 292
-3.13 -1 -2.708 -1 -2.926 -1 -3.212 -1 183
-3.069 -1 -2.672 -1 -2.74 -1 -3.134 -1 59
-2.937 -1 -2.554 -1 -2.84 -1 -3.192 -1 268
-3.016 -1 -2.674 -1 -2.734 -1 -3.098 -1 54
-2.916 -1 -2.56 -1 -2.87 -1 -3.148 -1 270
-3.009 -1 -2.626 -1 -2.922 -1 -3.234 -1 306
-3.078 -1 -2.644 -1 -2.862 -1 -3.208 -1 221
-3.035 -1 -2.65 -1 -2.944 -1 -3.23 -1 301
-3.087 -1 -2.684 -1 -2.962 -1 -3.264 -1 260
-3.113 -1 -2.718 -1 -2.828 -1 -3.138 -1 130
-2.983 -1 -2.614 -1 -2.894 -1 -3.164 -1 283
-3.029 -1 -2.622 -1 -2.682 -1 -3.04 -1 35
-2.861 -1 -2.51 -1 -2.664 -1 -3.03 -1 111
-2.847 -1 -2.508 -1 -2.802 -1 -3.126 -1 249
-2.964 -1 -2.59 -1 -2.896 -1 -3.196 -2 353
-3.046 -1 -2.678 -1 -2.992 -1 -3.2 -1 342
-3.096 -1 -2.686 -1 -2.992 -1 -3.238 -1 343
-3.115 -1 -2.72 -1 -2.88 -1 -3.168 -1 200
-3.024 -1 -2.702 -1 -2.918 -1 -3.268 -1 290
-3.093 -1 -2.686 -1 -3.06 -1 -3.38 -1 396
-3.22 -1 -2.878 -1 -2.91 -1 -3.17 -1 24
-3.04 -1 -2.67 -1 -2.74 -1 -3.142 -1 47
-2.941 -1 -2.548 -1 -2.804 -1 -3.056 -1 234
-2.93 -1 -2.556 -1 -2.638 -1 -3.108 -1 59
-2.873 -1 -2.55 -1 -2.904 -1 -3.208 -1 381
-3.056 -1 -2.674 -1 -2.676 -1 -3.09 -1 3
-2.883 -1 -2.522 -1 -2.598 -1 -3.02 -1 59
-2.809 -1 -2.51 -1 -2.862 -1 -3.178 -1 330
-3.02 -1 -2.62 -1 -2.712 -1 -3.132 -1 90
-2.922 -1 -2.538 -1 -2.638 -1 -3.01 -1 80
-2.824 -1 -2.476 -1 -2.844 -1 -3.14 -1 311
-2.992 -1 -2.626 -1 -2.746 -1 -3.056 -1 85
-2.901 -1 -2.544 -1 -2.874 -1 -3.154 -1 359
-3.014 -1 -2.64 -1 -2.864 -1 -3.18 -1 221
-3.022 -1 -2.658 -1 -2.748 -1 -3.07 -1 63
-2.909 -1 -2.522 -1 -2.53 -1 -3.036 -1 13
-2.783 -1 -2.412 -1 -2.564 -1 -3.002 -1 118
-2.783 -1 -2.434 -1 -2.742 -1 -3.082 -1 222
-2.912 -1 -2.506 -1 -2.518 -1 -3.004 -1 31
-2.761 -1 -2.424 -1 -2.708 -1 -3.058 -1 201
-2.883 -1 -2.488 -1 -2.888 -1 -3.128 -1 335
-3.008 -1 -2.576 -1 -2.952 -1 -3.2 -1 359
-3.076 -1 -2.648 -1 -2.894 -1 -3.264 -2 250
-3.079 -1 -2.678 -1 -2.802 -1 -3.162 -1 142
-2.982 -1 -2.638 -1 -2.98 -1 -3.256 -1 329
-3.118 -1 -2.726 -1 -2.726 -1 -3.038 -1 0
-2.882 -1 -2.558 -1 -2.962 -1 -3.208 -1 361
-3.085 -1 -2.652 -1 -2.818 -1 -3.11 -1 163
-2.964 -1 -2.63 -1 -2.728 -1 -3.108 -1 85
-2.918 -1 -2.554 -1 -2.8 -1 -3.126 -1 215
-2.963 -1 -2.592 -1 -2.996 -1 -3.174 -1 323
-3.085 -1 -2.654 -1 -2.902 -1 -3.16 -1 217
-3.031 -1 -2.648 -1 -2.742 -1 -3.116 -1 103
-2.929 -1 -2.564 -1 -2.964 -1 -3.2 -1 358
-3.082 -1 -2.682 -1 -2.732 -1 -3.12 -2 51
-2.926 -1 -2.564 -1 -2.916 -1 -3.258 -2 358
-3.087 -1 -2.71 -1 -2.742 -1 -3.034 -1 26
-2.888 -1 -2.508 -1 -2.584 -1 -3.024 -1 63
-2.804 -1 -2.462 -1 -2.692 -1 -3.05 -1 216
-2.871 -1 -2.506 -1 -2.598 -1 -3.098 -1 76
-2.848 -1 -2.518 -1 -2.754 -1 -3.102 -1 250
-2.928 -1 -2.526 -1 -2.682 -1 -3.094 -1 124
-2.888 -1 -2.488 -1 -2.906 -1 -3.182 -1 372
-3.044 -1 -2.646 -1 -2.846 -1 -3.216 -1 211
-3.031 -1 -2.63 -1 -2.972 -1 -3.216 -1 385
-3.094 -1 -2.73 -1 -2.99 -1 -3.236 -1 273
-3.113 -1 -2.73 -1 -2.776 -1 -3.078 -1 41
-2.927 -1 -2.588 -1 -2.902 -1 -3.198 -1 253
-3.05 -1 -2.684 -1 -3.024 -1 -3.304 -1 321
-3.164 -1 -2.782 -1 -3.016 -1 -3.236 -1 332
-3.126 -1 -2.702 -1 -2.842 -1 -3.162 -1 149
-3.002 -1 -2.63 -1 -2.978 -1 -3.284 -1 306
-3.131 -1 -2.708 -1 -2.932 -1 -3.248 -1 216
-3.09 -1 -2.674 -1 -2.698 -1 -3.056 -1 15
-2.877 -1 -2.526 -1 -2.774 -1 -3.198 -1 168
-2.986 -1 -2.638 -1 -2.746 -1 -3.162 -1 85
-2.954 -1 -2.58 -1 -2.854 -1 -3.22 -1 300
-3.037 -1 -2.638 -1 -2.772 -1 -3.058 -1 153
-2.915 -1 -2.578 -1 -2.698 -1 -3.06 -1 121
-2.879 -1 -2.498 -1 -2.854 -1 -3.164 -1 323
-3.009 -1 -2.596 -1 -2.612 -1 -2.952 -1 16
-2.782 -1 -2.452 -1 -2.922 -1 -3.278 -1 398
-3.1 -1 -2.71 -1 -2.844 -1 -3.24 -1 125
-3.042 -1 -2.632 -1 -2.72 -1 -3.108 -1 75
-2.914 -1 -2.576 -1 -2.612 -1 -3.014 -1 23
-2.813 -1 -2.48 -1 -2.704 -1 -3.056 -1 160
-2.88 -1 -2.52 -1 -2.678 -1 -3.032 -1 125
-2.855 -1 -2.502 -1 -2.694 -1 -2.978 -1 161
-2.836 -1 -2.46 -1 -2.868 -1 -3.124 -1 338
-2.996 -1 -2.586 -1 -2.854 -1 -3.104 -1 258
-2.979 -1 -2.552 -1 -2.702 -1 -3.058 -1 152
-2.88 -1 -2.55 -1 -2.646 -1 -3.094 -1 84
-2.87 -1 -2.518 -1 -2.614 -1 -3 -1 88
-2.807 -1 -2.446 -1 -2.728 -1 -3.146 -1 257
-2.937 -1 -2.55 -1 -2.742 -1 -3.014 -1 142
-2.878 -1 -2.478 -1 -2.582 -1 -2.988 -1 68
-2.785 -1 -2.436 -1 -2.598 -1 -3.008 -1 141
-2.803 -1 -2.474 -1 -2.604 -1 -3.014 -1 113
-2.809 -1 -2.432 -1 -2.892 -1 -3.214 -1 388
-3.053 -1 -2.66 -1 -3.034 -1 -3.286 -1 361
-3.16 -1 -2.75 -1 -3.072 -1 -3.272 -1 376
-3.172 -1 -2.76 -1 -3.066 -1 -3.274 -1 352
-3.17 -1 -2.74 -1 -3.018 -1 -3.208 -1 382
-3.113 -1 -2.724 -1 -2.774 -1 -3.1 -1 44
-2.937 -1 -2.582 -1 -2.632 -1 -3.064 -1 41
-2.848 -1 -2.506 -1 -2.662 -1 -3.024 -1 133
-2.843 -1 -2.492 -1 -2.524 -1 -3.016 -1 26
-2.77 -1 -2.476 -1 -2.802 -1 -3.148 -1 272
-2.975 -1 -2.588 -1 -3.036 -1 -3.288 -1 396
-3.162 -1 -2.76 -1 -2.974 -1 -3.21 -1 235
-3.092 -1 -2.678 -1 -2.806 -1 -3.144 -1 114
-2.975 -1 -2.586 -1 -2.818 -1 -3.182 -1 193
-3 -1 -2.594 -1 -2.634 -1 -3.112 -1 32
-2.873 -1 -2.508 -1 -2.952 -1 -3.192 -1 375
-3.072 -1 -2.698 -1 -2.876 -1 -3.13 -1 160
-3.003 -1 -2.612 -1 -2.738 -1 -3.08 -1 98
-2.909 -1 -2.546 -1 -2.876 -1 -3.22 -1 287
-3.048 -1 -2.67 -1 -3.066 -1 -3.23 -1 383
-3.148 -1 -2.692 -1 -2.912 -1 -3.182 -1 176
-3.047 -1 -2.634 -1 -2.89 -1 -3.15 -1 302
-3.02 -1 -2.622 -1 -2.806 -1 -3.148 -1 175
-2.977 -1 -2.578 -1 -2.734 -1 -3.072 -1 155
-2.903 -1 -2.542 -1 -2.724 -1 -3.066 -1 156
-2.895 -1 -2.542 -1 -2.768 -1 -3.048 -1 185
-2.908 -1 -2.494 -1 -2.498 -1 -2.992 -1 6
-2.745 -1 -2.368 -1 -2.654 -1 -3.07 -1 174
-2.862 -1 -2.442 -1 -2.75 -1 -3.112 -1 269
-2.931 -1 -2.544 -1 -2.652 -1 -3.104 -1 60
-2.878 -1 -2.53 -1 -2.612 -1 -3.054 -1 92
-2.833 -1 -2.492 -1 -2.884 -1 -3.236 -1 366
-3.06 -1 -2.64 -1 -2.836 -1 -3.15 -2 232
-2.993 -1 -2.628 -1 -2.886 -1 -3.094 -1 244
-2.99 -1 -2.634 -1 -2.684 -1 -3.152 -1 57
-2.918 -1 -2.592 -1 -2.638 -1 -3.04 -1 44
-2.839 -1 -2.476 -1 -2.766 -1 -3.114 -1 220
-2.94 -1 -2.56 -1 -2.894 -1 -3.188 -1 246
-3.041 -1 -2.662 -1 -2.958 -1 -3.222 -1 331
-3.09 -1 -2.694 -1 -3.064 -1 -3.286 -1 389
-3.175 -1 -2.704 -1 -2.908 -1 -3.192 -1 233
-3.05 -1 -2.636 -1 -2.842 -1 -3.142 -1 163
-2.992 -1 -2.592 -1 -2.932 -1 -3.18 -1 381
-3.056 -1 -2.648 -1 -3.002 -1 -3.24 -1 341
-3.121 -1 -2.706 -1 -2.788 -1 -3.18 -1 68
-2.984 -1 -2.644 -1 -2.93 -1 -3.226 -1 325
-3.078 -1 -2.696 -1 -2.96 -1 -3.29 -1 313
-3.125 -1 -2.718 -1 -2.984 -1 -3.226 -1 276
-3.105 -1 -2.716 -1 -2.808 -1 -3.176 -1 107
-2.992 -1 -2.636 -1 -2.804 -1 -3.096 -1 139
-2.95 -1 -2.594 -1 -2.85 -1 -3.14 -1 296
-2.995 -1 -2.666 -1 -2.73 -1 -3.006 -1 59
-2.868 -1 -2.51 -1 -2.744 -1 -3.078 -1 169
-2.911 -1 -2.554 -1 -2.86 -1 -3.19 -1 291
-3.025 -1 -2.612 -1 -3.038 -1 -3.322 -1 367
-3.18 -1 -2.76 -1 -2.992 -1 -3.31 -1 248
-3.151 -1 -2.792 -1 -2.982 -1 -3.264 -1 269
-3.123 -1 -2.722 -1 -2.912 -1 -3.196 -1 170
-3.054 -1 -2.622 -1 -2.896 -1 -3.24 -1 320
-3.068 -1 -2.728 -1 -3.052 -1 -3.244 -1 376
-3.148 -1 -2.74 -1 -2.97 -1 -3.166 -1 258
-3.068 -1 -2.68 -1 -2.904 -1 -3.204 -1 217
-3.054 -1 -2.652 -1 -2.982 -1 -3.244 -1 314
-3.113 -1 -2.672 -1 -2.948 -1 -3.188 -1 345
-3.068 -1 -2.638 -1 -2.75 -1 -3.168 -1 137
-2.959 -1 -2.588 -1 -2.824 -1 -3.126 -1 260
-2.975 -1 -2.596 -1 -2.936 -1 -3.246 -1 330
-3.091 -1 -2.724 -1 -2.986 -1 -3.204 -1 308
-3.095 -1 -2.696 -1 -2.696 -1 -3.018 -1 2
-2.857 -1 -2.55 -1 -2.73 -1 -3.17 -1 176
-2.95 -1 -2.6 -1 -2.602 -1 -3.036 -1 1
-2.819 -1 -2.502 -1 -2.594 -1 -3.026 -1 59
-2.81 -1 -2.442 -1 -2.742 -1 -3.008 -1 262
-2.875 -1 -2.526 -1 -2.73 -1 -3.09 -1 172
-2.91 -1 -2.57 -1 -2.866 -1 -3.154 -1 306
-3.01 -1 -2.622 -1 -2.772 -1 -3.122 -1 143
-2.947 -1 -2.556 -1 -2.694 -1 -3.08 -1 109
-2.887 -1 -2.544 -1 -2.858 -1 -3.158 -1 272
-3.008 -1 -2.63 -1 -2.878 -1 -3.218 -1 181
-3.048 -1 -2.646 -1 -2.922 -1 -3.214 -1 280
-3.068 -1 -2.672 -1 -2.714 -1 -3.036 -1 38
-2.875 -1 -2.546 -1 -2.622 -1 -3.058 -1 77
-2.84 -1 -2.48 -1 -2.498 -1 -2.916 -1 16
-2.707 -1 -2.404 -1 -2.824 -1 -3.216 -1 376
-3.02 -1 -2.594 -1 -2.704 -1 -3.04 -1 93
-2.872 -1 -2.5 -1 -2.618 -1 -2.938 -1 104
-2.778 -1 -2.464 -1 -2.826 -1 -3.156 -1 277
-2.991 -1 -2.572 -1 -2.874 -1 -3.164 -1 317
-3.019 -1 -2.672 -1 -2.874 -1 -3.18 -1 161
-3.027 -1 -2.642 -1 -2.716 -1 -3.032 -1 77
-2.874 -1 -2.492 -1 -2.828 -1 -3.096 -1 328
-2.962 -1 -2.61 -1 -2.796 -1 -3.122 -1 163
-2.959 -1 -2.594 -1 -2.602 -1 -3.05 -1 6
-2.826 -1 -2.502 -1 -2.782 -1 -3.096 -1 245
-2.939 -1 -2.514 -1 -2.58 -1 -3.002 -1 58
-2.791 -1 -2.452 -1 -2.774 -1 -3.066 -1 263
-2.92 -1 -2.544 -1 -2.772 -1 -3.134 -1 183
-2.953 -1 -2.556 -1 -2.848 -1 -3.144 -1 226
-2.996 -1 -2.608 -1 -2.934 -1 -3.204 -1 291
-3.069 -1 -2.654 -1 -2.682 -1 -3.06 -1 37
-2.871 -1 -2.53 -1 -2.752 -1 -3.044 -1 208
-2.898 -1 -2.516 -1 -2.894 -1 -3.146 -1 375
-3.02 -1 -2.58 -1 -2.648 -1 -3.038 -1 51
-2.843 -1 -2.464 -1 -2.628 -1 -3.018 -1 95
-2.823 -1 -2.464 -1 -2.726 -1 -3.114 -1 217
-2.92 -1 -2.548 -1 -2.784 -1 -3.112 -1 195
-2.948 -1 -2.57 -1 -2.662 -1 -3.042 -1 95
-2.852 -1 -2.486 -1 -2.596 -1 -3.01 -1 99
-2.803 -1 -2.478 -1 -2.892 -1 -3.26 -1 353
-3.076 -1 -2.666 -1 -2.998 -1 -3.238 -1 385
-3.118 -1 -2.66 -1 -2.754 -1 -3.14 -1 60
-2.947 -1 -2.544 -1 -2.894 -1 -3.106 -1 301
-3 -1 -2.574 -1 -2.822 -1 -3.14 -1 172
-2.981 -1 -2.608 -1 -2.774 -1 -3.134 -1 157
-2.954 -1 -2.558 -1 -2.748 -1 -3.118 -1 162
-2.933 -1 -2.578 -1 -2.892 -1 -3.18 -1 318
-3.036 -1 -2.67 -1 -2.972 -1 -3.29 -1 256
-3.131 -1 -2.724 -1 -2.932 -1 -3.252 -1 254
-3.092 -1 -2.676 -1 -2.716 -1 -3.164 -1 35
-2.94 -1 -2.548 -1 -2.674 -1 -3.07 -1 101
-2.872 -1 -2.55 -1 -2.642 -1 -3.096 -1 63
-2.869 -1 -2.522 -1 -2.942 -1 -3.204 -1 369
-3.073 -1 -2.7 -1 -2.858 -1 -3.192 -1 182
-3.025 -1 -2.656 -1 -2.716 -1 -3.016 -1 35
-2.866 -1 -2.518 -1 -2.914 -1 -3.192 -1 326
-3.053 -1 -2.642 -1 -2.8 -1 -3.106 -1 166
-2.953 -1 -2.582 -1 -2.792 -1 -3.12 -1 162
-2.956 -1 -2.566 -1 -2.826 -1 -3.196 -1 216
-3.011 -1 -2.658 -1 -2.98 -1 -3.264 -1 349
-3.122 -1 -2.724 -1 -2.794 -1 -3.128 -1 45
-2.961 -1 -2.618 -1 -2.728 -1 -3.092 -1 139
-2.91 -1 -2.54 -1 -2.72 -1 -3.08 -1 136
-2.9 -1 -2.53 -1 -2.752 -1 -3.082 -1 191
-2.917 -1 -2.532 -1 -2.554 -1 -2.98 -1 13
-2.767 -1 -2.43 -1 -2.506 -1 -2.932 -1 51
-2.719 -1 -2.376 -1 -2.662 -1 -3.052 -1 199
-2.857 -1 -2.474 -1 -2.626 -1 -2.946 -1 139
-2.786 -1 -2.43 -1 -2.602 -1 -3.002 -1 115
-2.802 -1 -2.422 -1 -2.606 -1 -2.97 -1 118
-2.788 -1 -2.384 -1 -2.708 -1 -3.058 0 226
