8 1000 1 8 60 0 0 0 0
-3.458 -1 -2.984 -1 -3.162 -1 -3.35 -1 292
-3.256 -1 -2.796 -1 -2.908 -1 -3.16 -1 155
-3.034 -1 -2.646 -1 -2.81 -1 -3.048 -1 242
-2.929 -1 -2.502 -1 -2.802 -1 -3.072 -1 346
-2.937 -1 -2.51 -1 -2.754 -1 -3.104 -1 235
-2.929 -1 -2.55 -1 -2.95 -1 -3.172 -1 483
-3.061 -1 -2.606 -1 -2.972 -1 -3.17 -1 408
-3.071 -1 -2.626 -1 -2.898 -1 -3.134 -1 271
-3.016 -1 -2.552 -1 -2.91 -1 -3.158 -1 439
-3.034 -1 -2.586 -1 -2.604 -1 -3.024 -1 36
-2.814 -1 -2.412 -1 -2.682 -1 -3.004 -1 232
-2.843 -1 -2.42 -1 -2.814 -1 -3.038 -1 428
-2.926 -1 -2.464 -1 -2.75 -1 -3.048 -1 279
-2.899 -1 -2.452 -1 -2.568 -1 -3.03 -1 97
-2.799 -1 -2.376 -1 -2.456 -1 -2.87 -1 41
-2.663 -1 -2.294 -1 -2.712 -1 -2.95 -1 376
-2.831 -1 -2.42 -1 -2.83 -1 -3.07 -1 465
-2.95 -1 -2.538 -1 -2.806 -1 -3.054 -1 316
-2.93 -1 -2.534 -1 -2.738 -1 -3.044 -1 214
-2.891 -1 -2.462 -1 -2.862 -1 -3.156 -1 360
-3.009 -1 -2.548 -1 -2.72 -1 -3.066 -1 162
-2.893 -1 -2.49 -1 -2.556 -1 -2.95 -1 58
-2.753 -1 -2.382 -1 -2.836 -1 -3.136 -1 466
-2.986 -1 -2.578 -1 -2.952 -1 -3.184 -1 405
-3.068 -1 -2.63 -1 -2.854 -1 -3.02 -1 270
-2.937 -1 -2.514 -1 -2.528 -1 -2.932 -1 7
-2.73 -1 -2.342 -1 -2.398 -1 -2.95 -1 50
-2.674 -1 -2.346 -1 -2.398 -1 -2.902 -1 48
-2.65 -1 -2.304 -1 -2.68 -1 -3.012 -1 334
-2.846 -1 -2.444 -1 -2.818 -1 -3.084 -1 418
-2.951 -1 -2.518 -1 -2.87 -1 -3.16 -1 316
-3.015 -1 -2.522 -1 -2.964 -1 -3.208 -1 491
-3.086 -1 -2.626 -1 -2.95 -1 -3.186 -1 460
-3.068 -1 -2.594 -1 -2.888 -1 -3.118 -1 328
-3.003 -1 -2.502 -1 -2.91 -1 -3.13 -1 436
-3.02 -1 -2.572 -1 -2.808 -1 -3.108 -1 237
-2.958 -1 -2.508 -1 -2.744 -1 -2.974 -1 236
-2.859 -1 -2.438 -1 -2.766 -1 -3.026 -1 273
-2.896 -1 -2.454 -1 -2.812 -1 -3.116 -1 404
-2.964 -1 -2.5 -1 -2.614 -1 -2.982 -1 113
-2.798 -1 -2.394 -1 -2.512 -1 -2.97 -1 89
-2.741 -1 -2.356 -1 -2.714 -1 -2.996 -1 314
-2.855 -1 -2.406 -1 -2.736 -1 -3.014 -1 291
-2.875 -1 -2.454 -1 -2.72 -1 -3.004 -1 358
-2.862 -1 -2.45 -1 -2.83 -1 -3.054 -1 351
-2.942 -1 -2.474 -1 -2.886 -1 -3.16 -1 499
-3.023 -1 -2.58 -1 -2.91 -1 -3.088 -1 404
-2.999 -1 -2.63 -1 -2.872 -1 -3.13 -1 267
-3.001 -1 -2.556 -1 -2.576 -1 -2.916 -1 29
-2.746 -1 -2.374 -1 -2.442 -1 -2.868 -1 64
-2.655 -1 -2.27 -1 -2.464 -1 -2.88 -1 137
-2.672 -1 -2.314 -1 -2.788 -1 -3.11 -1 453
-2.949 -1 -2.47 -1 -2.714 -1 -3.02 -1 251
-2.867 -1 -2.412 -1 -2.716 -1 -2.988 -1 286
-2.852 -1 -2.42 -1 -2.59 -1 -2.926 -1 137
-2.758 -1 -2.344 -1 -2.472 -1 -2.84 -1 113
-2.656 -1 -2.304 -1 -2.33 -1 -2.736 -1 22
-2.533 -1 -2.196 -1 -2.69 -1 -2.978 -1 481
-2.834 -1 -2.394 -1 -2.754 -1 -3.01 -1 356
-2.882 -1 -2.448 -1 -2.846 0 -3.068 -1 477
