6 1000 1 6 42 0 0 0 0
-3.023 -1 -2.648 -1 -2.752 -1 -2.866 -1 311
-2.809 -1 -2.432 -1 -2.488 -1 -2.75 -1 93
-2.619 -1 -2.26 -1 -2.496 -1 -2.76 -1 370
-2.628 -1 -2.28 -1 -2.31 -1 -2.632 -1 16
-2.471 -1 -2.148 -1 -2.436 -1 -2.742 -1 377
-2.589 -1 -2.216 -1 -2.434 -1 -2.698 -1 205
-2.566 -1 -2.184 -1 -2.196 -1 -2.636 -1 18
-2.416 -1 -2.078 -1 -2.118 -1 -2.508 -1 54
-2.313 -1 -2.016 -1 -2.14 -1 -2.602 -1 108
-2.371 -1 -2.016 -1 -2.186 -1 -2.648 -1 140
-2.417 -1 -2.054 -1 -2.338 -1 -2.602 -1 303
-2.47 -1 -2.068 -1 -2.11 -1 -2.584 -1 58
-2.347 -1 -2.014 -1 -2.052 -1 -2.536 -1 39
-2.294 -1 -1.952 -1 -2.23 -1 -2.538 -1 270
-2.384 -1 -2.002 -1 -2.368 -1 -2.628 -1 367
-2.498 -1 -2.084 -1 -2.42 -1 -2.75 -1 496
-2.585 -1 -2.15 -1 -2.15 -1 -2.574 -1 0
-2.362 -1 -2.032 -1 -2.448 -1 -2.666 -1 455
-2.557 -1 -2.154 -1 -2.446 -1 -2.662 -1 305
-2.554 -1 -2.176 -1 -2.302 -1 -2.598 -1 148
-2.45 -1 -2.054 -1 -2.382 -1 -2.66 -1 403
-2.521 -1 -2.14 -1 -2.234 -1 -2.598 -1 65
-2.416 -1 -2.068 -1 -2.392 -1 -2.632 -1 339
-2.512 -1 -2.136 -1 -2.472 -1 -2.692 -1 380
-2.582 -1 -2.192 -1 -2.46 -1 -2.646 -1 362
-2.553 -1 -2.154 -1 -2.322 -1 -2.656 -1 171
-2.489 -1 -2.086 -1 -2.372 -1 -2.646 -1 323
-2.509 -1 -2.112 -1 -2.198 -1 -2.554 -1 82
-2.376 -1 -2.042 -1 -2.32 -1 -2.662 -1 302
-2.491 -1 -2.07 -1 -2.324 -1 -2.62 -1 250
-2.472 -1 -2.108 -1 -2.31 -1 -2.584 -1 212
-2.447 -1 -2.078 -1 -2.344 -1 -2.674 -1 251
-2.509 -1 -2.144 -1 -2.504 -1 -2.734 -1 405
-2.619 -1 -2.244 -1 -2.368 -1 -2.596 -1 147
-2.482 -1 -2.098 -1 -2.438 -1 -2.696 -1 400
-2.567 -1 -2.148 -1 -2.35 -1 -2.672 -1 215
-2.511 -1 -2.114 -1 -2.346 -1 -2.652 -1 294
-2.499 -1 -2.102 -1 -2.238 -1 -2.614 -1 154
-2.426 -1 -2.054 -1 -2.35 -1 -2.594 -1 407
-2.472 -1 -2.05 -1 -2.444 -1 -2.632 -1 490
-2.538 -1 -2.152 -1 -2.168 -1 -2.564 -1 14
-2.366 -1 -2.002 -1 -2.156 -1 -2.526 0 206
