6 1000 0.7 7 16 0 0 0 0
-3.068 -1 -2.662 -1 -2.72 -1 -2.888 -1 132
-2.804 -1 -2.422 -1 -2.606 -1 -2.778 -1 335
-2.692 -1 -2.276 -1 -2.36 -1 -2.67 -1 99
-2.515 -1 -2.168 -1 -2.33 -1 -2.644 -1 219
-2.487 -1 -2.112 -1 -2.152 -1 -2.6 -1 31
-2.376 -1 -2.028 -1 -2.272 -1 -2.626 -1 289
-2.449 -1 -2.036 -1 -2.27 -1 -2.632 -1 276
-2.451 -1 -2.052 -1 -2.28 -1 -2.566 -1 196
-2.423 -1 -2.038 -1 -2.236 -1 -2.566 -1 254
-2.401 -1 -2.018 -1 -2.164 -1 -2.616 -1 123
-2.39 -1 -1.988 -1 -2.058 -1 -2.472 -1 58
-2.265 -1 -1.924 -1 -2.162 -1 -2.518 -1 175
-2.34 -1 -1.954 -1 -2.118 -1 -2.544 -1 141
-2.331 -1 -1.978 -1 -2.214 -1 -2.576 -1 225
-2.395 -1 -1.98 -1 -2.136 -1 -2.528 -1 130
-2.332 -1 -1.924 -1 -2.064 -1 -2.474 0 107
