10 1000 0.6 4 1819 0 0 0 0
-3.773 -1 -3.358 -1 -3.432 -1 -3.618 -1 159
-3.525 -1 -3.182 -1 -3.294 -1 -3.552 -2 171
-3.423 -1 -3.072 -1 -3.254 -1 -3.562 -2 197
-3.408 -1 -3.044 -1 -3.158 -1 -3.418 -1 198
-3.288 -1 -2.94 -1 -3.148 -2 -3.42 -1 214
-3.284 -1 -2.94 -1 -3.232 -1 -3.464 -2 289
-3.348 -1 -3.006 -1 -3.116 -1 -3.39 -2 113
-3.253 -1 -2.854 -1 -3.028 -1 -3.39 -1 201
-3.209 -1 -2.83 -1 -2.974 -1 -3.252 -1 186
-3.113 -1 -2.79 -1 -2.978 -1 -3.364 -1 226
-3.171 -1 -2.822 -1 -3.08 -1 -3.342 -1 287
-3.211 -1 -2.822 -1 -3.022 -1 -3.33 -1 195
-3.176 -1 -2.826 -1 -2.864 -1 -3.272 -1 45
-3.068 -1 -2.708 -1 -2.764 -1 -3.168 -1 58
-2.966 -1 -2.598 -1 -2.696 -1 -3.154 -1 79
-2.925 -1 -2.59 -1 -2.83 -1 -3.138 -1 167
-2.984 -1 -2.662 -1 -2.97 -1 -3.282 -1 274
-3.126 -1 -2.76 -1 -2.806 -1 -3.236 -1 42
-3.021 -1 -2.71 -1 -2.848 -1 -3.2 -1 84
-3.024 -1 -2.67 -1 -2.8 -1 -3.184 -1 107
-2.992 -1 -2.7 -1 -3.008 -1 -3.27 -1 282
-3.139 -1 -2.814 -1 -2.99 -1 -3.336 -1 207
-3.163 -1 -2.812 -1 -2.95 -1 -3.336 -1 176
-3.143 -1 -2.812 -1 -2.982 -1 -3.336 -1 151
-3.159 -1 -2.746 -1 -2.752 -1 -3.186 -1 14
-2.969 -1 -2.688 -1 -2.8 -1 -3.164 -1 96
-2.982 -1 -2.644 -1 -2.812 -1 -3.112 -1 163
-2.962 -1 -2.642 -1 -2.954 -1 -3.194 -1 255
-3.074 -1 -2.702 -1 -2.962 -1 -3.226 -1 210
-3.094 -1 -2.69 -1 -2.784 -1 -3.206 -1 86
-2.995 -1 -2.65 -1 -2.814 -1 -3.182 -2 125
-2.998 -1 -2.64 -1 -2.792 -1 -3.144 -1 127
-2.968 -1 -2.668 -1 -2.926 -1 -3.214 -1 209
-3.07 -1 -2.74 -1 -2.878 -1 -3.238 -1 156
-3.058 -1 -2.706 -1 -3.014 -1 -3.322 -1 247
-3.168 -1 -2.802 -1 -2.95 -1 -3.252 -1 131
-3.101 -1 -2.732 -1 -2.966 -1 -3.278 -1 191
-3.122 -1 -2.794 -1 -2.82 -1 -3.164 -1 18
-2.992 -1 -2.614 -1 -2.796 -1 -3.148 -1 127
-2.972 -1 -2.612 -1 -2.732 -1 -3.088 -1 104
-2.91 -1 -2.612 -1 -2.67 -1 -3.08 -1 42
-2.875 -1 -2.576 -1 -2.834 -1 -3.264 -1 202
-3.049 -1 -2.694 -1 -2.944 -1 -3.282 -1 173
-3.113 -1 -2.764 -1 -2.836 -1 -3.182 -1 64
-3.009 -1 -2.676 -1 -2.926 -1 -3.204 -1 175
-3.065 -1 -2.706 -1 -3.056 -1 -3.334 -1 282
-3.195 -1 -2.834 -1 -2.836 -1 -3.156 -1 5
-2.996 -1 -2.65 -1 -2.678 -1 -3.126 -1 19
-2.902 -1 -2.606 -1 -2.986 -1 -3.276 -1 291
-3.131 -1 -2.742 -1 -2.838 -1 -3.144 -1 93
-2.991 -1 -2.622 -1 -2.774 -1 -3.22 -1 129
-2.997 -1 -2.684 -1 -2.874 -1 -3.224 -1 129
-3.049 -1 -2.734 -1 -2.98 -1 -3.258 -1 151
-3.119 -1 -2.814 -1 -3.034 -1 -3.312 -1 165
-3.173 -1 -2.826 -1 -2.934 -1 -3.22 -1 108
-3.077 -1 -2.72 -1 -2.772 -1 -3.178 -1 50
-2.975 -1 -2.666 -1 -2.942 -1 -3.196 -1 229
-3.069 -1 -2.708 -1 -2.848 -1 -3.22 -1 117
-3.034 -1 -2.692 -1 -2.728 -1 -3.05 -1 20
-2.889 -1 -2.594 -1 -2.828 -1 -3.146 -1 144
-2.987 -1 -2.666 -1 -2.992 -1 -3.268 -1 242
-3.13 -1 -2.746 -1 -3.07 -1 -3.354 -1 282
-3.212 -1 -2.824 -1 -3.046 -1 -3.384 -1 170
-3.215 -1 -2.87 -1 -3.084 -1 -3.354 -1 222
-3.219 -1 -2.84 -1 -3.012 -1 -3.302 -1 192
-3.157 -1 -2.786 -1 -2.854 -1 -3.196 -1 68
-3.025 -1 -2.666 -1 -2.794 -1 -3.224 -1 116
-3.009 -1 -2.678 -1 -2.778 -1 -3.126 -1 70
-2.952 -1 -2.626 -1 -2.628 -1 -3.14 -1 5
-2.884 -1 -2.594 -1 -2.692 -1 -3.112 -1 82
-2.902 -1 -2.546 -1 -2.656 -1 -3.102 -1 73
-2.879 -1 -2.54 -1 -2.568 -1 -2.984 -1 25
-2.776 -1 -2.506 -1 -2.696 -1 -3.128 -1 203
-2.912 -1 -2.538 -1 -2.77 -1 -3.174 -1 178
-2.972 -1 -2.628 -1 -2.936 -1 -3.228 -1 252
-3.082 -1 -2.682 -1 -2.96 -1 -3.192 -1 220
-3.076 -1 -2.716 -1 -2.974 -1 -3.284 -1 232
-3.129 -1 -2.722 -1 -2.786 -1 -3.156 -1 42
-2.971 -1 -2.646 -1 -2.952 -1 -3.176 -1 222
-3.064 -1 -2.694 -1 -2.83 -1 -3.19 -1 103
-3.01 -1 -2.686 -1 -2.882 -1 -3.182 -1 175
-3.032 -1 -2.676 -1 -2.818 -1 -3.202 -1 135
-3.01 -1 -2.648 -1 -2.87 -1 -3.254 -1 187
-3.062 -1 -2.714 -1 -2.846 -1 -3.146 -1 133
-2.996 -1 -2.67 -1 -2.92 -1 -3.192 -1 196
-3.056 -1 -2.704 -1 -2.874 -1 -3.186 -1 146
-3.03 -1 -2.682 -1 -3.018 -1 -3.284 -1 280
-3.151 -1 -2.768 -1 -2.902 -1 -3.204 -1 106
-3.053 -1 -2.698 -1 -2.966 -1 -3.262 -1 252
-3.114 -1 -2.72 -1 -3.028 -1 -3.368 -2 239
-3.198 -1 -2.78 -1 -3.046 -1 -3.27 -1 179
-3.158 -1 -2.818 -1 -2.84 -1 -3.16 -1 13
-3 -1 -2.652 -1 -2.962 -1 -3.178 -1 215
-3.07 -1 -2.712 -1 -2.852 -1 -3.182 -1 125
-3.017 -1 -2.67 -1 -2.74 -1 -3.198 -1 52
-2.969 -1 -2.666 -1 -2.926 -1 -3.192 -1 220
-3.059 -1 -2.706 -1 -2.778 -1 -3.148 -1 37
-2.963 -1 -2.646 -1 -2.764 -1 -3.146 -1 89
-2.955 -1 -2.614 -1 -2.948 -1 -3.29 -1 289
-3.119 -1 -2.762 -1 -2.946 -1 -3.246 -1 147
-3.096 -1 -2.786 -1 -2.868 -1 -3.206 -1 67
-3.037 -1 -2.712 -1 -2.724 -1 -3.168 -1 9
-2.946 -1 -2.662 -1 -2.782 -1 -3.142 -1 82
-2.962 -1 -2.604 -1 -2.832 -1 -3.152 -1 203
-2.992 -1 -2.62 -1 -2.832 -1 -3.174 -1 175
-3.003 -1 -2.63 -1 -2.898 -1 -3.256 -1 233
-3.077 -1 -2.722 -1 -2.906 -1 -3.21 -1 148
-3.058 -1 -2.714 -1 -3.004 -1 -3.29 -1 254
-3.147 -1 -2.796 -1 -2.852 -1 -3.178 -1 47
-3.015 -1 -2.674 -1 -3.036 -1 -3.328 -1 293
-3.182 -1 -2.774 -1 -3.07 -1 -3.344 -1 255
-3.207 -1 -2.804 -1 -2.962 -1 -3.316 -1 173
-3.139 -1 -2.804 -1 -2.824 -1 -3.264 -1 12
-3.044 -1 -2.724 -1 -2.77 -1 -3.128 -1 38
-2.949 -1 -2.652 -1 -2.858 -1 -3.2 -1 156
-3.029 -1 -2.688 -1 -2.932 -1 -3.226 -1 194
-3.079 -1 -2.72 -1 -2.836 -1 -3.186 -1 107
-3.011 -1 -2.676 -1 -2.996 -1 -3.316 -1 246
-3.156 -1 -2.81 -1 -2.878 -1 -3.2 -1 45
-3.039 -1 -2.728 -1 -2.776 -1 -3.208 -1 42
-2.992 -1 -2.702 -1 -2.888 -1 -3.292 -1 173
-3.09 -1 -2.72 -1 -2.764 -1 -3.172 -1 21
-2.968 -1 -2.648 -1 -2.934 -1 -3.176 -1 253
-3.055 -1 -2.718 -1 -2.988 -1 -3.36 -1 292
-3.174 -1 -2.784 -1 -3.01 -1 -3.322 -1 175
-3.166 -1 -2.824 -1 -3.004 -1 -3.21 -1 147
-3.107 -1 -2.754 -1 -2.808 -1 -3.196 -1 37
-3.002 -1 -2.686 -1 -2.826 -1 -3.212 -1 124
-3.019 -1 -2.69 -1 -2.948 -1 -3.228 -1 254
-3.088 -1 -2.74 -1 -2.948 -1 -3.256 -1 157
-3.102 -1 -2.764 -1 -2.992 -1 -3.304 -1 186
-3.148 -1 -2.766 -1 -2.904 -1 -3.234 -1 148
-3.069 -1 -2.73 -1 -3.042 -1 -3.404 -1 259
-3.223 -1 -2.8 -1 -3.08 -1 -3.308 -1 241
-3.194 -1 -2.816 -1 -2.884 -1 -3.226 -1 45
-3.055 -1 -2.708 -1 -2.794 -1 -3.236 -1 37
-3.015 -1 -2.684 -1 -2.864 -1 -3.226 -1 125
-3.045 -1 -2.7 -1 -2.85 -1 -3.236 -1 133
-3.043 -1 -2.694 -1 -3.04 -1 -3.346 -1 277
-3.193 -1 -2.83 -1 -3.154 -1 -3.378 -1 277
-3.266 -1 -2.872 -1 -3.1 -1 -3.444 -1 224
-3.272 -1 -2.862 -1 -2.942 -1 -3.364 -1 69
-3.153 -1 -2.81 -1 -3.032 -1 -3.336 -1 229
-3.184 -1 -2.83 -1 -3.022 -1 -3.32 -1 182
-3.171 -1 -2.81 -1 -2.862 -1 -3.308 -1 53
-3.085 -1 -2.74 -1 -2.754 -1 -3.122 -1 7
-2.938 -1 -2.61 -1 -2.624 -1 -3.078 -1 6
-2.851 -1 -2.566 -1 -2.61 -1 -3.116 -1 21
-2.863 -1 -2.56 -1 -2.802 -1 -3.114 -1 191
-2.958 -1 -2.594 -1 -2.832 -1 -3.152 -1 184
-2.992 -1 -2.6 -1 -2.784 -1 -3.21 -1 135
-2.997 -1 -2.69 -1 -2.768 -1 -3.162 -1 66
-2.965 -1 -2.642 -1 -2.976 -1 -3.258 -1 253
-3.117 -1 -2.754 -1 -2.764 -1 -3.128 -1 4
-2.946 -1 -2.632 -1 -2.898 -1 -3.172 -1 232
-3.035 -1 -2.696 -1 -2.746 -1 -3.122 -1 50
-2.934 -1 -2.59 -1 -2.706 -1 -3.064 -1 83
-2.885 -1 -2.582 -1 -2.618 -1 -3.086 -1 26
-2.852 -1 -2.526 -1 -2.778 -1 -3.15 -1 203
-2.964 -1 -2.634 -1 -2.78 -1 -3.228 -1 117
-3.004 -1 -2.654 -1 -2.894 -1 -3.186 -1 165
-3.04 -1 -2.718 -1 -2.768 -1 -3.164 -1 25
-2.966 -1 -2.596 -1 -2.914 -1 -3.252 -1 256
-3.083 -1 -2.732 -1 -2.964 -1 -3.276 -1 194
-3.12 -1 -2.818 -1 -3.032 -1 -3.316 -1 233
-3.174 -1 -2.768 -1 -2.83 -1 -3.198 -1 50
-3.014 -1 -2.642 -1 -2.88 -1 -3.314 -1 174
-3.097 -1 -2.76 -1 -2.798 -1 -3.164 -1 33
-2.981 -1 -2.644 -1 -2.974 -1 -3.276 -1 257
-3.125 -1 -2.774 -1 -2.974 -1 -3.256 -1 175
-3.115 -1 -2.804 -1 -3.018 -1 -3.28 -1 236
-3.149 -1 -2.77 -1 -3.05 -1 -3.348 -2 248
-3.199 -1 -2.864 -1 -2.976 -1 -3.318 -1 101
-3.147 -1 -2.83 -1 -2.918 -1 -3.286 -1 77
-3.102 -1 -2.814 -1 -2.836 -1 -3.176 -1 35
-3.006 -1 -2.704 -1 -2.84 -1 -3.182 -1 81
-3.011 -1 -2.692 -1 -2.986 -1 -3.272 -1 239
-3.129 -1 -2.786 -1 -3.052 -1 -3.358 -1 235
-3.205 -1 -2.822 -1 -3.014 -1 -3.302 -1 159
-3.158 -1 -2.798 -1 -2.812 -1 -3.214 -1 9
-3.013 -1 -2.658 -1 -2.824 -1 -3.184 -1 147
-3.004 -1 -2.684 -1 -2.708 -1 -3.042 -1 34
-2.875 -1 -2.584 -1 -2.818 -1 -3.192 -1 167
-3.005 -1 -2.674 -1 -2.87 -1 -3.204 -1 169
-3.037 -1 -2.724 -1 -2.83 -1 -3.148 -1 135
-2.989 -1 -2.658 -1 -2.748 -1 -3.2 -1 87
-2.974 -1 -2.686 -1 -2.71 -1 -3.094 -1 22
-2.902 -1 -2.606 -1 -2.782 -1 -3.112 -1 123
-2.947 -1 -2.626 -1 -2.866 -1 -3.252 -1 145
-3.059 -1 -2.686 -1 -3.054 -1 -3.328 -1 293
-3.191 -1 -2.848 -1 -3.078 -1 -3.354 -1 196
-3.216 -1 -2.814 -1 -3.098 -1 -3.41 -1 267
-3.254 -1 -2.838 -1 -3.086 -1 -3.312 -1 241
-3.199 -1 -2.87 -1 -2.878 -1 -3.186 -1 7
-3.032 -1 -2.716 -1 -2.812 -1 -3.142 -1 74
-2.977 -1 -2.646 -1 -2.776 -1 -3.1 -1 99
-2.938 -1 -2.578 -1 -2.892 -1 -3.24 -1 236
-3.066 -1 -2.716 -1 -2.934 -1 -3.182 -1 177
-3.058 -1 -2.678 -1 -3.008 -1 -3.238 -1 273
-3.123 -1 -2.764 -1 -3.012 -1 -3.3 -1 246
-3.156 -1 -2.788 -1 -3.076 -1 -3.418 -1 284
-3.247 -1 -2.932 -1 -3.09 -1 -3.388 -1 116
-3.239 -1 -2.902 -1 -2.93 -1 -3.248 -1 26
-3.089 -1 -2.752 -1 -3.042 -1 -3.282 -1 213
-3.162 -1 -2.81 -1 -3.022 -1 -3.302 -1 231
-3.162 -1 -2.82 -1 -3.088 -1 -3.294 -1 277
-3.191 -1 -2.83 -1 -3.102 -1 -3.342 -1 270
-3.222 -1 -2.878 -1 -3.028 -1 -3.38 -1 108
-3.204 -1 -2.806 -1 -2.874 -1 -3.17 -1 72
-3.022 -1 -2.704 -1 -2.738 -1 -3.21 -1 36
-2.974 -1 -2.654 -1 -2.958 -1 -3.272 -1 268
-3.115 -1 -2.794 -1 -3.088 -1 -3.308 -1 287
-3.198 -1 -2.836 -1 -2.868 -1 -3.194 -1 25
-3.031 -1 -2.692 -1 -2.748 -1 -3.124 -1 36
-2.936 -1 -2.596 -1 -2.646 -1 -2.984 -1 42
-2.815 -1 -2.498 -1 -2.624 -1 -3.094 -1 97
-2.859 -1 -2.504 -1 -2.694 -1 -3.062 -1 152
-2.878 -1 -2.548 -1 -2.908 -1 -3.258 -1 288
-3.083 -1 -2.716 -1 -2.91 -1 -3.252 -1 214
-3.081 -1 -2.754 -1 -2.998 -1 -3.28 -1 267
-3.139 -1 -2.788 -1 -2.782 -1 -3.098 -2 8
-2.94 -1 -2.652 -1 -2.768 -1 -3.162 -1 105
-2.965 -1 -2.63 -1 -2.7 -1 -3.074 -1 45
-2.887 -1 -2.54 -1 -2.834 -1 -3.216 -1 203
-3.025 -1 -2.632 -1 -2.702 -1 -3.11 -1 61
-2.906 -1 -2.598 -1 -2.944 -1 -3.304 -1 246
-3.124 -1 -2.768 -1 -2.936 -1 -3.332 -2 165
-3.134 -1 -2.78 -1 -3.036 -1 -3.266 -1 265
-3.151 -1 -2.776 -1 -2.818 -1 -3.132 -1 23
-2.975 -1 -2.644 -1 -2.95 -1 -3.26 -1 252
-3.105 -1 -2.74 -1 -2.822 -1 -3.198 -1 62
-3.01 -1 -2.728 -1 -2.806 -1 -3.122 -1 60
-2.964 -1 -2.642 -1 -2.642 -1 -3.142 -1 0
-2.892 -1 -2.584 -1 -2.742 -1 -3.126 -1 129
-2.934 -1 -2.6 -1 -2.68 -1 -3.088 -1 64
-2.884 -1 -2.556 -1 -2.67 -1 -3.076 -1 61
-2.873 -1 -2.594 -1 -2.89 -1 -3.268 -2 244
-3.079 -1 -2.71 -1 -2.922 -1 -3.218 -1 176
-3.07 -1 -2.72 -1 -2.956 -1 -3.236 -1 276
-3.096 -1 -2.744 -1 -3.008 -1 -3.31 -1 232
-3.159 -1 -2.804 -1 -2.922 -1 -3.268 -1 122
-3.095 -1 -2.75 -1 -2.752 -1 -3.1 -1 2
-2.926 -1 -2.59 -1 -2.778 -1 -3.202 -1 137
-2.99 -1 -2.666 -1 -2.832 -1 -3.234 -1 133
-3.033 -1 -2.664 -1 -2.988 -1 -3.242 -1 296
-3.115 -1 -2.78 -1 -2.992 -1 -3.292 -1 270
-3.142 -1 -2.748 -1 -3.018 -1 -3.268 -1 226
-3.143 -1 -2.778 -1 -2.998 -1 -3.26 -1 250
-3.129 -1 -2.748 -1 -2.864 -1 -3.152 -1 101
-3.008 -1 -2.68 -1 -2.94 -1 -3.29 -1 201
-3.115 -1 -2.738 -1 -2.946 -1 -3.278 -1 153
-3.112 -1 -2.718 -1 -2.864 -1 -3.202 -2 155
-3.033 -1 -2.738 -1 -2.882 -1 -3.196 -1 168
-3.039 -1 -2.692 -1 -2.808 -1 -3.15 -1 88
-2.979 -1 -2.646 -1 -3.006 -1 -3.226 -1 271
-3.116 -1 -2.754 -1 -2.924 -1 -3.388 -1 145
-3.156 -1 -2.796 -1 -3.084 -1 -3.294 -1 299
-3.189 -1 -2.846 -1 -2.906 -1 -3.258 -1 55
-3.082 -1 -2.728 -1 -2.746 -1 -3.102 -1 13
-2.924 -1 -2.608 -1 -2.92 -1 -3.258 -1 243
-3.089 -1 -2.722 -1 -2.828 -1 -3.222 -1 76
-3.025 -1 -2.636 -1 -2.676 -1 -3.078 -1 39
-2.877 -1 -2.564 -1 -2.632 -1 -3.04 -1 55
-2.836 -1 -2.508 -1 -2.786 -1 -3.15 -1 216
-2.968 -1 -2.626 -1 -2.936 -1 -3.218 -1 209
-3.077 -1 -2.684 -1 -3.02 -1 -3.34 -1 277
-3.18 -1 -2.764 -1 -2.862 -1 -3.254 -1 70
-3.058 -1 -2.672 -1 -2.84 -1 -3.196 -1 115
-3.018 -1 -2.664 -1 -2.728 -1 -3.136 -1 45
-2.932 -1 -2.624 -1 -2.88 -1 -3.206 -1 252
-3.043 -1 -2.716 -1 -3.02 -1 -3.274 -1 260
-3.147 -1 -2.762 -1 -2.992 -1 -3.356 -1 221
-3.174 -1 -2.79 -1 -2.828 -1 -3.278 -2 54
-3.053 -1 -2.712 -1 -2.928 -1 -3.274 -1 164
-3.101 -1 -2.772 -1 -3.052 -1 -3.286 -1 217
-3.169 -1 -2.806 -1 -3.064 -1 -3.312 -1 252
-3.188 -1 -2.864 -1 -2.922 -1 -3.346 -2 80
-3.134 -1 -2.77 -1 -2.928 -1 -3.284 -1 157
-3.106 -1 -2.79 -1 -2.79 -1 -3.18 -1 4
-2.985 -1 -2.684 -1 -2.952 -1 -3.282 -1 287
-3.117 -1 -2.788 -1 -2.968 -1 -3.28 -1 188
-3.124 -1 -2.758 -1 -2.974 -1 -3.214 -1 174
-3.094 -1 -2.732 -1 -2.79 -1 -3.18 -1 53
-2.985 -1 -2.654 -1 -2.862 -1 -3.184 -1 170
-3.023 -1 -2.634 -1 -3.018 -1 -3.322 -1 285
-3.17 -1 -2.75 -1 -3.052 -1 -3.368 -1 285
-3.21 -1 -2.808 -1 -2.926 -1 -3.244 -1 73
-3.085 -1 -2.714 -1 -2.844 -1 -3.252 -1 109
-3.048 -1 -2.72 -1 -3.086 -1 -3.326 -1 255
-3.206 -1 -2.806 -1 -2.968 -1 -3.328 -1 155
-3.148 -1 -2.728 -1 -2.768 -1 -3.27 -1 35
-3.019 -1 -2.696 -1 -2.76 -1 -3.16 -1 82
-2.96 -1 -2.668 -1 -2.75 -1 -3.04 -1 70
-2.895 -1 -2.562 -1 -2.766 -1 -3.134 -1 159
-2.95 -1 -2.598 -1 -2.874 -1 -3.178 -1 244
-3.026 -1 -2.642 -1 -2.944 -1 -3.206 -1 263
-3.075 -1 -2.676 -1 -2.818 -1 -3.268 -1 116
-3.043 -1 -2.718 -1 -2.978 -1 -3.256 -1 238
-3.117 -1 -2.76 -1 -3.082 -1 -3.338 -1 280
-3.21 -1 -2.846 -1 -3.054 -1 -3.352 -1 170
-3.203 -1 -2.792 -1 -2.84 -1 -3.276 -1 43
-3.058 -1 -2.724 -1 -2.938 -1 -3.318 -1 212
-3.128 -1 -2.74 -1 -2.91 -1 -3.194 -1 112
-3.052 -1 -2.734 -1 -2.8 -1 -3.206 -1 55
-3.003 -1 -2.676 -1 -2.83 -1 -3.162 -1 144
-2.996 -1 -2.7 -1 -2.868 -1 -3.24 -1 95
-3.054 -1 -2.694 -1 -2.928 -1 -3.226 -1 205
-3.077 -1 -2.784 -1 -2.992 -1 -3.326 -1 197
-3.159 -1 -2.782 -1 -3.088 -1 -3.342 -1 250
-3.215 -1 -2.8 -1 -2.848 -1 -3.182 -1 43
-3.015 -1 -2.674 -1 -2.88 -1 -3.242 -1 148
-3.061 -1 -2.728 -1 -3.088 -1 -3.346 -1 287
-3.217 -1 -2.872 -1 -3.068 -1 -3.302 -1 185
-3.185 -1 -2.838 -1 -3.046 -1 -3.324 -1 215
-3.185 -1 -2.802 -1 -3.05 -1 -3.328 -1 239
-3.189 -1 -2.836 -1 -2.894 -1 -3.3 -1 62
-3.097 -1 -2.768 -1 -3.052 -1 -3.304 -1 246
-3.178 -1 -2.854 -1 -2.962 -1 -3.258 -1 94
-3.11 -1 -2.786 -1 -3.072 -1 -3.324 -1 238
-3.198 -1 -2.82 -1 -3.016 -1 -3.256 -1 205
-3.136 -1 -2.758 -1 -2.778 -1 -3.17 -1 52
-2.974 -1 -2.642 -1 -2.744 -1 -3.118 -1 57
-2.931 -1 -2.614 -1 -2.91 -1 -3.242 -1 239
-3.076 -1 -2.724 -1 -2.844 -1 -3.204 -1 80
-3.024 -1 -2.658 -1 -2.706 -1 -3.276 -1 33
-2.991 -1 -2.672 -1 -3.016 -1 -3.346 -1 292
-3.181 -1 -2.84 -1 -2.982 -1 -3.354 -1 200
-3.168 -1 -2.798 -1 -2.888 -1 -3.21 -1 69
-3.049 -1 -2.738 -1 -2.938 -1 -3.24 -1 220
-3.089 -1 -2.72 -1 -2.718 -1 -3.14 -1 12
-2.929 -1 -2.622 -1 -2.858 -1 -3.198 -1 142
-3.028 -1 -2.622 -1 -2.892 -1 -3.202 -1 205
-3.047 -1 -2.668 -1 -2.994 -1 -3.344 -1 256
-3.169 -1 -2.806 -1 -3.016 -1 -3.37 -1 182
-3.193 -1 -2.878 -1 -3.082 -1 -3.332 -1 271
-3.207 -1 -2.804 -1 -3.034 -1 -3.34 -1 184
-3.187 -1 -2.85 -1 -2.876 -1 -3.224 -1 31
-3.05 -1 -2.708 -1 -2.888 -1 -3.27 -1 155
-3.079 -1 -2.71 -1 -2.98 -1 -3.236 -1 246
-3.108 -1 -2.764 -1 -2.792 -1 -3.176 -1 24
-2.984 -1 -2.68 -1 -2.716 -1 -3.126 -1 19
-2.921 -1 -2.574 -1 -2.65 -1 -3.108 -1 46
-2.879 -1 -2.56 -1 -2.646 -1 -3.044 -1 70
-2.845 -1 -2.55 -1 -2.718 -1 -3.046 -1 117
-2.882 -1 -2.55 -1 -2.714 -1 -3.126 -1 109
-2.92 -1 -2.614 -1 -2.7 -1 -3.064 -1 81
-2.882 -1 -2.558 -1 -2.758 -1 -3.15 -1 163
-2.954 -1 -2.634 -1 -2.894 -1 -3.214 -1 170
-3.054 -1 -2.684 -1 -2.858 -1 -3.184 -1 126
-3.021 -1 -2.672 -1 -2.994 -1 -3.242 -1 294
-3.118 -1 -2.766 -1 -3.082 -1 -3.438 -2 273
-3.26 -1 -2.876 -1 -3.07 -1 -3.366 -1 183
-3.218 -1 -2.872 -1 -2.97 -1 -3.262 -1 139
-3.116 -1 -2.786 -1 -2.94 -1 -3.364 -1 178
-3.152 -1 -2.808 -1 -3.072 -1 -3.278 -1 260
-3.175 -1 -2.782 -1 -2.818 -1 -3.238 -1 48
-3.028 -1 -2.738 -1 -2.904 -1 -3.216 -1 126
-3.06 -1 -2.718 -1 -2.85 -1 -3.252 -1 125
-3.051 -1 -2.704 -1 -3.06 -1 -3.348 -1 291
-3.204 -1 -2.848 -1 -3.058 -1 -3.26 -1 215
-3.159 -1 -2.828 -1 -3.084 -1 -3.418 -1 290
-3.251 -1 -2.912 -1 -3.128 -1 -3.396 -1 241
-3.262 -1 -2.962 -1 -3.174 -1 -3.368 -1 232
-3.271 -1 -2.896 -1 -3.166 -1 -3.386 -1 279
-3.276 -1 -2.92 -1 -3.208 -1 -3.446 -1 288
-3.327 -1 -2.92 -1 -3.012 -1 -3.356 -1 91
-3.184 -1 -2.794 -1 -2.88 -1 -3.25 -1 91
-3.065 -1 -2.724 -1 -2.736 -1 -3.14 -1 8
-2.938 -1 -2.608 -1 -2.906 -1 -3.234 -1 227
-3.07 -1 -2.748 -1 -2.824 -1 -3.214 -1 52
-3.019 -1 -2.67 -1 -3.018 -1 -3.364 -1 284
-3.191 -1 -2.858 -1 -3.14 -1 -3.39 -1 246
-3.265 -1 -2.918 -1 -2.918 -1 -3.25 -1 0
-3.084 -1 -2.75 -1 -3.032 -1 -3.346 -2 275
-3.189 -1 -2.812 -1 -3.048 -1 -3.348 -1 218
-3.198 -1 -2.828 -1 -2.9 -1 -3.158 -1 69
-3.029 -1 -2.716 -1 -2.974 -1 -3.276 -1 201
-3.125 -1 -2.796 -1 -2.936 -1 -3.302 -1 136
-3.119 -1 -2.75 -1 -2.75 -1 -3.144 -1 5
-2.947 -1 -2.628 -1 -2.954 -1 -3.284 -1 232
-3.119 -1 -2.758 -1 -2.938 -1 -3.244 -2 174
-3.091 -1 -2.706 -1 -2.716 -1 -3.084 -1 5
-2.9 -1 -2.586 -1 -2.656 -1 -3.148 -1 49
-2.902 -1 -2.586 -1 -2.758 -1 -3.108 -1 133
-2.933 -1 -2.602 -1 -2.93 -1 -3.272 -2 237
-3.101 -1 -2.712 -1 -2.794 -1 -3.188 -1 58
-2.991 -1 -2.66 -1 -2.794 -1 -3.136 -1 95
-2.965 -1 -2.586 -1 -2.684 -1 -3.118 -1 64
-2.901 -1 -2.568 -1 -2.876 -1 -3.296 -1 232
-3.086 -1 -2.698 -1 -2.994 -1 -3.3 -1 287
-3.147 -1 -2.744 -1 -2.92 -1 -3.322 -1 164
-3.121 -1 -2.73 -1 -3.11 -1 -3.346 -1 280
-3.228 -1 -2.848 -1 -2.938 -1 -3.206 -1 86
-3.072 -1 -2.728 -1 -2.786 -1 -3.184 -1 51
-2.985 -1 -2.65 -1 -2.94 -1 -3.254 -1 250
-3.097 -1 -2.75 -1 -2.762 -1 -3.134 -1 13
-2.948 -1 -2.616 -1 -2.862 -1 -3.252 -1 186
-3.057 -1 -2.706 -1 -3.024 -1 -3.414 -1 264
-3.219 -1 -2.854 -1 -2.898 -1 -3.196 -1 63
-3.047 -1 -2.7 -1 -2.856 -1 -3.222 -1 126
-3.039 -1 -2.652 -1 -2.968 -1 -3.298 -1 262
-3.133 -1 -2.78 -1 -3.048 -1 -3.366 -1 271
-3.207 -1 -2.8 -1 -2.986 -1 -3.302 -1 239
-3.144 -1 -2.778 -1 -2.852 -1 -3.202 -2 78
-3.027 -1 -2.718 -1 -2.958 -1 -3.212 -1 241
-3.085 -1 -2.74 -1 -2.88 -1 -3.242 -1 117
-3.061 -1 -2.706 -1 -2.908 -1 -3.182 -1 166
-3.045 -1 -2.724 -1 -2.992 -1 -3.258 -1 225
-3.125 -1 -2.746 -1 -2.908 -1 -3.226 -1 166
-3.067 -1 -2.74 -1 -2.982 -1 -3.294 -1 205
-3.138 -1 -2.764 -1 -2.834 -1 -3.178 -1 69
-3.006 -1 -2.666 -1 -3.04 -1 -3.314 -1 291
-3.177 -1 -2.772 -1 -3.032 -1 -3.386 -1 270
-3.209 -1 -2.826 -1 -3.102 -1 -3.346 -1 250
-3.224 -1 -2.87 -1 -2.938 -1 -3.248 -1 52
-3.093 -1 -2.748 -1 -2.91 -1 -3.244 -2 146
-3.077 -1 -2.746 -1 -2.904 -1 -3.206 -1 188
-3.055 -1 -2.716 -1 -2.912 -1 -3.206 -1 155
-3.059 -1 -2.72 -1 -3.012 -1 -3.308 -1 270
-3.16 -1 -2.846 -1 -2.842 -1 -3.212 -1 4
-3.027 -1 -2.734 -1 -2.94 -1 -3.292 -1 185
-3.116 -1 -2.774 -1 -3.086 -1 -3.332 -1 284
-3.209 -1 -2.844 -1 -3.098 -1 -3.332 -1 275
-3.215 -1 -2.87 -1 -2.956 -1 -3.322 -1 125
-3.139 -1 -2.77 -1 -2.904 -1 -3.228 -1 115
-3.066 -1 -2.732 -1 -2.812 -1 -3.166 -1 79
-2.989 -1 -2.68 -1 -2.726 -1 -3.116 -1 39
-2.921 -1 -2.578 -1 -2.864 -1 -3.19 -1 261
-3.027 -1 -2.674 -1 -3.04 -1 -3.364 -1 286
-3.202 -1 -2.852 -1 -2.886 -1 -3.212 -1 35
-3.049 -1 -2.724 -1 -3.054 -1 -3.298 -1 266
-3.176 -1 -2.826 -1 -2.938 -1 -3.208 -1 85
-3.073 -1 -2.754 -1 -2.93 -1 -3.18 -1 142
-3.055 -1 -2.674 -1 -2.854 -1 -3.182 -1 111
-3.018 -1 -2.672 -1 -3 -1 -3.34 -1 290
-3.17 -1 -2.8 -1 -2.824 -1 -3.176 -1 43
-3 -1 -2.652 -1 -2.822 -1 -3.142 -1 175
-2.982 -1 -2.654 -1 -2.876 -1 -3.208 -1 141
-3.042 -1 -2.672 -1 -2.986 -1 -3.29 -1 283
-3.138 -1 -2.806 -1 -2.814 -1 -3.114 -1 17
-2.964 -1 -2.624 -1 -2.882 -1 -3.288 -1 214
-3.085 -1 -2.708 -1 -2.896 -1 -3.258 -1 155
-3.077 -1 -2.662 -1 -2.768 -1 -3.148 -1 95
-2.958 -1 -2.632 -1 -2.91 -1 -3.242 -1 258
-3.076 -1 -2.746 -1 -2.992 -1 -3.274 -1 230
-3.133 -1 -2.764 -1 -2.912 -1 -3.208 -1 133
-3.06 -1 -2.678 -1 -2.744 -1 -3.176 -1 55
-2.96 -1 -2.66 -1 -2.802 -1 -3.198 -1 91
-3 -1 -2.666 -1 -2.784 -1 -3.1 -1 90
-2.942 -1 -2.622 -1 -2.908 -1 -3.29 -1 236
-3.099 -1 -2.708 -1 -3.034 -1 -3.296 -1 276
-3.165 -1 -2.776 -1 -3.032 -1 -3.31 -1 237
-3.171 -1 -2.82 -1 -2.848 -1 -3.226 -1 23
-3.037 -1 -2.708 -1 -2.722 -1 -3.142 -1 15
-2.932 -1 -2.638 -1 -2.676 -1 -3.08 -1 36
-2.878 -1 -2.596 -1 -2.95 -1 -3.32 -2 248
-3.135 -1 -2.75 -1 -2.92 -1 -3.272 -1 134
-3.096 -1 -2.744 -1 -2.868 -1 -3.246 -1 72
-3.057 -1 -2.73 -1 -3.014 -1 -3.298 -1 239
-3.156 -1 -2.804 -1 -2.918 -1 -3.272 -1 86
-3.095 -1 -2.79 -1 -3.138 -1 -3.314 -1 294
-3.226 -1 -2.862 -1 -2.958 -1 -3.29 -2 62
-3.124 -1 -2.834 -1 -2.936 -1 -3.282 -2 117
-3.109 -1 -2.746 -1 -2.75 -1 -3.11 -2 8
-2.93 -1 -2.65 -1 -2.934 -1 -3.244 -1 274
-3.089 -1 -2.738 -1 -2.888 -1 -3.254 -1 110
-3.071 -1 -2.758 -1 -2.926 -1 -3.27 -1 171
-3.098 -1 -2.78 -1 -2.824 -1 -3.156 -1 29
-2.99 -1 -2.678 -1 -2.906 -1 -3.3 -1 207
-3.103 -1 -2.776 -1 -3.04 -1 -3.274 -1 209
-3.157 -1 -2.832 -1 -3.112 -1 -3.34 -1 248
-3.226 -1 -2.834 -1 -3.106 -1 -3.368 -1 286
-3.237 -1 -2.858 -1 -3.142 -1 -3.388 -1 271
-3.265 -1 -2.904 -1 -2.922 -1 -3.228 -1 32
-3.075 -1 -2.77 -1 -3.044 -1 -3.366 -1 241
-3.205 -1 -2.866 -1 -3.088 -1 -3.342 -1 209
-3.215 -1 -2.844 -1 -2.934 -1 -3.242 -1 122
-3.088 -1 -2.708 -1 -2.96 -1 -3.286 -1 217
-3.123 -1 -2.742 -1 -3.052 -1 -3.322 -1 275
-3.187 -1 -2.818 -1 -2.826 -1 -3.144 -1 6
-2.985 -1 -2.66 -1 -2.754 -1 -3.156 -1 60
-2.955 -1 -2.606 -1 -2.714 -1 -3.122 -1 69
-2.918 -1 -2.594 -1 -2.788 -1 -3.168 -1 144
-2.978 -1 -2.634 -1 -2.812 -1 -3.162 -1 165
-2.987 -1 -2.58 -1 -2.888 -1 -3.266 -1 258
-3.077 -1 -2.704 -1 -3.068 -1 -3.382 -1 274
-3.225 -1 -2.826 -1 -2.92 -1 -3.216 -1 99
-3.068 -1 -2.694 -1 -2.972 -1 -3.268 -1 233
-3.12 -1 -2.762 -1 -2.844 -1 -3.278 -1 71
-3.061 -1 -2.738 -1 -2.744 -1 -3.134 -1 3
-2.939 -1 -2.602 -1 -2.764 -1 -3.168 -1 133
-2.966 -1 -2.666 -1 -2.856 -1 -3.138 -1 155
-2.997 -1 -2.644 -1 -3.016 -1 -3.262 -1 285
-3.139 -1 -2.774 -1 -2.994 -1 -3.334 -1 193
-3.164 -1 -2.764 -1 -3.006 -1 -3.338 -1 212
-3.172 -1 -2.828 -1 -2.924 -1 -3.31 -1 96
-3.117 -1 -2.768 -1 -2.776 -1 -3.198 -1 7
-2.987 -1 -2.672 -1 -2.968 -1 -3.256 -1 262
-3.112 -1 -2.752 -1 -2.95 -1 -3.312 -1 187
-3.131 -1 -2.786 -1 -2.904 -1 -3.178 -1 72
-3.041 -1 -2.698 -1 -2.81 -1 -3.12 -1 88
-2.965 -1 -2.648 -1 -2.686 -1 -3.056 -1 17
-2.871 -1 -2.576 -1 -2.666 -1 -3.066 -1 43
-2.866 -1 -2.546 -1 -2.82 -1 -3.174 -1 188
-2.997 -1 -2.654 -1 -2.726 -1 -3.056 -1 70
-2.891 -1 -2.544 -1 -2.824 -1 -3.216 -1 201
-3.02 -1 -2.692 -1 -3.058 -1 -3.308 -1 298
-3.183 -1 -2.768 -1 -2.94 -1 -3.308 -1 179
-3.124 -1 -2.734 -1 -2.932 -1 -3.276 -1 145
-3.104 -1 -2.752 -1 -2.834 -1 -3.242 -1 68
-3.038 -1 -2.708 -1 -2.874 -1 -3.218 -1 200
-3.046 -1 -2.718 -1 -2.884 -1 -3.25 -1 130
-3.067 -1 -2.73 -1 -3.016 -1 -3.316 -2 240
-3.166 -1 -2.774 -1 -2.822 -1 -3.168 -1 33
-2.995 -1 -2.66 -1 -2.992 -1 -3.32 -1 285
-3.156 -1 -2.77 -1 -2.8 -1 -3.23 -1 43
-3.015 -1 -2.678 -1 -3.028 -1 -3.338 -1 275
-3.183 -1 -2.82 -1 -2.936 -1 -3.306 -1 118
-3.121 -1 -2.77 -1 -2.772 -1 -3.18 -1 3
-2.976 -1 -2.646 -1 -2.766 -1 -3.16 -1 81
-2.963 -1 -2.588 -1 -2.832 -1 -3.162 -1 193
-2.997 -1 -2.66 -1 -2.698 -1 -3.07 -1 29
-2.884 -1 -2.558 -1 -2.918 -1 -3.28 -1 261
-3.099 -1 -2.758 -1 -2.808 -1 -3.244 -1 36
-3.026 -1 -2.656 -1 -2.964 -1 -3.284 -1 272
-3.124 -1 -2.774 -1 -2.914 -1 -3.236 -1 126
-3.075 -1 -2.718 -1 -2.902 -1 -3.254 -1 107
-3.078 -1 -2.726 -1 -2.986 -1 -3.19 -1 200
-3.088 -1 -2.724 -1 -2.774 -1 -3.164 -1 38
-2.969 -1 -2.66 -1 -2.96 -1 -3.296 -1 226
-3.128 -1 -2.782 -1 -2.986 -1 -3.234 -1 229
-3.11 -1 -2.772 -1 -2.896 -1 -3.22 -1 108
-3.058 -1 -2.694 -1 -2.894 -1 -3.308 -1 152
-3.101 -1 -2.788 -1 -2.882 -1 -3.188 -1 84
-3.035 -1 -2.704 -1 -3.044 -1 -3.336 -2 264
-3.19 -1 -2.81 -1 -2.948 -1 -3.286 -1 130
-3.117 -1 -2.752 -1 -3.046 -1 -3.346 -1 254
-3.196 -1 -2.826 -1 -3.036 -1 -3.3 -1 169
-3.168 -1 -2.826 -1 -2.94 -1 -3.324 -1 101
-3.132 -1 -2.794 -1 -2.936 -1 -3.284 -1 176
-3.11 -1 -2.764 -1 -2.848 -1 -3.254 -1 85
-3.051 -1 -2.704 -1 -2.938 -1 -3.208 -2 206
-3.073 -1 -2.704 -1 -3.006 -1 -3.358 -2 281
-3.182 -1 -2.826 -1 -2.882 -1 -3.204 -1 52
-3.043 -1 -2.744 -1 -3.004 -1 -3.328 -1 212
-3.166 -1 -2.794 -1 -2.988 -1 -3.264 -1 173
-3.126 -1 -2.778 -1 -2.992 -1 -3.304 -1 229
-3.148 -1 -2.792 -1 -2.92 -1 -3.282 -1 101
-3.101 -1 -2.786 -1 -3.036 -1 -3.376 -1 187
-3.206 -1 -2.824 -1 -3.086 -1 -3.41 -1 249
-3.248 -1 -2.852 -1 -3.142 -1 -3.366 -1 270
-3.254 -1 -2.914 -1 -3.024 -1 -3.278 -1 94
-3.151 -1 -2.79 -1 -3.044 -1 -3.302 -1 212
-3.173 -1 -2.792 -1 -3.082 -1 -3.374 -2 265
-3.228 -1 -2.89 -1 -3.164 -1 -3.416 -1 283
-3.29 -1 -2.962 -1 -2.988 -1 -3.338 -1 55
-3.163 -1 -2.798 -1 -3.026 -1 -3.354 -1 222
-3.19 -1 -2.85 -1 -3.082 -1 -3.352 -1 290
-3.217 -1 -2.908 -1 -2.998 -1 -3.262 -1 79
-3.13 -1 -2.766 -1 -2.854 -1 -3.248 -1 78
-3.051 -1 -2.742 -1 -2.878 -1 -3.192 -1 181
-3.035 -1 -2.742 -1 -3.012 -1 -3.312 -1 265
-3.162 -1 -2.784 -1 -3.044 -1 -3.366 -1 244
-3.205 -1 -2.854 -1 -2.922 -1 -3.272 -1 82
-3.097 -1 -2.73 -1 -2.956 -1 -3.276 -1 218
-3.116 -1 -2.774 -1 -2.948 -1 -3.304 -1 185
-3.126 -1 -2.77 -1 -2.908 -1 -3.236 -1 102
-3.072 -1 -2.718 -1 -2.856 -1 -3.266 -1 127
-3.061 -1 -2.722 -1 -2.79 -1 -3.22 -1 43
-3.005 -1 -2.688 -1 -2.936 -1 -3.264 -1 207
-3.1 -1 -2.762 -1 -3.008 -1 -3.358 -1 260
-3.183 -1 -2.792 -1 -3.006 -1 -3.3 -1 225
-3.153 -1 -2.836 -1 -3.026 -1 -3.348 -1 190
-3.187 -1 -2.82 -1 -3.086 -1 -3.424 -2 293
-3.255 -1 -2.89 -1 -3.174 -2 -3.518 -1 288
-3.346 -1 -2.998 -1 -2.994 -1 -3.344 -2 12
-3.169 -1 -2.814 -1 -2.848 -1 -3.186 -1 22
-3.017 -1 -2.692 -1 -2.952 -1 -3.288 -2 231
-3.12 -1 -2.774 -1 -3.006 -1 -3.274 -1 170
-3.14 -1 -2.796 -1 -3.022 -1 -3.196 -1 248
-3.109 -1 -2.762 -1 -2.924 -1 -3.208 -1 103
-3.066 -1 -2.704 -1 -2.88 -1 -3.252 -1 165
-3.066 -1 -2.74 -1 -2.99 -1 -3.212 -1 245
-3.101 -1 -2.74 -1 -3.034 -1 -3.248 -1 263
-3.141 -1 -2.804 -1 -2.9 -1 -3.222 -2 93
-3.061 -1 -2.734 -1 -3.01 -1 -3.304 -1 209
-3.157 -1 -2.794 -1 -2.9 -1 -3.276 -1 91
-3.088 -1 -2.718 -1 -2.808 -1 -3.162 -1 80
-2.985 -1 -2.626 -1 -2.914 -1 -3.234 -1 266
-3.074 -1 -2.722 -1 -2.95 -1 -3.292 -1 207
-3.121 -1 -2.74 -1 -2.944 -1 -3.202 -1 153
-3.073 -1 -2.712 -1 -2.77 -1 -3.146 -1 59
-2.958 -1 -2.64 -1 -2.96 -1 -3.268 -1 233
-3.114 -1 -2.748 -1 -2.874 -1 -3.264 -1 109
-3.069 -1 -2.73 -1 -3.052 -1 -3.344 -1 276
-3.198 -1 -2.806 -1 -3.034 -1 -3.272 -1 239
-3.153 -1 -2.768 -1 -3.042 -1 -3.302 -1 269
-3.172 -1 -2.82 -1 -2.914 -1 -3.254 -1 76
-3.084 -1 -2.71 -1 -3.058 -1 -3.386 -1 250
-3.222 -1 -2.84 -1 -2.986 -1 -3.306 -1 134
-3.146 -1 -2.818 -1 -2.842 -1 -3.224 -1 28
-3.033 -1 -2.696 -1 -2.76 -1 -3.154 -1 54
-2.957 -1 -2.656 -1 -2.94 -1 -3.26 -1 262
-3.1 -1 -2.756 -1 -2.946 -1 -3.264 -1 194
-3.105 -1 -2.746 -1 -3.064 -1 -3.41 -2 274
-3.237 -1 -2.87 -1 -2.93 -1 -3.296 -1 53
-3.113 -1 -2.758 -1 -3.086 -1 -3.372 -1 282
-3.229 -1 -2.834 -1 -3.082 -1 -3.38 -1 209
-3.231 -1 -2.854 -1 -3.002 -1 -3.276 -1 132
-3.139 -1 -2.788 -1 -3.014 -1 -3.292 -1 213
-3.153 -1 -2.758 -1 -2.84 -1 -3.188 -1 69
-3.014 -1 -2.694 -1 -2.926 -1 -3.276 -1 240
-3.101 -1 -2.75 -1 -2.86 -1 -3.172 -1 74
-3.016 -1 -2.688 -1 -3.018 -1 -3.33 -1 265
-3.174 -1 -2.756 -1 -3.076 -1 -3.378 -2 275
-3.227 -1 -2.864 -1 -3.076 -1 -3.34 -1 193
-3.208 -1 -2.868 -1 -3.13 -1 -3.336 -1 265
-3.233 -1 -2.886 -1 -2.948 -1 -3.276 -1 71
-3.112 -1 -2.754 -1 -2.782 -1 -3.246 -1 20
-3.014 -1 -2.666 -1 -2.888 -1 -3.226 -1 179
-3.057 -1 -2.726 -1 -3.002 -1 -3.35 -1 235
-3.176 -1 -2.81 -1 -2.85 -1 -3.192 -1 38
-3.021 -1 -2.726 -1 -2.984 -1 -3.294 -1 254
-3.139 -1 -2.81 -1 -2.832 -1 -3.27 -1 26
-3.051 -1 -2.786 -1 -2.922 -1 -3.272 -1 101
-3.097 -1 -2.744 -1 -2.876 -1 -3.184 -1 119
-3.03 -1 -2.678 -1 -2.816 -1 -3.234 -1 111
-3.025 -1 -2.652 -1 -2.784 -1 -3.194 -1 105
-2.989 -1 -2.636 -1 -2.756 -1 -3.17 -1 70
-2.963 -1 -2.644 -1 -2.984 -1 -3.302 -1 294
-3.143 -1 -2.786 -1 -3.064 -1 -3.37 -2 242
-3.217 -1 -2.794 -1 -2.946 -1 -3.274 -2 129
-3.11 -1 -2.768 -1 -3.012 -1 -3.39 -1 251
-3.201 -1 -2.88 -1 -2.888 -1 -3.248 -1 4
-3.068 -1 -2.728 -1 -2.92 -1 -3.252 -1 180
-3.086 -1 -2.764 -1 -2.924 -1 -3.214 -1 124
-3.069 -1 -2.744 -1 -2.876 -1 -3.23 -2 91
-3.053 -1 -2.762 -1 -2.792 -1 -3.144 -1 23
-2.968 -1 -2.636 -1 -2.924 -1 -3.244 -1 249
-3.084 -1 -2.756 -1 -2.764 -1 -3.186 -1 7
-2.975 -1 -2.682 -1 -3.014 -1 -3.336 -2 260
-3.175 -1 -2.774 -1 -3.044 -1 -3.326 -1 250
-3.185 -1 -2.806 -1 -3.024 -1 -3.252 -1 175
-3.138 -1 -2.766 -1 -3.014 -1 -3.328 -1 224
-3.171 -1 -2.804 -1 -3.1 -1 -3.394 -1 252
-3.247 -1 -2.882 -1 -2.988 -1 -3.28 -2 120
-3.134 -1 -2.756 -1 -2.818 -1 -3.168 -1 65
-2.993 -1 -2.676 -1 -2.838 -1 -3.246 -1 145
-3.042 -1 -2.728 -1 -3.07 -1 -3.356 -1 271
-3.213 -1 -2.85 -1 -2.972 -1 -3.282 -2 141
-3.127 -1 -2.824 -1 -3.102 -1 -3.44 -1 297
-3.271 -1 -2.868 -1 -3.104 -1 -3.388 -1 265
-3.246 -1 -2.916 -1 -3.036 -1 -3.264 -1 110
-3.15 -1 -2.778 -1 -2.786 -1 -3.196 -1 17
-2.991 -1 -2.69 -1 -2.724 -1 -3.124 -1 28
-2.924 -1 -2.628 -1 -2.708 -1 -3.1 -1 63
-2.904 -1 -2.548 -1 -2.604 -1 -3.044 -1 38
-2.824 -1 -2.568 -1 -2.69 -1 -3.108 -1 75
-2.899 -1 -2.604 -1 -2.826 -1 -3.16 -1 152
-2.993 -1 -2.664 -1 -2.98 -1 -3.196 -1 270
-3.088 -1 -2.776 -1 -3.036 -1 -3.33 -1 276
-3.183 -1 -2.84 -1 -3.078 -1 -3.334 -1 200
-3.206 -1 -2.854 -1 -3.09 -1 -3.308 -1 281
-3.199 -1 -2.794 -1 -3.024 -1 -3.346 -1 254
-3.185 -1 -2.832 -1 -3.036 -1 -3.29 -1 183
-3.163 -1 -2.844 -1 -2.87 -1 -3.152 -1 24
-3.011 -1 -2.708 -1 -2.908 -1 -3.224 -1 180
-3.066 -1 -2.718 -1 -2.94 -1 -3.268 -1 248
-3.104 -1 -2.778 -1 -2.822 -1 -3.204 -1 34
-3.013 -1 -2.664 -1 -2.744 -1 -3.15 -1 58
-2.947 -1 -2.646 -1 -2.942 -1 -3.252 -1 259
-3.097 -1 -2.766 -1 -2.824 -1 -3.276 -1 57
-3.05 -1 -2.688 -1 -2.88 -1 -3.176 -1 138
-3.028 -1 -2.678 -1 -2.982 -1 -3.3 -1 278
-3.141 -1 -2.758 -1 -2.95 -1 -3.23 -1 167
-3.09 -1 -2.74 -1 -2.93 -1 -3.216 -1 167
-3.073 -1 -2.676 -1 -2.79 -1 -3.172 -1 106
-2.981 -1 -2.678 -1 -2.872 -1 -3.206 -1 176
-3.039 -1 -2.678 -1 -3 -1 -3.286 -1 266
-3.143 -1 -2.828 -1 -2.98 -1 -3.326 -1 163
-3.153 -1 -2.7 -1 -2.85 -1 -3.25 -1 109
-3.05 -1 -2.69 -1 -2.976 -1 -3.25 -1 266
-3.113 -1 -2.768 -1 -2.798 -1 -3.21 -1 27
-3.004 -1 -2.626 -1 -2.902 -1 -3.27 -1 268
-3.086 -1 -2.766 -1 -2.994 -1 -3.336 -1 160
-3.165 -1 -2.838 -1 -3.002 -1 -3.358 -1 187
-3.18 -1 -2.826 -1 -2.998 -1 -3.29 -1 289
-3.144 -1 -2.78 -1 -2.974 -1 -3.254 -1 203
-3.114 -1 -2.812 -1 -2.976 -1 -3.262 -1 170
-3.119 -1 -2.786 -1 -2.822 -1 -3.188 -1 56
-3.005 -1 -2.688 -1 -2.804 -1 -3.17 -1 96
-2.987 -1 -2.65 -1 -2.802 -1 -3.17 -1 131
-2.986 -1 -2.654 -1 -2.716 -1 -3.138 -1 45
-2.927 -1 -2.628 -1 -2.732 -1 -3.16 -1 99
-2.946 -1 -2.628 -1 -2.628 -1 -3.058 -1 0
-2.843 -1 -2.576 -1 -2.72 -1 -3.102 -1 90
-2.911 -1 -2.556 -1 -2.932 -1 -3.256 -1 245
-3.094 -1 -2.74 -1 -2.74 -1 -3.152 -1 0
-2.946 -1 -2.598 -1 -2.88 -1 -3.188 -1 206
-3.034 -1 -2.642 -1 -2.742 -1 -3.13 -1 82
-2.936 -1 -2.644 -1 -2.788 -1 -3.114 -1 106
-2.951 -1 -2.644 -1 -2.696 -1 -3.124 -1 28
-2.91 -1 -2.584 -1 -2.896 -1 -3.234 -1 236
-3.065 -1 -2.676 -1 -2.8 -1 -3.186 -1 117
-2.993 -1 -2.67 -1 -2.802 -1 -3.146 -1 110
-2.974 -1 -2.646 -1 -2.89 -1 -3.188 -1 209
-3.039 -1 -2.664 -1 -2.794 -1 -3.172 -1 96
-2.983 -1 -2.652 -1 -2.902 -1 -3.188 -1 186
-3.045 -1 -2.684 -1 -2.762 -1 -3.16 -1 70
-2.961 -1 -2.67 -1 -2.952 -1 -3.282 -1 223
-3.117 -1 -2.754 -1 -2.952 -1 -3.226 -1 212
-3.089 -1 -2.772 -1 -2.866 -1 -3.192 -1 86
-3.029 -1 -2.69 -1 -2.694 -1 -3.086 -1 4
-2.89 -1 -2.566 -1 -2.778 -1 -3.182 -1 186
-2.98 -1 -2.648 -1 -2.844 -1 -3.174 -1 148
-3.009 -1 -2.66 -1 -2.818 -1 -3.112 -1 168
-2.965 -1 -2.644 -1 -2.968 -1 -3.252 -1 251
-3.11 -1 -2.77 -1 -2.88 -1 -3.246 -1 75
-3.063 -1 -2.712 -1 -3.016 -1 -3.33 -1 247
-3.173 -1 -2.804 -1 -2.84 -1 -3.182 -1 16
-3.011 -1 -2.652 -1 -2.728 -1 -3.15 -1 65
-2.939 -1 -2.596 -1 -2.864 -1 -3.284 -1 197
-3.074 -1 -2.76 -1 -2.846 -1 -3.166 -1 91
-3.006 -1 -2.68 -1 -2.972 -1 -3.278 -1 250
-3.125 -1 -2.722 -1 -2.836 -1 -3.22 -1 90
-3.028 -1 -2.68 -1 -3.024 -1 -3.19 -1 219
-3.107 -1 -2.742 -1 -2.866 -1 -3.124 -1 86
-2.995 -1 -2.674 -1 -2.782 -1 -3.162 -1 92
-2.972 -1 -2.62 -1 -2.79 -1 -3.13 -1 143
-2.96 -1 -2.61 -1 -2.708 -1 -3.146 -1 94
-2.927 -1 -2.618 -1 -2.724 -1 -3.118 -1 78
-2.921 -1 -2.604 -1 -2.954 -1 -3.218 -1 255
-3.086 -1 -2.71 -1 -3.018 -1 -3.23 -1 295
-3.124 -1 -2.782 -1 -2.936 -1 -3.252 -1 126
-3.094 -1 -2.734 -1 -2.85 -1 -3.238 -1 136
-3.044 -1 -2.676 -1 -2.712 -1 -3.21 -1 49
-2.961 -1 -2.66 -1 -2.792 -1 -3.15 -1 87
-2.971 -1 -2.622 -1 -2.824 -1 -3.246 -1 195
-3.035 -1 -2.674 -1 -2.866 -1 -3.178 -1 154
-3.022 -1 -2.646 -1 -2.988 -1 -3.246 -1 292
-3.117 -1 -2.728 -1 -2.856 -1 -3.142 -1 109
-2.999 -1 -2.652 -1 -2.728 -1 -3.134 -1 60
-2.931 -1 -2.608 -1 -2.912 -1 -3.238 -1 262
-3.075 -1 -2.728 -1 -2.724 -1 -3.13 -1 7
-2.927 -1 -2.622 -1 -2.72 -1 -3.096 -1 112
-2.908 -1 -2.632 -1 -2.876 -1 -3.224 -1 194
-3.05 -1 -2.73 -1 -2.966 -1 -3.272 -1 224
-3.119 -1 -2.754 -1 -2.906 -1 -3.28 -1 136
-3.093 -1 -2.75 -1 -2.9 -1 -3.248 -1 144
-3.074 -1 -2.756 -1 -2.978 -1 -3.302 -1 207
-3.14 -1 -2.764 -1 -3.006 -1 -3.372 -1 209
-3.189 -1 -2.82 -1 -3.09 -1 -3.336 -1 258
-3.213 -1 -2.858 -1 -2.994 -1 -3.276 -1 120
-3.135 -1 -2.796 -1 -3.07 -1 -3.346 -1 221
-3.208 -1 -2.852 -1 -2.956 -1 -3.308 -1 106
-3.132 -1 -2.794 -1 -2.894 -1 -3.236 -1 105
-3.065 -1 -2.734 -1 -2.734 -1 -3.148 -1 1
-2.941 -1 -2.644 -1 -2.826 -1 -3.2 -1 162
-3.013 -1 -2.69 -1 -2.718 -1 -3.06 -1 9
-2.889 -1 -2.566 -1 -2.606 -1 -3.034 -1 30
-2.82 -1 -2.546 -1 -2.562 -1 -2.994 -1 9
-2.778 -1 -2.53 -1 -2.558 -1 -2.956 -1 26
-2.757 -1 -2.466 -1 -2.738 -1 -3.098 -1 176
-2.918 -1 -2.592 -1 -2.942 -1 -3.26 -1 297
-3.101 -1 -2.662 -1 -2.71 -1 -3.086 -1 61
-2.898 -1 -2.542 -1 -2.814 -1 -3.236 -1 245
-3.025 -1 -2.654 -1 -2.696 -1 -3.09 -1 22
-2.893 -1 -2.576 -1 -2.71 -1 -3.136 -1 80
-2.923 -1 -2.608 -1 -2.832 -1 -3.15 -1 169
-2.991 -1 -2.67 -1 -2.922 -1 -3.304 -1 196
-3.113 -1 -2.742 -1 -2.804 -1 -3.164 -2 51
-2.984 -1 -2.708 -1 -2.804 -1 -3.088 -1 84
-2.946 -1 -2.644 -1 -2.754 -1 -3.094 -1 85
-2.924 -1 -2.584 -1 -2.654 -1 -3.082 -1 54
-2.868 -1 -2.568 -1 -2.676 -1 -3.056 -1 68
-2.866 -1 -2.552 -1 -2.652 -1 -3.08 -1 95
-2.866 -1 -2.546 -1 -2.768 -1 -3.212 -2 177
-2.99 -1 -2.668 -1 -2.998 -1 -3.316 -1 288
-3.157 -1 -2.832 -1 -2.992 -1 -3.216 -1 166
-3.104 -1 -2.774 -1 -3.116 -1 -3.378 -1 294
-3.247 -1 -2.854 -1 -3.004 -1 -3.28 -2 107
-3.142 -1 -2.764 -1 -3.012 -1 -3.294 -1 235
-3.153 -1 -2.8 -1 -2.876 -1 -3.18 -1 95
-3.028 -1 -2.7 -1 -2.862 -1 -3.214 -1 111
-3.038 -1 -2.638 -1 -2.818 -1 -3.128 -2 173
-2.973 -1 -2.63 -1 -2.788 -1 -3.116 -1 116
-2.952 -1 -2.606 -1 -2.666 -1 -3.134 -1 48
-2.9 -1 -2.59 -1 -2.638 -1 -3.076 -1 31
-2.857 -1 -2.576 -1 -2.94 -1 -3.25 -1 251
-3.095 -1 -2.67 -1 -2.88 -1 -3.186 -1 151
-3.033 -1 -2.67 -1 -2.956 -1 -3.272 -1 202
-3.114 -1 -2.756 -1 -2.954 -1 -3.248 -1 197
-3.101 -1 -2.74 -1 -2.924 -1 -3.224 -1 155
-3.074 -1 -2.694 -1 -3.04 -1 -3.344 -1 269
-3.192 -1 -2.828 -1 -2.968 -1 -3.29 -1 156
-3.129 -1 -2.806 -1 -2.94 -1 -3.28 -1 141
-3.11 -1 -2.826 -1 -3.046 -1 -3.282 -1 180
-3.164 -1 -2.832 -1 -2.906 -1 -3.16 -1 113
-3.033 -1 -2.66 -1 -3.006 -1 -3.27 -1 278
-3.138 -1 -2.802 -1 -2.904 -1 -3.242 -2 82
-3.073 -1 -2.708 -1 -2.8 -1 -3.076 -1 79
-2.938 -1 -2.626 -1 -2.668 -1 -3.168 -1 33
-2.918 -1 -2.604 -1 -2.838 -1 -3.268 -1 185
-3.053 -1 -2.722 -1 -2.764 -1 -3.144 -1 43
-2.954 -1 -2.64 -1 -2.92 -1 -3.262 -1 262
-3.091 -1 -2.71 -1 -2.732 -1 -3.164 -2 18
-2.948 -1 -2.632 -1 -2.818 -1 -3.23 -1 164
-3.024 -1 -2.706 -1 -2.756 -1 -3.148 -1 29
-2.952 -1 -2.63 -1 -2.946 -1 -3.252 -1 276
-3.099 -1 -2.782 -1 -2.942 -1 -3.282 -1 148
-3.112 -1 -2.734 -1 -2.894 -1 -3.26 -1 147
-3.077 -1 -2.734 -1 -2.884 -1 -3.254 -1 148
-3.069 -1 -2.726 -1 -2.892 -1 -3.204 -1 118
-3.048 -1 -2.714 -1 -2.98 -1 -3.268 -1 249
-3.124 -1 -2.822 -1 -2.934 -1 -3.216 -1 106
-3.075 -1 -2.744 -1 -2.988 -1 -3.304 -1 265
-3.146 -1 -2.744 -1 -2.924 -1 -3.294 -1 152
-3.109 -1 -2.794 -1 -2.862 -1 -3.2 -1 75
-3.031 -1 -2.726 -1 -2.956 -1 -3.26 -1 169
-3.108 -1 -2.742 -1 -2.9 -1 -3.224 -1 130
-3.062 -1 -2.752 -1 -2.986 -1 -3.308 -1 225
-3.147 -1 -2.822 -1 -2.862 -1 -3.198 -1 33
-3.03 -1 -2.668 -1 -2.992 -1 -3.31 -1 294
-3.151 -1 -2.794 -1 -2.842 -1 -3.182 -1 66
-3.012 -1 -2.66 -1 -2.692 -1 -3.144 -1 28
-2.918 -1 -2.574 -1 -2.864 -1 -3.27 -1 238
-3.067 -1 -2.638 -1 -2.766 -1 -3.142 -1 88
-2.954 -1 -2.606 -1 -2.63 -1 -3.072 -1 29
-2.851 -1 -2.554 -1 -2.93 -1 -3.198 -1 299
-3.064 -1 -2.668 -1 -2.676 -1 -3.114 -1 13
-2.895 -1 -2.608 -1 -2.944 -1 -3.178 -1 249
-3.061 -1 -2.69 -1 -2.996 -1 -3.27 -1 291
-3.133 -1 -2.804 -1 -2.956 -1 -3.28 -1 173
-3.118 -1 -2.756 -1 -2.872 -1 -3.262 -1 83
-3.067 -1 -2.7 -1 -2.904 -1 -3.226 -1 180
-3.065 -1 -2.698 -1 -2.95 -1 -3.218 -1 292
-3.084 -1 -2.75 -1 -3.002 -1 -3.264 -1 182
-3.133 -1 -2.782 -1 -2.84 -1 -3.176 -1 56
-3.008 -1 -2.674 -1 -2.932 -1 -3.272 -1 160
-3.102 -1 -2.704 -1 -2.744 -1 -3.184 -1 24
-2.964 -1 -2.682 -1 -2.852 -1 -3.262 -1 122
-3.057 -1 -2.736 -1 -2.796 -1 -3.158 -1 47
-2.977 -1 -2.606 -1 -2.638 -1 -3.082 -1 36
-2.86 -1 -2.58 -1 -2.64 -1 -3.07 -1 31
-2.855 -1 -2.51 -1 -2.554 -1 -2.996 -1 28
-2.775 -1 -2.47 -1 -2.836 -1 -3.156 -1 237
-2.996 -1 -2.648 -1 -2.76 -1 -3.104 -1 82
-2.932 -1 -2.582 -1 -2.82 -1 -3.188 -1 153
-3.004 -1 -2.658 -1 -3 -1 -3.326 -1 298
-3.163 -1 -2.764 -1 -2.832 -1 -3.152 -1 53
-2.992 -1 -2.686 -1 -3.014 -1 -3.302 -1 256
-3.158 -1 -2.802 -1 -2.846 -1 -3.212 -1 30
-3.029 -1 -2.68 -1 -2.918 -1 -3.27 -1 241
-3.094 -1 -2.774 -1 -2.898 -1 -3.232 -1 114
-3.065 -1 -2.72 -1 -2.752 -1 -3.198 -1 46
-2.975 -1 -2.652 -1 -2.812 -1 -3.114 -1 141
-2.963 -1 -2.688 -1 -2.856 -1 -3.186 -1 121
-3.021 -1 -2.716 -1 -2.936 -1 -3.226 -1 192
-3.081 -1 -2.768 -1 -2.96 -1 -3.274 -1 155
-3.117 -1 -2.77 -1 -2.784 -1 -3.152 -1 17
-2.968 -1 -2.664 -1 -2.828 -1 -3.2 -1 113
-3.014 -1 -2.678 -1 -2.842 -1 -3.158 -1 125
-3 -1 -2.664 -1 -2.992 -1 -3.254 -1 266
-3.123 -1 -2.762 -1 -2.976 -1 -3.278 -1 206
-3.127 -1 -2.748 -1 -2.832 -1 -3.172 -1 49
-3.002 -1 -2.688 -1 -2.964 -1 -3.288 -1 219
-3.126 -1 -2.732 -1 -2.742 -1 -3.188 -1 14
-2.965 -1 -2.652 -1 -2.884 -1 -3.282 -1 172
-3.083 -1 -2.71 -1 -2.71 -1 -3.156 -1 0
-2.933 -1 -2.652 -1 -2.886 -1 -3.226 -2 186
-3.056 -1 -2.726 -1 -2.844 -1 -3.142 -1 98
-2.993 -1 -2.684 -1 -2.706 -1 -3.134 -1 19
-2.92 -1 -2.634 -1 -2.85 -1 -3.184 -1 170
-3.017 -1 -2.654 -1 -2.958 -1 -3.276 -1 295
-3.117 -1 -2.77 -1 -2.876 -1 -3.256 -1 88
-3.066 -1 -2.692 -1 -2.876 -1 -3.188 -2 158
-3.032 -1 -2.72 -1 -2.896 -1 -3.158 -1 160
-3.027 -1 -2.69 -1 -2.796 -1 -3.172 -1 84
-2.984 -1 -2.642 -1 -2.942 -1 -3.258 -1 230
-3.1 -1 -2.728 -1 -2.87 -1 -3.156 -1 111
-3.013 -1 -2.67 -1 -2.896 -1 -3.264 -1 232
-3.08 -1 -2.762 -1 -3.006 -1 -3.254 -1 224
-3.13 -1 -2.756 -1 -2.918 -1 -3.238 -2 148
-3.078 -1 -2.728 -1 -2.9 -1 -3.248 -1 135
-3.074 -1 -2.742 -1 -2.986 -1 -3.222 -1 227
-3.104 -1 -2.716 -1 -2.924 -1 -3.274 -1 137
-3.099 -1 -2.772 -1 -2.968 -1 -3.26 -1 177
-3.114 -1 -2.772 -1 -2.832 -1 -3.138 -1 52
-2.985 -1 -2.672 -1 -2.828 -1 -3.182 -1 133
-3.005 -1 -2.678 -1 -2.844 -1 -3.274 -1 152
-3.059 -1 -2.714 -1 -3.06 -1 -3.36 -1 291
-3.21 -1 -2.8 -1 -3.066 -1 -3.29 -1 253
-3.178 -1 -2.844 -1 -2.998 -1 -3.284 -1 141
-3.141 -1 -2.81 -1 -3.05 -1 -3.386 -1 218
-3.218 -1 -2.848 -1 -3.01 -1 -3.26 -1 156
-3.135 -1 -2.786 -1 -2.866 -1 -3.23 -1 82
-3.048 -1 -2.72 -1 -2.764 -1 -3.158 -1 50
-2.961 -1 -2.61 -1 -2.91 -1 -3.248 -1 259
-3.079 -1 -2.748 -1 -2.894 -1 -3.24 -1 141
-3.067 -1 -2.728 -1 -3.022 -1 -3.276 -1 257
-3.149 -1 -2.768 -1 -2.912 -1 -3.228 -1 119
-3.07 -1 -2.718 -1 -2.832 -1 -3.232 -1 100
-3.032 -1 -2.704 -1 -2.93 -1 -3.318 -1 242
-3.124 -1 -2.8 -1 -2.89 -1 -3.146 -1 102
-3.018 -1 -2.696 -1 -3.004 -1 -3.354 -1 290
-3.179 -1 -2.802 -1 -3.074 -1 -3.344 -1 269
-3.209 -1 -2.86 -1 -2.856 -1 -3.25 -1 2
-3.053 -1 -2.706 -1 -2.826 -1 -3.162 -1 85
-2.994 -1 -2.662 -1 -2.738 -1 -3.1 -1 66
-2.919 -1 -2.61 -1 -2.75 -1 -3.114 -1 106
-2.932 -1 -2.592 -1 -2.744 -1 -3.124 -1 133
-2.934 -1 -2.582 -1 -2.904 -1 -3.218 -1 263
-3.061 -1 -2.728 -1 -2.808 -1 -3.168 -1 67
-2.988 -1 -2.716 -1 -2.904 -1 -3.292 -1 128
-3.098 -1 -2.778 -1 -2.994 -1 -3.312 -1 224
-3.153 -1 -2.824 -1 -3.06 -1 -3.364 -1 192
-3.212 -1 -2.81 -1 -2.854 -1 -3.204 -1 26
-3.029 -1 -2.686 -1 -2.846 -1 -3.188 -1 94
-3.017 -1 -2.706 -1 -3.008 -1 -3.32 -1 285
-3.164 -1 -2.782 -1 -2.948 -1 -3.292 -1 139
-3.12 -1 -2.776 -1 -2.834 -1 -3.166 -1 58
-3 -1 -2.67 -1 -3.016 -1 -3.24 -1 258
-3.128 -1 -2.778 -1 -2.822 -1 -3.206 -1 46
-3.014 -1 -2.686 -1 -2.988 -1 -3.272 -1 296
-3.13 -1 -2.75 -1 -2.786 -1 -3.148 -2 39
-2.967 -1 -2.668 -1 -2.808 -1 -3.192 -1 106
-3 -1 -2.648 -1 -2.688 -1 -3.05 -1 39
-2.869 -1 -2.556 -1 -2.716 -1 -3.094 -1 82
-2.905 -1 -2.586 -1 -2.86 -1 -3.212 -1 254
-3.036 -1 -2.672 -1 -2.816 -1 -3.196 -1 129
-3.006 -1 -2.682 -1 -2.954 -1 -3.324 -2 281
-3.139 -1 -2.754 -1 -3.062 -1 -3.344 -1 272
-3.203 -1 -2.848 -1 -3.112 -1 -3.328 -1 283
-3.22 -1 -2.908 -1 -3.014 -1 -3.328 -1 113
-3.171 -1 -2.854 -1 -2.94 -1 -3.25 -1 69
-3.095 -1 -2.774 -1 -2.948 -1 -3.318 -1 171
-3.133 -1 -2.762 -1 -2.894 -1 -3.26 -1 141
-3.077 -1 -2.704 -1 -2.816 -1 -3.178 -1 81
-2.997 -1 -2.618 -1 -2.822 -1 -3.162 -1 189
-2.992 -1 -2.628 -1 -2.842 -1 -3.242 -1 191
-3.042 -1 -2.692 -1 -2.786 -1 -3.12 -1 66
-2.953 -1 -2.638 -1 -2.964 -1 -3.252 -1 266
-3.108 -1 -2.78 -1 -2.876 -1 -3.212 -1 72
-3.044 -1 -2.686 -1 -2.688 -1 -3.092 -1 7
-2.89 -1 -2.58 -1 -2.754 -1 -3.106 -1 115
-2.93 -1 -2.546 -1 -2.78 -1 -3.196 -1 159
-2.988 -1 -2.616 -1 -2.91 -1 -3.176 -1 235
-3.043 -1 -2.67 -1 -2.976 -1 -3.26 -1 295
-3.118 -1 -2.75 -1 -2.792 -1 -3.198 -1 41
-2.995 -1 -2.646 -1 -2.796 -1 -3.174 -1 163
-2.985 -1 -2.628 -1 -2.822 -1 -3.216 -1 182
-3.019 -1 -2.66 -1 -2.672 -1 -3.118 -1 20
-2.895 -1 -2.572 -1 -2.584 -1 -3.044 -1 6
-2.814 -1 -2.554 -1 -2.652 -1 -3.096 -1 82
-2.874 -1 -2.57 -1 -2.666 -1 -3.12 -1 54
-2.893 -1 -2.602 -1 -2.75 -1 -3.192 -1 125
-2.971 -1 -2.636 -1 -2.98 -1 -3.268 -1 297
-3.124 -1 -2.736 -1 -3.016 -1 -3.344 -1 261
-3.18 -1 -2.812 -1 -3.09 -1 -3.302 -1 250
-3.196 -1 -2.804 -1 -2.928 -1 -3.266 -1 108
-3.097 -1 -2.746 -1 -2.858 -1 -3.18 -1 100
-3.019 -1 -2.64 -1 -2.688 -1 -3.072 -1 48
-2.88 -1 -2.58 -1 -2.688 -1 -3.094 -1 87
-2.891 -1 -2.596 -1 -2.842 -1 -3.18 -1 170
-3.011 -1 -2.654 -1 -2.866 -1 -3.238 -1 137
-3.052 -1 -2.69 -1 -2.732 -1 -3.156 -1 34
-2.944 -1 -2.59 -1 -2.938 -1 -3.264 -2 229
-3.101 -1 -2.73 -1 -2.74 -1 -3.112 -2 13
-2.926 -1 -2.612 -1 -2.844 -1 -3.202 -1 171
-3.023 -1 -2.686 -1 -2.89 -1 -3.204 -1 136
-3.047 -1 -2.688 -1 -2.902 -1 -3.224 -1 168
-3.063 -1 -2.726 -1 -2.738 -1 -3.154 -1 10
-2.946 -1 -2.654 -1 -2.678 -1 -3.068 -1 11
-2.873 -1 -2.546 -1 -2.584 -1 -2.994 -1 46
-2.789 -1 -2.498 -1 -2.554 -1 -3.018 -1 35
-2.786 -1 -2.494 -1 -2.614 -1 -3.032 -1 90
-2.823 -1 -2.52 -1 -2.692 -1 -3.04 -1 123
-2.866 -1 -2.51 -1 -2.62 -1 -3.048 -1 103
-2.834 -1 -2.498 -1 -2.646 -1 -3.018 -1 108
-2.832 -1 -2.486 -1 -2.704 -1 -3.094 -1 157
-2.899 -1 -2.552 -1 -2.854 -1 -3.19 -1 209
-3.022 -1 -2.674 -1 -2.948 -1 -3.23 -1 223
-3.089 -1 -2.708 -1 -3.066 -1 -3.296 -1 262
-3.181 -1 -2.792 -1 -3.038 -1 -3.29 -2 261
-3.164 -1 -2.788 -1 -2.892 -1 -3.238 -1 112
-3.065 -1 -2.698 -1 -2.704 -1 -3.116 -1 4
-2.91 -1 -2.596 -1 -2.772 -1 -3.162 -1 118
-2.967 -1 -2.652 -1 -2.85 -1 -3.182 -1 171
-3.016 -1 -2.664 -1 -2.686 -1 -3.104 -1 8
-2.895 -1 -2.58 -1 -2.596 -1 -3.054 -1 11
-2.825 -1 -2.584 -1 -2.74 -1 -3.066 -1 104
-2.903 -1 -2.548 -1 -2.79 -1 -3.168 -1 177
-2.979 -1 -2.602 -1 -2.676 -1 -3.126 -1 53
-2.901 -1 -2.574 -1 -2.9 -1 -3.17 -1 260
-3.035 -1 -2.63 -1 -2.786 -1 -3.186 -1 151
-2.986 -1 -2.628 -1 -2.922 -1 -3.232 -1 229
-3.077 -1 -2.662 -1 -2.754 -1 -3.13 -1 64
-2.942 -1 -2.568 -1 -2.89 -1 -3.226 -1 238
-3.058 -1 -2.66 -1 -2.784 -1 -3.202 -1 99
-2.993 -1 -2.638 -1 -2.972 -1 -3.328 -1 263
-3.15 -1 -2.778 -1 -2.82 -1 -3.166 -1 30
-2.993 -1 -2.64 -1 -2.936 -1 -3.238 -1 236
-3.087 -1 -2.696 -1 -2.954 -1 -3.228 -1 232
-3.091 -1 -2.702 -1 -2.87 -1 -3.164 -1 138
-3.017 -1 -2.692 -1 -2.89 -1 -3.224 -1 174
-3.057 -1 -2.666 -1 -2.912 -1 -3.282 -1 213
-3.097 -1 -2.7 -1 -2.83 -1 -3.152 -2 137
-2.991 -1 -2.684 -1 -3.042 -1 -3.322 -1 296
-3.182 -1 -2.712 -1 -2.908 -1 -3.302 -1 151
-3.105 -1 -2.764 -1 -2.83 -1 -3.196 -1 57
-3.013 -1 -2.726 -1 -3.036 -1 -3.3 -1 267
-3.168 -1 -2.78 -1 -3.112 -1 -3.352 -2 292
-3.232 -1 -2.88 -1 -3.092 -1 -3.306 -1 195
-3.199 -1 -2.824 -1 -2.986 -1 -3.316 -1 210
-3.151 -1 -2.812 -1 -2.958 -1 -3.268 -1 143
-3.113 -1 -2.76 -1 -2.834 -1 -3.208 -1 72
-3.021 -1 -2.7 -1 -2.918 -1 -3.264 -1 158
-3.091 -1 -2.75 -1 -2.822 -1 -3.226 -1 51
-3.024 -1 -2.716 -1 -2.786 -1 -3.106 -1 41
-2.946 -1 -2.636 -1 -2.702 -1 -3.104 -1 44
-2.903 -1 -2.608 -1 -2.768 -1 -3.172 -1 93
-2.97 -1 -2.632 -1 -2.712 -1 -3.13 -1 52
-2.921 -1 -2.592 -1 -2.736 -1 -3.116 -1 104
-2.926 -1 -2.588 -1 -2.918 -1 -3.162 -1 253
-3.04 -1 -2.706 -1 -2.838 -1 -3.294 -1 94
-3.066 -1 -2.722 -1 -2.804 -1 -3.2 -1 91
-3.002 -1 -2.716 -1 -2.818 -1 -3.12 -1 83
-2.969 -1 -2.616 -1 -2.896 -1 -3.264 -1 200
-3.08 -1 -2.708 -1 -2.796 -1 -3.116 -1 54
-2.956 -1 -2.614 -1 -2.638 -1 -3.064 -1 25
-2.851 -1 -2.554 -1 -2.732 -1 -3.076 -1 135
-2.904 -1 -2.546 -1 -2.858 -1 -3.182 -1 266
-3.02 -1 -2.696 -1 -2.886 -1 -3.232 -1 177
-3.059 -1 -2.72 -1 -2.786 -1 -3.244 -1 78
-3.015 -1 -2.672 -1 -2.958 -1 -3.206 -1 215
-3.082 -1 -2.734 -1 -2.742 -1 -3.136 -1 5
-2.939 -1 -2.64 -1 -2.926 -1 -3.17 -1 182
-3.048 -1 -2.674 -1 -2.916 -1 -3.148 -1 194
-3.032 -1 -2.708 -1 -2.912 -1 -3.228 -1 184
-3.07 -1 -2.712 -1 -2.95 -1 -3.218 -1 206
-3.084 -1 -2.714 -1 -2.784 -1 -3.204 -1 61
-2.994 -1 -2.638 -1 -2.826 -1 -3.178 -1 125
-3.002 -1 -2.662 -1 -2.784 -1 -3.252 -1 91
-3.018 -1 -2.706 -1 -2.756 -1 -3.108 -1 43
-2.932 -1 -2.62 -1 -2.886 -1 -3.212 -1 176
-3.049 -1 -2.692 -1 -3.046 -1 -3.316 -1 281
-3.181 -1 -2.814 -1 -2.818 -1 -3.11 -1 9
-2.964 -1 -2.646 -1 -2.896 -1 -3.254 -1 200
-3.075 -1 -2.718 -1 -3.028 -1 -3.274 -1 252
-3.151 -1 -2.77 -1 -2.964 -1 -3.22 -1 186
-3.092 -1 -2.762 -1 -2.898 -1 -3.226 -1 138
-3.062 -1 -2.732 -1 -2.954 -1 -3.252 -1 198
-3.103 -1 -2.738 -1 -2.842 -1 -3.2 -1 88
-3.021 -1 -2.674 -1 -2.964 -1 -3.238 -1 297
-3.101 -1 -2.766 -1 -3.086 -1 -3.264 -1 285
-3.175 -1 -2.784 -1 -3.114 -1 -3.394 -1 278
-3.254 -1 -2.862 -1 -3.042 -1 -3.28 -1 144
-3.161 -1 -2.844 -1 -3.044 -1 -3.33 -1 204
-3.187 -1 -2.864 -1 -3.104 -1 -3.426 -1 238
-3.265 -1 -2.882 -1 -3.088 -1 -3.374 -1 235
-3.231 -1 -2.912 -1 -3.206 -1 -3.428 -1 299
-3.317 -1 -2.964 -1 -3.212 -1 -3.402 -1 271
-3.307 -1 -2.95 -1 -3.132 -1 -3.422 -1 208
-3.277 -1 -2.88 -1 -3.04 -1 -3.364 -1 189
-3.202 -1 -2.85 -1 -2.93 -1 -3.294 -2 88
-3.112 -1 -2.792 -1 -3.014 -1 -3.274 -1 205
-3.144 -1 -2.798 -1 -2.95 -1 -3.234 -1 120
-3.092 -1 -2.754 -1 -2.962 -1 -3.27 -1 199
-3.116 -1 -2.776 -1 -3.06 -1 -3.338 -1 277
-3.199 -1 -2.846 -1 -3.074 -1 -3.376 -1 261
-3.225 -1 -2.882 -1 -3.154 -1 -3.386 -2 269
-3.27 -1 -2.934 -1 -3.088 -1 -3.402 -1 196
-3.245 -1 -2.846 -1 -3.062 -1 -3.352 -1 209
-3.207 -1 -2.872 -1 -3.154 -1 -3.418 -2 263
-3.286 -1 -2.916 -1 -2.964 -1 -3.314 -1 34
-3.139 -1 -2.77 -1 -2.89 -1 -3.214 -1 78
-3.052 -1 -2.686 -1 -2.922 -1 -3.192 -1 195
-3.057 -1 -2.666 -1 -3.01 -1 -3.312 -1 279
-3.161 -1 -2.786 -1 -3.058 -1 -3.398 -1 252
-3.228 -1 -2.87 -1 -2.91 -1 -3.33 -2 31
-3.12 -1 -2.79 -1 -3.06 -1 -3.312 -2 245
-3.186 -1 -2.826 -1 -2.996 -1 -3.288 -1 189
-3.142 -1 -2.78 -1 -2.92 -1 -3.324 -2 109
-3.122 -1 -2.79 -1 -3.15 -1 -3.45 -1 295
-3.3 -1 -2.932 -1 -3.098 -1 -3.416 -1 206
-3.257 -1 -2.872 -1 -2.876 -1 -3.262 -2 11
-3.069 -1 -2.732 -1 -2.774 -1 -3.184 -1 26
-2.979 -1 -2.668 -1 -2.974 -1 -3.304 -1 278
-3.139 -1 -2.798 -1 -3.014 -1 -3.358 -1 244
-3.186 -1 -2.81 -1 -2.824 -1 -3.256 -1 24
-3.04 -1 -2.726 -1 -3.018 -1 -3.308 -2 266
-3.163 -1 -2.794 -1 -2.806 -1 -3.262 -1 6
-3.034 -1 -2.672 -1 -2.706 -1 -3.164 -1 27
-2.935 -1 -2.646 -1 -2.656 -1 -3.014 -1 4
-2.835 -1 -2.53 -1 -2.576 -1 -3.078 -1 35
-2.827 -1 -2.538 -1 -2.81 -1 -3.18 -1 175
-2.995 -1 -2.644 -1 -2.914 -1 -3.292 -1 267
-3.103 -1 -2.716 -1 -2.82 -1 -3.122 -1 51
-2.971 -1 -2.632 -1 -2.64 -1 -3.116 -1 7
-2.878 -1 -2.576 -1 -2.832 -1 -3.21 -1 223
-3.021 -1 -2.674 -1 -2.958 -1 -3.336 -1 215
-3.147 -1 -2.776 -1 -2.954 -1 -3.252 -1 157
-3.103 -1 -2.778 -1 -2.956 -1 -3.196 -1 151
-3.076 -1 -2.742 -1 -3.01 -1 -3.27 -1 221
-3.14 -1 -2.788 -1 -2.802 -1 -3.148 -1 13
-2.975 -1 -2.594 -1 -2.94 -1 -3.3 -1 293
-3.12 -1 -2.752 -1 -2.904 -1 -3.202 -1 173
-3.053 -1 -2.754 -1 -2.83 -1 -3.2 -1 86
-3.015 -1 -2.664 -1 -2.94 -1 -3.308 -1 176
-3.124 -1 -2.742 -1 -2.836 -1 -3.182 -1 67
-3.009 -1 -2.696 -1 -2.736 -1 -3.178 -1 40
-2.957 -1 -2.672 -1 -2.694 -1 -3.062 -1 27
-2.878 -1 -2.584 -1 -2.644 -1 -3.138 -1 45
-2.891 -1 -2.556 -1 -2.864 -1 -3.182 -1 221
-3.023 -1 -2.622 -1 -2.716 -1 -3.124 -1 78
-2.92 -1 -2.612 -1 -2.902 -1 -3.226 -1 223
-3.064 -1 -2.708 -1 -2.842 -1 -3.192 -1 92
-3.017 -1 -2.662 -1 -2.97 -1 -3.252 -1 265
-3.111 -1 -2.752 -1 -3.02 -1 -3.328 -1 242
-3.174 -1 -2.778 -1 -2.948 -1 -3.276 -1 167
-3.112 -1 -2.742 -1 -2.958 -1 -3.31 -1 213
-3.134 -1 -2.758 -1 -3.034 -1 -3.322 -1 267
-3.178 -1 -2.824 -1 -3.16 -1 -3.406 -1 294
-3.283 -1 -2.858 -1 -2.98 -1 -3.272 -1 139
-3.126 -1 -2.802 -1 -2.948 -1 -3.328 -1 143
-3.138 -1 -2.806 -1 -3.002 -1 -3.242 -1 215
-3.122 -1 -2.818 -1 -2.892 -1 -3.226 -1 63
-3.059 -1 -2.762 -1 -2.83 -1 -3.18 -1 59
-3.005 -1 -2.666 -1 -2.722 -1 -3.156 -1 53
-2.939 -1 -2.612 -1 -2.948 -1 -3.276 -1 285
-3.112 -1 -2.706 -1 -2.778 -1 -3.152 -1 46
-2.965 -1 -2.65 -1 -2.898 -1 -3.208 -1 204
-3.053 -1 -2.672 -1 -2.99 -1 -3.288 -1 256
-3.139 -1 -2.766 -1 -3.008 -1 -3.268 -1 203
-3.138 -1 -2.748 -1 -2.766 -1 -3.146 -1 17
-2.956 -1 -2.66 -1 -3.038 -1 -3.312 -1 297
-3.175 -1 -2.754 -1 -2.896 -1 -3.33 -1 127
-3.113 -1 -2.744 -1 -2.842 -1 -3.254 -1 62
-3.048 -1 -2.716 -1 -2.98 -1 -3.296 -1 295
-3.138 -1 -2.77 -1 -2.966 -1 -3.248 -1 114
-3.107 -1 -2.73 -1 -2.75 -1 -3.154 -1 20
-2.952 -1 -2.612 -1 -2.848 -1 -3.238 -1 188
-3.043 -1 -2.654 -1 -2.982 -1 -3.31 -1 276
-3.146 -1 -2.792 -1 -2.9 -1 -3.188 -1 127
-3.044 -1 -2.694 -1 -2.868 -1 -3.204 -1 140
-3.036 -1 -2.662 -1 -3.038 -1 -3.272 -2 290
-3.155 -1 -2.802 -1 -3.046 -1 -3.316 -1 204
-3.181 -1 -2.822 -1 -3.106 -1 -3.366 -2 260
-3.236 -1 -2.822 -1 -3.004 -1 -3.344 -1 181
-3.174 -1 -2.82 -1 -2.93 -1 -3.294 -1 147
-3.112 -1 -2.778 -1 -3.024 -1 -3.322 -1 254
-3.173 -1 -2.824 -1 -2.86 -1 -3.202 -2 29
-3.031 -1 -2.72 -1 -3.032 -1 -3.258 -1 241
-3.145 -1 -2.78 -1 -2.934 -1 -3.262 -1 96
-3.098 -1 -2.796 -1 -3.044 -1 -3.332 -1 198
-3.188 -1 -2.764 -1 -2.86 -1 -3.222 -2 79
-3.041 -1 -2.694 -1 -2.852 -1 -3.202 -1 128
-3.027 -1 -2.682 -1 -2.908 -1 -3.272 -1 210
-3.09 -1 -2.686 -1 -2.916 -1 -3.272 -1 173
-3.094 -1 -2.754 -1 -3.068 -1 -3.342 -1 255
-3.205 -1 -2.842 -1 -3.118 -1 -3.362 -1 281
-3.24 -1 -2.882 -1 -3.066 -1 -3.344 -1 167
-3.205 -1 -2.88 -1 -3.042 -1 -3.33 -1 145
-3.186 -1 -2.846 -1 -3.018 -1 -3.284 -1 163
-3.151 -1 -2.8 -1 -2.852 -1 -3.146 -1 41
-2.999 -1 -2.664 -1 -2.77 -1 -3.206 -1 69
-2.988 -1 -2.64 -1 -2.704 -1 -3.086 -1 44
-2.895 -1 -2.538 -1 -2.96 -1 -3.22 -1 299
-3.09 -1 -2.77 -1 -2.948 -1 -3.244 -1 134
-3.096 -1 -2.79 -1 -2.816 -1 -3.148 -1 9
-2.982 -1 -2.628 -1 -2.742 -1 -3.172 -1 81
-2.957 -1 -2.646 -1 -2.76 -1 -3.148 -1 77
-2.954 -1 -2.618 -1 -2.948 -1 -3.31 -1 246
-3.129 -1 -2.746 -1 -3.008 -1 -3.274 -1 203
-3.141 -1 -2.748 -1 -2.902 -1 -3.256 -1 163
-3.079 -1 -2.754 -1 -2.868 -1 -3.196 -1 77
-3.032 -1 -2.684 -1 -2.978 -1 -3.334 -1 240
-3.156 -1 -2.746 -1 -3.056 -1 -3.362 -1 295
-3.209 -1 -2.81 -1 -2.888 -1 -3.226 -1 52
-3.057 -1 -2.698 -1 -2.996 -1 -3.258 -1 267
-3.127 -1 -2.75 -1 -2.76 -1 -3.11 -1 7
-2.935 -1 -2.632 -1 -2.642 -1 -3.052 -1 15
-2.847 -1 -2.528 -1 -2.868 -1 -3.218 -1 258
-3.043 -1 -2.654 -1 -2.922 -1 -3.2 -1 182
-3.061 -1 -2.734 -1 -2.972 -1 -3.29 -1 215
-3.131 -1 -2.752 -1 -2.84 -1 -3.152 -1 85
-2.996 -1 -2.652 -1 -2.688 -1 -3.142 -1 20
-2.915 -1 -2.58 -1 -2.622 -1 -3.046 -1 39
-2.834 -1 -2.54 -1 -2.728 -1 -3.156 -1 140
-2.942 -1 -2.586 -1 -2.658 -1 -3.032 -1 49
-2.845 -1 -2.534 -1 -2.734 -1 -3.134 -1 107
-2.934 -1 -2.552 -1 -2.834 -1 -3.18 -1 213
-3.007 -1 -2.632 -1 -2.804 -1 -3.098 -1 118
-2.951 -1 -2.626 -1 -2.74 -1 -3.148 -1 81
-2.944 -1 -2.59 -1 -2.886 -1 -3.248 -1 245
-3.067 -1 -2.7 -1 -2.7 -1 -3.144 -1 0
-2.922 -1 -2.58 -1 -2.906 -1 -3.234 -1 288
-3.07 -1 -2.698 -1 -2.97 -1 -3.298 -1 245
-3.134 -1 -2.756 -1 -2.812 -1 -3.232 -1 58
-3.022 -1 -2.698 -1 -2.972 -1 -3.268 -1 238
-3.12 -1 -2.766 -1 -3.062 -1 -3.346 -1 292
-3.204 -1 -2.876 -1 -3.116 -1 -3.362 -1 278
-3.239 -1 -2.892 -1 -3.12 -1 -3.294 -1 258
-3.207 -1 -2.8 -1 -2.904 -1 -3.326 -1 83
-3.115 -1 -2.796 -1 -3.152 -1 -3.416 -1 253
-3.284 -1 -2.832 -1 -2.924 -1 -3.328 -1 90
-3.126 -1 -2.792 -1 -2.954 -1 -3.296 -1 158
-3.125 -1 -2.798 -1 -3.062 -1 -3.322 -1 249
-3.192 -1 -2.842 -1 -3.008 -1 -3.364 -1 183
-3.186 -1 -2.846 -1 -3.034 -1 -3.36 -1 210
-3.197 -1 -2.85 -1 -3.006 -1 -3.4 -1 195
-3.203 -1 -2.854 -1 -2.958 -1 -3.25 -1 85
-3.104 -1 -2.76 -1 -3.008 -1 -3.298 -1 242
-3.153 -1 -2.79 -1 -3.062 -1 -3.382 -2 252
-3.222 -1 -2.83 -1 -2.852 -1 -3.26 -2 37
-3.056 -1 -2.752 -1 -2.914 -1 -3.206 -1 151
-3.06 -1 -2.722 -1 -2.808 -1 -3.196 -1 68
-3.002 -1 -2.652 -1 -2.774 -1 -3.106 -1 85
-2.94 -1 -2.578 -1 -2.838 -1 -3.264 -1 186
-3.051 -1 -2.7 -1 -2.984 -1 -3.318 -1 283
-3.151 -1 -2.762 -1 -2.986 -1 -3.246 -1 199
-3.116 -1 -2.79 -1 -2.81 -1 -3.15 -1 17
-2.98 -1 -2.668 -1 -2.928 -1 -3.326 -1 243
-3.127 -1 -2.762 -1 -2.89 -1 -3.164 -1 91
-3.027 -1 -2.672 -1 -2.824 -1 -3.248 -1 140
-3.036 -1 -2.7 -1 -2.768 -1 -3.168 -1 62
-2.968 -1 -2.606 -1 -2.906 -1 -3.21 -1 228
-3.058 -1 -2.684 -1 -2.996 -1 -3.268 -1 231
-3.132 -1 -2.752 -1 -3.032 -1 -3.322 -1 248
-3.177 -1 -2.86 -1 -2.976 -1 -3.242 -1 120
-3.109 -1 -2.756 -1 -2.976 -1 -3.276 -1 179
-3.126 -1 -2.76 -1 -2.914 -1 -3.216 -1 144
-3.065 -1 -2.742 -1 -2.938 -1 -3.252 -1 192
-3.095 -1 -2.796 -1 -3.064 -1 -3.336 -1 223
-3.2 -1 -2.852 -1 -3.068 -1 -3.35 -1 229
-3.209 -1 -2.9 -1 -3.126 -1 -3.332 -1 271
-3.229 -1 -2.87 -1 -3.008 -1 -3.328 -1 112
-3.168 -1 -2.828 -1 -2.936 -1 -3.31 -1 62
-3.123 -1 -2.82 -1 -2.922 -1 -3.236 -1 48
-3.079 -1 -2.72 -1 -2.884 -1 -3.218 -1 131
-3.051 -1 -2.718 -1 -2.944 -1 -3.294 -1 209
-3.119 -1 -2.79 -1 -2.858 -1 -3.224 -1 62
-3.041 -1 -2.692 -1 -2.898 -1 -3.27 -1 158
-3.084 -1 -2.756 -1 -2.872 -1 -3.19 -1 82
-3.031 -1 -2.722 -1 -2.796 -1 -3.17 -1 48
-2.983 -1 -2.606 -1 -2.766 -1 -3.142 -1 127
-2.954 -1 -2.628 -1 -2.674 -1 -3.108 -1 51
-2.891 -1 -2.558 -1 -2.742 -1 -3.084 -1 127
-2.913 -1 -2.542 -1 -2.874 -1 -3.164 -1 290
-3.019 -1 -2.652 -1 -2.728 -1 -3.12 -1 42
-2.924 -1 -2.632 -1 -2.744 -1 -3.178 -1 76
-2.961 -1 -2.616 -1 -2.754 -1 -3.16 -1 90
-2.957 -1 -2.67 -1 -2.788 -1 -3.152 -1 95
-2.97 -1 -2.616 -1 -2.988 -1 -3.256 -1 244
-3.122 -1 -2.79 -1 -2.97 -1 -3.3 -1 125
-3.135 -1 -2.776 -1 -2.804 -1 -3.198 -1 29
-3.001 -1 -2.68 -1 -2.69 -1 -3.05 -1 5
-2.87 -1 -2.536 -1 -2.772 -1 -3.122 -2 160
-2.947 -1 -2.606 -1 -2.606 -1 -3.076 -1 0
-2.841 -1 -2.58 -1 -2.61 -1 -3.09 -1 29
-2.85 -1 -2.54 -1 -2.834 -1 -3.152 -1 193
-2.993 -1 -2.656 -1 -2.686 -1 -3.07 -1 24
-2.878 -1 -2.562 -1 -2.646 -1 -3.074 -1 68
-2.86 -1 -2.526 -1 -2.544 -1 -2.972 -1 9
-2.758 -1 -2.468 -1 -2.784 -1 -3.146 -1 217
-2.965 -1 -2.614 -1 -2.982 -1 -3.308 -1 286
-3.145 -1 -2.786 -1 -2.964 -1 -3.3 -1 161
-3.132 -1 -2.754 -1 -2.806 -1 -3.17 -1 40
-2.988 -1 -2.65 -1 -2.658 -1 -3.04 -1 7
-2.849 -1 -2.538 -1 -2.586 -1 -3.016 -1 40
-2.801 -1 -2.488 -1 -2.864 -1 -3.268 -1 296
-3.066 -1 -2.696 -1 -2.998 -1 -3.26 -1 258
-3.129 -1 -2.716 -1 -2.746 -1 -3.05 -1 24
-2.898 -1 -2.592 -1 -2.698 -1 -3.068 -1 70
-2.883 -1 -2.6 -1 -2.796 -1 -3.242 -1 170
-3.019 -1 -2.668 -1 -2.704 -1 -3.144 -1 20
-2.924 -1 -2.622 -1 -2.878 -1 -3.188 -1 173
-3.033 -1 -2.702 -1 -2.748 -1 -3.11 -1 30
-2.929 -1 -2.578 -1 -2.87 -1 -3.248 -1 270
-3.059 -1 -2.722 -1 -2.77 -1 -3.222 -1 51
-2.996 -1 -2.684 -1 -2.82 -1 -3.262 -1 125
-3.041 -1 -2.706 -1 -2.858 -1 -3.17 -1 116
-3.014 -1 -2.664 -1 -2.734 -1 -3.124 -1 55
-2.929 -1 -2.604 -1 -2.96 -1 -3.286 -1 270
-3.123 -1 -2.744 -1 -2.89 -1 -3.18 -1 118
-3.035 -1 -2.72 -1 -3.018 -1 -3.23 -1 190
-3.124 -1 -2.742 -1 -2.998 -1 -3.268 -1 250
-3.133 -1 -2.754 -1 -2.952 -1 -3.294 -1 139
-3.123 -1 -2.766 -1 -3.082 -1 -3.272 -1 286
-3.177 -1 -2.772 -1 -3.016 -1 -3.298 -1 285
-3.157 -1 -2.814 -1 -3.03 -1 -3.314 -1 232
-3.172 -1 -2.812 -1 -3.058 -1 -3.284 -1 191
-3.171 -1 -2.788 -1 -2.974 -1 -3.216 -1 197
-3.095 -1 -2.722 -1 -2.882 -1 -3.242 -1 112
-3.062 -1 -2.734 -1 -2.974 -1 -3.272 -1 207
-3.123 -1 -2.764 -1 -3.014 -1 -3.338 -1 218
-3.176 -1 -2.778 -1 -3.074 -1 -3.356 -1 255
-3.215 -1 -2.826 -1 -2.918 -1 -3.264 -1 100
-3.091 -1 -2.756 -1 -2.826 -1 -3.216 -1 62
-3.021 -1 -2.652 -1 -2.824 -1 -3.186 -1 114
-3.005 -1 -2.646 -1 -2.674 -1 -3.086 -1 16
-2.88 -1 -2.594 -1 -2.666 -1 -3.07 -1 44
-2.868 -1 -2.558 -1 -2.738 -1 -3.174 -1 150
-2.956 -1 -2.62 -1 -2.638 -1 -3.072 -1 16
-2.855 -1 -2.548 -1 -2.754 -1 -3.066 -1 161
-2.91 -1 -2.558 -1 -2.636 -1 -3.112 -1 32
-2.874 -1 -2.574 -1 -2.86 -1 -3.22 -1 188
-3.04 -1 -2.66 -1 -2.782 -1 -3.13 -1 96
-2.956 -1 -2.622 -1 -2.814 -1 -3.194 -1 143
-3.004 -1 -2.71 -1 -2.83 -1 -3.174 -1 129
-3.002 -1 -2.676 -1 -2.872 -1 -3.186 -1 135
-3.029 -1 -2.662 -1 -2.858 -1 -3.314 -1 131
-3.086 -1 -2.764 -1 -3.052 -1 -3.36 -1 277
-3.206 -1 -2.828 -1 -3.128 -1 -3.384 -1 258
-3.256 -1 -2.852 -1 -3.232 -1 -3.436 -1 293
-3.334 -1 -2.912 -1 -3.156 -1 -3.372 -1 221
-3.264 -1 -2.868 -1 -2.882 -1 -3.274 -1 16
-3.078 -1 -2.744 -1 -2.976 -1 -3.276 -1 244
-3.126 -1 -2.736 -1 -2.784 -1 -3.288 -1 33
-3.036 -1 -2.694 -1 -2.806 -1 -3.214 -1 107
-3.01 -1 -2.706 -1 -2.994 -1 -3.32 -1 190
-3.157 -1 -2.736 -1 -3.06 -1 -3.328 -1 251
-3.194 -1 -2.824 -1 -3.134 -1 -3.352 -1 237
-3.243 -1 -2.874 -1 -3.078 -1 -3.424 -1 293
-3.251 -1 -2.852 -1 -3.028 -1 -3.322 -1 140
-3.175 -1 -2.83 -1 -3.026 -1 -3.278 -1 144
-3.152 -1 -2.828 -1 -2.966 -1 -3.226 -1 138
-3.096 -1 -2.802 -1 -3.008 -1 -3.268 -1 214
-3.138 -1 -2.776 -1 -2.818 -1 -3.15 -1 39
-2.984 -1 -2.65 -1 -2.818 -1 -3.23 -1 128
-3.024 -1 -2.676 -1 -2.724 -1 -3.17 -1 37
-2.947 -1 -2.622 -1 -2.872 -1 -3.218 -1 215
-3.045 -1 -2.68 -1 -2.956 -1 -3.27 -1 231
-3.113 -1 -2.754 -1 -2.81 -1 -3.21 -1 36
-3.01 -1 -2.678 -1 -2.912 -1 -3.262 -1 228
-3.087 -1 -2.714 -1 -2.888 -1 -3.224 -1 153
-3.056 -1 -2.702 -1 -2.93 -1 -3.262 -1 179
-3.096 -1 -2.756 -1 -3.064 -1 -3.344 -1 248
-3.204 -1 -2.842 -1 -3.082 -1 -3.33 -1 289
-3.206 -1 -2.856 -1 -2.952 -1 -3.292 -1 97
-3.122 -1 -2.76 -1 -3.01 -1 -3.292 -1 220
-3.151 -1 -2.8 -1 -2.88 -1 -3.258 -1 82
-3.069 -1 -2.722 -1 -2.91 -1 -3.192 -1 145
-3.051 -1 -2.688 -1 -2.92 -1 -3.32 -1 244
-3.12 -1 -2.754 -1 -2.89 -1 -3.258 -1 115
-3.074 -1 -2.734 -1 -2.786 -1 -3.116 -1 40
-2.951 -1 -2.618 -1 -2.808 -1 -3.216 -1 138
-3.012 -1 -2.624 -1 -2.836 -1 -3.192 -1 184
-3.014 -1 -2.708 -1 -2.9 -1 -3.326 -1 122
-3.113 -1 -2.746 -1 -2.842 -1 -3.22 -1 73
-3.031 -1 -2.706 -1 -2.956 -1 -3.26 -1 188
-3.108 -1 -2.754 -1 -2.858 -1 -3.272 -1 68
-3.065 -1 -2.742 -1 -2.748 -1 -3.172 -1 2
-2.96 -1 -2.642 -1 -2.694 -1 -3.062 -1 32
-2.878 -1 -2.608 -1 -2.816 -1 -3.188 -1 173
-3.002 -1 -2.648 -1 -2.892 -1 -3.122 -1 236
-3.007 -1 -2.634 -1 -2.966 -1 -3.282 -1 266
-3.124 -1 -2.764 -1 -2.918 -1 -3.246 -1 117
-3.082 -1 -2.738 -1 -3.06 -1 -3.36 -1 246
-3.21 -1 -2.82 -1 -2.92 -1 -3.23 -1 75
-3.075 -1 -2.756 -1 -3.018 -1 -3.334 -1 283
-3.176 -1 -2.806 -1 -3.126 -1 -3.348 -1 288
-3.237 -1 -2.88 -1 -2.904 -1 -3.214 -1 33
-3.059 -1 -2.754 -1 -2.818 -1 -3.168 -1 80
-2.993 -1 -2.682 -1 -2.86 -1 -3.214 -2 147
-3.037 -1 -2.714 -1 -2.756 -1 -3.146 -1 40
-2.951 -1 -2.646 -1 -2.904 -1 -3.244 -1 181
-3.074 -1 -2.718 -1 -2.996 -1 -3.292 -1 219
-3.144 -1 -2.784 -1 -2.824 -1 -3.23 -1 30
-3.027 -1 -2.694 -1 -2.818 -1 -3.12 -1 129
-2.969 -1 -2.632 -1 -2.952 -1 -3.274 -1 269
-3.113 -1 -2.77 -1 -2.798 -1 -3.142 -1 20
-2.97 -1 -2.616 -1 -2.714 -1 -3.098 -1 69
-2.906 -1 -2.596 -1 -2.664 -1 -3.056 -1 51
-2.86 -1 -2.596 -1 -2.856 -1 -3.198 -1 184
-3.027 -1 -2.662 -1 -2.96 -1 -3.304 -2 236
-3.132 -1 -2.774 -1 -2.844 -1 -3.13 -1 59
-2.987 -1 -2.68 -1 -2.958 -1 -3.252 -2 208
-3.105 -1 -2.732 -1 -2.992 -1 -3.296 -1 254
-3.144 -1 -2.794 -1 -2.986 -1 -3.264 -1 198
-3.125 -1 -2.76 -1 -2.806 -1 -3.254 -2 40
-3.03 -1 -2.7 -1 -2.866 -1 -3.264 -1 141
-3.065 -1 -2.712 -1 -2.884 -1 -3.284 -1 144
-3.084 -1 -2.75 -1 -2.978 -1 -3.244 -1 171
-3.111 -1 -2.802 -1 -2.804 -1 -3.254 -1 16
-3.029 -1 -2.74 -1 -3.012 -1 -3.382 -1 293
-3.197 -1 -2.858 -1 -3.016 -1 -3.236 -1 176
-3.126 -1 -2.718 -1 -2.786 -1 -3.148 -1 72
-2.967 -1 -2.67 -1 -3.046 -1 -3.31 -1 286
-3.178 -1 -2.79 -1 -3.022 -1 -3.308 -2 193
-3.165 -1 -2.836 -1 -2.864 -1 -3.2 -1 24
-3.032 -1 -2.734 -1 -2.936 -1 -3.286 -1 175
-3.111 -1 -2.726 -1 -2.842 -1 -3.232 -1 90
-3.037 -1 -2.724 -1 -2.782 -1 -3.118 -1 50
-2.95 -1 -2.62 -1 -2.634 -1 -3.064 -1 7
-2.849 -1 -2.522 -1 -2.672 -1 -3.148 -1 96
-2.91 -1 -2.584 -1 -2.6 -1 -3.08 -1 17
-2.84 -1 -2.528 -1 -2.636 -1 -3.066 -1 61
-2.851 -1 -2.564 -1 -2.6 -1 -3.03 -1 22
-2.815 -1 -2.484 -1 -2.772 -1 -3.094 -1 223
-2.933 -1 -2.612 -1 -2.684 -1 -3.086 -1 46
-2.885 -1 -2.538 -1 -2.686 -1 -3.102 -1 112
-2.894 -1 -2.614 -1 -2.864 -1 -3.16 -1 217
-3.012 -1 -2.63 -1 -2.692 -1 -3.21 -1 33
-2.951 -1 -2.652 -1 -2.988 -1 -3.24 -1 279
-3.114 -1 -2.678 -1 -2.868 -1 -3.272 -1 146
-3.07 -1 -2.752 -1 -3.028 -1 -3.3 -1 269
-3.164 -1 -2.816 -1 -2.824 -1 -3.174 -1 6
-2.999 -1 -2.678 -1 -2.912 -1 -3.266 -1 229
-3.089 -1 -2.75 -1 -3.054 -1 -3.312 -1 268
-3.183 -1 -2.82 -1 -2.888 -1 -3.202 -1 56
-3.045 -1 -2.724 -1 -2.852 -1 -3.128 -1 107
-2.99 -1 -2.624 -1 -2.654 -1 -3.146 -1 20
-2.9 -1 -2.614 -1 -2.716 -1 -3.086 -1 91
-2.901 -1 -2.61 -1 -2.68 -1 -3.056 -1 29
-2.868 -1 -2.554 -1 -2.698 -1 -3.132 -1 94
-2.915 -1 -2.58 -1 -2.824 -1 -3.146 -1 200
-2.985 -1 -2.622 -1 -2.934 -1 -3.254 -1 242
-3.094 -1 -2.72 -1 -2.832 -1 -3.238 -1 125
-3.035 -1 -2.706 -1 -2.82 -1 -3.234 -1 79
-3.027 -1 -2.69 -1 -2.872 -1 -3.168 -1 103
-3.02 -1 -2.72 -1 -2.984 -1 -3.262 -1 228
-3.123 -1 -2.796 -1 -3.01 -1 -3.368 -2 214
-3.189 -1 -2.848 -1 -2.98 -1 -3.304 -1 126
-3.142 -1 -2.82 -1 -2.906 -1 -3.184 -1 72
-3.045 -1 -2.7 -1 -2.752 -1 -3.182 -1 56
-2.967 -1 -2.664 -1 -2.774 -1 -3.116 -1 92
-2.945 -1 -2.652 -1 -2.914 -1 -3.242 -1 248
-3.078 -1 -2.686 -1 -2.788 -1 -3.178 -2 78
-2.983 -1 -2.646 -1 -2.99 -1 -3.334 -2 281
-3.162 -1 -2.792 -1 -3.054 -1 -3.31 -1 272
-3.182 -1 -2.852 -1 -3.074 -1 -3.314 -1 255
-3.194 -1 -2.83 -1 -3.124 -1 -3.382 -1 294
-3.253 -1 -2.9 -1 -3 -1 -3.26 -1 80
-3.13 -1 -2.772 -1 -2.89 -1 -3.25 -1 63
-3.07 -1 -2.742 -1 -2.982 -1 -3.328 -1 276
-3.155 -1 -2.794 -1 -3.066 -1 -3.336 -1 277
-3.201 -1 -2.844 -1 -2.91 -1 -3.296 -1 65
-3.103 -1 -2.76 -1 -2.822 -1 -3.164 -1 37
-2.993 -1 -2.65 -1 -2.808 -1 -3.192 -1 147
-3 -1 -2.64 -1 -2.964 -1 -3.314 -1 265
-3.139 -1 -2.756 -1 -2.79 -1 -3.182 -1 38
-2.986 -1 -2.62 -1 -2.82 -1 -3.226 -1 192
-3.023 -1 -2.692 -1 -2.696 -1 -3.11 -1 7
-2.903 -1 -2.572 -1 -2.796 -1 -3.154 -1 161
-2.975 -1 -2.664 -1 -2.84 -1 -3.174 -1 117
-3.007 -1 -2.644 -1 -2.85 -1 -3.24 -1 175
-3.045 -1 -2.688 -1 -2.8 -1 -3.172 -1 74
-2.986 -1 -2.672 -1 -2.944 -1 -3.232 -1 265
-3.088 -1 -2.758 -1 -2.81 -1 -3.194 -1 49
-3.002 -1 -2.666 -1 -2.788 -1 -3.132 -1 86
-2.96 -1 -2.648 -1 -2.798 -1 -3.178 -1 131
-2.988 -1 -2.644 -1 -3 -1 -3.32 -1 275
-3.16 -1 -2.776 -1 -2.944 -1 -3.234 -1 165
-3.089 -1 -2.706 -1 -2.866 -1 -3.28 -2 128
-3.073 -1 -2.744 -1 -2.858 -1 -3.256 -1 72
-3.057 -1 -2.778 -1 -3.028 -1 -3.318 -1 275
-3.173 -1 -2.804 -1 -2.868 -1 -3.178 -1 63
-3.023 -1 -2.652 -1 -2.81 -1 -3.192 -2 122
-3.001 -1 -2.682 -1 -2.724 -1 -3.16 -1 18
-2.942 -1 -2.594 -1 -2.92 -1 -3.258 -1 265
-3.089 -1 -2.698 -1 -2.752 -1 -3.17 -1 43
-2.961 -1 -2.636 -1 -2.828 -1 -3.142 -1 222
-2.985 -1 -2.606 -1 -2.828 -1 -3.2 -1 146
-3.014 -1 -2.642 -1 -2.796 -1 -3.246 -1 151
-3.021 -1 -2.702 -1 -2.77 -1 -3.138 -1 75
-2.954 -1 -2.61 -1 -2.856 -1 -3.228 -1 175
-3.042 -1 -2.708 -1 -2.856 -1 -3.206 -1 125
-3.031 -1 -2.654 -1 -2.936 -1 -3.264 -1 209
-3.1 -1 -2.716 -1 -3.026 -1 -3.27 -1 235
-3.148 -1 -2.778 -1 -3.096 -1 -3.408 -1 292
-3.252 -1 -2.874 -1 -3.006 -1 -3.298 -1 198
-3.152 -1 -2.834 -1 -2.98 -1 -3.356 -1 150
-3.168 -1 -2.786 -1 -3.026 -1 -3.274 -1 186
-3.15 -1 -2.784 -1 -2.806 -1 -3.268 -1 39
-3.037 -1 -2.718 -1 -3 -1 -3.328 -1 263
-3.164 -1 -2.806 -1 -2.84 -1 -3.212 -1 53
-3.026 -1 -2.704 -1 -2.976 -1 -3.328 -1 225
-3.152 -1 -2.734 -1 -2.736 -1 -3.096 -1 5
-2.916 -1 -2.584 -1 -2.666 -1 -3.122 -1 51
-2.894 -1 -2.618 -1 -2.712 -1 -3.126 -1 69
-2.919 -1 -2.6 -1 -2.676 -1 -3.168 -1 101
-2.922 -1 -2.614 -1 -2.698 -1 -3.094 -1 44
-2.896 -1 -2.56 -1 -2.842 -1 -3.108 -1 230
-2.975 -1 -2.606 -1 -2.906 -1 -3.212 -1 271
-3.059 -1 -2.692 -1 -2.986 -1 -3.28 -1 240
-3.133 -1 -2.758 -1 -3.018 -1 -3.356 -1 227
-3.187 -1 -2.79 -1 -2.854 -1 -3.252 -1 60
-3.053 -1 -2.668 -1 -2.914 -1 -3.248 -1 215
-3.081 -1 -2.702 -1 -2.986 -1 -3.32 -1 232
-3.153 -1 -2.796 -1 -2.908 -1 -3.212 -1 91
-3.06 -1 -2.698 -1 -2.982 -1 -3.246 -1 249
-3.114 -1 -2.736 -1 -2.796 -1 -3.19 -2 69
-2.993 -1 -2.706 -1 -3.002 -1 -3.262 -1 228
-3.132 -1 -2.754 -1 -2.966 -1 -3.314 -1 165
-3.14 -1 -2.84 -1 -3.034 -1 -3.256 -1 173
-3.145 -1 -2.77 -1 -2.89 -1 -3.218 -1 88
-3.054 -1 -2.714 -1 -2.842 -1 -3.248 -1 142
-3.045 -1 -2.672 -1 -2.818 -1 -3.202 -1 100
-3.01 -1 -2.672 -1 -2.734 -1 -3.126 -1 68
-2.93 -1 -2.606 -1 -2.772 -1 -3.158 -1 132
-2.965 -1 -2.62 -1 -2.938 -1 -3.3 -1 289
-3.119 -1 -2.76 -1 -2.824 -1 -3.138 -1 42
-2.981 -1 -2.652 -1 -2.862 -1 -3.206 -1 172
-3.034 -1 -2.668 -1 -2.934 -1 -3.24 -1 211
-3.087 -1 -2.74 -1 -2.894 -1 -3.202 -1 163
-3.048 -1 -2.68 -1 -2.956 -1 -3.308 -1 257
-3.132 -1 -2.798 -1 -2.896 -1 -3.276 -1 82
-3.086 -1 -2.772 -1 -2.94 -1 -3.308 -1 201
-3.124 -1 -2.778 -1 -2.868 -1 -3.27 -1 122
-3.069 -1 -2.708 -1 -2.942 -1 -3.262 -1 269
-3.102 -1 -2.75 -1 -2.976 -1 -3.268 -1 204
-3.122 -1 -2.76 -1 -2.806 -1 -3.22 -1 62
-3.013 -1 -2.682 -1 -2.758 -1 -3.144 -1 76
-2.951 -1 -2.624 -1 -2.794 -1 -3.148 -1 120
-2.971 -1 -2.668 -1 -2.874 -1 -3.326 -2 147
-3.1 -1 -2.762 -1 -2.994 -1 -3.278 -1 196
-3.136 -1 -2.742 -1 -2.984 -1 -3.274 -1 213
-3.129 -1 -2.798 -1 -3.092 -1 -3.314 -1 283
-3.203 -1 -2.87 -1 -2.972 -1 -3.362 -1 104
-3.167 -1 -2.764 -1 -2.962 -1 -3.326 -1 165
-3.144 -1 -2.802 -1 -2.846 -1 -3.226 -1 45
-3.036 -1 -2.678 -1 -2.7 -1 -3.144 -1 16
-2.922 -1 -2.62 -1 -2.622 -1 -2.984 -1 3
-2.803 -1 -2.518 -1 -2.528 -1 -3.026 -1 5
-2.777 -1 -2.506 -1 -2.904 -1 -3.192 -1 277
-3.048 -1 -2.68 -1 -2.954 -1 -3.2 -1 233
-3.077 -1 -2.766 -1 -2.908 -1 -3.176 -1 176
-3.042 -1 -2.714 -1 -2.936 -1 -3.2 -1 235
-3.068 -1 -2.694 -1 -2.996 -1 -3.306 -1 232
-3.151 -1 -2.806 -1 -2.838 -1 -3.142 -1 23
-2.99 -1 -2.666 -1 -2.774 -1 -3.146 -1 82
-2.96 -1 -2.632 -1 -2.858 -1 -3.252 -1 208
-3.055 -1 -2.734 -1 -2.922 -1 -3.25 -1 178
-3.086 -1 -2.692 -1 -2.944 -1 -3.316 -1 221
-3.13 -1 -2.718 -1 -2.984 -1 -3.246 -2 262
-3.115 -1 -2.738 -1 -3.042 -1 -3.252 -1 285
-3.147 -1 -2.76 -1 -2.922 -1 -3.31 -1 121
-3.116 -1 -2.784 -1 -2.926 -1 -3.268 -1 124
-3.097 -1 -2.794 -1 -2.914 -1 -3.244 -1 90
-3.079 -1 -2.722 -1 -2.876 -1 -3.196 -1 109
-3.036 -1 -2.674 -1 -2.926 -1 -3.292 -1 268
-3.109 -1 -2.76 -1 -3.006 -1 -3.296 -1 197
-3.151 -1 -2.78 -1 -3.026 -1 -3.306 -1 250
-3.166 -1 -2.792 -1 -2.958 -1 -3.216 -1 125
-3.087 -1 -2.724 -1 -2.854 -1 -3.304 -1 80
-3.079 -1 -2.744 -1 -2.806 -1 -3.144 -1 49
-2.975 -1 -2.644 -1 -2.914 -1 -3.24 -1 229
-3.077 -1 -2.674 -1 -2.68 -1 -3.048 -1 3
-2.864 -1 -2.554 -1 -2.65 -1 -3.162 -1 74
-2.906 -1 -2.594 -1 -2.952 -1 -3.19 -1 224
-3.071 -1 -2.704 -1 -2.728 -1 -3.116 -1 16
-2.922 -1 -2.612 -1 -2.654 -1 -3.05 -1 53
-2.852 -1 -2.564 -1 -2.604 -1 -2.98 -1 27
-2.792 -1 -2.45 -1 -2.732 -1 -3.154 -1 208
-2.943 -1 -2.566 -1 -2.85 -1 -3.206 -1 219
-3.028 -1 -2.66 -1 -2.714 -1 -3.086 -1 30
-2.9 -1 -2.554 -1 -2.656 -1 -3.082 -1 62
-2.869 -1 -2.572 -1 -2.578 -1 -3.062 -1 17
-2.82 -1 -2.536 -1 -2.784 -1 -3.098 -1 192
-2.941 -1 -2.57 -1 -2.866 -1 -3.17 -1 211
-3.018 -1 -2.63 -1 -2.814 -1 -3.232 -1 116
-3.023 -1 -2.64 -1 -2.906 -1 -3.222 -1 226
-3.064 -1 -2.634 -1 -2.86 -1 -3.196 -1 213
-3.028 -1 -2.696 -1 -2.892 -1 -3.164 -1 139
-3.028 -1 -2.696 -1 -2.944 -1 -3.334 -1 215
-3.139 -1 -2.822 -1 -3.024 -1 -3.31 -2 176
-3.167 -1 -2.806 -1 -2.82 -1 -3.22 -1 14
-3.02 -1 -2.744 -1 -3.016 -1 -3.254 -1 237
-3.135 -1 -2.776 -1 -2.964 -1 -3.292 -1 156
-3.128 -1 -2.784 -1 -2.882 -1 -3.246 -1 60
-3.064 -1 -2.718 -1 -2.91 -1 -3.262 -1 126
-3.086 -1 -2.776 -1 -2.896 -1 -3.234 -1 96
-3.065 -1 -2.75 -1 -2.812 -1 -3.258 -1 72
-3.035 -1 -2.724 -1 -3.02 -1 -3.294 -1 242
-3.157 -1 -2.802 -1 -2.99 -1 -3.28 -1 163
-3.135 -1 -2.8 -1 -2.876 -1 -3.31 -1 42
-3.093 -1 -2.748 -1 -2.83 -1 -3.204 -1 49
-3.017 -1 -2.712 -1 -2.844 -1 -3.188 -1 94
-3.016 -1 -2.644 -1 -2.92 -1 -3.27 -1 251
-3.095 -1 -2.752 -1 -2.898 -1 -3.246 -1 122
-3.072 -1 -2.738 -1 -2.828 -1 -3.236 -1 85
-3.032 -1 -2.72 -1 -2.884 -1 -3.218 -1 147
-3.051 -1 -2.732 -1 -2.922 -1 -3.246 -1 187
-3.084 -1 -2.748 -1 -3.022 -1 -3.32 -1 281
-3.171 -1 -2.856 -1 -3.026 -1 -3.32 -2 153
-3.173 -1 -2.842 -1 -2.992 -1 -3.334 -1 185
-3.163 -1 -2.808 -1 -2.842 -1 -3.192 -1 35
-3.017 -1 -2.712 -1 -2.748 -1 -3.184 -1 42
-2.966 -1 -2.682 -1 -2.742 -1 -3.208 -1 56
-2.975 -1 -2.636 -1 -2.888 -1 -3.198 -1 175
-3.043 -1 -2.654 -1 -2.854 -1 -3.218 -1 209
-3.036 -1 -2.672 -1 -2.768 -1 -3.172 -2 90
-2.97 -1 -2.642 -1 -2.748 -1 -3.146 -1 104
-2.947 -1 -2.606 -1 -2.718 -1 -3.186 -1 83
-2.952 -1 -2.692 -1 -2.828 -1 -3.18 -1 123
-3.004 -1 -2.708 -1 -2.906 -1 -3.216 -1 173
-3.061 -1 -2.718 -1 -2.99 -1 -3.308 -1 207
-3.149 -1 -2.772 -1 -3.024 -1 -3.3 -1 281
-3.162 -1 -2.796 -1 -3.11 -1 -3.32 -1 289
-3.215 -1 -2.836 -1 -3.11 -1 -3.398 -2 278
-3.254 -1 -2.868 -1 -3.012 -1 -3.356 -1 168
-3.184 -1 -2.892 -1 -3.004 -1 -3.314 -1 153
-3.159 -1 -2.792 -1 -2.892 -1 -3.292 -2 85
-3.092 -1 -2.728 -1 -2.776 -1 -3.136 -1 31
-2.956 -1 -2.664 -1 -2.886 -1 -3.236 -1 178
-3.061 -1 -2.72 -1 -2.994 -1 -3.352 -1 273
-3.173 -1 -2.8 -1 -2.962 -1 -3.292 -1 137
-3.127 -1 -2.804 -1 -3.028 -1 -3.364 -1 229
-3.196 -1 -2.856 -1 -3.002 -1 -3.304 -1 184
-3.153 -1 -2.83 -1 -2.946 -1 -3.254 -1 126
-3.1 -1 -2.692 -1 -2.822 -1 -3.132 -1 82
-2.977 -1 -2.662 -1 -2.72 -1 -3.12 -1 57
-2.92 -1 -2.592 -1 -2.886 -1 -3.194 -1 209
-3.04 -1 -2.652 -1 -2.946 -1 -3.258 -1 255
-3.102 -1 -2.774 -1 -2.94 -1 -3.3 -2 172
-3.12 -1 -2.766 -1 -3.054 -1 -3.322 -1 289
-3.188 -1 -2.832 -1 -2.84 -1 -3.286 -1 24
-3.063 -1 -2.764 -1 -2.922 -1 -3.26 -1 131
-3.091 -1 -2.77 -1 -3.01 -1 -3.312 -1 218
-3.161 -1 -2.748 -1 -2.874 -1 -3.258 -1 95
-3.066 -1 -2.754 -1 -2.828 -1 -3.208 -1 54
-3.018 -1 -2.658 -1 -2.82 -1 -3.144 -1 113
-2.982 -1 -2.668 -1 -2.948 -1 -3.284 -2 247
-3.116 -1 -2.748 -1 -2.772 -1 -3.19 -2 16
-2.981 -1 -2.708 -1 -2.76 -1 -3.122 -1 39
-2.941 -1 -2.608 -1 -2.942 -1 -3.224 -1 270
-3.083 -1 -2.758 -1 -2.846 -1 -3.148 -1 76
-2.997 -1 -2.668 -1 -2.71 -1 -3.104 -2 40
-2.907 -1 -2.558 -1 -2.67 -1 -3.106 -1 67
-2.888 -1 -2.586 -1 -2.76 -1 -3.134 -1 106
-2.947 -1 -2.644 -1 -2.75 -1 -3.148 -1 92
-2.949 -1 -2.648 -1 -2.824 -1 -3.146 -1 139
-2.985 -1 -2.61 -1 -2.792 -1 -3.118 -1 115
-2.955 -1 -2.614 -1 -2.856 -1 -3.088 -1 186
-2.972 -1 -2.578 -1 -2.598 -1 -3.074 -1 21
-2.836 -1 -2.54 -1 -2.6 -1 -2.968 -1 26
-2.784 -1 -2.508 -1 -2.704 -1 -3.08 -1 154
-2.892 -1 -2.528 -1 -2.606 -1 -3.11 -1 52
-2.858 -1 -2.554 -1 -2.752 -1 -3.13 -1 144
-2.941 -1 -2.63 -1 -2.886 -1 -3.26 -1 197
-3.073 -1 -2.678 -1 -2.924 -1 -3.284 -1 226
-3.104 -1 -2.684 -1 -2.958 -1 -3.316 -1 207
-3.137 -1 -2.758 -1 -3.056 -1 -3.372 -1 281
-3.214 -1 -2.852 -1 -3.15 -1 -3.31 -1 296
-3.23 -1 -2.914 -1 -3.12 -1 -3.378 -1 198
-3.249 -1 -2.868 -1 -3.016 -1 -3.316 -1 140
-3.166 -1 -2.792 -1 -2.83 -1 -3.178 -1 37
-3.004 -1 -2.682 -1 -2.956 -1 -3.21 -1 242
-3.083 -1 -2.744 -1 -2.888 -1 -3.19 -1 164
-3.039 -1 -2.674 -1 -3.036 -1 -3.298 -1 298
-3.167 -1 -2.828 -1 -3.03 -1 -3.358 -1 225
-3.194 -1 -2.838 -1 -3.106 -1 -3.302 -1 260
-3.204 -1 -2.852 -1 -2.988 -1 -3.354 -1 124
-3.171 -1 -2.816 -1 -3.08 -1 -3.314 -1 264
-3.197 -1 -2.83 -1 -3.12 -1 -3.352 -1 263
-3.236 -1 -2.916 -1 -2.93 -1 -3.212 -2 16
-3.071 -1 -2.764 -1 -2.806 -1 -3.232 -1 43
-3.019 -1 -2.684 -1 -2.726 -1 -3.082 -1 39
-2.904 -1 -2.594 -1 -2.868 -1 -3.226 -1 254
-3.047 -1 -2.73 -1 -3.002 -1 -3.282 -1 244
-3.142 -1 -2.764 -1 -2.876 -1 -3.206 -1 110
-3.041 -1 -2.732 -1 -3.034 -1 -3.318 -1 294
-3.176 -1 -2.824 -1 -3.08 -1 -3.346 -1 285
-3.213 -1 -2.85 -1 -2.98 -1 -3.34 -1 211
-3.16 -1 -2.784 -1 -3.024 -1 -3.33 -1 221
-3.177 -1 -2.794 -1 -2.904 -1 -3.266 -1 126
-3.085 -1 -2.72 -1 -2.862 -1 -3.186 -1 78
-3.024 -1 -2.68 -1 -2.692 -1 -3.13 -1 6
-2.911 -1 -2.564 -1 -2.852 -1 -3.242 -1 213
-3.047 -1 -2.688 -1 -2.852 -1 -3.216 -1 130
-3.034 -1 -2.694 -1 -2.796 -1 -3.17 -1 83
-2.983 -1 -2.624 -1 -2.826 -1 -3.202 -1 162
-3.014 -1 -2.664 -1 -2.756 -1 -3.14 -1 75
-2.948 -1 -2.594 -1 -2.654 -1 -3.07 -1 40
-2.862 -1 -2.488 -1 -2.774 -1 -3.118 -1 240
-2.946 -1 -2.546 -1 -2.724 -1 -3.11 -1 132
-2.917 -1 -2.58 -1 -2.852 -1 -3.14 -1 194
-2.996 -1 -2.58 -1 -2.792 -1 -3.178 -1 169
-2.985 -1 -2.608 -1 -2.664 -1 -3.136 -1 36
-2.9 -1 -2.56 -1 -2.81 -1 -3.126 -1 200
-2.968 -1 -2.59 -1 -2.804 -1 -3.186 -1 197
-2.995 -1 -2.674 -1 -2.864 -1 -3.2 -1 167
-3.032 -1 -2.666 -1 -2.778 -1 -3.11 -1 93
-2.944 -1 -2.606 -1 -2.714 -1 -3.09 -1 54
-2.902 -1 -2.582 -1 -2.746 -1 -3.172 -1 137
-2.959 -1 -2.648 -1 -2.972 -1 -3.254 -1 285
-3.113 -1 -2.724 -1 -2.75 -1 -3.21 -1 15
-2.98 -1 -2.69 -1 -2.724 -1 -3.054 -1 37
-2.889 -1 -2.56 -1 -2.746 -1 -3.106 -1 113
-2.926 -1 -2.572 -1 -2.85 -1 -3.176 -1 226
-3.013 -1 -2.638 -1 -2.662 -1 -3.022 -1 20
-2.842 -1 -2.514 -1 -2.71 -1 -3.128 -1 115
-2.919 -1 -2.568 -1 -2.918 -1 -3.252 -1 265
-3.085 -1 -2.706 -1 -2.876 -1 -3.214 -1 147
-3.045 -1 -2.718 -1 -2.816 -1 -3.104 -1 77
-2.96 -1 -2.61 -1 -2.846 -1 -3.19 -1 197
-3.018 -1 -2.672 -1 -2.83 -1 -3.186 -1 164
-3.008 -1 -2.67 -1 -2.804 -1 -3.164 -1 108
-2.984 -1 -2.624 -1 -2.8 -1 -3.142 -1 185
-2.971 -1 -2.644 -1 -2.812 -1 -3.152 -1 113
-2.982 -1 -2.708 -1 -2.818 -1 -3.164 -1 78
-2.991 -1 -2.638 -1 -2.656 -1 -3.154 -1 25
-2.905 -1 -2.588 -1 -2.616 -1 -3.002 -1 32
-2.809 -1 -2.546 -1 -2.554 -1 -2.988 -1 6
-2.771 -1 -2.462 -1 -2.862 -1 -3.178 -1 290
-3.02 -1 -2.658 -1 -3.002 -1 -3.296 -1 288
-3.149 -1 -2.71 -1 -2.89 -1 -3.244 -1 149
-3.067 -1 -2.7 -1 -2.936 -1 -3.23 -1 199
-3.083 -1 -2.712 -1 -2.738 -1 -3.178 -1 22
-2.958 -1 -2.614 -1 -2.65 -1 -3.024 -1 24
-2.837 -1 -2.536 -1 -2.796 -1 -3.156 -1 232
-2.976 -1 -2.68 -1 -2.832 -1 -3.228 -1 166
-3.03 -1 -2.692 -1 -2.764 -1 -3.098 -1 53
-2.931 -1 -2.632 -1 -2.832 -1 -3.16 -1 153
-2.996 -1 -2.664 -1 -2.884 -1 -3.246 -1 149
-3.065 -1 -2.72 -1 -3.008 -1 -3.28 -1 298
-3.144 -1 -2.814 -1 -2.916 -1 -3.21 -1 75
-3.063 -1 -2.738 -1 -3.06 -1 -3.338 -1 279
-3.199 -1 -2.762 -1 -3.068 -1 -3.374 -1 282
-3.221 -1 -2.838 -1 -2.852 -1 -3.224 -1 26
-3.038 -1 -2.688 -1 -2.976 -1 -3.27 -1 252
-3.123 -1 -2.744 -1 -2.924 -1 -3.276 -1 139
-3.1 -1 -2.704 -1 -3.016 -1 -3.332 -2 221
-3.174 -1 -2.804 -1 -2.972 -1 -3.312 -2 166
-3.142 -1 -2.808 -1 -2.822 -1 -3.15 -1 12
-2.986 -1 -2.68 -1 -2.97 -1 -3.29 -1 265
-3.13 -1 -2.798 -1 -2.84 -1 -3.208 -2 29
-3.024 -1 -2.712 -1 -2.966 -1 -3.308 -1 220
-3.137 -1 -2.81 -1 -3.006 -1 -3.228 -1 203
-3.117 -1 -2.788 -1 -3.064 -1 -3.368 -1 253
-3.216 -1 -2.826 -1 -3.026 -1 -3.306 -1 160
-3.166 -1 -2.774 -1 -2.808 -1 -3.234 -1 32
-3.021 -1 -2.716 -1 -2.778 -1 -3.186 -1 59
-2.982 -1 -2.652 -1 -3.03 -1 -3.264 -1 278
-3.147 -1 -2.772 -1 -2.91 -1 -3.228 -1 137
-3.069 -1 -2.654 -1 -2.742 -1 -3.068 -1 66
-2.905 -1 -2.57 -1 -2.91 -1 -3.196 -1 263
-3.053 -1 -2.658 -1 -2.672 -1 -3.112 -1 14
-2.892 -1 -2.542 -1 -2.756 -1 -3.178 -1 176
-2.967 -1 -2.606 -1 -2.684 -1 -3.062 -1 47
-2.873 -1 -2.568 -1 -2.812 -1 -3.12 -1 195
-2.966 -1 -2.634 -1 -2.642 -1 -3.124 -1 6
-2.883 -1 -2.582 -1 -2.946 -1 -3.29 -1 293
-3.118 -1 -2.736 -1 -2.824 -1 -3.17 -1 83
-2.997 -1 -2.64 -1 -2.88 -1 -3.194 -1 183
-3.037 -1 -2.672 -1 -2.892 -1 -3.274 -1 171
-3.083 -1 -2.724 -1 -2.942 -1 -3.26 -1 168
-3.101 -1 -2.712 -1 -2.98 -1 -3.196 -1 220
-3.088 -1 -2.758 -1 -3.102 -1 -3.298 -1 288
-3.2 -1 -2.87 -1 -3.018 -1 -3.344 -1 143
-3.181 -1 -2.818 -1 -3.046 -1 -3.336 -1 233
-3.191 -1 -2.866 -1 -3.038 -1 -3.288 -1 223
-3.163 -1 -2.82 -1 -2.844 -1 -3.238 -1 22
-3.041 -1 -2.688 -1 -3.074 -1 -3.288 -1 263
-3.181 -1 -2.766 -1 -2.93 -1 -3.276 -1 121
-3.103 -1 -2.74 -1 -2.854 -1 -3.278 -1 108
-3.066 -1 -2.696 -1 -2.834 -1 -3.172 -1 75
-3.003 -1 -2.684 -1 -2.962 -1 -3.24 -1 253
-3.101 -1 -2.748 -1 -3.068 -1 -3.346 -1 268
-3.207 -1 -2.846 -1 -2.964 -1 -3.274 -1 100
-3.119 -1 -2.792 -1 -3.092 -1 -3.384 -1 237
-3.238 -1 -2.844 -1 -2.958 -1 -3.32 -1 98
-3.139 -1 -2.786 -1 -2.996 -1 -3.352 -1 193
-3.174 -1 -2.838 -1 -2.968 -1 -3.258 -1 125
-3.113 -1 -2.772 -1 -3.01 -1 -3.314 -1 185
-3.162 -1 -2.786 -1 -2.934 -1 -3.238 -1 111
-3.086 -1 -2.774 -1 -3.054 -1 -3.312 -1 273
-3.183 -1 -2.804 -1 -2.812 -1 -3.332 -1 11
-3.072 -1 -2.706 -1 -2.782 -1 -3.198 -1 74
-2.99 -1 -2.672 -1 -2.806 -1 -3.154 -1 108
-2.98 -1 -2.646 -1 -2.724 -1 -3.13 -1 60
-2.927 -1 -2.65 -1 -2.884 -1 -3.21 -2 201
-3.047 -1 -2.714 -1 -3.02 -1 -3.298 -2 233
-3.159 -1 -2.872 -1 -2.938 -1 -3.16 -1 87
-3.049 -1 -2.748 -1 -2.944 -1 -3.208 -1 157
-3.076 -1 -2.73 -1 -2.806 -1 -3.124 -1 75
-2.965 -1 -2.636 -1 -2.828 -1 -3.266 -2 168
-3.047 -1 -2.658 -1 -2.92 -1 -3.266 -1 205
-3.093 -1 -2.75 -1 -3.006 -1 -3.254 -1 194
-3.13 -1 -2.766 -1 -2.954 -1 -3.282 -1 172
-3.118 -1 -2.752 -1 -2.786 -1 -3.126 -1 33
-2.956 -1 -2.608 -1 -2.726 -1 -3.154 -1 137
-2.94 -1 -2.648 -1 -2.764 -1 -3.158 -1 75
-2.961 -1 -2.634 -1 -2.774 -1 -3.184 -1 78
-2.979 -1 -2.618 -1 -2.9 -1 -3.138 -1 204
-3.019 -1 -2.652 -1 -2.782 -1 -3.078 -1 88
-2.93 -1 -2.6 -1 -2.732 -1 -3.122 -1 91
-2.927 -1 -2.584 -1 -2.834 -1 -3.16 -1 194
-2.997 -1 -2.666 -1 -2.748 -1 -3.146 -1 75
-2.947 -1 -2.604 -1 -2.892 -1 -3.242 -1 238
-3.067 -1 -2.68 -1 -2.966 -1 -3.278 -1 218
-3.122 -1 -2.702 -1 -2.944 -1 -3.212 -1 202
-3.078 -1 -2.704 -1 -2.95 -1 -3.208 -1 221
-3.079 -1 -2.708 -1 -2.88 -1 -3.246 -1 175
-3.063 -1 -2.72 -1 -2.8 -1 -3.14 -1 73
-2.97 -1 -2.6 -1 -2.682 -1 -3.076 -1 65
-2.879 -1 -2.534 -1 -2.842 -1 -3.176 -1 277
-3.009 -1 -2.698 -1 -2.994 -1 -3.28 -1 227
-3.137 -1 -2.784 -1 -3.01 -1 -3.298 -1 159
-3.154 -1 -2.766 -1 -2.794 -1 -3.19 -1 9
-2.992 -1 -2.668 -1 -2.84 -1 -3.22 -1 148
-3.03 -1 -2.694 -1 -3.022 -1 -3.266 -1 275
-3.144 -1 -2.746 -1 -2.874 -1 -3.23 -1 133
-3.052 -1 -2.696 -1 -2.728 -1 -3.136 -1 30
-2.932 -1 -2.628 -1 -2.63 -1 -3.108 -1 3
-2.869 -1 -2.566 -1 -2.638 -1 -3.154 -1 54
-2.896 -1 -2.542 -1 -2.798 -1 -3.212 -1 192
-3.005 -1 -2.624 -1 -2.822 -1 -3.246 -1 168
-3.034 -1 -2.656 -1 -2.744 -1 -3.086 -1 72
-2.915 -1 -2.612 -1 -2.708 -1 -3.068 -1 66
-2.888 -1 -2.538 -1 -2.752 -1 -3.154 -1 147
-2.953 -1 -2.606 -1 -2.724 -1 -3.152 -1 69
-2.938 -1 -2.576 -1 -2.934 -1 -3.226 -1 264
-3.08 -1 -2.688 -1 -2.908 -1 -3.3 -1 194
-3.104 -1 -2.742 -1 -3.02 -1 -3.286 -1 215
-3.153 -1 -2.76 -1 -3.034 -1 -3.278 -1 252
-3.156 -1 -2.746 -1 -3.004 -1 -3.304 -1 160
-3.154 -1 -2.812 -1 -2.824 -1 -3.146 0 25
