9 1000 0.5 8 199 0 0 0 0
-3.632 -1 -3.152 -1 -3.222 -1 -3.476 -1 97
-3.349 -1 -2.884 -1 -2.884 -1 -3.276 -1 1
-3.08 -1 -2.656 -1 -2.74 -1 -3.194 -1 77
-2.967 -1 -2.59 -1 -2.83 -1 -3.174 -1 204
-3.002 -1 -2.596 -1 -2.762 -1 -3.11 -1 120
-2.936 -1 -2.552 -1 -2.642 -1 -3.046 -1 59
-2.844 -1 -2.448 -1 -2.524 -1 -3.016 -1 48
-2.77 -1 -2.388 -1 -2.678 -1 -3.094 -1 244
-2.886 -1 -2.482 -1 -2.516 -1 -2.96 -1 34
-2.738 -1 -2.396 -1 -2.478 -1 -3.044 -1 65
-2.761 -1 -2.414 -1 -2.566 -1 -2.97 -1 104
-2.768 -1 -2.37 -1 -2.442 -1 -3.01 -1 52
-2.726 -1 -2.382 -1 -2.678 -1 -3.042 -1 211
-2.86 -1 -2.454 -1 -2.532 -1 -2.966 -1 44
-2.749 -1 -2.362 -1 -2.448 -1 -2.916 -1 63
-2.682 -1 -2.35 -1 -2.4 -1 -2.866 -1 38
-2.633 -1 -2.26 -1 -2.262 -1 -2.858 -1 2
-2.56 -1 -2.24 -1 -2.59 -1 -3.012 -1 217
-2.801 -1 -2.338 -1 -2.586 -1 -3.05 -1 192
-2.818 -1 -2.382 -1 -2.48 -1 -2.93 -1 78
-2.705 -1 -2.32 -1 -2.5 -1 -2.924 -1 92
-2.712 -1 -2.328 -1 -2.624 -1 -3.09 -1 203
-2.857 -1 -2.448 -1 -2.746 -1 -3.062 -1 206
-2.904 -1 -2.494 -1 -2.596 -1 -2.996 -1 104
-2.796 -1 -2.374 -1 -2.61 -1 -3.08 -1 189
-2.845 -1 -2.41 -1 -2.532 -1 -2.952 -1 68
-2.742 -1 -2.388 -1 -2.46 -1 -2.884 -1 53
-2.672 -1 -2.314 -1 -2.398 -1 -2.894 -1 54
-2.646 -1 -2.312 -1 -2.582 -1 -2.932 -1 231
-2.757 -1 -2.35 -1 -2.41 -1 -2.83 -1 41
-2.62 -1 -2.294 -1 -2.366 -1 -2.8 -1 40
-2.583 -1 -2.218 -1 -2.516 -1 -2.92 -1 194
-2.718 -1 -2.288 -1 -2.59 -1 -3.02 -1 201
-2.805 -1 -2.382 -1 -2.518 -1 -2.952 -1 110
-2.735 -1 -2.33 -1 -2.43 -1 -2.826 -1 45
-2.628 -1 -2.274 -1 -2.548 -1 -2.998 -1 183
-2.773 -1 -2.352 -1 -2.57 -1 -2.94 -1 143
-2.755 -1 -2.332 -1 -2.524 -1 -2.942 -1 127
-2.733 -1 -2.36 -1 -2.558 -1 -2.922 -1 165
-2.74 -1 -2.342 -1 -2.384 -1 -2.778 -1 30
-2.581 -1 -2.23 -1 -2.54 -1 -2.938 -1 200
-2.739 -1 -2.306 -1 -2.446 -1 -2.842 -1 79
-2.644 -1 -2.262 -1 -2.57 -1 -2.992 -1 225
-2.781 -1 -2.322 -1 -2.616 -1 -2.91 -1 214
-2.763 -1 -2.332 -1 -2.562 -1 -2.892 -1 163
-2.727 -1 -2.32 -1 -2.522 -1 -2.904 -1 170
-2.713 -1 -2.312 -1 -2.372 -1 -2.83 -1 27
-2.601 -1 -2.226 -1 -2.252 -1 -2.79 -1 13
-2.521 -1 -2.174 -1 -2.408 -1 -2.848 -1 133
-2.628 -1 -2.232 -1 -2.444 -1 -2.838 -1 140
-2.641 -1 -2.248 -1 -2.496 -1 -2.92 -1 156
-2.708 -1 -2.232 -1 -2.58 -1 -2.92 -1 230
-2.75 -1 -2.326 -1 -2.578 -1 -2.904 -1 146
-2.741 -1 -2.33 -1 -2.53 -1 -2.904 -1 160
-2.717 -1 -2.314 -1 -2.608 -1 -3.036 -1 202
-2.822 -1 -2.422 -1 -2.558 -1 -2.896 -1 114
-2.727 -1 -2.35 -1 -2.644 -1 -2.984 -1 217
-2.814 -1 -2.388 -1 -2.744 -1 -3.064 -1 227
-2.904 -1 -2.452 -1 -2.61 -1 -2.986 -1 137
-2.798 -1 -2.376 -1 -2.712 -1 -3.13 -1 248
-2.921 -1 -2.466 -1 -2.646 -1 -2.99 -1 156
-2.818 -1 -2.43 -1 -2.468 -1 -2.872 -1 26
-2.67 -1 -2.312 -1 -2.358 -1 -2.804 -1 25
-2.581 -1 -2.22 -1 -2.428 -1 -2.908 -1 107
-2.668 -1 -2.262 -1 -2.466 -1 -2.916 -1 159
-2.691 -1 -2.266 -1 -2.286 -1 -2.758 -1 13
-2.522 -1 -2.166 -1 -2.218 -1 -2.66 -1 26
-2.439 -1 -2.118 -1 -2.506 -1 -2.916 -1 233
-2.711 -1 -2.292 -1 -2.52 -1 -2.874 -1 145
-2.697 -1 -2.278 -1 -2.454 -1 -2.898 -1 114
-2.676 -1 -2.27 -1 -2.608 -1 -3.022 -1 245
-2.815 -1 -2.344 -1 -2.412 -1 -2.876 -1 60
-2.644 -1 -2.234 -1 -2.566 -1 -2.842 -1 228
-2.704 -1 -2.25 -1 -2.518 -1 -2.91 -1 145
-2.714 -1 -2.296 -1 -2.474 -1 -2.894 -1 103
-2.684 -1 -2.264 -1 -2.452 -1 -2.814 -1 135
-2.633 -1 -2.23 -1 -2.572 -1 -2.964 -1 236
-2.768 -1 -2.332 -1 -2.462 -1 -2.832 -1 59
-2.647 -1 -2.252 -1 -2.41 -1 -2.774 -1 105
-2.592 -1 -2.21 -1 -2.564 -1 -2.948 -1 239
-2.756 -1 -2.31 -1 -2.492 -1 -2.878 -1 136
-2.685 -1 -2.286 -1 -2.394 -1 -2.868 -1 77
-2.631 -1 -2.268 -1 -2.414 -1 -2.758 -1 99
-2.586 -1 -2.176 -1 -2.344 -1 -2.822 -1 126
-2.583 -1 -2.194 -1 -2.486 -1 -2.856 -1 190
-2.671 -1 -2.216 -1 -2.58 -1 -2.804 -1 218
-2.692 -1 -2.23 -1 -2.322 -1 -2.766 -1 57
-2.544 -1 -2.158 -1 -2.368 -1 -2.78 -1 158
-2.574 -1 -2.164 -1 -2.53 -1 -2.908 -1 238
-2.719 -1 -2.272 -1 -2.48 -1 -2.82 -1 127
-2.65 -1 -2.236 -1 -2.576 -1 -2.844 -1 237
-2.71 -1 -2.246 -1 -2.35 -1 -2.784 -1 66
-2.567 -1 -2.138 -1 -2.394 -1 -2.8 -1 158
-2.597 -1 -2.17 -1 -2.216 -1 -2.676 -1 29
-2.446 -1 -2.088 -1 -2.208 -1 -2.652 -1 67
-2.43 -1 -2.058 -1 -2.47 -1 -2.774 -1 249
-2.622 -1 -2.18 -1 -2.486 -1 -2.838 -1 174
-2.662 -1 -2.188 -1 -2.374 -1 -2.706 -1 106
-2.54 -1 -2.128 -1 -2.282 -1 -2.634 -1 89
-2.458 -1 -2.05 -1 -2.408 -1 -2.82 -1 212
-2.614 -1 -2.158 -1 -2.408 -1 -2.774 -1 199
-2.591 -1 -2.148 -1 -2.398 -1 -2.776 -1 171
-2.587 -1 -2.15 -1 -2.2 -1 -2.632 -1 34
-2.416 -1 -2.032 -1 -2.412 -1 -2.756 -1 224
-2.584 -1 -2.116 -1 -2.446 -1 -2.792 -1 209
-2.619 -1 -2.17 -1 -2.516 -1 -2.788 -1 222
-2.652 -1 -2.22 -1 -2.288 -1 -2.692 -1 42
-2.49 -1 -2.126 -1 -2.424 -1 -2.758 -1 168
-2.591 -1 -2.162 -1 -2.5 -1 -2.852 -1 237
-2.676 -1 -2.198 -1 -2.284 -1 -2.676 -1 57
-2.48 -1 -2.094 -1 -2.33 -1 -2.68 -1 124
-2.505 -1 -2.094 -1 -2.146 -1 -2.502 -1 31
-2.324 -1 -1.946 -1 -2.352 -1 -2.74 -1 226
-2.546 -1 -2.056 -1 -2.4 -1 -2.68 -1 191
-2.54 -1 -2.086 -1 -2.388 -1 -2.696 -1 184
-2.542 -1 -2.098 -1 -2.304 -1 -2.722 -1 114
-2.513 -1 -2.088 -1 -2.234 -1 -2.618 -1 78
-2.426 -1 -1.974 -1 -2.128 -1 -2.56 -1 76
-2.344 -1 -1.93 -1 -2.078 -1 -2.446 -1 84
-2.262 -1 -1.884 -1 -2.258 -1 -2.606 -1 216
-2.432 -1 -1.974 -1 -2.37 -1 -2.674 -1 233
-2.522 -1 -2.038 -1 -2.104 -1 -2.502 -1 33
-2.303 -1 -1.924 -1 -2.076 -1 -2.484 -1 72
-2.28 -1 -1.918 -1 -2.18 -1 -2.52 -1 120
-2.35 -1 -1.916 -1 -2.314 -1 -2.548 -1 208
-2.431 -1 -1.996 -1 -2.032 -1 -2.396 -1 14
-2.214 -1 -1.832 -1 -2.028 -1 -2.39 -1 98
-2.209 -1 -1.79 -1 -1.876 -1 -2.226 -1 41
-2.051 -1 -1.684 -1 -2.032 -1 -2.32 -1 178
-2.176 -1 -1.712 -1 -2.124 -1 -2.446 -1 226
-2.285 -1 -1.824 -1 -2.108 -1 -2.38 -1 121
-2.244 -1 -1.804 -1 -2.246 -1 -2.482 -1 209
-2.364 -1 -1.814 -1 -2.186 -1 -2.426 -1 189
-2.306 -1 -1.804 -1 -2.082 -1 -2.41 -1 154
-2.246 -1 -1.726 -1 -1.996 -1 -2.342 -1 120
-2.169 -1 -1.702 -1 -2.188 -1 -2.482 -1 204
-2.335 -1 -1.8 -1 -1.862 -1 -2.188 -1 43
-2.025 -1 -1.614 -1 -2.18 -1 -2.546 -1 246
-2.363 -1 -1.854 -1 -2.128 -1 -2.444 -1 160
-2.286 -1 -1.796 -1 -1.95 -1 -2.298 -1 64
-2.124 -1 -1.66 -1 -1.826 -1 -2.18 -1 72
-2.003 -1 -1.59 -1 -1.978 -1 -2.292 -1 166
-2.135 -1 -1.612 -1 -2.044 -1 -2.428 -1 199
-2.236 -1 -1.714 -1 -2.226 -1 -2.528 -1 246
-2.377 -1 -1.842 -1 -2.312 -1 -2.516 -1 236
-2.414 -1 -1.9 -1 -2.212 -1 -2.528 -1 167
-2.37 -1 -1.854 -1 -2.192 -1 -2.474 -1 190
-2.333 -1 -1.824 -1 -1.9 -1 -2.216 -1 32
-2.058 -1 -1.632 -1 -1.79 -1 -2.106 -1 86
-1.948 -1 -1.574 -1 -2.086 -1 -2.364 -1 217
-2.225 -1 -1.752 -1 -1.96 -1 -2.302 -1 105
-2.131 -1 -1.654 -1 -1.958 -1 -2.214 -1 156
-2.086 -1 -1.64 -1 -1.674 -1 -1.994 -1 10
-1.834 -1 -1.428 -1 -1.674 -1 -1.964 -1 101
-1.819 -1 -1.412 -1 -1.66 -1 -1.932 -1 96
-1.796 -1 -1.382 -1 -1.674 -1 -1.936 -1 116
-1.805 -1 -1.404 -1 -1.876 -1 -2.142 -1 192
-2.009 -1 -1.522 -1 -1.54 -1 -1.764 -1 7
-1.652 -1 -1.322 -1 -1.972 -1 -2.184 -1 234
-2.078 -1 -1.55 -1 -1.99 -1 -2.222 -1 200
-2.106 -1 -1.592 -1 -2.032 -1 -2.248 -1 196
-2.14 -1 -1.604 -1 -1.752 -1 -1.994 -1 65
-1.873 -1 -1.444 -1 -1.734 -1 -2.036 -1 150
-1.885 -1 -1.432 -1 -1.724 -1 -1.982 -1 117
-1.853 -1 -1.398 -1 -1.628 -1 -1.814 -1 79
-1.721 -1 -1.32 -1 -1.866 -1 -2.07 -1 221
-1.968 -1 -1.498 -1 -1.976 -1 -2.228 -1 205
-2.102 -1 -1.598 -1 -1.846 -1 -2.094 -1 97
-1.97 -1 -1.512 -1 -1.848 -1 -2.036 -1 128
-1.942 -1 -1.492 -1 -1.98 -1 -2.168 -1 200
-2.074 -1 -1.578 -1 -1.598 -1 -1.814 -1 10
-1.706 -1 -1.336 -1 -1.82 -1 -2.09 -1 179
-1.955 -1 -1.492 -1 -1.802 -1 -1.968 -1 130
-1.885 -1 -1.42 -1 -1.812 -1 -1.998 -1 158
-1.905 -1 -1.422 -1 -1.658 -1 -1.832 -1 81
-1.745 -1 -1.35 -1 -1.536 -1 -1.748 -1 67
-1.642 -1 -1.298 -1 -1.566 -1 -1.736 -1 73
-1.651 -1 -1.28 -1 -1.322 -1 -1.456 -1 14
-1.389 -1 -1.146 -1 -1.252 -1 -1.39 -1 36
-1.321 -1 -1.1 -1 -1.766 -1 -1.948 -1 247
-1.857 -1 -1.404 -1 -1.856 -1 -2.026 -1 191
-1.941 -1 -1.468 -1 -1.864 -1 -2.08 -1 167
-1.972 -1 -1.5 -1 -1.738 -1 -1.918 -1 109
-1.828 -1 -1.398 -1 -1.724 -1 -1.98 -1 132
-1.852 -1 -1.43 -1 -1.744 -1 -1.958 -1 127
-1.851 -1 -1.398 -1 -1.622 -1 -1.846 -1 74
-1.734 -1 -1.32 -1 -1.49 -1 -1.686 -1 69
-1.588 -1 -1.22 -1 -1.664 -1 -1.828 -1 177
-1.746 -1 -1.334 -1 -1.612 -1 -1.744 -1 101
-1.678 -1 -1.278 -1 -1.828 -1 -1.952 -1 195
-1.89 -1 -1.406 -1 -1.588 -1 -1.79 -1 78
-1.689 -1 -1.308 -1 -1.772 -1 -1.918 -1 189
-1.845 -1 -1.354 -1 -1.536 -1 -1.71 -1 72
-1.623 -1 -1.266 -1 -1.552 -1 -1.736 -1 121
-1.644 -1 -1.266 -1 -1.812 -1 -2.016 -1 195
-1.914 -1 -1.432 -1 -1.826 -1 -1.996 -1 162
-1.911 -1 -1.446 -1 -1.978 -1 -2.196 -1 221
-2.087 -1 -1.564 -1 -1.942 -1 -2.158 -1 180
-2.05 -1 -1.582 -1 -1.658 -1 -1.812 0 37
