6 1000 0.7 4 13 0 0 0 0
-2.982 -1 -2.624 -1 -2.672 -1 -2.83 -1 97
-2.751 -1 -2.428 -1 -2.514 -1 -2.696 -1 151
-2.605 -1 -2.308 -1 -2.39 -1 -2.63 -1 137
-2.51 -1 -2.242 -1 -2.428 -1 -2.684 -1 201
-2.556 -1 -2.188 -1 -2.416 -1 -2.742 -1 252
-2.579 -1 -2.226 -1 -2.354 -1 -2.648 -1 188
-2.501 -1 -2.154 -1 -2.158 -1 -2.55 -1 3
-2.354 -1 -2.058 -1 -2.168 -1 -2.562 -1 96
-2.365 -1 -2.022 -1 -2.322 -1 -2.718 -1 342
-2.52 -1 -2.18 -1 -2.314 -1 -2.59 -1 174
-2.452 -1 -2.128 -1 -2.336 -1 -2.67 -1 257
-2.503 -1 -2.178 -1 -2.354 -1 -2.66 -1 229
-2.507 -1 -2.186 -1 -2.226 -1 -2.562 0 37
