9 1000 0.1 9 361 0 0 0 0
-3.66 -1 -3.152 -1 -3.162 -1 -3.37 -1 24
-3.266 -1 -2.848 -1 -2.87 -1 -3.272 -1 44
-3.071 -1 -2.674 -1 -2.726 -1 -3.154 -1 38
-2.94 -1 -2.566 -1 -2.598 -1 -2.954 -1 23
-2.776 -1 -2.384 -1 -2.444 -1 -2.92 -1 42
-2.682 -1 -2.342 -1 -2.342 -1 -2.912 -1 2
-2.627 -1 -2.31 -1 -2.324 -1 -2.88 -1 9
-2.602 -1 -2.272 -1 -2.28 -1 -2.774 -1 4
-2.527 -1 -2.186 -1 -2.216 -1 -2.804 -1 20
-2.51 -1 -2.168 -1 -2.17 -1 -2.718 -1 5
-2.444 -1 -2.118 -1 -2.16 -1 -2.696 -1 40
-2.428 -1 -2.096 -1 -2.158 -1 -2.778 -1 43
-2.468 -1 -2.148 -1 -2.194 -1 -2.772 -1 32
-2.483 -1 -2.144 -1 -2.21 -1 -2.714 -1 35
-2.462 -1 -2.128 -1 -2.158 -1 -2.748 -1 21
-2.453 -1 -2.138 -1 -2.178 -1 -2.83 -1 30
-2.504 -1 -2.184 -1 -2.276 -1 -2.796 -1 48
-2.536 -1 -2.16 -1 -2.218 -1 -2.746 -1 43
-2.482 -1 -2.15 -1 -2.21 -1 -2.766 -1 31
-2.488 -1 -2.16 -1 -2.218 -1 -2.752 -1 27
-2.485 -1 -2.132 -1 -2.232 -1 -2.794 -1 44
-2.513 -1 -2.162 -1 -2.23 -1 -2.7 -1 25
-2.465 -1 -2.122 -1 -2.138 -1 -2.658 -1 9
-2.398 -1 -2.104 -1 -2.108 -1 -2.622 -1 2
-2.365 -1 -2.034 -1 -2.034 -1 -2.618 -1 0
-2.326 -1 -1.996 -1 -2.054 -1 -2.658 -1 23
-2.356 -1 -2.044 -1 -2.128 -1 -2.674 -1 45
-2.401 -1 -2.062 -1 -2.116 -1 -2.684 -1 31
-2.4 -1 -2.068 -1 -2.1 -1 -2.73 -1 11
-2.415 -1 -2.072 -1 -2.094 -1 -2.598 -1 14
-2.346 -1 -2.042 -1 -2.118 -1 -2.606 -1 41
-2.362 -1 -2.016 -1 -2.028 -1 -2.578 -1 8
-2.303 -1 -1.978 -1 -2.042 -1 -2.598 -1 45
-2.32 -1 -1.968 -1 -2.016 -1 -2.544 -1 19
-2.28 -1 -1.946 -1 -2.028 -1 -2.52 -1 29
-2.274 -1 -1.912 -1 -2.006 -1 -2.538 -1 38
-2.272 -1 -1.916 -1 -1.934 -1 -2.488 -1 6
-2.211 -1 -1.882 -1 -1.892 -1 -2.414 -1 3
-2.153 -1 -1.828 -1 -1.916 -1 -2.42 -1 36
-2.168 -1 -1.828 -1 -1.878 -1 -2.432 -1 34
-2.155 -1 -1.804 -1 -1.812 -1 -2.362 -1 3
-2.087 -1 -1.786 -1 -1.826 -1 -2.37 -1 18
-2.098 -1 -1.76 -1 -1.854 -1 -2.408 -1 40
-2.131 -1 -1.78 -1 -1.88 -1 -2.426 -1 42
-2.153 -1 -1.782 -1 -1.842 -1 -2.398 -1 37
-2.12 -1 -1.802 -1 -1.83 -1 -2.352 -1 14
-2.091 -1 -1.788 -1 -1.824 -1 -2.316 -1 19
-2.07 -1 -1.726 -1 -1.728 -1 -2.19 -1 2
-1.959 -1 -1.666 -1 -1.666 -1 -2.212 -1 0
-1.939 -1 -1.614 -1 -1.74 -1 -2.158 -1 42
-1.949 -1 -1.61 -1 -1.68 -1 -2.208 -1 33
-1.944 -1 -1.568 -1 -1.65 -1 -2.114 -1 36
-1.882 -1 -1.536 -1 -1.556 -1 -2.008 -1 7
-1.782 -1 -1.474 -1 -1.486 -1 -1.944 -1 3
-1.715 -1 -1.42 -1 -1.492 -1 -1.924 -1 26
-1.708 -1 -1.404 -1 -1.558 -1 -1.928 -1 49
-1.743 -1 -1.404 -1 -1.492 -1 -1.88 -1 37
-1.686 -1 -1.346 -1 -1.352 -1 -1.738 -1 2
-1.545 -1 -1.272 -1 -1.318 -1 -1.716 -1 17
-1.517 -1 -1.248 -1 -1.282 -1 -1.642 -1 7
-1.462 -1 -1.218 -1 -1.246 -1 -1.574 -1 7
-1.41 -1 -1.184 -1 -1.244 -1 -1.524 -1 17
-1.384 -1 -1.164 -1 -1.22 -1 -1.548 -1 17
-1.384 -1 -1.172 -1 -1.238 -1 -1.49 -1 20
-1.364 -1 -1.156 -1 -1.204 -1 -1.468 -1 16
-1.336 -1 -1.142 -1 -1.264 -1 -1.544 -1 46
-1.404 -1 -1.176 -1 -1.272 -1 -1.498 -1 30
-1.385 -1 -1.154 -1 -1.264 -1 -1.534 -1 35
-1.399 -1 -1.174 -1 -1.296 -1 -1.558 -1 48
-1.427 -1 -1.178 -1 -1.206 -1 -1.466 -1 8
-1.336 -1 -1.156 -1 -1.204 -1 -1.436 -1 17
-1.32 -1 -1.132 -1 -1.172 -1 -1.36 -1 14
-1.266 -1 -1.108 -1 -1.196 -1 -1.408 -1 30
-1.302 -1 -1.128 -1 -1.268 -1 -1.476 -1 45
-1.372 -1 -1.16 -1 -1.168 -1 -1.412 -1 5
-1.29 -1 -1.108 -1 -1.12 -1 -1.272 -1 4
-1.196 -1 -1.06 -1 -1.064 -1 -1.242 -1 1
-1.153 -1 -1.06 -1 -1.132 -1 -1.324 -1 28
-1.228 -1 -1.092 -1 -1.168 -1 -1.306 -1 20
-1.237 -1 -1.096 -1 -1.12 -1 -1.25 -1 5
-1.185 -1 -1.07 -1 -1.108 -1 -1.284 -1 13
-1.196 -1 -1.086 -1 -1.188 -1 -1.378 -1 30
-1.283 -1 -1.116 -1 -1.228 -1 -1.37 -1 30
-1.299 -1 -1.102 -1 -1.17 -1 -1.28 -1 24
-1.225 -1 -1.066 -1 -1.112 -1 -1.254 -1 14
-1.183 -1 -1.068 -1 -1.208 -1 -1.336 -1 45
-1.272 -1 -1.098 -1 -1.196 -1 -1.336 -1 40
-1.266 -1 -1.088 -1 -1.178 -1 -1.378 -1 31
-1.278 -1 -1.106 -1 -1.126 -1 -1.244 -1 5
-1.185 -1 -1.056 -1 -1.206 -1 -1.316 -1 40
-1.261 -1 -1.1 -1 -1.23 -1 -1.322 -1 41
-1.276 -1 -1.1 -1 -1.184 -1 -1.288 -1 31
-1.236 -1 -1.084 -1 -1.234 -1 -1.34 -1 47
-1.287 -1 -1.086 -1 -1.162 -1 -1.22 -1 19
-1.191 -1 -1.05 -1 -1.156 -1 -1.238 -1 34
-1.197 -1 -1.064 -1 -1.09 -1 -1.156 -1 7
-1.123 -1 -1.028 -1 -1.072 -1 -1.126 -1 17
-1.099 -1 -1.032 -1 -1.104 -1 -1.18 -1 26
-1.142 -1 -1.038 -1 -1.126 -1 -1.198 -1 28
-1.162 -1 -1.048 -1 -1.122 -1 -1.174 -1 22
-1.148 -1 -1.036 -1 -1.084 -1 -1.156 -1 17
-1.12 -1 -1.036 -1 -1.188 -1 -1.246 -1 43
-1.217 -1 -1.044 -1 -1.084 -1 -1.12 -1 13
-1.102 -1 -1.018 -1 -1.11 -1 -1.176 -1 29
-1.143 -1 -1.042 -1 -1.168 -1 -1.26 -1 38
-1.214 -1 -1.072 -1 -1.072 -1 -1.088 -1 0
-1.08 -1 -1.01 -1 -1.174 -1 -1.226 -1 48
-1.2 -1 -1.08 -1 -1.116 -1 -1.146 -1 8
-1.131 -1 -1.024 -1 -1.076 -1 -1.1 -1 21
-1.088 -1 -1.02 -1 -1.136 -1 -1.186 -1 35
-1.161 -1 -1.042 -1 -1.086 -1 -1.124 -1 17
-1.105 -1 -1.028 -1 -1.158 -1 -1.2 -1 38
-1.179 -1 -1.052 -1 -1.218 -1 -1.286 -1 48
-1.252 -1 -1.084 -1 -1.11 -1 -1.136 -1 6
-1.123 -1 -1.014 -1 -1.106 -1 -1.156 -1 35
-1.131 -1 -1.04 -1 -1.15 -1 -1.19 -1 34
-1.17 -1 -1.048 -1 -1.11 -1 -1.152 -1 26
-1.131 -1 -1.036 -1 -1.07 -1 -1.11 -1 13
-1.09 -1 -1.018 -1 -1.142 -1 -1.198 -1 36
-1.17 -1 -1.05 -1 -1.166 -1 -1.228 -1 38
-1.197 -1 -1.048 -1 -1.062 -1 -1.094 -1 4
-1.078 -1 -1.02 -1 -1.12 -1 -1.188 -1 34
-1.154 -1 -1.05 -1 -1.074 -1 -1.112 -1 6
-1.093 -1 -1.022 -1 -1.074 -1 -1.1 -1 16
-1.087 -1 -1.01 -1 -1.074 -1 -1.094 -1 23
-1.084 -1 -1.022 -1 -1.08 -1 -1.124 -1 21
-1.102 -1 -1.03 -1 -1.094 -1 -1.122 -1 26
-1.108 -1 -1.03 -1 -1.17 -1 -1.262 -1 46
-1.216 -1 -1.082 -1 -1.088 -1 -1.106 -1 2
-1.097 -1 -1.018 -1 -1.042 -1 -1.076 -1 8
-1.059 -1 -1.02 -1 -1.132 -1 -1.194 -1 34
-1.163 -1 -1.042 -1 -1.082 -1 -1.108 -1 14
-1.095 -1 -1.022 -1 -1.186 -1 -1.222 -1 45
-1.204 -1 -1.038 -1 -1.096 -1 -1.136 -1 15
-1.116 -1 -1.032 -1 -1.176 -1 -1.248 -1 45
-1.212 -1 -1.06 -1 -1.142 -1 -1.192 -1 31
-1.167 -1 -1.044 -1 -1.064 -1 -1.092 -1 4
-1.078 -1 -1.014 -1 -1.17 -1 -1.232 -1 45
-1.201 -1 -1.06 -1 -1.09 -1 -1.114 -1 10
-1.102 -1 -1.026 -1 -1.142 -1 -1.184 -1 38
-1.163 -1 -1.038 -1 -1.158 -1 -1.194 -1 38
-1.176 -1 -1.038 -1 -1.114 -1 -1.146 -1 23
-1.13 -1 -1.03 -1 -1.072 -1 -1.092 -1 9
-1.082 -1 -1.012 -1 -1.072 -1 -1.098 -1 15
-1.085 -1 -1.014 -1 -1.138 -1 -1.17 -1 37
-1.154 -1 -1.048 -1 -1.142 -1 -1.16 -1 27
-1.151 -1 -1.032 -1 -1.064 -1 -1.098 -1 11
-1.081 -1 -1.02 -1 -1.13 -1 -1.156 -1 32
-1.143 -1 -1.022 -1 -1.172 -1 -1.232 -1 43
-1.202 -1 -1.064 -1 -1.16 -1 -1.214 -1 28
-1.187 -1 -1.066 -1 -1.178 -1 -1.218 -1 33
-1.198 -1 -1.052 -1 -1.068 -1 -1.094 -1 11
-1.081 -1 -1.018 -1 -1.162 -1 -1.204 -1 43
-1.183 -1 -1.052 -1 -1.206 -1 -1.26 -1 49
-1.233 -1 -1.052 -1 -1.132 -1 -1.174 -1 24
-1.153 -1 -1.046 -1 -1.06 -1 -1.082 -1 5
-1.071 -1 -1.006 -1 -1.096 -1 -1.126 -1 25
-1.111 -1 -1.03 -1 -1.112 -1 -1.146 -1 33
-1.129 -1 -1.02 -1 -1.098 -1 -1.118 -1 19
-1.108 -1 -1.03 -1 -1.148 -1 -1.182 -1 35
-1.165 -1 -1.044 -1 -1.188 -1 -1.268 -1 41
-1.228 -1 -1.074 -1 -1.124 -1 -1.158 -1 16
-1.141 -1 -1.038 -1 -1.06 -1 -1.092 -1 7
-1.076 -1 -1.016 -1 -1.084 -1 -1.106 -1 19
-1.095 -1 -1.018 -1 -1.102 -1 -1.144 -1 30
-1.123 -1 -1.024 -1 -1.188 -1 -1.232 -1 47
-1.21 -1 -1.048 -1 -1.108 -1 -1.132 -1 20
-1.12 -1 -1.028 -1 -1.12 -1 -1.168 -1 38
-1.144 -1 -1.032 -1 -1.032 -1 -1.058 -1 0
-1.045 -1 -1.014 -1 -1.076 -1 -1.1 -1 17
-1.088 -1 -1.018 -1 -1.036 -1 -1.064 -1 8
-1.05 -1 -1.014 -1 -1.078 -1 -1.11 -1 22
-1.094 -1 -1.028 -1 -1.1 -1 -1.122 -1 19
-1.111 -1 -1.028 -1 -1.034 -1 -1.046 -1 3
-1.04 -1 -1.002 -1 -1.066 -1 -1.078 -1 15
-1.072 -1 -1.02 -1 -1.146 -1 -1.202 -1 35
-1.174 -1 -1.052 -1 -1.202 -1 -1.244 -1 49
-1.223 -1 -1.056 -1 -1.154 -1 -1.192 -1 34
-1.173 -1 -1.042 -1 -1.096 -1 -1.158 -1 19
-1.127 -1 -1.036 -1 -1.11 -1 -1.15 -1 20
-1.13 -1 -1.028 -1 -1.18 -1 -1.218 -1 44
-1.199 -1 -1.066 -1 -1.152 -1 -1.202 -1 31
-1.177 -1 -1.042 -1 -1.168 -1 -1.204 -1 38
-1.186 -1 -1.038 -1 -1.128 -1 -1.186 -1 23
-1.157 -1 -1.048 -1 -1.226 -1 -1.28 -1 49
-1.253 -1 -1.064 -1 -1.192 -1 -1.226 -1 38
-1.209 -1 -1.042 -1 -1.178 -1 -1.25 -1 41
-1.214 -1 -1.076 -1 -1.14 -1 -1.192 -1 24
-1.166 -1 -1.046 -1 -1.142 -1 -1.2 -1 28
-1.171 -1 -1.044 -1 -1.054 -1 -1.084 -1 2
-1.069 -1 -1.008 -1 -1.15 -1 -1.194 -1 40
-1.172 -1 -1.056 -1 -1.214 -1 -1.282 -1 47
-1.248 -1 -1.07 -1 -1.13 -1 -1.152 -1 13
-1.141 -1 -1.024 -1 -1.118 -1 -1.158 -1 24
-1.138 -1 -1.042 -1 -1.06 -1 -1.092 -1 5
-1.076 -1 -1.028 -1 -1.114 -1 -1.144 -1 22
-1.129 -1 -1.03 -1 -1.03 -1 -1.038 -1 0
-1.034 -1 -1.002 -1 -1.138 -1 -1.194 -1 49
-1.166 -1 -1.056 -1 -1.056 -1 -1.078 -1 0
-1.067 -1 -1.01 -1 -1.092 -1 -1.126 -1 26
-1.109 -1 -1.036 -1 -1.036 -1 -1.058 -1 0
-1.047 -1 -1.012 -1 -1.074 -1 -1.12 -1 18
-1.097 -1 -1.038 -1 -1.088 -1 -1.13 -1 21
-1.109 -1 -1.028 -1 -1.128 -1 -1.178 -1 34
-1.153 -1 -1.05 -1 -1.086 -1 -1.106 -1 11
-1.096 -1 -1.02 -1 -1.128 -1 -1.158 -1 38
-1.143 -1 -1.036 -1 -1.164 -1 -1.216 -1 39
-1.19 -1 -1.062 -1 -1.136 -1 -1.176 -1 21
-1.156 -1 -1.038 -1 -1.072 -1 -1.098 -1 10
-1.085 -1 -1.022 -1 -1.146 -1 -1.21 -1 40
-1.178 -1 -1.056 -1 -1.08 -1 -1.094 -1 6
-1.087 -1 -1.012 -1 -1.142 -1 -1.18 -1 39
-1.161 -1 -1.05 -1 -1.146 -1 -1.194 -1 33
-1.17 -1 -1.048 -1 -1.124 -1 -1.172 -1 26
-1.148 -1 -1.026 -1 -1.064 -1 -1.082 -1 13
-1.073 -1 -1.022 -1 -1.11 -1 -1.136 -1 30
-1.123 -1 -1.024 -1 -1.116 -1 -1.174 -1 29
-1.145 -1 -1.038 -1 -1.152 -1 -1.21 -1 35
-1.181 -1 -1.052 -1 -1.138 -1 -1.188 -1 32
-1.163 -1 -1.038 -1 -1.07 -1 -1.094 -1 10
-1.082 -1 -1.022 -1 -1.124 -1 -1.186 -1 34
-1.155 -1 -1.05 -1 -1.134 -1 -1.174 -1 22
-1.154 -1 -1.038 -1 -1.038 -1 -1.058 -1 0
-1.048 -1 -1.004 -1 -1.096 -1 -1.14 -1 34
-1.118 -1 -1.032 -1 -1.084 -1 -1.118 -1 13
-1.101 -1 -1.018 -1 -1.128 -1 -1.17 -1 29
-1.149 -1 -1.038 -1 -1.06 -1 -1.084 -1 7
-1.072 -1 -1.018 -1 -1.186 -1 -1.23 -1 47
-1.208 -1 -1.06 -1 -1.128 -1 -1.168 -1 27
-1.148 -1 -1.044 -1 -1.118 -1 -1.166 -1 22
-1.142 -1 -1.044 -1 -1.122 -1 -1.162 -1 23
-1.142 -1 -1.038 -1 -1.062 -1 -1.094 -1 5
-1.078 -1 -1.014 -1 -1.076 -1 -1.128 -1 20
-1.102 -1 -1.032 -1 -1.066 -1 -1.074 -1 9
-1.07 -1 -1.008 -1 -1.036 -1 -1.052 -1 9
-1.044 -1 -1.008 -1 -1.132 -1 -1.164 -1 42
-1.148 -1 -1.04 -1 -1.05 -1 -1.066 -1 4
-1.058 -1 -1.006 -1 -1.132 -1 -1.158 -1 42
-1.145 -1 -1.054 -1 -1.054 -1 -1.076 -1 1
-1.065 -1 -1.018 -1 -1.046 -1 -1.068 -1 12
-1.057 -1 -1.012 -1 -1.076 -1 -1.104 -1 15
-1.09 -1 -1.014 -1 -1.034 -1 -1.046 -1 7
-1.04 -1 -1.008 -1 -1.03 -1 -1.052 -1 10
-1.041 -1 -1.01 -1 -1.034 -1 -1.054 -1 8
-1.044 -1 -1.014 -1 -1.036 -1 -1.042 -1 6
-1.039 -1 -1.006 -1 -1.096 -1 -1.13 -1 30
-1.113 -1 -1.038 -1 -1.12 -1 -1.14 -1 29
-1.13 -1 -1.03 -1 -1.118 -1 -1.144 -1 25
-1.131 -1 -1.03 -1 -1.062 -1 -1.08 -1 9
-1.071 -1 -1.006 -1 -1.126 -1 -1.16 -1 37
-1.143 -1 -1.038 -1 -1.062 -1 -1.092 -1 8
-1.077 -1 -1.014 -1 -1.034 -1 -1.05 -1 4
-1.042 -1 -1.01 -1 -1.19 -1 -1.214 -1 49
-1.202 -1 -1.066 -1 -1.144 -1 -1.18 -1 23
-1.162 -1 -1.034 -1 -1.14 -1 -1.222 -1 40
-1.181 -1 -1.06 -1 -1.12 -1 -1.182 -1 21
-1.151 -1 -1.048 -1 -1.182 -1 -1.228 -1 40
-1.205 -1 -1.062 -1 -1.114 -1 -1.172 -1 21
-1.143 -1 -1.03 -1 -1.11 -1 -1.15 -1 20
-1.13 -1 -1.03 -1 -1.058 -1 -1.086 -1 9
-1.072 -1 -1.012 -1 -1.042 -1 -1.056 -1 10
-1.049 -1 -1.012 -1 -1.138 -1 -1.192 -1 41
-1.165 -1 -1.058 -1 -1.082 -1 -1.114 -1 9
-1.098 -1 -1.028 -1 -1.13 -1 -1.15 -1 24
-1.14 -1 -1.02 -1 -1.084 -1 -1.118 -1 16
-1.101 -1 -1.034 -1 -1.186 -1 -1.266 -1 46
-1.226 -1 -1.07 -1 -1.178 -1 -1.218 -1 41
-1.198 -1 -1.058 -1 -1.086 -1 -1.114 -1 11
-1.1 -1 -1.03 -1 -1.058 -1 -1.07 -1 10
-1.064 -1 -1.012 -1 -1.046 -1 -1.068 -1 9
-1.057 -1 -1.012 -1 -1.11 -1 -1.148 -1 29
-1.129 -1 -1.028 -1 -1.042 -1 -1.064 -1 4
-1.053 -1 -1.008 -1 -1.16 -1 -1.204 -1 42
-1.182 -1 -1.038 -1 -1.088 -1 -1.124 -1 16
-1.106 -1 -1.026 -1 -1.136 -1 -1.156 -1 28
-1.146 -1 -1.026 -1 -1.062 -1 -1.08 -1 12
-1.071 -1 -1.02 -1 -1.068 -1 -1.082 -1 17
-1.075 -1 -1.012 -1 -1.144 -1 -1.198 -1 44
-1.171 -1 -1.058 -1 -1.076 -1 -1.108 -1 8
-1.092 -1 -1.02 -1 -1.044 -1 -1.06 -1 8
-1.052 -1 -1.016 -1 -1.146 -1 -1.206 -1 42
-1.176 -1 -1.054 -1 -1.09 -1 -1.134 -1 10
-1.112 -1 -1.024 -1 -1.166 -1 -1.208 -1 43
-1.187 -1 -1.06 -1 -1.094 -1 -1.116 -1 14
-1.105 -1 -1.016 -1 -1.054 -1 -1.082 -1 10
-1.068 -1 -1.014 -1 -1.09 -1 -1.116 -1 19
-1.103 -1 -1.024 -1 -1.028 -1 -1.042 -1 3
-1.035 -1 -1.01 -1 -1.04 -1 -1.068 -1 13
-1.054 -1 -1.004 -1 -1.114 -1 -1.156 -1 40
-1.135 -1 -1.056 -1 -1.072 -1 -1.084 -1 6
-1.078 -1 -1.016 -1 -1.032 -1 -1.06 -1 6
-1.046 -1 -1.012 -1 -1.142 -1 -1.214 -1 43
-1.178 -1 -1.07 -1 -1.214 -1 -1.288 -1 48
-1.251 -1 -1.09 -1 -1.134 -1 -1.182 -1 12
-1.158 -1 -1.05 -1 -1.05 -1 -1.082 -1 0
-1.066 -1 -1.016 -1 -1.17 -1 -1.234 -1 46
-1.202 -1 -1.064 -1 -1.092 -1 -1.116 -1 8
-1.104 -1 -1.024 -1 -1.16 -1 -1.21 -1 36
-1.185 -1 -1.062 -1 -1.096 -1 -1.124 -1 11
-1.11 -1 -1.022 -1 -1.1 -1 -1.13 -1 27
-1.115 -1 -1.03 -1 -1.092 -1 -1.122 -1 17
-1.107 -1 -1.038 -1 -1.214 -1 -1.256 -1 46
-1.235 -1 -1.07 -1 -1.128 -1 -1.152 -1 18
-1.14 -1 -1.036 -1 -1.162 -1 -1.212 -1 38
-1.187 -1 -1.068 -1 -1.136 -1 -1.19 -1 19
-1.163 -1 -1.046 -1 -1.078 -1 -1.108 -1 12
-1.093 -1 -1.024 -1 -1.162 -1 -1.252 -1 41
-1.207 -1 -1.074 -1 -1.2 -1 -1.254 -1 38
-1.227 -1 -1.078 -1 -1.172 -1 -1.218 -1 36
-1.195 -1 -1.042 -1 -1.042 -1 -1.064 -1 0
-1.053 -1 -1.006 -1 -1.074 -1 -1.12 -1 24
-1.097 -1 -1.026 -1 -1.19 -1 -1.24 -1 48
-1.215 -1 -1.058 -1 -1.094 -1 -1.136 -1 16
-1.115 -1 -1.02 -1 -1.034 -1 -1.076 -1 3
-1.055 -1 -1.008 -1 -1.158 -1 -1.216 -1 43
-1.187 -1 -1.056 -1 -1.144 -1 -1.208 -1 29
-1.176 -1 -1.054 -1 -1.182 -1 -1.218 -1 37
-1.2 -1 -1.048 -1 -1.18 -1 -1.246 -1 40
-1.213 -1 -1.06 -1 -1.126 -1 -1.184 -1 18
-1.155 -1 -1.038 -1 -1.062 -1 -1.106 -1 5
-1.084 -1 -1.02 -1 -1.048 -1 -1.076 -1 10
-1.062 -1 -1.012 -1 -1.146 -1 -1.182 -1 43
-1.164 -1 -1.048 -1 -1.164 -1 -1.216 -1 31
-1.19 -1 -1.046 -1 -1.192 -1 -1.226 -1 39
-1.209 -1 -1.058 -1 -1.232 -1 -1.316 -1 49
-1.274 -1 -1.084 -1 -1.18 -1 -1.222 -1 31
-1.201 -1 -1.048 -1 -1.048 -1 -1.064 -1 0
-1.056 -1 -1.006 -1 -1.072 -1 -1.106 -1 27
-1.089 -1 -1.028 -1 -1.17 -1 -1.226 -1 47
-1.198 -1 -1.058 -1 -1.192 -1 -1.24 -1 35
-1.216 -1 -1.062 -1 -1.144 -1 -1.192 -1 33
-1.168 -1 -1.046 -1 -1.198 -1 -1.268 -1 48
-1.233 -1 -1.06 -1 -1.084 -1 -1.106 -1 8
-1.095 -1 -1.012 -1 -1.032 -1 -1.048 -1 6
-1.04 -1 -1.014 -1 -1.086 -1 -1.098 -1 24
-1.092 -1 -1.012 -1 -1.114 -1 -1.15 -1 28
-1.132 -1 -1.036 -1 -1.05 -1 -1.066 -1 5
-1.058 -1 -1.002 -1 -1.112 -1 -1.17 -1 39
-1.141 -1 -1.052 -1 -1.106 -1 -1.136 -1 15
-1.121 -1 -1.034 -1 -1.108 -1 -1.156 -1 20
-1.132 -1 -1.026 -1 -1.052 -1 -1.066 -1 6
-1.059 -1 -1.01 -1 -1.14 -1 -1.194 -1 39
-1.167 -1 -1.048 -1 -1.226 -1 -1.298 -1 47
-1.262 -1 -1.07 -1 -1.182 -1 -1.244 -1 38
-1.213 -1 -1.052 -1 -1.156 -1 -1.196 -1 31
-1.176 -1 -1.07 -1 -1.216 -1 -1.28 -1 46
-1.248 -1 -1.08 -1 -1.09 -1 -1.13 -1 3
-1.11 -1 -1.026 -1 -1.1 -1 -1.134 -1 24
-1.117 -1 -1.032 -1 -1.12 -1 -1.194 -1 26
-1.157 -1 -1.04 -1 -1.094 -1 -1.126 -1 15
-1.11 -1 -1.024 -1 -1.144 -1 -1.198 -1 37
-1.171 -1 -1.048 -1 -1.206 -1 -1.29 -1 49
-1.248 -1 -1.068 -1 -1.158 -1 -1.212 -1 24
-1.185 -1 -1.046 -1 -1.182 -1 -1.24 -1 37
-1.211 -1 -1.062 -1 -1.106 -1 -1.138 -1 12
-1.122 -1 -1.028 -1 -1.104 -1 -1.15 -1 23
-1.127 -1 -1.034 -1 -1.182 -1 -1.232 -1 43
-1.207 -1 -1.056 -1 -1.172 -1 -1.216 -1 31
-1.194 -1 -1.056 -1 -1.164 -1 -1.208 -1 35
-1.186 -1 -1.066 -1 -1.104 -1 -1.142 -1 14
-1.123 -1 -1.028 -1 -1.184 -1 -1.224 0 40
