7 1000 0.9 1 47 0 0 0 0
-3.262 -1 -3.136 -1 -3.174 -1 -3.174 -1 151
-3.174 -1 -3.036 -1 -3.082 -1 -3.196 -1 288
-3.139 -1 -3.014 -1 -3.08 -1 -3.09 -1 248
-3.085 -1 -3.004 -1 -3.012 -1 -3.038 -1 57
-3.025 -1 -2.9 -1 -3.02 -1 -3.174 -1 368
-3.097 -1 -2.998 -1 -3.008 -1 -3.09 -1 143
-3.049 -1 -2.88 -1 -3.08 -1 -3.12 -1 428
-3.1 -1 -3.008 -1 -3.046 -1 -3.126 -1 179
-3.086 -1 -3.052 -1 -3.092 -1 -3.1 -1 397
-3.096 -1 -2.964 -1 -2.988 -1 -3.15 -1 91
-3.069 -1 -2.944 -1 -2.954 -1 -3.058 -1 29
-3.006 -1 -2.818 -1 -2.948 -1 -3.096 -1 332
-3.022 -1 -2.902 -1 -2.908 -1 -3.014 -1 27
-2.961 -1 -2.828 -1 -2.944 -1 -3.006 -1 426
-2.975 -1 -2.846 -1 -2.862 -1 -2.99 -1 15
-2.926 -1 -2.796 -1 -2.966 -1 -3.082 -1 352
-3.024 -1 -2.886 -1 -3.014 -1 -3.104 -1 281
-3.059 -1 -2.892 -1 -2.952 -1 -3.012 -1 132
-2.982 -1 -2.866 -1 -2.904 -1 -3.022 -1 98
-2.963 -1 -2.81 -1 -2.928 -1 -3.042 -1 246
-2.985 -1 -2.864 -1 -3.062 -1 -3.192 -1 421
-3.127 -1 -2.946 -1 -2.992 -1 -3.064 -1 169
-3.028 -1 -2.876 -1 -3.042 -1 -3.086 -1 449
-3.064 -1 -2.982 -1 -3.036 -1 -3.13 -1 123
-3.083 -1 -2.992 -1 -3.044 -1 -3.106 -1 315
-3.075 -1 -2.894 -1 -2.946 -1 -3.108 -1 121
-3.027 -1 -2.904 -1 -2.912 -1 -3.03 -1 19
-2.971 -1 -2.844 -1 -2.98 -1 -3.126 -1 336
-3.053 -1 -2.938 -1 -3.028 -1 -3.164 -1 205
-3.096 -1 -2.976 -1 -3.032 -1 -3.136 -1 208
-3.084 -1 -2.982 -1 -3.03 -1 -3.1 -1 326
-3.065 -1 -2.918 -1 -2.956 -1 -3.068 -1 125
-3.012 -1 -2.914 -1 -2.986 -1 -3.078 -1 283
-3.032 -1 -2.932 -1 -3.02 -1 -3.144 -1 278
-3.082 -1 -2.988 -1 -2.974 -1 -3.084 -1 51
-3.029 -1 -2.878 -1 -2.888 -1 -3 -1 18
-2.944 -1 -2.856 -1 -2.948 -1 -3.046 -1 248
-2.997 -1 -2.898 -1 -2.938 -1 -3.002 -1 185
-2.97 -1 -2.802 -1 -2.898 -1 -3.11 -1 181
-3.004 -1 -2.858 -1 -3.028 -1 -3.062 -1 416
-3.045 -1 -2.95 -1 -2.96 -1 -3.086 -1 44
-3.023 -1 -2.868 -1 -2.92 -1 -2.994 -1 209
-2.957 -1 -2.746 -1 -2.852 -1 -3.04 -1 149
-2.946 -1 -2.802 -1 -2.902 -1 -3.024 -1 304
-2.963 -1 -2.84 -1 -2.936 -1 -3.13 -1 155
-3.033 -1 -2.9 -1 -3.054 -1 -3.032 -1 338
-3.043 -1 -2.95 -1 -2.946 -1 -3.046 0 10
