8 1000 0.5 3 67 0 0 0 0
-3.447 -1 -3.092 -1 -3.098 -1 -3.332 -1 20
-3.215 -1 -2.89 -1 -2.922 -1 -3.132 -1 67
-3.027 -1 -2.696 -1 -2.798 -1 -3.06 -1 140
-2.929 -1 -2.642 -1 -2.684 -1 -3.054 -1 65
-2.869 -1 -2.54 -1 -2.736 -1 -3.03 -1 179
-2.883 -1 -2.564 -1 -2.692 -1 -3.04 -1 103
-2.866 -1 -2.576 -1 -2.598 -1 -2.978 -1 21
-2.788 -1 -2.48 -1 -2.514 -1 -2.944 -1 47
-2.729 -1 -2.4 -1 -2.418 -1 -2.896 -1 9
-2.657 -1 -2.394 -1 -2.572 -1 -2.886 -1 170
-2.729 -1 -2.462 -1 -2.5 -1 -2.91 -1 34
-2.705 -1 -2.436 -1 -2.654 -1 -3 -1 183
-2.827 -1 -2.494 -1 -2.504 -1 -2.876 -1 9
-2.69 -1 -2.406 -1 -2.504 -1 -2.874 -1 74
-2.689 -1 -2.374 -1 -2.494 -1 -2.81 -1 90
-2.652 -1 -2.352 -1 -2.468 -1 -2.81 -1 118
-2.639 -1 -2.344 -1 -2.574 -1 -2.906 -1 169
-2.74 -1 -2.418 -1 -2.688 -1 -2.946 -1 237
-2.817 -1 -2.468 -1 -2.678 -1 -2.932 -1 213
-2.805 -1 -2.502 -1 -2.59 -1 -2.904 -1 72
-2.747 -1 -2.482 -1 -2.658 -1 -2.958 -1 129
-2.808 -1 -2.492 -1 -2.684 -1 -2.99 -1 210
-2.837 -1 -2.494 -1 -2.636 -1 -2.95 -1 159
-2.793 -1 -2.52 -1 -2.722 -1 -2.97 -1 189
-2.846 -1 -2.574 -1 -2.658 -1 -2.904 -1 73
-2.781 -1 -2.484 -1 -2.584 -1 -2.902 -1 83
-2.743 -1 -2.46 -1 -2.598 -1 -2.874 -1 132
-2.736 -1 -2.436 -1 -2.648 -1 -2.918 -1 161
-2.783 -1 -2.496 -1 -2.628 -1 -2.912 -1 108
-2.77 -1 -2.478 -1 -2.71 -1 -3.026 -1 210
-2.868 -1 -2.554 -1 -2.674 -1 -2.998 -1 110
-2.836 -1 -2.528 -1 -2.578 -1 -2.97 -1 37
-2.774 -1 -2.46 -1 -2.606 -1 -2.87 -1 103
-2.738 -1 -2.418 -1 -2.47 -1 -2.838 -1 32
-2.654 -1 -2.364 -1 -2.374 -1 -2.768 -1 9
-2.571 -1 -2.344 -1 -2.524 -1 -2.894 -1 157
-2.709 -1 -2.386 -1 -2.47 -1 -2.872 -1 67
-2.671 -1 -2.338 -1 -2.354 -1 -2.752 -1 33
-2.553 -1 -2.23 -1 -2.288 -1 -2.714 -1 45
-2.501 -1 -2.198 -1 -2.434 -1 -2.802 -1 154
-2.618 -1 -2.344 -1 -2.44 -1 -2.746 -1 63
-2.593 -1 -2.282 -1 -2.378 -1 -2.764 -1 63
-2.571 -1 -2.28 -1 -2.516 -1 -2.844 -1 154
-2.68 -1 -2.396 -1 -2.466 -1 -2.75 -1 57
-2.608 -1 -2.276 -1 -2.374 -1 -2.76 -1 56
-2.567 -1 -2.288 -1 -2.504 -1 -2.844 -1 210
-2.674 -1 -2.324 -1 -2.616 -1 -2.91 -1 241
-2.763 -1 -2.464 -1 -2.502 -1 -2.806 -1 72
-2.654 -1 -2.364 -1 -2.41 -1 -2.82 -1 41
-2.615 -1 -2.308 -1 -2.612 -1 -2.92 -1 237
-2.766 -1 -2.472 -1 -2.636 -1 -2.898 -1 146
-2.767 -1 -2.448 -1 -2.534 -1 -2.898 -1 77
-2.716 -1 -2.428 -1 -2.434 -1 -2.76 -1 6
-2.597 -1 -2.32 -1 -2.484 -1 -2.824 -1 142
-2.654 -1 -2.374 -1 -2.432 -1 -2.75 -1 59
-2.591 -1 -2.258 -1 -2.474 -1 -2.846 -1 169
-2.66 -1 -2.346 -1 -2.58 -1 -2.868 -1 162
-2.724 -1 -2.388 -1 -2.47 -1 -2.812 -1 71
-2.641 -1 -2.312 -1 -2.554 -1 -2.85 -1 181
-2.702 -1 -2.388 -1 -2.622 -1 -2.926 -1 182
-2.774 -1 -2.42 -1 -2.478 -1 -2.78 -1 90
-2.629 -1 -2.324 -1 -2.36 -1 -2.726 -1 40
-2.543 -1 -2.258 -1 -2.322 -1 -2.652 -1 53
-2.487 -1 -2.202 -1 -2.4 -1 -2.704 -1 152
-2.552 -1 -2.204 -1 -2.39 -1 -2.784 -1 125
-2.587 -1 -2.286 -1 -2.482 -1 -2.794 -1 196
-2.638 -1 -2.324 -1 -2.332 -1 -2.708 0 8
