8 1000 0.7 5 16 0 0 0 0
-3.488 -1 -3.094 -1 -3.1 -1 -3.208 -1 10
-3.154 -1 -2.788 -1 -2.808 -1 -3.122 -1 60
-2.965 -1 -2.628 -1 -2.94 -1 -3.168 -1 306
-3.054 -1 -2.68 -1 -2.902 -1 -3.196 -1 262
-3.049 -1 -2.664 -1 -2.922 -1 -3.112 -1 345
-3.017 -1 -2.678 -1 -2.896 -1 -3.126 -1 219
-3.011 -1 -2.62 -1 -2.63 -1 -3.048 -1 7
-2.839 -1 -2.53 -1 -2.818 -1 -3.07 -1 309
-2.944 -1 -2.536 -1 -2.732 -1 -3.064 -1 207
-2.898 -1 -2.516 -1 -2.654 -1 -2.932 -1 121
-2.793 -1 -2.4 -1 -2.41 -1 -2.842 -1 18
-2.626 -1 -2.31 -1 -2.574 -1 -2.962 -1 229
-2.768 -1 -2.396 -1 -2.516 -1 -2.842 -1 102
-2.679 -1 -2.35 -1 -2.426 -1 -2.804 -1 58
-2.615 -1 -2.264 -1 -2.286 -1 -2.778 -1 22
-2.532 -1 -2.206 -1 -2.558 -1 -3.006 0 292
