9 1000 0.6 10 158 0 0 0 0
-3.667 -1 -3.162 -1 -3.238 -1 -3.412 -1 94
-3.325 -1 -2.844 -1 -2.916 -1 -3.218 -1 86
-3.067 -1 -2.628 -1 -2.84 -1 -3.202 -1 176
-3.021 -1 -2.594 -1 -2.702 -1 -3.056 -1 115
-2.879 -1 -2.504 -1 -2.658 -1 -3.054 -1 108
-2.856 -1 -2.466 -1 -2.766 -1 -3.144 -1 258
-2.955 -1 -2.498 -1 -2.552 -1 -3.04 -1 31
-2.796 -1 -2.402 -1 -2.524 -1 -2.908 -1 99
-2.716 -1 -2.302 -1 -2.38 -1 -2.982 -1 42
-2.681 -1 -2.322 -1 -2.722 -1 -3.126 -1 285
-2.924 -1 -2.454 -1 -2.466 -1 -2.958 -1 17
-2.712 -1 -2.36 -1 -2.68 -1 -3.098 -1 239
-2.889 -1 -2.434 -1 -2.442 -1 -3 -1 7
-2.721 -1 -2.358 -1 -2.618 -1 -3.02 -1 200
-2.819 -1 -2.388 -1 -2.538 -1 -2.994 -1 117
-2.766 -1 -2.366 -1 -2.516 -1 -2.91 -1 98
-2.713 -1 -2.312 -1 -2.68 -1 -3.012 -1 299
-2.846 -1 -2.388 -1 -2.478 -1 -2.972 -1 79
-2.725 -1 -2.326 -1 -2.694 -1 -3.078 -1 243
-2.886 -1 -2.428 -1 -2.532 -1 -2.966 -1 66
-2.749 -1 -2.374 -1 -2.75 -1 -3.104 -1 297
-2.927 -1 -2.48 -1 -2.7 -1 -3.114 -1 119
-2.907 -1 -2.43 -1 -2.694 -1 -3.026 -1 204
-2.86 -1 -2.428 -1 -2.526 -1 -2.986 -1 76
-2.756 -1 -2.372 -1 -2.612 -1 -3.028 -1 190
-2.82 -1 -2.384 -1 -2.59 -1 -3.05 -1 148
-2.82 -1 -2.396 -1 -2.562 -1 -2.988 -1 108
-2.775 -1 -2.366 -1 -2.54 -1 -2.952 -1 129
-2.746 -1 -2.316 -1 -2.448 -1 -2.932 -1 82
-2.69 -1 -2.308 -1 -2.352 -1 -2.884 -1 38
-2.618 -1 -2.264 -1 -2.698 -1 -3.094 -1 296
-2.896 -1 -2.436 -1 -2.464 -1 -2.84 -1 16
-2.652 -1 -2.278 -1 -2.668 -1 -3.05 -1 251
-2.859 -1 -2.426 -1 -2.478 -1 -2.822 -1 45
-2.65 -1 -2.29 -1 -2.568 -1 -3.04 -1 191
-2.804 -1 -2.354 -1 -2.416 -1 -2.85 -1 33
-2.633 -1 -2.258 -1 -2.426 -1 -2.926 -1 107
-2.676 -1 -2.278 -1 -2.498 -1 -2.908 -1 149
-2.703 -1 -2.322 -1 -2.368 -1 -2.722 -1 21
-2.545 -1 -2.22 -1 -2.35 -1 -2.848 -1 76
-2.599 -1 -2.224 -1 -2.264 -1 -2.778 -1 33
-2.521 -1 -2.168 -1 -2.35 -1 -2.876 -1 99
-2.613 -1 -2.174 -1 -2.568 -1 -3.014 -1 239
-2.791 -1 -2.31 -1 -2.664 -1 -3.074 -1 291
-2.869 -1 -2.424 -1 -2.542 -1 -2.98 -1 69
-2.761 -1 -2.336 -1 -2.674 -1 -3.026 -1 224
-2.85 -1 -2.374 -1 -2.612 -1 -2.962 -1 203
-2.787 -1 -2.346 -1 -2.506 -1 -2.938 -1 111
-2.722 -1 -2.338 -1 -2.656 -1 -2.948 -1 209
-2.802 -1 -2.38 -1 -2.57 -1 -2.968 -1 147
-2.769 -1 -2.336 -1 -2.73 -1 -3.088 -1 288
-2.909 -1 -2.47 -1 -2.602 -1 -3.02 -1 129
-2.811 -1 -2.394 -1 -2.442 -1 -2.97 -1 29
-2.706 -1 -2.356 -1 -2.504 -1 -2.934 -1 96
-2.719 -1 -2.312 -1 -2.628 -1 -2.998 -1 196
-2.813 -1 -2.392 -1 -2.416 -1 -2.968 -1 24
-2.692 -1 -2.33 -1 -2.396 -1 -2.882 -1 63
-2.639 -1 -2.256 -1 -2.488 -1 -2.924 -1 178
-2.706 -1 -2.298 -1 -2.498 -1 -2.96 -1 125
-2.729 -1 -2.34 -1 -2.522 -1 -2.922 -1 109
-2.722 -1 -2.31 -1 -2.632 -1 -3.018 -1 256
-2.825 -1 -2.37 -1 -2.66 -1 -3.05 -1 209
-2.855 -1 -2.404 -1 -2.748 -1 -3.118 -1 296
-2.933 -1 -2.498 -1 -2.842 -1 -3.138 -1 297
-2.99 -1 -2.542 -1 -2.828 -1 -3.12 -1 261
-2.974 -1 -2.528 -1 -2.71 -1 -3.058 -1 157
-2.884 -1 -2.47 -1 -2.722 -1 -3.05 -1 217
-2.886 -1 -2.466 -1 -2.642 -1 -3.042 -1 141
-2.842 -1 -2.45 -1 -2.798 -1 -3.122 -1 289
-2.96 -1 -2.49 -1 -2.546 -1 -3.026 -1 31
-2.786 -1 -2.412 -1 -2.454 -1 -2.856 -1 28
-2.655 -1 -2.322 -1 -2.572 -1 -3.032 -1 155
-2.802 -1 -2.414 -1 -2.5 -1 -2.91 -1 62
-2.705 -1 -2.32 -1 -2.6 -1 -2.986 -1 172
-2.793 -1 -2.37 -1 -2.392 -1 -2.868 -1 16
-2.63 -1 -2.264 -1 -2.316 -1 -2.84 -1 55
-2.578 -1 -2.228 -1 -2.33 -1 -2.854 -1 84
-2.592 -1 -2.222 -1 -2.452 -1 -2.886 -1 156
-2.669 -1 -2.266 -1 -2.574 -1 -2.924 -1 212
-2.749 -1 -2.318 -1 -2.476 -1 -2.918 -1 104
-2.697 -1 -2.272 -1 -2.598 -1 -2.952 -1 244
-2.775 -1 -2.338 -1 -2.494 -1 -2.912 -1 96
-2.703 -1 -2.298 -1 -2.49 -1 -2.944 -1 141
-2.717 -1 -2.306 -1 -2.368 -1 -2.832 -1 37
-2.6 -1 -2.24 -1 -2.654 -1 -3.074 -1 280
-2.864 -1 -2.392 -1 -2.512 -1 -2.89 -1 82
-2.701 -1 -2.258 -1 -2.316 -1 -2.772 -1 45
-2.544 -1 -2.156 -1 -2.26 -1 -2.716 -1 64
-2.488 -1 -2.106 -1 -2.336 -1 -2.8 -1 114
-2.568 -1 -2.14 -1 -2.226 -1 -2.726 -1 44
-2.476 -1 -2.128 -1 -2.564 -1 -2.984 -1 268
-2.774 -1 -2.308 -1 -2.71 -1 -2.992 -1 299
-2.851 -1 -2.348 -1 -2.448 -1 -2.918 -1 68
-2.683 -1 -2.27 -1 -2.466 -1 -2.862 -1 130
-2.664 -1 -2.236 -1 -2.48 -1 -2.886 -1 170
-2.683 -1 -2.214 -1 -2.43 -1 -2.9 -1 118
-2.665 -1 -2.216 -1 -2.574 -1 -2.964 -1 260
-2.769 -1 -2.32 -1 -2.372 -1 -2.834 -1 33
-2.603 -1 -2.196 -1 -2.326 -1 -2.82 -1 79
-2.573 -1 -2.206 -1 -2.352 -1 -2.87 -1 82
-2.611 -1 -2.266 -1 -2.558 -1 -2.9 -1 165
-2.729 -1 -2.306 -1 -2.474 -1 -2.868 -1 142
-2.671 -1 -2.274 -1 -2.606 -1 -2.958 -1 239
-2.782 -1 -2.318 -1 -2.426 -1 -2.88 -1 84
-2.653 -1 -2.258 -1 -2.412 -1 -2.884 -1 127
-2.648 -1 -2.27 -1 -2.48 -1 -2.804 -1 190
-2.642 -1 -2.262 -1 -2.554 -1 -2.89 -1 197
-2.722 -1 -2.334 -1 -2.466 -1 -2.844 -1 111
-2.655 -1 -2.25 -1 -2.656 -1 -2.97 -1 292
-2.813 -1 -2.372 -1 -2.7 -1 -3.024 -1 247
-2.862 -1 -2.414 -1 -2.61 -1 -2.944 -1 188
-2.777 -1 -2.374 -1 -2.456 -1 -2.874 -1 46
-2.665 -1 -2.282 -1 -2.538 -1 -2.896 -1 168
-2.717 -1 -2.288 -1 -2.632 -1 -2.986 -1 219
-2.809 -1 -2.354 -1 -2.582 -1 -2.928 -1 127
-2.755 -1 -2.36 -1 -2.664 -1 -3.008 -1 201
-2.836 -1 -2.43 -1 -2.564 -1 -2.95 -1 108
-2.757 -1 -2.356 -1 -2.42 -1 -2.792 -1 46
-2.606 -1 -2.238 -1 -2.282 -1 -2.756 -1 26
-2.519 -1 -2.184 -1 -2.392 -1 -2.878 -1 126
-2.635 -1 -2.244 -1 -2.36 -1 -2.806 -1 68
-2.583 -1 -2.212 -1 -2.642 -1 -2.958 -1 284
-2.8 -1 -2.314 -1 -2.558 -1 -2.992 -1 211
-2.775 -1 -2.342 -1 -2.358 -1 -2.81 -1 6
-2.584 -1 -2.21 -1 -2.64 -1 -2.996 -1 263
-2.818 -1 -2.354 -1 -2.374 -1 -2.832 -1 14
-2.603 -1 -2.236 -1 -2.284 -1 -2.77 -1 41
-2.527 -1 -2.162 -1 -2.516 -1 -2.802 -1 275
-2.659 -1 -2.192 -1 -2.306 -1 -2.712 -1 73
-2.509 -1 -2.112 -1 -2.46 -1 -2.846 -1 208
-2.653 -1 -2.198 -1 -2.354 -1 -2.786 -1 100
-2.57 -1 -2.174 -1 -2.244 -1 -2.702 -1 51
-2.473 -1 -2.124 -1 -2.484 -1 -2.836 -1 204
-2.66 -1 -2.232 -1 -2.23 -1 -2.646 -1 1
-2.438 -1 -2.064 -1 -2.276 -1 -2.642 -1 128
-2.459 -1 -2.062 -1 -2.216 -1 -2.656 -1 80
-2.436 -1 -2.028 -1 -2.342 -1 -2.736 -1 169
-2.539 -1 -2.074 -1 -2.206 -1 -2.69 -1 84
-2.448 -1 -1.994 -1 -2.282 -1 -2.624 -1 158
-2.453 -1 -1.986 -1 -2.35 -1 -2.68 -1 191
-2.515 -1 -2.006 -1 -2.446 -1 -2.76 -1 265
-2.603 -1 -2.108 -1 -2.5 -1 -2.784 -1 193
-2.642 -1 -2.168 -1 -2.396 -1 -2.762 -1 144
-2.579 -1 -2.164 -1 -2.298 -1 -2.688 -1 73
-2.493 -1 -2.078 -1 -2.14 -1 -2.578 -1 35
-2.359 -1 -1.982 -1 -2.312 -1 -2.64 -1 209
-2.476 -1 -2.022 -1 -2.26 -1 -2.578 -1 121
-2.419 -1 -1.99 -1 -2.044 -1 -2.496 -1 32
-2.27 -1 -1.922 -1 -2.164 -1 -2.508 -1 128
-2.336 -1 -1.906 -1 -2.31 -1 -2.744 -1 231
-2.527 -1 -2.044 -1 -2.33 -1 -2.644 -1 157
-2.487 -1 -2.048 -1 -2.376 -1 -2.624 -1 162
-2.5 -1 -2.044 -1 -2.28 -1 -2.63 -1 146
-2.455 -1 -1.976 -1 -2.064 -1 -2.448 -1 42
-2.256 -1 -1.86 -1 -2.154 -1 -2.55 -1 156
-2.352 -1 -1.946 -1 -2.42 -1 -2.728 -1 254
-2.574 -1 -2.048 -1 -2.34 -1 -2.668 -1 180
-2.504 -1 -2.02 -1 -2.192 -1 -2.602 0 104
