6 1000 0.2 2 17 0 0 0 0
-2.978 -1 -2.766 -1 -2.794 -1 -2.924 -1 80
-2.859 -1 -2.646 -1 -2.684 -1 -2.842 -1 97
-2.763 -1 -2.554 -1 -2.564 -1 -2.746 -1 10
-2.655 -1 -2.478 -1 -2.472 -1 -2.706 -1 18
-2.589 -1 -2.384 -1 -2.424 -1 -2.662 -1 93
-2.543 -1 -2.306 -1 -2.342 -1 -2.606 -1 67
-2.474 -1 -2.256 -1 -2.256 -1 -2.552 -1 0
-2.404 -1 -2.218 -1 -2.288 -1 -2.614 -1 72
-2.451 -1 -2.21 -1 -2.214 -1 -2.54 -1 10
-2.377 -1 -2.162 -1 -2.276 -1 -2.57 -1 98
-2.423 -1 -2.204 -1 -2.224 -1 -2.526 -1 21
-2.375 -1 -2.138 -1 -2.212 -1 -2.596 -1 90
-2.404 -1 -2.166 -1 -2.194 -1 -2.614 -1 37
-2.404 -1 -2.186 -1 -2.206 -1 -2.538 -1 16
-2.372 -1 -2.196 -1 -2.262 -1 -2.502 -1 78
-2.382 -1 -2.154 -1 -2.182 -1 -2.484 -1 33
-2.333 -1 -2.08 -1 -2.164 0 -2.508 -1 72
