8 1000 0.8 7 70 0 0 0 0
-3.431 -1 -2.956 -1 -3.058 -1 -3.262 -1 199
-3.16 -1 -2.718 -1 -2.792 -1 -3.124 -1 85
-2.958 -1 -2.556 -1 -2.722 -1 -3.074 -1 207
-2.898 -1 -2.502 -1 -2.6 -1 -2.956 -1 89
-2.778 -1 -2.346 -1 -2.574 -1 -3 -1 235
-2.787 -1 -2.402 -1 -2.696 -1 -3.022 -1 243
-2.859 -1 -2.476 -1 -2.836 -1 -3.068 -1 337
-2.952 -1 -2.476 -1 -2.486 -1 -2.948 -1 12
-2.717 -1 -2.36 -1 -2.64 -1 -2.986 -1 277
-2.813 -1 -2.364 -1 -2.442 -1 -2.858 -1 70
-2.65 -1 -2.26 -1 -2.42 -1 -2.912 -1 164
-2.666 -1 -2.288 -1 -2.546 -1 -2.918 -1 183
-2.732 -1 -2.354 -1 -2.394 -1 -2.84 -1 26
-2.617 -1 -2.236 -1 -2.312 -1 -2.81 -1 37
-2.561 -1 -2.222 -1 -2.576 -1 -2.874 -1 294
-2.725 -1 -2.306 -1 -2.702 -1 -3.06 -1 327
-2.881 -1 -2.434 -1 -2.798 -1 -3.098 -1 331
-2.948 -1 -2.512 -1 -2.86 -1 -3.072 -1 378
-2.966 -1 -2.492 -1 -2.832 -1 -3.144 -1 362
-2.988 -1 -2.542 -1 -2.782 -1 -3.01 -1 260
-2.896 -1 -2.51 -1 -2.598 -1 -2.976 -1 116
-2.787 -1 -2.426 -1 -2.614 -1 -2.982 -1 171
-2.798 -1 -2.392 -1 -2.42 -1 -2.91 -1 21
-2.665 -1 -2.29 -1 -2.312 -1 -2.752 -1 28
-2.532 -1 -2.212 -1 -2.674 -1 -2.976 -1 367
-2.825 -1 -2.384 -1 -2.396 -1 -2.798 -1 3
-2.597 -1 -2.234 -1 -2.286 -1 -2.76 -1 50
-2.523 -1 -2.192 -1 -2.692 -1 -2.988 -1 361
-2.84 -1 -2.386 -1 -2.474 -1 -2.816 -1 63
-2.645 -1 -2.274 -1 -2.54 -1 -2.914 -1 218
-2.727 -1 -2.28 -1 -2.392 -1 -2.836 -1 67
-2.614 -1 -2.196 -1 -2.642 -1 -2.962 -1 371
-2.802 -1 -2.34 -1 -2.414 -1 -2.852 -1 59
-2.633 -1 -2.29 -1 -2.46 -1 -2.894 -1 135
-2.677 -1 -2.3 -1 -2.696 -1 -2.964 -1 354
-2.83 -1 -2.446 -1 -2.758 -1 -3.044 -1 278
-2.901 -1 -2.446 -1 -2.56 -1 -2.88 -1 93
-2.72 -1 -2.336 -1 -2.352 -1 -2.792 -1 8
-2.572 -1 -2.224 -1 -2.626 -1 -2.972 -1 330
-2.799 -1 -2.38 -1 -2.674 -1 -3.014 -1 253
-2.844 -1 -2.444 -1 -2.568 -1 -2.914 -1 96
-2.741 -1 -2.328 -1 -2.674 -1 -3.02 -1 255
-2.847 -1 -2.416 -1 -2.552 -1 -3.002 -1 137
-2.777 -1 -2.336 -1 -2.442 -1 -2.92 -1 90
-2.681 -1 -2.306 -1 -2.576 -1 -2.952 -1 273
-2.764 -1 -2.35 -1 -2.578 -1 -2.98 -1 226
-2.779 -1 -2.342 -1 -2.436 -1 -2.796 -1 88
-2.616 -1 -2.248 -1 -2.506 -1 -2.852 -1 221
-2.679 -1 -2.3 -1 -2.31 -1 -2.756 -1 22
-2.533 -1 -2.202 -1 -2.228 -1 -2.694 -1 20
-2.461 -1 -2.114 -1 -2.464 -1 -2.862 -1 264
-2.663 -1 -2.218 -1 -2.668 -1 -2.98 -1 378
-2.824 -1 -2.37 -1 -2.44 -1 -2.84 -1 51
-2.64 -1 -2.226 -1 -2.24 -1 -2.74 -1 13
-2.49 -1 -2.126 -1 -2.552 -1 -2.99 -1 337
-2.771 -1 -2.32 -1 -2.626 -1 -2.924 -1 233
-2.775 -1 -2.314 -1 -2.42 -1 -2.81 -1 86
-2.615 -1 -2.256 -1 -2.696 -1 -3.024 -1 375
-2.86 -1 -2.402 -1 -2.41 -1 -2.872 -1 13
-2.641 -1 -2.256 -1 -2.406 -1 -2.818 -1 113
-2.612 -1 -2.176 -1 -2.51 -1 -2.824 -1 234
-2.667 -1 -2.248 -1 -2.304 -1 -2.76 -1 56
-2.532 -1 -2.17 -1 -2.536 -1 -2.94 -1 285
-2.738 -1 -2.32 -1 -2.432 -1 -2.836 -1 86
-2.634 -1 -2.244 -1 -2.384 -1 -2.806 -1 82
-2.595 -1 -2.206 -1 -2.458 -1 -2.832 -1 181
-2.645 -1 -2.24 -1 -2.398 -1 -2.856 -1 131
-2.627 -1 -2.228 -1 -2.298 -1 -2.794 -1 57
-2.546 -1 -2.18 -1 -2.414 -1 -2.854 -1 162
-2.634 -1 -2.228 -1 -2.558 -1 -2.872 0 192
