7 1000 0.7 7 20 0 0 0 0
-3.231 -1 -2.818 -1 -2.888 -1 -3.024 -1 110
-2.956 -1 -2.566 -1 -2.702 -1 -2.914 -1 177
-2.808 -1 -2.424 -1 -2.572 -1 -2.882 -1 173
-2.727 -1 -2.314 -1 -2.368 -1 -2.766 -1 63
-2.567 -1 -2.22 -1 -2.422 -1 -2.844 -1 210
-2.633 -1 -2.24 -1 -2.538 -1 -2.882 -1 304
-2.71 -1 -2.304 -1 -2.398 -1 -2.762 -1 62
-2.58 -1 -2.192 -1 -2.52 -1 -2.846 -1 327
-2.683 -1 -2.31 -1 -2.398 -1 -2.8 -1 72
-2.599 -1 -2.22 -1 -2.296 -1 -2.732 -1 59
-2.514 -1 -2.176 -1 -2.266 -1 -2.7 -1 75
-2.483 -1 -2.126 -1 -2.174 -1 -2.668 -1 29
-2.421 -1 -2.086 -1 -2.502 -1 -2.756 -1 279
-2.629 -1 -2.21 -1 -2.312 -1 -2.642 -1 77
-2.477 -1 -2.126 -1 -2.418 -1 -2.722 -1 251
-2.57 -1 -2.172 -1 -2.372 -1 -2.716 -1 172
-2.544 -1 -2.136 -1 -2.408 -1 -2.738 -1 237
-2.573 -1 -2.168 -1 -2.178 -1 -2.684 -1 17
-2.431 -1 -2.076 -1 -2.122 -1 -2.566 -1 50
-2.344 -1 -2.006 -1 -2.214 -1 -2.698 0 162
