9 1000 0.4 6 79 0 0 0 0
-3.689 -1 -3.256 -1 -3.256 -1 -3.43 -1 19
-3.343 -1 -2.918 -1 -2.94 -1 -3.288 -1 23
-3.114 -1 -2.726 -1 -2.846 -1 -3.136 -1 75
-2.991 -1 -2.618 -1 -2.718 -1 -3.15 -1 83
-2.934 -1 -2.586 -1 -2.692 -1 -3.084 -1 83
-2.888 -1 -2.54 -1 -2.772 -1 -3.196 -1 191
-2.984 -1 -2.582 -1 -2.706 -1 -3.16 -1 103
-2.933 -1 -2.542 -1 -2.558 -1 -2.978 -1 13
-2.768 -1 -2.45 -1 -2.694 -1 -3.118 -1 155
-2.906 -1 -2.546 -1 -2.706 -1 -3.082 -1 161
-2.894 -1 -2.542 -1 -2.728 -1 -3.034 -1 131
-2.881 -1 -2.516 -1 -2.518 -1 -3.01 -1 2
-2.764 -1 -2.418 -1 -2.518 -1 -3.05 -1 74
-2.784 -1 -2.418 -1 -2.526 -1 -2.956 -1 86
-2.741 -1 -2.432 -1 -2.594 -1 -3.036 -1 138
-2.815 -1 -2.426 -1 -2.68 -1 -3.076 -1 188
-2.878 -1 -2.464 -1 -2.644 -1 -3.066 -1 115
-2.855 -1 -2.45 -1 -2.616 -1 -3.016 -1 129
-2.816 -1 -2.432 -1 -2.438 -1 -2.9 -1 10
-2.669 -1 -2.372 -1 -2.45 -1 -2.97 -1 45
-2.71 -1 -2.4 -1 -2.614 -1 -3.03 -1 132
-2.822 -1 -2.43 -1 -2.672 -1 -2.966 -1 160
-2.819 -1 -2.428 -1 -2.71 -1 -3.058 -1 190
-2.884 -1 -2.468 -1 -2.608 -1 -2.954 -1 118
-2.781 -1 -2.406 -1 -2.47 -1 -2.904 -1 51
-2.687 -1 -2.378 -1 -2.458 -1 -2.892 -1 42
-2.675 -1 -2.318 -1 -2.398 -1 -2.85 -1 36
-2.624 -1 -2.276 -1 -2.278 -1 -2.766 -1 3
-2.522 -1 -2.238 -1 -2.34 -1 -2.8 -1 70
-2.57 -1 -2.212 -1 -2.416 -1 -2.826 -1 116
-2.621 -1 -2.272 -1 -2.52 -1 -2.9 -1 155
-2.71 -1 -2.314 -1 -2.396 -1 -2.88 -1 58
-2.638 -1 -2.286 -1 -2.428 -1 -2.852 -1 126
-2.64 -1 -2.344 -1 -2.542 -1 -2.948 -1 140
-2.745 -1 -2.396 -1 -2.606 -1 -2.952 -1 110
-2.779 -1 -2.39 -1 -2.54 -1 -2.954 -1 79
-2.747 -1 -2.362 -1 -2.43 -1 -2.838 -1 33
-2.634 -1 -2.294 -1 -2.544 -1 -2.978 -1 170
-2.761 -1 -2.412 -1 -2.624 -1 -2.934 -1 140
-2.779 -1 -2.378 -1 -2.594 -1 -2.95 -1 141
-2.772 -1 -2.39 -1 -2.45 -1 -2.9 -1 47
-2.675 -1 -2.366 -1 -2.372 -1 -2.866 -1 4
-2.619 -1 -2.29 -1 -2.476 -1 -2.936 -1 118
-2.706 -1 -2.338 -1 -2.366 -1 -2.842 -1 15
-2.604 -1 -2.274 -1 -2.408 -1 -2.816 -1 146
-2.612 -1 -2.216 -1 -2.304 -1 -2.794 -1 43
-2.549 -1 -2.194 -1 -2.412 -1 -2.868 -1 168
-2.64 -1 -2.286 -1 -2.444 -1 -2.944 -1 107
-2.694 -1 -2.288 -1 -2.46 -1 -2.868 -1 91
-2.664 -1 -2.278 -1 -2.538 -1 -2.954 -1 182
-2.746 -1 -2.336 -1 -2.508 -1 -2.87 -1 121
-2.689 -1 -2.332 -1 -2.518 -1 -2.886 -1 153
-2.702 -1 -2.308 -1 -2.31 -1 -2.846 -1 3
-2.578 -1 -2.244 -1 -2.28 -1 -2.756 -1 30
-2.518 -1 -2.152 -1 -2.228 -1 -2.662 -1 48
-2.445 -1 -2.12 -1 -2.394 -1 -2.814 -1 157
-2.604 -1 -2.19 -1 -2.342 -1 -2.734 -1 116
-2.538 -1 -2.128 -1 -2.154 -1 -2.686 -1 23
-2.42 -1 -2.066 -1 -2.234 -1 -2.742 -1 104
-2.488 -1 -2.104 -1 -2.192 -1 -2.646 -1 42
-2.419 -1 -2.092 -1 -2.252 -1 -2.678 -1 89
-2.465 -1 -2.072 -1 -2.316 -1 -2.716 -1 139
-2.516 -1 -2.12 -1 -2.336 -1 -2.82 -1 114
-2.578 -1 -2.136 -1 -2.342 -1 -2.758 -1 125
-2.55 -1 -2.148 -1 -2.288 -1 -2.678 -1 75
-2.483 -1 -2.108 -1 -2.448 -1 -2.836 -1 170
-2.642 -1 -2.222 -1 -2.372 -1 -2.764 -1 89
-2.568 -1 -2.146 -1 -2.408 -1 -2.804 -1 123
-2.606 -1 -2.194 -1 -2.202 -1 -2.74 -1 6
-2.471 -1 -2.148 -1 -2.444 -1 -2.846 -1 158
-2.645 -1 -2.216 -1 -2.464 -1 -2.82 -1 160
-2.642 -1 -2.22 -1 -2.252 -1 -2.722 -1 12
-2.487 -1 -2.106 -1 -2.382 -1 -2.786 -1 160
-2.584 -1 -2.148 -1 -2.26 -1 -2.622 -1 63
-2.441 -1 -2.102 -1 -2.298 -1 -2.706 -1 115
-2.502 -1 -2.146 -1 -2.434 -1 -2.784 -1 184
-2.609 -1 -2.21 -1 -2.49 -1 -2.784 -1 190
-2.637 -1 -2.218 -1 -2.336 -1 -2.676 -1 68
-2.506 -1 -2.108 -1 -2.218 -1 -2.604 0 66
