10 1000 0.6 9 601 0 0 0 0
-3.778 -1 -3.282 -1 -3.354 -1 -3.592 -1 236
-3.473 -1 -3.012 -1 -3.228 -1 -3.504 -1 268
-3.366 -1 -2.926 -1 -3.082 -1 -3.37 -2 156
-3.226 -1 -2.808 -1 -3.122 -1 -3.396 -1 260
-3.259 -1 -2.808 -1 -2.978 -1 -3.32 -1 154
-3.149 -1 -2.67 -1 -2.794 -1 -3.15 -1 103
-2.972 -1 -2.526 -1 -2.662 -1 -3.102 -1 106
-2.882 -1 -2.492 -1 -2.848 -1 -3.158 -2 270
-3.003 -1 -2.556 -1 -2.66 -1 -3.122 -1 87
-2.891 -1 -2.502 -1 -2.53 -1 -3.054 -1 22
-2.792 -1 -2.446 -1 -2.474 -1 -2.998 -1 28
-2.736 -1 -2.356 -1 -2.368 -1 -2.9 -1 4
-2.634 -1 -2.322 -1 -2.696 -1 -3.094 -1 250
-2.895 -1 -2.47 -1 -2.822 -1 -3.172 -1 236
-2.997 -1 -2.556 -1 -2.672 -1 -3.1 -1 78
-2.886 -1 -2.444 -1 -2.586 -1 -3.054 -1 109
-2.82 -1 -2.424 -1 -2.72 -1 -3.136 -1 226
-2.928 -1 -2.518 -1 -2.784 -1 -3.236 -1 187
-3.01 -1 -2.572 -1 -2.856 -1 -3.132 -1 199
-2.994 -1 -2.558 -1 -2.772 -1 -3.16 -1 159
-2.966 -1 -2.516 -1 -2.686 -1 -3.176 -1 134
-2.931 -1 -2.492 -1 -2.686 -1 -3.104 -1 133
-2.895 -1 -2.526 -1 -2.81 -1 -3.168 -1 224
-2.989 -1 -2.58 -1 -2.664 -1 -3.096 -1 72
-2.88 -1 -2.478 -1 -2.656 -1 -3.084 -1 139
-2.87 -1 -2.45 -1 -2.634 -1 -3.042 -1 124
-2.838 -1 -2.464 -1 -2.704 -1 -3.158 -1 153
-2.931 -1 -2.512 -1 -2.534 -1 -3.116 -1 11
-2.825 -1 -2.434 -1 -2.632 -1 -3.088 -1 137
-2.86 -1 -2.46 -1 -2.512 -1 -2.984 -1 32
-2.748 -1 -2.386 -1 -2.818 -1 -3.154 -1 294
-2.986 -1 -2.51 -1 -2.656 -1 -3.09 -1 111
-2.873 -1 -2.48 -1 -2.658 -1 -3.106 -1 109
-2.882 -1 -2.454 -1 -2.578 -1 -3.042 -1 91
-2.81 -1 -2.422 -1 -2.716 -1 -3.166 -1 202
-2.941 -1 -2.482 -1 -2.67 -1 -3.074 -1 126
-2.872 -1 -2.446 -1 -2.808 -1 -3.138 -1 250
-2.973 -1 -2.496 -1 -2.836 -1 -3.176 -1 221
-3.006 -1 -2.486 -1 -2.542 -1 -3.076 -1 30
-2.809 -1 -2.424 -1 -2.47 -1 -2.978 -1 31
-2.724 -1 -2.348 -1 -2.712 -1 -3.186 -1 229
-2.949 -1 -2.492 -1 -2.848 -1 -3.178 -1 245
-3.013 -1 -2.558 -1 -2.948 -1 -3.28 -1 299
-3.114 -1 -2.662 -1 -2.69 -1 -3.154 -1 21
-2.922 -1 -2.52 -1 -2.622 -1 -3.012 -1 58
-2.817 -1 -2.452 -1 -2.85 -1 -3.176 -1 216
-3.013 -1 -2.542 -1 -2.782 -1 -3.108 -1 167
-2.945 -1 -2.48 -1 -2.82 -1 -3.236 -1 229
-3.028 -1 -2.584 -1 -2.648 -1 -3.114 -1 31
-2.881 -1 -2.494 -1 -2.578 -1 -3.002 -1 54
-2.79 -1 -2.398 -1 -2.784 -1 -3.218 -1 234
-3.001 -1 -2.542 -1 -2.672 -1 -3.158 -1 127
-2.915 -1 -2.488 -1 -2.732 -1 -3.122 -1 174
-2.927 -1 -2.494 -1 -2.788 -1 -3.088 -1 204
-2.938 -1 -2.492 -1 -2.842 -1 -3.26 -1 274
-3.051 -1 -2.618 -1 -2.86 -1 -3.266 -1 192
-3.063 -1 -2.598 -1 -2.866 -1 -3.22 -1 210
-3.043 -1 -2.616 -1 -2.9 -1 -3.284 -2 218
-3.092 -1 -2.628 -1 -2.944 -1 -3.322 -1 272
-3.133 -1 -2.678 -1 -2.958 -1 -3.232 -1 277
-3.095 -1 -2.632 -1 -2.666 -1 -3.156 -1 39
-2.911 -1 -2.5 -1 -2.618 -1 -3.066 -1 70
-2.842 -1 -2.47 -1 -2.478 -1 -2.996 -1 10
-2.737 -1 -2.396 -1 -2.628 -1 -3.008 -1 129
-2.818 -1 -2.438 -1 -2.71 -1 -3.12 -1 167
-2.915 -1 -2.498 -1 -2.704 -1 -3.124 -1 168
-2.914 -1 -2.506 -1 -2.72 -1 -3.136 -1 102
-2.928 -1 -2.494 -1 -2.61 -1 -3.046 -1 88
-2.828 -1 -2.428 -1 -2.46 -1 -2.996 -1 26
-2.728 -1 -2.352 -1 -2.704 -1 -3.106 -1 258
-2.905 -1 -2.498 -1 -2.57 -1 -3.01 -1 45
-2.79 -1 -2.386 -1 -2.772 -1 -3.13 -1 254
-2.951 -1 -2.47 -1 -2.834 -1 -3.238 -1 276
-3.036 -1 -2.604 -1 -2.778 -1 -3.216 -1 137
-2.997 -1 -2.57 -1 -2.82 -1 -3.206 -1 185
-3.013 -1 -2.576 -1 -2.908 -1 -3.264 -1 246
-3.086 -1 -2.674 -1 -2.906 -1 -3.31 -1 187
-3.108 -1 -2.652 -1 -2.906 -1 -3.262 -1 207
-3.084 -1 -2.648 -1 -2.836 -1 -3.204 -1 138
-3.02 -1 -2.592 -1 -2.856 -1 -3.21 -1 179
-3.033 -1 -2.6 -1 -2.616 -1 -3.078 -1 9
-2.847 -1 -2.432 -1 -2.686 -1 -3.164 -1 180
-2.925 -1 -2.498 -1 -2.814 -1 -3.184 -1 258
-2.999 -1 -2.552 -1 -2.58 -1 -3.032 -1 13
-2.806 -1 -2.426 -1 -2.56 -1 -3.02 -1 66
-2.79 -1 -2.366 -1 -2.442 -1 -2.956 -1 55
-2.699 -1 -2.35 -1 -2.652 -1 -3.084 -1 197
-2.868 -1 -2.428 -1 -2.564 -1 -2.992 -1 114
-2.778 -1 -2.394 -1 -2.44 -1 -2.982 -1 49
-2.711 -1 -2.326 -1 -2.65 -1 -3.122 -1 215
-2.886 -1 -2.43 -1 -2.656 -1 -3.054 -1 164
-2.855 -1 -2.456 -1 -2.498 -1 -2.888 -1 32
-2.693 -1 -2.306 -1 -2.33 -1 -2.842 -1 17
-2.586 -1 -2.228 -1 -2.546 -1 -2.968 -1 189
-2.757 -1 -2.346 -1 -2.368 -1 -2.946 -1 13
-2.657 -1 -2.29 -1 -2.486 -1 -2.902 -1 122
-2.694 -1 -2.336 -1 -2.542 -1 -2.962 -1 100
-2.752 -1 -2.376 -1 -2.806 -1 -3.128 -1 280
-2.967 -1 -2.464 -1 -2.534 -1 -2.974 -1 40
-2.754 -1 -2.366 -1 -2.536 -1 -2.976 -1 109
-2.756 -1 -2.372 -1 -2.48 -1 -2.946 -1 82
-2.713 -1 -2.346 -1 -2.59 -1 -2.99 -1 144
-2.79 -1 -2.364 -1 -2.736 -1 -3.024 -1 272
-2.88 -1 -2.434 -1 -2.78 -1 -3.12 -1 272
-2.95 -1 -2.46 -1 -2.632 -1 -3.02 -1 133
-2.826 -1 -2.416 -1 -2.548 -1 -3.038 -1 82
-2.793 -1 -2.412 -1 -2.64 -1 -3.052 -1 162
-2.846 -1 -2.444 -1 -2.774 -1 -3.196 -1 237
-2.985 -1 -2.552 -1 -2.642 -1 -3.098 -1 98
-2.87 -1 -2.452 -1 -2.676 -1 -3.156 -1 171
-2.916 -1 -2.476 -1 -2.632 -1 -3.064 -1 101
-2.848 -1 -2.41 -1 -2.776 -1 -3.176 -1 240
-2.976 -1 -2.522 -1 -2.782 -1 -3.162 -1 174
-2.972 -1 -2.51 -1 -2.858 -1 -3.24 -1 287
-3.049 -1 -2.598 -1 -2.898 -1 -3.266 -1 223
-3.082 -1 -2.642 -1 -2.868 -1 -3.218 -1 221
-3.043 -1 -2.608 -1 -2.712 -1 -3.088 -1 80
-2.9 -1 -2.506 -1 -2.562 -1 -3.044 -1 40
-2.803 -1 -2.46 -1 -2.62 -1 -3.1 -1 107
-2.86 -1 -2.468 -1 -2.582 -1 -3.004 -1 100
-2.793 -1 -2.416 -1 -2.61 -1 -3.066 -1 155
-2.838 -1 -2.456 -1 -2.734 -1 -3.138 -1 184
-2.936 -1 -2.504 -1 -2.638 -1 -3.092 -1 108
-2.865 -1 -2.468 -1 -2.728 -1 -3.064 -1 169
-2.896 -1 -2.426 -1 -2.46 -1 -2.992 -1 17
-2.726 -1 -2.376 -1 -2.518 -1 -2.918 -1 84
-2.718 -1 -2.33 -1 -2.444 -1 -2.968 -1 62
-2.706 -1 -2.342 -1 -2.638 -1 -3.068 -1 182
-2.853 -1 -2.43 -1 -2.814 -1 -3.18 -1 245
-2.997 -1 -2.506 -1 -2.82 -1 -3.196 -1 233
-3.008 -1 -2.55 -1 -2.604 -1 -3.122 -1 37
-2.863 -1 -2.466 -1 -2.594 -1 -3.06 -1 72
-2.827 -1 -2.434 -1 -2.614 -1 -3.1 -1 142
-2.857 -1 -2.422 -1 -2.46 -1 -2.994 -1 39
-2.727 -1 -2.382 -1 -2.736 -1 -3.098 -1 275
-2.917 -1 -2.49 -1 -2.576 -1 -3.054 -1 83
-2.815 -1 -2.414 -1 -2.54 -1 -3.026 -1 85
-2.783 -1 -2.402 -1 -2.62 -1 -3.046 -1 141
-2.833 -1 -2.43 -1 -2.456 -1 -2.954 -1 23
-2.705 -1 -2.37 -1 -2.558 -1 -3.034 -1 90
-2.796 -1 -2.436 -1 -2.76 -1 -3.084 -1 232
-2.922 -1 -2.474 -1 -2.554 -1 -3.032 -1 47
-2.793 -1 -2.392 -1 -2.634 -1 -3.104 -1 161
-2.869 -1 -2.43 -1 -2.52 -1 -3.008 -1 47
-2.764 -1 -2.396 -1 -2.642 -1 -2.984 -1 176
-2.813 -1 -2.398 -1 -2.702 -1 -3.102 -1 192
-2.902 -1 -2.484 -1 -2.654 -1 -3.056 -1 89
-2.855 -1 -2.468 -1 -2.874 -1 -3.224 -1 278
-3.049 -1 -2.582 -1 -2.724 -1 -3.138 -1 119
-2.931 -1 -2.506 -1 -2.582 -1 -3.048 -1 82
-2.815 -1 -2.402 -1 -2.658 -1 -3.068 -1 173
-2.863 -1 -2.464 -1 -2.646 -1 -3.054 -1 102
-2.85 -1 -2.442 -1 -2.554 -1 -2.998 -1 81
-2.776 -1 -2.37 -1 -2.598 -1 -3.024 -1 122
-2.811 -1 -2.398 -1 -2.438 -1 -2.94 -1 21
-2.689 -1 -2.372 -1 -2.784 -1 -3.086 -1 289
-2.935 -1 -2.504 -1 -2.824 -1 -3.162 -1 226
-2.993 -1 -2.474 -1 -2.61 -1 -3.06 -1 83
-2.835 -1 -2.426 -1 -2.716 -1 -3.132 -1 193
-2.924 -1 -2.484 -1 -2.676 -1 -3.064 -1 143
-2.87 -1 -2.44 -1 -2.588 -1 -3.012 -1 110
-2.8 -1 -2.398 -1 -2.536 -1 -3.002 -1 91
-2.769 -1 -2.378 -1 -2.636 -1 -3.028 -1 174
-2.832 -1 -2.416 -1 -2.478 -1 -2.946 -1 47
-2.712 -1 -2.32 -1 -2.594 -1 -3.04 -1 155
-2.817 -1 -2.4 -1 -2.748 -1 -3.078 -1 249
-2.913 -1 -2.438 -1 -2.762 -1 -3.148 -1 200
-2.955 -1 -2.43 -1 -2.872 -1 -3.216 -1 287
-3.044 -1 -2.598 -1 -2.89 -1 -3.236 -1 217
-3.063 -1 -2.618 -1 -2.778 -1 -3.09 -1 125
-2.934 -1 -2.522 -1 -2.528 -1 -3.012 -1 5
-2.77 -1 -2.396 -1 -2.828 -1 -3.142 -1 274
-2.985 -1 -2.526 -1 -2.86 -1 -3.25 -1 238
-3.055 -1 -2.6 -1 -2.696 -1 -3.132 -1 71
-2.914 -1 -2.502 -1 -2.802 -1 -3.11 -1 229
-2.956 -1 -2.55 -1 -2.754 -1 -3.174 -1 171
-2.964 -1 -2.492 -1 -2.716 -1 -3.034 -1 153
-2.875 -1 -2.472 -1 -2.488 -1 -2.94 -1 4
-2.714 -1 -2.368 -1 -2.782 -1 -3.166 -1 259
-2.974 -1 -2.528 -1 -2.7 -1 -3.082 -1 128
-2.891 -1 -2.456 -1 -2.698 -1 -3.136 -1 192
-2.917 -1 -2.486 -1 -2.818 -1 -3.148 -1 214
-2.983 -1 -2.542 -1 -2.726 -1 -3.114 -1 123
-2.92 -1 -2.49 -1 -2.572 -1 -3.016 -1 41
-2.794 -1 -2.402 -1 -2.71 -1 -3.114 -1 201
-2.912 -1 -2.45 -1 -2.704 -1 -3.116 -1 199
-2.91 -1 -2.474 -1 -2.836 -1 -3.118 -1 270
-2.977 -1 -2.524 -1 -2.74 -1 -3.086 -1 166
-2.913 -1 -2.46 -1 -2.846 -1 -3.254 -1 296
-3.05 -1 -2.604 -1 -2.844 -1 -3.196 -1 177
-3.02 -1 -2.6 -1 -2.824 -1 -3.19 -1 163
-3.007 -1 -2.554 -1 -2.786 -1 -3.154 -1 143
-2.97 -1 -2.544 -1 -2.644 -1 -3.082 -1 71
-2.863 -1 -2.442 -1 -2.57 -1 -3.054 -1 80
-2.812 -1 -2.432 -1 -2.618 -1 -3.038 -1 107
-2.828 -1 -2.424 -1 -2.534 -1 -2.976 -1 59
-2.755 -1 -2.342 -1 -2.55 -1 -3.052 -1 149
-2.801 -1 -2.364 -1 -2.674 -1 -3.1 -1 221
-2.887 -1 -2.448 -1 -2.714 -1 -3.098 -1 145
-2.906 -1 -2.468 -1 -2.528 -1 -2.994 -1 41
-2.761 -1 -2.342 -1 -2.654 -1 -3.124 -1 189
-2.889 -1 -2.428 -1 -2.75 -1 -3.112 -1 217
-2.931 -1 -2.454 -1 -2.682 -1 -3.03 -1 127
-2.856 -1 -2.426 -1 -2.47 -1 -2.926 -1 38
-2.698 -1 -2.34 -1 -2.39 -1 -2.918 -1 30
-2.654 -1 -2.272 -1 -2.492 -1 -2.914 -1 117
-2.703 -1 -2.298 -1 -2.734 -1 -3.114 -1 261
-2.924 -1 -2.466 -1 -2.744 -1 -3.124 -1 196
-2.934 -1 -2.472 -1 -2.798 -1 -3.18 -1 226
-2.989 -1 -2.52 -1 -2.666 -1 -3.018 -1 134
-2.842 -1 -2.402 -1 -2.574 -1 -3.022 -1 115
-2.798 -1 -2.386 -1 -2.394 -1 -2.89 -1 3
-2.642 -1 -2.316 -1 -2.786 -1 -3.108 -1 279
-2.947 -1 -2.472 -1 -2.744 -1 -3.094 -1 189
-2.919 -1 -2.478 -1 -2.73 -1 -3.108 -1 202
-2.919 -1 -2.48 -1 -2.834 -1 -3.166 -1 271
-3 -1 -2.542 -1 -2.734 -1 -3.124 -1 134
-2.929 -1 -2.496 -1 -2.842 -1 -3.244 -1 225
-3.043 -1 -2.582 -1 -2.64 -1 -3.114 -1 54
-2.877 -1 -2.468 -1 -2.536 -1 -3.05 -1 49
-2.793 -1 -2.428 -1 -2.826 -1 -3.116 -1 279
-2.971 -1 -2.51 -1 -2.66 -1 -3.06 -1 88
-2.86 -1 -2.436 -1 -2.714 -1 -3.074 -1 158
-2.894 -1 -2.442 -1 -2.746 -1 -3.17 -1 208
-2.958 -1 -2.49 -1 -2.696 -1 -3.064 -1 153
-2.88 -1 -2.486 -1 -2.58 -1 -3.078 -1 65
-2.829 -1 -2.436 -1 -2.562 -1 -3.006 -1 87
-2.784 -1 -2.39 -1 -2.67 -1 -3.024 -1 216
-2.847 -1 -2.424 -1 -2.516 -1 -2.94 -1 59
-2.728 -1 -2.348 -1 -2.656 -1 -3.032 -1 199
-2.844 -1 -2.454 -1 -2.626 -1 -3.066 -1 94
-2.846 -1 -2.424 -1 -2.688 -1 -3.072 -1 168
-2.88 -1 -2.45 -1 -2.6 -1 -2.966 -1 96
-2.783 -1 -2.43 -1 -2.766 -1 -3.062 -1 234
-2.914 -1 -2.446 -1 -2.616 -1 -2.98 -1 130
-2.798 -1 -2.406 -1 -2.54 -1 -2.916 -1 91
-2.728 -1 -2.334 -1 -2.73 -1 -3.116 -1 277
-2.923 -1 -2.43 -1 -2.514 -1 -2.956 -1 58
-2.735 -1 -2.354 -1 -2.572 -1 -2.962 -1 138
-2.767 -1 -2.35 -1 -2.77 -1 -3.074 -1 272
-2.922 -1 -2.486 -1 -2.908 -1 -3.244 -1 277
-3.076 -1 -2.566 -1 -2.858 -1 -3.214 -1 237
-3.036 -1 -2.578 -1 -2.924 -1 -3.222 -1 273
-3.073 -1 -2.616 -1 -2.942 -1 -3.274 -1 261
-3.108 -1 -2.678 -1 -2.966 -1 -3.262 -1 266
-3.114 -1 -2.61 -1 -2.882 -1 -3.15 -1 210
-3.016 -1 -2.53 -1 -2.634 -1 -3.064 -1 73
-2.849 -1 -2.438 -1 -2.756 -1 -3.182 -1 257
-2.969 -1 -2.524 -1 -2.624 -1 -3.126 -1 55
-2.875 -1 -2.49 -1 -2.556 -1 -3.064 -1 55
-2.81 -1 -2.434 -1 -2.712 -1 -3.108 -1 165
-2.91 -1 -2.476 -1 -2.778 -1 -3.134 -1 211
-2.956 -1 -2.526 -1 -2.664 -1 -3.142 -1 96
-2.903 -1 -2.482 -1 -2.822 -1 -3.21 -1 283
-3.016 -1 -2.568 -1 -2.686 -1 -3.128 -1 108
-2.907 -1 -2.518 -1 -2.654 -1 -3.058 -1 97
-2.856 -1 -2.472 -1 -2.836 -1 -3.178 -1 267
-3.007 -1 -2.58 -1 -2.75 -1 -3.18 -1 130
-2.965 -1 -2.542 -1 -2.728 -1 -3.176 -1 132
-2.952 -1 -2.53 -1 -2.816 -1 -3.138 -1 253
-2.977 -1 -2.548 -1 -2.602 -1 -3.078 -1 41
-2.84 -1 -2.466 -1 -2.638 -1 -3.084 -1 81
-2.861 -1 -2.466 -1 -2.594 -1 -2.932 -1 91
-2.763 -1 -2.366 -1 -2.71 -1 -3.088 -1 200
-2.899 -1 -2.442 -1 -2.47 -1 -2.9 -1 16
-2.685 -1 -2.33 -1 -2.812 -1 -3.156 -1 294
-2.984 -1 -2.512 -1 -2.798 -1 -3.21 -1 207
-3.004 -1 -2.538 -1 -2.848 -1 -3.152 -1 245
-3 -1 -2.544 -1 -2.708 -1 -3.078 -1 134
-2.893 -1 -2.506 -1 -2.694 -1 -3.12 -1 131
-2.907 -1 -2.5 -1 -2.54 -1 -2.998 -1 26
-2.769 -1 -2.382 -1 -2.406 -1 -2.898 -1 17
-2.652 -1 -2.308 -1 -2.356 -1 -2.9 -1 38
-2.628 -1 -2.282 -1 -2.484 -1 -2.952 -1 109
-2.718 -1 -2.322 -1 -2.702 -1 -3.09 -1 245
-2.896 -1 -2.448 -1 -2.852 -1 -3.17 -1 270
-3.011 -1 -2.528 -1 -2.64 -1 -3.1 -1 73
-2.87 -1 -2.446 -1 -2.708 -1 -3.144 -1 181
-2.926 -1 -2.508 -1 -2.896 -1 -3.238 -1 296
-3.067 -1 -2.578 -1 -2.78 -1 -3.152 -1 147
-2.966 -1 -2.548 -1 -2.754 -1 -3.158 -1 175
-2.956 -1 -2.522 -1 -2.716 -1 -3.178 -1 144
-2.947 -1 -2.52 -1 -2.944 -1 -3.254 -1 289
-3.099 -1 -2.616 -1 -2.77 -1 -3.16 -1 134
-2.965 -1 -2.564 -1 -2.768 -1 -3.146 -1 141
-2.957 -1 -2.566 -1 -2.944 -1 -3.198 -1 280
-3.071 -1 -2.626 -1 -2.89 -1 -3.222 -1 179
-3.056 -1 -2.626 -1 -2.942 -1 -3.29 -1 219
-3.116 -1 -2.626 -1 -2.72 -1 -3.13 -1 61
-2.925 -1 -2.538 -1 -2.842 -1 -3.212 -1 270
-3.027 -1 -2.57 -1 -2.804 -1 -3.188 -1 166
-2.996 -1 -2.55 -1 -2.794 -1 -3.076 -1 152
-2.935 -1 -2.53 -1 -2.646 -1 -3.124 -1 74
-2.885 -1 -2.478 -1 -2.55 -1 -3.022 -1 63
-2.786 -1 -2.418 -1 -2.632 -1 -3.06 -1 142
-2.846 -1 -2.464 -1 -2.542 -1 -2.992 -1 62
-2.767 -1 -2.384 -1 -2.582 -1 -2.998 -1 121
-2.79 -1 -2.39 -1 -2.41 -1 -2.962 -1 9
-2.686 -1 -2.344 -1 -2.592 -1 -3.036 -1 147
-2.814 -1 -2.374 -1 -2.426 -1 -2.92 -1 43
-2.673 -1 -2.318 -1 -2.434 -1 -2.88 -1 83
-2.657 -1 -2.294 -1 -2.686 -1 -3.046 -1 257
-2.866 -1 -2.43 -1 -2.524 -1 -2.964 -1 54
-2.744 -1 -2.344 -1 -2.518 -1 -2.96 -1 106
-2.739 -1 -2.34 -1 -2.75 -1 -3.086 -1 274
-2.918 -1 -2.414 -1 -2.47 -1 -2.958 -1 31
-2.714 -1 -2.344 -1 -2.598 -1 -3.028 -1 187
-2.813 -1 -2.398 -1 -2.828 -1 -3.158 -1 297
-2.993 -1 -2.548 -1 -2.908 -1 -3.248 -1 282
-3.078 -1 -2.628 -1 -2.794 -1 -3.188 -1 147
-2.991 -1 -2.57 -1 -2.912 -1 -3.332 -1 287
-3.122 -1 -2.65 -1 -2.868 -1 -3.216 -1 170
-3.042 -1 -2.608 -1 -2.666 -1 -3.104 -1 43
-2.885 -1 -2.524 -1 -2.814 -1 -3.214 -1 213
-3.014 -1 -2.564 -1 -2.644 -1 -3.01 -1 54
-2.827 -1 -2.454 -1 -2.514 -1 -2.998 -1 37
-2.756 -1 -2.392 -1 -2.46 -1 -3.018 -1 35
-2.739 -1 -2.394 -1 -2.708 -1 -3.106 -1 208
-2.907 -1 -2.45 -1 -2.754 -1 -3.1 -1 194
-2.927 -1 -2.502 -1 -2.622 -1 -3.128 -1 77
-2.875 -1 -2.492 -1 -2.7 -1 -3.166 -1 129
-2.933 -1 -2.534 -1 -2.84 -1 -3.12 -1 205
-2.98 -1 -2.552 -1 -2.722 -1 -3.136 -1 184
-2.929 -1 -2.532 -1 -2.842 -1 -3.11 -1 216
-2.976 -1 -2.54 -1 -2.844 -1 -3.17 -1 215
-3.007 -1 -2.522 -1 -2.904 -1 -3.296 -1 299
-3.1 -1 -2.59 -1 -2.636 -1 -3.054 -1 27
-2.845 -1 -2.462 -1 -2.644 -1 -3.08 -1 104
-2.862 -1 -2.49 -1 -2.67 -1 -3.062 -1 135
-2.866 -1 -2.432 -1 -2.584 -1 -3.024 -1 89
-2.804 -1 -2.41 -1 -2.552 -1 -3.044 -1 92
-2.798 -1 -2.388 -1 -2.502 -1 -3.032 -1 97
-2.767 -1 -2.402 -1 -2.722 -1 -3.172 -1 199
-2.947 -1 -2.506 -1 -2.88 -1 -3.154 -1 242
-3.017 -1 -2.558 -1 -2.83 -1 -3.174 -1 177
-3.002 -1 -2.532 -1 -2.83 -1 -3.18 -1 207
-3.005 -1 -2.57 -1 -2.622 -1 -3.116 -1 28
-2.869 -1 -2.456 -1 -2.46 -1 -2.958 -1 2
-2.709 -1 -2.356 -1 -2.55 -1 -2.984 -1 125
-2.767 -1 -2.37 -1 -2.448 -1 -2.97 -1 35
-2.709 -1 -2.354 -1 -2.504 -1 -2.942 -1 87
-2.723 -1 -2.344 -1 -2.458 -1 -2.97 -1 73
-2.714 -1 -2.35 -1 -2.71 -1 -3.084 -1 234
-2.897 -1 -2.478 -1 -2.82 -1 -3.204 -1 299
-3.012 -1 -2.504 -1 -2.83 -1 -3.168 -1 272
-2.999 -1 -2.558 -1 -2.852 -1 -3.214 -1 208
-3.033 -1 -2.592 -1 -2.852 -1 -3.292 -1 197
-3.072 -1 -2.63 -1 -2.658 -1 -3.12 -1 26
-2.889 -1 -2.532 -1 -2.818 -1 -3.146 -1 194
-2.982 -1 -2.568 -1 -2.856 -1 -3.216 -1 224
-3.036 -1 -2.592 -1 -2.9 -1 -3.202 -1 231
-3.051 -1 -2.606 -1 -2.706 -1 -3.026 -1 71
-2.866 -1 -2.41 -1 -2.458 -1 -2.954 -1 25
-2.706 -1 -2.34 -1 -2.74 -1 -3.196 -1 284
-2.968 -1 -2.5 -1 -2.798 -1 -3.18 -1 212
-2.989 -1 -2.514 -1 -2.728 -1 -3.164 -1 180
-2.946 -1 -2.518 -1 -2.882 -1 -3.19 -1 266
-3.036 -1 -2.576 -1 -2.622 -1 -3.008 -1 29
-2.815 -1 -2.448 -1 -2.47 -1 -2.982 -1 17
-2.726 -1 -2.38 -1 -2.794 -1 -3.146 -1 290
-2.97 -1 -2.516 -1 -2.86 -1 -3.208 -1 253
-3.034 -1 -2.58 -1 -2.788 -1 -3.136 -1 140
-2.962 -1 -2.512 -1 -2.748 -1 -3.174 -1 144
-2.961 -1 -2.52 -1 -2.71 -1 -3.082 -1 151
-2.896 -1 -2.478 -1 -2.744 -1 -3.174 -1 221
-2.959 -1 -2.51 -1 -2.902 -1 -3.202 -1 299
-3.052 -1 -2.598 -1 -2.632 -1 -3.054 -1 20
-2.843 -1 -2.46 -1 -2.774 -1 -3.152 -1 235
-2.963 -1 -2.504 -1 -2.848 -1 -3.218 -1 228
-3.033 -1 -2.564 -1 -2.948 -1 -3.324 -1 284
-3.136 -1 -2.692 -1 -2.784 -1 -3.114 -1 63
-2.949 -1 -2.558 -1 -2.642 -1 -3.08 -1 52
-2.861 -1 -2.5 -1 -2.622 -1 -3.112 -1 80
-2.867 -1 -2.476 -1 -2.712 -1 -3.076 -2 150
-2.894 -1 -2.454 -1 -2.842 -1 -3.17 -1 296
-3.006 -1 -2.576 -1 -2.782 -1 -3.182 -1 144
-2.982 -1 -2.534 -1 -2.87 -1 -3.22 -1 275
-3.045 -1 -2.592 -1 -2.908 -1 -3.278 -2 279
-3.093 -1 -2.652 -1 -2.78 -1 -3.128 -1 78
-2.954 -1 -2.552 -1 -2.672 -1 -3.146 -1 99
-2.909 -1 -2.506 -1 -2.812 -1 -3.21 -1 260
-3.011 -1 -2.592 -1 -2.964 -1 -3.298 -1 283
-3.131 -1 -2.696 -1 -2.842 -1 -3.164 -1 127
-3.003 -1 -2.552 -1 -2.84 -1 -3.214 -2 239
-3.027 -1 -2.564 -1 -2.938 -1 -3.28 -1 273
-3.109 -1 -2.634 -1 -2.746 -1 -3.128 -1 72
-2.937 -1 -2.518 -1 -2.58 -1 -3.02 -1 40
-2.8 -1 -2.434 -1 -2.584 -1 -3.062 -2 97
-2.823 -1 -2.41 -1 -2.524 -1 -2.984 -1 76
-2.754 -1 -2.402 -1 -2.706 -1 -3.166 -1 228
-2.936 -1 -2.498 -1 -2.706 -1 -3.138 -2 131
-2.922 -1 -2.47 -1 -2.578 -1 -3.088 -1 85
-2.833 -1 -2.446 -1 -2.566 -1 -3.05 -1 61
-2.808 -1 -2.432 -1 -2.492 -1 -2.964 -1 28
-2.728 -1 -2.378 -1 -2.76 -1 -3.168 -1 274
-2.964 -1 -2.5 -1 -2.756 -1 -3.164 -1 211
-2.96 -1 -2.47 -1 -2.878 -1 -3.228 -1 294
-3.053 -1 -2.616 -1 -2.802 -1 -3.122 -1 185
-2.962 -1 -2.53 -1 -2.836 -1 -3.234 -1 249
-3.035 -1 -2.618 -1 -2.634 -1 -3.082 -1 11
-2.858 -1 -2.468 -1 -2.646 -1 -3.062 -1 120
-2.854 -1 -2.438 -1 -2.482 -1 -3.048 -1 53
-2.765 -1 -2.372 -1 -2.78 -1 -3.152 -1 256
-2.966 -1 -2.508 -1 -2.748 -1 -3.152 -1 177
-2.95 -1 -2.518 -1 -2.828 -1 -3.172 -1 241
-3 -1 -2.572 -1 -2.878 -1 -3.226 -1 213
-3.052 -1 -2.636 -1 -2.772 -1 -3.16 -1 127
-2.966 -1 -2.548 -1 -2.868 -1 -3.196 -1 269
-3.032 -1 -2.598 -1 -2.778 -1 -3.232 -1 151
-3.005 -1 -2.556 -1 -2.794 -1 -3.192 -1 185
-2.993 -1 -2.544 -1 -2.718 -1 -3.15 -1 115
-2.934 -1 -2.54 -1 -2.624 -1 -3.086 -1 61
-2.855 -1 -2.456 -1 -2.712 -1 -3.092 -1 188
-2.902 -1 -2.52 -1 -2.738 -1 -3.154 -1 209
-2.946 -1 -2.526 -1 -2.65 -1 -3.108 -1 111
-2.879 -1 -2.488 -1 -2.648 -1 -3.108 -1 115
-2.878 -1 -2.468 -1 -2.832 -1 -3.252 -1 229
-3.042 -1 -2.574 -1 -2.668 -1 -3.164 -1 55
-2.916 -1 -2.482 -1 -2.76 -1 -3.154 -1 205
-2.957 -1 -2.502 -1 -2.602 -1 -3.1 -1 72
-2.851 -1 -2.452 -1 -2.628 -1 -3.014 -1 127
-2.821 -1 -2.406 -1 -2.444 -1 -2.942 -1 22
-2.693 -1 -2.31 -1 -2.588 -1 -3.002 -1 141
-2.795 -1 -2.392 -1 -2.834 -1 -3.234 -1 298
-3.034 -1 -2.538 -1 -2.776 -1 -3.218 -1 197
-2.997 -1 -2.57 -1 -2.754 -1 -3.27 -1 121
-3.012 -1 -2.58 -1 -2.782 -1 -3.232 -1 173
-3.007 -1 -2.566 -1 -2.616 -1 -3.054 -1 53
-2.835 -1 -2.464 -1 -2.666 -1 -3.112 -1 116
-2.889 -1 -2.44 -1 -2.474 -1 -2.994 -1 12
-2.734 -1 -2.374 -1 -2.692 -1 -3.058 -1 193
-2.875 -1 -2.478 -1 -2.84 -1 -3.234 -1 262
-3.037 -1 -2.606 -1 -2.666 -1 -3.152 -1 28
-2.909 -1 -2.478 -1 -2.762 -1 -3.07 -1 186
-2.916 -1 -2.462 -1 -2.624 -1 -3.112 -1 104
-2.868 -1 -2.426 -1 -2.666 -1 -3.084 -1 160
-2.875 -1 -2.468 -1 -2.48 -1 -2.966 -1 5
-2.723 -1 -2.328 -1 -2.412 -1 -2.91 -1 45
-2.661 -1 -2.316 -1 -2.492 -1 -3.058 -1 115
-2.775 -1 -2.362 -1 -2.74 -1 -3.082 -1 275
-2.911 -1 -2.462 -1 -2.802 -1 -3.14 -1 228
-2.971 -1 -2.502 -1 -2.802 -1 -3.138 -2 195
-2.97 -1 -2.534 -1 -2.856 -1 -3.198 -1 253
-3.027 -1 -2.586 -1 -2.838 -1 -3.254 -1 222
-3.046 -1 -2.628 -1 -2.716 -1 -3.144 -1 53
-2.93 -1 -2.516 -1 -2.682 -1 -3.06 -1 112
-2.871 -1 -2.458 -1 -2.734 -1 -3.11 -1 169
-2.922 -1 -2.462 -1 -2.748 -1 -3.104 -1 190
-2.926 -1 -2.486 -1 -2.532 -1 -2.998 -1 18
-2.765 -1 -2.374 -1 -2.758 -1 -3.144 -1 253
-2.951 -1 -2.512 -1 -2.732 -1 -3.206 -1 135
-2.969 -1 -2.532 -1 -2.874 -1 -3.238 -1 227
-3.056 -1 -2.596 -1 -2.902 -1 -3.186 -1 260
-3.044 -1 -2.566 -1 -2.744 -1 -3.086 -1 130
-2.915 -1 -2.528 -1 -2.552 -1 -3.066 -1 11
-2.809 -1 -2.478 -1 -2.77 -1 -3.118 -1 226
-2.944 -1 -2.496 -1 -2.714 -1 -3.13 -1 148
-2.922 -1 -2.492 -1 -2.74 -1 -3.206 -1 202
-2.973 -1 -2.504 -1 -2.888 -1 -3.2 -1 280
-3.044 -1 -2.608 -1 -2.736 -1 -3.1 -1 78
-2.918 -1 -2.522 -1 -2.884 -1 -3.186 -1 289
-3.035 -1 -2.574 -1 -2.746 -1 -3.166 -1 123
-2.956 -1 -2.544 -1 -2.856 -1 -3.184 -1 265
-3.02 -1 -2.546 -1 -2.936 -1 -3.25 -1 297
-3.093 -1 -2.612 -1 -2.962 -1 -3.296 -1 237
-3.129 -1 -2.678 -1 -2.768 -1 -3.156 -1 62
-2.962 -1 -2.56 -1 -2.606 -1 -3.122 -1 29
-2.864 -1 -2.496 -1 -2.55 -1 -3.022 -1 31
-2.786 -1 -2.428 -1 -2.538 -1 -3.056 -1 69
-2.797 -1 -2.476 -1 -2.562 -1 -2.974 -1 46
-2.768 -1 -2.4 -1 -2.54 -1 -3.052 -1 93
-2.796 -1 -2.412 -1 -2.506 -1 -2.956 -1 54
-2.731 -1 -2.35 -1 -2.364 -1 -2.904 -1 14
-2.634 -1 -2.306 -1 -2.46 -1 -2.964 -1 83
-2.712 -1 -2.328 -1 -2.562 -1 -2.954 -1 162
-2.758 -1 -2.338 -1 -2.662 -1 -3.094 -1 203
-2.878 -1 -2.382 -1 -2.658 -1 -3.108 -1 170
-2.883 -1 -2.442 -1 -2.65 -1 -3.02 -1 130
-2.835 -1 -2.414 -1 -2.51 -1 -3.052 -1 62
-2.781 -1 -2.39 -1 -2.444 -1 -2.99 -1 32
-2.717 -1 -2.352 -1 -2.434 -1 -2.916 -1 47
-2.675 -1 -2.32 -1 -2.622 -1 -2.994 -1 176
-2.808 -1 -2.39 -1 -2.506 -1 -2.964 -1 82
-2.735 -1 -2.35 -1 -2.354 -1 -2.896 -1 3
-2.625 -1 -2.312 -1 -2.684 -1 -2.976 -1 232
-2.83 -1 -2.414 -1 -2.42 -1 -2.928 -1 7
-2.674 -1 -2.314 -1 -2.684 -1 -3.11 -1 288
-2.897 -1 -2.444 -1 -2.626 -1 -3.038 -1 94
-2.832 -1 -2.474 -1 -2.776 -1 -3.128 -1 232
-2.952 -1 -2.468 -1 -2.472 -1 -3.004 -1 2
-2.738 -1 -2.336 -1 -2.446 -1 -2.958 -1 71
-2.702 -1 -2.306 -1 -2.51 -1 -3.006 -1 113
-2.758 -1 -2.368 -1 -2.636 -1 -3.068 -1 171
-2.852 -1 -2.404 -1 -2.614 -1 -2.986 -1 123
-2.8 -1 -2.388 -1 -2.768 -1 -3.174 -1 211
-2.971 -1 -2.532 -1 -2.928 -1 -3.232 -1 261
-3.08 -1 -2.636 -1 -2.72 -1 -3.112 -1 65
-2.916 -1 -2.492 -1 -2.546 -1 -2.992 -1 36
-2.769 -1 -2.386 -1 -2.618 -1 -3.074 -1 174
-2.846 -1 -2.464 -1 -2.806 -1 -3.178 -1 258
-2.992 -1 -2.562 -1 -2.668 -1 -3.07 -1 94
-2.869 -1 -2.486 -1 -2.776 -1 -3.112 -1 248
-2.944 -1 -2.498 -1 -2.754 -1 -3.096 -1 170
-2.925 -1 -2.532 -1 -2.878 -1 -3.244 -1 244
-3.061 -1 -2.58 -1 -2.878 -1 -3.18 -1 242
-3.029 -1 -2.54 -1 -2.644 -1 -3.066 -1 75
-2.855 -1 -2.444 -1 -2.58 -1 -3.022 -1 83
-2.801 -1 -2.396 -1 -2.446 -1 -2.96 -1 34
-2.703 -1 -2.366 -1 -2.53 -1 -3.054 -1 107
-2.792 -1 -2.41 -1 -2.804 -1 -3.168 -1 266
-2.986 -1 -2.526 -1 -2.656 -1 -3.082 -1 99
-2.869 -1 -2.488 -1 -2.512 -1 -3.068 -1 7
-2.79 -1 -2.44 -1 -2.72 -1 -3.07 -1 220
-2.895 -1 -2.452 -1 -2.61 -1 -3.022 -1 105
-2.816 -1 -2.42 -1 -2.604 -1 -3.058 -1 107
-2.831 -1 -2.4 -1 -2.68 -1 -3.096 -1 182
-2.888 -1 -2.444 -1 -2.736 -1 -3.194 -1 223
-2.965 -1 -2.538 -1 -2.708 -1 -3.092 -1 138
-2.9 -1 -2.45 -1 -2.564 -1 -2.988 -1 46
-2.776 -1 -2.354 -1 -2.734 -1 -3.122 -1 220
-2.928 -1 -2.472 -1 -2.532 -1 -2.95 -1 54
-2.741 -1 -2.368 -1 -2.576 -1 -3.042 -1 134
-2.809 -1 -2.344 -1 -2.618 -1 -3.024 -1 164
-2.821 -1 -2.404 -1 -2.788 -1 -3.182 -1 274
-2.985 -1 -2.54 -1 -2.592 -1 -2.994 -1 26
-2.793 -1 -2.384 -1 -2.664 -1 -3.074 -1 186
-2.869 -1 -2.444 -1 -2.726 -1 -3.148 -1 212
-2.937 -1 -2.47 -1 -2.598 -1 -3.01 -1 80
-2.804 -1 -2.424 -1 -2.626 -1 -3.058 -1 120
-2.842 -1 -2.452 -1 -2.724 -1 -3.08 -1 163
-2.902 -1 -2.448 -1 -2.662 -1 -3.034 -1 164
-2.848 -1 -2.422 -1 -2.568 -1 -3.042 -1 108
-2.805 -1 -2.424 -1 -2.56 -1 -2.984 -1 138
-2.772 -1 -2.378 -1 -2.76 -1 -3.132 -1 264
-2.946 -1 -2.526 -1 -2.586 -1 -3.022 -1 36
-2.804 -1 -2.404 -1 -2.704 -1 -3.052 -1 200
-2.878 -1 -2.446 -1 -2.514 -1 -3.006 -1 45
-2.76 -1 -2.364 -1 -2.426 -1 -2.91 -1 37
-2.668 -1 -2.29 -1 -2.69 -1 -3.064 -1 253
-2.877 -1 -2.434 -1 -2.698 -1 -3.072 -1 179
-2.885 -1 -2.45 -1 -2.668 -1 -3.052 -1 162
-2.86 -1 -2.448 -1 -2.56 -1 -3.016 -1 69
-2.788 -1 -2.406 -1 -2.448 -1 -2.968 -1 47
-2.708 -1 -2.356 -1 -2.424 -1 -2.928 -1 51
-2.676 -1 -2.348 -1 -2.374 -1 -2.918 -1 19
-2.646 -1 -2.314 -1 -2.63 -1 -3.02 -1 188
-2.825 -1 -2.344 -1 -2.628 -1 -3.036 -1 204
-2.832 -1 -2.394 -1 -2.446 -1 -2.986 -1 36
-2.716 -1 -2.354 -1 -2.73 -1 -3.092 -1 231
-2.911 -1 -2.47 -1 -2.872 -1 -3.196 -1 274
-3.034 -1 -2.576 -1 -2.828 -1 -3.158 -1 217
-2.993 -1 -2.578 -1 -2.92 -1 -3.36 -1 261
-3.14 -1 -2.636 -1 -2.996 -1 -3.224 -1 297
-3.11 -1 -2.642 -1 -2.86 -1 -3.184 -1 184
-3.022 -1 -2.58 -1 -2.88 -1 -3.252 -1 212
-3.066 -1 -2.618 -1 -2.71 -1 -3.138 -2 66
-2.924 -1 -2.552 -1 -2.65 -1 -3.09 -1 68
-2.87 -1 -2.464 -1 -2.582 -1 -3.014 -1 63
-2.798 -1 -2.442 -1 -2.538 -1 -2.964 -1 60
-2.751 -1 -2.394 -1 -2.758 -1 -3.104 -1 256
-2.931 -1 -2.494 -1 -2.882 -1 -3.158 -1 286
-3.02 -1 -2.554 -1 -2.556 -1 -3.034 -1 1
-2.795 -1 -2.434 -1 -2.728 -1 -3.154 -1 216
-2.941 -1 -2.474 -1 -2.55 -1 -2.982 -1 58
-2.766 -1 -2.366 -1 -2.554 -1 -3.01 -1 105
-2.782 -1 -2.348 -1 -2.638 -1 -3.056 -1 202
-2.847 -1 -2.398 -1 -2.482 -1 -3.096 -1 46
-2.789 -1 -2.372 -1 -2.756 -1 -3.12 -1 244
-2.938 -1 -2.462 -1 -2.766 -1 -3.108 -1 190
-2.937 -1 -2.46 -1 -2.544 -1 -3.036 -1 53
-2.79 -1 -2.418 -1 -2.532 -1 -2.966 -1 93
-2.749 -1 -2.356 -1 -2.404 -1 -2.904 -1 30
-2.654 -1 -2.288 -1 -2.5 -1 -3.008 -1 161
-2.754 -1 -2.346 -1 -2.844 -1 -3.232 -1 289
-3.038 -1 -2.574 -1 -2.8 -1 -3.086 -1 143
-2.943 -1 -2.5 -1 -2.772 -1 -3.168 -1 269
-2.97 -1 -2.54 -1 -2.808 -1 -3.146 -1 155
-2.977 -1 -2.56 -1 -2.678 -1 -3.122 -1 90
-2.9 -1 -2.49 -1 -2.856 -1 -3.128 -1 240
-2.992 -1 -2.532 -1 -2.586 -1 -3.022 -1 35
-2.804 -1 -2.46 -1 -2.534 -1 -3.048 -1 61
-2.791 -1 -2.45 -1 -2.634 -1 -3.06 -1 114
-2.847 -1 -2.444 -1 -2.772 -1 -3.162 -1 235
-2.967 -1 -2.55 -1 -2.658 -1 -3.046 -1 90
-2.852 -1 -2.474 -1 -2.658 -1 -3.056 -1 122
-2.857 -1 -2.424 -1 -2.624 -1 -3.128 -1 120
-2.876 -1 -2.484 -1 -2.494 -1 -2.932 -1 13
-2.713 -1 -2.368 -1 -2.712 -1 -3.146 -1 224
-2.929 -1 -2.458 -1 -2.53 -1 -3.014 -1 48
-2.772 -1 -2.392 -1 -2.67 -1 -3.062 -1 178
-2.866 -1 -2.416 -1 -2.436 -1 -2.89 -1 12
-2.663 -1 -2.314 -1 -2.434 -1 -2.87 -1 69
-2.652 -1 -2.27 -1 -2.49 -1 -2.91 -1 150
-2.7 -1 -2.302 -1 -2.548 -1 -2.958 -1 141
-2.753 -1 -2.312 -1 -2.714 -1 -3.04 -1 210
-2.877 -1 -2.386 -1 -2.804 -1 -3.062 -1 261
-2.933 -1 -2.482 -1 -2.762 -1 -3.128 -1 183
-2.945 -1 -2.496 -1 -2.604 -1 -3.024 -1 83
-2.814 -1 -2.43 -1 -2.548 -1 -2.988 -1 97
-2.768 -1 -2.39 -1 -2.648 -1 -3.044 -1 167
-2.846 -1 -2.424 -1 -2.57 -1 -3.01 0 118
