8 1000 0.3 3 17 0 0 0 0
-3.492 -1 -3.184 -1 -3.266 -1 -3.348 -1 120
-3.307 -1 -3.008 -1 -3.008 -1 -3.204 -1 1
-3.106 -1 -2.856 -1 -2.864 -1 -3.108 -1 8
-2.986 -1 -2.702 -1 -2.812 -1 -3.13 -1 144
-2.971 -1 -2.638 -1 -2.696 -1 -2.988 -1 105
-2.842 -1 -2.59 -1 -2.594 -1 -2.97 -1 2
-2.782 -1 -2.536 -1 -2.634 -1 -2.974 -1 73
-2.804 -1 -2.532 -1 -2.558 -1 -2.888 -1 25
-2.723 -1 -2.454 -1 -2.47 -1 -2.928 -1 16
-2.699 -1 -2.468 -1 -2.596 -1 -2.912 -1 134
-2.754 -1 -2.478 -1 -2.514 -1 -2.88 -1 40
-2.697 -1 -2.396 -1 -2.434 -1 -2.792 -1 33
-2.613 -1 -2.334 -1 -2.378 -1 -2.848 -1 44
-2.613 -1 -2.322 -1 -2.47 -1 -2.762 -1 99
-2.616 -1 -2.34 -1 -2.394 -1 -2.774 -1 53
-2.584 -1 -2.332 -1 -2.426 -1 -2.788 -1 76
-2.607 -1 -2.336 -1 -2.476 -1 -2.884 0 113
