8 1000 0.5 4 29 0 0 0 0
-3.425 -1 -3.04 -1 -3.112 -1 -3.282 -1 215
-3.197 -1 -2.804 -1 -2.938 -1 -3.162 -1 167
-3.05 -1 -2.688 -1 -2.71 -1 -3.036 -1 23
-2.873 -1 -2.598 -1 -2.812 -1 -3.106 -1 238
-2.959 -1 -2.584 -1 -2.788 -1 -3.124 -1 184
-2.956 -1 -2.636 -1 -2.682 -1 -3.036 -1 47
-2.859 -1 -2.51 -1 -2.65 -1 -2.9 -1 171
-2.775 -1 -2.426 -1 -2.618 -1 -3.01 -1 203
-2.814 -1 -2.542 -1 -2.814 -1 -3.074 -1 220
-2.944 -1 -2.572 -1 -2.608 -1 -2.906 -1 54
-2.757 -1 -2.43 -1 -2.556 -1 -2.992 -1 143
-2.774 -1 -2.398 -1 -2.428 -1 -2.854 -1 39
-2.641 -1 -2.36 -1 -2.486 -1 -2.88 -1 108
-2.683 -1 -2.344 -1 -2.446 -1 -2.932 -1 62
-2.689 -1 -2.36 -1 -2.394 -1 -2.798 -1 22
-2.596 -1 -2.276 -1 -2.504 -1 -2.88 -1 166
-2.692 -1 -2.34 -1 -2.376 -1 -2.842 -1 20
-2.609 -1 -2.26 -1 -2.49 -1 -2.91 -1 187
-2.7 -1 -2.354 -1 -2.446 -1 -2.83 -1 98
-2.638 -1 -2.31 -1 -2.444 -1 -2.86 -1 98
-2.652 -1 -2.298 -1 -2.546 -1 -2.97 -1 179
-2.758 -1 -2.35 -1 -2.584 -1 -3 -1 214
-2.792 -1 -2.404 -1 -2.448 -1 -2.818 -1 41
-2.633 -1 -2.314 -1 -2.528 -1 -2.858 -1 175
-2.693 -1 -2.352 -1 -2.65 -1 -2.954 -1 234
-2.802 -1 -2.414 -1 -2.604 -1 -2.968 -1 187
-2.786 -1 -2.408 -1 -2.55 -1 -2.92 -1 142
-2.735 -1 -2.39 -1 -2.554 -1 -2.938 -1 139
-2.746 -1 -2.37 -1 -2.37 -1 -2.772 0 0
