7 1000 0 6 15 0 0 0 0
-3.238 -1 -2.808 -1 -2.808 -1 -2.942 -1 0
-2.875 -1 -2.518 -1 -2.518 -1 -2.9 -1 0
-2.709 -1 -2.366 -1 -2.366 -1 -2.806 -1 0
-2.586 -1 -2.25 -1 -2.25 -1 -2.688 -1 0
-2.469 -1 -2.18 -1 -2.18 -1 -2.658 -1 0
-2.419 -1 -2.104 -1 -2.104 -1 -2.61 -1 0
-2.357 -1 -2.036 -1 -2.036 -1 -2.572 -1 0
-2.304 -1 -1.974 -1 -1.974 -1 -2.488 -1 0
-2.231 -1 -1.956 -1 -1.956 -1 -2.52 -1 0
-2.238 -1 -1.938 -1 -1.938 -1 -2.458 -1 0
-2.198 -1 -1.882 -1 -1.882 -1 -2.48 -1 0
-2.181 -1 -1.864 -1 -1.864 -1 -2.454 -1 0
-2.159 -1 -1.832 -1 -1.832 -1 -2.41 -1 0
-2.121 -1 -1.826 -1 -1.826 -1 -2.46 -1 0
-2.143 -1 -1.834 -1 -1.834 -1 -2.41 0 0
