9 1000 0.1 2 27 0 0 0 0
-3.636 -1 -3.368 -1 -3.352 -1 -3.496 -2 28
-3.424 -1 -3.19 -1 -3.204 -1 -3.394 -1 14
-3.299 -1 -3.084 -1 -3.08 -1 -3.426 -1 7
-3.253 -1 -3.016 -1 -3.024 -1 -3.262 -1 13
-3.143 -1 -2.912 -1 -2.932 -1 -3.15 -1 40
-3.041 -1 -2.804 -1 -2.828 -1 -3.046 -1 28
-2.937 -1 -2.738 -1 -2.778 -1 -3.13 -1 25
-2.954 -1 -2.756 -1 -2.788 -1 -3.074 -1 23
-2.931 -1 -2.74 -1 -2.736 -1 -3.068 -1 3
-2.902 -1 -2.75 -1 -2.754 -1 -3.03 -1 4
-2.892 -1 -2.648 -1 -2.71 -1 -3.066 -1 38
-2.888 -1 -2.644 -1 -2.674 -1 -3.004 -1 25
-2.839 -1 -2.634 -1 -2.682 -1 -3.034 -1 34
-2.858 -1 -2.646 -1 -2.664 -1 -3.028 -1 14
-2.846 -1 -2.634 -1 -2.676 -1 -2.984 -1 47
-2.83 -1 -2.6 -1 -2.632 -1 -2.964 -1 41
-2.798 -1 -2.592 -1 -2.61 -1 -3.01 -1 39
-2.81 -1 -2.598 -1 -2.612 -1 -3.01 -1 13
-2.811 -1 -2.588 -1 -2.616 -1 -2.998 -1 31
-2.807 -1 -2.612 -1 -2.622 -1 -2.996 -1 13
-2.809 -1 -2.53 -1 -2.566 -1 -2.986 -1 25
-2.776 -1 -2.592 -1 -2.63 -1 -2.986 -1 30
-2.808 -1 -2.596 -1 -2.664 -1 -2.966 -1 48
-2.815 -1 -2.602 -1 -2.604 -1 -2.946 -1 15
-2.775 -1 -2.546 -1 -2.556 -1 -2.848 -1 11
-2.702 -1 -2.466 -1 -2.482 -1 -2.88 -1 19
-2.681 -1 -2.49 -1 -2.526 -1 -2.882 0 24
