9 1000 0.5 7 56 0 0 0 0
-3.586 -1 -3.1 -1 -3.124 -1 -3.34 -2 20
-3.232 -1 -2.874 -1 -2.914 -2 -3.166 -1 48
-3.04 -1 -2.688 -1 -2.898 -1 -3.212 -1 166
-3.055 -1 -2.648 -1 -2.884 -1 -3.184 -1 191
-3.034 -1 -2.626 -1 -2.776 -1 -3.186 -2 118
-2.981 -1 -2.564 -1 -2.594 -1 -3.022 -1 20
-2.808 -1 -2.454 -1 -2.508 -1 -2.982 -1 31
-2.745 -1 -2.384 -1 -2.51 -1 -2.966 -1 109
-2.738 -1 -2.384 -1 -2.634 -1 -3.072 -1 154
-2.853 -1 -2.432 -1 -2.454 -1 -2.908 -1 16
-2.681 -1 -2.34 -1 -2.57 -1 -2.97 -1 154
-2.77 -1 -2.362 -1 -2.456 -1 -2.872 -1 68
-2.664 -1 -2.326 -1 -2.332 -1 -2.846 -1 8
-2.589 -1 -2.218 -1 -2.258 -1 -2.81 -1 17
-2.534 -1 -2.21 -1 -2.408 -1 -2.916 -1 145
-2.662 -1 -2.28 -1 -2.28 -1 -2.838 -1 0
-2.559 -1 -2.234 -1 -2.478 -1 -2.93 -1 140
-2.704 -1 -2.296 -1 -2.374 -1 -2.81 -1 42
-2.592 -1 -2.23 -1 -2.332 -1 -2.888 -1 59
-2.61 -1 -2.218 -1 -2.36 -1 -2.888 -1 83
-2.624 -1 -2.234 -1 -2.382 -1 -2.884 -1 81
-2.633 -1 -2.272 -1 -2.642 -1 -3.016 -1 248
-2.829 -1 -2.376 -1 -2.526 -1 -2.968 -1 102
-2.747 -1 -2.32 -1 -2.348 -1 -2.866 -1 23
-2.607 -1 -2.238 -1 -2.626 -1 -3.008 -1 245
-2.817 -1 -2.418 -1 -2.75 -1 -3.084 -1 246
-2.917 -1 -2.476 -1 -2.608 -1 -2.974 -1 104
-2.791 -1 -2.374 -1 -2.41 -1 -2.918 -1 27
-2.664 -1 -2.296 -1 -2.654 -1 -2.974 -1 241
-2.814 -1 -2.386 -1 -2.558 -1 -2.972 -1 121
-2.765 -1 -2.374 -1 -2.418 -1 -2.842 -1 29
-2.63 -1 -2.302 -1 -2.594 -1 -2.986 -1 191
-2.79 -1 -2.34 -1 -2.398 -1 -2.944 -1 36
-2.671 -1 -2.294 -1 -2.51 -1 -2.93 -1 123
-2.72 -1 -2.3 -1 -2.618 -1 -3.02 -1 243
-2.819 -1 -2.422 -1 -2.572 -1 -2.952 -1 91
-2.762 -1 -2.354 -1 -2.564 -1 -3.012 -1 131
-2.788 -1 -2.35 -1 -2.348 -1 -2.84 -1 2
-2.594 -1 -2.238 -1 -2.482 -1 -2.9 -1 165
-2.691 -1 -2.294 -1 -2.378 -1 -2.892 -1 64
-2.635 -1 -2.244 -1 -2.554 -1 -2.898 -1 194
-2.726 -1 -2.294 -1 -2.57 -1 -2.972 -1 171
-2.771 -1 -2.33 -1 -2.434 -1 -2.882 -1 63
-2.658 -1 -2.314 -1 -2.454 -1 -2.888 -1 98
-2.671 -1 -2.298 -1 -2.384 -1 -2.824 -1 70
-2.604 -1 -2.24 -1 -2.41 -1 -2.866 -1 124
-2.638 -1 -2.234 -1 -2.314 -1 -2.828 -1 44
-2.571 -1 -2.222 -1 -2.454 -1 -2.844 -1 140
-2.649 -1 -2.25 -1 -2.57 -1 -2.942 -1 205
-2.756 -1 -2.344 -1 -2.666 -1 -2.986 -1 245
-2.826 -1 -2.43 -1 -2.464 -1 -2.95 -1 27
-2.707 -1 -2.32 -1 -2.646 -1 -2.984 -1 231
-2.815 -1 -2.424 -1 -2.636 -1 -2.976 -1 172
-2.806 -1 -2.402 -1 -2.66 -1 -3.018 -1 214
-2.839 -1 -2.448 -1 -2.452 -1 -2.946 -1 6
-2.699 -1 -2.368 -1 -2.67 -1 -2.996 0 235
