7 1000 0.4 10 16 0 0 0 0
-3.239 -1 -2.774 -1 -2.874 -1 -3.044 -1 161
-2.959 -1 -2.532 -1 -2.682 -1 -2.962 -1 185
-2.822 -1 -2.396 -1 -2.552 -1 -2.874 -1 174
-2.713 -1 -2.316 -1 -2.324 -1 -2.736 -1 12
-2.53 -1 -2.18 -1 -2.226 -1 -2.734 -1 42
-2.48 -1 -2.154 -1 -2.184 -1 -2.608 -1 16
-2.396 -1 -2.056 -1 -2.21 -1 -2.736 -1 115
-2.473 -1 -2.106 -1 -2.36 -1 -2.77 -1 194
-2.565 -1 -2.164 -1 -2.344 -1 -2.752 -1 159
-2.548 -1 -2.122 -1 -2.302 -1 -2.708 -1 131
-2.505 -1 -2.078 -1 -2.178 -1 -2.58 -1 73
-2.379 -1 -1.992 -1 -2.066 -1 -2.628 -1 51
-2.347 -1 -1.996 -1 -1.998 -1 -2.552 -1 7
-2.275 -1 -1.92 -1 -1.94 -1 -2.514 -1 17
-2.227 -1 -1.876 -1 -2.024 -1 -2.594 -1 109
-2.309 -1 -1.966 -1 -2.114 -1 -2.574 0 105
