8 1000 0.1 3 435 0 0 0 0
-3.443 -1 -3.124 -1 -3.12 -1 -3.256 -1 11
-3.188 -1 -2.908 -1 -2.91 -1 -3.156 -1 21
-3.033 -1 -2.796 -1 -2.79 -1 -3.064 -1 3
-2.927 -1 -2.668 -1 -2.728 -1 -3.002 -1 46
-2.865 -1 -2.606 -1 -2.656 -1 -3.034 -1 44
-2.845 -1 -2.598 -1 -2.628 -1 -2.96 -1 28
-2.794 -1 -2.554 -1 -2.578 -1 -3.002 -1 19
-2.79 -1 -2.51 -1 -2.542 -1 -2.896 -1 44
-2.719 -1 -2.438 -1 -2.474 -1 -2.89 -1 39
-2.682 -1 -2.412 -1 -2.464 -1 -2.84 -1 41
-2.652 -1 -2.386 -1 -2.454 -1 -2.87 -1 48
-2.662 -1 -2.394 -1 -2.46 -1 -2.838 -1 37
-2.649 -1 -2.35 -1 -2.382 -1 -2.87 -1 20
-2.626 -1 -2.394 -1 -2.412 -1 -2.824 -1 17
-2.618 -1 -2.356 -1 -2.378 -1 -2.786 -1 31
-2.582 -1 -2.366 -1 -2.366 -1 -2.734 -1 4
-2.55 -1 -2.284 -1 -2.284 -1 -2.774 -1 2
-2.529 -1 -2.244 -1 -2.262 -1 -2.81 -1 3
-2.536 -1 -2.264 -1 -2.288 -1 -2.718 -1 15
-2.503 -1 -2.234 -1 -2.308 -1 -2.79 -1 43
-2.549 -1 -2.296 -1 -2.348 -1 -2.722 -1 49
-2.535 -1 -2.25 -1 -2.308 -1 -2.794 -1 47
-2.551 -1 -2.288 -1 -2.308 -1 -2.676 -1 10
-2.492 -1 -2.208 -1 -2.262 -1 -2.73 -1 40
-2.496 -1 -2.236 -1 -2.254 -1 -2.744 -1 15
-2.499 -1 -2.21 -1 -2.258 -1 -2.73 -1 28
-2.494 -1 -2.25 -1 -2.288 -1 -2.688 -1 30
-2.488 -1 -2.192 -1 -2.254 -1 -2.706 -1 30
-2.48 -1 -2.2 -1 -2.262 -1 -2.668 -1 31
-2.465 -1 -2.162 -1 -2.224 -1 -2.708 -1 31
-2.466 -1 -2.174 -1 -2.206 -1 -2.686 -1 13
-2.446 -1 -2.17 -1 -2.224 -1 -2.678 -1 33
-2.451 -1 -2.188 -1 -2.22 -1 -2.668 -1 20
-2.444 -1 -2.15 -1 -2.16 -1 -2.608 -1 5
-2.384 -1 -2.112 -1 -2.174 -1 -2.644 -1 27
-2.409 -1 -2.166 -1 -2.21 -1 -2.61 -1 24
-2.41 -1 -2.138 -1 -2.182 -1 -2.61 -1 32
-2.396 -1 -2.134 -1 -2.134 -1 -2.554 -1 1
-2.344 -1 -2.088 -1 -2.138 -1 -2.58 -1 22
-2.359 -1 -2.112 -1 -2.116 -1 -2.554 -1 3
-2.335 -1 -2.07 -1 -2.11 -1 -2.556 -1 25
-2.333 -1 -2.068 -1 -2.118 -1 -2.552 -1 23
-2.335 -1 -2.058 -1 -2.078 -1 -2.452 -1 23
-2.265 -1 -1.964 -1 -1.974 -1 -2.372 -1 6
-2.173 -1 -1.924 -1 -1.978 -1 -2.392 -1 27
-2.185 -1 -1.876 -1 -1.89 -1 -2.348 -1 23
-2.119 -1 -1.84 -1 -1.842 -1 -2.282 -1 2
-2.062 -1 -1.774 -1 -1.834 -1 -2.244 -1 30
-2.039 -1 -1.738 -1 -1.764 -1 -2.14 -1 15
-1.952 -1 -1.698 -1 -1.802 -1 -2.194 -1 44
-1.998 -1 -1.704 -1 -1.824 -1 -2.174 -1 46
-1.999 -1 -1.712 -1 -1.764 -1 -2.09 -1 26
-1.927 -1 -1.596 -1 -1.702 -1 -2.02 -1 48
-1.861 -1 -1.584 -1 -1.664 -1 -2.02 -1 35
-1.842 -1 -1.508 -1 -1.614 -1 -1.934 -1 49
-1.774 -1 -1.462 -1 -1.556 -1 -1.774 -1 44
-1.665 -1 -1.384 -1 -1.508 -1 -1.742 -1 44
-1.625 -1 -1.324 -1 -1.392 -1 -1.582 -1 25
-1.487 -1 -1.262 -1 -1.278 -1 -1.452 -1 9
-1.365 -1 -1.182 -1 -1.286 -1 -1.474 -1 39
-1.38 -1 -1.16 -1 -1.242 -1 -1.394 -1 36
-1.318 -1 -1.122 -1 -1.228 -1 -1.376 -1 38
-1.302 -1 -1.112 -1 -1.136 -1 -1.282 -1 7
-1.209 -1 -1.068 -1 -1.094 -1 -1.19 -1 12
-1.142 -1 -1.058 -1 -1.102 -1 -1.196 -1 19
-1.149 -1 -1.05 -1 -1.164 -1 -1.296 -1 35
-1.23 -1 -1.108 -1 -1.232 -1 -1.322 -1 42
-1.277 -1 -1.1 -1 -1.188 -1 -1.282 -1 28
-1.235 -1 -1.084 -1 -1.178 -1 -1.268 -1 32
-1.223 -1 -1.092 -1 -1.142 -1 -1.226 -1 18
-1.184 -1 -1.068 -1 -1.144 -1 -1.232 -1 22
-1.188 -1 -1.074 -1 -1.098 -1 -1.144 -1 5
-1.121 -1 -1.03 -1 -1.128 -1 -1.192 -1 31
-1.16 -1 -1.05 -1 -1.128 -1 -1.184 -1 24
-1.156 -1 -1.054 -1 -1.19 -1 -1.258 -1 48
-1.224 -1 -1.074 -1 -1.23 -1 -1.304 -1 47
-1.267 -1 -1.088 -1 -1.162 -1 -1.234 -1 24
-1.198 -1 -1.06 -1 -1.168 -1 -1.228 -1 45
-1.198 -1 -1.048 -1 -1.14 -1 -1.162 -1 34
-1.151 -1 -1.038 -1 -1.104 -1 -1.18 -1 21
-1.142 -1 -1.046 -1 -1.108 -1 -1.178 -1 24
-1.143 -1 -1.048 -1 -1.06 -1 -1.134 -1 4
-1.097 -1 -1.03 -1 -1.122 -1 -1.164 -1 31
-1.143 -1 -1.03 -1 -1.1 -1 -1.118 -1 26
-1.109 -1 -1.042 -1 -1.092 -1 -1.162 -1 19
-1.127 -1 -1.036 -1 -1.114 -1 -1.164 -1 26
-1.139 -1 -1.04 -1 -1.048 -1 -1.084 -1 4
-1.066 -1 -1.02 -1 -1.068 -1 -1.092 -1 15
-1.08 -1 -1.026 -1 -1.154 -1 -1.218 -1 47
-1.186 -1 -1.07 -1 -1.072 -1 -1.118 -1 1
-1.095 -1 -1.022 -1 -1.118 -1 -1.134 -1 33
-1.126 -1 -1.038 -1 -1.132 -1 -1.176 -1 41
-1.154 -1 -1.058 -1 -1.114 -1 -1.164 -1 22
-1.139 -1 -1.052 -1 -1.17 -1 -1.252 -1 43
-1.211 -1 -1.084 -1 -1.186 -1 -1.248 -1 31
-1.217 -1 -1.074 -1 -1.094 -1 -1.136 -1 9
-1.115 -1 -1.038 -1 -1.068 -1 -1.116 -1 10
-1.092 -1 -1.04 -1 -1.072 -1 -1.088 -1 9
-1.08 -1 -1.03 -1 -1.122 -1 -1.178 -1 42
-1.15 -1 -1.05 -1 -1.15 -1 -1.214 -1 31
-1.182 -1 -1.072 -1 -1.1 -1 -1.18 -1 11
-1.14 -1 -1.042 -1 -1.09 -1 -1.15 -1 18
-1.12 -1 -1.042 -1 -1.052 -1 -1.092 -1 3
-1.072 -1 -1.022 -1 -1.178 -1 -1.232 -1 44
-1.205 -1 -1.08 -1 -1.122 -1 -1.15 -1 13
-1.136 -1 -1.04 -1 -1.166 -1 -1.228 -1 42
-1.197 -1 -1.072 -1 -1.204 -1 -1.24 -1 46
-1.222 -1 -1.092 -1 -1.114 -1 -1.134 -1 12
-1.124 -1 -1.044 -1 -1.134 -1 -1.154 -1 33
-1.144 -1 -1.046 -1 -1.054 -1 -1.078 -1 4
-1.066 -1 -1.008 -1 -1.104 -1 -1.158 -1 28
-1.131 -1 -1.048 -1 -1.126 -1 -1.148 -1 25
-1.137 -1 -1.038 -1 -1.16 -1 -1.198 -1 39
-1.179 -1 -1.082 -1 -1.1 -1 -1.148 -1 5
-1.124 -1 -1.038 -1 -1.09 -1 -1.096 -1 16
-1.093 -1 -1.026 -1 -1.126 -1 -1.178 -1 40
-1.152 -1 -1.064 -1 -1.19 -1 -1.236 -1 38
-1.213 -1 -1.078 -1 -1.186 -1 -1.226 -1 38
-1.206 -1 -1.064 -1 -1.172 -1 -1.224 -1 38
-1.198 -1 -1.074 -1 -1.086 -1 -1.114 -1 3
-1.1 -1 -1.026 -1 -1.034 -1 -1.048 -1 2
-1.041 -1 -1.01 -1 -1.118 -1 -1.14 -1 36
-1.129 -1 -1.044 -1 -1.062 -1 -1.094 -1 9
-1.078 -1 -1.016 -1 -1.05 -1 -1.096 -1 14
-1.073 -1 -1.038 -1 -1.038 -1 -1.058 -1 0
-1.048 -1 -1.014 -1 -1.09 -1 -1.132 -1 25
-1.111 -1 -1.042 -1 -1.17 -1 -1.246 -1 44
-1.208 -1 -1.07 -1 -1.154 -1 -1.216 -1 32
-1.185 -1 -1.078 -1 -1.088 -1 -1.112 -1 2
-1.1 -1 -1.024 -1 -1.03 -1 -1.064 -1 6
-1.047 -1 -1.014 -1 -1.082 -1 -1.128 -1 25
-1.105 -1 -1.03 -1 -1.1 -1 -1.13 -1 24
-1.115 -1 -1.04 -1 -1.164 -1 -1.216 -1 45
-1.19 -1 -1.058 -1 -1.094 -1 -1.108 -1 14
-1.101 -1 -1.038 -1 -1.058 -1 -1.084 -1 6
-1.071 -1 -1.02 -1 -1.092 -1 -1.142 -1 20
-1.117 -1 -1.05 -1 -1.118 -1 -1.158 -1 27
-1.138 -1 -1.054 -1 -1.182 -1 -1.224 -1 43
-1.203 -1 -1.072 -1 -1.184 -1 -1.228 -1 40
-1.206 -1 -1.068 -1 -1.106 -1 -1.142 -1 13
-1.124 -1 -1.028 -1 -1.068 -1 -1.086 -1 15
-1.077 -1 -1.034 -1 -1.1 -1 -1.136 -1 19
-1.118 -1 -1.046 -1 -1.066 -1 -1.106 -1 7
-1.086 -1 -1.02 -1 -1.136 -1 -1.16 -1 34
-1.148 -1 -1.03 -1 -1.138 -1 -1.182 -1 33
-1.16 -1 -1.044 -1 -1.1 -1 -1.132 -1 25
-1.116 -1 -1.042 -1 -1.19 -1 -1.246 -1 45
-1.218 -1 -1.088 -1 -1.104 -1 -1.162 -1 7
-1.133 -1 -1.032 -1 -1.066 -1 -1.1 -1 10
-1.083 -1 -1.018 -1 -1.076 -1 -1.12 -1 16
-1.098 -1 -1.028 -1 -1.136 -1 -1.176 -1 35
-1.156 -1 -1.052 -1 -1.108 -1 -1.156 -1 20
-1.132 -1 -1.048 -1 -1.172 -1 -1.228 -1 38
-1.2 -1 -1.084 -1 -1.12 -1 -1.152 -1 11
-1.136 -1 -1.058 -1 -1.09 -1 -1.136 -1 10
-1.113 -1 -1.048 -1 -1.156 -1 -1.206 -1 43
-1.181 -1 -1.058 -1 -1.182 -1 -1.238 -1 35
-1.21 -1 -1.066 -1 -1.212 -1 -1.264 -1 45
-1.238 -1 -1.102 -1 -1.132 -1 -1.156 -1 11
-1.144 -1 -1.042 -1 -1.06 -1 -1.094 -1 6
-1.077 -1 -1.026 -1 -1.108 -1 -1.156 -1 24
-1.132 -1 -1.04 -1 -1.12 -1 -1.166 -1 22
-1.143 -1 -1.048 -1 -1.206 -1 -1.268 -1 49
-1.237 -1 -1.1 -1 -1.256 -1 -1.312 -1 45
-1.284 -1 -1.122 -1 -1.162 -1 -1.198 -1 13
-1.18 -1 -1.07 -1 -1.1 -1 -1.142 -1 10
-1.121 -1 -1.038 -1 -1.13 -1 -1.168 -1 28
-1.149 -1 -1.066 -1 -1.066 -1 -1.098 -1 0
-1.082 -1 -1.014 -1 -1.108 -1 -1.138 -1 30
-1.123 -1 -1.036 -1 -1.054 -1 -1.074 -1 7
-1.064 -1 -1.02 -1 -1.136 -1 -1.2 -1 38
-1.168 -1 -1.056 -1 -1.144 -1 -1.18 -1 31
-1.162 -1 -1.054 -1 -1.224 -1 -1.246 -1 48
-1.235 -1 -1.082 -1 -1.24 -1 -1.28 -1 47
-1.26 -1 -1.082 -1 -1.17 -1 -1.22 -1 29
-1.195 -1 -1.07 -1 -1.156 -1 -1.22 -1 28
-1.188 -1 -1.06 -1 -1.192 -1 -1.224 -1 36
-1.208 -1 -1.068 -1 -1.212 -1 -1.256 -1 49
-1.234 -1 -1.084 -1 -1.196 -1 -1.246 -1 41
-1.221 -1 -1.092 -1 -1.24 -1 -1.29 -1 40
-1.265 -1 -1.088 -1 -1.24 -1 -1.308 -1 49
-1.274 -1 -1.09 -1 -1.174 -1 -1.22 -1 26
-1.197 -1 -1.092 -1 -1.178 -1 -1.228 -1 22
-1.203 -1 -1.07 -1 -1.11 -1 -1.15 -1 17
-1.13 -1 -1.034 -1 -1.048 -1 -1.076 -1 9
-1.062 -1 -1.016 -1 -1.092 -1 -1.132 -1 24
-1.112 -1 -1.034 -1 -1.14 -1 -1.206 -1 38
-1.173 -1 -1.066 -1 -1.1 -1 -1.144 -1 16
-1.122 -1 -1.03 -1 -1.092 -1 -1.122 -1 15
-1.107 -1 -1.032 -1 -1.122 -1 -1.162 -1 28
-1.142 -1 -1.042 -1 -1.206 -1 -1.272 -1 44
-1.239 -1 -1.096 -1 -1.232 -1 -1.3 -1 45
-1.266 -1 -1.092 -1 -1.154 -1 -1.184 -1 22
-1.169 -1 -1.03 -1 -1.124 -1 -1.166 -1 29
-1.145 -1 -1.04 -1 -1.09 -1 -1.11 -1 15
-1.1 -1 -1.032 -1 -1.114 -1 -1.162 -1 30
-1.138 -1 -1.052 -1 -1.188 -1 -1.262 -1 42
-1.225 -1 -1.086 -1 -1.138 -1 -1.164 -1 13
-1.151 -1 -1.052 -1 -1.098 -1 -1.132 -1 12
-1.115 -1 -1.03 -1 -1.06 -1 -1.086 -1 9
-1.073 -1 -1.028 -1 -1.124 -1 -1.164 -1 31
-1.144 -1 -1.052 -1 -1.12 -1 -1.164 -1 22
-1.142 -1 -1.042 -1 -1.056 -1 -1.08 -1 7
-1.068 -1 -1.024 -1 -1.142 -1 -1.202 -1 44
-1.172 -1 -1.072 -1 -1.092 -1 -1.126 -1 8
-1.109 -1 -1.058 -1 -1.186 -1 -1.212 -1 48
-1.199 -1 -1.058 -1 -1.198 -1 -1.256 -1 44
-1.227 -1 -1.076 -1 -1.204 -1 -1.274 -1 45
-1.239 -1 -1.084 -1 -1.162 -1 -1.226 -1 23
-1.194 -1 -1.058 -1 -1.058 -1 -1.09 -1 0
-1.074 -1 -1.02 -1 -1.152 -1 -1.186 -1 46
-1.169 -1 -1.05 -1 -1.184 -1 -1.252 -1 45
-1.218 -1 -1.098 -1 -1.196 -1 -1.278 -1 29
-1.237 -1 -1.102 -1 -1.226 -1 -1.31 -1 49
-1.268 -1 -1.12 -1 -1.198 -1 -1.244 -1 24
-1.221 -1 -1.054 -1 -1.068 -1 -1.084 -1 3
-1.076 -1 -1.018 -1 -1.058 -1 -1.074 -1 13
-1.066 -1 -1.018 -1 -1.156 -1 -1.192 -1 41
-1.174 -1 -1.058 -1 -1.182 -1 -1.238 -1 45
-1.21 -1 -1.054 -1 -1.168 -1 -1.204 -1 38
-1.186 -1 -1.074 -1 -1.21 -1 -1.276 -1 49
-1.243 -1 -1.078 -1 -1.102 -1 -1.142 -1 8
-1.122 -1 -1.026 -1 -1.114 -1 -1.188 -1 33
-1.151 -1 -1.058 -1 -1.114 -1 -1.154 -1 19
-1.134 -1 -1.05 -1 -1.102 -1 -1.156 -1 21
-1.129 -1 -1.044 -1 -1.182 -1 -1.238 -1 42
-1.21 -1 -1.082 -1 -1.186 -1 -1.252 -1 36
-1.219 -1 -1.09 -1 -1.174 -1 -1.21 -1 24
-1.192 -1 -1.064 -1 -1.2 -1 -1.256 -1 49
-1.228 -1 -1.082 -1 -1.17 -1 -1.23 -1 30
-1.2 -1 -1.05 -1 -1.174 -1 -1.226 -1 38
-1.2 -1 -1.05 -1 -1.096 -1 -1.142 -1 13
-1.119 -1 -1.042 -1 -1.156 -1 -1.206 -1 40
-1.181 -1 -1.074 -1 -1.2 -1 -1.272 -1 43
-1.236 -1 -1.096 -1 -1.096 -1 -1.122 -1 0
-1.109 -1 -1.044 -1 -1.112 -1 -1.146 -1 22
-1.129 -1 -1.044 -1 -1.18 -1 -1.232 -1 39
-1.206 -1 -1.072 -1 -1.112 -1 -1.134 -1 15
-1.123 -1 -1.026 -1 -1.026 -1 -1.034 -1 0
-1.03 -1 -1.004 -1 -1.15 -1 -1.202 -1 40
-1.176 -1 -1.056 -1 -1.11 -1 -1.144 -1 14
-1.127 -1 -1.038 -1 -1.132 -1 -1.17 -1 31
-1.151 -1 -1.044 -1 -1.044 -1 -1.066 -1 0
-1.055 -1 -1.016 -1 -1.088 -1 -1.134 -1 26
-1.111 -1 -1.032 -1 -1.154 -1 -1.208 -1 41
-1.181 -1 -1.054 -1 -1.17 -1 -1.216 -1 40
-1.193 -1 -1.076 -1 -1.132 -1 -1.17 -1 21
-1.151 -1 -1.054 -1 -1.156 -1 -1.202 -1 33
-1.179 -1 -1.052 -1 -1.15 -1 -1.19 -1 36
-1.17 -1 -1.056 -1 -1.174 -1 -1.238 -1 47
-1.206 -1 -1.076 -1 -1.082 -1 -1.12 -1 3
-1.101 -1 -1.028 -1 -1.156 -1 -1.2 -1 44
-1.178 -1 -1.064 -1 -1.156 -1 -1.22 -1 31
-1.188 -1 -1.064 -1 -1.086 -1 -1.12 -1 4
-1.103 -1 -1.032 -1 -1.066 -1 -1.11 -1 12
-1.088 -1 -1.022 -1 -1.108 -1 -1.14 -1 36
-1.124 -1 -1.036 -1 -1.164 -1 -1.208 -1 41
-1.186 -1 -1.048 -1 -1.09 -1 -1.128 -1 12
-1.109 -1 -1.036 -1 -1.158 -1 -1.2 -1 37
-1.179 -1 -1.054 -1 -1.084 -1 -1.116 -1 8
-1.1 -1 -1.024 -1 -1.042 -1 -1.074 -1 7
-1.058 -1 -1.022 -1 -1.07 -1 -1.108 -1 18
-1.089 -1 -1.022 -1 -1.088 -1 -1.138 -1 21
-1.113 -1 -1.034 -1 -1.052 -1 -1.072 -1 6
-1.062 -1 -1.018 -1 -1.148 -1 -1.188 -1 35
-1.168 -1 -1.078 -1 -1.194 -1 -1.254 -1 34
-1.224 -1 -1.098 -1 -1.188 -1 -1.248 -1 34
-1.218 -1 -1.086 -1 -1.208 -1 -1.23 -1 39
-1.219 -1 -1.076 -1 -1.166 -1 -1.25 -1 27
-1.208 -1 -1.068 -1 -1.15 -1 -1.212 -1 42
-1.181 -1 -1.056 -1 -1.086 -1 -1.128 -1 9
-1.107 -1 -1.044 -1 -1.16 -1 -1.212 -1 42
-1.186 -1 -1.074 -1 -1.112 -1 -1.138 -1 11
-1.125 -1 -1.032 -1 -1.162 -1 -1.25 -1 42
-1.206 -1 -1.08 -1 -1.122 -1 -1.182 -1 23
-1.152 -1 -1.058 -1 -1.126 -1 -1.158 -1 22
-1.142 -1 -1.046 -1 -1.064 -1 -1.114 -1 6
-1.089 -1 -1.028 -1 -1.172 -1 -1.24 -1 43
-1.206 -1 -1.07 -1 -1.098 -1 -1.116 -1 9
-1.107 -1 -1.024 -1 -1.096 -1 -1.118 -1 19
-1.107 -1 -1.016 -1 -1.094 -1 -1.134 -1 30
-1.114 -1 -1.05 -1 -1.184 -1 -1.244 -1 47
-1.214 -1 -1.076 -1 -1.088 -1 -1.136 -1 7
-1.112 -1 -1.044 -1 -1.156 -1 -1.232 -1 44
-1.194 -1 -1.082 -1 -1.21 -1 -1.284 -1 40
-1.247 -1 -1.106 -1 -1.106 -1 -1.152 -1 0
-1.129 -1 -1.034 -1 -1.072 -1 -1.128 -1 19
-1.1 -1 -1.042 -1 -1.126 -1 -1.152 -1 30
-1.139 -1 -1.04 -1 -1.122 -1 -1.158 -1 25
-1.14 -1 -1.036 -1 -1.166 -1 -1.242 -1 46
-1.204 -1 -1.074 -1 -1.132 -1 -1.194 -1 22
-1.163 -1 -1.046 -1 -1.114 -1 -1.166 -1 21
-1.14 -1 -1.044 -1 -1.162 -1 -1.214 -1 39
-1.188 -1 -1.094 -1 -1.14 -1 -1.176 -1 12
-1.158 -1 -1.048 -1 -1.07 -1 -1.108 -1 6
-1.089 -1 -1.028 -1 -1.126 -1 -1.194 -1 33
-1.16 -1 -1.066 -1 -1.142 -1 -1.19 -1 28
-1.166 -1 -1.044 -1 -1.168 -1 -1.206 -1 43
-1.187 -1 -1.07 -1 -1.2 -1 -1.238 -1 43
-1.219 -1 -1.09 -1 -1.154 -1 -1.206 -1 18
-1.18 -1 -1.062 -1 -1.07 -1 -1.128 -1 2
-1.099 -1 -1.034 -1 -1.11 -1 -1.15 -1 25
-1.13 -1 -1.034 -1 -1.122 -1 -1.166 -1 25
-1.144 -1 -1.032 -1 -1.13 -1 -1.162 -1 29
-1.146 -1 -1.048 -1 -1.154 -1 -1.216 -1 39
-1.185 -1 -1.078 -1 -1.116 -1 -1.162 -1 15
-1.139 -1 -1.042 -1 -1.088 -1 -1.122 -1 23
-1.105 -1 -1.032 -1 -1.04 -1 -1.084 -1 3
-1.062 -1 -1.018 -1 -1.16 -1 -1.22 -1 47
-1.19 -1 -1.068 -1 -1.092 -1 -1.126 -1 6
-1.109 -1 -1.052 -1 -1.09 -1 -1.138 -1 17
-1.114 -1 -1.04 -1 -1.128 -1 -1.18 -1 25
-1.154 -1 -1.056 -1 -1.122 -1 -1.158 -1 20
-1.14 -1 -1.052 -1 -1.132 -1 -1.14 -1 27
-1.136 -1 -1.032 -1 -1.076 -1 -1.104 -1 11
-1.09 -1 -1.018 -1 -1.098 -1 -1.146 -1 25
-1.122 -1 -1.044 -1 -1.072 -1 -1.11 -1 10
-1.091 -1 -1.036 -1 -1.194 -1 -1.246 -1 45
-1.22 -1 -1.068 -1 -1.218 -1 -1.266 -1 43
-1.242 -1 -1.106 -1 -1.106 -1 -1.138 -1 1
-1.122 -1 -1.034 -1 -1.058 -1 -1.074 -1 8
-1.066 -1 -1.018 -1 -1.11 -1 -1.14 -1 30
-1.125 -1 -1.06 -1 -1.208 -1 -1.238 -1 41
-1.223 -1 -1.09 -1 -1.186 -1 -1.23 -1 30
-1.208 -1 -1.072 -1 -1.114 -1 -1.146 -1 11
-1.13 -1 -1.024 -1 -1.154 -1 -1.192 -1 45
-1.173 -1 -1.048 -1 -1.12 -1 -1.178 -1 24
-1.149 -1 -1.05 -1 -1.08 -1 -1.12 -1 8
-1.1 -1 -1.024 -1 -1.042 -1 -1.064 -1 6
-1.053 -1 -1.012 -1 -1.142 -1 -1.212 -1 44
-1.177 -1 -1.07 -1 -1.084 -1 -1.12 -1 4
-1.102 -1 -1.032 -1 -1.044 -1 -1.072 -1 9
-1.058 -1 -1.022 -1 -1.136 -1 -1.186 -1 39
-1.161 -1 -1.068 -1 -1.116 -1 -1.146 -1 13
-1.131 -1 -1.054 -1 -1.09 -1 -1.114 -1 15
-1.102 -1 -1.022 -1 -1.104 -1 -1.15 -1 30
-1.127 -1 -1.054 -1 -1.146 -1 -1.18 -1 36
-1.163 -1 -1.052 -1 -1.09 -1 -1.114 -1 11
-1.102 -1 -1.038 -1 -1.108 -1 -1.16 -1 19
-1.134 -1 -1.042 -1 -1.074 -1 -1.096 -1 18
-1.085 -1 -1.024 -1 -1.084 -1 -1.108 -1 21
-1.096 -1 -1.024 -1 -1.146 -1 -1.186 -1 43
-1.166 -1 -1.048 -1 -1.116 -1 -1.144 -1 25
-1.13 -1 -1.042 -1 -1.064 -1 -1.088 -1 6
-1.076 -1 -1.036 -1 -1.118 -1 -1.136 -1 32
-1.127 -1 -1.024 -1 -1.024 -1 -1.04 -1 0
-1.032 -1 -1.008 -1 -1.134 -1 -1.182 -1 45
-1.158 -1 -1.06 -1 -1.166 -1 -1.216 -1 30
-1.191 -1 -1.076 -1 -1.138 -1 -1.184 -1 20
-1.161 -1 -1.06 -1 -1.132 -1 -1.166 -1 23
-1.149 -1 -1.044 -1 -1.062 -1 -1.084 -1 8
-1.073 -1 -1.022 -1 -1.034 -1 -1.044 -1 6
-1.039 -1 -1.022 -1 -1.072 -1 -1.092 -1 18
-1.082 -1 -1.024 -1 -1.116 -1 -1.158 -1 29
-1.137 -1 -1.05 -1 -1.184 -1 -1.236 -1 48
-1.21 -1 -1.078 -1 -1.132 -1 -1.172 -1 21
-1.152 -1 -1.05 -1 -1.162 -1 -1.222 -1 36
-1.192 -1 -1.078 -1 -1.136 -1 -1.176 -1 17
-1.156 -1 -1.042 -1 -1.054 -1 -1.076 -1 3
-1.065 -1 -1.018 -1 -1.024 -1 -1.044 -1 3
-1.034 -1 -1.008 -1 -1.016 -1 -1.03 -1 2
-1.023 -1 -1.008 -1 -1.014 -1 -1.032 -1 3
-1.023 -1 -1.006 -1 -1.12 -1 -1.182 -1 36
-1.151 -1 -1.05 -1 -1.116 -1 -1.164 -1 22
-1.14 -1 -1.054 -1 -1.154 -1 -1.202 -1 30
-1.178 -1 -1.068 -1 -1.144 -1 -1.202 -1 28
-1.173 -1 -1.068 -1 -1.15 -1 -1.182 -1 25
-1.166 -1 -1.05 -1 -1.094 -1 -1.136 -1 13
-1.115 -1 -1.036 -1 -1.114 -1 -1.148 -1 22
-1.131 -1 -1.036 -1 -1.142 -1 -1.226 -1 32
-1.184 -1 -1.076 -1 -1.126 -1 -1.162 -1 24
-1.144 -1 -1.048 -1 -1.066 -1 -1.1 -1 4
-1.083 -1 -1.036 -1 -1.05 -1 -1.072 -1 5
-1.061 -1 -1.018 -1 -1.126 -1 -1.164 -1 39
-1.145 -1 -1.032 -1 -1.08 -1 -1.126 -1 18
-1.103 -1 -1.03 -1 -1.054 -1 -1.072 -1 6
-1.063 -1 -1.016 -1 -1.06 -1 -1.106 -1 19
-1.083 -1 -1.03 -1 -1.056 -1 -1.088 -1 14
-1.072 -1 -1.024 -1 -1.082 -1 -1.106 -1 19
-1.094 -1 -1.024 -1 -1.042 -1 -1.086 -1 9
-1.064 -1 -1.038 -1 -1.114 -1 -1.15 -1 27
-1.132 -1 -1.034 -1 -1.096 -1 -1.134 -1 18
-1.115 -1 -1.038 -1 -1.15 -1 -1.204 -1 34
-1.177 -1 -1.068 -1 -1.15 -1 -1.164 -1 27
-1.157 -1 -1.048 -1 -1.086 -1 -1.1 -1 11
-1.093 -1 -1.022 -1 -1.122 -1 -1.168 -1 25
-1.145 -1 -1.05 -1 -1.11 -1 -1.148 -1 15
-1.129 -1 -1.03 -1 -1.044 -1 -1.056 -1 7
-1.05 -1 -1.006 -1 -1.158 -1 -1.196 -1 48
-1.177 -1 -1.068 -1 -1.068 -1 -1.092 -1 0
-1.08 -1 -1.026 -1 -1.07 -1 -1.11 -1 11
-1.09 -1 -1.034 -1 -1.034 -1 -1.052 -1 1
-1.043 -1 -1.016 -1 -1.058 -1 -1.08 -1 13
-1.069 -1 -1.026 -1 -1.068 -1 -1.098 -1 14
-1.083 -1 -1.014 -1 -1.126 -1 -1.172 -1 39
-1.149 -1 -1.052 -1 -1.186 -1 -1.25 -1 49
-1.218 -1 -1.072 -1 -1.08 -1 -1.104 -1 3
-1.092 -1 -1.028 -1 -1.138 -1 -1.194 -1 39
-1.166 -1 -1.072 -1 -1.12 -1 -1.174 -1 20
-1.147 -1 -1.054 -1 -1.066 -1 -1.09 -1 5
-1.078 -1 -1.032 -1 -1.08 -1 -1.1 -1 17
-1.09 -1 -1.022 -1 -1.112 -1 -1.156 -1 26
-1.134 -1 -1.052 -1 -1.118 -1 -1.168 -1 18
-1.143 -1 -1.05 -1 -1.134 -1 -1.168 -1 27
-1.151 -1 -1.054 -1 -1.07 -1 -1.108 -1 5
-1.089 -1 -1.024 -1 -1.084 -1 -1.118 -1 16
-1.101 -1 -1.028 -1 -1.152 -1 -1.188 -1 39
-1.17 -1 -1.064 -1 -1.118 -1 -1.14 -1 14
-1.129 -1 -1.032 -1 -1.156 -1 -1.178 -1 45
-1.167 -1 -1.058 -1 -1.114 -1 -1.164 -1 16
-1.139 -1 -1.056 -1 -1.168 -1 -1.224 -1 34
-1.196 -1 -1.078 -1 -1.094 -1 -1.124 -1 8
-1.109 -1 -1.028 -1 -1.086 -1 -1.13 -1 17
-1.108 -1 -1.028 -1 -1.034 -1 -1.05 -1 3
-1.042 -1 -1.012 -1 -1.076 -1 -1.1 -1 22
-1.088 -1 -1.032 -1 -1.066 -1 -1.102 -1 15
-1.084 -1 -1.03 -1 -1.066 -1 -1.106 -1 12
-1.086 -1 -1.03 -1 -1.188 -1 -1.242 -1 44
-1.215 -1 -1.094 -1 -1.152 -1 -1.188 -1 23
-1.17 -1 -1.048 -1 -1.13 -1 -1.17 -1 27
-1.15 -1 -1.048 -1 -1.16 -1 -1.212 -1 43
-1.186 -1 -1.068 -1 -1.172 -1 -1.218 -1 33
-1.195 -1 -1.058 -1 -1.2 -1 -1.232 -1 38
-1.216 -1 -1.062 -1 -1.13 -1 -1.182 -1 26
-1.156 -1 -1.056 -1 -1.092 -1 -1.146 -1 8
-1.119 -1 -1.026 -1 -1.152 -1 -1.202 -1 41
-1.177 -1 -1.08 -1 -1.152 -1 -1.186 -1 29
-1.169 -1 -1.054 -1 -1.11 -1 -1.144 -1 18
-1.127 -1 -1.038 -1 -1.052 -1 -1.078 -1 9
-1.065 -1 -1.016 -1 -1.128 -1 -1.19 -1 37
-1.159 -1 -1.062 -1 -1.128 -1 -1.16 -1 17
-1.144 -1 -1.058 -1 -1.154 -1 -1.194 -1 31
-1.174 -1 -1.05 -1 -1.136 -1 -1.186 -1 27
-1.161 -1 -1.066 -1 -1.08 -1 -1.108 -1 5
-1.094 -1 -1.026 -1 -1.11 -1 -1.132 0 24
