8 1000 0.2 6 20 0 0 0 0
-3.503 -1 -3.1 -1 -3.134 -1 -3.284 -1 66
-3.209 -1 -2.782 -1 -2.836 -1 -3.068 -1 90
-2.952 -1 -2.592 -1 -2.712 -1 -3.12 -1 91
-2.916 -1 -2.512 -1 -2.53 -1 -2.968 -1 17
-2.749 -1 -2.392 -1 -2.416 -1 -2.868 -1 20
-2.642 -1 -2.35 -1 -2.44 -1 -2.936 -1 88
-2.688 -1 -2.378 -1 -2.454 -1 -2.836 -1 43
-2.645 -1 -2.318 -1 -2.412 -1 -2.912 -1 62
-2.662 -1 -2.298 -1 -2.384 -1 -2.84 -1 65
-2.612 -1 -2.292 -1 -2.388 -1 -2.842 -1 58
-2.615 -1 -2.244 -1 -2.332 -1 -2.828 -1 46
-2.58 -1 -2.182 -1 -2.286 -1 -2.782 -1 92
-2.534 -1 -2.156 -1 -2.192 -1 -2.664 -1 20
-2.428 -1 -2.096 -1 -2.192 -1 -2.774 -1 73
-2.483 -1 -2.14 -1 -2.182 -1 -2.7 -1 26
-2.441 -1 -2.12 -1 -2.214 -1 -2.73 -1 44
-2.472 -1 -2.134 -1 -2.278 -1 -2.756 -1 69
-2.517 -1 -2.136 -1 -2.246 -1 -2.68 -1 67
-2.463 -1 -2.082 -1 -2.216 -1 -2.722 -1 61
-2.469 -1 -2.13 -1 -2.19 -1 -2.668 0 40
