9 1000 0.9 10 90 0 0 0 0
-3.669 -1 -3.148 -1 -3.316 -1 -3.476 -2 333
-3.396 -1 -2.928 -1 -3.03 -1 -3.392 -1 159
-3.211 -1 -2.804 -1 -2.936 -1 -3.292 -1 132
-3.114 -1 -2.666 -1 -2.86 -1 -3.118 -1 173
-2.989 -1 -2.582 -1 -2.86 -1 -3.166 -1 286
-3.013 -1 -2.568 -1 -2.92 -1 -3.24 -1 337
-3.08 -1 -2.636 -1 -2.822 -1 -3.116 -1 171
-2.969 -1 -2.544 -1 -2.86 -1 -3.158 -1 265
-3.009 -1 -2.524 -1 -2.822 -1 -3.154 -1 290
-2.988 -1 -2.542 -1 -2.936 -1 -3.23 -1 339
-3.083 -1 -2.626 -1 -2.88 -1 -3.16 -1 257
-3.02 -1 -2.572 -1 -2.582 -1 -3.09 -1 7
-2.836 -1 -2.486 -1 -2.684 -1 -3.042 -1 165
-2.863 -1 -2.444 -1 -2.526 -1 -3.046 -1 48
-2.786 -1 -2.394 -1 -2.59 -1 -2.946 -1 137
-2.768 -1 -2.362 -1 -2.708 -1 -3.146 -1 295
-2.927 -1 -2.526 -1 -2.81 -1 -3.148 -1 225
-2.979 -1 -2.526 -1 -2.642 -1 -3.05 -1 109
-2.846 -1 -2.448 -1 -2.76 -1 -3.04 -1 262
-2.9 -1 -2.48 -1 -2.512 -1 -2.922 -1 25
-2.717 -1 -2.376 -1 -2.752 -1 -3.034 -1 300
-2.893 -1 -2.416 -1 -2.796 -1 -3.154 -1 276
-2.975 -1 -2.522 -1 -2.85 -1 -3.188 -1 282
-3.019 -1 -2.568 -1 -2.602 -1 -3.012 -1 54
-2.807 -1 -2.414 -1 -2.832 -1 -3.206 -1 394
-3.019 -1 -2.52 -1 -2.572 -1 -2.986 -1 55
-2.779 -1 -2.398 -1 -2.666 -1 -3.008 -1 204
-2.837 -1 -2.42 -1 -2.644 -1 -2.968 -1 187
-2.806 -1 -2.37 -1 -2.454 -1 -2.896 -1 54
-2.675 -1 -2.314 -1 -2.314 -1 -2.914 -1 1
-2.614 -1 -2.262 -1 -2.45 -1 -2.846 -1 137
-2.648 -1 -2.258 -1 -2.532 -1 -3.02 -1 135
-2.776 -1 -2.356 -1 -2.662 -1 -2.99 -1 238
-2.826 -1 -2.4 -1 -2.72 -1 -2.994 -1 236
-2.857 -1 -2.402 -1 -2.718 -1 -3.034 -1 256
-2.876 -1 -2.432 -1 -2.834 -1 -3.12 -1 389
-2.977 -1 -2.542 -1 -2.826 -1 -3.238 -1 227
-3.032 -1 -2.544 -1 -2.784 -1 -3.134 -1 242
-2.959 -1 -2.506 -1 -2.55 -1 -2.96 -1 28
-2.755 -1 -2.372 -1 -2.494 -1 -3.01 -1 105
-2.752 -1 -2.368 -1 -2.534 -1 -2.98 -1 109
-2.757 -1 -2.356 -1 -2.67 -1 -3.056 -1 210
-2.863 -1 -2.422 -1 -2.57 -1 -2.966 -1 93
-2.768 -1 -2.368 -1 -2.632 -1 -3.026 -1 178
-2.829 -1 -2.37 -1 -2.722 -1 -3.07 -1 352
-2.896 -1 -2.454 -1 -2.562 -1 -2.994 -1 84
-2.778 -1 -2.346 -1 -2.766 -1 -3.076 -1 361
-2.921 -1 -2.48 -1 -2.732 -1 -3.064 -1 232
-2.898 -1 -2.444 -1 -2.814 -1 -3.184 -1 288
-2.999 -1 -2.506 -1 -2.648 -1 -3.012 -1 131
-2.83 -1 -2.418 -1 -2.866 -1 -3.22 -1 419
-3.043 -1 -2.582 -1 -2.974 -1 -3.198 -1 446
-3.086 -1 -2.606 -1 -2.942 -1 -3.124 -1 354
-3.033 -1 -2.558 -1 -2.646 -1 -3.05 -1 52
-2.848 -1 -2.428 -1 -2.578 -1 -3.004 -1 88
-2.791 -1 -2.39 -1 -2.796 -1 -3.178 -1 298
-2.987 -1 -2.498 -1 -2.882 -1 -3.168 -1 404
-3.025 -1 -2.552 -1 -2.618 -1 -2.97 -1 44
-2.794 -1 -2.382 -1 -2.678 -1 -3.026 -1 192
-2.852 -1 -2.41 -1 -2.722 -1 -3.07 -1 242
-2.896 -1 -2.452 -1 -2.798 -1 -3.086 -1 314
-2.942 -1 -2.506 -1 -3.06 -1 -3.266 -1 449
-3.163 -1 -2.698 -1 -3.006 -1 -3.242 -1 364
-3.124 -1 -2.668 -1 -2.968 -1 -3.234 -1 340
-3.101 -1 -2.634 -1 -2.698 -1 -3.126 -1 41
-2.912 -1 -2.464 -1 -2.582 -1 -2.982 -1 65
-2.782 -1 -2.402 -1 -2.83 -1 -3.21 -1 312
-3.02 -1 -2.552 -1 -2.584 -1 -3.028 -1 27
-2.806 -1 -2.426 -1 -2.908 -1 -3.248 -1 416
-3.078 -1 -2.636 -1 -2.964 -1 -3.174 -1 298
-3.069 -1 -2.582 -1 -2.636 -1 -3.054 -1 45
-2.845 -1 -2.448 -1 -2.618 -1 -3.006 -1 133
-2.812 -1 -2.416 -1 -2.434 -1 -2.91 -1 9
-2.672 -1 -2.31 -1 -2.542 -1 -3.024 -1 171
-2.783 -1 -2.348 -1 -2.4 -1 -2.88 -1 43
-2.64 -1 -2.284 -1 -2.804 -1 -3.19 -1 435
-2.997 -1 -2.552 -1 -2.93 -1 -3.228 -1 378
-3.079 -1 -2.616 -1 -3.032 -1 -3.26 -1 396
-3.146 -1 -2.67 -1 -2.838 -1 -3.18 -1 220
-3.009 -1 -2.554 -1 -2.656 -1 -3.092 -1 61
-2.874 -1 -2.48 -1 -2.71 -1 -3.16 -1 211
-2.935 -1 -2.5 -1 -2.684 -1 -3.068 -2 181
-2.876 -1 -2.476 -1 -2.948 -1 -3.234 -1 346
-3.091 -1 -2.606 -1 -2.906 -1 -3.186 -1 285
-3.046 -1 -2.576 -1 -2.772 -1 -3.162 -1 214
-2.967 -1 -2.554 -1 -2.938 -1 -3.182 -1 350
-3.06 -1 -2.628 -1 -2.804 -1 -3.166 -1 153
-2.985 -1 -2.542 -1 -2.546 -1 -2.992 -1 4
-2.769 -1 -2.406 -1 -2.826 -1 -3.13 -1 340
-2.978 -1 -2.534 -1 -2.736 -1 -3.14 0 196
