8 1000 0.9 8 19 0 0 0 0
-3.514 -1 -3.044 -1 -3.216 -1 -3.358 -1 353
-3.287 -1 -2.832 -1 -3.038 -1 -3.276 -1 377
-3.157 -1 -2.748 -1 -2.98 -1 -3.18 -1 392
-3.08 -1 -2.666 -1 -2.872 -1 -3.084 -1 226
-2.978 -1 -2.558 -1 -2.834 -1 -3.148 -1 361
-2.991 -1 -2.584 -1 -2.686 -1 -3.05 -1 100
-2.868 -1 -2.482 -1 -2.676 -1 -3.014 -1 185
-2.845 -1 -2.442 -1 -2.448 -1 -2.93 -1 1
-2.689 -1 -2.342 -1 -2.718 -1 -3.034 -1 309
-2.876 -1 -2.458 -1 -2.722 -1 -3.048 -1 232
-2.885 -1 -2.458 -1 -2.764 -1 -3.006 -1 310
-2.885 -1 -2.442 -1 -2.646 -1 -3.026 -1 191
-2.836 -1 -2.432 -1 -2.688 -1 -3 -1 264
-2.844 -1 -2.446 -1 -2.498 -1 -2.894 -1 61
-2.696 -1 -2.344 -1 -2.71 -1 -2.988 -1 260
-2.849 -1 -2.402 -1 -2.62 -1 -2.992 -1 188
-2.806 -1 -2.374 -1 -2.638 -1 -2.99 -1 224
-2.814 -1 -2.408 -1 -2.678 -1 -2.998 -1 271
-2.838 -1 -2.392 -1 -2.77 0 -2.992 -1 399
