8 1000 0 8 27 0 0 0 0
-3.433 -1 -2.948 -1 -2.948 -1 -3.22 -1 0
-3.084 -1 -2.694 -1 -2.694 -1 -3.058 -1 0
-2.876 -1 -2.484 -1 -2.484 -1 -2.96 -1 0
-2.722 -1 -2.352 -1 -2.352 -1 -2.868 -1 0
-2.61 -1 -2.276 -1 -2.276 -1 -2.768 -1 0
-2.522 -1 -2.21 -1 -2.21 -1 -2.842 -1 0
-2.526 -1 -2.21 -1 -2.21 -1 -2.75 -1 0
-2.48 -1 -2.174 -1 -2.174 -1 -2.694 -1 0
-2.434 -1 -2.096 -1 -2.096 -1 -2.662 -1 0
-2.379 -1 -2.062 -1 -2.062 -1 -2.662 -1 0
-2.362 -1 -2.074 -1 -2.074 -1 -2.564 -1 0
-2.319 -1 -2.028 -1 -2.028 -1 -2.588 -1 0
-2.308 -1 -2.002 -1 -2.002 -1 -2.61 -1 0
-2.306 -1 -2.002 -1 -2.002 -1 -2.514 -1 0
-2.258 -1 -1.968 -1 -1.968 -1 -2.562 -1 0
-2.265 -1 -1.954 -1 -1.954 -1 -2.49 -1 0
-2.222 -1 -1.906 -1 -1.906 -1 -2.55 -1 0
-2.228 -1 -1.906 -1 -1.906 -1 -2.516 -1 0
-2.211 -1 -1.928 -1 -1.928 -1 -2.526 -1 0
-2.227 -1 -1.91 -1 -1.91 -1 -2.544 -1 0
-2.227 -1 -1.91 -1 -1.91 -1 -2.444 -1 0
-2.177 -1 -1.864 -1 -1.864 -1 -2.474 -1 0
-2.169 -1 -1.846 -1 -1.846 -1 -2.402 -1 0
-2.124 -1 -1.808 -1 -1.808 -1 -2.504 -1 0
-2.156 -1 -1.804 -1 -1.804 -1 -2.418 -1 0
-2.111 -1 -1.82 -1 -1.82 -1 -2.388 -1 0
-2.104 -1 -1.778 -1 -1.778 -1 -2.294 0 0
