8 1000 0.6 10 54 0 0 0 0
-3.519 -1 -3.036 -1 -3.186 -1 -3.366 -1 287
-3.276 -1 -2.846 -1 -2.896 -1 -3.152 -1 54
-3.024 -1 -2.626 -1 -2.676 -1 -3.032 -1 48
-2.854 -1 -2.462 -1 -2.482 -1 -2.902 -1 24
-2.692 -1 -2.306 -1 -2.33 -1 -2.85 -1 33
-2.59 -1 -2.254 -1 -2.576 -1 -2.946 -1 265
-2.761 -1 -2.348 -1 -2.532 -1 -2.934 -1 135
-2.733 -1 -2.286 -1 -2.37 -1 -2.858 -1 59
-2.614 -1 -2.226 -1 -2.244 -1 -2.836 -1 17
-2.54 -1 -2.192 -1 -2.208 -1 -2.732 -1 10
-2.47 -1 -2.122 -1 -2.214 -1 -2.706 -1 68
-2.46 -1 -2.102 -1 -2.412 -1 -2.826 -1 218
-2.619 -1 -2.166 -1 -2.204 -1 -2.748 -1 13
-2.476 -1 -2.094 -1 -2.4 -1 -2.832 -1 253
-2.616 -1 -2.208 -1 -2.448 -1 -2.808 -1 154
-2.628 -1 -2.218 -1 -2.426 -1 -2.87 -1 161
-2.648 -1 -2.23 -1 -2.242 -1 -2.708 -1 19
-2.475 -1 -2.12 -1 -2.442 -1 -2.852 -1 235
-2.647 -1 -2.228 -1 -2.436 -1 -2.848 -1 173
-2.642 -1 -2.232 -1 -2.574 -1 -2.924 -1 203
-2.749 -1 -2.308 -1 -2.614 -1 -2.958 -1 270
-2.786 -1 -2.328 -1 -2.51 -1 -2.896 -1 159
-2.703 -1 -2.278 -1 -2.518 -1 -2.884 -1 204
-2.701 -1 -2.27 -1 -2.352 -1 -2.798 -1 39
-2.575 -1 -2.17 -1 -2.508 -1 -2.898 -1 291
-2.703 -1 -2.23 -1 -2.244 -1 -2.762 -1 6
-2.503 -1 -2.142 -1 -2.43 -1 -2.844 -1 222
-2.637 -1 -2.252 -1 -2.286 -1 -2.826 -1 22
-2.556 -1 -2.172 -1 -2.44 -1 -2.848 -1 229
-2.644 -1 -2.242 -1 -2.344 -1 -2.81 -1 60
-2.577 -1 -2.156 -1 -2.236 -1 -2.718 -1 57
-2.477 -1 -2.118 -1 -2.14 -1 -2.704 -1 13
-2.422 -1 -2.078 -1 -2.442 -1 -2.858 -1 243
-2.65 -1 -2.168 -1 -2.342 -1 -2.858 -1 130
-2.6 -1 -2.198 -1 -2.326 -1 -2.83 -1 90
-2.578 -1 -2.192 -1 -2.424 -1 -2.87 -1 215
-2.647 -1 -2.226 -1 -2.614 -1 -2.93 -1 264
-2.772 -1 -2.306 -1 -2.598 -1 -2.952 -1 294
-2.775 -1 -2.336 -1 -2.522 -1 -2.932 -1 173
-2.727 -1 -2.314 -1 -2.582 -1 -2.994 -1 208
-2.788 -1 -2.352 -1 -2.56 -1 -2.936 -1 212
-2.748 -1 -2.328 -1 -2.552 -1 -2.86 -1 189
-2.706 -1 -2.27 -1 -2.344 -1 -2.844 -1 63
-2.594 -1 -2.216 -1 -2.588 -1 -2.92 -1 251
-2.754 -1 -2.31 -1 -2.392 -1 -2.816 -1 55
-2.604 -1 -2.198 -1 -2.45 -1 -2.882 -1 199
-2.666 -1 -2.264 -1 -2.474 -1 -2.806 -1 166
-2.64 -1 -2.252 -1 -2.52 -1 -2.856 -1 234
-2.688 -1 -2.238 -1 -2.502 -1 -2.936 -1 190
-2.719 -1 -2.248 -1 -2.308 -1 -2.8 -1 57
-2.554 -1 -2.196 -1 -2.542 -1 -2.92 -1 276
-2.731 -1 -2.324 -1 -2.542 -1 -2.862 -1 197
-2.702 -1 -2.324 -1 -2.596 -1 -2.9 -1 284
-2.748 -1 -2.312 -1 -2.538 -1 -2.898 0 191
