8 1000 0.4 4 38 0 0 0 0
-3.453 -1 -3.11 -1 -3.188 -1 -3.37 -1 164
-3.279 -1 -2.926 -1 -2.976 -1 -3.202 -1 46
-3.089 -1 -2.72 -1 -2.796 -1 -3.052 -1 115
-2.924 -1 -2.604 -1 -2.65 -1 -3.048 -1 25
-2.849 -1 -2.554 -1 -2.614 -1 -3.02 -1 78
-2.817 -1 -2.512 -1 -2.63 -1 -2.996 -1 132
-2.813 -1 -2.5 -1 -2.54 -1 -2.912 -1 33
-2.726 -1 -2.41 -1 -2.426 -1 -2.932 -1 19
-2.679 -1 -2.368 -1 -2.396 -1 -2.792 -1 25
-2.594 -1 -2.312 -1 -2.55 -1 -2.914 -1 180
-2.732 -1 -2.408 -1 -2.516 -1 -2.86 -1 81
-2.688 -1 -2.334 -1 -2.48 -1 -2.93 -1 87
-2.705 -1 -2.404 -1 -2.442 -1 -2.89 -1 29
-2.666 -1 -2.39 -1 -2.456 -1 -2.928 -1 48
-2.692 -1 -2.382 -1 -2.504 -1 -2.858 -1 104
-2.681 -1 -2.378 -1 -2.554 -1 -2.876 -1 143
-2.715 -1 -2.364 -1 -2.36 -1 -2.8 -1 2
-2.58 -1 -2.226 -1 -2.442 -1 -2.87 -1 189
-2.656 -1 -2.328 -1 -2.448 -1 -2.818 -1 87
-2.633 -1 -2.328 -1 -2.538 -1 -2.888 -1 175
-2.713 -1 -2.316 -1 -2.338 -1 -2.846 -1 14
-2.592 -1 -2.26 -1 -2.454 -1 -2.892 -1 134
-2.673 -1 -2.336 -1 -2.476 -1 -2.84 -1 118
-2.658 -1 -2.346 -1 -2.478 -1 -2.842 -1 96
-2.66 -1 -2.352 -1 -2.492 -1 -2.876 -1 116
-2.684 -1 -2.356 -1 -2.356 -1 -2.758 -1 4
-2.557 -1 -2.246 -1 -2.316 -1 -2.744 -1 49
-2.53 -1 -2.258 -1 -2.458 -1 -2.786 -1 134
-2.622 -1 -2.274 -1 -2.484 -1 -2.826 -1 155
-2.655 -1 -2.27 -1 -2.28 -1 -2.686 -1 8
-2.483 -1 -2.132 -1 -2.376 -1 -2.796 -1 167
-2.586 -1 -2.234 -1 -2.5 -1 -2.856 -1 181
-2.678 -1 -2.332 -1 -2.566 -1 -2.94 -1 198
-2.753 -1 -2.382 -1 -2.512 -1 -2.808 -1 146
-2.66 -1 -2.316 -1 -2.424 -1 -2.834 -1 94
-2.629 -1 -2.314 -1 -2.33 -1 -2.784 -1 7
-2.557 -1 -2.224 -1 -2.376 -1 -2.792 -1 138
-2.584 -1 -2.258 -1 -2.412 -1 -2.808 0 144
