8 1000 0.6 1 54 0 0 0 0
-3.491 -1 -3.356 -1 -3.412 -1 -3.428 -1 202
-3.42 -1 -3.254 -1 -3.262 -1 -3.386 -1 41
-3.324 -1 -3.234 -1 -3.28 -1 -3.394 -1 211
-3.337 -1 -3.198 -1 -3.248 -1 -3.328 -1 178
-3.288 -1 -3.164 -1 -3.208 -1 -3.384 -1 100
-3.296 -1 -3.188 -1 -3.222 -1 -3.324 -1 174
-3.273 -1 -3.146 -1 -3.14 -1 -3.236 -1 34
-3.188 -1 -3.068 -1 -3.158 -1 -3.248 -1 245
-3.203 -1 -3.036 -1 -3.068 -1 -3.286 -1 143
-3.177 -1 -3.068 -1 -3.186 -1 -3.276 -1 269
-3.231 -1 -3.116 -1 -3.172 -1 -3.184 -1 149
-3.178 -1 -3.062 -1 -3.124 -1 -3.27 -1 216
-3.197 -1 -3.088 -1 -3.084 -1 -3.238 -1 21
-3.161 -1 -3.014 -1 -3.122 -1 -3.264 -1 204
-3.193 -1 -3.064 -1 -3.114 -1 -3.322 -1 70
-3.218 -1 -3.034 -1 -3.114 -1 -3.25 -1 214
-3.182 -1 -3.098 -1 -3.2 -1 -3.35 -1 197
-3.275 -1 -3.132 -1 -3.132 -1 -3.206 -1 5
-3.169 -1 -3.066 -1 -3.158 -1 -3.218 -1 286
-3.188 -1 -3.084 -1 -3.228 -1 -3.318 -1 220
-3.273 -1 -3.148 -1 -3.222 -1 -3.336 -1 211
-3.279 -1 -3.114 -1 -3.174 -1 -3.318 -1 192
-3.246 -1 -3.158 -1 -3.24 -1 -3.288 -1 273
-3.264 -1 -3.128 -1 -3.144 -1 -3.206 -1 31
-3.175 -1 -3.078 -1 -3.118 -1 -3.24 -1 33
-3.179 -1 -3.076 -1 -3.19 -1 -3.224 -1 262
-3.207 -1 -3.09 -1 -3.188 -1 -3.32 -1 161
-3.254 -1 -3.118 -1 -3.222 -1 -3.252 -1 282
-3.237 -1 -3.118 -1 -3.164 -1 -3.3 -1 110
-3.232 -1 -3.08 -1 -3.172 -1 -3.292 -1 292
-3.232 -1 -3.104 -1 -3.126 -1 -3.24 -1 79
-3.183 -1 -3.062 -1 -3.122 -1 -3.254 -1 176
-3.188 -1 -3.044 -1 -3.176 -1 -3.362 -1 284
-3.269 -1 -3.098 -1 -3.096 -1 -3.23 -1 224
-3.163 -1 -3.014 -1 -3.084 -1 -3.258 -1 172
-3.171 -1 -3.076 -1 -3.172 -1 -3.278 -1 193
-3.225 -1 -3.1 -1 -3.202 -1 -3.284 -1 295
-3.243 -1 -3.13 -1 -3.134 -1 -3.276 -1 29
-3.205 -1 -3.05 -1 -3.164 -1 -3.314 -1 273
-3.239 -1 -3.118 -1 -3.222 -1 -3.376 -1 233
-3.299 -1 -3.182 -1 -3.294 -1 -3.342 -1 184
-3.318 -1 -3.208 -1 -3.208 -1 -3.416 -1 57
-3.312 -1 -3.182 -1 -3.22 -1 -3.304 -1 222
-3.262 -1 -3.14 -1 -3.174 -1 -3.312 -1 85
-3.243 -1 -3.13 -1 -3.208 -1 -3.322 -1 257
-3.265 -1 -3.15 -1 -3.184 -1 -3.322 -1 158
-3.253 -1 -3.058 -1 -3.106 -1 -3.188 -1 174
-3.147 -1 -2.99 -1 -3.06 -1 -3.166 -1 147
-3.113 -1 -3 -1 -2.996 -1 -3.14 -1 4
-3.068 -1 -2.962 -1 -2.984 -1 -3.166 -1 49
-3.075 -1 -2.904 -1 -3.094 -1 -3.302 -1 270
-3.198 -1 -3.08 -1 -3.148 -1 -3.264 -1 143
-3.206 -1 -3.1 -1 -3.104 -1 -3.23 -1 20
-3.167 -1 -3.052 -1 -3.078 -1 -3.172 0 46
