9 1000 0.8 1 1827 0 0 0 0
-3.581 -1 -3.462 -1 -3.488 -1 -3.558 -1 39
-3.523 -1 -3.382 -1 -3.45 -1 -3.506 -1 205
-3.478 -1 -3.338 -1 -3.348 -1 -3.508 -1 25
-3.428 -1 -3.316 -1 -3.36 -1 -3.444 -1 114
-3.402 -1 -3.256 -1 -3.35 -1 -3.544 -2 343
-3.447 -1 -3.342 -1 -3.382 -1 -3.512 -1 70
-3.447 -1 -3.292 -1 -3.312 -1 -3.492 -2 151
-3.402 -1 -3.25 -1 -3.314 -1 -3.432 -1 99
-3.373 -1 -3.23 -1 -3.248 -1 -3.464 -1 40
-3.356 -1 -3.226 -1 -3.33 -1 -3.534 -1 186
-3.432 -1 -3.332 -1 -3.402 -1 -3.46 -1 350
-3.431 -1 -3.288 -1 -3.328 -1 -3.456 -2 196
-3.392 -1 -3.248 -1 -3.342 -1 -3.454 -1 281
-3.398 -1 -3.3 -1 -3.414 -1 -3.566 -1 338
-3.49 -1 -3.396 -1 -3.482 -1 -3.51 -1 245
-3.496 -1 -3.342 -1 -3.4 -1 -3.49 -2 184
-3.445 -1 -3.308 -1 -3.394 -1 -3.518 -2 310
-3.456 -1 -3.314 -1 -3.336 -1 -3.492 -1 148
-3.414 -1 -3.242 -1 -3.272 -1 -3.388 -1 99
-3.33 -1 -3.184 -1 -3.324 -1 -3.45 -1 392
-3.387 -1 -3.278 -1 -3.346 -1 -3.498 -1 351
-3.422 -1 -3.318 -1 -3.334 -1 -3.486 -2 122
-3.41 -1 -3.288 -1 -3.292 -1 -3.444 -1 55
-3.368 -1 -3.254 -1 -3.386 -1 -3.512 -2 310
-3.449 -1 -3.322 -1 -3.434 -1 -3.532 -1 312
-3.483 -1 -3.35 -1 -3.444 -1 -3.476 -2 319
-3.46 -1 -3.362 -1 -3.442 -2 -3.534 -1 258
-3.488 -1 -3.374 -1 -3.432 -1 -3.56 -1 354
-3.496 -1 -3.408 -1 -3.47 -2 -3.544 -1 206
-3.507 -1 -3.41 -1 -3.484 -1 -3.608 -1 300
-3.546 -1 -3.388 -1 -3.386 -1 -3.436 -1 115
-3.411 -1 -3.302 -1 -3.416 -1 -3.45 -1 340
-3.433 -1 -3.302 -1 -3.326 -1 -3.506 -1 139
-3.416 -1 -3.22 -1 -3.26 -1 -3.424 -1 88
-3.342 -1 -3.198 -1 -3.25 -1 -3.368 -1 79
-3.309 -1 -3.174 -1 -3.282 -1 -3.408 -1 182
-3.345 -1 -3.194 -1 -3.276 -1 -3.488 -1 173
-3.382 -1 -3.306 -1 -3.376 -1 -3.482 -2 316
-3.429 -1 -3.324 -1 -3.35 -2 -3.438 -1 263
-3.394 -1 -3.3 -1 -3.348 -2 -3.434 -1 240
-3.391 -1 -3.242 -1 -3.37 -1 -3.516 -1 269
-3.443 -1 -3.378 -1 -3.432 -1 -3.492 -1 111
-3.462 -1 -3.302 -1 -3.368 -1 -3.41 -1 192
-3.389 -1 -3.248 -1 -3.39 -1 -3.468 -1 356
-3.429 -1 -3.28 -1 -3.278 -1 -3.428 -1 26
-3.353 -1 -3.25 -1 -3.324 -1 -3.408 -1 274
-3.366 -1 -3.282 -1 -3.372 -1 -3.488 -1 298
-3.43 -1 -3.256 -1 -3.434 -1 -3.492 -1 383
-3.463 -1 -3.364 -1 -3.396 -1 -3.482 -1 132
-3.439 -1 -3.318 -1 -3.336 -1 -3.428 -1 79
-3.382 -1 -3.27 -1 -3.278 -1 -3.428 -1 27
-3.353 -1 -3.168 -1 -3.354 -1 -3.452 -1 335
-3.403 -1 -3.282 -1 -3.286 -1 -3.43 -1 20
-3.358 -1 -3.192 -1 -3.33 -1 -3.444 -1 191
-3.387 -1 -3.23 -1 -3.356 -1 -3.498 -2 326
-3.427 -1 -3.246 -1 -3.36 -1 -3.532 -1 299
-3.446 -1 -3.33 -1 -3.378 -1 -3.518 -1 267
-3.448 -1 -3.332 -1 -3.354 -1 -3.406 -2 154
-3.38 -1 -3.312 -1 -3.326 -1 -3.404 -1 54
-3.365 -1 -3.284 -1 -3.288 -1 -3.466 -1 21
-3.377 -1 -3.258 -1 -3.406 -1 -3.592 -1 243
-3.499 -1 -3.352 -1 -3.468 -1 -3.482 -1 345
-3.475 -1 -3.352 -1 -3.492 -2 -3.552 -2 362
-3.522 -2 -3.438 -2 -3.44 -2 -3.498 -2 34
-3.469 -2 -3.346 -2 -3.37 -2 -3.452 -1 55
-3.411 -1 -3.29 -1 -3.378 -1 -3.466 -1 250
-3.422 -1 -3.296 -1 -3.32 -1 -3.412 -1 56
-3.366 -1 -3.244 -1 -3.278 -1 -3.368 -1 234
-3.323 -1 -3.246 -1 -3.34 -1 -3.46 -1 189
-3.4 -1 -3.278 -1 -3.314 -1 -3.416 -1 220
-3.365 -1 -3.238 -1 -3.296 -1 -3.352 -1 103
-3.324 -1 -3.196 -1 -3.308 -1 -3.434 -2 213
-3.371 -1 -3.278 -1 -3.378 -1 -3.476 -1 333
-3.427 -1 -3.306 -1 -3.35 -1 -3.426 -1 82
-3.388 -1 -3.296 -1 -3.33 -1 -3.484 -1 106
-3.407 -1 -3.334 -1 -3.338 -1 -3.404 -2 21
-3.371 -1 -3.232 -1 -3.28 -1 -3.406 -1 57
-3.343 -1 -3.228 -1 -3.326 -1 -3.414 -1 280
-3.37 -1 -3.178 -1 -3.262 -2 -3.408 -1 115
-3.335 -1 -3.224 -1 -3.324 -1 -3.418 -1 315
-3.371 -1 -3.3 -1 -3.36 -1 -3.458 -1 291
-3.409 -1 -3.268 -1 -3.284 -1 -3.406 -1 54
-3.345 -1 -3.236 -1 -3.358 -1 -3.52 -1 311
-3.439 -1 -3.248 -1 -3.326 -1 -3.434 -1 378
-3.38 -1 -3.31 -1 -3.41 -1 -3.49 -1 287
-3.45 -1 -3.306 -1 -3.304 -1 -3.42 -1 49
-3.362 -1 -3.318 -1 -3.422 -1 -3.512 -1 275
-3.467 -1 -3.356 -1 -3.388 -1 -3.53 -1 266
-3.459 -1 -3.362 -1 -3.434 -1 -3.5 -1 195
-3.467 -1 -3.336 -1 -3.378 -1 -3.554 -1 340
-3.466 -1 -3.354 -1 -3.396 -1 -3.492 -1 258
-3.444 -1 -3.372 -1 -3.404 -1 -3.434 -1 42
-3.419 -1 -3.33 -1 -3.418 -1 -3.528 -1 343
-3.473 -1 -3.368 -1 -3.39 -1 -3.468 -1 55
-3.429 -1 -3.248 -1 -3.264 -1 -3.43 -1 96
-3.347 -1 -3.236 -1 -3.238 -1 -3.41 -2 24
-3.324 -1 -3.172 -1 -3.26 -1 -3.346 -1 183
-3.303 -1 -3.176 -1 -3.304 -1 -3.388 -1 219
-3.346 -1 -3.18 -1 -3.222 -1 -3.468 -1 150
-3.345 -1 -3.204 -1 -3.326 -1 -3.412 -1 259
-3.369 -1 -3.24 -1 -3.384 -1 -3.468 -1 364
-3.426 -1 -3.3 -1 -3.406 -1 -3.498 -1 203
-3.452 -1 -3.334 -1 -3.426 -1 -3.528 -1 179
-3.477 -1 -3.352 -1 -3.4 -1 -3.448 -1 248
-3.424 -1 -3.278 -1 -3.314 -1 -3.38 -1 42
-3.347 -1 -3.216 -1 -3.332 -1 -3.516 -1 351
-3.424 -1 -3.278 -1 -3.344 -1 -3.49 -1 192
-3.417 -1 -3.274 -1 -3.298 -1 -3.46 -1 184
-3.379 -1 -3.236 -1 -3.394 -1 -3.476 -1 284
-3.435 -1 -3.25 -1 -3.258 -1 -3.374 -1 51
-3.316 -1 -3.154 -1 -3.186 -1 -3.404 -1 109
-3.295 -1 -3.15 -1 -3.29 -1 -3.418 -1 198
-3.354 -1 -3.288 -1 -3.352 -1 -3.47 -1 289
-3.411 -1 -3.324 -1 -3.466 -1 -3.558 -2 283
-3.512 -1 -3.372 -1 -3.422 -1 -3.548 -2 150
-3.485 -1 -3.354 -1 -3.436 -1 -3.51 -1 201
-3.473 -1 -3.34 -1 -3.448 -1 -3.51 -1 352
-3.479 -1 -3.368 -1 -3.438 -1 -3.524 -1 103
-3.481 -1 -3.32 -1 -3.428 -1 -3.498 -2 329
-3.463 -1 -3.338 -1 -3.386 -1 -3.482 -1 167
-3.434 -1 -3.302 -1 -3.35 -1 -3.444 -1 159
-3.397 -1 -3.234 -1 -3.378 -1 -3.46 -1 396
-3.419 -1 -3.35 -1 -3.408 -1 -3.47 -1 227
-3.439 -1 -3.35 -1 -3.496 -1 -3.466 -1 242
-3.481 -1 -3.344 -1 -3.372 -1 -3.442 -1 52
-3.407 -1 -3.24 -1 -3.252 -1 -3.42 -1 13
-3.336 -1 -3.198 -1 -3.366 -1 -3.542 -1 254
-3.454 -1 -3.35 -1 -3.47 -1 -3.532 -1 244
-3.501 -1 -3.384 -1 -3.394 -1 -3.434 -1 42
-3.414 -1 -3.294 -1 -3.336 -1 -3.382 -1 59
-3.359 -1 -3.164 -1 -3.318 -1 -3.45 -1 314
-3.384 -1 -3.27 -1 -3.338 -1 -3.472 -1 245
-3.405 -1 -3.236 -1 -3.33 -1 -3.368 -1 377
-3.349 -1 -3.216 -1 -3.272 -1 -3.488 -1 124
-3.38 -1 -3.24 -1 -3.276 -1 -3.472 -1 128
-3.374 -1 -3.214 -1 -3.38 -1 -3.466 -1 308
-3.423 -1 -3.242 -1 -3.246 -1 -3.42 -1 29
-3.333 -1 -3.24 -1 -3.252 -1 -3.348 -1 113
-3.3 -1 -3.162 -1 -3.308 -1 -3.486 -1 335
-3.397 -1 -3.262 -1 -3.288 -1 -3.424 -1 137
-3.356 -1 -3.258 -1 -3.312 -1 -3.472 -1 229
-3.392 -1 -3.318 -1 -3.374 -1 -3.404 -1 227
-3.389 -1 -3.292 -1 -3.372 -1 -3.508 -1 314
-3.44 -1 -3.304 -1 -3.432 -1 -3.492 -1 322
-3.462 -1 -3.306 -1 -3.366 -1 -3.52 -2 162
-3.443 -1 -3.322 -2 -3.36 -2 -3.506 -1 39
-3.433 -1 -3.306 -2 -3.374 -2 -3.468 -1 327
-3.421 -1 -3.322 -1 -3.346 -1 -3.392 -1 112
-3.369 -1 -3.218 -1 -3.214 -1 -3.416 -1 19
-3.315 -1 -3.13 -1 -3.29 -1 -3.44 -1 363
-3.365 -1 -3.214 -1 -3.326 -2 -3.428 -1 260
-3.377 -1 -3.256 -1 -3.366 -1 -3.484 -2 318
-3.425 -1 -3.308 -1 -3.316 -1 -3.418 -1 26
-3.367 -1 -3.282 -1 -3.356 -1 -3.456 -1 348
-3.406 -1 -3.28 -1 -3.37 -1 -3.454 -2 195
-3.412 -1 -3.308 -1 -3.452 -1 -3.5 -2 180
-3.476 -1 -3.334 -1 -3.35 -1 -3.446 -1 109
-3.398 -1 -3.232 -1 -3.254 -1 -3.352 -1 67
-3.303 -1 -3.17 -1 -3.206 -1 -3.45 -1 42
-3.328 -1 -3.214 -1 -3.372 -1 -3.5 -1 339
-3.436 -1 -3.312 -1 -3.362 -1 -3.488 -1 109
-3.425 -1 -3.348 -1 -3.416 -1 -3.508 -1 342
-3.462 -1 -3.318 -1 -3.368 -1 -3.432 -1 114
-3.4 -1 -3.274 -1 -3.272 -1 -3.392 -1 21
-3.332 -1 -3.206 -1 -3.34 -1 -3.46 -1 305
-3.4 -1 -3.232 -1 -3.336 -1 -3.476 -2 309
-3.406 -1 -3.296 -1 -3.378 -1 -3.54 -1 235
-3.459 -1 -3.32 -1 -3.404 -1 -3.5 -1 137
-3.452 -1 -3.286 -1 -3.346 -1 -3.45 -1 236
-3.398 -1 -3.302 -1 -3.408 -1 -3.488 -1 345
-3.448 -1 -3.394 -1 -3.43 -1 -3.478 -1 285
-3.454 -1 -3.358 -1 -3.484 -1 -3.562 -1 323
-3.523 -1 -3.358 -1 -3.416 -2 -3.4 -2 185
-3.408 -2 -3.294 -2 -3.388 -1 -3.438 -1 328
-3.413 -1 -3.288 -1 -3.314 -1 -3.436 -1 75
-3.375 -1 -3.22 -1 -3.264 -1 -3.394 -1 59
-3.329 -1 -3.164 -1 -3.318 -1 -3.456 -1 311
-3.387 -1 -3.28 -1 -3.32 -1 -3.472 -1 94
-3.396 -1 -3.25 -1 -3.322 -1 -3.472 -1 235
-3.397 -1 -3.264 -1 -3.36 -1 -3.43 -1 253
-3.395 -1 -3.304 -1 -3.46 -1 -3.518 -1 332
-3.489 -1 -3.348 -1 -3.382 -1 -3.392 -1 54
-3.387 -1 -3.33 -1 -3.382 -1 -3.448 -1 114
-3.415 -1 -3.274 -1 -3.338 -1 -3.468 -1 129
-3.403 -1 -3.284 -1 -3.432 -1 -3.504 -1 344
-3.468 -1 -3.338 -1 -3.36 -1 -3.482 -2 66
-3.421 -1 -3.26 -1 -3.33 -1 -3.41 -1 162
-3.37 -1 -3.256 -1 -3.266 -1 -3.438 -2 76
-3.352 -1 -3.192 -1 -3.192 -1 -3.352 -2 3
-3.272 -1 -3.176 -1 -3.244 -1 -3.406 -1 157
-3.325 -1 -3.174 -1 -3.29 -1 -3.44 -1 266
-3.365 -1 -3.258 -1 -3.372 -1 -3.398 -1 357
-3.385 -1 -3.212 -1 -3.304 -1 -3.442 -1 127
-3.373 -1 -3.338 -1 -3.428 -1 -3.452 -2 241
-3.44 -1 -3.32 -1 -3.36 -1 -3.472 -2 136
-3.416 -1 -3.336 -1 -3.388 -2 -3.41 -1 83
-3.399 -1 -3.298 -2 -3.3 -2 -3.438 -1 61
-3.369 -1 -3.212 -1 -3.238 -1 -3.44 -1 120
-3.339 -1 -3.16 -1 -3.29 -2 -3.476 -1 283
-3.383 -1 -3.27 -1 -3.402 -2 -3.438 -2 214
-3.42 -2 -3.348 -2 -3.436 -2 -3.456 -1 185
-3.446 -1 -3.33 -2 -3.446 -2 -3.53 -1 384
-3.488 -1 -3.322 -1 -3.33 -1 -3.478 -1 77
-3.404 -1 -3.254 -1 -3.332 -1 -3.474 -1 128
-3.403 -1 -3.262 -1 -3.374 -1 -3.432 -1 281
-3.403 -1 -3.27 -1 -3.404 -1 -3.468 -1 293
-3.436 -1 -3.322 -1 -3.342 -1 -3.416 -1 122
-3.379 -1 -3.23 -1 -3.246 -1 -3.41 -1 69
-3.328 -1 -3.23 -1 -3.348 -1 -3.448 -1 320
-3.398 -1 -3.282 -1 -3.284 -1 -3.402 -1 24
-3.343 -1 -3.224 -1 -3.276 -1 -3.342 -1 110
-3.309 -1 -3.216 -1 -3.378 -1 -3.452 -1 315
-3.415 -1 -3.304 -1 -3.406 -1 -3.528 -1 395
-3.467 -1 -3.336 -1 -3.534 -1 -3.558 -1 385
-3.546 -1 -3.402 -1 -3.536 -1 -3.562 -1 336
-3.549 -1 -3.364 -1 -3.422 -1 -3.43 -2 248
-3.426 -1 -3.3 -1 -3.358 -1 -3.458 -1 152
-3.408 -1 -3.272 -1 -3.29 -1 -3.44 -1 30
-3.365 -1 -3.24 -1 -3.318 -1 -3.48 -1 202
-3.399 -1 -3.254 -1 -3.344 -1 -3.532 -1 265
-3.438 -1 -3.322 -1 -3.338 -1 -3.474 -1 30
-3.406 -1 -3.252 -1 -3.34 -1 -3.506 -1 277
-3.423 -1 -3.308 -1 -3.398 -1 -3.502 -2 389
-3.45 -1 -3.32 -1 -3.388 -1 -3.442 -1 252
-3.415 -1 -3.304 -1 -3.358 -1 -3.498 -2 160
-3.428 -1 -3.264 -1 -3.286 -1 -3.434 -1 37
-3.36 -1 -3.216 -1 -3.276 -1 -3.398 -1 137
-3.337 -1 -3.214 -1 -3.35 -1 -3.444 -1 305
-3.397 -1 -3.238 -1 -3.36 -1 -3.42 -1 291
-3.39 -1 -3.24 -1 -3.334 -1 -3.46 -1 304
-3.397 -1 -3.308 -1 -3.388 -1 -3.414 -1 201
-3.401 -1 -3.266 -1 -3.378 -1 -3.464 -1 324
-3.421 -1 -3.308 -1 -3.364 -1 -3.462 -1 186
-3.413 -1 -3.324 -1 -3.338 -1 -3.4 -1 106
-3.369 -1 -3.23 -1 -3.37 -1 -3.5 -2 262
-3.435 -1 -3.314 -1 -3.394 -1 -3.424 -1 104
-3.409 -1 -3.326 -1 -3.384 -1 -3.472 -1 87
-3.428 -1 -3.208 -1 -3.338 -1 -3.47 -1 202
-3.404 -1 -3.21 -1 -3.244 -1 -3.364 -1 57
-3.304 -1 -3.182 -1 -3.27 -1 -3.404 -1 180
-3.337 -1 -3.168 -1 -3.306 -1 -3.468 -2 339
-3.387 -1 -3.254 -1 -3.254 -1 -3.382 -1 4
-3.318 -1 -3.22 -1 -3.312 -1 -3.458 -1 159
-3.385 -1 -3.236 -1 -3.442 -1 -3.502 -1 346
-3.472 -1 -3.308 -1 -3.452 -1 -3.48 -1 299
-3.466 -1 -3.39 -1 -3.416 -1 -3.504 -1 159
-3.46 -1 -3.372 -1 -3.37 -1 -3.39 -1 5
-3.38 -1 -3.308 -1 -3.376 -1 -3.436 -1 178
-3.406 -1 -3.226 -1 -3.244 -1 -3.428 -1 39
-3.336 -1 -3.236 -1 -3.426 -1 -3.484 -2 276
-3.455 -1 -3.354 -1 -3.42 -1 -3.522 -2 197
-3.471 -1 -3.31 -1 -3.398 -1 -3.468 -1 227
-3.433 -1 -3.302 -1 -3.396 -2 -3.54 -1 177
-3.468 -1 -3.36 -1 -3.42 -1 -3.478 -1 275
-3.449 -1 -3.29 -1 -3.384 -1 -3.478 -1 310
-3.431 -1 -3.306 -1 -3.38 -1 -3.482 -1 125
-3.431 -1 -3.292 -1 -3.338 -1 -3.482 -1 130
-3.41 -1 -3.222 -1 -3.362 -1 -3.48 -1 281
-3.421 -1 -3.27 -1 -3.404 -1 -3.5 -1 299
-3.452 -1 -3.256 -1 -3.306 -1 -3.442 -1 109
-3.374 -1 -3.254 -1 -3.294 -1 -3.44 -1 100
-3.367 -1 -3.24 -1 -3.304 -1 -3.43 -1 159
-3.367 -1 -3.224 -1 -3.39 -1 -3.468 -1 294
-3.429 -1 -3.222 -1 -3.366 -1 -3.476 -1 335
-3.421 -1 -3.27 -1 -3.422 -1 -3.488 -1 359
-3.455 -1 -3.328 -1 -3.43 -1 -3.488 -1 285
-3.459 -1 -3.34 -1 -3.434 -1 -3.578 -1 355
-3.506 -1 -3.346 -1 -3.374 -1 -3.484 -1 66
-3.429 -1 -3.288 -1 -3.356 -1 -3.46 -1 334
-3.408 -1 -3.286 -1 -3.324 -1 -3.424 -1 269
-3.374 -1 -3.23 -1 -3.266 -1 -3.386 -1 217
-3.326 -1 -3.202 -1 -3.216 -1 -3.386 -1 21
-3.301 -1 -3.194 -1 -3.338 -1 -3.44 -1 381
-3.389 -1 -3.284 -1 -3.352 -1 -3.446 -1 139
-3.399 -1 -3.278 -1 -3.27 -1 -3.372 -1 9
-3.321 -1 -3.192 -1 -3.31 -1 -3.404 -1 314
-3.357 -1 -3.24 -1 -3.324 -1 -3.442 -1 216
-3.383 -1 -3.288 -1 -3.378 -1 -3.448 -1 192
-3.413 -1 -3.25 -1 -3.328 -1 -3.522 -1 196
-3.425 -1 -3.318 -1 -3.346 -1 -3.452 -1 45
-3.399 -1 -3.254 -1 -3.358 -1 -3.42 -1 350
-3.389 -1 -3.262 -1 -3.338 -1 -3.412 -1 171
-3.375 -1 -3.212 -1 -3.222 -1 -3.432 -1 49
-3.327 -1 -3.186 -1 -3.286 -1 -3.368 -1 317
-3.327 -1 -3.178 -1 -3.19 -1 -3.378 -1 140
-3.284 -1 -3.188 -1 -3.192 -1 -3.34 -1 24
-3.266 -1 -3.084 -1 -3.154 -1 -3.374 -1 85
-3.264 -1 -3.112 -1 -3.286 -1 -3.41 -1 282
-3.348 -1 -3.224 -1 -3.332 -1 -3.442 -1 333
-3.387 -1 -3.258 -1 -3.352 -1 -3.44 -1 179
-3.396 -1 -3.25 -1 -3.368 -1 -3.432 -1 327
-3.4 -1 -3.272 -1 -3.332 -1 -3.436 -1 367
-3.384 -1 -3.238 -1 -3.256 -1 -3.4 -1 29
-3.328 -1 -3.202 -1 -3.37 -1 -3.498 -1 357
-3.434 -1 -3.274 -1 -3.274 -1 -3.448 -2 2
-3.361 -1 -3.234 -1 -3.264 -1 -3.498 -1 78
-3.381 -1 -3.288 -1 -3.312 -1 -3.43 -1 68
-3.371 -1 -3.224 -1 -3.33 -1 -3.474 -2 297
-3.402 -1 -3.298 -1 -3.296 -1 -3.408 -1 37
-3.352 -1 -3.24 -1 -3.25 -1 -3.322 -1 27
-3.286 -1 -3.128 -1 -3.29 -1 -3.41 -1 262
-3.35 -1 -3.25 -1 -3.268 -1 -3.376 -1 106
-3.322 -1 -3.188 -1 -3.352 -1 -3.452 -1 365
-3.402 -1 -3.258 -1 -3.264 -1 -3.37 -1 10
-3.317 -1 -3.18 -1 -3.21 -1 -3.416 -1 69
-3.313 -1 -3.194 -1 -3.234 -1 -3.368 -1 90
-3.301 -1 -3.098 -1 -3.178 -1 -3.338 -2 156
-3.258 -1 -3.136 -1 -3.31 -1 -3.418 -1 314
-3.364 -1 -3.26 -1 -3.298 -1 -3.436 -1 74
-3.367 -1 -3.244 -1 -3.368 -1 -3.498 -1 344
-3.433 -1 -3.328 -1 -3.35 -1 -3.446 -2 64
-3.398 -1 -3.28 -1 -3.304 -1 -3.38 -1 49
-3.342 -1 -3.24 -1 -3.386 -1 -3.468 -2 374
-3.427 -1 -3.282 -1 -3.382 -1 -3.512 -2 360
-3.447 -1 -3.32 -1 -3.37 -2 -3.486 -1 172
-3.428 -1 -3.286 -1 -3.414 -1 -3.508 -1 226
-3.461 -1 -3.286 -1 -3.296 -1 -3.384 -1 105
-3.34 -1 -3.198 -1 -3.262 -1 -3.406 -1 214
-3.334 -1 -3.22 -1 -3.29 -1 -3.434 -1 155
-3.362 -1 -3.268 -1 -3.284 -1 -3.442 -1 53
-3.363 -1 -3.276 -1 -3.334 -1 -3.436 -1 183
-3.385 -1 -3.254 -1 -3.298 -1 -3.446 -1 147
-3.372 -1 -3.276 -1 -3.292 -1 -3.338 -1 141
-3.315 -1 -3.172 -1 -3.328 -1 -3.446 -1 255
-3.387 -1 -3.262 -1 -3.314 -1 -3.402 -1 126
-3.358 -1 -3.174 -1 -3.174 -1 -3.392 -1 0
-3.283 -1 -3.156 -1 -3.172 -1 -3.346 -1 64
-3.259 -1 -3.082 -1 -3.18 -1 -3.372 -1 190
-3.276 -1 -3.132 -1 -3.238 -1 -3.41 -1 279
-3.324 -1 -3.146 -1 -3.212 -1 -3.338 -1 110
-3.275 -1 -3.136 -1 -3.22 -1 -3.418 -1 122
-3.319 -1 -3.222 -1 -3.316 -1 -3.48 -1 180
-3.398 -1 -3.266 -1 -3.43 -1 -3.478 -1 333
-3.454 -1 -3.334 -1 -3.36 -1 -3.472 -1 38
-3.416 -1 -3.312 -1 -3.446 -1 -3.54 -1 338
-3.493 -1 -3.372 -1 -3.442 -1 -3.544 -1 247
-3.493 -1 -3.372 -1 -3.44 -1 -3.51 -1 314
-3.475 -1 -3.328 -1 -3.368 -1 -3.484 -1 90
-3.426 -1 -3.308 -1 -3.306 -1 -3.386 -1 97
-3.346 -1 -3.196 -1 -3.39 -1 -3.462 -1 386
-3.426 -1 -3.304 -1 -3.39 -1 -3.438 -1 321
-3.414 -1 -3.322 -1 -3.43 -1 -3.432 -1 363
-3.431 -1 -3.336 -1 -3.416 -1 -3.528 -2 161
-3.472 -1 -3.306 -1 -3.312 -1 -3.416 -1 2
-3.364 -1 -3.236 -1 -3.23 -1 -3.358 -1 12
-3.294 -1 -3.164 -1 -3.182 -1 -3.394 -1 17
-3.288 -1 -3.144 -1 -3.308 -1 -3.372 -1 307
-3.34 -1 -3.198 -1 -3.274 -1 -3.378 -1 230
-3.326 -1 -3.176 -1 -3.302 -1 -3.414 -1 242
-3.358 -1 -3.24 -1 -3.256 -1 -3.388 -1 21
-3.322 -1 -3.228 -1 -3.232 -1 -3.37 -1 43
-3.301 -1 -3.206 -1 -3.312 -1 -3.488 -1 271
-3.4 -1 -3.244 -1 -3.372 -1 -3.466 -1 295
-3.419 -1 -3.326 -1 -3.454 -1 -3.548 -1 352
-3.501 -1 -3.38 -1 -3.49 -1 -3.57 -1 347
-3.53 -1 -3.44 -1 -3.548 -1 -3.632 -1 149
-3.59 -1 -3.49 -2 -3.506 -1 -3.566 -1 35
-3.536 -1 -3.36 -1 -3.518 -1 -3.586 -1 367
-3.552 -1 -3.338 -1 -3.428 -1 -3.464 -1 240
-3.446 -1 -3.318 -1 -3.408 -1 -3.448 -1 202
-3.428 -1 -3.23 -1 -3.334 -1 -3.5 -1 204
-3.417 -1 -3.292 -1 -3.358 -1 -3.544 -2 134
-3.451 -1 -3.344 -1 -3.36 -1 -3.504 -1 13
-3.432 -1 -3.288 -1 -3.318 -1 -3.42 -1 176
-3.369 -1 -3.21 -1 -3.232 -1 -3.412 -1 85
-3.322 -1 -3.168 -1 -3.21 -1 -3.364 -1 44
-3.287 -1 -3.19 -1 -3.214 -1 -3.408 -1 69
-3.311 -1 -3.168 -1 -3.252 -1 -3.442 -1 175
-3.347 -1 -3.202 -1 -3.282 -1 -3.422 -1 90
-3.352 -1 -3.22 -1 -3.306 -1 -3.47 -1 199
-3.388 -1 -3.218 -1 -3.324 -1 -3.386 -1 193
-3.355 -1 -3.248 -1 -3.376 -1 -3.544 -1 329
-3.46 -1 -3.25 -1 -3.346 -1 -3.402 -1 231
-3.374 -1 -3.24 -1 -3.264 -1 -3.386 -1 91
-3.325 -1 -3.194 -1 -3.384 -1 -3.502 -2 363
-3.443 -1 -3.298 -1 -3.394 -1 -3.466 -2 283
-3.43 -1 -3.33 -1 -3.472 -2 -3.502 -2 389
-3.487 -2 -3.312 -2 -3.372 -2 -3.396 -1 124
-3.384 -1 -3.294 -1 -3.42 -1 -3.542 -1 304
-3.481 -1 -3.318 -1 -3.458 -1 -3.55 -1 353
-3.504 -1 -3.334 -1 -3.38 -1 -3.488 -1 83
-3.434 -1 -3.362 -1 -3.46 -1 -3.51 -1 275
-3.485 -1 -3.35 -1 -3.416 -1 -3.496 -1 262
-3.456 -1 -3.332 -1 -3.37 -1 -3.554 -1 116
-3.462 -1 -3.348 -1 -3.392 -1 -3.472 -1 153
-3.432 -1 -3.282 -1 -3.41 -1 -3.532 -1 328
-3.471 -1 -3.33 -1 -3.362 -1 -3.49 -1 110
-3.426 -1 -3.296 -1 -3.29 -1 -3.486 -2 5
-3.388 -1 -3.276 -1 -3.348 -1 -3.416 -1 134
-3.382 -1 -3.2 -1 -3.372 -1 -3.422 -1 329
-3.397 -1 -3.264 -1 -3.404 -1 -3.48 -1 327
-3.442 -1 -3.262 -1 -3.388 -1 -3.504 -1 292
-3.446 -1 -3.314 -1 -3.41 -1 -3.532 -1 388
-3.471 -1 -3.354 -1 -3.356 -1 -3.44 -1 46
-3.398 -1 -3.25 -1 -3.406 -1 -3.516 -2 275
-3.461 -1 -3.366 -1 -3.428 -1 -3.504 -2 210
-3.466 -1 -3.322 -1 -3.408 -1 -3.494 -1 276
-3.451 -1 -3.39 -1 -3.486 -1 -3.594 -2 390
-3.54 -1 -3.374 -1 -3.458 -1 -3.554 -1 176
-3.506 -1 -3.344 -1 -3.366 -1 -3.524 -1 146
-3.445 -1 -3.276 -1 -3.446 -1 -3.536 -1 395
-3.491 -1 -3.378 -1 -3.438 -1 -3.488 -1 326
-3.463 -1 -3.28 -1 -3.388 -1 -3.484 -1 344
-3.436 -1 -3.312 -1 -3.338 -1 -3.514 -1 371
-3.426 -1 -3.322 -1 -3.43 -1 -3.52 -1 196
-3.475 -1 -3.36 -1 -3.452 -1 -3.484 -1 392
-3.468 -1 -3.342 -1 -3.474 -1 -3.526 -2 392
-3.5 -1 -3.36 -1 -3.396 -1 -3.528 -1 354
-3.462 -1 -3.304 -1 -3.366 -1 -3.45 -1 183
-3.408 -1 -3.286 -1 -3.292 -1 -3.47 -1 39
-3.381 -1 -3.244 -1 -3.4 -1 -3.512 -2 380
-3.456 -1 -3.298 -1 -3.342 -1 -3.474 -2 95
-3.408 -1 -3.27 -1 -3.372 -1 -3.466 -1 191
-3.419 -1 -3.274 -1 -3.384 -1 -3.476 -1 319
-3.43 -1 -3.29 -1 -3.34 -1 -3.476 -1 74
-3.408 -1 -3.198 -1 -3.324 -1 -3.464 -1 216
-3.394 -1 -3.208 -1 -3.436 -1 -3.43 -1 338
-3.433 -1 -3.3 -1 -3.346 -1 -3.414 -1 130
-3.38 -1 -3.212 -1 -3.234 -1 -3.394 -1 143
-3.314 -1 -3.172 -1 -3.318 -1 -3.362 -1 338
-3.34 -1 -3.21 -1 -3.278 -1 -3.388 -1 115
-3.333 -1 -3.224 -1 -3.398 -1 -3.504 -1 306
-3.451 -1 -3.306 -1 -3.404 -1 -3.484 -1 364
-3.444 -1 -3.284 -1 -3.392 -1 -3.446 -1 360
-3.419 -1 -3.23 -1 -3.262 -1 -3.398 -2 69
-3.33 -1 -3.16 -1 -3.296 -1 -3.45 -1 274
-3.373 -1 -3.192 -1 -3.276 -1 -3.416 -1 152
-3.346 -1 -3.224 -1 -3.27 -1 -3.462 -2 219
-3.366 -1 -3.232 -1 -3.252 -1 -3.352 -2 38
-3.302 -1 -3.204 -1 -3.36 -1 -3.422 -1 379
-3.391 -1 -3.292 -1 -3.322 -1 -3.422 -1 114
-3.372 -1 -3.23 -1 -3.298 -1 -3.466 -1 88
-3.382 -1 -3.234 -1 -3.346 -1 -3.51 -2 266
-3.428 -1 -3.3 -1 -3.404 -2 -3.494 -2 197
-3.449 -2 -3.338 -2 -3.412 -2 -3.534 -1 86
-3.473 -1 -3.326 -2 -3.382 -1 -3.512 -1 232
-3.447 -1 -3.324 -1 -3.444 -1 -3.486 -1 357
-3.465 -1 -3.32 -1 -3.414 -2 -3.5 -1 290
-3.457 -1 -3.342 -1 -3.414 -1 -3.452 -1 122
-3.433 -1 -3.224 -1 -3.296 -1 -3.44 -1 89
-3.368 -1 -3.23 -1 -3.32 -1 -3.482 -1 230
-3.401 -1 -3.252 -1 -3.352 -1 -3.478 -2 318
-3.415 -1 -3.278 -1 -3.312 -1 -3.408 -1 174
-3.36 -1 -3.226 -1 -3.232 -1 -3.342 -1 12
-3.287 -1 -3.132 -1 -3.15 -1 -3.312 -1 29
-3.231 -1 -3.166 -1 -3.174 -1 -3.388 -1 21
-3.281 -1 -3.124 -1 -3.23 -1 -3.404 -1 176
-3.317 -1 -3.2 -1 -3.218 -1 -3.37 -2 21
-3.294 -1 -3.158 -1 -3.25 -1 -3.34 -1 180
-3.295 -1 -3.196 -1 -3.328 -1 -3.428 -1 304
-3.378 -1 -3.274 -1 -3.476 -1 -3.534 -2 332
-3.505 -1 -3.45 -1 -3.526 -1 -3.554 -1 309
-3.54 -1 -3.374 -1 -3.376 -1 -3.506 -1 8
-3.441 -1 -3.316 -1 -3.396 -1 -3.454 -1 262
-3.425 -1 -3.274 -1 -3.298 -1 -3.506 -1 90
-3.402 -1 -3.24 -1 -3.246 -1 -3.44 -1 57
-3.343 -1 -3.208 -1 -3.214 -1 -3.412 -1 37
-3.313 -1 -3.218 -1 -3.254 -1 -3.344 -1 61
-3.299 -1 -3.168 -1 -3.28 -1 -3.392 -1 345
-3.336 -1 -3.192 -1 -3.238 -1 -3.38 -1 54
-3.309 -1 -3.132 -1 -3.338 -1 -3.448 -1 354
-3.393 -1 -3.302 -1 -3.33 -1 -3.53 -1 156
-3.43 -1 -3.256 -1 -3.434 -1 -3.55 -2 365
-3.492 -1 -3.344 -1 -3.378 -1 -3.482 -1 289
-3.43 -1 -3.324 -1 -3.42 -1 -3.438 -1 353
-3.429 -1 -3.258 -1 -3.266 -1 -3.468 -1 18
-3.367 -1 -3.258 -1 -3.272 -1 -3.41 -1 13
-3.341 -1 -3.21 -1 -3.328 -1 -3.418 -1 355
-3.373 -1 -3.256 -1 -3.372 -1 -3.426 -1 387
-3.399 -1 -3.288 -1 -3.406 -1 -3.536 -1 354
-3.471 -1 -3.382 -1 -3.488 -1 -3.49 -1 301
-3.489 -1 -3.338 -1 -3.386 -1 -3.488 -1 260
-3.437 -1 -3.326 -1 -3.37 -1 -3.452 -1 57
-3.411 -1 -3.308 -1 -3.398 -1 -3.504 -1 306
-3.451 -1 -3.308 -1 -3.418 -1 -3.414 -1 278
-3.416 -1 -3.264 -1 -3.3 -1 -3.426 -1 126
-3.363 -1 -3.186 -1 -3.376 -1 -3.45 -1 317
-3.413 -1 -3.29 -1 -3.29 -1 -3.414 -1 7
-3.352 -1 -3.242 -1 -3.266 -1 -3.39 -1 109
-3.328 -1 -3.2 -1 -3.328 -1 -3.432 -1 360
-3.38 -1 -3.238 -1 -3.248 -1 -3.396 -1 7
-3.322 -1 -3.192 -1 -3.264 -1 -3.44 -1 149
-3.352 -1 -3.248 -1 -3.336 -1 -3.478 -1 292
-3.407 -1 -3.264 -1 -3.384 -1 -3.42 -1 321
-3.402 -1 -3.272 -1 -3.424 -1 -3.492 -1 224
-3.458 -1 -3.26 -1 -3.374 -1 -3.482 -1 221
-3.428 -1 -3.312 -1 -3.412 -1 -3.532 -1 220
-3.472 -1 -3.326 -1 -3.332 -1 -3.446 -1 169
-3.389 -1 -3.28 -1 -3.378 -1 -3.52 -1 171
-3.449 -1 -3.27 -1 -3.33 -1 -3.364 -1 87
-3.347 -1 -3.168 -1 -3.272 -1 -3.4 -1 354
-3.336 -1 -3.23 -1 -3.224 -1 -3.41 -1 26
-3.317 -1 -3.192 -1 -3.222 -1 -3.394 -1 60
-3.308 -1 -3.118 -1 -3.204 -1 -3.388 -1 121
-3.296 -1 -3.16 -1 -3.282 -1 -3.536 -1 399
-3.409 -1 -3.246 -1 -3.456 -1 -3.472 -1 267
-3.464 -1 -3.334 -1 -3.358 -1 -3.452 -2 163
-3.405 -1 -3.32 -1 -3.444 -1 -3.506 -2 372
-3.475 -1 -3.324 -1 -3.42 -1 -3.488 -1 252
-3.454 -1 -3.31 -1 -3.31 -1 -3.44 -1 87
-3.375 -1 -3.186 -1 -3.368 -1 -3.454 -1 364
-3.411 -1 -3.258 -1 -3.274 -1 -3.41 -1 113
-3.342 -1 -3.22 -1 -3.364 -1 -3.46 -2 345
-3.412 -1 -3.25 -2 -3.36 -2 -3.482 -1 302
-3.421 -1 -3.288 -2 -3.296 -2 -3.382 -1 63
-3.339 -1 -3.224 -1 -3.28 -1 -3.408 -1 106
-3.344 -1 -3.202 -1 -3.328 -1 -3.486 -2 162
-3.407 -1 -3.212 -1 -3.282 -1 -3.37 -1 167
-3.326 -1 -3.164 -1 -3.298 -1 -3.464 -1 246
-3.381 -1 -3.266 -1 -3.306 -1 -3.414 -1 67
-3.36 -1 -3.232 -1 -3.334 -1 -3.54 -1 375
-3.437 -1 -3.256 -1 -3.258 -1 -3.482 -1 14
-3.37 -1 -3.21 -1 -3.298 -2 -3.432 -1 283
-3.365 -1 -3.246 -1 -3.334 -1 -3.442 -1 338
-3.388 -1 -3.23 -1 -3.306 -1 -3.412 -1 278
-3.359 -1 -3.202 -1 -3.274 -1 -3.382 -1 183
-3.328 -1 -3.18 -1 -3.236 -1 -3.374 -1 56
-3.305 -1 -3.188 -1 -3.336 -1 -3.432 -1 380
-3.384 -1 -3.258 -1 -3.356 -1 -3.45 -1 136
-3.403 -1 -3.25 -1 -3.286 -1 -3.378 -1 52
-3.332 -1 -3.2 -1 -3.264 -1 -3.444 -1 195
-3.354 -1 -3.23 -1 -3.338 -1 -3.472 -1 330
-3.405 -1 -3.292 -1 -3.332 -1 -3.472 -1 116
-3.402 -1 -3.254 -1 -3.314 -1 -3.46 -1 203
-3.387 -1 -3.256 -1 -3.346 -1 -3.51 -1 186
-3.428 -1 -3.284 -1 -3.36 -1 -3.54 -1 252
-3.45 -1 -3.306 -1 -3.33 -1 -3.444 -1 76
-3.387 -1 -3.284 -1 -3.326 -1 -3.416 -1 68
-3.371 -1 -3.234 -1 -3.326 -1 -3.406 -1 248
-3.366 -1 -3.25 -1 -3.328 -1 -3.42 -1 285
-3.374 -1 -3.272 -1 -3.302 -1 -3.49 -2 55
-3.396 -1 -3.318 -2 -3.408 -2 -3.482 -1 341
-3.445 -1 -3.364 -1 -3.396 -1 -3.444 -1 187
-3.42 -1 -3.312 -1 -3.42 -1 -3.502 -1 318
-3.461 -1 -3.28 -1 -3.278 -1 -3.462 -1 3
-3.37 -1 -3.206 -1 -3.318 -1 -3.408 -1 249
-3.363 -1 -3.224 -1 -3.254 -1 -3.384 -1 89
-3.319 -1 -3.186 -1 -3.342 -1 -3.446 -1 339
-3.394 -1 -3.288 -1 -3.348 -1 -3.43 -1 77
-3.389 -1 -3.224 -1 -3.29 -1 -3.322 -1 93
-3.306 -1 -3.176 -1 -3.334 -1 -3.402 -1 391
-3.368 -1 -3.26 -1 -3.326 -1 -3.434 -1 160
-3.38 -1 -3.242 -1 -3.266 -1 -3.374 -1 82
-3.32 -1 -3.202 -1 -3.296 -1 -3.512 -1 169
-3.404 -1 -3.308 -1 -3.356 -1 -3.432 -1 69
-3.394 -1 -3.202 -1 -3.214 -1 -3.352 -2 73
-3.283 -1 -3.128 -1 -3.246 -1 -3.366 -1 271
-3.306 -1 -3.172 -1 -3.188 -1 -3.37 -1 23
-3.279 -1 -3.108 -1 -3.144 -1 -3.31 -1 37
-3.227 -1 -3.1 -1 -3.116 -1 -3.312 -2 48
-3.214 -1 -3.072 -1 -3.232 -1 -3.39 -1 303
-3.311 -1 -3.186 -1 -3.334 -1 -3.47 -1 346
-3.402 -1 -3.274 -1 -3.386 -1 -3.43 -1 236
-3.408 -1 -3.352 -1 -3.488 -1 -3.558 -1 274
-3.523 -1 -3.36 -1 -3.378 -1 -3.468 -1 32
-3.423 -1 -3.278 -1 -3.306 -1 -3.412 -1 64
-3.359 -1 -3.244 -1 -3.296 -1 -3.416 -1 300
-3.356 -1 -3.262 -1 -3.296 -1 -3.5 -1 44
-3.398 -1 -3.268 -1 -3.312 -1 -3.386 -1 160
-3.349 -1 -3.23 -1 -3.334 -1 -3.434 -1 278
-3.384 -1 -3.248 -1 -3.278 -1 -3.39 -1 144
-3.334 -1 -3.148 -1 -3.26 -1 -3.43 -1 203
-3.345 -1 -3.178 -1 -3.34 -1 -3.446 -1 171
-3.393 -1 -3.286 -1 -3.332 -1 -3.406 -1 88
-3.369 -1 -3.182 -1 -3.29 -1 -3.424 -1 295
-3.357 -1 -3.258 -1 -3.352 -1 -3.486 -1 138
-3.419 -1 -3.314 -1 -3.328 -1 -3.424 -1 30
-3.376 -1 -3.252 -1 -3.406 -1 -3.498 -1 265
-3.452 -1 -3.298 -1 -3.402 -1 -3.48 -1 288
-3.441 -1 -3.312 -1 -3.33 -1 -3.43 -1 128
-3.38 -1 -3.264 -1 -3.366 -1 -3.46 -1 289
-3.413 -1 -3.288 -1 -3.382 -1 -3.472 -1 399
-3.427 -1 -3.308 -1 -3.368 -1 -3.444 -1 172
-3.406 -1 -3.23 -1 -3.232 -1 -3.382 -1 6
-3.307 -1 -3.102 -1 -3.206 -1 -3.324 -1 239
-3.265 -1 -3.094 -1 -3.204 -1 -3.42 -1 240
-3.312 -1 -3.202 -1 -3.38 -1 -3.378 -1 280
-3.379 -1 -3.216 -1 -3.288 -1 -3.434 -1 191
-3.361 -1 -3.22 -1 -3.28 -1 -3.352 -1 161
-3.316 -1 -3.184 -1 -3.224 -1 -3.35 -1 267
-3.287 -1 -3.164 -1 -3.218 -1 -3.394 -1 73
-3.306 -1 -3.176 -1 -3.238 -1 -3.41 -1 56
-3.324 -1 -3.192 -1 -3.226 -1 -3.352 -1 82
-3.289 -1 -3.124 -1 -3.16 -1 -3.34 -1 77
-3.25 -1 -3.074 -1 -3.168 -1 -3.322 -1 140
-3.245 -1 -3.126 -1 -3.228 -1 -3.352 -1 151
-3.29 -1 -3.156 -1 -3.17 -1 -3.342 -1 41
-3.256 -1 -3.132 -1 -3.184 -1 -3.392 -1 122
-3.288 -1 -3.154 -1 -3.166 -1 -3.318 -2 41
-3.242 -1 -3.07 -1 -3.254 -1 -3.37 -1 209
-3.312 -1 -3.198 -1 -3.358 -1 -3.402 -1 374
-3.38 -1 -3.21 -1 -3.224 -1 -3.362 -1 20
-3.293 -1 -3.128 -1 -3.278 -1 -3.408 -1 273
-3.343 -1 -3.216 -1 -3.22 -1 -3.41 -1 17
-3.315 -1 -3.196 -1 -3.36 -1 -3.478 -1 365
-3.419 -1 -3.248 -1 -3.26 -1 -3.372 -1 27
-3.316 -1 -3.182 -1 -3.24 -1 -3.408 -1 91
-3.324 -1 -3.21 -1 -3.31 -1 -3.5 -1 227
-3.405 -1 -3.28 -1 -3.418 -1 -3.442 -1 241
-3.43 -1 -3.284 -1 -3.326 -1 -3.402 -1 83
-3.364 -1 -3.244 -1 -3.264 -1 -3.33 -1 61
-3.297 -1 -3.154 -1 -3.154 -1 -3.328 -1 1
-3.241 -1 -3.144 -1 -3.144 -1 -3.35 -1 3
-3.247 -1 -3.1 -1 -3.192 -1 -3.32 -1 118
-3.256 -1 -3.1 -1 -3.332 -1 -3.424 -1 373
-3.378 -1 -3.252 -1 -3.39 -1 -3.388 -1 227
-3.389 -1 -3.3 -1 -3.298 -1 -3.444 -1 20
-3.371 -1 -3.186 -1 -3.328 -1 -3.484 -1 294
-3.406 -1 -3.202 -1 -3.212 -1 -3.382 -1 7
-3.297 -1 -3.148 -1 -3.35 -1 -3.444 -1 380
-3.397 -1 -3.284 -1 -3.364 -1 -3.47 -1 225
-3.417 -1 -3.34 -1 -3.436 -1 -3.558 -2 111
-3.497 -1 -3.366 -1 -3.386 -1 -3.458 -1 265
-3.422 -1 -3.266 -1 -3.302 -1 -3.44 -2 75
-3.371 -1 -3.216 -1 -3.362 -1 -3.45 -1 332
-3.406 -1 -3.28 -1 -3.37 -1 -3.448 -1 168
-3.409 -1 -3.266 -1 -3.26 -1 -3.472 -1 31
-3.366 -1 -3.242 -1 -3.352 -1 -3.478 -1 250
-3.415 -1 -3.264 -1 -3.272 -1 -3.428 -1 63
-3.35 -1 -3.232 -1 -3.294 -1 -3.414 -1 115
-3.354 -1 -3.228 -1 -3.32 -1 -3.498 -1 371
-3.409 -1 -3.238 -1 -3.334 -1 -3.446 -2 208
-3.39 -1 -3.276 -1 -3.352 -1 -3.524 -1 268
-3.438 -1 -3.338 -1 -3.364 -1 -3.484 -1 166
-3.424 -1 -3.326 -1 -3.43 -1 -3.49 -1 296
-3.46 -1 -3.316 -1 -3.386 -1 -3.466 -1 196
-3.426 -1 -3.31 -1 -3.378 -1 -3.526 -1 134
-3.452 -1 -3.31 -1 -3.314 -1 -3.462 -1 41
-3.388 -1 -3.234 -1 -3.336 -1 -3.454 -1 200
-3.395 -1 -3.264 -1 -3.322 -1 -3.486 -1 360
-3.404 -1 -3.276 -1 -3.374 -1 -3.442 -1 291
-3.408 -1 -3.314 -1 -3.366 -1 -3.446 -1 224
-3.406 -1 -3.278 -1 -3.354 -1 -3.434 -1 392
-3.394 -1 -3.28 -1 -3.392 -1 -3.528 -2 343
-3.46 -1 -3.242 -1 -3.378 -1 -3.452 -1 381
-3.415 -1 -3.29 -1 -3.386 -1 -3.446 -1 207
-3.416 -1 -3.326 -1 -3.342 -1 -3.516 -1 26
-3.429 -1 -3.244 -1 -3.402 -1 -3.516 -1 370
-3.459 -1 -3.38 -1 -3.518 -1 -3.538 -1 396
-3.528 -1 -3.39 -1 -3.434 -1 -3.492 -1 324
-3.463 -1 -3.312 -1 -3.388 -1 -3.436 -1 272
-3.412 -1 -3.238 -1 -3.314 -1 -3.48 -1 214
-3.397 -1 -3.246 -1 -3.354 -1 -3.508 -2 304
-3.431 -1 -3.274 -1 -3.424 -1 -3.556 -1 249
-3.49 -1 -3.36 -1 -3.426 -1 -3.526 -1 176
-3.476 -1 -3.336 -1 -3.438 -1 -3.516 -1 344
-3.477 -1 -3.296 -1 -3.384 -1 -3.51 -1 396
-3.447 -1 -3.312 -1 -3.434 -1 -3.57 -1 282
-3.502 -1 -3.388 -1 -3.406 -1 -3.486 -2 61
-3.446 -1 -3.388 -2 -3.446 -1 -3.496 -2 342
-3.471 -1 -3.318 -1 -3.312 -1 -3.422 -1 16
-3.367 -1 -3.264 -1 -3.358 -1 -3.43 -1 378
-3.394 -1 -3.224 -1 -3.398 -1 -3.464 -1 378
-3.431 -1 -3.32 -1 -3.456 -1 -3.512 -1 286
-3.484 -1 -3.278 -1 -3.408 -1 -3.6 -1 291
-3.504 -1 -3.43 -1 -3.488 -1 -3.512 -1 289
-3.5 -1 -3.34 -1 -3.432 -1 -3.548 -1 319
-3.49 -1 -3.314 -1 -3.374 -1 -3.558 -1 132
-3.466 -1 -3.36 -1 -3.394 -1 -3.49 -1 296
-3.442 -1 -3.264 -1 -3.248 -1 -3.368 -1 41
-3.308 -1 -3.184 -1 -3.238 -1 -3.396 -1 137
-3.317 -1 -3.158 -1 -3.24 -1 -3.47 -1 197
-3.355 -1 -3.214 -1 -3.302 -1 -3.462 -1 209
-3.382 -1 -3.204 -1 -3.274 -1 -3.474 -2 152
-3.374 -1 -3.214 -1 -3.356 -1 -3.436 -2 358
-3.396 -1 -3.276 -1 -3.44 -1 -3.49 -2 368
-3.465 -1 -3.33 -1 -3.386 -1 -3.432 -1 67
-3.409 -1 -3.26 -1 -3.35 -1 -3.402 -1 164
-3.376 -1 -3.24 -1 -3.372 -1 -3.418 -1 364
-3.395 -1 -3.282 -1 -3.384 -1 -3.476 -1 286
-3.43 -1 -3.264 -1 -3.306 -1 -3.478 -1 83
-3.392 -1 -3.258 -1 -3.35 -1 -3.452 -1 183
-3.401 -1 -3.21 -1 -3.33 -1 -3.472 -1 376
-3.401 -1 -3.222 -1 -3.33 -1 -3.524 -1 187
-3.427 -1 -3.342 -1 -3.42 -1 -3.496 -1 224
-3.458 -1 -3.32 -1 -3.392 -1 -3.502 -1 296
-3.447 -1 -3.338 -1 -3.46 -1 -3.492 -1 243
-3.476 -1 -3.354 -1 -3.422 -1 -3.538 -2 253
-3.48 -1 -3.34 -1 -3.418 -1 -3.438 -1 228
-3.428 -1 -3.304 -1 -3.348 -1 -3.388 -1 136
-3.368 -1 -3.2 -1 -3.224 -1 -3.322 -1 24
-3.273 -1 -3.114 -1 -3.12 -1 -3.332 -1 21
-3.226 -1 -3.094 -1 -3.288 -1 -3.504 -1 320
-3.396 -1 -3.264 -1 -3.37 -1 -3.43 -1 211
-3.4 -1 -3.238 -1 -3.254 -1 -3.356 -1 28
-3.305 -1 -3.142 -1 -3.246 -1 -3.372 -1 246
-3.309 -1 -3.202 -1 -3.388 -1 -3.442 -1 386
-3.415 -1 -3.276 -1 -3.308 -1 -3.4 -1 70
-3.354 -1 -3.224 -1 -3.34 -1 -3.488 -1 257
-3.414 -1 -3.286 -1 -3.29 -1 -3.404 -2 32
-3.347 -1 -3.238 -1 -3.374 -1 -3.406 -1 328
-3.39 -1 -3.252 -1 -3.37 -1 -3.474 -1 273
-3.422 -1 -3.298 -1 -3.296 -1 -3.424 -1 9
-3.36 -1 -3.226 -1 -3.346 -1 -3.442 -1 275
-3.394 -1 -3.208 -1 -3.232 -1 -3.388 -1 67
-3.31 -1 -3.184 -1 -3.288 -1 -3.428 -1 233
-3.358 -1 -3.262 -1 -3.298 -1 -3.426 -1 47
-3.362 -1 -3.246 -1 -3.322 -1 -3.484 -2 298
-3.403 -1 -3.24 -1 -3.36 -2 -3.5 -1 213
-3.43 -1 -3.252 -1 -3.304 -2 -3.494 -1 118
-3.399 -1 -3.276 -1 -3.394 -1 -3.498 -1 251
-3.446 -1 -3.358 -2 -3.37 -2 -3.47 -1 53
-3.42 -1 -3.29 -1 -3.316 -1 -3.474 -1 90
-3.395 -1 -3.282 -1 -3.3 -1 -3.534 -1 49
-3.417 -1 -3.272 -1 -3.506 -1 -3.58 -1 372
-3.543 -1 -3.388 -1 -3.378 -1 -3.494 -2 71
-3.436 -1 -3.312 -1 -3.412 -1 -3.502 -1 300
-3.457 -1 -3.324 -1 -3.376 -1 -3.434 -1 269
-3.405 -1 -3.32 -1 -3.486 -1 -3.57 -1 224
-3.528 -1 -3.4 -1 -3.412 -1 -3.438 -1 51
-3.425 -1 -3.272 -1 -3.416 -1 -3.51 -2 375
-3.463 -1 -3.292 -1 -3.328 -1 -3.514 -1 335
-3.421 -1 -3.314 -1 -3.332 -1 -3.458 -2 62
-3.395 -1 -3.262 -1 -3.272 -1 -3.404 -1 22
-3.338 -1 -3.238 -1 -3.27 -1 -3.39 -2 64
-3.33 -1 -3.216 -1 -3.212 -1 -3.356 -1 12
-3.284 -1 -3.136 -1 -3.18 -1 -3.334 -1 81
-3.257 -1 -3.112 -1 -3.212 -1 -3.4 -1 171
-3.306 -1 -3.194 -1 -3.26 -1 -3.466 -2 139
-3.363 -1 -3.268 -1 -3.302 -1 -3.482 -1 85
-3.392 -1 -3.264 -1 -3.32 -1 -3.424 -1 96
-3.372 -1 -3.26 -1 -3.466 -1 -3.458 -1 392
-3.462 -1 -3.368 -1 -3.432 -1 -3.564 -1 358
-3.498 -1 -3.364 -1 -3.434 -1 -3.526 -1 280
-3.48 -1 -3.408 -1 -3.486 -1 -3.59 -2 396
-3.538 -1 -3.408 -1 -3.468 -1 -3.506 -1 360
-3.487 -1 -3.332 -1 -3.408 -1 -3.468 -1 157
-3.438 -1 -3.282 -1 -3.44 -1 -3.506 -1 353
-3.473 -1 -3.402 -1 -3.428 -1 -3.596 -1 308
-3.512 -1 -3.424 -1 -3.422 -1 -3.484 -1 54
-3.453 -1 -3.322 -1 -3.36 -1 -3.492 -1 195
-3.426 -1 -3.352 -1 -3.448 -1 -3.556 -1 269
-3.502 -1 -3.396 -1 -3.418 -1 -3.462 -1 200
-3.44 -1 -3.226 -1 -3.424 -1 -3.528 -1 344
-3.476 -1 -3.378 -1 -3.408 -1 -3.448 -1 195
-3.428 -1 -3.264 -1 -3.266 -1 -3.396 -1 17
-3.331 -1 -3.204 -1 -3.36 -1 -3.428 -1 287
-3.394 -1 -3.296 -1 -3.346 -1 -3.426 -1 82
-3.386 -1 -3.266 -1 -3.332 -1 -3.444 -1 290
-3.388 -1 -3.264 -1 -3.362 -1 -3.426 -1 224
-3.394 -1 -3.282 -1 -3.346 -1 -3.46 -1 191
-3.403 -1 -3.21 -1 -3.38 -1 -3.438 -1 302
-3.409 -1 -3.232 -1 -3.29 -1 -3.388 -1 294
-3.339 -1 -3.188 -1 -3.194 -1 -3.422 -1 59
-3.308 -1 -3.148 -1 -3.168 -1 -3.392 -1 90
-3.28 -1 -3.208 -1 -3.382 -1 -3.476 -1 382
-3.429 -1 -3.272 -1 -3.35 -1 -3.52 -1 154
-3.435 -1 -3.266 -1 -3.382 -1 -3.446 -1 356
-3.414 -1 -3.27 -1 -3.342 -2 -3.404 -1 217
-3.373 -1 -3.208 -1 -3.3 -1 -3.376 -1 181
-3.338 -1 -3.22 -1 -3.356 -1 -3.528 -1 228
-3.442 -1 -3.274 -1 -3.364 -1 -3.458 -2 166
-3.411 -1 -3.26 -1 -3.406 -1 -3.456 -1 265
-3.431 -1 -3.28 -1 -3.296 -1 -3.45 -1 114
-3.373 -1 -3.288 -1 -3.364 -1 -3.482 -1 199
-3.423 -1 -3.274 -1 -3.378 -1 -3.476 -2 245
-3.427 -1 -3.268 -1 -3.3 -1 -3.39 -1 136
-3.345 -1 -3.2 -1 -3.21 -1 -3.364 -1 32
-3.287 -1 -3.222 -1 -3.308 -1 -3.398 -1 265
-3.353 -1 -3.28 -1 -3.298 -1 -3.408 -1 202
-3.353 -1 -3.212 -1 -3.356 -1 -3.48 -1 303
-3.418 -1 -3.292 -1 -3.288 -1 -3.4 -1 8
-3.344 -1 -3.226 -1 -3.354 -1 -3.498 -1 232
-3.426 -1 -3.298 -1 -3.38 -1 -3.402 -1 181
-3.391 -1 -3.298 -1 -3.336 -1 -3.412 -1 72
-3.374 -1 -3.236 -1 -3.306 -1 -3.384 -1 255
-3.345 -1 -3.19 -1 -3.202 -1 -3.332 -1 68
-3.267 -1 -3.134 -1 -3.246 -1 -3.436 -1 279
-3.341 -1 -3.2 -1 -3.264 -1 -3.34 -1 182
-3.302 -1 -3.214 -1 -3.374 -1 -3.46 -1 340
-3.417 -1 -3.286 -1 -3.404 -1 -3.544 -1 257
-3.474 -1 -3.364 -1 -3.466 -1 -3.576 -1 371
-3.521 -1 -3.416 -1 -3.46 -1 -3.514 -1 354
-3.487 -1 -3.33 -1 -3.458 -1 -3.516 -2 359
-3.487 -1 -3.4 -1 -3.4 -1 -3.494 -1 62
-3.447 -1 -3.366 -1 -3.484 -1 -3.54 -1 335
-3.512 -1 -3.404 -1 -3.414 -1 -3.532 -1 229
-3.473 -1 -3.352 -1 -3.418 -1 -3.572 -2 203
-3.495 -1 -3.382 -1 -3.372 -1 -3.45 -2 223
-3.411 -1 -3.31 -1 -3.384 -1 -3.45 -1 211
-3.417 -1 -3.294 -1 -3.354 -1 -3.548 -1 151
-3.451 -1 -3.338 -1 -3.422 -1 -3.536 -2 305
-3.479 -1 -3.364 -1 -3.392 -1 -3.5 -1 143
-3.446 -1 -3.304 -1 -3.406 -1 -3.516 -1 357
-3.461 -1 -3.324 -1 -3.366 -1 -3.49 -1 191
-3.428 -1 -3.286 -1 -3.408 -1 -3.53 -1 294
-3.469 -1 -3.328 -1 -3.462 -1 -3.498 -1 359
-3.48 -1 -3.384 -1 -3.408 -1 -3.524 -1 67
-3.466 -1 -3.318 -1 -3.332 -1 -3.492 -1 195
-3.412 -1 -3.228 -1 -3.286 -1 -3.5 -1 175
-3.393 -1 -3.276 -1 -3.342 -1 -3.438 -1 194
-3.39 -1 -3.242 -1 -3.408 -1 -3.398 -1 326
-3.403 -1 -3.238 -1 -3.348 -1 -3.402 -1 170
-3.375 -1 -3.218 -1 -3.284 -1 -3.412 -1 191
-3.348 -1 -3.19 -1 -3.186 -1 -3.404 -1 45
-3.295 -1 -3.18 -1 -3.202 -1 -3.272 -1 48
-3.237 -1 -3.154 -1 -3.282 -1 -3.422 -1 299
-3.352 -1 -3.216 -1 -3.282 -1 -3.408 -1 377
-3.345 -1 -3.21 -1 -3.302 -1 -3.438 -1 256
-3.37 -1 -3.208 -1 -3.354 -1 -3.452 -1 373
-3.403 -1 -3.29 -1 -3.364 -1 -3.49 -1 313
-3.427 -1 -3.294 -1 -3.414 -1 -3.45 -2 186
-3.432 -1 -3.294 -1 -3.36 -1 -3.452 -1 242
-3.406 -1 -3.286 -1 -3.32 -2 -3.462 -1 61
-3.391 -1 -3.332 -1 -3.366 -1 -3.52 -1 118
-3.443 -1 -3.262 -1 -3.28 -1 -3.33 -1 48
-3.305 -1 -3.162 -1 -3.296 -1 -3.432 -2 256
-3.364 -1 -3.204 -1 -3.378 -1 -3.428 -1 293
-3.403 -1 -3.238 -1 -3.378 -1 -3.462 -2 320
-3.42 -1 -3.304 -1 -3.33 -1 -3.412 -1 172
-3.371 -1 -3.28 -1 -3.338 -1 -3.458 -1 190
-3.398 -1 -3.246 -1 -3.324 -2 -3.47 -1 290
-3.397 -1 -3.274 -1 -3.382 -1 -3.46 -2 293
-3.421 -1 -3.316 -1 -3.312 -1 -3.394 -1 68
-3.353 -1 -3.254 -1 -3.27 -1 -3.5 -2 53
-3.385 -1 -3.252 -1 -3.408 -1 -3.48 -1 378
-3.444 -1 -3.278 -1 -3.334 -1 -3.432 -1 186
-3.383 -1 -3.242 -1 -3.392 -2 -3.522 -1 369
-3.457 -1 -3.32 -1 -3.33 -2 -3.422 -1 102
-3.376 -1 -3.282 -1 -3.39 -1 -3.562 -1 380
-3.476 -1 -3.336 -1 -3.406 -1 -3.502 -1 168
-3.454 -1 -3.382 -1 -3.424 -1 -3.468 -1 198
-3.446 -1 -3.324 -1 -3.374 -1 -3.458 -1 155
-3.416 -1 -3.27 -1 -3.318 -1 -3.438 -1 99
-3.378 -1 -3.21 -1 -3.266 -1 -3.44 -1 179
-3.353 -1 -3.234 -1 -3.282 -1 -3.37 -2 49
-3.326 -1 -3.182 -1 -3.312 -1 -3.418 -1 278
-3.365 -1 -3.198 -1 -3.286 -1 -3.416 -1 315
-3.351 -1 -3.172 -1 -3.394 -1 -3.426 -1 361
-3.41 -1 -3.22 -1 -3.326 -1 -3.438 -1 281
-3.382 -1 -3.232 -1 -3.286 -1 -3.4 -1 63
-3.343 -1 -3.232 -1 -3.41 -2 -3.48 -1 395
-3.445 -1 -3.262 -1 -3.338 -2 -3.454 -2 157
-3.396 -2 -3.326 -2 -3.464 -2 -3.538 -2 382
-3.501 -2 -3.366 -2 -3.382 -2 -3.46 -1 107
-3.421 -1 -3.228 -1 -3.304 -2 -3.4 -2 202
-3.352 -2 -3.196 -2 -3.316 -2 -3.434 -1 368
-3.375 -1 -3.248 -1 -3.354 -1 -3.444 -1 305
-3.399 -1 -3.312 -1 -3.426 -1 -3.496 -2 351
-3.461 -1 -3.332 -1 -3.446 -1 -3.584 -1 309
-3.515 -1 -3.398 -1 -3.432 -1 -3.468 -1 375
-3.45 -1 -3.338 -1 -3.438 -1 -3.492 -1 271
-3.465 -1 -3.342 -1 -3.412 -1 -3.514 -1 312
-3.463 -1 -3.338 -1 -3.406 -1 -3.504 -1 293
-3.455 -1 -3.36 -1 -3.532 -1 -3.548 -2 296
-3.54 -1 -3.408 -1 -3.464 -1 -3.502 -2 111
-3.483 -1 -3.376 -1 -3.464 -1 -3.516 -1 219
-3.49 -1 -3.37 -1 -3.388 -1 -3.448 -1 158
-3.418 -1 -3.31 -1 -3.39 -1 -3.506 -1 295
-3.448 -1 -3.35 -1 -3.386 -1 -3.5 -1 78
-3.443 -1 -3.29 -1 -3.3 -1 -3.392 -1 99
-3.346 -1 -3.194 -1 -3.334 -1 -3.474 -1 307
-3.404 -1 -3.294 -1 -3.316 -1 -3.46 -1 166
-3.388 -1 -3.24 -1 -3.36 -1 -3.482 -1 254
-3.421 -1 -3.272 -1 -3.304 -1 -3.426 -1 72
-3.365 -1 -3.278 -1 -3.322 -1 -3.458 -1 100
-3.39 -1 -3.272 -1 -3.326 -1 -3.354 -1 114
-3.34 -1 -3.228 -1 -3.248 -1 -3.386 -1 101
-3.317 -1 -3.2 -1 -3.286 -1 -3.304 -1 220
-3.295 -1 -3.196 -1 -3.22 -1 -3.346 -1 97
-3.283 -1 -3.146 -1 -3.286 -1 -3.422 -1 234
-3.354 -1 -3.268 -1 -3.344 -1 -3.404 -1 161
-3.374 -1 -3.25 -1 -3.282 -1 -3.392 -1 63
-3.337 -1 -3.194 -1 -3.358 -1 -3.382 -1 344
-3.37 -1 -3.23 -1 -3.31 -1 -3.416 -1 175
-3.363 -1 -3.196 -1 -3.264 -1 -3.406 -1 144
-3.335 -1 -3.218 -1 -3.306 -1 -3.434 -1 260
-3.37 -1 -3.21 -1 -3.214 -1 -3.374 -1 6
-3.294 -1 -3.1 -1 -3.158 -1 -3.378 -2 150
-3.268 -1 -3.094 -1 -3.234 -1 -3.398 -1 300
-3.316 -1 -3.2 -1 -3.3 -1 -3.484 -2 347
-3.392 -1 -3.278 -1 -3.388 -1 -3.46 -1 242
-3.424 -1 -3.3 -1 -3.302 -1 -3.45 -1 9
-3.376 -1 -3.254 -1 -3.414 -1 -3.512 -1 365
-3.463 -1 -3.294 -1 -3.356 -1 -3.5 -1 148
-3.428 -1 -3.332 -1 -3.44 -1 -3.542 -2 382
-3.491 -1 -3.36 -1 -3.36 -1 -3.526 -1 57
-3.443 -1 -3.306 -1 -3.362 -1 -3.424 -1 124
-3.393 -1 -3.212 -1 -3.212 -1 -3.404 -1 39
-3.308 -1 -3.202 -1 -3.364 -1 -3.504 -1 333
-3.434 -1 -3.348 -1 -3.414 -1 -3.516 -1 309
-3.465 -1 -3.314 -1 -3.382 -1 -3.496 -1 145
-3.439 -1 -3.304 -1 -3.452 -1 -3.598 -1 221
-3.525 -1 -3.418 -1 -3.478 -1 -3.578 -1 237
-3.528 -1 -3.428 -1 -3.428 -2 -3.574 -2 75
-3.501 -2 -3.348 -2 -3.418 -2 -3.536 -1 282
-3.477 -1 -3.338 -1 -3.47 -1 -3.578 -1 333
-3.524 -1 -3.372 -1 -3.392 -1 -3.516 -1 140
-3.454 -1 -3.296 -1 -3.346 -1 -3.436 -1 140
-3.391 -1 -3.264 -1 -3.402 -1 -3.442 -1 380
-3.422 -1 -3.344 -1 -3.356 -1 -3.422 -1 82
-3.389 -1 -3.286 -1 -3.4 -2 -3.5 -1 386
-3.45 -1 -3.34 -1 -3.376 -1 -3.512 -1 195
-3.444 -1 -3.244 -1 -3.398 -1 -3.466 -1 316
-3.432 -1 -3.352 -1 -3.386 -1 -3.494 -1 266
-3.44 -1 -3.294 -1 -3.458 -1 -3.54 -1 360
-3.499 -1 -3.366 -1 -3.36 -1 -3.432 -1 23
-3.396 -1 -3.308 -1 -3.384 -1 -3.468 -1 162
-3.426 -1 -3.23 -1 -3.314 -1 -3.432 -2 146
-3.373 -1 -3.298 -1 -3.338 -1 -3.452 -1 88
-3.395 -1 -3.238 -1 -3.238 -1 -3.416 -1 0
-3.327 -1 -3.184 -1 -3.25 -1 -3.434 -1 131
-3.342 -1 -3.236 -1 -3.322 -1 -3.398 -1 130
-3.36 -1 -3.24 -1 -3.364 -1 -3.486 -2 241
-3.425 -1 -3.336 -1 -3.358 -1 -3.468 -2 30
-3.413 -1 -3.352 -1 -3.334 -1 -3.434 -1 28
-3.384 -1 -3.296 -1 -3.354 -2 -3.442 -1 292
-3.398 -1 -3.27 -1 -3.412 -1 -3.472 -1 369
-3.442 -1 -3.33 -1 -3.412 -1 -3.52 -1 331
-3.466 -1 -3.336 -1 -3.382 -1 -3.552 -1 301
-3.467 -1 -3.29 -1 -3.43 -1 -3.56 -1 358
-3.495 -1 -3.36 -1 -3.378 -1 -3.588 -2 150
-3.483 -1 -3.372 -1 -3.43 -1 -3.442 -1 361
-3.436 -1 -3.258 -1 -3.302 -1 -3.47 -2 184
-3.386 -1 -3.254 -1 -3.304 -1 -3.43 -1 205
-3.367 -1 -3.218 -1 -3.288 -1 -3.394 -1 78
-3.341 -1 -3.216 -1 -3.366 -1 -3.476 -1 263
-3.421 -1 -3.254 -1 -3.326 -1 -3.41 -1 134
-3.368 -1 -3.28 -1 -3.338 -1 -3.438 -1 85
-3.388 -1 -3.254 -1 -3.394 -1 -3.464 -1 388
-3.429 -1 -3.266 -1 -3.284 -1 -3.446 -1 29
-3.365 -1 -3.248 -1 -3.274 -1 -3.416 -1 178
-3.345 -1 -3.186 -1 -3.224 -1 -3.3 -1 63
-3.262 -1 -3.1 -1 -3.268 -1 -3.342 -1 371
-3.305 -1 -3.158 -1 -3.364 -1 -3.576 -1 343
-3.47 -1 -3.324 -1 -3.352 -1 -3.414 -1 280
-3.383 -1 -3.228 -1 -3.302 -1 -3.45 -1 143
-3.376 -1 -3.25 -1 -3.314 -1 -3.476 -1 199
-3.395 -1 -3.254 -1 -3.434 -1 -3.508 -1 310
-3.471 -1 -3.344 -1 -3.438 -1 -3.482 -1 173
-3.46 -1 -3.342 -1 -3.344 -1 -3.438 -1 253
-3.391 -1 -3.276 -1 -3.39 -1 -3.5 -1 306
-3.445 -1 -3.358 -1 -3.398 -1 -3.484 -1 297
-3.441 -1 -3.284 -1 -3.396 -2 -3.512 -1 213
-3.454 -1 -3.392 -1 -3.442 -1 -3.474 -1 200
-3.458 -1 -3.358 -1 -3.416 -1 -3.512 -2 260
-3.464 -1 -3.296 -1 -3.34 -1 -3.442 -1 190
-3.391 -1 -3.32 -1 -3.426 -2 -3.462 -1 361
-3.444 -1 -3.328 -1 -3.338 -1 -3.398 -1 40
-3.368 -1 -3.208 -1 -3.374 -1 -3.446 -1 368
-3.41 -1 -3.29 -1 -3.378 -1 -3.452 -1 194
-3.415 -1 -3.288 -1 -3.292 -1 -3.408 -1 12
-3.35 -1 -3.224 -1 -3.226 -1 -3.442 -1 22
-3.334 -1 -3.148 -1 -3.308 -1 -3.416 -1 348
-3.362 -1 -3.21 -1 -3.28 -1 -3.442 -1 181
-3.361 -1 -3.208 -1 -3.212 -1 -3.356 -2 4
-3.284 -1 -3.14 -1 -3.194 -1 -3.36 -1 268
-3.277 -1 -3.176 -1 -3.288 -1 -3.492 -1 270
-3.39 -1 -3.232 -1 -3.348 -1 -3.47 -2 180
-3.409 -1 -3.282 -1 -3.362 -1 -3.456 -1 358
-3.409 -1 -3.264 -1 -3.282 -1 -3.502 -1 43
-3.392 -1 -3.256 -1 -3.402 -1 -3.498 -1 352
-3.45 -1 -3.318 -1 -3.346 -1 -3.452 -1 36
-3.399 -1 -3.254 -1 -3.362 -1 -3.442 -1 126
-3.402 -1 -3.304 -1 -3.302 -1 -3.43 -1 3
-3.366 -1 -3.222 -1 -3.29 -1 -3.446 -1 80
-3.368 -1 -3.256 -1 -3.33 -1 -3.448 -1 168
-3.389 -1 -3.182 -1 -3.336 -1 -3.464 -2 293
-3.4 -1 -3.256 -1 -3.258 -1 -3.394 -2 36
-3.326 -1 -3.198 -1 -3.204 -1 -3.372 -1 4
-3.288 -1 -3.192 -1 -3.214 -1 -3.442 -1 98
-3.328 -1 -3.168 -1 -3.21 -1 -3.342 -1 124
-3.276 -1 -3.148 -1 -3.32 -1 -3.474 -1 292
-3.397 -1 -3.252 -1 -3.4 -1 -3.486 -2 393
-3.443 -1 -3.278 -1 -3.378 -1 -3.518 -1 257
-3.448 -1 -3.332 -1 -3.418 -1 -3.514 -1 324
-3.466 -1 -3.332 -1 -3.35 -1 -3.438 -1 52
-3.394 -1 -3.248 -1 -3.35 -1 -3.458 -1 269
-3.404 -1 -3.28 -1 -3.414 -1 -3.526 -2 337
-3.47 -1 -3.368 -1 -3.394 -1 -3.498 -1 164
-3.446 -1 -3.312 -1 -3.328 -1 -3.424 -1 112
-3.376 -1 -3.272 -1 -3.364 -1 -3.45 -1 313
-3.407 -1 -3.37 -1 -3.51 -1 -3.62 -1 256
-3.565 -1 -3.386 -1 -3.484 -1 -3.604 -2 321
-3.544 -1 -3.35 -1 -3.406 -1 -3.508 -1 291
-3.457 -1 -3.376 -1 -3.478 -1 -3.586 -2 377
-3.532 -1 -3.374 -1 -3.434 -1 -3.618 -1 91
-3.526 -1 -3.416 -1 -3.426 -1 -3.49 -1 28
-3.458 -1 -3.278 -1 -3.37 -1 -3.494 -2 256
-3.432 -1 -3.274 -1 -3.316 -1 -3.46 -1 197
-3.388 -1 -3.274 -1 -3.344 -1 -3.51 -1 366
-3.427 -1 -3.3 -1 -3.34 -1 -3.514 -2 148
-3.427 -1 -3.328 -1 -3.392 -1 -3.5 -1 398
-3.446 -1 -3.362 -1 -3.424 -1 -3.492 -1 335
-3.458 -1 -3.332 -1 -3.494 -2 -3.594 -1 383
-3.544 -1 -3.398 -2 -3.508 -2 -3.536 -1 276
-3.522 -1 -3.414 -1 -3.436 -1 -3.522 -1 98
-3.479 -1 -3.36 -1 -3.388 -1 -3.488 -1 193
-3.438 -1 -3.336 -1 -3.438 -1 -3.568 -2 302
-3.503 -1 -3.402 -2 -3.428 -1 -3.502 -1 179
-3.465 -1 -3.312 -1 -3.44 -1 -3.496 -1 392
-3.468 -1 -3.346 -1 -3.418 -1 -3.44 -1 101
-3.429 -1 -3.24 -1 -3.352 -1 -3.468 -2 285
-3.41 -1 -3.258 -1 -3.402 -1 -3.518 -1 277
-3.46 -1 -3.288 -1 -3.408 -1 -3.486 -1 290
-3.447 -1 -3.312 -1 -3.344 -1 -3.462 -1 63
-3.403 -1 -3.274 -1 -3.278 -1 -3.392 -1 32
-3.335 -1 -3.194 -1 -3.256 -1 -3.404 -1 149
-3.33 -1 -3.224 -1 -3.388 -1 -3.504 -1 393
-3.446 -1 -3.304 -1 -3.376 -1 -3.49 -1 245
-3.433 -1 -3.316 -1 -3.434 -1 -3.526 -2 324
-3.48 -1 -3.4 -2 -3.424 -2 -3.488 -1 34
-3.456 -1 -3.32 -1 -3.32 -1 -3.456 -1 10
-3.388 -1 -3.284 -1 -3.364 -2 -3.412 -2 310
-3.388 -2 -3.282 -2 -3.372 -2 -3.506 -1 207
-3.439 -1 -3.33 -1 -3.394 -1 -3.422 -1 309
-3.408 -1 -3.324 -1 -3.372 -1 -3.458 -2 375
-3.415 -1 -3.346 -1 -3.402 -1 -3.48 -2 159
-3.441 -1 -3.274 -1 -3.326 -1 -3.408 -1 126
-3.367 -1 -3.256 -1 -3.292 -1 -3.372 -1 131
-3.332 -1 -3.186 -1 -3.206 -1 -3.34 -1 36
-3.273 -1 -3.124 -1 -3.218 -1 -3.386 -1 210
-3.302 -1 -3.214 -1 -3.23 -1 -3.374 -1 62
-3.302 -1 -3.164 -1 -3.234 -1 -3.446 -1 176
-3.34 -1 -3.204 -1 -3.232 -1 -3.312 -1 66
-3.272 -1 -3.15 -1 -3.238 -1 -3.372 -1 131
-3.305 -1 -3.128 -1 -3.292 -1 -3.468 -1 312
-3.38 -1 -3.228 -1 -3.222 -1 -3.366 -1 2
-3.294 -1 -3.14 -1 -3.18 -1 -3.36 -1 51
-3.27 -1 -3.146 -1 -3.42 -1 -3.512 -1 359
-3.466 -1 -3.314 -1 -3.362 -1 -3.502 -1 99
-3.432 -1 -3.264 -1 -3.38 -1 -3.43 -2 290
-3.405 -1 -3.302 -1 -3.37 -1 -3.482 -2 268
-3.426 -1 -3.284 -1 -3.286 -1 -3.428 -1 69
-3.357 -1 -3.212 -1 -3.364 -1 -3.492 -2 398
-3.428 -1 -3.276 -1 -3.306 -1 -3.466 -1 175
-3.386 -1 -3.234 -1 -3.34 -1 -3.458 -1 284
-3.399 -1 -3.262 -1 -3.284 -1 -3.366 -1 78
-3.325 -1 -3.172 -1 -3.21 -1 -3.42 -1 116
-3.315 -1 -3.154 -1 -3.294 -1 -3.392 -1 323
-3.343 -1 -3.238 -1 -3.388 -1 -3.566 -2 370
-3.477 -1 -3.36 -1 -3.514 -1 -3.564 -1 343
-3.539 -1 -3.42 -1 -3.422 -1 -3.588 -1 39
-3.505 -1 -3.42 -1 -3.444 -1 -3.522 -1 175
-3.483 -1 -3.38 -1 -3.456 -1 -3.534 -1 150
-3.495 -1 -3.39 -1 -3.406 -1 -3.522 -1 333
-3.464 -1 -3.318 -1 -3.428 -1 -3.488 -1 304
-3.458 -1 -3.332 -1 -3.338 -1 -3.486 -1 77
-3.412 -1 -3.282 -1 -3.298 -1 -3.458 -1 20
-3.378 -1 -3.262 -1 -3.262 -1 -3.42 -1 13
-3.341 -1 -3.182 -1 -3.216 -1 -3.382 -2 40
-3.299 -1 -3.15 -1 -3.218 -1 -3.382 -2 178
-3.3 -1 -3.158 -1 -3.304 -1 -3.444 -1 321
-3.374 -1 -3.25 -1 -3.35 -1 -3.382 -1 303
-3.366 -1 -3.276 -1 -3.392 -1 -3.428 -1 386
-3.41 -1 -3.276 -1 -3.358 -1 -3.466 -1 360
-3.412 -1 -3.284 -1 -3.28 -1 -3.47 -2 126
-3.375 -1 -3.254 -1 -3.316 -1 -3.456 -1 129
-3.386 -1 -3.26 -1 -3.26 -1 -3.382 -1 4
-3.321 -1 -3.168 -1 -3.27 -1 -3.428 -1 294
-3.349 -1 -3.184 -1 -3.208 -1 -3.414 -1 155
-3.311 -1 -3.176 -1 -3.318 -1 -3.342 -1 292
-3.33 -1 -3.192 -1 -3.218 -1 -3.386 -1 91
-3.302 -1 -3.18 -1 -3.292 -1 -3.418 -1 245
-3.355 -1 -3.192 -1 -3.4 -2 -3.494 -2 368
-3.447 -2 -3.282 -2 -3.282 -2 -3.45 -2 1
-3.366 -2 -3.28 -2 -3.39 -2 -3.488 -1 188
-3.439 -1 -3.298 -1 -3.346 -1 -3.476 -2 100
-3.411 -1 -3.282 -1 -3.392 -2 -3.39 -1 369
-3.391 -1 -3.264 -1 -3.334 -2 -3.446 -1 266
-3.39 -1 -3.28 -1 -3.296 -1 -3.474 -2 111
-3.385 -1 -3.244 -1 -3.24 -1 -3.368 -2 3
-3.304 -1 -3.132 -1 -3.156 -1 -3.356 -2 93
-3.256 -1 -3.146 -2 -3.27 -1 -3.38 -1 321
-3.325 -1 -3.178 -1 -3.21 -1 -3.378 -1 89
-3.294 -1 -3.196 -1 -3.292 -1 -3.47 -1 227
-3.381 -1 -3.214 -1 -3.35 -1 -3.464 -1 344
-3.407 -1 -3.288 -1 -3.368 -1 -3.496 -1 150
-3.432 -1 -3.26 -1 -3.322 -1 -3.504 -1 174
-3.413 -1 -3.262 -1 -3.364 -1 -3.482 -1 314
-3.423 -1 -3.308 -1 -3.412 -1 -3.436 -2 297
-3.424 -1 -3.32 -1 -3.452 -1 -3.48 -1 383
-3.466 -1 -3.316 -1 -3.35 -1 -3.502 -1 109
-3.426 -1 -3.29 -1 -3.294 -1 -3.372 -1 39
-3.333 -1 -3.188 -1 -3.212 -1 -3.316 -1 68
-3.264 -1 -3.164 -1 -3.244 -1 -3.422 -1 236
-3.333 -1 -3.176 -1 -3.286 -1 -3.438 -1 172
-3.362 -1 -3.216 -1 -3.224 -1 -3.368 -1 66
-3.296 -1 -3.206 -1 -3.206 -1 -3.4 -1 17
-3.303 -1 -3.178 -1 -3.348 -1 -3.436 -1 341
-3.392 -1 -3.298 -1 -3.39 -1 -3.472 -1 252
-3.431 -1 -3.314 -1 -3.42 -1 -3.492 -1 330
-3.456 -1 -3.258 -1 -3.348 -1 -3.51 -2 241
-3.429 -1 -3.308 -1 -3.392 -1 -3.476 -1 298
-3.434 -1 -3.288 -1 -3.362 -1 -3.434 -2 174
-3.398 -1 -3.306 -1 -3.352 -1 -3.44 -1 116
-3.396 -1 -3.272 -1 -3.41 -1 -3.55 -1 372
-3.48 -1 -3.34 -1 -3.43 -1 -3.52 -1 256
-3.475 -1 -3.348 -1 -3.398 -1 -3.424 -1 104
-3.411 -1 -3.286 -1 -3.302 -1 -3.466 -1 154
-3.384 -1 -3.208 -1 -3.22 -1 -3.354 -2 20
-3.287 -1 -3.134 -1 -3.224 -1 -3.386 -1 168
-3.305 -1 -3.148 -1 -3.288 -1 -3.45 -1 215
-3.369 -1 -3.238 -1 -3.324 -1 -3.412 -1 198
-3.368 -1 -3.228 -1 -3.278 -1 -3.374 -1 95
-3.326 -1 -3.128 -1 -3.224 -1 -3.416 -2 224
-3.32 -1 -3.2 -1 -3.26 -1 -3.408 -1 326
-3.334 -1 -3.272 -1 -3.278 -1 -3.408 -1 43
-3.343 -1 -3.212 -1 -3.276 -1 -3.412 -2 178
-3.344 -1 -3.248 -1 -3.302 -1 -3.46 -1 171
-3.381 -1 -3.224 -1 -3.332 -1 -3.45 -1 275
-3.391 -1 -3.274 -1 -3.42 -2 -3.486 -1 364
-3.453 -1 -3.35 -1 -3.508 -1 -3.586 -2 397
-3.547 -1 -3.394 -1 -3.406 -1 -3.506 -1 109
-3.456 -1 -3.298 -1 -3.384 -1 -3.52 -2 147
-3.452 -1 -3.288 -1 -3.364 -1 -3.506 -1 209
-3.435 -1 -3.31 -1 -3.422 -1 -3.514 -1 321
-3.468 -1 -3.36 -1 -3.416 -1 -3.442 -1 208
-3.429 -1 -3.258 -1 -3.316 -1 -3.556 -1 153
-3.436 -1 -3.32 -1 -3.368 -1 -3.506 -1 55
-3.437 -1 -3.264 -1 -3.35 -1 -3.482 -1 311
-3.416 -1 -3.284 -1 -3.34 -1 -3.398 -1 157
-3.369 -1 -3.234 -1 -3.258 -1 -3.41 -1 82
-3.334 -1 -3.214 -1 -3.306 -1 -3.418 -1 153
-3.362 -1 -3.236 -1 -3.344 -1 -3.544 -1 250
-3.444 -1 -3.314 -1 -3.356 -1 -3.436 -1 282
-3.396 -1 -3.238 -1 -3.238 -1 -3.418 -1 34
-3.328 -1 -3.248 -1 -3.264 -1 -3.416 -1 8
-3.34 -1 -3.208 -1 -3.388 -1 -3.526 -2 330
-3.457 -1 -3.34 -1 -3.402 -1 -3.548 -1 382
-3.475 -1 -3.362 -1 -3.394 -1 -3.452 -1 244
-3.423 -1 -3.262 -1 -3.38 -1 -3.404 -1 294
-3.392 -1 -3.234 -1 -3.28 -1 -3.41 -1 37
-3.345 -1 -3.218 -1 -3.342 -1 -3.432 -1 315
-3.387 -1 -3.284 -1 -3.366 -1 -3.394 -1 173
-3.38 -1 -3.238 -1 -3.344 -1 -3.536 -1 189
-3.44 -1 -3.344 -1 -3.496 -1 -3.51 -1 347
-3.503 -1 -3.432 -1 -3.442 -1 -3.512 -2 112
-3.477 -1 -3.334 -1 -3.364 -1 -3.478 -1 111
-3.421 -1 -3.254 -1 -3.35 -1 -3.44 -1 205
-3.395 -1 -3.26 -1 -3.272 -1 -3.414 -1 48
-3.343 -1 -3.182 -1 -3.284 -1 -3.434 -1 138
-3.359 -1 -3.194 -1 -3.226 -1 -3.378 -1 111
-3.302 -1 -3.102 -1 -3.226 -1 -3.394 -2 291
-3.31 -1 -3.164 -1 -3.32 -1 -3.468 -1 295
-3.394 -1 -3.25 -1 -3.352 -1 -3.454 -1 222
-3.403 -1 -3.25 -1 -3.464 -1 -3.508 -1 367
-3.486 -1 -3.336 -1 -3.358 -1 -3.458 -1 226
-3.408 -1 -3.286 -1 -3.422 -2 -3.506 -1 365
-3.464 -1 -3.274 -1 -3.284 -1 -3.458 -1 107
-3.371 -1 -3.226 -1 -3.36 -1 -3.512 -1 320
-3.436 -1 -3.336 -1 -3.342 -1 -3.508 -1 15
-3.425 -1 -3.302 -1 -3.386 -1 -3.474 -2 180
-3.43 -1 -3.334 -1 -3.374 -1 -3.444 -1 303
-3.409 -1 -3.216 -1 -3.324 -1 -3.424 -2 360
-3.374 -1 -3.238 -1 -3.44 -1 -3.548 -1 298
-3.494 -1 -3.382 -1 -3.472 -1 -3.484 -1 248
-3.478 -1 -3.336 -1 -3.326 -1 -3.46 -1 73
-3.393 -1 -3.31 -1 -3.446 -1 -3.554 -1 399
-3.5 -1 -3.378 -1 -3.37 -1 -3.426 -1 13
-3.398 -1 -3.282 -1 -3.312 -1 -3.414 -1 76
-3.363 -1 -3.204 -1 -3.244 -1 -3.372 -1 198
-3.308 -1 -3.114 -1 -3.276 -1 -3.41 -1 331
-3.343 -1 -3.196 -1 -3.312 -1 -3.44 -1 290
-3.376 -1 -3.194 -1 -3.306 -1 -3.424 -1 217
-3.365 -1 -3.214 -1 -3.306 -1 -3.422 -2 352
-3.364 -1 -3.238 -1 -3.304 -1 -3.398 -1 205
-3.351 -1 -3.208 -1 -3.284 -1 -3.496 -1 357
-3.39 -1 -3.266 -1 -3.298 -1 -3.472 -1 71
-3.385 -1 -3.198 -1 -3.236 -1 -3.398 -1 51
-3.317 -1 -3.176 -1 -3.262 -1 -3.508 -1 145
-3.385 -1 -3.248 -1 -3.314 -1 -3.472 -1 230
-3.393 -1 -3.268 -1 -3.328 -1 -3.45 -1 206
-3.389 -1 -3.244 -1 -3.306 -1 -3.476 -1 72
-3.391 -1 -3.28 -1 -3.33 -1 -3.492 -1 179
-3.411 -1 -3.262 -1 -3.302 -1 -3.47 -1 64
-3.386 -1 -3.252 -1 -3.31 -1 -3.422 -1 98
-3.366 -1 -3.238 -1 -3.322 -1 -3.442 -1 195
-3.382 -1 -3.236 -1 -3.39 -1 -3.556 -1 339
-3.473 -1 -3.314 -1 -3.402 -1 -3.41 -1 137
-3.406 -1 -3.302 -1 -3.344 -1 -3.48 -1 86
-3.412 -1 -3.268 -1 -3.416 -1 -3.46 -1 282
-3.438 -1 -3.28 -1 -3.364 -1 -3.484 -1 177
-3.424 -1 -3.266 -1 -3.326 -1 -3.472 -1 156
-3.399 -1 -3.232 -1 -3.316 -1 -3.42 -1 221
-3.368 -1 -3.206 -1 -3.244 -1 -3.45 -1 261
-3.347 -1 -3.204 -1 -3.294 -1 -3.5 -1 222
-3.397 -1 -3.266 -1 -3.272 -1 -3.384 -1 44
-3.328 -1 -3.192 -1 -3.332 -1 -3.412 -1 393
-3.372 -1 -3.266 -1 -3.388 -1 -3.452 -1 279
-3.42 -1 -3.312 -1 -3.382 -1 -3.41 -1 244
-3.396 -1 -3.23 -1 -3.334 -1 -3.43 -1 252
-3.382 -1 -3.26 -1 -3.306 -1 -3.42 -2 121
-3.363 -1 -3.166 -1 -3.29 -1 -3.452 -1 208
-3.371 -1 -3.2 -1 -3.398 -1 -3.46 -1 224
-3.429 -1 -3.3 -1 -3.438 -1 -3.574 -1 290
-3.506 -1 -3.41 -1 -3.484 -1 -3.578 -2 259
-3.531 -1 -3.42 -1 -3.516 -1 -3.582 -1 133
-3.549 -1 -3.45 -1 -3.454 -1 -3.504 -1 5
-3.479 -1 -3.294 -1 -3.392 -1 -3.536 -1 351
-3.464 -1 -3.372 -1 -3.424 -1 -3.434 -1 369
-3.429 -1 -3.252 -1 -3.366 -1 -3.488 -1 374
-3.427 -1 -3.286 -1 -3.408 -1 -3.576 -1 308
-3.492 -1 -3.346 -1 -3.4 -1 -3.488 -1 101
-3.444 -1 -3.306 -1 -3.366 -1 -3.53 -1 218
-3.448 -1 -3.294 -1 -3.388 -1 -3.46 -2 301
-3.424 -1 -3.3 -1 -3.4 -1 -3.492 -1 331
-3.446 -1 -3.324 -1 -3.41 -1 -3.5 -2 256
-3.455 -1 -3.35 -1 -3.346 -1 -3.552 -1 37
-3.449 -1 -3.27 -1 -3.356 -1 -3.514 -2 237
-3.435 -1 -3.288 -1 -3.41 -1 -3.472 -2 375
-3.441 -1 -3.336 -1 -3.396 -1 -3.482 -1 269
-3.439 -1 -3.322 -1 -3.534 -2 -3.516 -2 366
-3.525 -2 -3.398 -2 -3.434 -2 -3.432 -1 159
-3.433 -1 -3.336 -1 -3.356 -1 -3.462 -1 36
-3.409 -1 -3.268 -1 -3.432 -1 -3.506 -1 349
-3.469 -1 -3.322 -2 -3.332 -2 -3.494 -1 80
-3.413 -1 -3.322 -2 -3.33 -2 -3.502 -1 21
-3.416 -1 -3.306 -2 -3.4 -2 -3.436 -1 247
-3.418 -1 -3.262 -1 -3.412 -1 -3.566 -1 341
-3.489 -1 -3.376 -1 -3.458 -1 -3.52 -1 288
-3.489 -1 -3.356 -1 -3.42 -1 -3.59 -1 367
-3.505 -1 -3.4 -1 -3.502 -1 -3.604 -1 374
-3.553 -1 -3.464 -1 -3.464 -1 -3.564 -1 88
-3.514 -1 -3.412 -1 -3.508 -1 -3.554 -1 219
-3.531 -1 -3.412 -1 -3.466 -1 -3.498 -2 316
-3.482 -1 -3.356 -1 -3.37 -1 -3.44 -1 34
-3.405 -1 -3.248 -1 -3.364 -1 -3.49 -1 135
-3.427 -1 -3.254 -1 -3.414 -1 -3.5 -1 332
-3.457 -1 -3.294 -1 -3.394 -2 -3.462 -1 352
-3.428 -1 -3.308 -1 -3.362 -1 -3.49 -1 198
-3.426 -1 -3.34 -1 -3.428 -1 -3.472 -1 292
-3.45 -1 -3.298 -1 -3.464 -1 -3.46 -1 386
-3.462 -1 -3.338 -1 -3.424 -1 -3.518 -1 127
-3.471 -1 -3.292 -1 -3.37 -1 -3.45 -1 286
-3.41 -1 -3.312 -1 -3.316 -1 -3.462 -1 77
-3.389 -1 -3.304 -1 -3.374 -1 -3.464 -1 193
-3.419 -1 -3.29 -1 -3.31 -1 -3.404 -1 106
-3.357 -1 -3.216 -1 -3.344 -1 -3.44 -1 249
-3.392 -1 -3.25 -1 -3.358 -1 -3.456 -1 281
-3.407 -1 -3.244 -1 -3.342 -1 -3.374 -2 322
-3.358 -1 -3.188 -1 -3.22 -1 -3.43 -1 71
-3.325 -1 -3.21 -1 -3.28 -1 -3.422 -2 82
-3.351 -1 -3.21 -1 -3.372 -1 -3.438 -1 340
-3.405 -1 -3.298 -1 -3.326 -2 -3.456 -1 122
-3.391 -1 -3.246 -1 -3.252 -1 -3.408 -1 21
-3.33 -1 -3.254 -1 -3.278 -1 -3.466 -1 17
-3.372 -1 -3.26 -1 -3.322 -1 -3.428 -1 122
-3.375 -1 -3.226 -1 -3.24 -1 -3.38 -2 40
-3.31 -1 -3.178 -1 -3.316 -1 -3.47 -1 353
-3.393 -1 -3.24 -1 -3.42 -1 -3.486 -1 338
-3.453 -1 -3.28 -1 -3.366 -1 -3.45 -1 210
-3.408 -1 -3.29 -1 -3.296 -1 -3.45 -1 132
-3.373 -1 -3.256 -1 -3.31 -1 -3.464 -1 113
-3.387 -1 -3.27 -1 -3.416 -1 -3.518 -1 291
-3.467 -1 -3.326 -1 -3.336 -1 -3.44 -1 14
-3.388 -1 -3.242 -1 -3.362 -1 -3.464 -1 242
-3.413 -1 -3.246 -1 -3.31 -1 -3.462 -1 72
-3.386 -1 -3.224 -1 -3.284 -1 -3.432 -1 114
-3.358 -1 -3.218 -1 -3.27 -1 -3.356 -1 104
-3.313 -1 -3.196 -1 -3.198 -1 -3.378 -1 13
-3.288 -1 -3.168 -1 -3.234 -1 -3.396 -2 104
-3.315 -1 -3.166 -1 -3.338 -1 -3.48 -1 381
-3.409 -1 -3.3 -1 -3.412 -1 -3.496 -1 266
-3.454 -1 -3.36 -1 -3.484 -1 -3.48 -1 341
-3.482 -1 -3.364 -1 -3.378 -1 -3.412 -1 145
-3.395 -1 -3.254 -1 -3.278 -1 -3.454 -2 74
-3.366 -1 -3.268 -1 -3.282 -1 -3.41 -1 51
-3.346 -1 -3.168 -1 -3.298 -1 -3.384 -1 151
-3.341 -1 -3.25 -1 -3.364 -1 -3.456 -1 273
-3.41 -1 -3.292 -1 -3.364 -1 -3.484 -1 281
-3.424 -1 -3.308 -1 -3.31 -1 -3.47 -1 23
-3.39 -1 -3.316 -1 -3.364 -1 -3.466 -1 49
-3.415 -1 -3.296 -1 -3.46 -1 -3.556 -1 373
-3.508 -1 -3.354 -1 -3.394 -1 -3.466 -2 305
-3.43 -1 -3.292 -1 -3.374 -1 -3.48 -1 332
-3.427 -1 -3.356 -1 -3.51 -1 -3.55 -1 388
-3.53 -1 -3.41 -2 -3.428 -1 -3.522 -1 159
-3.475 -1 -3.382 -1 -3.4 -1 -3.53 -1 86
-3.465 -1 -3.33 -1 -3.382 -1 -3.464 -1 102
-3.423 -1 -3.28 -1 -3.358 -1 -3.508 -1 266
-3.433 -1 -3.374 -1 -3.368 -1 -3.458 -1 151
-3.413 -1 -3.27 -1 -3.328 -1 -3.418 -1 151
-3.373 -1 -3.206 -1 -3.3 -1 -3.384 -1 149
-3.342 -1 -3.23 -1 -3.272 -1 -3.48 -2 86
-3.376 -1 -3.264 -1 -3.336 -1 -3.424 -2 337
-3.38 -1 -3.23 -1 -3.388 -1 -3.392 -1 278
-3.39 -1 -3.24 -1 -3.282 -1 -3.436 -1 209
-3.359 -1 -3.23 -1 -3.272 -1 -3.402 -1 44
-3.337 -1 -3.184 -1 -3.23 -1 -3.428 -1 148
-3.329 -1 -3.23 -1 -3.316 -1 -3.48 -1 209
-3.398 -1 -3.298 -1 -3.392 -1 -3.438 -1 397
-3.415 -1 -3.242 -1 -3.388 -1 -3.538 -1 366
-3.463 -1 -3.344 -1 -3.334 -1 -3.41 -1 54
-3.372 -1 -3.218 -1 -3.328 -1 -3.432 -1 206
-3.38 -1 -3.26 -1 -3.374 -1 -3.398 -1 327
-3.386 -1 -3.244 -1 -3.404 -2 -3.516 -2 384
-3.46 -2 -3.34 -2 -3.482 -2 -3.51 -1 320
-3.496 -1 -3.408 -1 -3.418 -1 -3.47 -1 220
-3.444 -1 -3.316 -1 -3.364 -1 -3.478 -1 109
-3.421 -1 -3.338 -1 -3.486 -1 -3.444 -1 399
-3.465 -1 -3.358 -2 -3.412 -2 -3.514 -2 159
-3.463 -2 -3.286 -2 -3.386 -2 -3.404 -1 378
-3.395 -1 -3.274 -1 -3.396 -1 -3.464 -1 321
-3.43 -1 -3.302 -1 -3.33 -1 -3.5 -1 157
-3.415 -1 -3.322 -1 -3.444 -1 -3.49 -1 390
-3.467 -1 -3.348 -1 -3.422 -1 -3.464 -2 277
-3.443 -1 -3.292 -1 -3.34 -1 -3.442 -1 246
-3.391 -1 -3.27 -1 -3.308 -1 -3.448 -1 170
-3.378 -1 -3.258 -1 -3.282 -1 -3.496 -1 21
-3.389 -1 -3.252 -1 -3.268 -1 -3.404 -1 34
-3.336 -1 -3.14 -1 -3.37 -1 -3.46 -1 344
-3.415 -1 -3.328 -1 -3.426 -1 -3.546 -1 175
-3.486 -1 -3.346 -1 -3.358 -1 -3.446 -2 60
-3.402 -1 -3.304 -1 -3.418 -2 -3.524 -1 328
-3.471 -1 -3.402 -1 -3.476 -1 -3.554 -1 273
-3.515 -1 -3.378 -1 -3.372 -1 -3.448 -1 78
-3.41 -1 -3.31 -1 -3.374 -1 -3.556 -1 262
-3.465 -1 -3.324 -1 -3.424 -1 -3.566 -2 198
-3.495 -1 -3.396 -1 -3.442 -2 -3.488 -1 303
-3.465 -1 -3.356 -2 -3.368 -2 -3.514 -2 29
-3.441 -2 -3.348 -2 -3.486 -2 -3.494 -1 312
-3.49 -1 -3.38 -1 -3.414 -1 -3.46 -1 158
-3.437 -1 -3.294 -1 -3.336 -2 -3.414 -1 147
-3.375 -1 -3.222 -1 -3.372 -1 -3.444 -1 275
-3.408 -1 -3.29 -1 -3.294 -1 -3.408 -1 38
-3.351 -1 -3.212 -1 -3.23 -1 -3.408 -1 54
-3.319 -1 -3.184 -1 -3.394 -1 -3.466 -1 399
-3.43 -1 -3.318 -1 -3.35 -1 -3.416 -1 86
-3.383 -1 -3.298 -1 -3.344 -1 -3.392 -1 97
-3.368 -1 -3.28 -1 -3.304 -1 -3.388 -1 50
-3.346 -1 -3.202 -1 -3.368 -1 -3.484 -1 335
-3.426 -1 -3.32 -1 -3.364 -1 -3.556 -1 149
-3.46 -1 -3.316 -1 -3.356 -1 -3.398 -1 133
-3.377 -1 -3.234 -1 -3.28 -1 -3.434 -1 96
-3.357 -1 -3.228 -1 -3.374 -1 -3.41 -1 135
-3.392 -1 -3.282 -1 -3.348 -1 -3.47 -1 164
-3.409 -1 -3.312 -1 -3.344 -1 -3.43 -1 106
-3.387 -1 -3.28 -1 -3.372 -1 -3.44 -1 128
-3.406 -1 -3.238 -1 -3.31 -1 -3.372 -1 189
-3.341 -1 -3.192 -1 -3.298 -1 -3.412 -1 187
-3.355 -1 -3.284 -1 -3.39 -1 -3.42 -1 302
-3.405 -1 -3.268 -1 -3.352 -1 -3.392 -1 201
-3.372 -1 -3.246 -1 -3.296 -1 -3.44 -1 176
-3.368 -1 -3.254 -1 -3.268 -1 -3.368 -1 47
-3.318 -1 -3.196 -1 -3.21 -1 -3.364 -1 113
-3.287 -1 -3.182 -1 -3.25 -1 -3.352 -2 193
-3.301 -1 -3.174 -1 -3.24 -1 -3.368 -1 344
-3.304 -1 -3.156 -1 -3.162 -1 -3.31 -1 7
-3.236 -1 -3.122 -1 -3.276 -1 -3.436 -2 387
-3.356 -1 -3.226 -1 -3.314 -1 -3.404 -1 231
-3.359 -1 -3.236 -1 -3.374 -1 -3.542 -1 329
-3.458 -1 -3.31 -1 -3.368 -1 -3.422 -1 229
-3.395 -1 -3.304 -1 -3.366 -1 -3.46 -1 254
-3.413 -1 -3.332 -1 -3.366 -1 -3.538 -1 82
-3.452 -1 -3.324 -1 -3.456 -1 -3.488 -2 256
-3.472 -1 -3.35 -1 -3.408 -1 -3.536 -1 176
-3.472 -1 -3.354 -2 -3.39 -2 -3.468 -1 178
-3.429 -1 -3.304 -1 -3.368 -1 -3.43 -1 203
-3.399 -1 -3.296 -1 -3.31 -1 -3.422 -1 46
-3.366 -1 -3.2 -1 -3.32 -1 -3.426 -1 187
-3.373 -1 -3.198 -1 -3.33 -1 -3.37 -1 339
-3.35 -1 -3.204 -1 -3.222 -1 -3.424 -2 80
-3.323 -1 -3.202 -1 -3.244 -1 -3.452 -1 177
-3.348 -1 -3.274 -1 -3.294 -1 -3.418 -1 130
-3.356 -1 -3.18 -1 -3.344 -1 -3.418 -1 385
-3.381 -1 -3.25 -1 -3.268 -1 -3.424 -1 174
-3.346 -1 -3.246 -1 -3.338 -1 -3.374 -2 110
-3.356 -1 -3.234 -1 -3.254 -1 -3.438 -1 22
-3.346 -1 -3.208 -1 -3.264 -1 -3.366 -1 133
-3.315 -1 -3.142 -1 -3.178 -1 -3.42 -1 31
-3.299 -1 -3.132 -1 -3.19 -1 -3.352 -1 121
-3.271 -1 -3.092 -1 -3.294 -1 -3.452 -1 313
-3.373 -1 -3.298 -1 -3.426 -1 -3.522 -1 289
-3.474 -1 -3.346 -1 -3.46 -1 -3.62 -2 336
-3.54 -1 -3.372 -1 -3.506 -1 -3.508 -1 225
-3.507 -1 -3.342 -1 -3.49 -1 -3.582 -2 347
-3.536 -1 -3.448 -1 -3.454 -1 -3.502 -1 7
-3.478 -1 -3.368 -1 -3.396 -1 -3.526 -1 99
-3.461 -1 -3.334 -1 -3.448 -1 -3.568 -1 360
-3.508 -1 -3.32 -1 -3.488 -2 -3.524 -1 349
-3.506 -1 -3.394 -1 -3.414 -1 -3.542 -1 43
-3.478 -1 -3.348 -1 -3.366 -1 -3.49 -2 14
-3.428 -1 -3.306 -1 -3.318 -1 -3.424 -1 63
-3.371 -1 -3.252 -1 -3.346 -1 -3.422 -1 201
-3.384 -1 -3.274 -1 -3.402 -1 -3.526 -2 224
-3.464 -1 -3.344 -1 -3.352 -1 -3.462 -1 81
-3.407 -1 -3.296 -1 -3.304 -1 -3.392 -2 46
-3.348 -1 -3.192 -1 -3.332 -1 -3.42 -1 392
-3.376 -1 -3.254 -1 -3.25 -1 -3.378 -1 43
-3.314 -1 -3.186 -1 -3.25 -1 -3.4 -1 226
-3.325 -1 -3.158 -1 -3.278 -1 -3.476 -1 237
-3.377 -1 -3.286 -1 -3.49 -1 -3.482 -1 389
-3.486 -1 -3.386 -1 -3.384 -1 -3.466 -1 8
-3.425 -1 -3.286 -1 -3.308 -1 -3.316 -1 56
-3.312 -1 -3.168 -1 -3.214 -1 -3.384 -1 99
-3.299 -1 -3.14 -1 -3.274 -1 -3.414 -1 233
-3.344 -1 -3.226 -1 -3.396 -1 -3.458 -1 268
-3.427 -1 -3.326 -1 -3.42 -1 -3.538 -2 233
-3.479 -1 -3.376 -2 -3.474 -2 -3.53 -2 261
-3.502 -2 -3.408 -2 -3.434 -2 -3.552 -1 89
-3.493 -1 -3.374 -1 -3.458 -1 -3.512 -2 328
-3.485 -1 -3.368 -1 -3.446 -1 -3.602 -2 212
-3.524 -1 -3.404 -1 -3.462 -1 -3.538 -1 99
-3.5 -1 -3.436 -1 -3.486 -1 -3.58 -1 304
-3.533 -1 -3.382 -1 -3.38 -1 -3.496 -1 11
-3.438 -1 -3.266 -1 -3.282 -1 -3.464 -1 39
-3.373 -1 -3.266 -1 -3.352 -1 -3.508 -1 178
-3.43 -1 -3.286 -1 -3.302 -1 -3.456 -1 16
-3.379 -1 -3.188 -1 -3.242 -1 -3.464 -1 162
-3.353 -1 -3.25 -1 -3.256 -1 -3.37 -1 67
-3.313 -1 -3.146 -1 -3.216 -1 -3.348 -1 92
-3.282 -1 -3.146 -1 -3.302 -1 -3.502 -1 387
-3.402 -1 -3.248 -1 -3.248 -1 -3.436 -1 0
-3.342 -1 -3.216 -1 -3.314 -1 -3.466 -1 289
-3.39 -1 -3.28 -1 -3.342 -1 -3.366 -1 289
-3.354 -1 -3.25 -1 -3.348 -1 -3.454 -1 98
-3.401 -1 -3.302 -1 -3.296 -1 -3.45 -1 97
-3.373 -1 -3.27 -1 -3.37 -1 -3.43 -1 369
-3.4 -1 -3.278 -1 -3.318 -1 -3.468 -1 117
-3.393 -1 -3.336 -1 -3.398 -1 -3.492 -1 359
-3.445 -1 -3.31 -1 -3.342 -2 -3.448 -1 52
-3.395 -1 -3.228 -1 -3.242 -1 -3.384 -1 47
-3.313 -1 -3.128 -1 -3.306 -1 -3.448 -1 335
-3.377 -1 -3.198 -1 -3.302 -1 -3.37 -1 352
-3.336 -1 -3.238 -1 -3.35 -1 -3.448 -1 383
-3.399 -1 -3.248 -1 -3.35 -1 -3.442 -1 220
-3.396 -1 -3.268 -1 -3.338 -1 -3.446 -1 213
-3.392 -1 -3.21 -1 -3.254 -1 -3.366 -1 270
-3.31 -1 -3.196 -1 -3.222 -1 -3.352 -1 16
-3.287 -1 -3.136 -1 -3.28 -1 -3.432 -1 303
-3.356 -1 -3.252 -1 -3.394 -1 -3.538 -2 173
-3.466 -1 -3.336 -1 -3.454 -1 -3.472 -1 201
-3.463 -1 -3.32 -1 -3.404 -1 -3.482 -1 125
-3.443 -1 -3.32 -1 -3.422 -1 -3.502 -1 395
-3.462 -1 -3.312 -1 -3.362 -1 -3.472 -1 127
-3.417 -1 -3.338 -1 -3.424 -1 -3.52 -1 145
-3.472 -1 -3.342 -1 -3.352 -1 -3.42 -1 6
-3.386 -1 -3.27 -1 -3.272 -1 -3.412 -1 38
-3.342 -1 -3.266 -1 -3.408 -1 -3.448 -1 385
-3.428 -1 -3.346 -1 -3.348 -1 -3.446 -2 2
-3.397 -1 -3.28 -1 -3.28 -1 -3.38 -2 1
-3.33 -1 -3.222 -1 -3.334 -1 -3.424 -2 277
-3.379 -1 -3.264 -2 -3.404 -1 -3.426 -1 303
-3.415 -1 -3.258 -1 -3.26 -1 -3.36 -1 9
-3.31 -1 -3.16 -1 -3.216 -1 -3.314 -2 164
-3.265 -1 -3.114 -1 -3.176 -2 -3.364 -1 122
-3.27 -1 -3.142 -1 -3.278 -1 -3.47 -1 309
-3.374 -1 -3.276 -1 -3.304 -1 -3.43 -1 101
-3.367 -1 -3.204 -1 -3.306 -1 -3.456 -1 260
-3.381 -1 -3.262 -1 -3.296 -1 -3.452 -1 79
-3.374 -1 -3.266 -1 -3.358 -1 -3.462 -1 327
-3.41 -1 -3.26 -1 -3.332 -1 -3.434 -1 124
-3.383 -1 -3.252 -1 -3.274 -1 -3.404 -1 120
-3.339 -1 -3.24 -1 -3.252 -1 -3.484 -1 18
-3.368 -1 -3.248 -1 -3.36 -1 -3.44 -1 314
-3.4 -1 -3.252 -1 -3.258 -1 -3.432 -1 112
-3.345 -1 -3.226 -1 -3.374 -1 -3.488 -1 357
-3.431 -1 -3.268 -1 -3.41 -1 -3.522 -2 374
-3.466 -1 -3.39 -1 -3.436 -1 -3.454 -1 352
-3.445 -1 -3.324 -1 -3.396 -1 -3.468 -2 252
-3.432 -1 -3.308 -1 -3.352 -1 -3.452 -1 88
-3.402 -1 -3.306 -1 -3.386 -1 -3.46 -1 230
-3.423 -1 -3.298 -1 -3.406 -1 -3.466 -1 389
-3.436 -1 -3.256 -1 -3.344 -1 -3.526 -1 186
-3.435 -1 -3.34 -1 -3.392 -1 -3.546 -1 381
-3.469 -1 -3.38 -1 -3.43 -1 -3.506 -1 286
-3.468 -1 -3.322 -1 -3.412 -1 -3.488 -1 284
-3.45 -1 -3.266 -1 -3.316 -1 -3.49 -1 129
-3.403 -1 -3.262 -1 -3.26 -1 -3.416 -2 4
-3.338 -1 -3.202 -1 -3.37 -1 -3.37 -1 287
-3.37 -1 -3.268 -1 -3.31 -1 -3.468 -1 201
-3.389 -1 -3.268 -1 -3.324 -1 -3.488 -1 221
-3.406 -1 -3.26 -1 -3.318 -1 -3.462 -2 149
-3.39 -1 -3.276 -1 -3.374 -1 -3.458 -1 107
-3.416 -1 -3.292 -1 -3.39 -1 -3.45 -1 258
-3.42 -1 -3.296 -1 -3.358 -1 -3.526 -2 69
-3.442 -1 -3.302 -1 -3.292 -1 -3.404 -2 149
-3.348 -1 -3.21 -1 -3.24 -1 -3.45 -1 107
-3.345 -1 -3.212 -1 -3.336 -1 -3.398 -1 181
-3.367 -1 -3.258 -1 -3.372 -1 -3.472 -2 227
-3.422 -1 -3.242 -1 -3.332 -1 -3.382 -1 124
-3.357 -1 -3.25 -1 -3.242 -1 -3.308 -1 17
-3.275 -1 -3.212 -1 -3.29 -1 -3.386 -1 188
-3.338 -1 -3.156 -1 -3.33 -1 -3.394 -1 326
-3.362 -1 -3.264 -1 -3.292 -1 -3.398 -2 236
-3.345 -1 -3.226 -1 -3.344 -1 -3.476 -1 253
-3.41 -1 -3.292 -1 -3.308 -1 -3.428 -1 91
-3.368 -1 -3.23 -1 -3.228 -1 -3.402 -1 3
-3.315 -1 -3.232 -1 -3.368 -1 -3.574 -1 288
-3.471 -1 -3.36 -1 -3.422 -1 -3.532 -1 276
-3.477 -1 -3.326 -1 -3.434 -1 -3.53 -1 376
-3.482 -1 -3.35 -1 -3.384 -1 -3.476 -1 56
-3.43 -1 -3.272 -1 -3.356 -1 -3.458 -1 192
-3.407 -1 -3.316 -1 -3.348 -1 -3.482 -1 154
-3.415 -1 -3.242 -1 -3.328 -1 -3.428 -1 118
-3.378 -1 -3.222 -1 -3.228 -1 -3.33 -1 15
-3.279 -1 -3.164 -1 -3.35 -1 -3.408 -1 333
-3.379 -1 -3.304 -1 -3.392 -1 -3.598 -1 356
-3.495 -1 -3.366 -1 -3.478 -1 -3.502 -1 350
-3.49 -1 -3.336 -1 -3.404 -1 -3.498 -1 116
-3.451 -1 -3.344 -1 -3.36 -1 -3.408 -1 191
-3.384 -1 -3.26 -1 -3.334 -1 -3.478 -1 205
-3.406 -1 -3.272 -1 -3.32 -1 -3.454 -1 192
-3.387 -1 -3.284 -1 -3.36 -1 -3.44 -1 105
-3.4 -1 -3.216 -1 -3.288 -1 -3.448 -1 174
-3.368 -1 -3.246 -1 -3.338 -1 -3.556 -1 314
-3.447 -1 -3.36 -1 -3.428 -1 -3.54 -1 301
-3.484 -1 -3.376 -1 -3.396 -1 -3.494 -1 143
-3.445 -1 -3.266 -1 -3.43 -1 -3.54 -1 356
-3.485 -1 -3.324 -1 -3.486 -1 -3.512 -1 386
-3.499 -1 -3.378 -1 -3.402 -1 -3.498 -2 282
-3.45 -1 -3.312 -1 -3.406 -1 -3.438 -2 270
-3.422 -1 -3.252 -1 -3.292 -1 -3.436 -1 106
-3.364 -1 -3.228 -1 -3.248 -1 -3.45 -1 76
-3.349 -1 -3.178 -1 -3.21 -1 -3.342 -1 81
-3.276 -1 -3.176 -1 -3.288 -1 -3.46 -1 202
-3.374 -1 -3.278 -1 -3.35 -2 -3.504 -1 210
-3.427 -1 -3.32 -2 -3.362 -1 -3.44 -2 198
-3.401 -1 -3.272 -2 -3.292 -2 -3.41 -2 140
-3.351 -2 -3.244 -2 -3.31 -2 -3.462 -2 126
-3.386 -2 -3.236 -2 -3.392 -2 -3.432 -1 240
-3.412 -1 -3.298 -2 -3.292 -2 -3.454 -1 106
-3.373 -1 -3.266 -1 -3.332 -2 -3.47 -1 133
-3.401 -1 -3.296 -1 -3.43 -1 -3.494 -2 274
-3.462 -1 -3.294 -1 -3.314 -1 -3.516 -1 57
-3.415 -1 -3.274 -1 -3.346 -1 -3.458 -1 118
-3.402 -1 -3.288 -1 -3.4 -1 -3.564 -1 295
-3.482 -1 -3.358 -1 -3.456 -1 -3.566 -2 371
-3.511 -1 -3.384 -1 -3.374 -1 -3.446 -1 40
-3.41 -1 -3.22 -1 -3.35 -1 -3.418 -1 281
-3.384 -1 -3.284 -1 -3.476 -1 -3.496 -1 299
-3.486 -1 -3.318 -1 -3.432 -1 -3.492 -1 211
-3.462 -1 -3.334 -1 -3.422 -1 -3.524 -2 259
-3.473 -1 -3.332 -1 -3.38 -1 -3.486 -1 111
-3.433 -1 -3.328 -1 -3.456 -2 -3.48 -1 398
-3.468 -1 -3.344 -2 -3.448 -2 -3.57 -1 295
-3.509 -1 -3.34 -1 -3.39 -1 -3.498 -1 155
-3.444 -1 -3.324 -1 -3.37 -1 -3.466 -1 87
-3.418 -1 -3.31 -1 -3.328 -1 -3.462 -1 97
-3.395 -1 -3.326 -1 -3.38 -1 -3.534 -1 121
-3.457 -1 -3.346 -1 -3.37 -1 -3.508 -2 214
-3.439 -1 -3.278 -1 -3.348 -1 -3.486 -1 120
-3.417 -1 -3.258 -1 -3.348 -1 -3.506 -1 196
-3.427 -1 -3.342 -1 -3.438 -2 -3.54 -1 350
-3.489 -1 -3.346 -1 -3.39 -1 -3.488 -1 336
-3.439 -1 -3.32 -1 -3.346 -1 -3.468 -1 147
-3.407 -1 -3.296 -1 -3.37 -1 -3.492 -1 193
-3.431 -1 -3.274 -1 -3.364 -1 -3.5 -1 334
-3.432 -1 -3.366 -1 -3.372 -1 -3.484 -1 4
-3.428 -1 -3.276 -1 -3.28 -1 -3.452 -1 9
-3.366 -1 -3.234 -1 -3.396 -1 -3.506 -1 378
-3.451 -1 -3.286 -1 -3.332 -1 -3.434 -1 99
-3.383 -1 -3.31 -1 -3.4 -1 -3.514 -1 256
-3.457 -1 -3.316 -2 -3.38 -1 -3.454 -1 190
-3.417 -1 -3.316 -1 -3.286 -1 -3.456 -2 31
-3.371 -1 -3.23 -1 -3.31 -1 -3.448 -2 217
-3.379 -1 -3.214 -1 -3.216 -1 -3.352 -1 5
-3.284 -1 -3.146 -1 -3.23 -1 -3.404 -1 167
-3.317 -1 -3.198 -1 -3.284 -1 -3.398 -1 184
-3.341 -1 -3.208 -1 -3.308 -1 -3.45 -1 301
-3.379 -1 -3.28 -1 -3.322 -1 -3.45 -1 108
-3.386 -1 -3.238 -1 -3.378 -1 -3.508 -1 311
-3.443 -1 -3.324 -1 -3.452 -1 -3.544 -1 322
-3.498 -1 -3.346 -1 -3.402 -1 -3.494 -2 175
-3.448 -1 -3.296 -1 -3.398 -1 -3.532 -2 320
-3.465 -1 -3.388 -2 -3.496 -2 -3.53 -2 289
-3.513 -2 -3.37 -2 -3.464 -1 -3.534 -2 384
-3.499 -1 -3.332 -1 -3.356 -1 -3.508 -1 74
-3.432 -1 -3.282 -1 -3.304 -1 -3.45 -1 37
-3.377 -1 -3.24 -1 -3.274 -1 -3.39 -1 111
-3.332 -1 -3.216 -1 -3.294 -1 -3.452 -1 317
-3.373 -1 -3.236 -1 -3.27 -1 -3.41 -2 105
-3.34 -1 -3.216 -1 -3.318 -1 -3.448 -1 223
-3.383 -1 -3.242 -1 -3.404 -1 -3.522 -1 318
-3.463 -1 -3.354 -1 -3.4 -1 -3.516 -1 395
-3.458 -1 -3.302 -1 -3.354 -1 -3.538 -1 319
-3.446 -1 -3.296 -1 -3.314 -1 -3.502 -1 46
-3.408 -1 -3.298 -1 -3.364 -1 -3.428 -1 192
-3.396 -1 -3.254 -1 -3.4 -2 -3.474 -1 396
-3.437 -1 -3.292 -1 -3.438 -2 -3.476 -1 338
-3.457 -1 -3.312 -1 -3.298 -1 -3.38 -1 32
-3.339 -1 -3.176 -1 -3.29 -1 -3.464 -1 254
-3.377 -1 -3.236 -1 -3.292 -1 -3.408 -1 181
-3.35 -1 -3.162 -1 -3.236 -1 -3.328 -1 146
-3.282 -1 -3.092 -1 -3.202 -1 -3.392 -1 167
-3.297 -1 -3.194 -1 -3.174 -1 -3.294 -1 37
-3.234 -1 -3.094 -1 -3.228 -1 -3.38 -1 174
-3.304 -1 -3.208 -1 -3.292 -1 -3.38 -1 292
-3.336 -1 -3.172 -1 -3.192 -1 -3.356 -1 52
-3.274 -1 -3.176 -1 -3.248 -1 -3.45 -1 160
-3.349 -1 -3.18 -1 -3.304 -1 -3.378 -1 294
-3.341 -1 -3.226 -1 -3.336 -1 -3.416 -1 133
-3.376 -1 -3.27 -1 -3.42 -1 -3.452 -2 332
-3.436 -1 -3.266 -1 -3.278 -1 -3.35 -1 10
-3.314 -1 -3.2 -1 -3.306 -1 -3.436 -2 139
-3.371 -1 -3.266 -2 -3.272 -2 -3.382 -1 222
-3.327 -1 -3.188 -1 -3.214 -1 -3.392 -2 58
-3.303 -1 -3.158 -1 -3.288 -1 -3.474 -2 199
-3.381 -1 -3.316 -1 -3.316 -1 -3.352 -1 64
-3.334 -1 -3.204 -1 -3.33 -1 -3.458 -1 322
-3.394 -1 -3.244 -1 -3.284 -1 -3.378 -1 87
-3.331 -1 -3.246 -1 -3.322 -1 -3.408 -1 170
-3.365 -1 -3.294 -1 -3.336 -1 -3.462 -1 75
-3.399 -1 -3.316 -1 -3.416 -1 -3.53 -1 170
-3.473 -1 -3.366 -1 -3.404 -1 -3.468 -1 384
-3.436 -1 -3.292 -1 -3.428 -1 -3.434 -1 375
-3.431 -1 -3.324 -1 -3.4 -1 -3.47 -1 215
-3.435 -1 -3.28 -1 -3.388 -1 -3.518 -2 256
-3.453 -1 -3.306 -1 -3.33 -2 -3.464 -1 56
-3.397 -1 -3.27 -1 -3.344 -1 -3.41 -1 259
-3.377 -1 -3.162 -1 -3.316 -1 -3.402 -2 271
-3.359 -1 -3.214 -1 -3.258 -1 -3.418 -1 71
-3.338 -1 -3.214 -1 -3.326 -1 -3.444 -1 232
-3.385 -1 -3.29 -1 -3.308 -1 -3.412 -1 74
-3.36 -1 -3.272 -1 -3.378 -1 -3.504 -1 209
-3.441 -1 -3.294 -1 -3.352 -1 -3.42 -1 368
-3.386 -1 -3.214 -1 -3.224 -1 -3.396 -1 11
-3.31 -1 -3.162 -1 -3.242 -1 -3.28 -1 189
-3.261 -1 -3.092 -1 -3.118 -1 -3.334 -1 24
-3.226 -1 -3.108 -1 -3.184 -1 -3.354 -1 58
-3.269 -1 -3.116 -1 -3.186 -1 -3.382 -1 102
-3.284 -1 -3.168 -1 -3.374 -1 -3.442 -1 364
-3.408 -1 -3.284 -1 -3.404 -1 -3.46 -1 346
-3.432 -1 -3.26 -1 -3.324 -1 -3.438 -1 165
-3.381 -1 -3.256 -1 -3.332 -1 -3.468 -2 192
-3.4 -1 -3.262 -1 -3.374 -1 -3.458 -2 264
-3.416 -1 -3.256 -1 -3.354 -1 -3.496 -2 131
-3.425 -1 -3.282 -1 -3.342 -1 -3.47 -2 200
-3.406 -1 -3.312 -1 -3.318 -1 -3.418 -1 22
-3.368 -1 -3.24 -1 -3.428 -1 -3.502 -1 388
-3.465 -1 -3.306 -1 -3.386 -1 -3.402 -1 230
-3.394 -1 -3.252 -1 -3.336 -1 -3.438 -1 236
-3.387 -1 -3.286 -1 -3.378 -1 -3.468 -1 257
-3.423 -1 -3.248 -1 -3.408 -1 -3.51 -2 349
-3.459 -1 -3.31 -1 -3.358 -2 -3.518 -1 85
-3.438 -1 -3.288 -2 -3.332 -1 -3.472 -1 99
-3.402 -1 -3.24 -1 -3.314 -2 -3.438 -1 143
-3.376 -1 -3.268 -1 -3.32 -2 -3.45 -1 90
-3.385 -1 -3.252 -1 -3.304 -1 -3.382 -1 97
-3.343 -1 -3.23 -1 -3.276 -1 -3.458 -1 160
-3.367 -1 -3.168 -1 -3.288 -1 -3.454 -1 234
-3.371 -1 -3.27 -1 -3.336 -1 -3.46 -1 300
-3.398 -1 -3.262 -1 -3.302 -1 -3.444 -1 121
-3.373 -1 -3.272 -1 -3.284 -1 -3.418 -1 66
-3.351 -1 -3.226 -1 -3.34 -1 -3.364 -2 222
-3.352 -1 -3.202 -1 -3.23 -1 -3.334 -2 48
-3.282 -1 -3.168 -1 -3.17 -1 -3.33 -1 9
-3.25 -1 -3.126 -1 -3.178 -2 -3.336 -2 50
-3.257 -2 -3.142 -2 -3.374 -2 -3.424 -1 370
-3.399 -1 -3.236 -1 -3.306 -1 -3.412 -1 147
-3.359 -1 -3.184 -1 -3.352 -1 -3.466 -2 324
-3.409 -1 -3.346 -1 -3.412 -1 -3.498 -1 259
-3.455 -1 -3.378 -1 -3.388 -1 -3.532 -1 108
-3.46 -1 -3.322 -1 -3.434 -1 -3.47 -1 374
-3.452 -1 -3.282 -1 -3.348 -1 -3.452 -2 138
-3.4 -1 -3.264 -1 -3.32 -1 -3.456 -1 122
-3.388 -1 -3.25 -1 -3.318 -1 -3.462 -1 227
-3.39 -1 -3.256 -1 -3.316 -1 -3.382 -1 193
-3.349 -1 -3.246 -1 -3.334 -1 -3.536 -1 302
-3.435 -1 -3.284 -1 -3.392 -1 -3.526 -1 205
-3.459 -1 -3.306 -1 -3.318 -1 -3.46 -1 64
-3.389 -1 -3.298 -1 -3.352 -1 -3.484 -2 140
-3.418 -1 -3.344 -1 -3.42 -2 -3.562 -1 289
-3.491 -1 -3.36 -1 -3.398 -1 -3.562 -2 115
-3.48 -1 -3.31 -2 -3.342 -1 -3.532 -1 226
-3.437 -1 -3.336 -1 -3.358 -1 -3.478 -1 375
-3.418 -1 -3.276 -1 -3.322 -1 -3.482 -1 126
-3.402 -1 -3.27 -1 -3.284 -1 -3.41 -1 26
-3.347 -1 -3.216 -1 -3.324 -1 -3.486 -1 273
-3.405 -1 -3.306 -1 -3.312 -1 -3.456 -1 32
-3.384 -1 -3.222 -1 -3.348 -1 -3.444 -1 312
-3.396 -1 -3.292 -1 -3.32 -1 -3.394 -1 68
-3.357 -1 -3.198 -1 -3.262 -1 -3.368 -1 98
-3.315 -1 -3.198 -1 -3.236 -1 -3.404 -1 90
-3.32 -1 -3.188 -1 -3.206 -1 -3.294 -1 34
-3.25 -1 -3.134 -1 -3.304 -1 -3.48 -1 307
-3.392 -1 -3.274 -1 -3.3 -1 -3.406 -1 142
-3.353 -1 -3.2 -1 -3.312 -1 -3.444 -1 365
-3.378 -1 -3.2 -1 -3.274 -1 -3.37 -1 156
-3.322 -1 -3.204 -1 -3.256 -1 -3.406 -2 140
-3.331 -1 -3.22 -1 -3.286 -1 -3.412 -1 137
-3.349 -1 -3.212 -1 -3.272 -1 -3.414 -2 120
-3.343 -1 -3.168 -1 -3.336 -1 -3.41 -1 257
-3.373 -1 -3.25 -1 -3.348 -1 -3.4 -1 281
-3.374 -1 -3.2 -1 -3.29 -1 -3.34 -2 264
-3.315 -1 -3.16 -1 -3.218 -1 -3.284 -1 117
-3.251 -1 -3.062 -1 -3.268 -1 -3.48 -2 340
-3.374 -1 -3.252 -1 -3.42 -1 -3.43 -1 292
-3.425 -1 -3.312 -1 -3.316 -1 -3.444 -1 152
-3.38 -1 -3.202 -1 -3.31 -1 -3.368 -1 184
-3.339 -1 -3.184 -1 -3.326 -1 -3.434 -1 238
-3.38 -1 -3.246 -1 -3.364 -1 -3.528 -1 194
-3.446 -1 -3.34 -1 -3.368 -1 -3.46 -1 377
-3.414 -1 -3.3 -1 -3.34 -1 -3.456 -1 191
-3.398 -1 -3.316 -1 -3.328 -1 -3.48 -1 101
-3.404 -1 -3.256 -1 -3.434 -1 -3.542 -1 331
-3.488 -1 -3.328 -1 -3.398 -1 -3.472 -1 258
-3.435 -1 -3.26 -1 -3.366 -1 -3.512 -1 213
-3.439 -1 -3.322 -1 -3.356 -1 -3.45 -1 104
-3.403 -1 -3.296 -1 -3.354 -1 -3.464 -1 183
-3.409 -1 -3.252 -1 -3.254 -1 -3.404 -1 15
-3.329 -1 -3.19 -1 -3.316 -1 -3.442 -1 358
-3.379 -1 -3.222 -1 -3.302 -1 -3.432 -1 219
-3.367 -1 -3.234 -1 -3.346 -1 -3.484 -1 259
-3.415 -1 -3.286 -1 -3.392 -1 -3.474 -1 262
-3.433 -1 -3.28 -1 -3.432 -1 -3.44 -1 363
-3.436 -1 -3.24 -1 -3.344 -1 -3.428 -1 192
-3.386 -1 -3.196 -1 -3.24 -1 -3.404 -2 44
-3.322 -1 -3.198 -1 -3.332 -1 -3.424 -1 352
-3.378 -1 -3.23 -1 -3.378 -1 -3.474 -1 289
-3.426 -1 -3.234 -1 -3.402 -1 -3.468 -1 385
-3.435 -1 -3.26 -1 -3.418 -1 -3.486 -1 383
-3.452 -1 -3.328 -1 -3.46 -1 -3.542 -1 313
-3.501 -1 -3.354 -1 -3.462 -1 -3.596 -1 365
-3.529 -1 -3.428 -1 -3.516 -1 -3.576 -1 305
-3.546 -1 -3.376 -1 -3.408 -1 -3.456 -2 64
-3.432 -1 -3.3 -1 -3.328 -1 -3.482 -2 180
-3.405 -1 -3.28 -1 -3.418 -2 -3.546 -1 357
-3.482 -1 -3.386 -2 -3.392 -1 -3.452 -2 171
-3.422 -1 -3.294 -1 -3.288 -1 -3.468 -1 46
-3.378 -1 -3.264 -1 -3.35 -1 -3.502 -1 167
-3.426 -1 -3.276 -1 -3.396 -1 -3.404 -1 220
-3.4 -1 -3.298 -1 -3.318 -1 -3.458 -2 24
-3.388 -1 -3.266 -1 -3.354 -1 -3.41 -1 187
-3.382 -1 -3.236 -1 -3.236 -1 -3.434 -1 11
-3.335 -1 -3.184 -1 -3.222 -1 -3.356 -1 82
-3.289 -1 -3.146 -1 -3.368 -1 -3.486 -1 395
-3.427 -1 -3.22 -1 -3.294 -1 -3.412 -1 298
-3.353 -1 -3.294 -1 -3.292 -1 -3.378 -1 113
-3.335 -1 -3.186 -1 -3.364 -1 -3.404 -1 278
-3.384 -1 -3.19 -1 -3.256 -1 -3.422 -1 64
-3.339 -1 -3.176 -1 -3.23 -1 -3.37 -1 93
-3.3 -1 -3.152 -1 -3.254 -1 -3.45 -1 392
-3.352 -1 -3.21 -1 -3.24 -1 -3.406 -1 63
-3.323 -1 -3.206 -1 -3.21 -1 -3.378 -1 37
-3.294 -1 -3.132 -1 -3.176 -1 -3.344 -1 127
-3.26 -1 -3.142 -1 -3.246 -1 -3.4 -1 265
-3.323 -1 -3.186 -1 -3.288 -1 -3.416 -1 323
-3.352 -1 -3.198 -1 -3.27 -1 -3.444 -1 247
-3.357 -1 -3.244 -1 -3.332 -1 -3.498 -2 389
-3.415 -1 -3.292 -1 -3.362 -1 -3.448 -2 197
-3.405 -1 -3.236 -1 -3.434 -2 -3.56 -1 391
-3.497 -1 -3.38 -1 -3.454 -1 -3.556 -1 105
-3.505 -1 -3.384 -1 -3.476 -1 -3.554 -1 303
-3.515 -1 -3.376 -1 -3.428 -1 -3.52 -2 87
-3.474 -1 -3.338 -1 -3.462 -2 -3.494 -2 267
-3.478 -2 -3.332 -2 -3.378 -2 -3.52 -1 266
-3.449 -1 -3.296 -1 -3.328 -2 -3.404 -1 263
-3.366 -1 -3.252 -2 -3.298 -2 -3.42 -2 371
-3.359 -2 -3.208 -2 -3.266 -2 -3.416 -1 170
-3.341 -1 -3.164 -1 -3.294 -1 -3.398 -1 398
-3.346 -1 -3.236 -1 -3.386 -2 -3.478 -1 233
-3.432 -1 -3.328 -1 -3.44 -2 -3.504 -1 399
-3.472 -1 -3.29 -1 -3.378 -1 -3.47 -2 313
-3.424 -1 -3.27 -1 -3.276 -1 -3.436 -1 120
-3.356 -1 -3.312 -1 -3.442 -1 -3.512 -1 270
-3.477 -1 -3.346 -1 -3.42 -1 -3.514 -2 262
-3.467 -1 -3.364 -1 -3.474 -1 -3.54 -1 399
-3.507 -1 -3.39 -1 -3.448 -1 -3.454 -2 239
-3.451 -1 -3.356 -1 -3.456 -1 -3.51 -1 393
-3.483 -1 -3.334 -1 -3.332 -1 -3.46 -1 3
-3.396 -1 -3.274 -1 -3.282 -1 -3.458 -1 26
-3.37 -1 -3.25 -1 -3.378 -1 -3.462 -1 333
-3.42 -1 -3.282 -1 -3.336 -1 -3.426 -2 121
-3.381 -1 -3.224 -1 -3.258 -1 -3.402 -1 98
-3.33 -1 -3.196 -1 -3.334 -1 -3.468 -1 373
-3.401 -1 -3.232 -1 -3.346 -1 -3.482 -2 252
-3.414 -1 -3.28 -1 -3.308 -1 -3.408 -1 118
-3.358 -1 -3.224 -1 -3.298 -1 -3.53 -1 134
-3.414 -1 -3.22 -1 -3.296 -1 -3.486 -2 271
-3.391 -1 -3.258 -1 -3.294 -1 -3.46 -1 122
-3.377 -1 -3.232 -1 -3.254 -1 -3.426 -2 49
-3.34 -1 -3.198 -1 -3.284 -1 -3.414 -1 148
-3.349 -1 -3.182 -1 -3.328 -1 -3.478 -1 345
-3.403 -1 -3.262 -1 -3.412 -1 -3.538 -1 330
-3.475 -1 -3.258 -1 -3.264 -1 -3.462 -1 18
-3.363 -1 -3.214 -1 -3.306 -1 -3.374 -1 208
-3.34 -1 -3.196 -1 -3.28 -1 -3.414 -1 296
-3.347 -1 -3.226 -1 -3.256 -1 -3.434 -1 87
-3.345 -1 -3.178 -1 -3.206 -1 -3.332 -1 54
-3.269 -1 -3.094 -1 -3.31 -1 -3.374 -1 360
-3.342 -1 -3.278 -1 -3.362 -1 -3.442 -1 283
-3.402 -1 -3.234 -1 -3.254 -1 -3.394 -1 51
-3.324 -1 -3.168 -1 -3.236 -1 -3.48 -2 141
-3.358 -1 -3.264 -1 -3.304 -1 -3.488 -1 82
-3.396 -1 -3.304 -1 -3.336 -1 -3.44 -1 87
-3.388 -1 -3.27 -1 -3.274 -1 -3.356 -1 2
-3.315 -1 -3.202 -1 -3.408 -1 -3.504 -1 320
-3.456 -1 -3.328 -1 -3.422 -1 -3.562 -2 236
-3.492 -1 -3.348 -1 -3.354 -1 -3.402 -1 88
-3.378 -1 -3.222 -1 -3.314 -1 -3.474 -1 160
-3.394 -1 -3.21 -1 -3.248 -1 -3.416 -1 145
-3.332 -1 -3.202 -1 -3.226 -1 -3.402 -1 18
-3.314 -1 -3.148 -1 -3.374 -1 -3.494 -1 375
-3.434 -1 -3.288 -1 -3.38 -1 -3.522 -1 272
-3.451 -1 -3.338 -1 -3.334 -1 -3.428 -1 4
-3.381 -1 -3.232 -1 -3.364 -1 -3.438 -1 232
-3.401 -1 -3.314 -1 -3.326 -1 -3.504 -1 37
-3.415 -1 -3.328 -1 -3.402 -1 -3.5 -1 111
-3.451 -1 -3.296 -1 -3.33 -1 -3.496 -1 133
-3.413 -1 -3.232 -1 -3.34 -1 -3.418 -2 225
-3.379 -1 -3.222 -1 -3.226 -1 -3.376 -2 63
-3.301 -1 -3.142 -1 -3.15 -1 -3.396 -1 9
-3.273 -1 -3.084 -1 -3.214 -1 -3.384 -1 317
-3.299 -1 -3.162 -1 -3.23 -1 -3.362 -1 76
-3.296 -1 -3.162 -1 -3.222 -1 -3.328 -1 142
-3.275 -1 -3.094 -1 -3.194 -1 -3.378 -1 182
-3.286 -1 -3.156 -1 -3.306 -1 -3.434 -2 394
-3.37 -1 -3.2 -1 -3.264 -1 -3.39 -1 197
-3.327 -1 -3.18 -1 -3.25 -1 -3.408 -2 351
-3.329 -1 -3.218 -1 -3.224 -1 -3.33 -1 39
-3.277 -1 -3.12 -1 -3.152 -1 -3.35 -1 117
-3.251 -1 -3.102 -1 -3.268 -1 -3.46 -1 279
-3.364 -1 -3.24 -1 -3.244 -1 -3.376 -1 93
-3.31 -1 -3.214 -1 -3.262 -1 -3.426 -1 91
-3.344 -1 -3.212 -1 -3.318 -1 -3.444 -1 201
-3.381 -1 -3.224 -1 -3.222 -1 -3.346 -1 31
-3.284 -1 -3.146 -1 -3.18 -1 -3.326 -1 53
-3.253 -1 -3.148 -1 -3.246 -1 -3.426 -1 197
-3.336 -1 -3.224 -1 -3.372 -1 -3.554 -1 377
-3.463 -1 -3.312 -1 -3.312 -1 -3.424 -1 9
-3.368 -1 -3.216 -1 -3.314 -1 -3.366 -1 213
-3.34 -1 -3.25 -1 -3.362 -1 -3.504 -1 282
-3.433 -1 -3.274 -1 -3.422 -1 -3.508 -1 219
-3.465 -1 -3.32 -1 -3.43 -1 -3.514 -1 392
-3.472 -1 -3.334 -1 -3.456 -1 -3.53 -1 362
-3.493 -1 -3.352 -1 -3.438 -1 -3.516 -2 367
-3.477 -1 -3.358 -1 -3.348 -1 -3.446 -1 47
-3.397 -1 -3.228 -1 -3.23 -1 -3.414 -1 16
-3.322 -1 -3.192 -1 -3.366 -1 -3.444 -1 301
-3.405 -1 -3.242 -1 -3.284 -1 -3.474 -1 98
-3.379 -1 -3.268 -1 -3.33 -1 -3.446 -1 158
-3.388 -1 -3.274 -1 -3.312 -1 -3.444 -1 79
-3.378 -1 -3.214 -1 -3.206 -1 -3.412 -1 17
-3.309 -1 -3.092 -1 -3.224 -1 -3.406 -1 326
-3.315 -1 -3.188 -1 -3.214 -1 -3.382 0 83
