6 1000 0.7 5 17 0 0 0 0
-3 -1 -2.612 -1 -2.718 -1 -2.872 -1 220
-2.795 -1 -2.462 -1 -2.594 -1 -2.812 -1 204
-2.703 -1 -2.368 -1 -2.384 -1 -2.644 -1 29
-2.514 -1 -2.188 -1 -2.482 -1 -2.71 -1 299
-2.596 -1 -2.238 -1 -2.436 -1 -2.728 -1 273
-2.582 -1 -2.292 -1 -2.354 -1 -2.61 -1 86
-2.482 -1 -2.144 -1 -2.418 -1 -2.754 -1 283
-2.586 -1 -2.24 -1 -2.294 -1 -2.632 -1 70
-2.463 -1 -2.154 -1 -2.182 -1 -2.594 -1 24
-2.388 -1 -2.092 -1 -2.302 -1 -2.578 -1 264
-2.44 -1 -2.066 -1 -2.228 -1 -2.556 -1 174
-2.392 -1 -2.01 -1 -2.224 -1 -2.562 -1 208
-2.393 -1 -2.03 -1 -2.068 -1 -2.518 -1 26
-2.293 -1 -1.95 -1 -2.044 -1 -2.418 -1 99
-2.231 -1 -1.894 -1 -2.072 -1 -2.476 -1 164
-2.274 -1 -1.91 -1 -2.18 -1 -2.532 -1 278
-2.356 -1 -2.018 -1 -2.236 -1 -2.604 0 220
