8 1000 0.8 9 13 0 0 0 0
-3.457 -1 -3.032 -1 -3.15 -1 -3.3 -1 285
-3.225 -1 -2.768 -1 -3.002 -1 -3.22 -1 292
-3.111 -1 -2.64 -1 -2.824 -1 -3.128 -1 196
-2.976 -1 -2.52 -1 -2.806 -1 -3.1 -1 289
-2.953 -1 -2.514 -1 -2.772 -1 -3.086 -1 295
-2.929 -1 -2.49 -1 -2.876 -1 -3.14 -1 371
-3.008 -1 -2.544 -1 -2.614 -1 -2.988 -1 67
-2.801 -1 -2.418 -1 -2.534 -1 -2.884 -1 93
-2.709 -1 -2.32 -1 -2.388 -1 -2.824 -1 67
-2.606 -1 -2.232 -1 -2.54 -1 -2.904 -1 254
-2.722 -1 -2.288 -1 -2.372 -1 -2.806 -1 68
-2.589 -1 -2.204 -1 -2.276 -1 -2.784 -1 60
-2.53 -1 -2.15 -1 -2.416 -1 -2.842 0 188
