6 1000 0.4 6 13 0 0 0 0
-3.045 -1 -2.64 -1 -2.696 -1 -2.888 -1 158
-2.792 -1 -2.412 -1 -2.466 -1 -2.742 -1 130
-2.604 -1 -2.25 -1 -2.266 -1 -2.672 -1 19
-2.469 -1 -2.134 -1 -2.18 -1 -2.594 -1 63
-2.387 -1 -2.068 -1 -2.142 -1 -2.504 -1 82
-2.323 -1 -1.98 -1 -2.002 -1 -2.458 -1 14
-2.23 -1 -1.848 -1 -2.076 -1 -2.52 -1 149
-2.298 -1 -1.892 -1 -2.006 -1 -2.49 -1 79
-2.248 -1 -1.91 -1 -2.076 -1 -2.502 -1 167
-2.289 -1 -1.95 -1 -1.97 -1 -2.458 -1 14
-2.214 -1 -1.878 -1 -2.084 -1 -2.516 -1 171
-2.3 -1 -1.922 -1 -2.094 -1 -2.574 -1 122
-2.334 -1 -1.966 -1 -2.004 -1 -2.392 0 27
