9 1000 0.7 4 99 0 0 0 0
-3.63 -1 -3.292 -1 -3.4 -1 -3.512 -1 211
-3.456 -1 -3.124 -1 -3.25 -1 -3.414 -1 269
-3.332 -1 -2.998 -1 -3.122 -1 -3.324 -1 130
-3.223 -1 -2.864 -1 -2.95 -1 -3.296 -1 133
-3.123 -1 -2.766 -1 -2.766 -1 -3.126 -1 0
-2.946 -1 -2.602 -1 -2.702 -1 -3.112 -1 74
-2.907 -1 -2.572 -1 -2.758 -1 -3.152 -1 165
-2.955 -1 -2.612 -1 -2.758 -1 -3.098 -1 110
-2.928 -1 -2.598 -1 -2.918 -1 -3.168 -1 303
-3.043 -1 -2.684 -1 -2.91 -1 -3.186 -1 223
-3.048 -1 -2.678 -1 -2.84 -1 -3.108 -1 175
-2.974 -1 -2.644 -1 -2.796 -1 -3.164 -2 140
-2.98 -1 -2.658 -1 -2.814 -1 -3.118 -1 112
-2.966 -1 -2.648 -1 -2.726 -1 -3.08 -1 113
-2.903 -1 -2.584 -1 -2.834 -1 -3.15 -1 214
-2.992 -1 -2.638 -1 -2.856 -1 -3.086 -1 176
-2.971 -1 -2.62 -1 -2.634 -1 -3.038 -1 18
-2.836 -1 -2.484 -1 -2.668 -1 -3.024 -1 169
-2.846 -1 -2.494 -1 -2.606 -1 -2.986 -1 89
-2.796 -1 -2.47 -1 -2.68 -1 -2.996 -1 171
-2.838 -1 -2.508 -1 -2.722 -1 -3.074 -1 207
-2.898 -1 -2.564 -1 -2.642 -1 -3.036 -1 48
-2.839 -1 -2.514 -1 -2.794 -1 -3.156 -1 203
-2.975 -1 -2.64 -1 -2.884 -1 -3.152 -1 232
-3.018 -1 -2.66 -1 -2.892 -1 -3.206 -1 232
-3.049 -1 -2.682 -1 -2.812 -1 -3.134 -1 147
-2.973 -1 -2.584 -1 -2.826 -1 -3.174 -1 246
-3 -1 -2.636 -1 -2.756 -1 -3.118 -1 112
-2.937 -1 -2.578 -1 -2.922 -1 -3.2 -1 289
-3.061 -1 -2.694 -1 -2.956 -1 -3.268 -1 260
-3.112 -1 -2.772 -1 -2.77 -1 -3.066 -1 1
-2.918 -1 -2.58 -1 -2.848 -1 -3.17 -1 222
-3.009 -1 -2.67 -1 -3.014 -1 -3.21 -1 331
-3.112 -1 -2.73 -1 -3.08 -1 -3.232 -1 262
-3.156 -1 -2.748 -1 -2.782 -1 -3.144 -1 26
-2.963 -1 -2.6 -1 -2.768 -1 -3.172 -1 157
-2.97 -1 -2.624 -1 -2.826 -1 -3.152 -1 189
-2.989 -1 -2.67 -1 -2.698 -1 -3.09 -1 19
-2.894 -1 -2.546 -1 -2.802 -1 -3.17 -1 168
-2.986 -1 -2.642 -1 -2.73 -1 -3.07 -1 78
-2.9 -1 -2.562 -1 -2.784 -1 -3.096 -1 180
-2.94 -1 -2.618 -1 -2.802 -1 -3.13 -1 138
-2.966 -1 -2.594 -1 -2.846 -1 -3.172 -1 245
-3.009 -1 -2.672 -1 -2.684 -1 -3.022 -1 12
-2.853 -1 -2.556 -1 -2.632 -1 -3.006 -1 58
-2.819 -1 -2.544 -1 -2.854 -1 -3.242 -1 241
-3.048 -1 -2.676 -1 -3.002 -1 -3.18 -1 310
-3.091 -1 -2.736 -1 -2.91 -1 -3.174 -1 167
-3.042 -1 -2.68 -1 -2.93 -1 -3.196 -1 249
-3.063 -1 -2.684 -1 -2.972 -1 -3.198 -1 321
-3.085 -1 -2.714 -1 -2.81 -1 -3.17 -1 113
-2.99 -1 -2.66 -1 -2.826 -1 -3.132 -1 155
-2.979 -1 -2.624 -1 -2.626 -1 -3.03 -1 1
-2.828 -1 -2.538 -1 -2.664 -1 -3.018 -1 92
-2.841 -1 -2.504 -1 -2.734 -1 -3.12 -1 253
-2.927 -1 -2.622 -1 -2.682 -1 -3.088 -2 67
-2.885 -1 -2.552 -1 -2.578 -1 -2.966 -1 25
-2.772 -1 -2.444 -1 -2.708 -1 -3.128 -1 231
-2.918 -1 -2.598 -1 -2.744 -1 -3.184 -1 122
-2.964 -1 -2.61 -1 -2.896 -1 -3.196 -1 267
-3.046 -1 -2.712 -1 -2.772 -1 -3.08 -1 93
-2.926 -1 -2.61 -1 -2.946 -1 -3.272 -1 343
-3.109 -1 -2.734 -1 -2.868 -1 -3.152 -1 133
-3.01 -1 -2.652 -1 -2.802 -1 -3.082 -1 175
-2.942 -1 -2.576 -1 -2.652 -1 -3.01 -1 91
-2.831 -1 -2.506 -1 -2.674 -1 -3.018 -1 135
-2.846 -1 -2.484 -1 -2.874 -1 -3.178 -1 292
-3.026 -1 -2.668 -1 -2.836 -1 -3.164 -1 132
-3 -1 -2.63 -1 -2.684 -1 -3.016 -1 61
-2.85 -1 -2.542 -1 -2.86 -1 -3.106 -1 256
-2.983 -1 -2.624 -1 -2.676 -1 -3.06 -1 43
-2.868 -1 -2.53 -1 -2.664 -1 -3.042 -1 104
-2.853 -1 -2.528 -1 -2.658 -1 -3.084 -1 116
-2.871 -1 -2.532 -1 -2.626 -1 -2.974 -1 88
-2.8 -1 -2.516 -1 -2.818 -1 -3.118 -1 222
-2.968 -1 -2.548 -1 -2.552 -1 -2.958 -1 3
-2.755 -1 -2.414 -1 -2.52 -1 -2.962 -1 117
-2.741 -1 -2.35 -1 -2.614 -1 -2.97 -1 162
-2.792 -1 -2.396 -1 -2.508 -1 -3 -1 90
-2.754 -1 -2.434 -1 -2.51 -1 -2.908 -1 57
-2.709 -1 -2.384 -1 -2.612 -1 -3.018 -1 173
-2.815 -1 -2.458 -1 -2.858 -1 -3.164 -1 336
-3.011 -1 -2.59 -1 -2.67 -1 -3.054 -1 88
-2.862 -1 -2.552 -1 -2.56 -1 -3.062 -1 3
-2.811 -1 -2.502 -1 -2.71 -1 -3.098 -1 139
-2.904 -1 -2.528 -1 -2.544 -1 -2.97 -1 8
-2.757 -1 -2.462 -1 -2.714 -1 -3.076 -1 214
-2.895 -1 -2.58 -1 -2.784 -1 -3.114 -1 179
-2.949 -1 -2.59 -1 -2.618 -1 -3.016 -1 18
-2.817 -1 -2.508 -1 -2.75 -1 -3.056 -1 216
-2.903 -1 -2.59 -1 -2.59 -1 -3.056 -1 0
-2.823 -1 -2.534 -1 -2.766 -1 -3.034 -1 179
-2.9 -1 -2.52 -1 -2.878 -1 -3.202 -1 291
-3.04 -1 -2.662 -1 -2.872 -1 -3.12 -1 157
-2.996 -1 -2.636 -1 -2.948 -1 -3.212 -1 316
-3.08 -1 -2.718 -1 -2.998 -1 -3.248 -1 300
-3.123 -1 -2.79 -1 -2.948 -1 -3.276 -1 212
-3.112 -1 -2.764 -1 -2.984 -1 -3.254 -1 263
-3.119 -1 -2.754 -1 -3.068 -1 -3.248 0 341
