6 1000 0.5 7 17 0 0 0 0
-2.979 -1 -2.564 -1 -2.576 -1 -2.858 -1 82
-2.717 -1 -2.324 -1 -2.428 -1 -2.736 -1 144
-2.582 -1 -2.208 -1 -2.458 -1 -2.726 -1 232
-2.592 -1 -2.18 -1 -2.2 -1 -2.614 -1 20
-2.407 -1 -2.056 -1 -2.154 -1 -2.564 -1 82
-2.359 -1 -2.02 -1 -2.23 -1 -2.624 -1 172
-2.427 -1 -2.05 -1 -2.144 -1 -2.516 -1 102
-2.33 -1 -1.942 -1 -2.124 -1 -2.526 -1 140
-2.325 -1 -1.956 -1 -2.134 -1 -2.512 -1 163
-2.323 -1 -1.96 -1 -2.144 -1 -2.548 -1 139
-2.346 -1 -1.986 -1 -2.224 -1 -2.566 -1 197
-2.395 -1 -2.006 -1 -2.048 -1 -2.484 -1 26
-2.266 -1 -1.928 -1 -2.046 -1 -2.466 -1 112
-2.256 -1 -1.884 -1 -1.98 -1 -2.49 -1 94
-2.235 -1 -1.884 -1 -2.052 -1 -2.45 -1 128
-2.251 -1 -1.888 -1 -2.03 -1 -2.426 -1 113
-2.228 -1 -1.872 -1 -1.886 -1 -2.44 0 10
