9 1000 0.3 1 666 0 0 0 0
-3.606 -1 -3.496 -1 -3.516 -1 -3.598 -2 41
-3.557 -1 -3.414 -1 -3.448 -1 -3.544 -1 105
-3.496 -1 -3.334 -1 -3.364 -1 -3.478 -1 63
-3.421 -1 -3.286 -1 -3.356 -1 -3.452 -1 143
-3.404 -1 -3.258 -1 -3.29 -1 -3.436 -1 145
-3.363 -1 -3.202 -1 -3.276 -1 -3.416 -1 135
-3.346 -1 -3.234 -1 -3.318 -1 -3.436 -1 111
-3.377 -1 -3.276 -1 -3.324 -1 -3.404 -2 135
-3.364 -1 -3.254 -1 -3.326 -1 -3.424 -1 118
-3.375 -1 -3.178 -1 -3.204 -1 -3.396 -1 85
-3.3 -1 -3.2 -1 -3.222 -1 -3.44 -1 22
-3.331 -1 -3.18 -1 -3.238 -1 -3.418 -1 129
-3.328 -1 -3.184 -1 -3.252 -1 -3.436 -1 144
-3.344 -1 -3.194 -1 -3.24 -1 -3.446 -1 116
-3.343 -1 -3.262 -1 -3.302 -1 -3.474 -1 36
-3.388 -1 -3.26 -1 -3.262 -1 -3.504 -1 137
-3.383 -1 -3.27 -1 -3.288 -1 -3.378 -1 82
-3.333 -1 -3.166 -1 -3.168 -1 -3.332 -1 7
-3.25 -1 -3.096 -1 -3.18 -1 -3.36 -1 101
-3.27 -1 -3.152 -1 -3.186 -1 -3.308 -1 48
-3.247 -1 -3.114 -1 -3.14 -1 -3.258 -1 116
-3.199 -1 -3.042 -1 -3.116 -1 -3.298 -1 111
-3.207 -1 -3.036 -1 -3.102 -1 -3.25 -1 73
-3.176 -1 -3 -1 -3.014 -1 -3.258 -1 34
-3.136 -1 -2.974 -1 -3.028 -1 -3.246 -1 56
-3.137 -1 -2.978 -1 -2.996 -1 -3.244 -1 13
-3.12 -1 -3.06 -1 -3.16 -1 -3.334 -1 100
-3.247 -1 -3.102 -1 -3.164 -1 -3.292 -1 118
-3.228 -1 -3.092 -1 -3.122 -1 -3.254 -1 31
-3.188 -1 -3.05 -1 -3.128 -1 -3.332 -1 138
-3.23 -1 -3.116 -1 -3.16 -1 -3.32 -1 46
-3.24 -1 -3.11 -1 -3.136 -1 -3.314 -2 49
-3.225 -1 -3.084 -1 -3.106 -1 -3.316 -1 41
-3.211 -1 -3.072 -1 -3.114 -1 -3.288 -1 106
-3.201 -1 -3.078 -1 -3.128 -1 -3.266 -1 49
-3.197 -1 -3.058 -1 -3.058 -1 -3.258 -1 4
-3.158 -1 -3.044 -1 -3.114 -1 -3.334 -2 76
-3.224 -1 -3.106 -1 -3.134 -1 -3.336 -1 99
-3.235 -1 -3.136 -1 -3.136 -1 -3.294 -1 9
-3.215 -1 -3.088 -1 -3.102 -1 -3.278 -1 9
-3.19 -1 -3.052 -1 -3.086 -1 -3.238 -1 30
-3.162 -1 -3.044 -1 -3.098 -1 -3.318 -1 72
-3.208 -1 -3.068 -1 -3.142 -1 -3.25 -1 103
-3.196 -1 -3.062 -1 -3.096 -1 -3.238 -1 99
-3.167 -1 -3.016 -1 -3.03 -1 -3.186 -1 24
-3.108 -1 -2.984 -1 -3.06 -1 -3.286 -1 141
-3.173 -1 -3.052 -1 -3.146 -1 -3.276 -1 115
-3.211 -1 -3.078 -1 -3.156 -1 -3.266 -1 63
-3.211 -1 -3.058 -1 -3.062 -1 -3.24 -1 6
-3.151 -1 -3.01 -1 -3.062 -1 -3.27 -1 92
-3.166 -1 -3.034 -1 -3.058 -1 -3.24 -1 21
-3.149 -1 -3.046 -1 -3.14 -1 -3.272 -1 148
-3.206 -1 -3.088 -1 -3.098 -1 -3.296 -1 49
-3.197 -1 -3.11 -1 -3.136 -1 -3.338 -1 33
-3.237 -1 -3.152 -1 -3.164 -1 -3.286 -1 11
-3.225 -1 -3.092 -1 -3.104 -1 -3.282 -2 37
-3.193 -1 -3.082 -1 -3.156 -1 -3.32 -2 138
-3.238 -1 -3.114 -1 -3.112 -1 -3.29 -1 41
-3.201 -1 -3.064 -1 -3.08 -1 -3.268 -1 24
-3.174 -1 -3.006 -1 -3.074 -1 -3.242 -1 120
-3.158 -1 -3.048 -1 -3.086 -1 -3.27 -1 45
-3.178 -1 -3.102 -1 -3.138 -1 -3.324 -1 83
-3.231 -1 -3.102 -1 -3.148 -1 -3.298 -1 72
-3.223 -1 -3.082 -1 -3.12 -1 -3.276 -1 109
-3.198 -1 -3.034 -1 -3.042 -1 -3.238 -1 71
-3.14 -1 -2.96 -1 -3.04 -1 -3.268 -1 94
-3.154 -1 -3.046 -1 -3.146 -1 -3.338 -1 136
-3.242 -1 -3.14 -1 -3.214 -1 -3.386 -1 149
-3.3 -1 -3.136 -1 -3.146 -1 -3.264 -1 7
-3.205 -1 -3.052 -1 -3.084 -1 -3.344 -1 25
-3.214 -1 -3.072 -1 -3.122 -1 -3.252 -1 79
-3.187 -1 -3.028 -1 -3.108 -1 -3.234 -1 90
-3.171 -1 -3.038 -1 -3.092 -1 -3.254 -1 76
-3.173 -1 -3.044 -1 -3.068 -1 -3.2 -1 32
-3.134 -1 -3.006 -1 -3.044 -1 -3.25 -1 49
-3.147 -1 -3.006 -1 -3.1 -1 -3.282 -1 107
-3.191 -1 -3.114 -1 -3.158 -1 -3.334 -1 103
-3.246 -1 -3.096 -1 -3.136 -1 -3.3 -1 44
-3.218 -1 -3.086 -1 -3.144 -1 -3.352 -1 90
-3.248 -1 -3.124 -1 -3.152 -1 -3.334 -2 47
-3.243 -1 -3.122 -1 -3.174 -1 -3.292 -1 83
-3.233 -1 -3.082 -1 -3.106 -1 -3.338 -1 49
-3.222 -1 -3.094 -1 -3.09 -1 -3.254 -1 33
-3.172 -1 -3.06 -1 -3.06 -1 -3.194 -1 0
-3.127 -1 -3.006 -1 -3.028 -1 -3.26 -1 28
-3.144 -1 -2.982 -1 -3.004 -1 -3.188 -1 62
-3.096 -1 -2.948 -1 -3.072 -1 -3.25 -1 138
-3.161 -1 -3.024 -1 -3.15 -1 -3.306 -1 139
-3.228 -1 -3.104 -1 -3.176 -1 -3.346 -1 84
-3.261 -1 -3.188 -1 -3.208 -1 -3.384 -1 35
-3.296 -1 -3.184 -1 -3.194 -1 -3.424 -1 41
-3.309 -1 -3.202 -1 -3.23 -1 -3.382 -1 99
-3.306 -1 -3.208 -1 -3.268 -1 -3.4 -1 134
-3.334 -1 -3.156 -1 -3.218 -1 -3.3 -1 91
-3.259 -1 -3.056 -1 -3.146 -1 -3.298 -2 104
-3.222 -1 -3.088 -1 -3.154 -1 -3.316 -1 131
-3.235 -1 -3.162 -1 -3.202 -1 -3.364 -1 99
-3.283 -1 -3.156 -1 -3.23 -1 -3.366 -2 148
-3.298 -1 -3.204 -1 -3.204 -1 -3.456 -1 6
-3.33 -1 -3.216 -1 -3.274 -1 -3.372 -1 136
-3.323 -1 -3.206 -1 -3.214 -1 -3.364 -1 80
-3.289 -1 -3.208 -1 -3.306 -1 -3.412 -1 105
-3.359 -1 -3.172 -1 -3.212 -1 -3.362 -1 59
-3.287 -1 -3.17 -1 -3.148 -1 -3.362 -1 103
-3.255 -1 -3.124 -1 -3.144 -1 -3.394 -1 18
-3.269 -1 -3.164 -1 -3.168 -1 -3.352 -1 2
-3.26 -1 -3.124 -1 -3.13 -1 -3.258 -1 4
-3.194 -1 -3.026 -1 -3.04 -1 -3.258 -1 11
-3.149 -1 -3.054 -1 -3.054 -1 -3.17 -1 3
-3.112 -1 -2.992 -1 -3.028 -1 -3.322 -2 54
-3.175 -1 -3.004 -1 -3.024 -1 -3.15 -1 36
-3.087 -1 -2.962 -1 -3.052 -1 -3.264 -1 117
-3.158 -1 -3.012 -1 -3.06 -1 -3.242 -1 83
-3.151 -1 -3.044 -1 -3.1 -1 -3.258 -1 114
-3.179 -1 -3.096 -1 -3.132 -1 -3.196 -1 49
-3.164 -1 -3.066 -1 -3.144 -1 -3.3 -1 123
-3.222 -1 -3.034 -1 -3.058 -1 -3.294 -1 68
-3.176 -1 -3.06 -1 -3.124 -1 -3.302 -1 130
-3.213 -1 -3.088 -1 -3.098 -1 -3.29 -1 13
-3.194 -1 -3.096 -1 -3.142 -1 -3.282 -1 36
-3.212 -1 -3.072 -1 -3.078 -1 -3.154 -1 5
-3.116 -1 -3.002 -1 -3.088 -1 -3.314 -1 124
-3.201 -1 -3.09 -1 -3.112 -1 -3.348 -2 52
-3.23 -1 -3.09 -1 -3.14 -1 -3.266 -1 91
-3.203 -1 -3.15 -1 -3.168 -1 -3.274 -1 21
-3.221 -1 -3.046 -1 -3.132 -1 -3.22 -1 88
-3.176 -1 -3.034 -1 -3.078 -1 -3.296 -1 68
-3.187 -1 -3.114 -1 -3.122 -1 -3.244 -1 11
-3.183 -1 -3.062 -1 -3.124 -1 -3.298 -1 93
-3.211 -1 -3.074 -1 -3.096 -1 -3.22 -1 96
-3.158 -1 -3.032 -1 -3.104 -1 -3.27 -1 108
-3.187 -1 -3.06 -1 -3.15 -1 -3.258 -1 107
-3.204 -1 -3.096 -1 -3.126 -1 -3.304 -1 66
-3.215 -1 -3.118 -1 -3.176 -1 -3.33 -1 95
-3.253 -1 -3.118 -1 -3.134 -1 -3.24 -1 41
-3.187 -1 -3.12 -1 -3.162 -1 -3.3 -1 68
-3.231 -1 -3.084 -1 -3.138 -1 -3.264 -1 60
-3.201 -1 -3.068 -1 -3.07 -1 -3.276 -1 13
-3.173 -1 -3.072 -1 -3.14 -1 -3.336 -1 83
-3.238 -1 -3.134 -1 -3.158 -1 -3.308 -1 37
-3.233 -1 -3.096 -1 -3.148 -1 -3.304 -1 64
-3.226 -1 -3.048 -1 -3.074 -1 -3.268 -1 105
-3.171 -1 -3.052 -1 -3.108 -1 -3.248 -1 95
-3.178 -1 -3.036 -1 -3.078 -1 -3.254 -1 83
-3.166 -1 -2.984 -1 -3.006 -1 -3.22 -1 51
-3.113 -1 -2.972 -1 -2.98 -1 -3.14 -1 15
-3.06 -1 -2.918 -1 -2.966 -1 -3.228 -1 54
-3.097 -1 -2.948 -1 -2.952 -1 -3.204 -1 7
-3.078 -1 -2.944 -1 -3.02 -1 -3.27 -1 136
-3.145 -1 -3.06 -1 -3.066 -1 -3.356 -1 10
-3.211 -1 -3.122 -1 -3.146 -1 -3.254 -1 23
-3.2 -1 -3.07 -1 -3.114 -1 -3.262 -1 56
-3.188 -1 -3.014 -1 -3.056 -1 -3.306 -1 66
-3.181 -1 -3.04 -1 -3.05 -1 -3.292 -1 35
-3.171 -1 -2.996 -1 -3.034 -1 -3.214 -1 82
-3.124 -1 -2.982 -1 -3.052 -1 -3.238 -1 80
-3.145 -1 -3.016 -1 -3.11 -1 -3.28 -1 127
-3.195 -1 -3.1 -1 -3.144 -1 -3.282 -1 91
-3.213 -1 -3.098 -1 -3.148 -1 -3.336 -1 79
-3.242 -1 -3.1 -1 -3.2 -1 -3.366 -1 136
-3.283 -1 -3.186 -1 -3.23 -1 -3.382 -1 109
-3.306 -1 -3.158 -1 -3.212 -1 -3.368 -1 90
-3.29 -1 -3.138 -1 -3.214 -1 -3.416 -1 144
-3.315 -1 -3.244 -1 -3.276 -1 -3.384 -1 128
-3.33 -1 -3.202 -1 -3.206 -1 -3.372 -1 36
-3.289 -1 -3.172 -1 -3.24 -2 -3.366 -1 100
-3.303 -1 -3.17 -1 -3.234 -1 -3.394 -1 134
-3.314 -1 -3.188 -1 -3.26 -1 -3.412 -1 119
-3.336 -1 -3.216 -1 -3.246 -1 -3.386 -1 112
-3.316 -1 -3.18 -1 -3.204 -1 -3.322 -1 45
-3.263 -1 -3.11 -1 -3.17 -1 -3.358 -1 92
-3.264 -1 -3.134 -1 -3.182 -1 -3.298 -1 111
-3.24 -1 -3.1 -1 -3.112 -1 -3.312 -1 16
-3.212 -1 -3.118 -1 -3.192 -1 -3.318 -1 109
-3.255 -1 -3.108 -1 -3.186 -1 -3.35 -1 142
-3.268 -1 -3.146 -1 -3.168 -1 -3.282 -2 70
-3.225 -1 -3.126 -1 -3.144 -1 -3.29 -1 51
-3.217 -1 -3.088 -1 -3.14 -1 -3.28 -1 42
-3.21 -1 -3.054 -1 -3.066 -1 -3.256 -1 24
-3.161 -1 -3.084 -1 -3.154 -1 -3.28 -1 142
-3.217 -1 -3.074 -1 -3.164 -1 -3.296 -1 106
-3.23 -1 -3.146 -1 -3.204 -1 -3.32 -1 88
-3.262 -1 -3.136 -1 -3.156 -1 -3.346 -1 41
-3.251 -1 -3.168 -1 -3.272 -1 -3.372 -1 138
-3.322 -1 -3.236 -1 -3.276 -1 -3.414 -1 44
-3.345 -1 -3.208 -1 -3.238 -1 -3.318 -1 95
-3.278 -1 -3.11 -1 -3.166 -1 -3.32 -1 77
-3.243 -1 -3.08 -1 -3.102 -1 -3.228 -1 45
-3.165 -1 -2.976 -1 -3.008 -1 -3.204 -1 41
-3.106 -1 -2.978 -1 -3.118 -1 -3.254 -1 143
-3.186 -1 -3.058 -1 -3.128 -1 -3.26 -1 95
-3.194 -1 -3.022 -1 -3.082 -1 -3.25 -1 107
-3.166 -1 -3.02 -1 -3.056 -1 -3.232 -1 36
-3.144 -1 -3.032 -1 -3.086 -1 -3.258 -1 50
-3.172 -1 -3.06 -1 -3.13 -1 -3.342 -1 105
-3.236 -1 -3.092 -1 -3.132 -1 -3.288 -2 86
-3.21 -1 -3.118 -1 -3.144 -1 -3.306 -2 37
-3.225 -1 -3.06 -1 -3.06 -1 -3.232 -1 0
-3.146 -1 -3.01 -1 -3.018 -1 -3.17 -1 29
-3.094 -1 -2.978 -1 -3.08 -1 -3.286 -1 143
-3.183 -1 -3.022 -1 -3.068 -1 -3.264 -1 49
-3.166 -1 -3.05 -1 -3.11 -1 -3.322 -1 97
-3.216 -1 -3.098 -1 -3.14 -1 -3.33 -1 100
-3.235 -1 -3.126 -1 -3.162 -1 -3.336 -2 88
-3.249 -1 -3.162 -1 -3.22 -1 -3.336 -2 73
-3.278 -1 -3.192 -1 -3.284 -1 -3.38 -1 139
-3.332 -1 -3.166 -1 -3.18 -1 -3.44 -1 13
-3.31 -1 -3.168 -1 -3.168 -1 -3.286 -1 0
-3.227 -1 -3.108 -1 -3.166 -1 -3.37 -1 77
-3.268 -1 -3.138 -1 -3.138 -1 -3.314 -1 8
-3.226 -1 -3.092 -1 -3.12 -1 -3.332 -1 73
-3.226 -1 -3.128 -1 -3.164 -1 -3.268 -1 39
-3.216 -1 -3.124 -1 -3.18 -1 -3.34 -1 70
-3.26 -1 -3.154 -1 -3.256 -1 -3.444 -1 104
-3.35 -1 -3.176 -1 -3.174 -1 -3.366 -1 2
-3.27 -1 -3.134 -1 -3.216 -1 -3.354 -1 110
-3.285 -1 -3.174 -1 -3.232 -1 -3.42 -1 146
-3.326 -1 -3.174 -1 -3.226 -1 -3.362 -1 95
-3.294 -1 -3.118 -1 -3.214 -1 -3.334 -1 128
-3.274 -1 -3.142 -1 -3.17 -1 -3.346 -1 31
-3.258 -1 -3.118 -1 -3.16 -1 -3.312 -1 74
-3.236 -1 -3.132 -1 -3.192 -1 -3.292 -1 106
-3.242 -1 -3.104 -1 -3.136 -1 -3.284 -1 127
-3.21 -1 -3.05 -1 -3.122 -1 -3.34 -1 83
-3.231 -1 -3.074 -1 -3.118 -1 -3.226 -1 50
-3.172 -1 -3.064 -1 -3.076 -1 -3.272 -1 33
-3.174 -1 -3.072 -1 -3.126 -1 -3.266 -1 79
-3.196 -1 -3.012 -1 -3.118 -1 -3.294 -2 149
-3.206 -1 -3.05 -1 -3.082 -1 -3.294 -1 52
-3.188 -1 -3.074 -1 -3.156 -1 -3.244 -1 127
-3.2 -1 -3.06 -1 -3.06 -1 -3.282 -1 0
-3.171 -1 -3.022 -1 -3.074 -1 -3.27 -1 89
-3.172 -1 -3.03 -1 -3.054 -1 -3.244 -1 39
-3.149 -1 -3.016 -1 -3.082 -1 -3.21 -1 89
-3.146 -1 -2.974 -1 -3.068 -1 -3.262 -1 108
-3.165 -1 -2.992 -1 -3.058 -1 -3.306 -1 90
-3.182 -1 -3.018 -1 -3.062 -1 -3.3 -1 93
-3.181 -1 -3.042 -1 -3.096 -1 -3.274 -1 59
-3.185 -1 -3.048 -1 -3.176 -1 -3.334 -1 131
-3.255 -1 -3.116 -1 -3.156 -1 -3.376 -1 44
-3.266 -1 -3.142 -1 -3.172 -1 -3.294 -1 110
-3.233 -1 -3.078 -1 -3.13 -1 -3.394 -1 112
-3.262 -1 -3.078 -1 -3.168 -1 -3.334 -1 143
-3.251 -1 -3.144 -1 -3.222 -1 -3.422 -1 117
-3.322 -1 -3.206 -1 -3.252 -1 -3.33 -1 93
-3.291 -1 -3.194 -1 -3.226 -1 -3.362 -1 45
-3.294 -1 -3.098 -1 -3.154 -1 -3.272 -1 99
-3.213 -1 -3.058 -1 -3.084 -1 -3.238 -1 60
-3.161 -1 -3.05 -1 -3.114 -1 -3.298 -1 101
-3.206 -1 -3.042 -1 -3.094 -1 -3.312 -1 70
-3.203 -1 -3.096 -1 -3.132 -1 -3.258 -1 48
-3.195 -1 -3.116 -1 -3.134 -1 -3.288 -1 54
-3.211 -1 -3.098 -1 -3.164 -1 -3.322 -1 135
-3.243 -1 -3.108 -1 -3.152 -1 -3.34 -1 132
-3.246 -1 -3.132 -1 -3.262 -1 -3.424 -1 133
-3.343 -1 -3.228 -1 -3.266 -1 -3.386 -1 57
-3.326 -1 -3.198 -1 -3.26 -1 -3.358 -1 134
-3.309 -1 -3.25 -1 -3.32 -1 -3.422 -2 76
-3.371 -1 -3.242 -1 -3.26 -1 -3.352 -1 23
-3.306 -1 -3.144 -1 -3.228 -1 -3.36 -1 70
-3.294 -1 -3.154 -1 -3.21 -1 -3.378 -1 83
-3.294 -1 -3.176 -1 -3.232 -1 -3.386 -1 141
-3.309 -1 -3.212 -1 -3.2 -1 -3.392 -1 60
-3.296 -1 -3.2 -1 -3.204 -1 -3.368 -1 66
-3.286 -1 -3.112 -1 -3.12 -1 -3.29 -1 11
-3.205 -1 -3.006 -1 -3.094 -1 -3.306 -1 111
-3.2 -1 -3.038 -1 -3.046 -1 -3.302 -1 6
-3.174 -1 -3.058 -1 -3.086 -1 -3.308 -1 38
-3.197 -1 -3.048 -1 -3.098 -1 -3.252 -1 66
-3.175 -1 -3 -1 -2.992 -1 -3.168 -1 16
-3.08 -1 -2.926 -1 -2.94 -1 -3.246 -1 23
-3.093 -1 -2.914 -1 -3.002 -1 -3.246 -1 133
-3.124 -1 -2.97 -1 -3.076 -1 -3.268 -1 121
-3.172 -1 -3.05 -1 -3.13 -1 -3.25 -1 100
-3.19 -1 -2.994 -1 -3.05 -1 -3.234 -1 117
-3.142 -1 -3.026 -1 -3.104 -1 -3.338 -1 105
-3.221 -1 -3.066 -1 -3.102 -1 -3.25 -1 43
-3.176 -1 -3.024 -1 -3.13 -1 -3.24 -1 124
-3.185 -1 -3.04 -1 -3.078 -1 -3.246 -1 56
-3.162 -1 -3.036 -1 -3.06 -1 -3.262 -1 61
-3.161 -1 -3.03 -1 -3.044 -1 -3.204 -1 94
-3.124 -1 -2.99 -1 -3.008 -1 -3.242 -1 49
-3.125 -1 -3.016 -1 -3.094 -1 -3.27 -1 126
-3.182 -1 -3.098 -1 -3.162 -1 -3.282 -1 113
-3.222 -1 -3.068 -1 -3.116 -1 -3.284 -1 104
-3.2 -1 -3.104 -1 -3.162 -1 -3.32 -1 91
-3.241 -1 -3.078 -1 -3.168 -1 -3.362 -1 139
-3.265 -1 -3.142 -1 -3.208 -1 -3.346 -1 106
-3.277 -1 -3.13 -1 -3.148 -1 -3.348 -1 78
-3.248 -1 -3.074 -1 -3.084 -1 -3.294 -1 9
-3.189 -1 -3.04 -1 -3.066 -1 -3.322 -1 52
-3.194 -1 -3.056 -1 -3.1 -1 -3.3 -1 54
-3.2 -1 -3.084 -1 -3.16 -1 -3.3 -1 99
-3.23 -1 -3.104 -1 -3.172 -1 -3.372 -1 90
-3.272 -1 -3.138 -1 -3.162 -1 -3.316 -1 81
-3.239 -1 -3.084 -1 -3.086 -1 -3.264 -1 1
-3.175 -1 -3.026 -1 -3.046 -1 -3.194 -1 56
-3.12 -1 -2.888 -1 -2.902 -1 -3.232 -1 32
-3.067 -1 -2.936 -1 -2.996 -1 -3.238 -1 58
-3.117 -1 -2.996 -1 -3.004 -1 -3.196 -1 5
-3.1 -1 -2.984 -1 -2.984 -1 -3.234 -1 0
-3.109 -1 -2.964 -1 -3.012 -1 -3.248 -1 98
-3.13 -1 -2.994 -1 -3.028 -1 -3.25 -1 26
-3.139 -1 -2.986 -1 -3.074 -1 -3.262 -1 80
-3.168 -1 -3.026 -1 -3.058 -1 -3.238 -1 36
-3.148 -1 -3.024 -1 -3.122 -1 -3.328 -1 107
-3.225 -1 -3.06 -1 -3.112 -1 -3.288 -2 123
-3.2 -1 -3.072 -1 -3.136 -1 -3.25 -1 145
-3.193 -1 -3.052 -1 -3.13 -1 -3.342 -1 124
-3.236 -1 -3.076 -1 -3.116 -1 -3.382 -1 140
-3.249 -1 -3.05 -1 -3.1 -1 -3.258 -1 79
-3.179 -1 -3.05 -1 -3.164 -1 -3.332 -1 140
-3.248 -1 -3.14 -1 -3.206 -1 -3.346 -1 80
-3.276 -1 -3.158 -1 -3.196 -1 -3.354 -2 56
-3.275 -1 -3.146 -1 -3.176 -1 -3.28 -1 100
-3.228 -1 -3.134 -1 -3.198 -1 -3.302 -1 113
-3.25 -1 -3.128 -1 -3.146 -1 -3.338 -1 23
-3.242 -1 -3.082 -1 -3.12 -1 -3.242 -1 67
-3.181 -1 -3.046 -1 -3.07 -1 -3.26 -1 27
-3.165 -1 -3.066 -1 -3.13 -1 -3.304 -1 70
-3.217 -1 -3.1 -1 -3.176 -1 -3.326 -1 117
-3.251 -1 -3.154 -1 -3.212 -1 -3.282 -1 82
-3.247 -1 -3.08 -1 -3.142 -1 -3.226 -1 70
-3.184 -1 -3.088 -1 -3.124 -1 -3.294 -1 63
-3.209 -1 -3.05 -1 -3.05 -1 -3.258 -1 0
-3.154 -1 -3.038 -1 -3.06 -1 -3.26 -1 30
-3.16 -1 -3.014 -1 -3.086 -1 -3.34 -1 130
-3.213 -1 -3.142 -1 -3.194 -1 -3.338 -1 112
-3.266 -1 -3.15 -1 -3.19 -1 -3.364 -1 91
-3.277 -1 -3.136 -1 -3.186 -1 -3.362 -1 90
-3.274 -1 -3.134 -1 -3.142 -1 -3.344 -1 7
-3.243 -1 -3.124 -1 -3.222 -1 -3.358 -1 145
-3.29 -1 -3.12 -1 -3.118 -1 -3.344 -1 10
-3.231 -1 -3.044 -1 -3.178 -1 -3.342 -1 137
-3.26 -1 -3.128 -1 -3.196 -1 -3.294 -1 80
-3.245 -1 -3.08 -1 -3.088 -1 -3.34 -1 7
-3.214 -1 -3.07 -1 -3.146 -1 -3.37 -1 98
-3.258 -1 -3.16 -1 -3.196 -1 -3.31 -1 96
-3.253 -1 -3.124 -1 -3.144 -1 -3.304 -1 14
-3.224 -1 -3.084 -1 -3.108 -1 -3.308 -1 112
-3.208 -1 -3.072 -1 -3.09 -1 -3.3 -1 9
-3.195 -1 -3.064 -1 -3.098 -1 -3.304 -1 52
-3.201 -1 -3.06 -1 -3.116 -1 -3.34 -1 114
-3.228 -1 -3.134 -1 -3.196 -1 -3.386 -1 53
-3.291 -1 -3.19 -1 -3.266 -1 -3.498 -1 148
-3.382 -1 -3.224 -1 -3.252 -1 -3.388 -1 34
-3.32 -1 -3.244 -1 -3.27 -1 -3.408 -1 91
-3.339 -1 -3.208 -1 -3.25 -1 -3.364 -1 65
-3.307 -1 -3.182 -1 -3.196 -1 -3.376 -1 49
-3.286 -1 -3.152 -1 -3.22 -1 -3.306 -1 100
-3.263 -1 -3.158 -1 -3.166 -1 -3.374 -1 18
-3.27 -1 -3.17 -1 -3.25 -1 -3.364 -1 99
-3.307 -1 -3.164 -1 -3.184 -1 -3.35 -1 28
-3.267 -1 -3.12 -1 -3.172 -1 -3.39 -1 107
-3.281 -1 -3.158 -1 -3.168 -1 -3.28 -1 18
-3.224 -1 -3.088 -1 -3.132 -1 -3.284 -1 122
-3.208 -1 -3.042 -1 -3.088 -1 -3.256 -1 102
-3.172 -1 -2.964 -1 -3.098 -1 -3.322 -1 122
-3.21 -1 -3.066 -1 -3.11 -1 -3.266 -1 112
-3.188 -1 -3.006 -1 -3.076 -1 -3.246 -1 99
-3.161 -1 -3.034 -1 -3.044 -1 -3.282 -1 38
-3.163 -1 -3.058 -1 -3.116 -1 -3.282 -1 110
-3.199 -1 -3.038 -1 -3.114 -1 -3.308 -1 136
-3.211 -1 -3.046 -1 -3.118 -1 -3.302 -1 136
-3.21 -1 -3.082 -1 -3.108 -1 -3.21 -1 63
-3.159 -1 -3.032 -1 -3.092 -1 -3.288 -1 85
-3.19 -1 -3.058 -1 -3.15 -1 -3.366 -1 120
-3.258 -1 -3.136 -1 -3.176 -1 -3.31 -2 77
-3.243 -1 -3.13 -1 -3.142 -1 -3.306 -1 33
-3.224 -1 -3.058 -1 -3.076 -1 -3.248 -1 21
-3.162 -1 -3.1 -1 -3.112 -1 -3.212 -1 33
-3.162 -1 -3.022 -1 -3.05 -1 -3.272 -1 63
-3.161 -1 -3.024 -1 -3.092 -1 -3.228 -1 78
-3.16 -1 -3.028 -1 -3.064 -1 -3.24 -1 79
-3.152 -1 -3.042 -1 -3.084 -1 -3.216 -1 91
-3.15 -1 -3.036 -1 -3.088 -1 -3.326 -1 96
-3.207 -1 -3.032 -1 -3.074 -1 -3.22 -1 51
-3.147 -1 -2.984 -1 -3.078 -1 -3.176 -1 107
-3.127 -1 -2.954 -1 -3.092 -1 -3.338 -1 148
-3.215 -1 -3.052 -1 -3.07 -1 -3.222 -1 19
-3.146 -1 -3.042 -1 -3.066 -1 -3.322 -1 46
-3.194 -1 -3.072 -1 -3.13 -1 -3.354 -1 91
-3.242 -1 -3.094 -1 -3.106 -1 -3.296 -2 49
-3.201 -1 -3.078 -1 -3.154 -1 -3.332 -1 98
-3.243 -1 -3.092 -1 -3.104 -1 -3.304 -1 21
-3.204 -1 -3.114 -1 -3.17 -1 -3.328 -1 101
-3.249 -1 -3.082 -1 -3.1 -1 -3.362 -1 66
-3.231 -1 -3.048 -1 -3.152 -1 -3.252 -1 93
-3.202 -1 -3.108 -1 -3.2 -1 -3.33 -1 102
-3.265 -1 -3.166 -1 -3.188 -1 -3.358 -1 37
-3.273 -1 -3.138 -1 -3.16 -1 -3.31 -1 92
-3.235 -1 -3.062 -1 -3.108 -1 -3.306 -2 57
-3.207 -1 -3.06 -1 -3.156 -1 -3.25 -1 106
-3.203 -1 -3.106 -1 -3.19 -1 -3.276 -1 126
-3.233 -1 -3.146 -1 -3.16 -1 -3.29 -1 29
-3.225 -1 -3.09 -1 -3.132 -1 -3.252 -1 32
-3.192 -1 -3.074 -1 -3.134 -1 -3.344 -1 147
-3.239 -1 -3.114 -1 -3.174 -1 -3.368 -1 71
-3.271 -1 -3.134 -1 -3.138 -1 -3.304 -1 3
-3.221 -1 -3.062 -1 -3.142 -1 -3.322 -1 87
-3.232 -1 -3.056 -1 -3.07 -1 -3.228 -1 30
-3.149 -1 -3.062 -1 -3.154 -1 -3.376 -1 140
-3.265 -1 -3.134 -1 -3.184 -1 -3.314 -1 73
-3.249 -1 -3.144 -1 -3.24 -1 -3.39 -1 110
-3.315 -1 -3.122 -1 -3.208 -1 -3.382 -1 128
-3.295 -1 -3.184 -1 -3.258 -1 -3.356 -1 103
-3.307 -1 -3.152 -1 -3.182 -1 -3.27 -1 53
-3.226 -1 -3.096 -1 -3.116 -1 -3.274 -1 23
-3.195 -1 -3.068 -1 -3.078 -1 -3.262 -1 35
-3.17 -1 -3.054 -1 -3.054 -1 -3.25 -1 1
-3.152 -1 -3.01 -1 -3.078 -1 -3.344 -1 113
-3.211 -1 -3.058 -1 -3.07 -1 -3.23 -1 46
-3.15 -1 -3.032 -1 -3.118 -1 -3.334 -1 133
-3.226 -1 -3.118 -1 -3.204 -1 -3.342 -1 146
-3.273 -1 -3.094 -1 -3.094 -1 -3.332 -1 4
-3.213 -1 -3.068 -1 -3.076 -1 -3.276 -1 19
-3.176 -1 -3.044 -1 -3.104 -1 -3.266 -1 65
-3.185 -1 -3.07 -1 -3.078 -1 -3.282 -1 15
-3.18 -1 -3.054 -1 -3.076 -1 -3.278 -1 65
-3.177 -1 -3.03 -1 -3.034 -1 -3.23 -1 4
-3.132 -1 -3.004 -1 -3.024 -1 -3.18 -1 37
-3.102 -1 -2.966 -1 -3.048 -1 -3.33 -1 94
-3.189 -1 -3.114 -1 -3.154 -1 -3.232 -1 102
-3.193 -1 -3.08 -1 -3.08 -1 -3.232 -1 27
-3.156 -1 -3.022 -1 -3.022 -1 -3.282 -1 6
-3.152 -1 -3.048 -1 -3.092 -1 -3.286 -1 87
-3.189 -1 -3.086 -1 -3.11 -1 -3.256 -1 55
-3.183 -1 -3.012 -1 -3.084 -1 -3.236 -1 88
-3.16 -1 -3.02 -1 -3.04 -1 -3.188 -1 92
-3.114 -1 -2.978 -1 -2.986 -1 -3.198 -1 5
-3.092 -1 -2.948 -1 -3.044 -1 -3.25 -1 134
-3.147 -1 -3.016 -1 -3.124 -1 -3.262 -1 140
-3.193 -1 -3.064 -1 -3.082 -1 -3.266 -1 24
-3.174 -1 -3.08 -1 -3.08 -1 -3.298 -1 4
-3.189 -1 -3.044 -1 -3.092 -1 -3.246 -1 68
-3.169 -1 -3.042 -1 -3.07 -1 -3.262 -1 34
-3.166 -1 -3.044 -1 -3.102 -1 -3.254 -1 122
-3.178 -1 -3.036 -1 -3.066 -1 -3.268 -1 48
-3.167 -1 -3.052 -1 -3.138 -1 -3.308 -1 142
-3.223 -1 -3.042 -1 -3.09 -1 -3.328 -1 66
-3.209 -1 -3.082 -1 -3.162 -1 -3.298 -1 125
-3.23 -1 -3.07 -1 -3.162 -1 -3.362 -1 144
-3.262 -1 -3.124 -1 -3.138 -1 -3.314 -1 26
-3.226 -1 -3.108 -1 -3.136 -1 -3.314 -1 138
-3.225 -1 -3.124 -1 -3.188 -1 -3.362 -2 120
-3.275 -1 -3.152 -1 -3.224 -1 -3.426 -1 147
-3.325 -1 -3.16 -1 -3.164 -1 -3.358 -1 6
-3.261 -1 -3.154 -1 -3.162 -1 -3.316 -1 7
-3.239 -1 -3.132 -1 -3.222 -1 -3.314 -1 101
-3.268 -1 -3.12 -1 -3.194 -1 -3.348 -1 144
-3.271 -1 -3.122 -1 -3.144 -1 -3.318 -2 19
-3.231 -1 -3.114 -1 -3.142 -1 -3.354 -1 56
-3.248 -1 -3.142 -1 -3.236 -1 -3.298 -1 144
-3.267 -1 -3.182 -1 -3.18 -1 -3.374 -1 3
-3.277 -1 -3.154 -1 -3.172 -1 -3.344 -1 35
-3.258 -1 -3.148 -1 -3.178 -1 -3.252 -1 62
-3.215 -1 -3.098 -1 -3.142 -1 -3.268 -1 69
-3.205 -1 -3.104 -1 -3.232 -1 -3.322 -1 140
-3.277 -1 -3.152 -1 -3.156 -1 -3.338 -1 32
-3.247 -1 -3.116 -1 -3.196 -1 -3.386 -1 148
-3.291 -1 -3.174 -1 -3.206 -1 -3.374 -1 52
-3.29 -1 -3.134 -1 -3.198 -1 -3.268 -1 145
-3.233 -1 -3.098 -1 -3.12 -1 -3.35 -1 102
-3.235 -1 -3.134 -1 -3.152 -1 -3.334 -1 46
-3.243 -1 -3.084 -1 -3.146 -1 -3.266 -1 132
-3.206 -1 -3.096 -1 -3.2 -1 -3.344 -1 142
-3.272 -1 -3.134 -1 -3.184 -1 -3.336 -1 59
-3.26 -1 -3.146 -1 -3.144 -1 -3.256 -1 3
-3.2 -1 -3.078 -1 -3.182 -1 -3.33 -1 108
-3.256 -1 -3.14 -1 -3.212 -1 -3.312 -1 93
-3.262 -1 -3.138 -1 -3.164 -1 -3.3 -1 26
-3.232 -1 -3.09 -1 -3.124 -1 -3.374 -1 131
-3.249 -1 -3.094 -1 -3.144 -1 -3.322 -1 125
-3.233 -1 -3.09 -1 -3.174 -1 -3.318 -1 142
-3.246 -1 -3.074 -1 -3.118 -1 -3.31 -1 145
-3.214 -1 -3.106 -1 -3.17 -1 -3.33 -1 116
-3.25 -1 -3.116 -1 -3.228 -1 -3.328 -1 109
-3.278 -1 -3.116 -1 -3.172 -1 -3.388 -1 138
-3.28 -1 -3.124 -1 -3.156 -1 -3.324 -1 47
-3.24 -1 -3.128 -1 -3.204 -1 -3.32 -1 100
-3.262 -1 -3.128 -1 -3.14 -1 -3.37 -1 11
-3.255 -1 -3.106 -1 -3.162 -1 -3.302 -1 125
-3.232 -1 -3.098 -1 -3.116 -1 -3.21 -1 78
-3.163 -1 -3.078 -1 -3.156 -1 -3.258 -1 122
-3.207 -1 -3.064 -1 -3.138 -1 -3.304 -1 110
-3.221 -1 -3.08 -1 -3.134 -1 -3.27 -1 121
-3.202 -1 -3.088 -1 -3.166 -1 -3.33 -1 97
-3.248 -1 -3.102 -1 -3.186 -1 -3.308 -1 108
-3.247 -1 -3.064 -1 -3.102 -1 -3.252 -1 101
-3.177 -1 -3.04 -1 -3.158 -1 -3.362 -1 121
-3.26 -1 -3.118 -1 -3.182 -1 -3.308 -1 127
-3.245 -1 -3.15 -1 -3.17 -1 -3.258 -1 40
-3.214 -1 -3.086 -1 -3.09 -1 -3.314 -1 4
-3.202 -1 -3.056 -1 -3.114 -1 -3.304 -1 38
-3.209 -1 -3.104 -1 -3.128 -1 -3.358 -1 58
-3.243 -1 -3.07 -1 -3.134 -1 -3.314 -1 117
-3.224 -1 -3.014 -1 -3.016 -1 -3.196 -1 10
-3.106 -1 -2.97 -1 -3.036 -1 -3.204 -1 64
-3.12 -1 -2.972 -1 -2.974 -1 -3.236 -1 8
-3.105 -1 -2.974 -1 -3.064 -1 -3.258 -1 102
-3.161 -1 -3.028 -1 -3.132 -1 -3.3 -1 135
-3.216 -1 -3.04 -1 -3.086 -1 -3.262 -1 105
-3.174 -1 -2.986 -1 -3.04 -1 -3.262 -1 78
-3.151 -1 -3.072 -1 -3.084 -1 -3.266 -1 17
-3.175 -1 -3.04 -1 -3.078 -1 -3.312 -1 55
-3.195 -1 -3.094 -1 -3.114 -1 -3.356 -1 53
-3.235 -1 -3.112 -1 -3.184 -1 -3.348 -1 146
-3.266 -1 -3.166 -1 -3.204 -1 -3.404 -1 48
-3.304 -1 -3.256 -1 -3.26 -1 -3.334 -1 41
-3.297 -1 -3.192 -1 -3.234 -1 -3.36 -1 47
-3.297 -1 -3.184 -1 -3.194 -1 -3.316 -1 12
-3.255 -1 -3.106 -1 -3.212 -1 -3.344 -1 145
-3.278 -1 -3.176 -1 -3.21 -1 -3.414 -2 44
-3.312 -1 -3.156 -1 -3.168 -1 -3.268 -1 6
-3.218 -1 -3.048 -1 -3.112 -1 -3.302 -1 59
-3.207 -1 -3.084 -1 -3.09 -1 -3.238 -1 9
-3.164 -1 -2.996 -1 -3.1 -1 -3.278 -1 82
-3.189 -1 -3.08 -1 -3.098 -1 -3.32 -1 66
-3.209 -1 -3.116 -1 -3.182 -1 -3.332 -1 123
-3.257 -1 -3.072 -1 -3.076 -1 -3.198 -1 21
-3.137 -1 -3.008 -1 -3.03 -1 -3.216 -1 55
-3.123 -1 -2.972 -1 -2.998 -1 -3.196 -1 30
-3.097 -1 -2.99 -1 -2.998 -1 -3.228 -1 33
-3.113 -1 -2.994 -1 -3.04 -1 -3.222 -1 111
-3.131 -1 -2.966 -1 -2.986 -1 -3.266 -1 80
-3.126 -1 -2.998 -1 -3.008 -1 -3.23 -1 41
-3.119 -1 -2.986 -1 -3.046 -1 -3.218 -1 51
-3.132 -1 -3.058 -1 -3.13 -1 -3.244 -1 140
-3.187 -1 -3.066 -1 -3.13 -1 -3.216 -1 101
-3.173 -1 -3.02 -1 -3.098 -1 -3.298 -1 76
-3.198 -1 -3.068 -1 -3.138 -1 -3.332 -1 92
-3.235 -1 -3.116 -1 -3.128 -1 -3.276 -1 36
-3.202 -1 -3.034 -1 -3.09 -1 -3.288 -1 120
-3.189 -1 -3.054 -1 -3.172 -1 -3.354 -1 145
-3.263 -1 -3.142 -1 -3.15 -1 -3.294 -1 44
-3.222 -1 -3.108 -1 -3.112 -1 -3.328 -1 8
-3.22 -1 -3.074 -1 -3.138 -1 -3.296 -1 107
-3.217 -1 -3.048 -1 -3.036 -1 -3.26 -1 9
-3.148 -1 -3.054 -1 -3.116 -1 -3.242 -1 77
-3.179 -1 -3.058 -1 -3.06 -1 -3.236 -1 8
-3.148 -1 -3.046 -1 -3.078 -1 -3.258 -1 61
-3.168 -1 -3.058 -1 -3.074 -1 -3.222 -1 25
-3.148 -1 -2.972 -1 -3.08 -1 -3.274 -1 128
-3.177 -1 -3.058 -1 -3.068 -1 -3.276 -1 27
-3.172 -1 -3.048 -1 -3.138 -1 -3.276 -1 114
-3.207 -1 -3.036 -1 -3.058 -1 -3.266 -1 45
-3.162 -1 -2.99 -1 -3.082 -1 -3.172 -1 140
-3.127 -1 -2.97 -1 -3.018 -1 -3.24 -1 49
-3.129 -1 -2.988 -1 -3.068 -1 -3.356 -1 119
-3.212 -1 -3.088 -1 -3.2 -1 -3.34 -1 132
-3.27 -1 -3.144 -1 -3.142 -1 -3.312 -1 4
-3.227 -1 -3.086 -1 -3.192 -1 -3.346 -1 108
-3.269 -1 -3.088 -1 -3.096 -1 -3.298 -1 28
-3.197 -1 -3.13 -1 -3.206 -1 -3.39 -1 135
-3.298 -1 -3.15 -1 -3.202 -1 -3.376 -1 118
-3.289 -1 -3.142 -1 -3.232 -1 -3.404 -2 121
-3.318 -1 -3.18 -1 -3.164 -1 -3.3 -2 14
-3.232 -1 -3.098 -1 -3.144 -1 -3.324 -1 69
-3.234 -1 -3.086 -1 -3.086 -1 -3.278 -1 13
-3.182 -1 -3.054 -1 -3.076 -1 -3.268 -1 54
-3.172 -1 -3.002 -1 -3.012 -1 -3.17 -1 10
-3.091 -1 -3.022 -1 -3.096 -1 -3.242 -1 126
-3.169 -1 -3.054 -1 -3.108 -1 -3.296 -1 108
-3.202 -1 -2.998 -1 -3.068 -1 -3.306 -1 106
-3.187 -1 -3.08 -1 -3.092 -1 -3.236 -1 9
-3.164 -1 -3.03 -1 -3.044 -1 -3.248 -1 32
-3.146 -1 -3.018 -1 -3.018 -1 -3.234 -1 1
-3.126 -1 -2.954 -1 -2.968 -1 -3.086 -1 39
-3.027 -1 -2.906 -1 -2.954 -1 -3.196 -1 86
-3.075 -1 -2.97 -1 -3 -1 -3.252 -1 78
-3.126 -1 -3.006 -1 -3.082 -1 -3.35 -1 78
-3.216 -1 -3.076 -1 -3.11 -1 -3.3 -1 78
-3.205 -1 -3.064 -1 -3.09 -1 -3.32 -1 76
-3.205 -1 -3.07 -1 -3.13 -1 -3.258 -1 95
-3.194 -1 -3.062 -1 -3.108 -1 -3.328 -1 104
-3.218 -1 -3.07 -1 -3.108 -1 -3.256 -1 32
-3.182 -1 -3.026 -1 -3.04 -1 -3.216 -1 16
-3.128 -1 -2.998 -1 -3.096 -1 -3.218 -1 100
-3.157 -1 -3.028 -1 -3.09 -1 -3.26 -1 107
-3.175 -1 -3.066 -1 -3.074 -1 -3.202 -1 8
-3.138 -1 -2.986 -1 -2.996 -1 -3.192 -1 53
-3.094 -1 -2.952 -1 -3.008 -1 -3.204 -1 64
-3.106 -1 -2.978 -1 -3.026 -1 -3.15 -1 47
-3.088 -1 -2.992 -1 -3.114 -1 -3.27 -1 136
-3.192 -1 -3.08 -1 -3.118 -1 -3.33 -1 83
-3.224 -1 -3.036 -1 -3.096 -1 -3.322 -1 105
-3.209 -1 -3.086 -1 -3.136 -1 -3.292 -1 82
-3.214 -1 -3.082 -1 -3.12 -1 -3.28 -1 65
-3.2 -1 -3.074 -1 -3.076 -1 -3.286 -1 9
-3.181 -1 -3.052 -1 -3.052 -1 -3.324 -1 0
-3.188 -1 -3.116 -1 -3.13 -1 -3.29 -1 26
-3.21 -1 -3.08 -1 -3.116 -1 -3.34 -1 69
-3.228 -1 -3.108 -1 -3.176 -1 -3.318 -1 97
-3.247 -1 -3.142 -1 -3.152 -1 -3.298 -1 16
-3.225 -1 -3.106 -1 -3.148 -1 -3.298 -1 69
-3.223 -1 -3.11 -1 -3.116 -1 -3.234 -1 2
-3.175 -1 -3.046 -1 -3.134 -1 -3.292 -1 148
-3.213 -1 -3.09 -1 -3.108 -1 -3.246 -1 31
-3.177 -1 -3.028 -1 -3.12 -1 -3.318 -1 133
-3.219 -1 -3.11 -1 -3.186 -1 -3.354 -1 114
-3.27 -1 -3.092 -1 -3.094 -1 -3.288 -1 4
-3.191 -1 -3.038 -1 -3.028 -1 -3.228 -1 18
-3.128 -1 -2.982 -1 -3.052 -1 -3.302 -1 102
-3.177 -1 -3.034 -1 -3.082 -1 -3.274 -1 68
-3.178 -1 -3.086 -1 -3.126 -1 -3.316 -1 24
-3.221 -1 -3.082 -1 -3.118 -1 -3.312 -2 54
-3.215 -1 -3.096 -1 -3.118 -1 -3.272 -1 24
-3.195 -1 -3.008 -1 -3.078 -1 -3.244 -1 140
-3.161 -1 -2.996 -1 -3.038 -1 -3.266 -1 74
-3.152 -1 -3.032 -1 -3.042 -1 -3.27 -1 52
-3.156 -1 -2.992 -1 -3.01 -1 -3.208 -1 44
-3.109 -1 -2.982 -1 -3.092 -1 -3.312 -2 95
-3.202 -1 -3.086 -1 -3.172 -1 -3.37 -1 116
-3.271 -1 -3.168 -1 -3.268 -1 -3.34 -1 129
-3.304 -1 -3.204 -1 -3.232 -1 -3.394 -1 42
-3.313 -1 -3.17 -1 -3.228 -1 -3.332 -1 127
-3.28 -1 -3.144 -1 -3.144 -1 -3.328 -1 35
-3.236 -1 -3.084 -1 -3.136 -1 -3.414 -1 96
-3.275 -1 -3.11 -1 -3.138 -1 -3.342 -1 33
-3.24 -1 -3.076 -1 -3.076 -1 -3.236 -1 22
-3.156 -1 -3.044 -1 -3.1 -1 -3.27 -1 59
-3.185 -1 -3.112 -1 -3.168 -1 -3.288 -1 63
-3.228 -1 -3.052 -1 -3.134 -1 -3.284 -1 122
-3.209 -1 -3.116 -1 -3.134 -1 -3.272 -1 74
-3.203 -1 -3.02 -1 -3.054 -1 -3.25 -1 48
-3.152 -1 -3.056 -1 -3.168 -1 -3.292 -1 136
-3.23 -1 -3.152 -1 -3.23 -1 -3.33 -1 101
-3.28 -1 -3.174 -1 -3.198 -1 -3.404 -2 64
-3.301 -1 -3.188 -1 -3.24 -1 -3.402 -1 101
-3.321 -1 -3.246 -1 -3.274 -1 -3.428 -1 28
-3.351 -1 -3.21 -1 -3.244 -1 -3.29 -1 57
-3.267 -1 -3.148 -1 -3.168 -1 -3.328 -1 43
-3.248 -1 -3.076 -1 -3.144 -1 -3.278 -1 103
-3.211 -1 -3.056 -1 -3.148 -1 -3.286 -1 141
-3.217 -1 -3.07 -1 -3.142 -1 -3.328 -2 134
-3.235 -1 -3.158 -1 -3.164 -1 -3.356 -1 114
-3.26 -1 -3.118 -1 -3.16 -1 -3.346 -2 86
-3.253 -1 -3.114 -1 -3.186 -1 -3.414 -1 145
-3.3 -1 -3.206 -1 -3.238 -1 -3.452 -1 65
-3.345 -1 -3.186 -1 -3.218 -1 -3.348 -1 28
-3.283 -1 -3.168 -1 -3.218 -1 -3.308 -1 90
-3.263 -1 -3.128 -1 -3.148 -1 -3.32 -1 16
-3.234 -1 -3.092 -1 -3.096 -1 -3.284 -1 31
-3.19 -1 -3.054 -1 -3.07 -1 -3.29 -1 16
-3.18 -1 -3.096 -1 -3.182 -1 -3.312 -1 111
-3.247 -1 -3.158 -1 -3.202 -1 -3.208 -1 79
-3.205 -1 -3.086 -1 -3.172 -1 -3.272 -1 142
-3.222 -1 -3.07 -1 -3.128 -1 -3.284 -1 121
-3.206 -1 -3.046 -1 -3.07 -1 -3.218 -1 93
-3.144 -1 -3.022 -1 -3.048 -1 -3.24 -1 11
-3.144 -1 -2.99 -1 -2.982 -1 -3.164 -1 8
-3.073 -1 -2.97 -1 -3.046 -1 -3.276 -1 137
-3.161 -1 -2.996 -1 -3.044 -1 -3.268 -1 131
-3.156 -1 -3.024 -1 -3.034 -1 -3.272 -1 4
-3.153 -1 -3.034 -1 -3.102 -1 -3.312 -1 143
-3.207 -1 -3.084 -1 -3.1 -1 -3.3 -1 10
-3.2 -1 -3.074 -1 -3.068 -1 -3.348 -1 29
-3.208 -1 -3.108 -1 -3.102 -1 -3.354 -1 22
-3.228 -1 -3.1 -1 -3.118 -1 -3.29 -1 16
-3.204 -1 -3.05 -1 -3.09 -1 -3.262 -1 58
-3.176 -1 -3.062 -1 -3.08 -1 -3.276 -1 103
-3.178 -1 -3.044 -1 -3.12 -1 -3.296 -1 93
-3.208 -1 -3.068 -1 -3.082 -1 -3.242 -1 7
-3.162 -1 -3.024 -1 -3.052 -1 -3.216 -1 33
-3.134 -1 -2.988 -1 -3.03 -1 -3.242 -1 93
-3.136 -1 -3.012 -1 -3.03 -1 -3.276 0 14
