8 1000 0.8 8 105 0 0 0 0
-3.444 -1 -2.952 -1 -3.008 -1 -3.236 -1 125
-3.122 -1 -2.698 -1 -2.958 -1 -3.204 -1 381
-3.081 -1 -2.632 -1 -2.676 -1 -3.03 -1 32
-2.853 -1 -2.452 -1 -2.662 -1 -2.984 -1 213
-2.823 -1 -2.372 -1 -2.422 -1 -2.884 -1 32
-2.653 -1 -2.288 -1 -2.656 -1 -2.966 -1 335
-2.811 -1 -2.384 -1 -2.652 -1 -2.942 -1 255
-2.797 -1 -2.358 -1 -2.556 -1 -2.972 -1 182
-2.764 -1 -2.318 -1 -2.736 -1 -3.004 -1 366
-2.87 -1 -2.416 -1 -2.57 -1 -2.98 -1 136
-2.775 -1 -2.354 -1 -2.536 -1 -2.95 -1 143
-2.743 -1 -2.402 -1 -2.804 -1 -3.024 -1 379
-2.914 -1 -2.45 -1 -2.654 -1 -2.93 -1 178
-2.792 -1 -2.372 -1 -2.478 -1 -2.884 -1 117
-2.681 -1 -2.31 -1 -2.464 -1 -2.886 -1 116
-2.675 -1 -2.262 -1 -2.424 -1 -2.814 -1 131
-2.619 -1 -2.246 -1 -2.592 -1 -2.942 -1 270
-2.767 -1 -2.354 -1 -2.624 -1 -2.946 -1 226
-2.785 -1 -2.362 -1 -2.626 -1 -2.972 -1 225
-2.799 -1 -2.404 -1 -2.662 -1 -2.962 -1 201
-2.812 -1 -2.374 -1 -2.524 -1 -2.928 -1 119
-2.726 -1 -2.31 -1 -2.444 -1 -2.818 -1 113
-2.631 -1 -2.264 -1 -2.274 -1 -2.846 -1 14
-2.56 -1 -2.218 -1 -2.57 -1 -2.832 -1 282
-2.701 -1 -2.26 -1 -2.582 -1 -2.94 -1 243
-2.761 -1 -2.35 -1 -2.796 -1 -3.03 -1 396
-2.913 -1 -2.434 -1 -2.608 -1 -2.994 -1 132
-2.801 -1 -2.374 -1 -2.666 -1 -3.004 -1 233
-2.835 -1 -2.388 -1 -2.576 -1 -2.884 -1 128
-2.73 -1 -2.31 -1 -2.694 -1 -2.972 -1 341
-2.833 -1 -2.354 -1 -2.708 -1 -3.06 -1 369
-2.884 -1 -2.44 -1 -2.724 -1 -3.044 -1 236
-2.884 -1 -2.448 -1 -2.564 -1 -2.922 -1 75
-2.743 -1 -2.388 -1 -2.782 -1 -3.036 -1 389
-2.909 -1 -2.452 -1 -2.734 -1 -3.066 -1 263
-2.9 -1 -2.448 -1 -2.658 -1 -3.012 -1 204
-2.835 -1 -2.422 -1 -2.68 -1 -3.03 -1 239
-2.855 -1 -2.412 -1 -2.516 -1 -2.918 -1 91
-2.717 -1 -2.33 -1 -2.642 -1 -3.026 -1 281
-2.834 -1 -2.376 -1 -2.454 -1 -2.924 -1 39
-2.689 -1 -2.284 -1 -2.298 -1 -2.866 -1 5
-2.582 -1 -2.242 -1 -2.544 -1 -2.914 -1 198
-2.729 -1 -2.316 -1 -2.672 -1 -3.07 -1 308
-2.871 -1 -2.432 -1 -2.668 -1 -3.012 -1 209
-2.84 -1 -2.406 -1 -2.724 -1 -3.01 -1 348
-2.867 -1 -2.418 -1 -2.624 -1 -2.982 -1 212
-2.803 -1 -2.334 -1 -2.456 -1 -2.882 -1 104
-2.669 -1 -2.29 -1 -2.676 -1 -2.99 -1 377
-2.833 -1 -2.396 -1 -2.574 -1 -2.92 -1 150
-2.747 -1 -2.362 -1 -2.708 -1 -2.988 -1 303
-2.848 -1 -2.378 -1 -2.502 -1 -2.892 -1 105
-2.697 -1 -2.306 -1 -2.542 -1 -2.932 -1 192
-2.737 -1 -2.306 -1 -2.6 -1 -2.942 -1 262
-2.771 -1 -2.358 -1 -2.674 -1 -3.008 -1 304
-2.841 -1 -2.39 -1 -2.416 -1 -2.842 -1 20
-2.629 -1 -2.28 -1 -2.668 -1 -2.998 -1 334
-2.833 -1 -2.354 -1 -2.406 -1 -2.904 -1 68
-2.655 -1 -2.274 -1 -2.36 -1 -2.82 -1 71
-2.59 -1 -2.208 -1 -2.306 -1 -2.752 -1 68
-2.529 -1 -2.166 -1 -2.404 -1 -2.774 -1 142
-2.589 -1 -2.21 -1 -2.61 -1 -3.018 -1 357
-2.814 -1 -2.394 -1 -2.48 -1 -2.89 -1 73
-2.685 -1 -2.29 -1 -2.458 -1 -2.922 -1 105
-2.69 -1 -2.282 -1 -2.744 -1 -3.016 -1 358
-2.88 -1 -2.42 -1 -2.69 -1 -2.92 -1 281
-2.805 -1 -2.374 -1 -2.662 -1 -3.02 -1 238
-2.841 -1 -2.408 -1 -2.566 -1 -2.922 -1 140
-2.744 -1 -2.356 -1 -2.454 -1 -2.804 -1 87
-2.629 -1 -2.224 -1 -2.468 -1 -2.89 -1 156
-2.679 -1 -2.27 -1 -2.5 -1 -2.904 -1 212
-2.702 -1 -2.288 -1 -2.322 -1 -2.76 -1 22
-2.541 -1 -2.168 -1 -2.324 -1 -2.782 -1 127
-2.553 -1 -2.178 -1 -2.598 -1 -3.014 -1 345
-2.806 -1 -2.36 -1 -2.584 -1 -2.908 -1 224
-2.746 -1 -2.318 -1 -2.638 -1 -2.974 -1 215
-2.806 -1 -2.418 -1 -2.61 -1 -2.99 -1 187
-2.8 -1 -2.38 -1 -2.526 -1 -2.874 -1 155
-2.7 -1 -2.286 -1 -2.726 -1 -3.04 -1 379
-2.883 -1 -2.388 -1 -2.512 -1 -2.946 -1 92
-2.729 -1 -2.334 -1 -2.406 -1 -2.764 -1 51
-2.585 -1 -2.26 -1 -2.348 -1 -2.802 -1 63
-2.575 -1 -2.2 -1 -2.632 -1 -2.98 -1 312
-2.806 -1 -2.336 -1 -2.546 -1 -2.882 -1 148
-2.714 -1 -2.324 -1 -2.496 -1 -2.832 -1 133
-2.664 -1 -2.27 -1 -2.278 -1 -2.8 -1 10
-2.539 -1 -2.192 -1 -2.476 -1 -2.922 -1 231
-2.699 -1 -2.28 -1 -2.684 -1 -2.972 -1 397
-2.828 -1 -2.366 -1 -2.428 -1 -2.854 -1 57
-2.641 -1 -2.272 -1 -2.41 -1 -2.88 -1 98
-2.645 -1 -2.276 -1 -2.598 -1 -2.91 -1 290
-2.754 -1 -2.34 -1 -2.404 -1 -2.774 -1 36
-2.589 -1 -2.234 -1 -2.346 -1 -2.756 -1 74
-2.551 -1 -2.186 -1 -2.4 -1 -2.912 -1 167
-2.656 -1 -2.254 -1 -2.428 -1 -2.812 -1 122
-2.62 -1 -2.248 -1 -2.586 -1 -2.896 -1 236
-2.741 -1 -2.32 -1 -2.72 -1 -2.982 -1 336
-2.851 -1 -2.424 -1 -2.712 -1 -3.002 -1 258
-2.857 -1 -2.418 -1 -2.748 -1 -2.992 -1 364
-2.87 -1 -2.414 -1 -2.492 -1 -2.864 -1 46
-2.678 -1 -2.308 -1 -2.462 -1 -2.866 -1 127
-2.664 -1 -2.246 -1 -2.516 -1 -2.914 -1 213
-2.715 -1 -2.296 -1 -2.506 -1 -2.862 -1 175
-2.684 -1 -2.22 -1 -2.604 -1 -2.922 -1 344
-2.763 -1 -2.316 -1 -2.356 -1 -2.884 -1 35
-2.62 -1 -2.232 -1 -2.422 -1 -2.87 0 139
