10 1000 0.2 8 711 0 0 0 0
-3.801 -2 -3.292 -2 -3.362 -2 -3.524 -2 69
-3.443 -2 -3.044 -2 -3.08 -2 -3.37 -2 37
-3.225 -2 -2.808 -2 -2.812 -2 -3.138 -1 2
-2.975 -1 -2.624 -1 -2.628 -1 -3.154 -1 8
-2.891 -1 -2.564 -1 -2.654 -1 -3.138 -1 61
-2.896 -1 -2.51 -1 -2.6 -1 -3.056 -1 64
-2.828 -1 -2.474 -1 -2.59 -1 -3.128 -1 69
-2.859 -1 -2.474 -1 -2.594 -1 -3.094 -1 77
-2.844 -1 -2.446 -1 -2.528 -1 -3.038 -1 66
-2.783 -1 -2.406 -1 -2.414 -1 -2.982 -1 6
-2.698 -1 -2.364 -1 -2.394 -1 -2.956 -1 22
-2.675 -1 -2.342 -1 -2.49 -1 -2.932 -1 75
-2.711 -1 -2.342 -1 -2.344 -1 -2.88 -1 5
-2.612 -1 -2.272 -1 -2.306 -1 -2.964 -1 16
-2.635 -1 -2.29 -1 -2.456 -1 -2.96 -1 85
-2.708 -1 -2.33 -1 -2.348 -1 -2.854 -1 10
-2.601 -1 -2.27 -1 -2.392 -1 -2.946 -1 62
-2.669 -1 -2.298 -1 -2.362 -1 -2.852 -1 46
-2.607 -1 -2.278 -1 -2.398 -1 -2.94 -1 77
-2.669 -1 -2.266 -1 -2.302 -1 -2.97 -1 19
-2.636 -1 -2.32 -1 -2.478 -1 -2.878 -1 72
-2.678 -1 -2.3 -1 -2.41 -1 -2.92 -1 69
-2.665 -1 -2.312 -1 -2.402 -1 -2.884 -1 61
-2.643 -1 -2.276 -1 -2.436 -1 -2.94 -1 88
-2.688 -1 -2.316 -1 -2.462 -1 -2.924 -1 87
-2.693 -1 -2.326 -1 -2.48 -1 -2.978 -1 84
-2.729 -1 -2.35 -1 -2.434 -1 -2.94 -1 55
-2.687 -1 -2.326 -1 -2.478 -1 -2.932 -1 69
-2.705 -1 -2.318 -1 -2.448 -1 -2.848 -1 79
-2.648 -1 -2.28 -1 -2.302 -1 -2.826 -1 8
-2.564 -1 -2.246 -1 -2.37 -1 -2.914 -1 65
-2.642 -1 -2.282 -1 -2.344 -1 -2.91 -1 31
-2.627 -1 -2.296 -1 -2.31 -1 -2.74 -1 6
-2.525 -1 -2.19 -1 -2.368 -1 -2.87 -1 91
-2.619 -1 -2.226 -1 -2.394 -1 -2.788 -1 75
-2.591 -1 -2.214 -1 -2.348 -1 -2.838 -1 81
-2.593 -1 -2.194 -1 -2.206 -1 -2.812 -1 4
-2.509 -1 -2.196 -1 -2.36 -1 -2.806 -1 88
-2.583 -1 -2.208 -1 -2.246 -1 -2.752 -1 19
-2.499 -1 -2.166 -1 -2.286 -1 -2.724 -1 58
-2.505 -1 -2.154 -1 -2.194 -1 -2.726 -1 15
-2.46 -1 -2.136 -1 -2.15 -1 -2.67 -1 13
-2.41 -1 -2.098 -1 -2.118 -1 -2.572 -1 8
-2.345 -1 -1.998 -1 -2.058 -1 -2.592 -1 22
-2.325 -1 -2.006 -1 -2.026 -1 -2.61 -1 8
-2.318 -1 -1.992 -1 -2.132 -1 -2.67 -1 63
-2.401 -1 -2.048 -1 -2.12 -1 -2.672 -1 38
-2.396 -1 -2.042 -1 -2.232 -1 -2.73 -1 98
-2.481 -1 -2.098 -1 -2.102 -1 -2.604 -1 1
-2.353 -1 -2.056 -1 -2.24 -1 -2.748 -1 95
-2.494 -1 -2.1 -1 -2.252 -1 -2.688 -1 66
-2.47 -1 -2.088 -1 -2.124 -1 -2.624 -1 20
-2.374 -1 -2.036 -1 -2.12 -1 -2.63 -1 38
-2.375 -1 -2.04 -1 -2.106 -1 -2.646 -1 27
-2.376 -1 -2.026 -1 -2.156 -1 -2.622 -1 70
-2.389 -1 -2.048 -1 -2.204 -1 -2.698 -1 88
-2.451 -1 -2.074 -1 -2.166 -1 -2.638 -1 38
-2.402 -1 -2.04 -1 -2.234 -1 -2.636 -1 92
-2.435 -1 -2.054 -1 -2.23 -1 -2.714 -1 78
-2.472 -1 -2.068 -1 -2.152 -1 -2.622 -1 52
-2.387 -1 -2.052 -1 -2.054 -1 -2.474 -1 8
-2.264 -1 -1.932 -1 -1.98 -1 -2.474 -1 29
-2.227 -1 -1.938 -1 -1.956 -1 -2.446 -1 13
-2.201 -1 -1.874 -1 -2.064 -1 -2.512 -1 77
-2.288 -1 -1.944 -1 -2.018 -1 -2.512 -1 35
-2.265 -1 -1.9 -1 -2.014 -1 -2.532 -1 44
-2.273 -1 -1.892 -1 -2.118 -1 -2.56 -1 95
-2.339 -1 -1.972 -1 -2.008 -1 -2.456 -1 15
-2.232 -1 -1.868 -1 -1.942 -1 -2.444 -1 26
-2.193 -1 -1.846 -1 -1.878 -1 -2.33 -1 8
-2.104 -1 -1.786 -1 -1.89 -1 -2.464 -1 41
-2.177 -1 -1.834 -1 -1.876 -1 -2.282 -1 19
-2.079 -1 -1.752 -1 -1.784 -1 -2.246 -1 10
-2.015 -1 -1.702 -1 -1.716 -1 -2.14 -1 4
-1.928 -1 -1.612 -1 -1.79 -1 -2.266 -1 57
-2.028 -1 -1.69 -1 -1.748 -1 -2.188 -1 23
-1.968 -1 -1.642 -1 -1.79 -1 -2.212 -1 56
-2.001 -1 -1.648 -1 -1.864 -1 -2.316 -1 81
-2.09 -1 -1.698 -1 -1.91 -1 -2.352 -1 87
-2.131 -1 -1.706 -1 -1.706 -1 -2.212 -1 2
-1.959 -1 -1.628 -1 -1.7 -1 -2.06 -1 25
-1.88 -1 -1.5 -1 -1.748 -1 -2.098 -1 93
-1.923 -1 -1.534 -1 -1.762 -1 -2.144 -1 87
-1.953 -1 -1.566 -1 -1.716 -1 -2.098 -1 49
-1.907 -1 -1.508 -1 -1.526 -1 -1.942 -1 10
-1.734 -1 -1.42 -1 -1.53 -1 -1.97 -1 46
-1.75 -1 -1.442 -1 -1.57 -1 -1.92 -1 50
-1.745 -1 -1.412 -1 -1.542 -1 -1.872 -1 50
-1.707 -1 -1.374 -1 -1.396 -1 -1.774 -1 8
-1.585 -1 -1.306 -1 -1.446 -1 -1.826 -1 56
-1.636 -1 -1.356 -1 -1.482 -1 -1.806 -1 52
-1.644 -1 -1.318 -1 -1.324 -1 -1.658 -1 2
-1.491 -1 -1.258 -1 -1.482 -1 -1.804 -1 66
-1.643 -1 -1.324 -1 -1.342 -1 -1.674 -1 8
-1.508 -1 -1.22 -1 -1.282 -1 -1.544 -1 25
-1.413 -1 -1.19 -1 -1.518 -1 -1.778 -1 99
-1.648 -1 -1.288 -1 -1.39 -1 -1.63 -1 40
-1.51 -1 -1.234 -1 -1.346 -1 -1.558 -1 37
-1.452 -1 -1.2 -1 -1.228 -1 -1.432 -1 11
-1.33 -1 -1.136 -1 -1.372 -1 -1.584 -1 78
-1.478 -1 -1.182 -1 -1.398 -1 -1.59 -1 74
-1.494 -1 -1.194 -1 -1.204 -1 -1.342 -1 2
-1.273 -1 -1.088 -1 -1.128 -1 -1.24 -1 12
-1.184 -1 -1.04 -1 -1.098 -1 -1.186 -1 13
-1.142 -1 -1.03 -1 -1.366 -1 -1.51 -1 95
-1.438 -1 -1.144 -1 -1.422 -1 -1.594 -1 87
-1.508 -1 -1.214 -1 -1.484 -1 -1.644 -1 89
-1.564 -1 -1.216 -1 -1.236 -1 -1.384 -1 6
-1.31 -1 -1.108 -1 -1.226 -1 -1.34 -1 34
-1.283 -1 -1.084 -1 -1.084 -1 -1.142 -1 0
-1.113 -1 -1.024 -1 -1.246 -1 -1.318 -1 66
-1.282 -1 -1.098 -1 -1.378 -1 -1.502 -1 91
-1.44 -1 -1.144 -1 -1.416 -1 -1.516 -1 75
-1.466 -1 -1.176 -1 -1.38 -1 -1.53 -1 70
-1.455 -1 -1.154 -1 -1.158 -1 -1.2 -1 1
-1.179 -1 -1.038 -1 -1.312 -1 -1.398 -1 76
-1.355 -1 -1.124 -1 -1.288 -1 -1.364 -1 49
-1.326 -1 -1.098 -1 -1.25 -1 -1.336 -1 41
-1.293 -1 -1.092 -1 -1.198 -1 -1.246 -1 32
-1.222 -1 -1.042 -1 -1.352 -1 -1.468 -1 92
-1.41 -1 -1.134 -1 -1.262 -1 -1.346 -1 39
-1.304 -1 -1.1 -1 -1.418 -1 -1.542 -1 99
-1.48 -1 -1.152 -1 -1.224 -1 -1.298 -1 30
-1.261 -1 -1.052 -1 -1.304 -1 -1.406 -1 75
-1.355 -1 -1.13 -1 -1.364 -1 -1.47 -1 72
-1.417 -1 -1.164 -1 -1.412 -1 -1.544 -1 82
-1.478 -1 -1.19 -1 -1.348 -1 -1.432 -1 47
-1.39 -1 -1.126 -1 -1.332 -1 -1.432 -1 60
-1.382 -1 -1.11 -1 -1.152 -1 -1.198 -1 7
-1.175 -1 -1.032 -1 -1.068 -1 -1.094 -1 8
-1.081 -1 -1.01 -1 -1.04 -1 -1.062 -1 6
-1.051 -1 -1.022 -1 -1.252 -1 -1.342 -1 77
-1.297 -1 -1.11 -1 -1.336 -1 -1.408 -1 63
-1.372 -1 -1.168 -1 -1.214 -1 -1.288 -1 15
-1.251 -1 -1.078 -1 -1.286 -1 -1.358 -1 56
-1.322 -1 -1.098 -1 -1.386 -1 -1.516 -1 74
-1.451 -1 -1.156 -1 -1.398 -1 -1.486 -1 76
-1.442 -1 -1.146 -1 -1.406 -1 -1.49 -1 85
-1.448 -1 -1.168 -1 -1.46 -1 -1.584 -1 86
-1.522 -1 -1.22 -1 -1.362 -1 -1.452 -1 42
-1.407 -1 -1.126 -1 -1.388 -1 -1.478 -1 85
-1.433 -1 -1.166 -1 -1.196 -1 -1.244 -1 9
-1.22 -1 -1.084 -1 -1.236 -1 -1.328 -1 46
-1.282 -1 -1.086 -1 -1.116 -1 -1.162 -1 12
-1.139 -1 -1.026 -1 -1.152 -1 -1.202 -1 37
-1.177 -1 -1.056 -1 -1.09 -1 -1.138 -1 8
-1.114 -1 -1.018 -1 -1.244 -1 -1.334 -1 73
-1.289 -1 -1.092 -1 -1.348 -1 -1.432 -1 71
-1.39 -1 -1.156 -1 -1.366 -1 -1.458 -1 65
-1.412 -1 -1.138 -1 -1.23 -1 -1.302 -1 29
-1.266 -1 -1.088 -1 -1.38 -1 -1.504 -1 97
-1.442 -1 -1.17 -1 -1.422 -1 -1.564 -1 75
-1.493 -1 -1.184 -1 -1.29 -1 -1.38 -1 36
-1.335 -1 -1.096 -1 -1.14 -1 -1.164 -1 12
-1.152 -1 -1.044 -1 -1.158 -1 -1.22 -1 28
-1.189 -1 -1.044 -1 -1.134 -1 -1.188 -1 26
-1.161 -1 -1.056 -1 -1.234 -1 -1.294 -1 50
-1.264 -1 -1.076 -1 -1.114 -1 -1.154 -1 11
-1.134 -1 -1.038 -1 -1.288 -1 -1.388 -1 86
-1.338 -1 -1.124 -1 -1.31 -1 -1.412 -1 68
-1.361 -1 -1.132 -1 -1.378 -1 -1.488 -1 79
-1.433 -1 -1.148 -1 -1.326 -1 -1.442 -1 54
-1.384 -1 -1.146 -1 -1.198 -1 -1.258 -1 21
-1.228 -1 -1.072 -1 -1.134 -1 -1.18 -1 19
-1.157 -1 -1.044 -1 -1.236 -1 -1.29 -1 60
-1.263 -1 -1.08 -1 -1.226 -1 -1.278 -1 41
-1.252 -1 -1.07 -1 -1.406 -1 -1.52 -1 98
-1.463 -1 -1.158 -1 -1.346 -1 -1.432 -1 46
-1.389 -1 -1.134 -1 -1.148 -1 -1.172 -1 4
-1.16 -1 -1.038 -1 -1.038 -1 -1.056 -1 0
-1.047 -1 -1.004 -1 -1.256 -1 -1.33 -1 65
-1.293 -1 -1.1 -1 -1.37 -1 -1.444 -1 98
-1.407 -1 -1.146 -1 -1.422 -1 -1.564 -1 83
-1.493 -1 -1.17 -1 -1.3 -1 -1.398 -1 38
-1.349 -1 -1.136 -1 -1.266 -1 -1.348 -1 44
-1.307 -1 -1.098 -1 -1.358 -1 -1.406 -1 77
-1.382 -1 -1.14 -1 -1.234 -1 -1.316 -1 29
-1.275 -1 -1.084 -1 -1.12 -1 -1.186 -1 9
-1.153 -1 -1.044 -1 -1.35 -1 -1.438 -1 82
-1.394 -1 -1.132 -1 -1.324 -1 -1.404 -1 59
-1.364 -1 -1.082 -1 -1.352 -1 -1.45 -1 69
-1.401 -1 -1.134 -1 -1.368 -1 -1.454 -1 55
-1.411 -1 -1.134 -1 -1.17 -1 -1.204 -1 11
-1.187 -1 -1.05 -1 -1.288 -1 -1.38 -1 76
-1.334 -1 -1.09 -1 -1.258 -1 -1.324 -1 54
-1.291 -1 -1.084 -1 -1.296 -1 -1.368 -1 69
-1.332 -1 -1.112 -1 -1.37 -1 -1.46 -1 78
-1.415 -1 -1.166 -1 -1.338 -1 -1.428 -1 57
-1.383 -1 -1.13 -1 -1.294 -1 -1.394 -1 46
-1.344 -1 -1.1 -1 -1.29 -1 -1.38 -1 52
-1.335 -1 -1.118 -1 -1.158 -1 -1.206 -1 18
-1.182 -1 -1.038 -1 -1.108 -1 -1.184 -1 20
-1.146 -1 -1.044 -1 -1.138 -1 -1.198 -1 25
-1.168 -1 -1.038 -1 -1.134 -1 -1.17 -1 30
-1.152 -1 -1.028 -1 -1.186 -1 -1.242 -1 46
-1.214 -1 -1.062 -1 -1.134 -1 -1.164 -1 27
-1.149 -1 -1.022 -1 -1.094 -1 -1.122 -1 21
-1.108 -1 -1.026 -1 -1.062 -1 -1.092 -1 8
-1.077 -1 -1.016 -1 -1.074 -1 -1.096 -1 13
-1.085 -1 -1.024 -1 -1.22 -1 -1.322 -1 56
-1.271 -1 -1.09 -1 -1.372 -1 -1.492 -1 85
-1.432 -1 -1.182 -1 -1.408 -1 -1.522 -1 74
-1.465 -1 -1.164 -1 -1.394 -1 -1.5 -1 91
-1.447 -1 -1.164 -1 -1.384 -1 -1.51 -1 63
-1.447 -1 -1.168 -1 -1.342 -1 -1.442 -1 52
-1.392 -1 -1.134 -1 -1.206 -1 -1.256 -1 20
-1.231 -1 -1.066 -1 -1.356 -1 -1.488 -1 87
-1.422 -1 -1.132 -1 -1.402 -1 -1.522 -1 91
-1.462 -1 -1.176 -1 -1.384 -1 -1.454 -1 63
-1.419 -1 -1.144 -1 -1.4 -1 -1.504 -1 80
-1.452 -1 -1.184 -1 -1.258 -1 -1.402 -1 26
-1.33 -1 -1.122 -1 -1.158 -1 -1.228 -1 14
-1.193 -1 -1.052 -1 -1.236 -1 -1.314 -1 48
-1.275 -1 -1.094 -1 -1.182 -1 -1.234 -1 31
-1.208 -1 -1.056 -1 -1.218 -1 -1.276 -1 49
-1.247 -1 -1.058 -1 -1.2 -1 -1.278 -1 48
-1.239 -1 -1.072 -1 -1.334 -1 -1.44 -1 77
-1.387 -1 -1.136 -1 -1.142 -1 -1.196 -1 1
-1.169 -1 -1.036 -1 -1.296 -1 -1.386 -1 86
-1.341 -1 -1.112 -1 -1.298 -1 -1.398 -1 54
-1.348 -1 -1.12 -1 -1.258 -1 -1.336 -1 39
-1.297 -1 -1.09 -1 -1.326 -1 -1.41 -1 68
-1.368 -1 -1.128 -1 -1.174 -1 -1.244 -1 13
-1.209 -1 -1.048 -1 -1.2 -1 -1.264 -1 42
-1.232 -1 -1.064 -1 -1.132 -1 -1.172 -1 19
-1.152 -1 -1.04 -1 -1.284 -1 -1.362 -1 72
-1.323 -1 -1.098 -1 -1.324 -1 -1.428 -1 80
-1.376 -1 -1.12 -1 -1.246 -1 -1.314 -1 36
-1.28 -1 -1.082 -1 -1.4 -1 -1.51 -1 99
-1.455 -1 -1.158 -1 -1.174 -1 -1.236 -1 5
-1.205 -1 -1.06 -1 -1.344 -1 -1.464 -1 91
-1.404 -1 -1.134 -1 -1.458 -1 -1.554 -1 96
-1.506 -1 -1.198 -1 -1.468 -1 -1.576 -1 94
-1.522 -1 -1.206 -1 -1.446 -1 -1.534 -1 76
-1.49 -1 -1.212 -1 -1.278 -1 -1.354 -1 25
-1.316 -1 -1.094 -1 -1.3 -1 -1.406 -1 69
-1.353 -1 -1.09 -1 -1.24 -1 -1.322 -1 40
-1.281 -1 -1.084 -1 -1.374 -1 -1.45 -1 89
-1.412 -1 -1.144 -1 -1.19 -1 -1.288 -1 12
-1.239 -1 -1.074 -1 -1.348 -1 -1.462 -1 74
-1.405 -1 -1.144 -1 -1.39 -1 -1.522 -1 77
-1.456 -1 -1.18 -1 -1.36 -1 -1.49 -1 57
-1.425 -1 -1.158 -1 -1.33 -1 -1.416 -1 52
-1.373 -1 -1.126 -1 -1.142 -1 -1.204 -1 7
-1.173 -1 -1.046 -1 -1.184 -1 -1.248 -1 41
-1.216 -1 -1.066 -1 -1.256 -1 -1.374 -1 67
-1.315 -1 -1.114 -1 -1.13 -1 -1.172 -1 3
-1.151 -1 -1.036 -1 -1.158 -1 -1.23 -1 29
-1.194 -1 -1.08 -1 -1.174 -1 -1.244 -1 33
-1.209 -1 -1.054 -1 -1.154 -1 -1.22 -1 30
-1.187 -1 -1.062 -1 -1.38 -1 -1.466 -1 99
-1.423 -1 -1.108 -1 -1.146 -1 -1.17 -1 16
-1.158 -1 -1.026 -1 -1.37 -1 -1.474 -1 90
-1.422 -1 -1.14 -1 -1.368 -1 -1.464 -1 70
-1.416 -1 -1.13 -1 -1.386 -1 -1.468 -1 76
-1.427 -1 -1.158 -1 -1.228 -1 -1.302 -1 22
-1.265 -1 -1.078 -1 -1.194 -1 -1.268 -1 36
-1.231 -1 -1.062 -1 -1.252 -1 -1.354 -1 63
-1.303 -1 -1.104 -1 -1.204 -1 -1.278 -1 22
-1.241 -1 -1.058 -1 -1.088 -1 -1.136 -1 8
-1.112 -1 -1.028 -1 -1.05 -1 -1.06 -1 5
-1.055 -1 -1.01 -1 -1.172 -1 -1.214 -1 48
-1.193 -1 -1.052 -1 -1.072 -1 -1.124 -1 6
-1.098 -1 -1.022 -1 -1.034 -1 -1.078 -1 4
-1.056 -1 -1.012 -1 -1.286 -1 -1.384 -1 83
-1.335 -1 -1.116 -1 -1.286 -1 -1.348 -1 50
-1.317 -1 -1.088 -1 -1.158 -1 -1.204 -1 22
-1.181 -1 -1.05 -1 -1.124 -1 -1.16 -1 17
-1.142 -1 -1.04 -1 -1.174 -1 -1.228 -1 44
-1.201 -1 -1.058 -1 -1.14 -1 -1.17 -1 27
-1.155 -1 -1.036 -1 -1.266 -1 -1.348 -1 64
-1.307 -1 -1.094 -1 -1.326 -1 -1.404 -1 66
-1.365 -1 -1.104 -1 -1.142 -1 -1.158 -1 10
-1.15 -1 -1.016 -1 -1.086 -1 -1.106 -1 20
-1.096 -1 -1.022 -1 -1.09 -1 -1.136 -1 21
-1.113 -1 -1.028 -1 -1.376 -1 -1.464 -1 94
-1.42 -1 -1.122 -1 -1.144 -1 -1.178 -1 7
-1.161 -1 -1.048 -1 -1.272 -1 -1.344 -1 61
-1.308 -1 -1.096 -1 -1.286 -1 -1.358 -1 59
-1.322 -1 -1.104 -1 -1.318 -1 -1.382 -1 48
-1.35 -1 -1.14 -1 -1.228 -1 -1.288 -1 23
-1.258 -1 -1.064 -1 -1.2 -1 -1.244 -1 42
-1.222 -1 -1.06 -1 -1.352 -1 -1.49 -1 94
-1.421 -1 -1.144 -1 -1.248 -1 -1.302 -1 32
-1.275 -1 -1.094 -1 -1.128 -1 -1.158 -1 9
-1.143 -1 -1.04 -1 -1.076 -1 -1.118 -1 10
-1.097 -1 -1.028 -1 -1.08 -1 -1.114 -1 14
-1.097 -1 -1.026 -1 -1.2 -1 -1.256 -1 46
-1.228 -1 -1.072 -1 -1.158 -1 -1.198 -1 25
-1.178 -1 -1.044 -1 -1.208 -1 -1.282 -1 44
-1.245 -1 -1.07 -1 -1.38 -1 -1.492 -1 88
-1.436 -1 -1.172 -1 -1.206 -1 -1.248 -1 12
-1.227 -1 -1.074 -1 -1.186 -1 -1.248 -1 35
-1.217 -1 -1.058 -1 -1.178 -1 -1.22 -1 34
-1.199 -1 -1.054 -1 -1.328 -1 -1.4 -1 70
-1.364 -1 -1.104 -1 -1.11 -1 -1.134 -1 2
-1.122 -1 -1.022 -1 -1.252 -1 -1.348 -1 65
-1.3 -1 -1.104 -1 -1.318 -1 -1.402 -1 55
-1.36 -1 -1.13 -1 -1.39 -1 -1.504 -1 85
-1.447 -1 -1.154 -1 -1.362 -1 -1.482 -1 72
-1.422 -1 -1.146 -1 -1.33 -1 -1.414 -1 47
-1.372 -1 -1.104 -1 -1.156 -1 -1.226 -1 14
-1.191 -1 -1.05 -1 -1.392 -1 -1.54 -1 98
-1.466 -1 -1.168 -1 -1.256 -1 -1.322 -1 21
-1.289 -1 -1.084 -1 -1.276 -1 -1.344 -1 49
-1.31 -1 -1.114 -1 -1.202 -1 -1.274 -1 32
-1.238 -1 -1.074 -1 -1.294 -1 -1.388 -1 68
-1.341 -1 -1.114 -1 -1.178 -1 -1.222 -1 23
-1.2 -1 -1.056 -1 -1.064 -1 -1.098 -1 2
-1.081 -1 -1.014 -1 -1.148 -1 -1.226 -1 40
-1.187 -1 -1.064 -1 -1.312 -1 -1.406 -1 71
-1.359 -1 -1.12 -1 -1.332 -1 -1.406 -1 69
-1.369 -1 -1.12 -1 -1.354 -1 -1.464 -1 70
-1.409 -1 -1.122 -1 -1.212 -1 -1.268 -1 32
-1.24 -1 -1.074 -1 -1.37 -1 -1.49 -1 87
-1.43 -1 -1.134 -1 -1.206 -1 -1.29 -1 24
-1.248 -1 -1.054 -1 -1.222 -1 -1.318 -1 52
-1.27 -1 -1.08 -1 -1.246 -1 -1.31 -1 47
-1.278 -1 -1.092 -1 -1.22 -1 -1.308 -1 42
-1.264 -1 -1.09 -1 -1.182 -1 -1.226 -1 25
-1.204 -1 -1.058 -1 -1.312 -1 -1.406 -1 80
-1.359 -1 -1.156 -1 -1.338 -1 -1.45 -1 69
-1.394 -1 -1.14 -1 -1.392 -1 -1.48 -1 75
-1.436 -1 -1.15 -1 -1.344 -1 -1.458 -1 64
-1.401 -1 -1.138 -1 -1.388 -1 -1.49 -1 64
-1.439 -1 -1.124 -1 -1.322 -1 -1.412 -1 64
-1.367 -1 -1.144 -1 -1.362 -1 -1.474 -1 73
-1.418 -1 -1.122 -1 -1.32 -1 -1.41 -1 61
-1.365 -1 -1.116 -1 -1.256 -1 -1.356 -1 45
-1.306 -1 -1.104 -1 -1.4 -1 -1.526 -1 85
-1.463 -1 -1.152 -1 -1.252 -1 -1.318 -1 32
-1.285 -1 -1.086 -1 -1.092 -1 -1.142 -1 3
-1.117 -1 -1.012 -1 -1.204 -1 -1.28 -1 55
-1.242 -1 -1.068 -1 -1.304 -1 -1.41 -1 69
-1.357 -1 -1.112 -1 -1.23 -1 -1.296 -1 33
-1.263 -1 -1.058 -1 -1.246 -1 -1.334 -1 54
-1.29 -1 -1.092 -1 -1.134 -1 -1.172 -1 16
-1.153 -1 -1.036 -1 -1.232 -1 -1.302 -1 52
-1.267 -1 -1.098 -1 -1.112 -1 -1.154 -1 3
-1.133 -1 -1.014 -1 -1.058 -1 -1.104 -1 11
-1.081 -1 -1.018 -1 -1.3 -1 -1.376 -1 84
-1.338 -1 -1.102 -1 -1.12 -1 -1.16 -1 4
-1.14 -1 -1.036 -1 -1.234 -1 -1.324 -1 62
-1.279 -1 -1.114 -1 -1.33 -1 -1.438 -1 58
-1.384 -1 -1.138 -1 -1.392 -1 -1.512 -1 79
-1.452 -1 -1.164 -1 -1.492 -1 -1.62 -1 95
-1.556 -1 -1.23 -1 -1.326 -1 -1.436 -1 34
-1.381 -1 -1.154 -1 -1.192 -1 -1.24 -1 12
-1.216 -1 -1.068 -1 -1.196 -1 -1.266 -1 42
-1.231 -1 -1.064 -1 -1.076 -1 -1.132 -1 4
-1.104 -1 -1.024 -1 -1.25 -1 -1.328 -1 87
-1.289 -1 -1.088 -1 -1.292 -1 -1.398 -1 69
-1.345 -1 -1.112 -1 -1.206 -1 -1.286 -1 30
-1.246 -1 -1.076 -1 -1.276 -1 -1.36 -1 68
-1.318 -1 -1.104 -1 -1.436 -1 -1.512 -1 98
-1.474 -1 -1.182 -1 -1.202 -1 -1.278 -1 4
-1.24 -1 -1.072 -1 -1.28 -1 -1.358 -1 60
-1.319 -1 -1.086 -1 -1.146 -1 -1.176 -1 18
-1.161 -1 -1.038 -1 -1.196 -1 -1.246 -1 43
-1.221 -1 -1.078 -1 -1.39 -1 -1.538 -1 97
-1.464 -1 -1.19 -1 -1.504 -1 -1.618 -1 89
-1.561 -1 -1.196 -1 -1.316 -1 -1.374 -1 43
-1.345 -1 -1.108 -1 -1.448 -1 -1.608 -1 98
-1.528 -1 -1.202 -1 -1.39 -1 -1.466 -1 62
-1.428 -1 -1.148 -1 -1.23 -1 -1.304 -1 25
-1.267 -1 -1.078 -1 -1.114 -1 -1.182 -1 9
-1.148 -1 -1.05 -1 -1.148 -1 -1.196 -1 24
-1.172 -1 -1.036 -1 -1.156 -1 -1.218 -1 37
-1.187 -1 -1.058 -1 -1.246 -1 -1.298 -1 59
-1.272 -1 -1.082 -1 -1.32 -1 -1.376 -1 72
-1.348 -1 -1.096 -1 -1.136 -1 -1.194 -1 12
-1.165 -1 -1.038 -1 -1.17 -1 -1.214 -1 43
-1.192 -1 -1.054 -1 -1.128 -1 -1.19 -1 17
-1.159 -1 -1.06 -1 -1.106 -1 -1.118 -1 14
-1.112 -1 -1.022 -1 -1.036 -1 -1.05 -1 7
-1.043 -1 -1.01 -1 -1.132 -1 -1.184 -1 41
-1.158 -1 -1.042 -1 -1.3 -1 -1.37 -1 74
-1.335 -1 -1.082 -1 -1.118 -1 -1.158 -1 10
-1.138 -1 -1.028 -1 -1.324 -1 -1.376 -1 99
-1.35 -1 -1.116 -1 -1.146 -1 -1.198 -1 8
-1.172 -1 -1.07 -1 -1.392 -1 -1.462 -1 90
-1.427 -1 -1.17 -1 -1.388 -1 -1.464 -1 65
-1.426 -1 -1.126 -1 -1.244 -1 -1.298 -1 26
-1.271 -1 -1.076 -1 -1.17 -1 -1.23 -1 31
-1.2 -1 -1.048 -1 -1.09 -1 -1.118 -1 9
-1.104 -1 -1.03 -1 -1.152 -1 -1.222 -1 32
-1.187 -1 -1.058 -1 -1.136 -1 -1.174 -1 20
-1.155 -1 -1.046 -1 -1.102 -1 -1.142 -1 18
-1.122 -1 -1.038 -1 -1.3 -1 -1.388 -1 66
-1.344 -1 -1.1 -1 -1.154 -1 -1.196 -1 15
-1.175 -1 -1.056 -1 -1.216 -1 -1.294 -1 41
-1.255 -1 -1.082 -1 -1.21 -1 -1.278 -1 35
-1.244 -1 -1.072 -1 -1.244 -1 -1.302 -1 51
-1.273 -1 -1.106 -1 -1.15 -1 -1.204 -1 14
-1.177 -1 -1.04 -1 -1.258 -1 -1.324 -1 65
-1.291 -1 -1.088 -1 -1.138 -1 -1.188 -1 17
-1.163 -1 -1.06 -1 -1.326 -1 -1.416 -1 80
-1.371 -1 -1.118 -1 -1.33 -1 -1.438 -1 71
-1.384 -1 -1.134 -1 -1.36 -1 -1.468 -1 65
-1.414 -1 -1.16 -1 -1.396 -1 -1.494 -1 74
-1.445 -1 -1.188 -1 -1.326 -1 -1.408 -1 43
-1.367 -1 -1.118 -1 -1.248 -1 -1.328 -1 48
-1.288 -1 -1.098 -1 -1.112 -1 -1.146 -1 3
-1.129 -1 -1.042 -1 -1.31 -1 -1.404 -1 91
-1.357 -1 -1.142 -1 -1.172 -1 -1.236 -1 15
-1.204 -1 -1.064 -1 -1.382 -1 -1.442 -1 76
-1.412 -1 -1.146 -1 -1.416 -1 -1.526 -1 78
-1.471 -1 -1.168 -1 -1.19 -1 -1.26 -1 5
-1.225 -1 -1.068 -1 -1.136 -1 -1.168 -1 21
-1.152 -1 -1.036 -1 -1.144 -1 -1.188 -1 27
-1.166 -1 -1.062 -1 -1.1 -1 -1.124 -1 7
-1.112 -1 -1.014 -1 -1.222 -1 -1.306 -1 67
-1.264 -1 -1.08 -1 -1.37 -1 -1.464 -1 90
-1.417 -1 -1.11 -1 -1.218 -1 -1.272 -1 32
-1.245 -1 -1.088 -1 -1.24 -1 -1.322 -1 48
-1.281 -1 -1.09 -1 -1.28 -1 -1.362 -1 52
-1.321 -1 -1.1 -1 -1.376 -1 -1.49 -1 83
-1.433 -1 -1.154 -1 -1.234 -1 -1.278 -1 19
-1.256 -1 -1.072 -1 -1.102 -1 -1.132 -1 6
-1.117 -1 -1.022 -1 -1.292 -1 -1.364 -1 78
-1.328 -1 -1.12 -1 -1.12 -1 -1.148 -1 0
-1.134 -1 -1.026 -1 -1.306 -1 -1.384 -1 84
-1.345 -1 -1.11 -1 -1.192 -1 -1.238 -1 30
-1.215 -1 -1.078 -1 -1.356 -1 -1.468 -1 83
-1.412 -1 -1.15 -1 -1.266 -1 -1.326 -1 39
-1.296 -1 -1.072 -1 -1.428 -1 -1.51 -1 93
-1.469 -1 -1.17 -1 -1.416 -1 -1.526 -1 78
-1.471 -1 -1.174 -1 -1.2 -1 -1.256 -1 12
-1.228 -1 -1.074 -1 -1.148 -1 -1.212 -1 21
-1.18 -1 -1.056 -1 -1.14 -1 -1.188 -1 23
-1.164 -1 -1.058 -1 -1.104 -1 -1.156 -1 11
-1.13 -1 -1.032 -1 -1.368 -1 -1.48 -1 98
-1.424 -1 -1.148 -1 -1.298 -1 -1.376 -1 43
-1.337 -1 -1.136 -1 -1.216 -1 -1.326 -1 26
-1.271 -1 -1.082 -1 -1.276 -1 -1.338 -1 63
-1.307 -1 -1.1 -1 -1.218 -1 -1.288 -1 41
-1.253 -1 -1.078 -1 -1.232 -1 -1.318 -1 48
-1.275 -1 -1.098 -1 -1.314 -1 -1.416 -1 70
-1.365 -1 -1.128 -1 -1.262 -1 -1.32 -1 36
-1.291 -1 -1.082 -1 -1.176 -1 -1.234 -1 29
-1.205 -1 -1.056 -1 -1.342 -1 -1.442 -1 86
-1.392 -1 -1.126 -1 -1.22 -1 -1.282 -1 29
-1.251 -1 -1.086 -1 -1.362 -1 -1.472 -1 85
-1.417 -1 -1.136 -1 -1.446 -1 -1.566 -1 99
-1.506 -1 -1.176 -1 -1.292 -1 -1.386 -1 33
-1.339 -1 -1.12 -1 -1.362 -1 -1.466 -1 84
-1.414 -1 -1.152 -1 -1.46 -1 -1.562 -1 94
-1.511 -1 -1.212 -1 -1.496 -1 -1.628 -1 89
-1.562 -1 -1.194 -1 -1.274 -1 -1.368 -1 24
-1.321 -1 -1.114 -1 -1.202 -1 -1.274 -1 27
-1.238 -1 -1.07 -1 -1.2 -1 -1.27 -1 26
-1.235 -1 -1.064 -1 -1.398 -1 -1.528 -1 98
-1.463 -1 -1.182 -1 -1.492 -1 -1.606 -1 85
-1.549 -1 -1.216 -1 -1.29 -1 -1.35 -1 20
-1.32 -1 -1.114 -1 -1.278 -1 -1.354 -1 46
-1.316 -1 -1.096 -1 -1.352 -1 -1.448 -1 79
-1.4 -1 -1.15 -1 -1.314 -1 -1.412 -1 45
-1.363 -1 -1.118 -1 -1.212 -1 -1.286 -1 32
-1.249 -1 -1.088 -1 -1.142 -1 -1.174 -1 18
-1.158 -1 -1.036 -1 -1.178 -1 -1.236 -1 35
-1.207 -1 -1.058 -1 -1.296 -1 -1.368 -1 71
-1.332 -1 -1.108 -1 -1.26 -1 -1.332 -1 44
-1.296 -1 -1.08 -1 -1.184 -1 -1.234 -1 32
-1.209 -1 -1.06 -1 -1.38 -1 -1.466 -1 99
-1.423 -1 -1.108 -1 -1.328 -1 -1.442 -1 70
-1.385 -1 -1.134 -1 -1.37 -1 -1.436 -1 75
-1.403 -1 -1.128 -1 -1.436 -1 -1.566 -1 93
-1.501 -1 -1.184 -1 -1.336 -1 -1.462 -1 50
-1.399 -1 -1.118 -1 -1.118 -1 -1.16 -1 0
-1.139 -1 -1.024 -1 -1.354 -1 -1.498 -1 96
-1.426 -1 -1.138 -1 -1.358 -1 -1.452 -1 63
-1.405 -1 -1.13 -1 -1.222 -1 -1.326 -1 36
-1.274 -1 -1.098 -1 -1.316 -1 -1.426 -1 69
-1.371 -1 -1.122 -1 -1.228 -1 -1.308 -1 36
-1.268 -1 -1.076 -1 -1.152 -1 -1.196 -1 17
-1.174 -1 -1.032 -1 -1.254 -1 -1.382 -1 61
-1.318 -1 -1.098 -1 -1.216 -1 -1.324 -1 41
-1.27 -1 -1.072 -1 -1.368 -1 -1.476 -1 91
-1.422 -1 -1.14 -1 -1.212 -1 -1.26 -1 23
-1.236 -1 -1.052 -1 -1.052 -1 -1.074 -1 1
-1.063 -1 -1.006 -1 -1.214 -1 -1.302 -1 59
-1.258 -1 -1.088 -1 -1.088 -1 -1.118 -1 0
-1.103 -1 -1.024 -1 -1.07 -1 -1.122 -1 12
-1.096 -1 -1.026 -1 -1.212 -1 -1.282 -1 50
-1.247 -1 -1.074 -1 -1.184 -1 -1.24 -1 30
-1.212 -1 -1.064 -1 -1.32 -1 -1.382 -1 79
-1.351 -1 -1.108 -1 -1.408 -1 -1.496 -1 92
-1.452 -1 -1.164 -1 -1.222 -1 -1.28 -1 15
-1.251 -1 -1.072 -1 -1.376 -1 -1.514 -1 94
-1.445 -1 -1.154 -1 -1.256 -1 -1.32 -1 34
-1.288 -1 -1.108 -1 -1.216 -1 -1.28 -1 29
-1.248 -1 -1.07 -1 -1.338 -1 -1.442 -1 92
-1.39 -1 -1.134 -1 -1.23 -1 -1.312 -1 33
-1.271 -1 -1.082 -1 -1.242 -1 -1.334 -1 40
-1.288 -1 -1.104 -1 -1.104 -1 -1.138 -1 1
-1.121 -1 -1.03 -1 -1.276 -1 -1.35 -1 77
-1.313 -1 -1.082 -1 -1.358 -1 -1.442 -1 88
-1.4 -1 -1.148 -1 -1.302 -1 -1.384 -1 55
-1.343 -1 -1.126 -1 -1.214 -1 -1.258 -1 28
-1.236 -1 -1.076 -1 -1.406 -1 -1.558 -1 98
-1.482 -1 -1.174 -1 -1.436 -1 -1.538 -1 75
-1.487 -1 -1.198 -1 -1.25 -1 -1.334 -1 18
-1.292 -1 -1.092 -1 -1.098 -1 -1.138 -1 6
-1.118 -1 -1.014 -1 -1.208 -1 -1.284 -1 57
-1.246 -1 -1.09 -1 -1.302 -1 -1.4 -1 53
-1.351 -1 -1.1 -1 -1.358 -1 -1.474 -1 88
-1.416 -1 -1.15 -1 -1.278 -1 -1.366 -1 39
-1.322 -1 -1.12 -1 -1.414 -1 -1.526 -1 94
-1.47 -1 -1.18 -1 -1.494 -1 -1.612 -1 97
-1.553 -1 -1.212 -1 -1.4 -1 -1.498 -1 52
-1.449 -1 -1.172 -1 -1.19 -1 -1.242 -1 3
-1.216 -1 -1.07 -1 -1.286 -1 -1.39 -1 65
-1.338 -1 -1.104 -1 -1.334 -1 -1.424 -1 72
-1.379 -1 -1.112 -1 -1.212 -1 -1.274 -1 32
-1.243 -1 -1.074 -1 -1.108 -1 -1.138 -1 13
-1.123 -1 -1.022 -1 -1.238 -1 -1.32 -1 62
-1.279 -1 -1.094 -1 -1.426 -1 -1.54 -1 90
-1.483 -1 -1.18 -1 -1.434 -1 -1.584 -1 85
-1.509 -1 -1.23 -1 -1.282 -1 -1.34 -1 15
-1.311 -1 -1.098 -1 -1.246 -1 -1.314 -1 40
-1.28 -1 -1.074 -1 -1.138 -1 -1.196 -1 22
-1.167 -1 -1.03 -1 -1.038 -1 -1.076 -1 3
-1.057 -1 -1.006 -1 -1.162 -1 -1.218 -1 40
-1.19 -1 -1.062 -1 -1.342 -1 -1.43 -1 84
-1.386 -1 -1.124 -1 -1.24 -1 -1.326 -1 35
-1.283 -1 -1.09 -1 -1.2 -1 -1.284 -1 34
-1.242 -1 -1.068 -1 -1.192 -1 -1.258 -1 32
-1.225 -1 -1.062 -1 -1.342 -1 -1.434 -1 83
-1.388 -1 -1.114 -1 -1.26 -1 -1.37 -1 41
-1.315 -1 -1.102 -1 -1.402 -1 -1.502 -1 97
-1.452 -1 -1.172 -1 -1.23 -1 -1.28 -1 14
-1.255 -1 -1.06 -1 -1.136 -1 -1.202 -1 24
-1.169 -1 -1.056 -1 -1.388 -1 -1.522 -1 88
-1.455 -1 -1.16 -1 -1.4 -1 -1.524 -1 80
-1.462 -1 -1.16 -1 -1.236 -1 -1.312 -1 27
-1.274 -1 -1.078 -1 -1.322 -1 -1.42 -1 76
-1.371 -1 -1.112 -1 -1.352 -1 -1.442 -1 77
-1.397 -1 -1.146 -1 -1.336 -1 -1.446 -1 61
-1.391 -1 -1.148 -1 -1.21 -1 -1.288 -1 17
-1.249 -1 -1.072 -1 -1.108 -1 -1.156 -1 8
-1.132 -1 -1.028 -1 -1.082 -1 -1.13 -1 11
-1.106 -1 -1.03 -1 -1.17 -1 -1.244 -1 35
-1.207 -1 -1.074 -1 -1.286 -1 -1.41 -1 63
-1.348 -1 -1.126 -1 -1.23 -1 -1.29 -1 37
-1.26 -1 -1.066 -1 -1.226 -1 -1.29 -1 49
-1.258 -1 -1.068 -1 -1.1 -1 -1.13 -1 7
-1.115 -1 -1.02 -1 -1.042 -1 -1.07 -1 6
-1.056 -1 -1.006 -1 -1.18 -1 -1.232 -1 50
-1.206 -1 -1.07 -1 -1.242 -1 -1.34 -1 50
-1.291 -1 -1.11 -1 -1.36 -1 -1.478 -1 80
-1.419 -1 -1.17 -1 -1.3 -1 -1.37 -1 36
-1.335 -1 -1.108 -1 -1.134 -1 -1.186 -1 7
-1.16 -1 -1.02 -1 -1.146 -1 -1.218 -1 36
-1.182 -1 -1.058 -1 -1.228 -1 -1.274 -1 42
-1.251 -1 -1.056 -1 -1.262 -1 -1.352 -1 57
-1.307 -1 -1.104 -1 -1.286 -1 -1.342 -1 45
-1.314 -1 -1.122 -1 -1.206 -1 -1.274 -1 23
-1.24 -1 -1.068 -1 -1.356 -1 -1.44 -1 88
-1.398 -1 -1.14 -1 -1.26 -1 -1.356 -1 36
-1.308 -1 -1.096 -1 -1.234 -1 -1.312 -1 43
-1.273 -1 -1.078 -1 -1.168 -1 -1.242 -1 32
-1.205 -1 -1.056 -1 -1.166 -1 -1.226 -1 32
-1.196 -1 -1.06 -1 -1.102 -1 -1.138 -1 13
-1.12 -1 -1.028 -1 -1.072 -1 -1.082 -1 13
-1.077 -1 -1.008 -1 -1.206 -1 -1.264 -1 55
-1.235 -1 -1.064 -1 -1.09 -1 -1.114 -1 6
-1.102 -1 -1.022 -1 -1.212 -1 -1.272 -1 59
-1.242 -1 -1.094 -1 -1.176 -1 -1.222 -1 27
-1.199 -1 -1.048 -1 -1.392 -1 -1.486 -1 94
-1.439 -1 -1.148 -1 -1.344 -1 -1.416 -1 65
-1.38 -1 -1.112 -1 -1.13 -1 -1.18 -1 5
-1.155 -1 -1.036 -1 -1.042 -1 -1.07 -1 1
-1.056 -1 -1.01 -1 -1.206 -1 -1.28 -1 53
-1.243 -1 -1.08 -1 -1.11 -1 -1.148 -1 7
-1.129 -1 -1.036 -1 -1.044 -1 -1.054 -1 2
-1.049 -1 -1.012 -1 -1.296 -1 -1.348 -1 86
-1.322 -1 -1.104 -1 -1.404 -1 -1.53 -1 93
-1.467 -1 -1.212 -1 -1.238 -1 -1.284 -1 8
-1.261 -1 -1.078 -1 -1.224 -1 -1.288 -1 31
-1.256 -1 -1.068 -1 -1.272 -1 -1.342 -1 64
-1.307 -1 -1.114 -1 -1.342 -1 -1.442 -1 71
-1.392 -1 -1.132 -1 -1.458 -1 -1.536 -1 99
-1.497 -1 -1.2 -1 -1.258 -1 -1.362 -1 15
-1.31 -1 -1.124 -1 -1.284 -1 -1.356 -1 56
-1.32 -1 -1.092 -1 -1.308 -1 -1.388 -1 68
-1.348 -1 -1.13 -1 -1.142 -1 -1.194 -1 3
-1.168 -1 -1.034 -1 -1.046 -1 -1.068 -1 4
-1.057 -1 -1.014 -1 -1.2 -1 -1.276 -1 60
-1.238 -1 -1.086 -1 -1.408 -1 -1.528 -1 97
-1.468 -1 -1.166 -1 -1.38 -1 -1.47 -1 67
-1.425 -1 -1.146 -1 -1.44 -1 -1.554 -1 93
-1.497 -1 -1.198 -1 -1.218 -1 -1.288 -1 3
-1.253 -1 -1.082 -1 -1.284 -1 -1.392 -1 59
-1.338 -1 -1.118 -1 -1.206 -1 -1.264 -1 28
-1.235 -1 -1.062 -1 -1.386 -1 -1.482 -1 97
-1.434 -1 -1.14 -1 -1.204 -1 -1.278 -1 24
-1.241 -1 -1.076 -1 -1.086 -1 -1.124 -1 3
-1.105 -1 -1.02 -1 -1.306 -1 -1.4 -1 89
-1.353 -1 -1.112 -1 -1.152 -1 -1.204 -1 12
-1.178 -1 -1.036 -1 -1.144 -1 -1.188 -1 21
-1.166 -1 -1.032 -1 -1.204 -1 -1.278 -1 56
-1.241 -1 -1.066 -1 -1.16 -1 -1.232 -1 25
-1.196 -1 -1.044 -1 -1.334 -1 -1.452 -1 89
-1.393 -1 -1.136 -1 -1.414 -1 -1.526 -1 85
-1.47 -1 -1.162 -1 -1.198 -1 -1.27 -1 13
-1.234 -1 -1.056 -1 -1.334 -1 -1.41 -1 77
-1.372 -1 -1.142 -1 -1.206 -1 -1.294 -1 25
-1.25 -1 -1.078 -1 -1.168 -1 -1.264 -1 26
-1.216 -1 -1.086 -1 -1.352 -1 -1.438 -1 72
-1.395 -1 -1.122 -1 -1.138 -1 -1.2 -1 5
-1.169 -1 -1.066 -1 -1.204 -1 -1.274 -1 36
-1.239 -1 -1.058 -1 -1.306 -1 -1.392 -1 70
-1.349 -1 -1.106 -1 -1.444 -1 -1.578 -1 93
-1.511 -1 -1.222 -1 -1.478 -1 -1.592 -1 88
-1.535 -1 -1.188 -1 -1.26 -1 -1.356 -1 25
-1.308 -1 -1.1 -1 -1.364 -1 -1.438 -1 75
-1.401 -1 -1.144 -1 -1.272 -1 -1.322 -1 45
-1.297 -1 -1.074 -1 -1.33 -1 -1.406 -1 69
-1.368 -1 -1.14 -1 -1.412 -1 -1.53 -1 81
-1.471 -1 -1.19 -1 -1.206 -1 -1.28 -1 8
-1.243 -1 -1.062 -1 -1.128 -1 -1.182 -1 17
-1.155 -1 -1.04 -1 -1.042 -1 -1.08 -1 1
-1.061 -1 -1.006 -1 -1.192 -1 -1.248 -1 50
-1.22 -1 -1.066 -1 -1.2 -1 -1.246 -1 37
-1.223 -1 -1.058 -1 -1.252 -1 -1.366 -1 56
-1.309 -1 -1.092 -1 -1.306 -1 -1.418 -1 72
-1.362 -1 -1.154 -1 -1.348 -1 -1.438 -1 60
-1.393 -1 -1.132 -1 -1.34 -1 -1.456 -1 65
-1.398 -1 -1.136 -1 -1.166 -1 -1.2 -1 11
-1.183 -1 -1.06 -1 -1.094 -1 -1.132 -1 13
-1.113 -1 -1.026 -1 -1.266 -1 -1.35 -1 63
-1.308 -1 -1.096 -1 -1.334 -1 -1.42 -1 71
-1.377 -1 -1.13 -1 -1.25 -1 -1.304 -1 28
-1.277 -1 -1.078 -1 -1.164 -1 -1.202 -1 25
-1.183 -1 -1.064 -1 -1.204 -1 -1.248 -1 43
-1.226 -1 -1.07 -1 -1.364 -1 -1.472 -1 88
-1.418 -1 -1.148 -1 -1.162 -1 -1.2 -1 7
-1.181 -1 -1.034 -1 -1.284 -1 -1.34 -1 66
-1.312 -1 -1.094 -1 -1.166 -1 -1.224 -1 22
-1.195 -1 -1.062 -1 -1.226 -1 -1.302 -1 51
-1.264 -1 -1.076 -1 -1.078 -1 -1.114 -1 2
-1.096 -1 -1.02 -1 -1.054 -1 -1.066 -1 6
-1.06 -1 -1.004 -1 -1.244 -1 -1.3 -1 65
-1.272 -1 -1.078 -1 -1.184 -1 -1.244 -1 28
-1.214 -1 -1.056 -1 -1.318 -1 -1.408 -1 90
-1.363 -1 -1.114 -1 -1.404 -1 -1.534 -1 96
-1.469 -1 -1.204 -1 -1.354 -1 -1.434 -1 45
-1.394 -1 -1.166 -1 -1.212 -1 -1.258 -1 18
-1.235 -1 -1.064 -1 -1.318 -1 -1.408 -1 74
-1.363 -1 -1.13 -1 -1.3 -1 -1.346 -1 45
-1.323 -1 -1.098 -1 -1.306 -1 -1.432 -1 69
-1.369 -1 -1.148 -1 -1.3 -1 -1.418 -1 45
-1.359 -1 -1.114 -1 -1.324 -1 -1.414 -1 58
-1.369 -1 -1.134 -1 -1.266 -1 -1.352 -1 38
-1.309 -1 -1.098 -1 -1.382 -1 -1.524 -1 84
-1.453 -1 -1.162 -1 -1.438 -1 -1.552 -1 82
-1.495 -1 -1.18 -1 -1.338 -1 -1.384 -1 43
-1.361 -1 -1.102 -1 -1.208 -1 -1.286 -1 40
-1.247 -1 -1.082 -1 -1.21 -1 -1.3 -1 38
-1.255 -1 -1.074 -1 -1.382 -1 -1.486 -1 89
-1.434 -1 -1.142 -1 -1.366 -1 -1.49 -1 69
-1.428 -1 -1.178 -1 -1.48 -1 -1.614 -1 96
-1.547 -1 -1.216 -1 -1.3 -1 -1.386 -1 23
-1.343 -1 -1.116 -1 -1.27 -1 -1.372 -1 47
-1.321 -1 -1.122 -1 -1.25 -1 -1.35 -1 46
-1.3 -1 -1.094 -1 -1.146 -1 -1.212 -1 17
-1.179 -1 -1.044 -1 -1.238 -1 -1.346 -1 57
-1.292 -1 -1.092 -1 -1.384 -1 -1.498 -1 86
-1.441 -1 -1.14 -1 -1.194 -1 -1.278 -1 15
-1.236 -1 -1.064 -1 -1.38 -1 -1.494 -1 87
-1.437 -1 -1.178 -1 -1.294 -1 -1.376 -1 39
-1.335 -1 -1.098 -1 -1.23 -1 -1.306 -1 37
-1.268 -1 -1.092 -1 -1.246 -1 -1.34 -1 43
-1.293 -1 -1.092 -1 -1.378 -1 -1.466 -1 81
-1.422 -1 -1.132 -1 -1.152 -1 -1.216 -1 5
-1.184 -1 -1.054 -1 -1.25 -1 -1.318 -1 59
-1.284 -1 -1.082 -1 -1.3 -1 -1.42 -1 67
-1.36 -1 -1.134 -1 -1.342 -1 -1.428 -1 59
-1.385 -1 -1.124 -1 -1.368 -1 -1.498 -1 75
-1.433 -1 -1.126 -1 -1.138 -1 -1.24 -1 5
-1.189 -1 -1.054 -1 -1.076 -1 -1.094 -1 6
-1.085 -1 -1.01 -1 -1.146 -1 -1.224 -1 45
-1.185 -1 -1.062 -1 -1.212 -1 -1.29 -1 43
-1.251 -1 -1.08 -1 -1.186 -1 -1.248 -1 36
-1.217 -1 -1.068 -1 -1.266 -1 -1.374 -1 57
-1.32 -1 -1.098 -1 -1.29 -1 -1.368 -1 59
-1.329 -1 -1.098 -1 -1.4 -1 -1.5 -1 95
-1.45 -1 -1.15 -1 -1.288 -1 -1.352 -1 41
-1.32 -1 -1.102 -1 -1.326 -1 -1.46 -1 77
-1.393 -1 -1.15 -1 -1.288 -1 -1.39 -1 35
-1.339 -1 -1.094 -1 -1.252 -1 -1.326 -1 46
-1.289 -1 -1.098 -1 -1.294 -1 -1.364 -1 72
-1.329 -1 -1.1 -1 -1.194 -1 -1.226 -1 28
-1.21 -1 -1.062 -1 -1.324 -1 -1.394 -1 75
-1.359 -1 -1.12 -1 -1.356 -1 -1.406 -1 80
-1.381 -1 -1.096 -1 -1.114 -1 -1.166 -1 5
-1.14 -1 -1.024 -1 -1.038 -1 -1.062 -1 5
-1.05 -1 -1.01 -1 -1.124 -1 -1.182 -1 27
-1.153 -1 -1.042 -1 -1.166 -1 -1.22 -1 45
-1.193 -1 -1.062 -1 -1.24 -1 -1.298 -1 49
-1.269 -1 -1.072 -1 -1.35 -1 -1.492 -1 86
-1.421 -1 -1.186 -1 -1.406 -1 -1.538 -1 74
-1.472 -1 -1.172 -1 -1.358 -1 -1.408 -1 58
-1.383 -1 -1.108 -1 -1.376 -1 -1.488 -1 80
-1.432 -1 -1.126 -1 -1.31 -1 -1.396 -1 46
-1.353 -1 -1.116 -1 -1.284 -1 -1.42 -1 61
-1.352 -1 -1.118 -1 -1.146 -1 -1.182 -1 9
-1.164 -1 -1.032 -1 -1.05 -1 -1.082 -1 4
-1.066 -1 -1.008 -1 -1.262 -1 -1.334 -1 72
-1.298 -1 -1.102 -1 -1.42 -1 -1.544 -1 99
-1.482 -1 -1.16 -1 -1.37 -1 -1.468 0 72
