7 1000 0.1 3 18 0 0 0 0
-3.233 -1 -2.966 -1 -2.966 -1 -3.114 -1 2
-3.04 -1 -2.768 -1 -2.774 -1 -3.036 -1 22
-2.905 -1 -2.614 -1 -2.654 -1 -2.944 -1 42
-2.799 -1 -2.512 -1 -2.522 -1 -2.938 -1 9
-2.73 -1 -2.45 -1 -2.468 -1 -2.82 -1 18
-2.644 -1 -2.412 -1 -2.434 -1 -2.778 -1 30
-2.606 -1 -2.346 -1 -2.376 -1 -2.666 -1 30
-2.521 -1 -2.268 -1 -2.286 -1 -2.684 -1 17
-2.485 -1 -2.212 -1 -2.266 -1 -2.646 -1 42
-2.456 -1 -2.214 -1 -2.286 -1 -2.758 -1 47
-2.522 -1 -2.218 -1 -2.27 -1 -2.664 -1 45
-2.467 -1 -2.2 -1 -2.25 -1 -2.698 -1 45
-2.474 -1 -2.2 -1 -2.204 -1 -2.624 -1 6
-2.414 -1 -2.178 -1 -2.23 -1 -2.622 -1 32
-2.426 -1 -2.158 -1 -2.208 -1 -2.546 -1 49
-2.377 -1 -2.116 -1 -2.12 -1 -2.52 -1 5
-2.32 -1 -2.048 -1 -2.1 -1 -2.54 -1 48
-2.32 -1 -2.046 -1 -2.05 -1 -2.55 0 10
