8 1000 0.6 5 37 0 0 0 0
-3.462 -1 -3.076 -1 -3.082 -1 -3.254 -1 2
-3.168 -1 -2.764 -1 -2.932 -1 -3.182 -1 195
-3.057 -1 -2.68 -1 -2.85 -1 -3.14 -1 239
-2.995 -1 -2.626 -1 -2.724 -1 -3.002 -1 113
-2.863 -1 -2.474 -1 -2.658 -1 -3.01 -1 141
-2.834 -1 -2.478 -1 -2.568 -1 -2.988 -1 67
-2.778 -1 -2.442 -1 -2.674 -1 -3 -1 249
-2.837 -1 -2.488 -1 -2.696 -1 -3.032 -1 173
-2.864 -1 -2.44 -1 -2.68 -1 -3.066 -1 224
-2.873 -1 -2.47 -1 -2.662 -1 -2.998 -1 194
-2.83 -1 -2.444 -1 -2.52 -1 -2.902 -1 63
-2.711 -1 -2.36 -1 -2.65 -1 -2.96 -1 226
-2.805 -1 -2.458 -1 -2.702 -1 -3.038 -1 195
-2.87 -1 -2.476 -1 -2.616 -1 -2.976 -1 98
-2.796 -1 -2.404 -1 -2.66 -1 -3 -1 228
-2.83 -1 -2.472 -1 -2.624 -1 -2.992 -1 184
-2.808 -1 -2.4 -1 -2.498 -1 -2.926 -1 79
-2.712 -1 -2.37 -1 -2.432 -1 -2.868 -1 50
-2.65 -1 -2.352 -1 -2.434 -1 -2.788 -1 52
-2.611 -1 -2.282 -1 -2.622 -1 -2.982 -1 264
-2.802 -1 -2.372 -1 -2.496 -1 -2.852 -1 100
-2.674 -1 -2.274 -1 -2.49 -1 -2.842 -1 154
-2.666 -1 -2.298 -1 -2.538 -1 -2.92 -1 181
-2.729 -1 -2.326 -1 -2.662 -1 -2.92 -1 281
-2.791 -1 -2.374 -1 -2.438 -1 -2.822 -1 79
-2.63 -1 -2.272 -1 -2.492 -1 -2.888 -1 196
-2.69 -1 -2.326 -1 -2.538 -1 -2.898 -1 161
-2.718 -1 -2.382 -1 -2.656 -1 -2.924 -1 230
-2.79 -1 -2.408 -1 -2.658 -1 -3.044 -1 242
-2.851 -1 -2.478 -1 -2.694 -1 -2.99 -1 238
-2.842 -1 -2.468 -1 -2.684 -1 -2.998 -1 233
-2.841 -1 -2.438 -1 -2.556 -1 -2.916 -1 82
-2.736 -1 -2.398 -1 -2.706 -1 -2.942 -1 284
-2.824 -1 -2.4 -1 -2.478 -1 -2.846 -1 59
-2.662 -1 -2.298 -1 -2.638 -1 -2.986 -1 297
-2.812 -1 -2.384 -1 -2.51 -1 -2.888 -1 132
-2.699 -1 -2.316 -1 -2.44 -1 -2.83 0 98
