8 1000 0.2 3 63 0 0 0 0
-3.472 -1 -3.148 -1 -3.204 -1 -3.272 -1 62
-3.238 -1 -2.926 -1 -2.988 -1 -3.2 -1 69
-3.094 -1 -2.82 -1 -2.848 -1 -3.09 -1 58
-2.969 -1 -2.658 -1 -2.684 -1 -3.046 -1 31
-2.865 -1 -2.612 -1 -2.648 -1 -3.008 -1 36
-2.828 -1 -2.536 -1 -2.58 -1 -2.954 -1 38
-2.767 -1 -2.506 -1 -2.566 -1 -2.958 -1 56
-2.762 -1 -2.486 -1 -2.502 -1 -2.894 -1 14
-2.698 -1 -2.428 -1 -2.432 -1 -2.892 -1 25
-2.662 -1 -2.402 -1 -2.474 -1 -2.868 -1 75
-2.671 -1 -2.412 -1 -2.458 -1 -2.852 -1 32
-2.655 -1 -2.38 -1 -2.426 -1 -2.884 -1 37
-2.655 -1 -2.362 -1 -2.374 -1 -2.792 -1 12
-2.583 -1 -2.348 -1 -2.384 -1 -2.862 -1 28
-2.623 -1 -2.342 -1 -2.402 -1 -2.78 -1 38
-2.591 -1 -2.298 -1 -2.364 -1 -2.672 -1 52
-2.518 -1 -2.214 -1 -2.248 -1 -2.726 -1 15
-2.487 -1 -2.234 -1 -2.328 -1 -2.726 -1 56
-2.527 -1 -2.238 -1 -2.332 -1 -2.802 -1 46
-2.567 -1 -2.32 -1 -2.36 -1 -2.758 -1 30
-2.559 -1 -2.294 -1 -2.356 -1 -2.734 -1 70
-2.545 -1 -2.236 -1 -2.324 -1 -2.716 -1 53
-2.52 -1 -2.276 -1 -2.408 -1 -2.77 -1 86
-2.589 -1 -2.324 -1 -2.324 -1 -2.732 -1 0
-2.528 -1 -2.268 -1 -2.32 -1 -2.728 -1 41
-2.524 -1 -2.22 -1 -2.226 -1 -2.668 -1 5
-2.447 -1 -2.176 -1 -2.312 -1 -2.702 -1 98
-2.507 -1 -2.258 -1 -2.34 -1 -2.67 -1 61
-2.505 -1 -2.234 -1 -2.344 -1 -2.738 -1 69
-2.541 -1 -2.268 -1 -2.386 -1 -2.646 -1 87
-2.516 -1 -2.242 -1 -2.354 -1 -2.714 -1 71
-2.534 -1 -2.252 -1 -2.332 -1 -2.772 -1 41
-2.552 -1 -2.264 -1 -2.302 -1 -2.69 -1 35
-2.496 -1 -2.218 -1 -2.292 -1 -2.686 -1 69
-2.489 -1 -2.226 -1 -2.352 -1 -2.706 -1 95
-2.529 -1 -2.244 -1 -2.332 -1 -2.678 -1 61
-2.505 -1 -2.208 -1 -2.256 -1 -2.624 -1 27
-2.44 -1 -2.146 -1 -2.216 -1 -2.652 -1 53
-2.434 -1 -2.104 -1 -2.228 -1 -2.666 -1 76
-2.447 -1 -2.162 -1 -2.242 -1 -2.61 -1 48
-2.426 -1 -2.162 -1 -2.292 -1 -2.664 -1 68
-2.478 -1 -2.2 -1 -2.226 -1 -2.616 -1 31
-2.421 -1 -2.162 -1 -2.176 -1 -2.532 -1 25
-2.354 -1 -2.056 -1 -2.166 -1 -2.51 -1 87
-2.338 -1 -2.078 -1 -2.224 -1 -2.59 -1 90
-2.407 -1 -2.13 -1 -2.186 -1 -2.55 -1 36
-2.368 -1 -2.032 -1 -2.088 -1 -2.486 -1 32
-2.287 -1 -1.978 -1 -2.11 -1 -2.43 -1 76
-2.27 -1 -1.974 -1 -2.114 -1 -2.536 -1 85
-2.325 -1 -1.956 -1 -2.152 -1 -2.5 -1 97
-2.326 -1 -1.998 -1 -2.13 -1 -2.376 -1 78
-2.253 -1 -1.886 -1 -1.9 -1 -2.174 -1 6
-2.037 -1 -1.744 -1 -1.762 -1 -2.148 -1 11
-1.955 -1 -1.69 -1 -1.71 -1 -1.988 -1 5
-1.849 -1 -1.59 -1 -1.688 -1 -2.084 -1 54
-1.886 -1 -1.6 -1 -1.78 -1 -2.05 -1 79
-1.915 -1 -1.592 -1 -1.602 -1 -1.916 -1 6
-1.759 -1 -1.464 -1 -1.536 -1 -1.822 -1 31
-1.679 -1 -1.404 -1 -1.5 -1 -1.794 -1 40
-1.647 -1 -1.356 -1 -1.566 -1 -1.808 -1 71
-1.687 -1 -1.376 -1 -1.408 -1 -1.692 -1 11
-1.55 -1 -1.316 -1 -1.528 -1 -1.808 -1 79
-1.668 -1 -1.392 -1 -1.548 -1 -1.738 0 75
