6 1000 0.2 5 12 0 0 0 0
-3.024 -1 -2.626 -1 -2.666 -1 -2.864 -1 35
-2.765 -1 -2.4 -1 -2.42 -1 -2.644 -1 52
-2.532 -1 -2.236 -1 -2.314 -1 -2.634 -1 63
-2.474 -1 -2.134 -1 -2.202 -1 -2.576 -1 85
-2.389 -1 -2.076 -1 -2.124 -1 -2.59 -1 50
-2.357 -1 -2.024 -1 -2.098 -1 -2.508 -1 46
-2.303 -1 -1.974 -1 -2.048 -1 -2.504 -1 46
-2.276 -1 -1.94 -1 -2.032 -1 -2.496 -1 82
-2.264 -1 -1.908 -1 -1.964 -1 -2.42 -1 65
-2.192 -1 -1.852 -1 -1.994 -1 -2.43 -1 94
-2.212 -1 -1.854 -1 -1.958 -1 -2.464 -1 88
-2.211 -1 -1.886 -1 -1.894 -1 -2.364 0 6
