10 1000 0.9 9 1211 0 0 0 0
-3.767 -1 -3.304 -1 -3.33 -1 -3.48 -1 50
-3.405 -1 -2.95 -1 -3.232 -1 -3.466 -2 310
-3.349 -1 -2.966 -1 -3.132 -1 -3.406 -1 264
-3.269 -1 -2.862 -1 -3.176 -1 -3.46 -2 330
-3.318 -1 -2.876 -1 -2.91 -1 -3.34 -1 37
-3.125 -1 -2.73 -1 -2.916 -1 -3.27 -2 161
-3.093 -1 -2.67 -1 -2.992 -1 -3.278 -1 255
-3.135 -1 -2.676 -1 -2.942 -1 -3.254 -1 267
-3.098 -1 -2.658 -1 -3.008 -1 -3.304 -1 336
-3.156 -1 -2.714 -1 -2.78 -1 -3.18 -1 41
-2.98 -1 -2.574 -1 -3.012 -1 -3.396 -1 390
-3.204 -1 -2.772 -1 -3.024 -1 -3.348 -1 293
-3.186 -1 -2.724 -1 -2.784 -1 -3.31 -1 53
-3.047 -1 -2.638 -1 -2.944 -1 -3.32 -2 292
-3.132 -1 -2.672 -1 -2.96 -1 -3.288 -1 252
-3.124 -1 -2.682 -1 -2.802 -1 -3.202 -1 119
-3.002 -1 -2.59 -1 -2.916 -1 -3.286 -1 288
-3.101 -1 -2.626 -1 -2.966 -1 -3.26 -2 297
-3.113 -1 -2.646 -1 -2.67 -1 -3.126 -2 21
-2.898 -1 -2.496 -1 -3.032 -1 -3.308 -1 354
-3.17 -1 -2.648 -1 -2.842 -1 -3.146 -1 158
-2.994 -1 -2.572 -1 -3.052 -1 -3.386 -1 426
-3.219 -1 -2.748 -1 -2.818 -1 -3.21 -1 43
-3.014 -1 -2.606 -1 -3.074 -1 -3.348 -1 424
-3.211 -1 -2.732 -1 -3.178 -1 -3.456 -1 448
-3.317 -1 -2.812 -1 -3.048 -1 -3.312 -1 196
-3.18 -1 -2.72 -1 -2.926 -1 -3.294 -1 171
-3.11 -1 -2.672 -1 -2.696 -1 -3.164 -1 13
-2.93 -1 -2.518 -1 -2.984 -1 -3.326 -2 344
-3.155 -1 -2.692 -1 -3.11 -1 -3.318 -1 419
-3.214 -1 -2.708 -1 -3.138 -1 -3.38 -1 359
-3.259 -1 -2.764 -1 -3.124 -1 -3.412 -1 374
-3.268 -1 -2.784 -1 -3.224 -1 -3.354 -1 408
-3.289 -1 -2.794 -1 -2.964 -1 -3.342 -1 166
-3.153 -1 -2.674 -1 -3.02 -1 -3.374 -1 291
-3.197 -1 -2.692 -1 -2.83 -1 -3.258 -1 112
-3.044 -1 -2.628 -1 -3.026 -1 -3.348 -1 341
-3.187 -1 -2.708 -1 -3.09 -1 -3.362 -1 341
-3.226 -1 -2.754 -1 -2.89 -1 -3.28 -1 150
-3.085 -1 -2.664 -1 -3.11 -1 -3.422 -1 399
-3.266 -1 -2.792 -1 -2.878 -1 -3.254 -2 98
-3.066 -1 -2.622 -1 -2.696 -1 -3.178 -1 56
-2.937 -1 -2.516 -1 -2.896 -1 -3.226 -1 289
-3.061 -1 -2.604 -1 -3.06 -1 -3.336 -2 409
-3.198 -1 -2.696 -1 -3.166 -1 -3.46 -1 416
-3.313 -1 -2.848 -1 -3.038 -1 -3.364 -1 204
-3.201 -1 -2.764 -1 -3.08 -1 -3.368 -1 301
-3.224 -1 -2.776 -1 -3.128 -1 -3.432 -2 331
-3.28 -1 -2.854 -1 -2.902 -1 -3.176 -1 66
-3.039 -1 -2.62 -1 -2.978 -1 -3.348 -1 298
-3.163 -1 -2.686 -1 -2.852 -1 -3.246 -1 126
-3.049 -1 -2.654 -1 -2.926 -1 -3.218 -1 227
-3.072 -1 -2.63 -1 -2.87 -1 -3.228 -1 153
-3.049 -1 -2.572 -1 -3.056 -1 -3.38 -1 416
-3.218 -1 -2.724 -1 -2.772 -1 -3.178 -1 44
-2.975 -1 -2.58 -1 -2.916 -1 -3.23 -1 299
-3.073 -1 -2.624 -1 -2.846 -1 -3.198 -1 166
-3.022 -1 -2.596 -1 -2.984 -1 -3.278 -1 397
-3.131 -1 -2.698 -1 -3.048 -1 -3.386 -1 325
-3.217 -1 -2.728 -1 -2.92 -1 -3.276 -1 156
-3.098 -1 -2.656 -1 -3.018 -1 -3.412 -1 319
-3.215 -1 -2.786 -1 -3.16 -1 -3.39 -1 425
-3.275 -1 -2.808 -1 -3.048 -1 -3.398 -1 256
-3.223 -1 -2.762 -1 -2.882 -1 -3.24 -1 111
-3.061 -1 -2.632 -1 -3.114 -1 -3.406 -1 449
-3.26 -1 -2.774 -1 -3.2 -1 -3.458 -1 393
-3.329 -1 -2.836 -1 -3.066 -1 -3.378 -1 224
-3.222 -1 -2.74 -1 -3.068 -1 -3.34 -1 295
-3.204 -1 -2.766 -1 -3.148 -1 -3.39 -1 308
-3.269 -1 -2.802 -1 -2.946 -1 -3.318 -1 137
-3.132 -1 -2.698 -1 -3.016 -1 -3.388 -1 312
-3.202 -1 -2.742 -1 -3.102 -1 -3.372 -1 374
-3.237 -1 -2.764 -1 -3.136 -1 -3.422 -1 350
-3.279 -1 -2.82 -1 -3.088 -1 -3.422 -1 228
-3.255 -1 -2.778 -1 -2.874 -1 -3.262 -1 79
-3.068 -1 -2.656 -1 -2.762 -1 -3.18 -1 92
-2.971 -1 -2.586 -1 -2.962 -1 -3.258 -1 313
-3.11 -1 -2.632 -1 -3.016 -1 -3.34 -1 301
-3.178 -1 -2.73 -1 -3.064 -1 -3.41 -1 232
-3.237 -1 -2.708 -1 -3.124 -1 -3.352 -1 390
-3.238 -1 -2.732 -1 -3.054 -1 -3.394 -1 352
-3.224 -1 -2.724 -1 -3.108 -1 -3.384 -1 368
-3.246 -1 -2.77 -1 -3.176 -1 -3.456 -2 388
-3.316 -1 -2.824 -1 -2.83 -1 -3.206 -1 5
-3.018 -1 -2.59 -1 -2.754 -1 -3.146 -1 134
-2.95 -1 -2.542 -1 -3.026 -1 -3.356 -1 350
-3.191 -1 -2.714 -1 -2.72 -1 -3.216 -1 3
-2.968 -1 -2.526 -1 -2.844 -1 -3.232 -1 235
-3.038 -1 -2.614 -1 -2.676 -1 -3.124 -1 49
-2.9 -1 -2.514 -1 -2.896 -1 -3.216 -1 322
-3.056 -1 -2.64 -1 -2.874 -1 -3.248 -1 180
-3.061 -1 -2.6 -1 -2.838 -1 -3.186 -1 197
-3.012 -1 -2.598 -1 -3.028 -1 -3.394 -1 378
-3.211 -1 -2.71 -1 -3.184 -1 -3.432 -1 448
-3.308 -1 -2.844 -1 -2.964 -1 -3.326 -1 136
-3.145 -1 -2.742 -1 -2.942 -1 -3.242 -1 163
-3.092 -1 -2.688 -1 -2.824 -1 -3.268 -1 119
-3.046 -1 -2.622 -1 -2.888 -1 -3.252 -1 175
-3.07 -1 -2.614 -1 -3.052 -1 -3.41 -1 449
-3.231 -1 -2.766 -1 -3.138 -1 -3.42 -1 353
-3.279 -1 -2.802 -1 -3.088 -1 -3.416 -1 281
-3.252 -1 -2.782 -1 -3.06 -1 -3.364 -1 282
-3.212 -1 -2.75 -1 -2.938 -1 -3.334 -1 168
-3.136 -1 -2.702 -1 -3.012 -1 -3.318 -1 242
-3.165 -1 -2.728 -1 -3.164 -1 -3.464 -1 435
-3.314 -1 -2.852 -1 -3.182 -1 -3.538 -2 338
-3.36 -1 -2.848 -1 -3.084 -1 -3.35 -1 189
-3.217 -1 -2.84 -1 -2.866 -1 -3.274 -1 38
-3.07 -1 -2.712 -1 -3.064 -1 -3.364 -1 397
-3.214 -1 -2.748 -1 -3.122 -1 -3.384 -1 385
-3.253 -1 -2.772 -1 -2.958 -1 -3.348 -1 170
-3.153 -1 -2.73 -1 -2.826 -1 -3.204 -1 79
-3.015 -1 -2.638 -1 -3.01 -1 -3.352 -1 356
-3.181 -1 -2.726 -1 -2.978 -1 -3.284 -1 236
-3.131 -1 -2.692 -1 -2.802 -1 -3.194 -1 78
-2.998 -1 -2.58 -1 -2.788 -1 -3.224 -1 197
-3.006 -1 -2.57 -1 -2.798 -1 -3.282 -1 204
-3.04 -1 -2.594 -1 -2.908 -1 -3.278 -1 285
-3.093 -1 -2.688 -1 -2.834 -1 -3.25 -1 126
-3.042 -1 -2.608 -1 -2.77 -1 -3.216 -1 127
-2.993 -1 -2.604 -1 -3.022 -1 -3.296 -1 329
-3.159 -1 -2.72 -1 -3.062 -1 -3.364 -1 379
-3.213 -1 -2.772 -1 -3.132 -1 -3.342 -1 328
-3.237 -1 -2.786 -1 -3.188 -1 -3.434 -1 415
-3.311 -1 -2.854 -1 -3.046 -1 -3.338 -1 167
-3.192 -1 -2.736 -1 -2.874 -1 -3.276 -1 115
-3.075 -1 -2.692 -1 -2.814 -1 -3.238 -1 109
-3.026 -1 -2.636 -1 -2.83 -1 -3.224 -1 147
-3.027 -1 -2.578 -1 -2.632 -1 -3.15 -1 35
-2.891 -1 -2.486 -1 -3.044 -1 -3.408 -1 448
-3.226 -1 -2.722 -1 -2.85 -1 -3.194 -1 100
-3.022 -1 -2.606 -1 -2.814 -1 -3.226 -1 142
-3.02 -1 -2.576 -1 -2.616 -1 -3.072 -1 25
-2.844 -1 -2.414 -1 -2.84 -1 -3.232 -1 347
-3.036 -1 -2.562 -1 -3.086 -1 -3.388 -1 440
-3.237 -1 -2.746 -1 -2.936 -1 -3.312 -1 210
-3.124 -1 -2.68 -1 -3.026 -1 -3.346 -2 305
-3.186 -1 -2.71 -1 -2.73 -1 -3.164 -1 25
-2.947 -1 -2.574 -1 -2.908 -1 -3.248 -1 266
-3.078 -1 -2.632 -1 -2.822 -1 -3.23 -1 160
-3.026 -1 -2.572 -1 -2.634 -1 -3.158 -1 58
-2.896 -1 -2.504 -1 -2.994 -1 -3.318 -1 346
-3.156 -1 -2.692 -1 -2.89 -1 -3.272 -1 177
-3.081 -1 -2.63 -1 -3.036 -1 -3.24 -1 340
-3.138 -1 -2.704 -1 -2.958 -1 -3.288 -1 179
-3.123 -1 -2.656 -1 -3.124 -1 -3.472 -1 399
-3.298 -1 -2.802 -1 -2.808 -1 -3.234 -2 3
-3.021 -1 -2.614 -1 -3.1 -1 -3.392 -1 423
-3.246 -1 -2.762 -1 -3.176 -1 -3.446 -1 426
-3.311 -1 -2.822 -1 -3.096 -1 -3.418 -1 353
-3.257 -1 -2.768 -1 -3.044 -1 -3.42 -2 296
-3.232 -1 -2.792 -1 -3.118 -1 -3.41 -1 337
-3.264 -1 -2.778 -1 -2.86 -1 -3.236 -1 85
-3.048 -1 -2.626 -1 -2.924 -1 -3.26 -1 211
-3.092 -1 -2.66 -1 -2.864 -1 -3.276 -2 125
-3.07 -1 -2.638 -1 -3.048 -1 -3.288 -1 325
-3.168 -1 -2.696 -1 -3.084 -1 -3.266 -2 398
-3.175 -1 -2.67 -1 -2.866 -1 -3.21 -1 150
-3.038 -1 -2.622 -1 -2.746 -1 -3.102 -1 88
-2.924 -1 -2.546 -1 -3.018 -1 -3.332 -1 444
-3.175 -1 -2.718 -1 -3.078 -1 -3.334 -2 339
-3.206 -1 -2.734 -1 -3.082 -1 -3.418 -1 355
-3.25 -1 -2.732 -1 -2.926 -1 -3.284 -1 142
-3.105 -1 -2.664 -1 -2.842 -1 -3.252 -1 151
-3.047 -1 -2.588 -1 -3.158 -1 -3.376 -1 440
-3.267 -1 -2.796 -1 -3.15 -1 -3.44 -2 327
-3.295 -1 -2.84 -1 -3.124 -1 -3.272 -1 312
-3.198 -1 -2.75 -1 -2.986 -1 -3.318 -1 199
-3.152 -1 -2.706 -1 -3.08 -1 -3.332 -1 311
-3.206 -1 -2.728 -1 -2.962 -1 -3.354 -1 189
-3.158 -1 -2.686 -1 -2.858 -1 -3.284 -1 145
-3.071 -1 -2.634 -1 -3.164 -1 -3.422 -1 447
-3.293 -1 -2.742 -1 -2.776 -1 -3.254 -1 25
-3.015 -1 -2.568 -1 -2.802 -1 -3.2 -1 200
-3.001 -1 -2.578 -1 -2.612 -1 -3.086 -1 19
-2.849 -1 -2.482 -1 -2.774 -1 -3.158 -1 194
-2.966 -1 -2.526 -1 -3.026 -1 -3.326 -2 407
-3.176 -1 -2.704 -1 -2.766 -1 -3.128 -1 44
-2.947 -1 -2.548 -1 -3.044 -1 -3.352 -1 433
-3.198 -1 -2.73 -1 -2.784 -1 -3.148 -1 32
-2.966 -1 -2.566 -1 -2.652 -1 -3.018 -1 82
-2.835 -1 -2.444 -1 -2.634 -1 -3.146 -1 114
-2.89 -1 -2.512 -1 -2.522 -1 -3.024 -1 5
-2.773 -1 -2.44 -1 -2.552 -1 -3.076 -1 55
-2.814 -1 -2.43 -1 -2.652 -1 -3.06 -1 147
-2.856 -1 -2.432 -1 -2.62 -1 -3.052 -1 117
-2.836 -1 -2.426 -1 -3.024 -1 -3.312 -1 437
-3.168 -1 -2.678 -1 -2.866 -1 -3.182 -1 139
-3.024 -1 -2.574 -1 -2.684 -1 -3.13 -1 67
-2.907 -1 -2.478 -1 -2.678 -1 -3.064 -1 122
-2.871 -1 -2.47 -1 -2.494 -1 -3.002 -1 25
-2.748 -1 -2.372 -1 -2.516 -1 -3.02 -1 77
-2.768 -1 -2.39 -1 -2.908 -1 -3.248 -1 390
-3.078 -1 -2.612 -1 -2.916 -1 -3.306 -2 224
-3.111 -1 -2.672 -1 -3.158 -1 -3.426 -1 434
-3.292 -1 -2.796 -1 -2.936 -1 -3.314 -1 131
-3.125 -1 -2.734 -1 -3.084 -1 -3.338 -1 304
-3.211 -1 -2.72 -1 -3.118 -1 -3.44 -1 402
-3.279 -1 -2.79 -1 -2.958 -1 -3.334 -1 131
-3.146 -1 -2.714 -1 -2.734 -1 -3.212 -1 21
-2.973 -1 -2.588 -1 -2.972 -1 -3.344 -1 307
-3.158 -1 -2.696 -1 -2.744 -1 -3.16 -2 26
-2.952 -1 -2.568 -1 -2.848 -1 -3.204 -2 198
-3.026 -1 -2.614 -1 -3.02 -1 -3.316 -2 347
-3.168 -1 -2.696 -1 -3.154 -1 -3.4 -2 445
-3.277 -1 -2.798 -1 -3.176 -1 -3.448 -2 372
-3.312 -1 -2.82 -1 -2.854 -1 -3.2 -1 27
-3.027 -1 -2.612 -1 -3.08 -1 -3.338 -1 424
-3.209 -1 -2.724 -1 -3.162 -1 -3.358 -1 423
-3.26 -1 -2.756 -1 -3.148 -1 -3.484 -1 374
-3.316 -1 -2.86 -1 -3.142 -1 -3.414 -1 298
-3.278 -1 -2.822 -1 -3.098 -1 -3.336 -1 366
-3.217 -1 -2.768 -1 -2.774 -1 -3.142 -1 5
-2.958 -1 -2.602 -1 -2.83 -1 -3.226 -1 187
-3.028 -1 -2.6 -1 -2.766 -1 -3.1 -1 136
-2.933 -1 -2.508 -1 -2.698 -1 -3.222 -1 138
-2.96 -1 -2.526 -1 -2.56 -1 -3.036 -1 18
-2.798 -1 -2.422 -1 -2.516 -1 -3.032 -1 50
-2.774 -1 -2.38 -1 -2.896 -1 -3.242 -1 405
-3.069 -1 -2.572 -1 -2.884 -1 -3.26 -1 263
-3.072 -1 -2.56 -1 -3.072 -1 -3.34 -1 445
-3.206 -1 -2.706 -1 -2.882 -1 -3.286 -1 194
-3.084 -1 -2.616 -1 -2.704 -1 -3.18 -1 59
-2.942 -1 -2.528 -1 -2.788 -1 -3.168 -1 198
-2.978 -1 -2.568 -1 -2.78 -1 -3.184 -1 161
-2.982 -1 -2.522 -1 -3.008 -1 -3.284 -1 367
-3.146 -1 -2.668 -1 -3.088 -1 -3.47 -1 383
-3.279 -1 -2.782 -1 -3.088 -1 -3.326 -1 270
-3.207 -1 -2.72 -1 -2.726 -1 -3.154 -1 2
-2.94 -1 -2.55 -1 -2.582 -1 -3.1 -1 22
-2.841 -1 -2.47 -1 -3.042 -1 -3.314 -1 417
-3.178 -1 -2.726 -1 -2.734 -1 -3.116 -1 7
-2.925 -1 -2.51 -1 -2.53 -1 -3.008 -1 8
-2.769 -1 -2.4 -1 -2.824 -1 -3.21 -2 304
-3.017 -1 -2.546 -1 -3.026 -1 -3.274 -1 347
-3.15 -1 -2.658 -1 -2.728 -1 -3.18 -1 45
-2.954 -1 -2.492 -1 -2.922 -1 -3.26 -1 328
-3.091 -1 -2.588 -1 -3.026 -1 -3.256 -1 370
-3.141 -1 -2.668 -1 -3.194 -1 -3.464 -1 424
-3.329 -1 -2.828 -1 -2.842 -1 -3.206 -1 5
-3.024 -1 -2.602 -1 -2.894 -1 -3.246 -1 255
-3.07 -1 -2.622 -1 -2.626 -1 -3.11 -1 5
-2.868 -1 -2.488 -1 -2.886 -1 -3.188 -1 298
-3.037 -1 -2.58 -1 -3.054 -1 -3.3 -1 349
-3.177 -1 -2.7 -1 -2.778 -1 -3.146 -1 55
-2.962 -1 -2.566 -1 -2.988 -1 -3.336 -1 358
-3.162 -1 -2.678 -1 -2.97 -1 -3.316 -1 256
-3.143 -1 -2.666 -1 -2.952 -1 -3.25 -1 230
-3.101 -1 -2.632 -1 -3.006 -1 -3.316 -1 350
-3.161 -1 -2.7 -1 -3.004 -1 -3.342 -1 295
-3.173 -1 -2.65 -1 -3.088 -1 -3.46 -1 386
-3.274 -1 -2.806 -1 -3.03 -1 -3.358 -1 282
-3.194 -1 -2.744 -1 -2.998 -1 -3.332 -2 220
-3.165 -1 -2.726 -1 -2.976 -1 -3.264 -1 229
-3.12 -1 -2.7 -1 -2.774 -1 -3.228 -1 61
-3.001 -1 -2.574 -1 -2.78 -1 -3.196 -1 133
-2.988 -1 -2.562 -1 -2.87 -1 -3.27 -1 228
-3.07 -1 -2.642 -1 -2.984 -1 -3.35 -1 277
-3.167 -1 -2.722 -1 -3.142 -1 -3.366 -1 370
-3.254 -1 -2.78 -1 -2.78 -1 -3.184 -1 1
-2.982 -1 -2.598 -1 -2.932 -1 -3.272 -1 281
-3.102 -1 -2.662 -1 -3.082 -1 -3.282 -1 403
-3.182 -1 -2.742 -1 -2.924 -1 -3.22 -2 151
-3.072 -1 -2.628 -1 -2.954 -1 -3.256 -1 243
-3.105 -1 -2.622 -1 -2.952 -1 -3.308 -2 237
-3.13 -1 -2.694 -1 -2.96 -1 -3.266 -1 236
-3.113 -1 -2.664 -1 -3.108 -1 -3.344 -1 399
-3.226 -1 -2.734 -1 -2.838 -1 -3.254 -1 99
-3.046 -1 -2.61 -1 -2.794 -1 -3.222 -1 120
-3.008 -1 -2.602 -1 -2.966 -1 -3.196 -1 334
-3.081 -1 -2.61 -1 -2.938 -1 -3.292 -1 271
-3.115 -1 -2.67 -1 -3.15 -1 -3.376 -1 431
-3.263 -1 -2.786 -1 -3.002 -1 -3.382 -1 193
-3.192 -1 -2.762 -1 -2.77 -1 -3.222 -1 9
-2.996 -1 -2.62 -1 -3.104 -1 -3.326 -1 386
-3.215 -1 -2.722 -1 -3.158 -1 -3.466 -1 375
-3.312 -1 -2.828 -1 -3.062 -1 -3.404 -1 199
-3.233 -1 -2.784 -1 -3.008 -1 -3.318 -1 217
-3.163 -1 -2.728 -1 -3.176 -1 -3.446 -1 444
-3.311 -1 -2.854 -1 -3.22 -1 -3.392 -1 382
-3.306 -1 -2.802 -1 -2.898 -1 -3.316 -2 94
-3.107 -1 -2.684 -1 -2.732 -1 -3.202 -2 50
-2.967 -1 -2.58 -1 -2.836 -1 -3.242 -1 206
-3.039 -1 -2.614 -1 -3.032 -1 -3.408 -1 379
-3.22 -1 -2.788 -1 -2.824 -1 -3.2 -1 60
-3.012 -1 -2.62 -1 -3.012 -1 -3.33 -1 379
-3.171 -1 -2.676 -1 -2.904 -1 -3.286 -1 216
-3.095 -1 -2.678 -1 -3.006 -1 -3.29 -1 289
-3.148 -1 -2.658 -1 -2.66 -1 -3.164 -1 1
-2.912 -1 -2.506 -1 -2.762 -1 -3.108 -1 246
-2.935 -1 -2.516 -1 -2.844 -1 -3.262 -2 316
-3.053 -1 -2.61 -1 -2.978 -1 -3.304 -1 317
-3.141 -1 -2.68 -1 -2.892 -1 -3.24 -1 188
-3.066 -1 -2.642 -1 -2.654 -1 -3.128 -1 8
-2.891 -1 -2.484 -1 -2.506 -1 -3.04 -1 15
-2.773 -1 -2.412 -1 -2.958 -1 -3.292 -2 434
-3.125 -1 -2.684 -1 -2.786 -1 -3.264 -1 79
-3.025 -1 -2.604 -1 -2.812 -1 -3.208 -1 157
-3.01 -1 -2.628 -1 -2.646 -1 -3.02 -1 12
-2.833 -1 -2.466 -1 -2.948 -1 -3.31 -1 350
-3.129 -1 -2.656 -1 -3.042 -1 -3.362 -1 379
-3.202 -1 -2.678 -1 -3.022 -1 -3.26 -1 255
-3.141 -1 -2.694 -1 -2.95 -1 -3.344 -1 254
-3.147 -1 -2.694 -1 -3.098 -1 -3.284 -1 351
-3.191 -1 -2.716 -1 -2.928 -1 -3.268 -1 203
-3.098 -1 -2.658 -1 -2.848 -1 -3.174 -1 150
-3.011 -1 -2.584 -1 -2.798 -1 -3.172 -1 198
-2.985 -1 -2.554 -1 -3 -1 -3.294 -1 378
-3.147 -1 -2.676 -1 -2.896 -1 -3.262 -1 183
-3.079 -1 -2.656 -1 -2.764 -1 -3.178 -1 77
-2.971 -1 -2.546 -1 -2.922 -1 -3.272 -1 240
-3.097 -1 -2.654 -1 -3.016 -1 -3.318 -1 281
-3.167 -1 -2.714 -1 -3.114 -1 -3.288 -1 402
-3.201 -1 -2.742 -1 -2.874 -1 -3.252 -1 108
-3.063 -1 -2.606 -1 -3.086 -1 -3.402 -1 408
-3.244 -1 -2.738 -1 -2.9 -1 -3.264 -1 125
-3.082 -1 -2.63 -1 -3.106 -1 -3.45 -2 420
-3.278 -1 -2.802 -1 -3.078 -1 -3.396 -1 290
-3.237 -1 -2.746 -1 -2.992 -1 -3.308 -1 263
-3.15 -1 -2.688 -1 -2.886 -1 -3.25 -1 171
-3.068 -1 -2.628 -1 -2.678 -1 -3.148 -1 53
-2.913 -1 -2.51 -1 -2.794 -1 -3.192 -1 214
-2.993 -1 -2.576 -1 -3.014 -1 -3.368 -2 415
-3.191 -1 -2.712 -1 -3.208 -2 -3.458 -1 429
-3.333 -1 -2.844 -1 -3.098 -1 -3.378 -1 270
-3.238 -1 -2.752 -1 -2.804 -1 -3.186 -1 31
-2.995 -1 -2.58 -1 -2.6 -1 -3.206 -1 18
-2.903 -1 -2.55 -1 -3.014 -1 -3.268 -1 386
-3.141 -1 -2.684 -1 -2.88 -1 -3.288 -1 130
-3.084 -1 -2.606 -1 -3.042 -1 -3.258 -1 373
-3.15 -1 -2.676 -1 -2.966 -1 -3.29 -1 286
-3.128 -1 -2.652 -1 -3.084 -1 -3.4 -1 336
-3.242 -1 -2.786 -1 -2.786 -1 -3.176 -1 3
-2.981 -1 -2.586 -1 -2.806 -1 -3.218 -1 179
-3.012 -1 -2.608 -1 -2.688 -1 -3.18 -1 52
-2.934 -1 -2.556 -1 -2.86 -1 -3.194 -1 223
-3.027 -1 -2.622 -1 -2.91 -1 -3.23 -1 224
-3.07 -1 -2.644 -1 -2.84 -1 -3.238 -1 139
-3.039 -1 -2.598 -1 -3.078 -1 -3.326 -1 375
-3.202 -1 -2.718 -1 -2.802 -1 -3.19 -1 95
-2.996 -1 -2.606 -1 -2.736 -1 -3.14 -1 112
-2.938 -1 -2.53 -1 -2.944 -1 -3.26 -1 271
-3.102 -1 -2.632 -1 -2.736 -1 -3.192 -1 78
-2.964 -1 -2.494 -1 -2.724 -1 -3.124 -1 142
-2.924 -1 -2.514 -1 -3.058 -1 -3.374 -1 425
-3.216 -1 -2.754 -1 -3.024 -1 -3.31 -2 289
-3.167 -1 -2.702 -1 -3.102 -1 -3.36 -1 415
-3.231 -1 -2.75 -1 -3.142 -1 -3.434 -2 326
-3.288 -1 -2.782 -1 -2.934 -1 -3.216 -1 179
-3.075 -1 -2.666 -1 -3.078 -1 -3.378 -2 365
-3.228 -1 -2.764 -1 -2.978 -1 -3.28 -1 206
-3.129 -1 -2.722 -1 -3 -1 -3.368 -1 238
-3.184 -1 -2.716 -1 -3.048 -1 -3.408 -1 360
-3.228 -1 -2.756 -1 -2.928 -1 -3.296 -1 149
-3.112 -1 -2.71 -1 -3.14 -1 -3.418 -1 378
-3.279 -1 -2.806 -1 -3.076 -1 -3.344 -1 297
-3.21 -1 -2.73 -1 -2.928 -1 -3.25 -2 150
-3.089 -1 -2.664 -1 -3.06 -1 -3.372 -2 326
-3.216 -1 -2.704 -1 -2.824 -1 -3.198 -1 103
-3.011 -1 -2.612 -1 -2.722 -1 -3.098 -1 85
-2.91 -1 -2.508 -1 -2.61 -1 -3.108 -1 61
-2.859 -1 -2.464 -1 -2.784 -1 -3.146 -1 241
-2.965 -1 -2.524 -1 -2.746 -1 -3.23 -1 190
-2.988 -1 -2.55 -1 -2.718 -1 -3.174 -1 92
-2.946 -1 -2.524 -1 -2.864 -1 -3.21 -1 272
-3.037 -1 -2.622 -1 -2.886 -1 -3.228 -1 160
-3.057 -1 -2.574 -1 -2.632 -1 -3.052 -2 35
-2.842 -1 -2.478 -1 -2.71 -1 -3.074 -1 163
-2.892 -1 -2.428 -1 -2.55 -1 -3.056 -1 71
-2.803 -1 -2.428 -1 -2.618 -1 -3.01 -1 124
-2.814 -1 -2.402 -1 -2.42 -1 -2.924 -1 13
-2.672 -1 -2.348 -1 -2.542 -1 -3.008 -1 153
-2.775 -1 -2.356 -1 -2.816 -1 -3.168 -1 247
-2.992 -1 -2.52 -1 -2.562 -1 -2.97 -1 24
-2.766 -1 -2.382 -1 -2.894 -1 -3.168 -1 414
-3.031 -1 -2.566 -1 -2.856 -1 -3.192 -1 260
-3.024 -1 -2.58 -1 -2.824 -1 -3.154 -1 191
-2.989 -1 -2.564 -1 -2.83 -1 -3.19 -1 200
-3.01 -1 -2.564 -1 -3.064 -1 -3.386 -1 405
-3.225 -1 -2.722 -1 -2.968 -1 -3.304 -1 226
-3.136 -1 -2.742 -1 -2.882 -1 -3.266 -1 137
-3.074 -1 -2.654 -1 -2.776 -1 -3.172 -1 87
-2.974 -1 -2.582 -1 -3.024 -1 -3.35 -1 331
-3.187 -1 -2.73 -1 -2.902 -1 -3.232 -1 138
-3.067 -1 -2.63 -1 -2.906 -1 -3.296 -1 289
-3.101 -1 -2.676 -1 -2.956 -1 -3.306 -1 210
-3.131 -1 -2.706 -1 -2.77 -1 -3.222 -1 79
-2.996 -1 -2.586 -1 -3.012 -1 -3.322 -1 408
-3.167 -1 -2.714 -1 -3.146 -1 -3.33 -1 419
-3.238 -1 -2.798 -1 -3.026 -1 -3.338 -2 250
-3.182 -1 -2.744 -1 -2.778 -1 -3.17 -1 28
-2.974 -1 -2.596 -1 -3.076 -1 -3.382 -2 379
-3.229 -1 -2.738 -1 -3.062 -1 -3.442 -1 345
-3.252 -1 -2.726 -1 -2.804 -1 -3.236 -1 54
-3.02 -1 -2.64 -1 -2.808 -1 -3.22 -1 154
-3.014 -1 -2.576 -1 -2.83 -1 -3.168 -1 158
-2.999 -1 -2.54 -1 -3.008 -1 -3.28 -2 435
-3.144 -1 -2.692 -1 -2.758 -1 -3.164 -1 38
-2.961 -1 -2.554 -1 -2.698 -1 -3.22 -1 109
-2.959 -1 -2.606 -1 -2.938 -1 -3.244 -1 208
-3.091 -1 -2.638 -1 -3.132 -1 -3.348 -1 386
-3.24 -1 -2.752 -1 -3.174 -1 -3.398 -1 397
-3.286 -1 -2.822 -1 -3.016 -1 -3.316 -1 208
-3.166 -1 -2.708 -1 -3.082 -1 -3.292 -1 326
-3.187 -1 -2.732 -1 -2.82 -1 -3.258 -1 90
-3.039 -1 -2.612 -1 -2.716 -1 -3.122 -1 89
-2.919 -1 -2.508 -1 -2.582 -1 -3.024 -1 54
-2.803 -1 -2.388 -1 -2.598 -1 -3.06 -1 107
-2.829 -1 -2.41 -1 -2.946 -1 -3.284 -1 375
-3.115 -1 -2.64 -1 -3.076 -1 -3.342 -1 384
-3.209 -1 -2.718 -1 -2.964 -1 -3.26 -1 248
-3.112 -1 -2.622 -1 -3.056 -1 -3.32 -1 426
-3.188 -1 -2.708 -1 -3.022 -1 -3.37 -1 302
-3.196 -1 -2.72 -1 -2.882 -1 -3.228 -1 98
-3.055 -1 -2.618 -1 -2.868 -1 -3.242 -1 207
-3.055 -1 -2.63 -1 -2.66 -1 -3.182 -1 32
-2.921 -1 -2.558 -1 -2.78 -1 -3.168 -1 153
-2.974 -1 -2.566 -1 -3.01 -1 -3.314 -1 336
-3.162 -1 -2.696 -1 -3.102 -1 -3.372 -1 400
-3.237 -1 -2.756 -1 -3.174 -1 -3.438 -2 411
-3.306 -1 -2.83 -1 -3.25 -1 -3.468 -2 429
-3.359 -1 -2.898 -1 -3.166 -1 -3.374 -1 265
-3.27 -1 -2.788 -1 -3.144 -1 -3.416 -1 305
-3.28 -1 -2.818 -1 -2.902 -1 -3.402 -2 76
-3.152 -1 -2.76 -1 -2.766 -1 -3.14 -1 14
-2.953 -1 -2.564 -1 -2.972 -1 -3.296 -1 316
-3.134 -1 -2.676 -1 -2.832 -1 -3.19 -1 115
-3.011 -1 -2.574 -1 -2.96 -1 -3.3 -1 309
-3.13 -1 -2.678 -1 -2.704 -1 -3.082 -1 29
-2.893 -1 -2.496 -1 -2.886 -1 -3.196 -1 280
-3.041 -1 -2.574 -1 -2.8 -1 -3.248 -1 180
-3.024 -1 -2.58 -1 -2.896 -1 -3.218 -1 227
-3.057 -1 -2.628 -1 -2.866 -1 -3.264 -1 175
-3.065 -1 -2.622 -1 -2.978 -1 -3.252 -2 324
-3.115 -1 -2.656 -1 -2.776 -1 -3.248 -1 86
-3.012 -1 -2.598 -1 -3.122 -1 -3.38 -1 416
-3.251 -1 -2.752 -1 -2.85 -1 -3.244 -1 81
-3.047 -1 -2.602 -1 -2.98 -1 -3.374 -1 324
-3.177 -1 -2.7 -1 -2.986 -1 -3.298 -1 229
-3.142 -1 -2.672 -1 -3.036 -1 -3.326 -2 327
-3.181 -1 -2.728 -1 -3.162 -1 -3.376 -2 421
-3.269 -1 -2.808 -1 -3.112 -1 -3.434 -1 357
-3.273 -1 -2.782 -1 -2.924 -1 -3.334 -1 161
-3.129 -1 -2.724 -1 -2.738 -1 -3.164 -1 6
-2.951 -1 -2.574 -1 -2.882 -1 -3.246 -1 216
-3.064 -1 -2.624 -1 -2.958 -1 -3.242 -1 281
-3.1 -1 -2.668 -1 -3.146 -1 -3.404 -1 418
-3.275 -1 -2.822 -1 -3.102 -1 -3.402 -1 275
-3.252 -1 -2.786 -1 -2.792 -1 -3.21 -1 6
-3.001 -1 -2.632 -1 -2.75 -1 -3.138 -1 109
-2.944 -1 -2.54 -1 -2.966 -1 -3.31 -1 346
-3.138 -1 -2.664 -1 -3.024 -1 -3.35 -1 302
-3.187 -1 -2.728 -1 -2.994 -1 -3.318 -1 193
-3.156 -1 -2.698 -1 -2.78 -1 -3.156 -2 51
-2.968 -1 -2.556 -1 -2.802 -1 -3.154 -2 153
-2.978 -1 -2.586 -1 -2.96 -1 -3.352 -1 339
-3.156 -1 -2.746 -1 -3.16 -1 -3.4 -1 424
-3.28 -1 -2.798 -1 -2.852 -1 -3.268 -1 52
-3.06 -1 -2.664 -1 -2.87 -1 -3.226 -2 158
-3.048 -1 -2.628 -1 -2.82 -1 -3.222 -1 151
-3.021 -1 -2.614 -1 -2.646 -1 -3.104 -1 31
-2.875 -1 -2.508 -1 -2.948 -1 -3.336 -2 353
-3.142 -1 -2.684 -1 -2.722 -1 -3.188 -1 16
-2.955 -1 -2.58 -1 -2.952 -1 -3.248 -1 325
-3.1 -1 -2.638 -1 -2.982 -1 -3.266 -1 291
-3.124 -1 -2.658 -1 -2.95 -1 -3.344 -1 296
-3.147 -1 -2.672 -1 -3.088 -1 -3.328 -2 437
-3.208 -1 -2.772 -1 -2.986 -1 -3.31 -1 179
-3.148 -1 -2.718 -1 -3.102 -1 -3.356 -2 372
-3.229 -1 -2.768 -1 -2.98 -1 -3.356 -1 215
-3.168 -1 -2.738 -1 -3.092 -1 -3.302 -1 342
-3.197 -1 -2.71 -1 -3.006 -1 -3.326 -1 287
-3.166 -1 -2.726 -1 -3.068 -1 -3.294 -1 377
-3.181 -1 -2.722 -1 -2.9 -1 -3.266 -1 142
-3.083 -1 -2.638 -1 -3.054 -1 -3.348 -1 375
-3.201 -1 -2.72 -1 -3.096 -1 -3.332 -1 382
-3.214 -1 -2.766 -1 -2.81 -1 -3.228 -1 56
-3.019 -1 -2.62 -1 -3.034 -1 -3.338 -1 386
-3.186 -1 -2.714 -1 -3.006 -1 -3.336 -1 249
-3.171 -1 -2.698 -1 -2.954 -1 -3.266 -1 241
-3.11 -1 -2.674 -1 -3.084 -1 -3.322 -1 353
-3.203 -1 -2.776 -1 -2.898 -1 -3.304 -1 149
-3.101 -1 -2.678 -1 -2.8 -1 -3.184 -1 133
-2.992 -1 -2.538 -1 -2.894 -1 -3.258 -1 282
-3.076 -1 -2.648 -1 -2.886 -1 -3.246 -1 187
-3.066 -1 -2.63 -1 -2.71 -1 -3.118 -1 54
-2.914 -1 -2.546 -1 -2.576 -1 -3.086 -1 24
-2.831 -1 -2.448 -1 -2.928 -1 -3.262 -1 389
-3.095 -1 -2.634 -1 -3.066 -1 -3.322 -1 393
-3.194 -1 -2.746 -1 -3.014 -1 -3.296 -1 215
-3.155 -1 -2.704 -1 -3.032 -1 -3.256 -1 297
-3.144 -1 -2.678 -1 -3 -1 -3.36 -2 320
-3.18 -1 -2.766 -1 -2.932 -1 -3.24 -1 103
-3.086 -1 -2.642 -1 -3.022 -1 -3.378 -2 337
-3.2 -1 -2.74 -1 -3.04 -1 -3.37 -1 267
-3.205 -1 -2.732 -1 -2.776 -1 -3.216 -1 40
-2.996 -1 -2.624 -1 -2.848 -1 -3.232 -1 186
-3.04 -1 -2.606 -1 -2.804 -1 -3.214 -1 164
-3.009 -1 -2.582 -1 -2.776 -1 -3.214 -1 144
-2.995 -1 -2.582 -1 -3.052 -1 -3.328 -1 389
-3.19 -1 -2.736 -1 -3.002 -1 -3.274 -1 292
-3.138 -1 -2.674 -1 -2.904 -1 -3.25 -1 263
-3.077 -1 -2.618 -1 -3.056 -1 -3.268 -1 427
-3.162 -1 -2.688 -1 -2.854 -1 -3.226 -1 143
-3.04 -1 -2.618 -1 -2.958 -1 -3.32 -1 302
-3.139 -1 -2.668 -1 -2.832 -1 -3.25 -1 133
-3.041 -1 -2.614 -1 -2.97 -1 -3.294 -1 285
-3.132 -1 -2.67 -1 -2.992 -1 -3.29 -1 244
-3.141 -1 -2.648 -1 -2.918 -1 -3.292 -1 221
-3.105 -1 -2.602 -1 -2.692 -1 -3.136 -1 66
-2.914 -1 -2.504 -1 -2.614 -1 -3.072 -1 61
-2.843 -1 -2.448 -1 -2.742 -1 -3.126 -1 204
-2.934 -1 -2.514 -1 -3.03 -1 -3.33 -1 408
-3.18 -1 -2.698 -1 -2.966 -1 -3.246 -1 285
-3.106 -1 -2.628 -1 -2.834 -1 -3.216 -1 137
-3.025 -1 -2.6 -1 -2.948 -1 -3.25 -1 266
-3.099 -1 -2.672 -1 -2.692 -1 -3.12 -1 22
-2.906 -1 -2.534 -1 -2.962 -1 -3.284 -1 325
-3.123 -1 -2.686 -1 -3.13 -1 -3.422 -1 404
-3.276 -1 -2.776 -1 -2.814 -1 -3.212 -1 59
-3.013 -1 -2.624 -1 -3.014 -1 -3.33 -1 332
-3.172 -1 -2.702 -1 -2.718 -1 -3.162 -1 14
-2.94 -1 -2.558 -1 -3.038 -1 -3.348 -1 346
-3.193 -1 -2.762 -1 -3.232 -1 -3.478 -1 442
-3.355 -1 -2.862 -1 -3.242 -1 -3.424 -1 388
-3.333 -1 -2.816 -1 -3.124 -1 -3.458 -1 337
-3.291 -1 -2.812 -1 -3.104 -1 -3.406 -1 354
-3.255 -1 -2.77 -1 -3.098 -1 -3.368 -1 364
-3.233 -1 -2.756 -1 -3.202 -1 -3.44 -1 436
-3.321 -1 -2.806 -1 -3.1 -1 -3.35 -1 261
-3.225 -1 -2.762 -1 -3.13 -1 -3.348 -1 397
-3.239 -1 -2.788 -1 -2.86 -1 -3.312 -1 68
-3.086 -1 -2.718 -1 -3.034 -1 -3.332 -1 285
-3.183 -1 -2.75 -1 -2.998 -1 -3.326 -1 219
-3.162 -1 -2.728 -1 -2.824 -1 -3.302 -1 73
-3.063 -1 -2.66 -1 -3.036 -1 -3.286 -1 395
-3.161 -1 -2.726 -1 -2.948 -1 -3.302 -1 203
-3.125 -1 -2.71 -1 -3.022 -1 -3.376 -1 306
-3.199 -1 -2.76 -1 -2.954 -1 -3.258 -1 189
-3.106 -1 -2.664 -1 -2.668 -1 -3.126 -1 3
-2.897 -1 -2.558 -1 -2.65 -1 -3.102 -1 61
-2.876 -1 -2.508 -1 -2.842 -1 -3.19 -1 255
-3.016 -1 -2.542 -1 -2.666 -1 -3.142 -1 90
-2.904 -1 -2.518 -1 -2.9 -1 -3.176 -1 289
-3.038 -1 -2.564 -1 -2.824 -1 -3.22 -1 178
-3.022 -1 -2.54 -1 -3.106 -1 -3.362 -1 436
-3.234 -1 -2.752 -1 -3.156 -1 -3.374 -1 381
-3.265 -1 -2.738 -1 -2.932 -1 -3.254 -1 193
-3.093 -1 -2.684 -1 -3.162 -1 -3.442 -2 411
-3.302 -1 -2.824 -1 -2.908 -1 -3.292 -1 74
-3.1 -1 -2.656 -1 -3.084 -1 -3.276 -1 346
-3.18 -1 -2.744 -1 -2.946 -1 -3.27 -1 265
-3.108 -1 -2.654 -1 -3.226 -1 -3.392 -1 418
-3.309 -1 -2.826 -1 -3.182 -1 -3.47 -2 407
-3.326 -1 -2.824 -1 -2.824 -1 -3.272 -1 1
-3.048 -1 -2.65 -1 -3.124 -1 -3.37 -1 390
-3.247 -1 -2.732 -1 -2.99 -1 -3.332 -1 196
-3.161 -1 -2.738 -1 -2.898 -1 -3.182 -1 115
-3.04 -1 -2.58 -1 -2.918 -1 -3.224 -1 296
-3.071 -1 -2.634 -1 -3.006 -1 -3.31 -1 246
-3.158 -1 -2.702 -1 -2.816 -1 -3.244 -2 92
-3.03 -1 -2.622 -1 -2.794 -1 -3.312 -1 149
-3.053 -1 -2.646 -1 -3.078 -1 -3.312 -1 391
-3.195 -1 -2.732 -1 -2.756 -1 -3.118 -1 10
-2.937 -1 -2.532 -1 -2.704 -1 -3.05 -1 112
-2.877 -1 -2.49 -1 -2.934 -1 -3.272 -1 350
-3.103 -1 -2.634 -1 -2.936 -1 -3.332 -1 304
-3.134 -1 -2.652 -1 -2.972 -1 -3.29 -1 278
-3.131 -1 -2.68 -1 -2.88 -1 -3.276 -1 142
-3.078 -1 -2.692 -1 -2.794 -1 -3.182 -1 84
-2.988 -1 -2.588 -1 -3.086 -1 -3.374 -1 380
-3.23 -1 -2.74 -1 -3.104 -1 -3.382 -2 327
-3.243 -1 -2.744 -1 -3.214 -1 -3.414 -1 386
-3.314 -1 -2.8 -1 -3.194 -1 -3.388 -1 413
-3.291 -1 -2.82 -1 -3.062 -1 -3.402 -1 269
-3.232 -1 -2.78 -1 -3.05 -1 -3.374 -2 239
-3.212 -1 -2.758 -1 -3.164 -1 -3.436 -1 426
-3.3 -1 -2.836 -1 -3.18 -1 -3.41 -2 370
-3.295 -1 -2.798 -1 -2.87 -1 -3.252 -1 56
-3.061 -1 -2.654 -1 -2.68 -1 -3.136 -1 20
-2.908 -1 -2.53 -1 -3.04 -1 -3.342 -1 418
-3.191 -1 -2.706 -1 -3.006 -1 -3.334 -2 332
-3.17 -1 -2.734 -1 -2.924 -1 -3.264 -2 185
-3.094 -1 -2.614 -1 -2.694 -1 -3.12 -2 53
-2.907 -1 -2.556 -1 -2.804 -1 -3.192 -1 178
-2.998 -1 -2.582 -1 -2.714 -1 -3.132 -1 111
-2.923 -1 -2.522 -1 -2.532 -1 -3.028 -1 8
-2.78 -1 -2.454 -1 -2.818 -1 -3.206 -1 287
-3.012 -1 -2.556 -1 -2.578 -1 -3.006 -1 13
-2.792 -1 -2.428 -1 -2.994 -1 -3.298 -1 449
-3.146 -1 -2.672 -1 -2.894 -1 -3.252 -1 195
-3.073 -1 -2.604 -1 -2.928 -1 -3.322 -1 331
-3.125 -1 -2.698 -1 -2.786 -1 -3.146 -1 72
-2.966 -1 -2.576 -1 -2.85 -1 -3.122 -1 216
-2.986 -1 -2.578 -1 -2.848 -1 -3.172 -1 211
-3.01 -1 -2.586 -1 -2.846 -1 -3.214 -1 169
-3.03 -1 -2.594 -1 -2.744 -1 -3.18 -1 103
-2.962 -1 -2.564 -1 -2.948 -1 -3.324 -1 338
-3.136 -1 -2.704 -1 -3.096 -1 -3.382 -1 397
-3.239 -1 -2.79 -1 -3.204 -1 -3.372 -1 442
-3.288 -1 -2.804 -1 -3.144 -1 -3.308 -1 312
-3.226 -1 -2.772 -1 -3.246 -1 -3.486 -2 436
-3.366 -1 -2.862 -1 -2.862 -1 -3.312 -1 0
-3.087 -1 -2.654 -1 -3.114 -1 -3.338 -2 409
-3.226 -1 -2.732 -1 -3.182 -1 -3.426 -1 408
-3.304 -1 -2.824 -1 -3.094 -1 -3.326 -1 327
-3.21 -1 -2.768 -1 -3.144 -1 -3.376 -1 414
-3.26 -1 -2.808 -1 -2.824 -1 -3.162 -1 23
-2.993 -1 -2.592 -1 -2.97 -1 -3.26 -1 316
-3.115 -1 -2.662 -1 -3.01 -1 -3.322 -1 344
-3.166 -1 -2.724 -1 -3.094 -1 -3.436 -1 339
-3.265 -1 -2.756 -1 -3.078 -1 -3.352 -1 365
-3.215 -1 -2.764 -1 -3.026 -1 -3.324 -1 219
-3.175 -1 -2.698 -1 -3.03 -1 -3.332 -1 275
-3.181 -1 -2.692 -1 -2.906 -1 -3.23 -1 160
-3.068 -1 -2.624 -1 -2.954 -1 -3.296 -1 306
-3.125 -1 -2.684 -1 -2.772 -1 -3.154 -1 67
-2.963 -1 -2.542 -1 -2.83 -1 -3.21 -1 177
-3.02 -1 -2.598 -1 -2.984 -1 -3.256 -1 355
-3.12 -1 -2.65 -1 -2.676 -1 -3.118 -1 26
-2.897 -1 -2.514 -1 -2.966 -1 -3.29 -1 290
-3.128 -1 -2.622 -1 -2.668 -1 -3.154 -1 35
-2.911 -1 -2.514 -1 -2.914 -1 -3.232 -1 333
-3.073 -1 -2.62 -1 -2.982 -1 -3.326 -1 267
-3.154 -1 -2.648 -1 -3.092 -1 -3.358 -2 396
-3.225 -1 -2.762 -1 -2.858 -1 -3.224 -1 74
-3.041 -1 -2.622 -1 -2.808 -1 -3.21 -1 113
-3.009 -1 -2.59 -1 -2.702 -1 -3.12 -2 99
-2.911 -1 -2.488 -1 -2.554 -1 -3.022 -1 36
-2.788 -1 -2.422 -1 -2.838 -1 -3.218 -1 274
-3.028 -1 -2.592 -1 -3.082 -1 -3.318 -1 358
-3.2 -1 -2.704 -1 -2.746 -1 -3.218 -2 32
-2.982 -1 -2.53 -1 -3.066 -1 -3.33 -2 422
-3.198 -1 -2.728 -1 -3.158 -1 -3.386 -1 411
-3.272 -1 -2.81 -1 -3.058 -1 -3.382 -2 248
-3.22 -1 -2.748 -1 -2.882 -1 -3.308 -1 98
-3.095 -1 -2.706 -1 -3.014 -1 -3.364 -1 309
-3.189 -1 -2.758 -1 -2.786 -1 -3.154 -1 49
-2.97 -1 -2.546 -1 -2.954 -1 -3.264 -1 306
-3.109 -1 -2.65 -1 -2.792 -1 -3.234 -2 120
-3.013 -1 -2.614 -1 -2.756 -1 -3.162 -1 105
-2.959 -1 -2.542 -1 -2.976 -1 -3.298 -1 393
-3.137 -1 -2.672 -1 -3.02 -1 -3.306 -1 219
-3.163 -1 -2.712 -1 -2.73 -1 -3.176 -1 33
-2.953 -1 -2.562 -1 -2.584 -1 -3.014 -1 34
-2.799 -1 -2.446 -1 -2.792 -1 -3.148 -1 234
-2.97 -1 -2.514 -1 -2.868 -1 -3.216 -1 265
-3.042 -1 -2.588 -1 -2.612 -1 -3.14 -1 13
-2.876 -1 -2.458 -1 -2.978 -1 -3.312 -1 446
-3.145 -1 -2.648 -1 -2.978 -1 -3.268 -1 247
-3.123 -1 -2.618 -1 -2.816 -1 -3.28 -1 114
-3.048 -1 -2.608 -1 -3.016 -1 -3.33 -1 373
-3.173 -1 -2.666 -1 -3.008 -1 -3.254 -1 266
-3.131 -1 -2.634 -1 -3.062 -1 -3.322 -1 383
-3.192 -1 -2.694 -1 -3.072 -1 -3.314 -1 363
-3.193 -1 -2.746 -1 -3.032 -1 -3.334 -1 266
-3.183 -1 -2.73 -1 -3.01 -1 -3.278 -1 219
-3.144 -1 -2.682 -1 -2.682 -1 -3.168 -1 1
-2.925 -1 -2.568 -1 -2.932 -1 -3.246 -1 271
-3.089 -1 -2.65 -1 -2.654 -1 -3.12 -1 1
-2.887 -1 -2.518 -1 -2.662 -1 -3.102 -1 93
-2.882 -1 -2.484 -1 -2.666 -1 -3.114 -1 110
-2.89 -1 -2.506 -1 -2.89 -1 -3.224 -1 331
-3.057 -1 -2.586 -1 -2.78 -1 -3.18 -1 137
-2.98 -1 -2.55 -1 -2.898 -1 -3.236 -1 290
-3.067 -1 -2.592 -1 -2.842 -1 -3.154 -1 200
-2.998 -1 -2.564 -1 -2.72 -1 -3.16 -1 119
-2.94 -1 -2.534 -1 -2.68 -1 -3.208 -1 107
-2.944 -1 -2.572 -1 -2.894 -1 -3.268 -1 236
-3.081 -1 -2.624 -1 -2.66 -1 -3.084 -1 43
-2.872 -1 -2.496 -1 -2.678 -1 -3.092 -1 152
-2.885 -1 -2.456 -1 -2.586 -1 -3.086 -1 71
-2.836 -1 -2.428 -1 -3.044 -1 -3.336 -1 404
-3.19 -1 -2.702 -1 -3.054 -1 -3.302 -1 310
-3.178 -1 -2.694 -1 -2.85 -1 -3.246 -1 152
-3.048 -1 -2.616 -1 -2.618 -1 -3.132 -1 3
-2.875 -1 -2.496 -1 -2.802 -1 -3.184 -1 186
-2.993 -1 -2.548 -1 -3.076 -1 -3.36 -1 439
-3.218 -1 -2.732 -1 -2.772 -1 -3.126 -1 33
-2.949 -1 -2.554 -1 -2.904 -1 -3.226 -1 239
-3.065 -1 -2.63 -1 -2.846 -1 -3.244 -1 164
-3.045 -1 -2.592 -1 -2.83 -1 -3.188 -1 171
-3.009 -1 -2.584 -1 -2.954 -1 -3.256 -1 318
-3.105 -1 -2.632 -1 -2.786 -1 -3.216 -1 134
-3.001 -1 -2.578 -1 -2.598 -1 -3.098 -1 12
-2.848 -1 -2.446 -1 -2.936 -1 -3.204 -1 398
-3.07 -1 -2.576 -1 -2.806 -1 -3.194 -1 153
-3 -1 -2.586 -1 -2.894 -1 -3.238 -1 216
-3.066 -1 -2.578 -1 -2.662 -1 -3.072 -1 72
-2.867 -1 -2.472 -1 -2.996 -1 -3.348 -1 374
-3.172 -1 -2.708 -1 -2.884 -1 -3.094 -1 139
-2.989 -1 -2.544 -1 -2.554 -1 -3.028 -1 10
-2.791 -1 -2.402 -1 -2.95 -1 -3.308 -1 439
-3.129 -1 -2.602 -1 -2.682 -1 -3.098 -1 61
-2.89 -1 -2.472 -1 -2.64 -1 -3.122 -1 118
-2.881 -1 -2.532 -1 -2.968 -1 -3.268 -1 402
-3.118 -1 -2.668 -1 -3.074 -1 -3.282 -1 354
-3.178 -1 -2.738 -1 -2.934 -1 -3.212 -1 208
-3.073 -1 -2.634 -1 -2.786 -1 -3.164 -1 107
-2.975 -1 -2.57 -1 -3.006 -1 -3.334 -1 399
-3.17 -1 -2.716 -1 -2.862 -1 -3.198 -1 147
-3.03 -1 -2.572 -1 -2.578 -1 -3.056 -1 2
-2.817 -1 -2.41 -1 -2.934 -1 -3.294 -1 418
-3.114 -1 -2.614 -1 -2.842 -1 -3.244 -2 148
-3.043 -1 -2.564 -1 -3.05 -1 -3.394 -1 440
-3.222 -1 -2.736 -1 -2.758 -1 -3.262 -2 11
-3.01 -1 -2.626 -1 -3.092 -1 -3.286 -1 437
-3.189 -1 -2.7 -1 -2.856 -1 -3.198 -1 117
-3.027 -1 -2.618 -1 -2.842 -1 -3.258 -1 186
-3.05 -1 -2.618 -1 -3.044 -1 -3.284 -1 369
-3.164 -1 -2.662 -1 -2.852 -1 -3.282 -1 176
-3.067 -1 -2.64 -1 -3.144 -1 -3.364 -1 443
-3.254 -1 -2.764 -1 -2.99 -1 -3.302 -1 232
-3.146 -1 -2.734 -1 -2.916 -1 -3.328 -1 165
-3.122 -1 -2.676 -1 -2.724 -1 -3.13 -1 42
-2.927 -1 -2.558 -1 -2.734 -1 -3.174 -1 132
-2.954 -1 -2.542 -1 -2.836 -1 -3.202 -1 206
-3.019 -1 -2.61 -1 -2.886 -1 -3.176 -1 291
-3.031 -1 -2.614 -1 -3.036 -1 -3.364 -1 341
-3.2 -1 -2.72 -1 -3.1 -1 -3.344 -2 361
-3.222 -1 -2.73 -1 -3.048 -1 -3.416 -1 264
-3.232 -1 -2.792 -1 -3.06 -1 -3.392 -1 248
-3.226 -1 -2.768 -1 -3.11 -1 -3.274 -1 324
-3.192 -1 -2.728 -1 -2.886 -1 -3.286 -1 136
-3.086 -1 -2.688 -1 -3.066 -1 -3.372 -2 356
-3.219 -1 -2.772 -1 -2.892 -1 -3.25 -1 87
-3.071 -1 -2.662 -1 -2.684 -1 -3.168 -1 19
-2.926 -1 -2.536 -1 -2.956 -1 -3.332 -2 315
-3.144 -1 -2.692 -1 -3.03 -1 -3.302 -1 307
-3.166 -1 -2.694 -1 -2.806 -1 -3.216 -1 82
-3.011 -1 -2.586 -1 -2.858 -1 -3.252 -1 209
-3.055 -1 -2.594 -1 -2.624 -1 -3.14 -1 35
-2.882 -1 -2.522 -1 -2.82 -1 -3.266 -1 251
-3.043 -1 -2.606 -1 -3.072 -1 -3.384 -1 400
-3.228 -1 -2.77 -1 -2.992 -1 -3.358 -1 226
-3.175 -1 -2.7 -1 -2.916 -1 -3.3 -2 182
-3.108 -1 -2.666 -1 -3.06 -1 -3.3 -1 336
-3.18 -1 -2.696 -1 -3.09 -1 -3.374 -1 300
-3.232 -1 -2.828 -1 -3.088 -1 -3.354 -2 278
-3.221 -1 -2.77 -1 -2.818 -1 -3.184 -1 34
-3.001 -1 -2.606 -1 -3.042 -1 -3.358 -1 375
-3.2 -1 -2.748 -1 -3.114 -1 -3.336 -1 407
-3.225 -1 -2.762 -1 -2.924 -1 -3.258 -1 131
-3.091 -1 -2.684 -1 -3.136 -1 -3.42 -1 446
-3.278 -1 -2.774 -1 -3.122 -1 -3.382 -1 279
-3.252 -1 -2.778 -1 -2.972 -1 -3.312 -1 165
-3.142 -1 -2.71 -1 -3.016 -1 -3.384 -1 278
-3.2 -1 -2.7 -1 -3.006 -1 -3.25 -1 259
-3.128 -1 -2.698 -1 -2.706 -1 -3.094 -1 5
-2.9 -1 -2.498 -1 -2.73 -1 -3.2 -1 155
-2.965 -1 -2.554 -1 -3.016 -1 -3.392 -1 405
-3.204 -1 -2.722 -1 -2.74 -1 -3.18 -1 11
-2.96 -1 -2.58 -1 -2.714 -1 -3.126 -1 93
-2.92 -1 -2.52 -1 -2.944 -1 -3.286 -1 343
-3.115 -1 -2.646 -1 -3.076 -1 -3.32 -1 383
-3.198 -1 -2.722 -1 -3.058 -1 -3.296 -2 333
-3.177 -1 -2.708 -1 -3.17 -1 -3.41 -1 426
-3.29 -1 -2.816 -1 -2.864 -1 -3.274 -1 33
-3.069 -1 -2.652 -1 -2.656 -1 -3.118 -1 3
-2.887 -1 -2.492 -1 -2.736 -1 -3.162 -1 140
-2.949 -1 -2.546 -1 -2.606 -1 -3.148 -1 48
-2.877 -1 -2.534 -1 -2.688 -1 -3.098 -1 117
-2.893 -1 -2.504 -1 -2.902 -1 -3.304 -2 338
-3.103 -1 -2.632 -1 -3.02 -1 -3.348 -1 338
-3.184 -1 -2.67 -1 -3.008 -1 -3.298 -1 266
-3.153 -1 -2.684 -1 -2.914 -1 -3.326 -1 221
-3.12 -1 -2.682 -1 -2.884 -1 -3.158 -1 193
-3.021 -1 -2.582 -1 -2.86 -1 -3.202 -1 201
-3.031 -1 -2.538 -1 -2.998 -1 -3.332 -1 370
-3.165 -1 -2.682 -1 -2.904 -1 -3.228 -1 200
-3.066 -1 -2.572 -1 -2.926 -1 -3.316 -1 306
-3.121 -1 -2.626 -1 -2.798 -1 -3.176 -1 117
-2.987 -1 -2.524 -1 -2.734 -1 -3.174 -1 123
-2.954 -1 -2.528 -1 -2.908 -1 -3.338 -1 314
-3.123 -1 -2.682 -1 -2.952 -1 -3.286 -1 226
-3.119 -1 -2.682 -1 -2.768 -1 -3.252 -1 66
-3.01 -1 -2.62 -1 -2.994 -1 -3.306 -2 355
-3.15 -1 -2.662 -1 -3.044 -1 -3.308 -1 327
-3.176 -1 -2.706 -1 -2.822 -1 -3.202 -1 80
-3.012 -1 -2.592 -1 -2.824 -1 -3.154 -1 164
-2.989 -1 -2.554 -1 -2.742 -1 -3.186 -1 106
-2.964 -1 -2.576 -1 -3.062 -1 -3.282 -1 429
-3.172 -1 -2.706 -1 -2.798 -1 -3.172 -1 106
-2.985 -1 -2.598 -1 -2.984 -1 -3.358 -1 312
-3.171 -1 -2.684 -1 -2.838 -1 -3.238 -1 149
-3.038 -1 -2.624 -1 -2.93 -1 -3.32 -2 263
-3.125 -1 -2.68 -1 -2.914 -1 -3.276 -1 201
-3.095 -1 -2.65 -1 -2.974 -1 -3.28 -1 237
-3.127 -1 -2.68 -1 -3.126 -1 -3.39 -2 411
-3.258 -1 -2.768 -1 -2.874 -1 -3.258 -1 68
-3.066 -1 -2.664 -1 -2.774 -1 -3.214 -1 100
-2.994 -1 -2.602 -1 -3.096 -1 -3.304 -1 375
-3.2 -1 -2.718 -1 -2.908 -1 -3.312 -1 163
-3.11 -1 -2.644 -1 -2.964 -1 -3.302 -1 240
-3.133 -1 -2.68 -1 -2.898 -1 -3.272 -2 207
-3.085 -1 -2.63 -1 -2.786 -1 -3.218 -1 117
-3.002 -1 -2.614 -1 -2.87 -1 -3.204 -1 201
-3.037 -1 -2.616 -1 -3.148 -1 -3.356 -1 448
-3.252 -1 -2.762 -1 -2.98 -1 -3.266 -1 185
-3.123 -1 -2.676 -1 -3.034 -1 -3.396 -1 347
-3.215 -1 -2.782 -1 -3.06 -1 -3.328 -1 337
-3.194 -1 -2.762 -1 -2.912 -1 -3.284 -1 111
-3.098 -1 -2.67 -1 -2.844 -1 -3.304 -1 139
-3.074 -1 -2.654 -1 -2.898 -1 -3.168 -2 219
-3.033 -1 -2.606 -1 -2.814 -1 -3.238 -1 145
-3.026 -1 -2.596 -1 -2.944 -1 -3.268 -1 237
-3.106 -1 -2.668 -1 -2.846 -1 -3.266 -2 120
-3.056 -1 -2.672 -1 -2.932 -1 -3.264 -1 216
-3.098 -1 -2.678 -1 -2.978 -1 -3.266 -1 224
-3.122 -1 -2.666 -1 -2.668 -1 -3.118 -1 2
-2.893 -1 -2.506 -1 -2.864 -1 -3.296 -1 262
-3.08 -1 -2.65 -1 -3.148 -1 -3.39 -1 409
-3.269 -1 -2.794 -1 -2.9 -1 -3.264 -1 115
-3.082 -1 -2.644 -1 -3.046 -1 -3.364 -1 339
-3.205 -1 -2.7 -1 -2.95 -1 -3.198 -2 202
-3.074 -1 -2.614 -1 -2.742 -1 -3.094 -1 115
-2.918 -1 -2.512 -1 -2.798 -1 -3.228 -1 209
-3.013 -1 -2.552 -1 -2.706 -1 -3.202 -1 103
-2.954 -1 -2.544 -1 -2.738 -1 -3.134 -1 162
-2.936 -1 -2.562 -1 -2.856 -1 -3.202 -2 263
-3.029 -1 -2.568 -1 -2.768 -1 -3.116 -1 140
-2.942 -1 -2.55 -1 -2.942 -1 -3.302 -1 329
-3.122 -1 -2.678 -1 -3.024 -1 -3.288 -2 258
-3.156 -1 -2.66 -1 -2.71 -1 -3.14 -1 39
-2.925 -1 -2.552 -1 -2.702 -1 -3.148 -1 87
-2.925 -1 -2.502 -1 -2.828 -1 -3.242 -1 282
-3.035 -1 -2.606 -1 -2.94 -1 -3.248 -2 291
-3.094 -1 -2.646 -1 -3.194 -1 -3.43 -1 438
-3.312 -1 -2.848 -1 -3.2 -1 -3.424 -1 362
-3.312 -1 -2.774 -1 -2.948 -1 -3.306 -2 110
-3.127 -1 -2.686 -1 -2.96 -1 -3.332 -1 301
-3.146 -1 -2.714 -1 -3.07 -1 -3.376 -1 299
-3.223 -1 -2.752 -1 -2.978 -1 -3.258 -1 225
-3.118 -1 -2.636 -1 -2.674 -1 -3.184 -1 38
-2.929 -1 -2.544 -1 -3.068 -1 -3.316 -1 449
-3.192 -1 -2.71 -1 -2.872 -1 -3.266 -1 142
-3.069 -1 -2.62 -1 -2.632 -1 -3.158 -1 18
-2.895 -1 -2.52 -1 -2.97 -1 -3.312 -1 336
-3.141 -1 -2.69 -1 -2.826 -1 -3.178 -1 73
-3.002 -1 -2.59 -1 -2.74 -1 -3.098 -1 104
-2.919 -1 -2.508 -1 -2.998 -1 -3.3 -1 357
-3.149 -1 -2.658 -1 -2.868 -1 -3.25 -1 211
-3.059 -1 -2.604 -1 -2.952 -1 -3.276 -1 257
-3.114 -1 -2.668 -1 -2.724 -1 -3.152 -1 45
-2.938 -1 -2.528 -1 -2.68 -1 -3.092 -1 106
-2.886 -1 -2.45 -1 -2.886 -1 -3.256 -1 324
-3.071 -1 -2.56 -1 -3.008 -1 -3.336 -1 402
-3.172 -1 -2.696 -1 -2.75 -1 -3.13 -1 43
-2.94 -1 -2.532 -1 -2.8 -1 -3.21 -1 167
-3.005 -1 -2.568 -1 -3.018 -1 -3.37 -1 434
-3.194 -1 -2.722 -1 -2.876 -1 -3.246 -1 115
-3.061 -1 -2.604 -1 -2.946 -1 -3.31 -1 264
-3.128 -1 -2.644 -1 -3.062 -1 -3.314 -1 294
-3.188 -1 -2.674 -1 -2.814 -1 -3.238 -1 109
-3.026 -1 -2.582 -1 -2.66 -1 -3.07 -1 69
-2.865 -1 -2.484 -1 -2.77 -1 -3.124 -1 190
-2.947 -1 -2.512 -1 -2.768 -1 -3.136 -1 191
-2.952 -1 -2.49 -1 -2.626 -1 -3.054 -1 82
-2.84 -1 -2.408 -1 -2.926 -1 -3.28 -1 436
-3.103 -1 -2.654 -1 -2.662 -1 -3.116 -1 12
-2.889 -1 -2.53 -1 -2.752 -1 -3.14 -1 184
-2.946 -1 -2.55 -1 -2.668 -1 -3.122 -2 82
-2.895 -1 -2.5 -1 -2.664 -1 -3.096 -1 127
-2.88 -1 -2.48 -1 -2.736 -1 -3.088 -1 146
-2.912 -1 -2.462 -1 -2.684 -1 -3.112 -1 174
-2.898 -1 -2.51 -1 -2.936 -1 -3.376 -1 344
-3.156 -1 -2.66 -1 -2.778 -1 -3.152 -1 81
-2.965 -1 -2.538 -1 -2.734 -1 -3.186 -1 156
-2.96 -1 -2.522 -1 -2.878 -1 -3.228 -1 271
-3.053 -1 -2.644 -1 -3.018 -1 -3.31 -1 317
-3.164 -1 -2.704 -1 -2.96 -1 -3.268 -1 227
-3.114 -1 -2.668 -1 -2.814 -1 -3.228 -1 132
-3.021 -1 -2.584 -1 -2.854 -1 -3.172 -1 190
-3.013 -1 -2.586 -1 -2.59 -1 -3.05 -1 3
-2.82 -1 -2.44 -1 -2.924 -1 -3.232 -1 362
-3.078 -1 -2.594 -1 -2.832 -1 -3.182 -1 193
-3.007 -1 -2.57 -1 -3.032 -1 -3.406 -1 403
-3.219 -1 -2.68 -1 -2.816 -1 -3.254 -1 122
-3.035 -1 -2.59 -1 -2.594 -1 -3.008 -1 7
-2.801 -1 -2.412 -1 -2.474 -1 -3.002 -1 32
-2.738 -1 -2.36 -1 -2.864 -1 -3.212 -1 370
-3.038 -1 -2.596 -1 -3.036 -1 -3.378 -1 409
-3.207 -1 -2.75 -1 -2.766 -1 -3.164 -1 10
-2.965 -1 -2.598 -1 -2.846 -1 -3.18 -1 201
-3.013 -1 -2.61 -1 -2.938 -1 -3.278 -1 261
-3.108 -1 -2.674 -1 -2.872 -1 -3.25 -2 116
-3.061 -1 -2.652 -1 -3.004 -1 -3.294 -1 329
-3.149 -1 -2.704 -1 -3.08 -1 -3.372 -1 364
-3.226 -1 -2.75 -1 -2.822 -1 -3.23 -2 57
-3.026 -1 -2.636 -1 -2.884 -1 -3.2 -1 231
-3.042 -1 -2.646 -1 -2.852 -1 -3.22 -1 203
-3.036 -1 -2.6 -1 -2.804 -1 -3.248 -1 141
-3.026 -1 -2.584 -1 -2.844 -1 -3.242 -1 197
-3.043 -1 -2.6 -1 -2.948 -1 -3.288 -1 275
-3.118 -1 -2.67 -1 -2.992 -1 -3.322 -1 299
-3.157 -1 -2.704 -1 -3.054 -1 -3.332 -1 327
-3.193 -1 -2.73 -1 -3.146 -1 -3.316 -1 437
-3.231 -1 -2.73 -1 -2.75 -1 -3.21 -1 23
-2.98 -1 -2.628 -1 -2.758 -1 -3.168 -1 117
-2.963 -1 -2.594 -1 -2.756 -1 -3.194 -1 122
-2.975 -1 -2.548 -1 -2.93 -1 -3.266 -2 259
-3.098 -1 -2.654 -1 -2.81 -1 -3.16 -1 155
-2.985 -1 -2.57 -1 -2.858 -1 -3.228 -1 251
-3.043 -1 -2.61 -1 -2.792 -1 -3.218 -2 144
-3.005 -1 -2.628 -1 -2.998 -1 -3.306 -1 395
-3.152 -1 -2.66 -1 -2.786 -1 -3.174 -1 119
-2.98 -1 -2.57 -1 -2.922 -1 -3.234 -2 279
-3.078 -1 -2.636 -1 -2.694 -1 -3.128 -1 34
-2.911 -1 -2.52 -1 -2.602 -1 -3.074 -1 48
-2.838 -1 -2.454 -1 -2.9 -1 -3.272 -1 353
-3.086 -1 -2.624 -1 -2.722 -1 -3.14 -1 64
-2.931 -1 -2.552 -1 -2.618 -1 -3.05 -1 43
-2.834 -1 -2.506 -1 -3.016 -1 -3.272 -1 364
-3.144 -1 -2.688 -1 -2.858 -1 -3.202 -1 116
-3.03 -1 -2.6 -1 -3.166 -1 -3.422 -1 411
-3.294 -1 -2.784 -1 -3.188 -1 -3.458 -1 385
-3.323 -1 -2.798 -1 -3.088 -1 -3.358 -1 331
-3.223 -1 -2.762 -1 -3.196 -1 -3.4 -1 449
-3.298 -1 -2.854 -1 -2.938 -1 -3.25 -1 84
-3.094 -1 -2.66 -1 -2.998 -1 -3.344 -1 314
-3.171 -1 -2.77 -1 -3.046 -1 -3.302 -1 352
-3.174 -1 -2.702 -1 -2.926 -1 -3.318 -1 169
-3.122 -1 -2.668 -1 -2.8 -1 -3.194 -1 110
-2.997 -1 -2.606 -1 -3.026 -1 -3.33 -1 335
-3.178 -1 -2.696 -1 -3.1 -1 -3.402 -1 350
-3.251 -1 -2.806 -1 -2.85 -1 -3.202 -1 24
-3.026 -1 -2.612 -1 -2.952 -1 -3.304 -1 314
-3.128 -1 -2.71 -1 -2.76 -1 -3.19 -1 48
-2.975 -1 -2.54 -1 -2.856 -1 -3.27 -2 218
-3.063 -1 -2.624 -1 -2.938 -1 -3.292 -1 316
-3.115 -1 -2.646 -1 -2.766 -1 -3.202 -1 71
-2.984 -1 -2.55 -1 -2.92 -1 -3.36 -1 265
-3.14 -1 -2.696 -1 -2.738 -1 -3.182 -1 32
-2.96 -1 -2.574 -1 -2.602 -1 -3.038 -1 19
-2.82 -1 -2.488 -1 -2.508 -1 -3.064 -1 22
-2.786 -1 -2.446 -1 -2.828 -1 -3.19 -1 277
-3.009 -1 -2.516 -1 -2.924 -1 -3.246 -1 298
-3.085 -1 -2.636 -1 -3.074 -1 -3.344 -1 437
-3.209 -1 -2.694 -1 -3.096 -1 -3.35 -1 335
-3.223 -1 -2.72 -1 -3.116 -1 -3.39 -1 288
-3.253 -1 -2.802 -1 -2.95 -1 -3.268 -1 122
-3.109 -1 -2.672 -1 -3.096 -1 -3.328 -1 381
-3.212 -1 -2.71 -1 -2.724 -1 -3.158 -1 14
-2.941 -1 -2.53 -1 -2.612 -1 -3.096 -1 58
-2.854 -1 -2.444 -1 -2.678 -1 -3.16 -1 177
-2.919 -1 -2.496 -1 -2.922 -1 -3.27 -2 306
-3.096 -1 -2.616 -1 -2.908 -1 -3.268 -1 253
-3.088 -1 -2.656 -1 -2.78 -1 -3.124 -1 105
-2.952 -1 -2.516 -1 -2.894 -1 -3.29 -1 312
-3.092 -1 -2.644 -1 -2.974 -1 -3.318 -1 294
-3.146 -1 -2.676 -1 -2.694 -1 -3.124 -1 5
-2.909 -1 -2.524 -1 -2.608 -1 -3.132 -1 58
-2.87 -1 -2.51 -1 -2.736 -1 -3.186 -1 162
-2.961 -1 -2.528 -1 -2.996 -1 -3.276 -1 365
-3.136 -1 -2.626 -1 -2.76 -1 -3.106 -1 89
-2.933 -1 -2.534 -1 -2.862 -1 -3.182 -1 266
-3.022 -1 -2.59 -1 -2.994 -1 -3.296 -2 346
-3.145 -1 -2.67 -1 -2.824 -1 -3.184 -1 126
-3.004 -1 -2.614 -1 -2.7 -1 -3.154 -1 52
-2.927 -1 -2.538 -1 -2.756 -1 -3.236 -1 130
-2.996 -1 -2.586 -1 -2.606 -1 -3.022 -1 6
-2.814 -1 -2.438 -1 -2.954 -1 -3.342 -1 434
-3.148 -1 -2.624 -1 -3.044 -1 -3.318 -1 344
-3.181 -1 -2.684 -1 -2.884 -1 -3.258 -1 163
-3.071 -1 -2.604 -1 -2.626 -1 -3.094 -1 23
-2.86 -1 -2.494 -1 -3.028 -1 -3.328 -1 379
-3.178 -1 -2.704 -1 -2.786 -1 -3.142 -1 73
-2.964 -1 -2.594 -1 -2.792 -1 -3.208 -1 179
-3 -1 -2.572 -1 -2.74 -1 -3.14 -1 142
-2.94 -1 -2.55 -1 -2.928 -1 -3.278 -1 334
-3.103 -1 -2.606 -1 -3.018 -1 -3.282 -1 378
-3.15 -1 -2.664 -1 -2.788 -1 -3.208 -1 111
-2.998 -1 -2.594 -1 -3.054 -1 -3.326 -1 440
-3.19 -1 -2.71 -1 -2.816 -1 -3.172 -2 88
-2.994 -1 -2.546 -1 -3.032 -1 -3.268 -1 400
-3.15 -1 -2.706 -1 -3.108 -1 -3.366 -1 419
-3.237 -1 -2.724 -1 -2.838 -1 -3.16 -1 96
-2.999 -1 -2.596 -1 -2.638 -1 -3.064 -1 28
-2.851 -1 -2.42 -1 -2.582 -1 -3.036 -1 77
-2.809 -1 -2.418 -1 -2.82 -1 -3.194 -1 262
-3.007 -1 -2.546 -1 -2.91 -1 -3.116 -1 248
-3.013 -1 -2.532 -1 -2.7 -1 -3.122 -1 111
-2.911 -1 -2.52 -1 -2.776 -1 -3.168 -1 150
-2.972 -1 -2.566 -1 -2.632 -1 -3.1 -1 65
-2.866 -1 -2.464 -1 -2.952 -1 -3.268 -1 432
-3.11 -1 -2.636 -1 -2.692 -1 -3.158 -1 44
-2.925 -1 -2.484 -1 -2.574 -1 -3.066 -1 52
-2.82 -1 -2.424 -1 -2.898 -1 -3.238 -1 337
-3.068 -1 -2.602 -1 -2.762 -1 -3.144 -1 118
-2.953 -1 -2.522 -1 -3.062 -1 -3.328 -1 427
-3.195 -1 -2.732 -1 -3.15 -1 -3.42 -2 386
-3.285 -1 -2.758 -1 -3.126 -1 -3.346 -2 317
-3.236 -1 -2.8 -1 -2.836 -1 -3.216 -1 47
-3.026 -1 -2.648 -1 -2.88 -1 -3.244 -1 213
-3.062 -1 -2.598 -1 -2.848 -1 -3.194 -1 193
-3.021 -1 -2.576 -1 -3.02 -1 -3.338 -1 430
-3.179 -1 -2.732 -1 -2.916 -1 -3.278 -1 162
-3.097 -1 -2.634 -1 -3.03 -1 -3.282 -1 371
-3.156 -1 -2.708 -1 -2.856 -1 -3.212 -1 135
-3.034 -1 -2.57 -1 -2.592 -1 -3.11 -1 15
-2.851 -1 -2.476 -1 -2.768 -1 -3.206 -1 228
-2.987 -1 -2.514 -1 -2.51 -1 -2.98 -1 2
-2.745 -1 -2.404 -1 -2.534 -1 -3.038 -1 90
-2.786 -1 -2.426 -1 -2.742 -1 -3.148 -1 253
-2.945 -1 -2.536 -1 -2.96 -1 -3.31 -1 298
-3.135 -1 -2.668 -1 -2.81 -1 -3.138 -1 126
-2.974 -1 -2.586 -1 -2.598 -1 -2.976 -1 9
-2.787 -1 -2.402 -1 -2.428 -1 -2.944 -1 7
-2.686 -1 -2.342 -1 -2.558 -1 -3.106 -1 104
-2.832 -1 -2.426 -1 -2.612 -1 -3.086 -1 123
-2.849 -1 -2.422 -1 -2.69 -1 -3.116 -1 217
-2.903 -1 -2.496 -1 -2.568 -1 -3.018 -1 37
-2.793 -1 -2.406 -1 -2.648 -1 -3.108 -1 174
-2.878 -1 -2.454 -1 -2.73 -1 -3.188 -1 169
-2.959 -1 -2.506 -1 -2.62 -1 -3.116 -1 71
-2.868 -1 -2.434 -1 -3 -1 -3.354 -1 429
-3.177 -1 -2.626 -1 -3.088 -1 -3.336 -1 357
-3.212 -1 -2.696 -1 -3.112 -1 -3.348 -2 390
-3.23 -1 -2.74 -1 -2.97 -1 -3.288 -1 239
-3.129 -1 -2.684 -1 -3.008 -1 -3.332 -1 314
-3.17 -1 -2.692 -1 -2.876 -1 -3.252 -1 131
-3.064 -1 -2.644 -1 -2.928 -1 -3.272 -1 234
-3.1 -1 -2.678 -1 -3.142 -1 -3.392 -1 385
-3.267 -1 -2.774 -1 -3.18 -1 -3.384 -1 434
-3.282 -1 -2.824 -1 -2.934 -1 -3.278 -1 74
-3.106 -1 -2.666 -1 -2.792 -1 -3.222 -1 102
-3.007 -1 -2.614 -1 -2.972 -1 -3.322 -1 304
-3.147 -1 -2.67 -1 -3.124 -1 -3.31 -1 425
-3.217 -1 -2.75 -1 -2.904 -1 -3.244 -2 125
-3.074 -1 -2.658 -1 -3.004 -1 -3.334 -1 343
-3.169 -1 -2.736 -1 -3.146 -1 -3.346 -1 361
-3.246 -1 -2.732 -1 -2.848 -1 -3.314 -1 88
-3.081 -1 -2.658 -1 -2.856 -1 -3.236 -1 182
-3.046 -1 -2.624 -1 -2.966 -1 -3.32 -1 269
-3.143 -1 -2.698 -1 -3.028 -1 -3.326 -2 257
-3.177 -1 -2.678 -1 -2.84 -1 -3.186 -1 170
-3.013 -1 -2.612 -1 -2.922 -1 -3.222 -1 285
-3.072 -1 -2.61 -1 -2.694 -1 -3.128 -1 51
-2.911 -1 -2.518 -1 -2.528 -1 -3.052 -1 14
-2.79 -1 -2.408 -1 -2.866 -1 -3.266 -1 361
-3.066 -1 -2.608 -1 -3.084 -1 -3.34 -1 429
-3.212 -1 -2.718 -1 -2.938 -1 -3.292 -1 213
-3.115 -1 -2.666 -1 -3.076 -1 -3.34 -1 401
-3.208 -1 -2.736 -1 -2.784 -1 -3.136 -1 62
-2.96 -1 -2.57 -1 -2.672 -1 -3.146 -1 75
-2.909 -1 -2.518 -1 -2.984 -1 -3.36 -1 426
-3.172 -1 -2.726 -1 -2.922 -1 -3.304 -1 189
-3.113 -1 -2.656 -1 -2.848 -1 -3.26 -1 182
-3.054 -1 -2.652 -1 -3.026 -1 -3.296 -1 356
-3.161 -1 -2.68 -1 -2.71 -1 -3.208 -1 22
-2.959 -1 -2.56 -1 -3.046 -1 -3.32 -1 357
-3.183 -1 -2.7 -1 -3.084 -1 -3.324 -1 355
-3.204 -1 -2.726 -1 -3.026 -1 -3.296 -1 258
-3.161 -1 -2.682 -1 -2.91 -1 -3.31 -1 197
-3.11 -1 -2.66 -1 -3.024 -1 -3.308 -1 244
-3.166 -1 -2.708 -1 -3.136 -1 -3.404 -1 409
-3.27 -1 -2.812 -1 -2.862 -1 -3.252 -2 40
-3.057 -1 -2.648 -1 -2.87 -1 -3.178 -1 154
-3.024 -1 -2.596 -1 -2.866 -1 -3.3 -1 289
-3.083 -1 -2.698 -1 -2.75 -1 -3.144 -1 30
-2.947 -1 -2.566 -1 -2.916 -1 -3.274 -2 271
-3.095 -1 -2.668 -1 -2.732 -1 -3.184 -1 48
-2.958 -1 -2.56 -1 -2.916 -1 -3.262 -1 272
-3.089 -1 -2.63 -1 -2.766 -1 -3.164 -1 78
-2.965 -1 -2.524 -1 -2.89 -1 -3.23 -1 275
-3.06 -1 -2.628 -1 -2.666 -1 -3.086 -1 24
-2.876 -1 -2.496 -1 -2.572 -1 -3.01 -1 47
-2.791 -1 -2.442 -1 -2.764 -1 -3.124 -1 231
-2.944 -1 -2.49 -1 -2.892 -1 -3.268 -1 294
-3.08 -1 -2.618 -1 -2.826 -1 -3.204 -1 137
-3.015 -1 -2.612 -1 -3.048 -1 -3.318 -1 372
-3.183 -1 -2.722 -1 -3.044 -1 -3.328 -1 271
-3.186 -1 -2.702 -1 -2.752 -1 -3.186 -1 27
-2.969 -1 -2.572 -1 -2.93 -1 -3.27 -1 261
-3.1 -1 -2.63 -1 -2.866 -1 -3.236 -2 195
-3.051 -1 -2.646 -1 -2.984 -1 -3.216 -1 353
-3.1 -1 -2.644 -1 -2.786 -1 -3.13 -1 122
-2.958 -1 -2.556 -1 -2.574 -1 -3.034 -1 17
-2.804 -1 -2.438 -1 -2.542 -1 -3.07 -2 82
-2.806 -1 -2.468 -1 -2.48 -1 -2.936 -1 7
-2.708 -1 -2.39 -1 -2.782 -1 -3.166 -1 237
-2.974 -1 -2.536 -1 -2.748 -1 -3.096 -1 143
-2.922 -1 -2.494 -1 -2.97 -1 -3.296 -1 406
-3.133 -1 -2.662 -1 -3.11 -1 -3.364 -1 416
-3.237 -1 -2.73 -1 -3.122 -1 -3.386 -1 418
-3.254 -1 -2.794 -1 -3.13 -1 -3.448 -1 298
-3.289 -1 -2.806 -1 -3.158 -1 -3.388 -1 441
-3.273 -1 -2.782 -1 -3.14 -1 -3.41 -1 303
-3.275 -1 -2.774 -1 -3.174 -1 -3.398 -1 401
-3.286 -1 -2.822 -1 -3.108 -1 -3.354 -2 233
-3.231 -1 -2.722 -1 -2.782 -1 -3.248 -1 54
-3.015 -1 -2.62 -1 -2.884 -1 -3.306 -1 214
-3.095 -1 -2.678 -1 -3.076 -1 -3.472 -2 381
-3.274 -1 -2.786 -1 -3.12 -1 -3.336 -1 300
-3.228 -1 -2.762 -1 -3.044 -1 -3.386 -1 231
-3.215 -1 -2.762 -1 -3.09 -1 -3.398 -1 318
-3.244 -1 -2.802 -1 -2.806 -1 -3.112 -1 13
-2.959 -1 -2.576 -1 -2.652 -1 -3.07 -1 48
-2.861 -1 -2.49 -1 -2.654 -1 -3.064 -1 99
-2.859 -1 -2.474 -1 -2.744 -1 -3.2 -1 204
-2.972 -1 -2.532 -1 -2.924 -1 -3.256 -1 269
-3.09 -1 -2.602 -1 -3.108 -1 -3.32 -1 343
-3.214 -1 -2.746 -1 -2.754 -1 -3.188 -1 10
-2.971 -1 -2.564 -1 -2.984 -1 -3.314 -1 356
-3.149 -1 -2.682 -1 -3 -1 -3.31 -1 234
-3.155 -1 -2.708 -1 -2.912 -1 -3.236 -1 163
-3.074 -1 -2.644 -1 -3.044 -1 -3.338 -1 412
-3.191 -1 -2.71 -1 -3.038 -1 -3.244 -1 256
-3.141 -1 -2.674 -1 -2.744 -1 -3.094 -1 58
-2.919 -1 -2.534 -1 -2.946 -1 -3.314 -2 269
-3.13 -1 -2.678 -1 -2.784 -1 -3.29 -1 111
-3.037 -1 -2.658 -1 -2.782 -1 -3.1 -1 93
-2.941 -1 -2.566 -1 -3.01 -1 -3.278 -1 335
-3.144 -1 -2.688 -1 -3.112 -1 -3.432 -1 386
-3.272 -1 -2.828 -1 -3.038 -1 -3.318 -1 194
-3.178 -1 -2.73 -1 -3.018 -1 -3.282 -1 253
-3.15 -1 -2.714 -1 -2.998 -1 -3.39 -2 282
-3.194 -1 -2.708 -1 -2.852 -1 -3.244 -1 77
-3.048 -1 -2.626 -1 -2.758 -1 -3.148 -1 94
-2.953 -1 -2.534 -1 -3.022 -1 -3.324 -1 338
-3.173 -1 -2.698 -1 -3.096 -1 -3.32 -1 436
-3.208 -1 -2.748 -1 -3.084 -1 -3.436 -1 325
-3.26 -1 -2.75 -1 -2.792 -1 -3.278 -2 38
-3.035 -1 -2.646 -1 -2.886 -1 -3.25 -1 229
-3.068 -1 -2.602 -1 -2.798 -1 -3.156 -1 138
-2.977 -1 -2.6 -1 -2.666 -1 -3.132 -1 35
-2.899 -1 -2.508 -1 -2.798 -1 -3.174 -1 197
-2.986 -1 -2.562 -1 -2.754 -1 -3.152 -1 167
-2.953 -1 -2.54 -1 -2.85 -1 -3.146 -1 212
-2.998 -1 -2.556 -1 -3.026 -1 -3.344 -1 438
-3.185 -1 -2.73 -1 -2.99 -1 -3.344 -1 215
-3.167 -1 -2.706 -1 -2.992 -1 -3.324 -1 258
-3.158 -1 -2.694 -1 -3.112 -1 -3.34 -1 399
-3.226 -1 -2.78 -1 -3.184 -1 -3.398 -1 395
-3.291 -1 -2.85 -1 -3.208 -1 -3.414 -1 444
-3.311 -1 -2.824 -1 -3.144 -1 -3.356 -1 312
-3.25 -1 -2.804 -1 -3.22 -1 -3.46 -2 386
-3.34 -1 -2.858 -1 -3.126 -1 -3.36 -1 289
-3.243 -1 -2.8 -1 -3.194 -1 -3.428 -1 408
-3.311 -1 -2.852 -1 -3.232 -1 -3.47 -1 408
-3.351 -1 -2.882 -1 -3.166 -1 -3.404 -1 279
-3.285 -1 -2.824 -1 -3.142 -1 -3.358 -1 261
-3.25 -1 -2.782 -1 -2.932 -1 -3.262 -1 128
-3.097 -1 -2.688 -1 -2.71 -1 -3.148 -1 21
-2.929 -1 -2.54 -1 -2.772 -1 -3.252 -1 181
-3.012 -1 -2.602 -1 -2.636 -1 -3.116 -1 30
-2.876 -1 -2.498 -1 -3.02 -1 -3.348 -1 414
-3.184 -1 -2.696 -1 -3.1 -1 -3.388 -1 385
-3.244 -1 -2.768 -1 -3.144 -1 -3.36 -1 303
-3.252 -1 -2.748 -1 -3.164 -1 -3.394 -1 404
-3.279 -1 -2.81 -1 -3.16 -1 -3.452 -1 301
-3.306 -1 -2.782 -1 -2.972 -1 -3.346 -1 193
-3.159 -1 -2.718 -1 -2.84 -1 -3.2 -1 95
-3.02 -1 -2.578 -1 -2.94 -1 -3.29 -1 304
-3.115 -1 -2.69 -1 -2.884 -1 -3.274 -1 158
-3.079 -1 -2.636 -1 -3.03 -1 -3.284 -1 316
-3.157 -1 -2.7 -1 -3.136 -1 -3.366 -1 384
-3.251 -1 -2.758 -1 -2.874 -1 -3.316 -1 126
-3.095 -1 -2.658 -1 -2.898 -1 -3.242 -1 161
-3.07 -1 -2.664 -1 -3.074 -1 -3.394 -1 386
-3.234 -1 -2.794 -1 -3.172 -1 -3.516 -2 444
-3.344 -1 -2.886 -1 -3.272 -1 -3.49 -1 426
-3.381 -1 -2.9 -1 -3.178 -1 -3.466 -1 336
-3.322 -1 -2.884 -1 -2.952 -1 -3.31 -1 53
-3.131 -1 -2.708 -1 -2.824 -1 -3.252 -1 103
-3.038 -1 -2.592 -1 -2.79 -1 -3.178 -1 198
-2.984 -1 -2.574 -1 -2.866 -1 -3.21 -1 219
-3.038 -1 -2.602 -1 -2.852 -1 -3.254 -1 224
-3.053 -1 -2.63 -1 -2.684 -1 -3.126 -1 60
-2.905 -1 -2.538 -1 -2.762 -1 -3.29 -1 190
-3.026 -1 -2.602 -1 -2.8 -1 -3.186 -1 156
-2.993 -1 -2.584 -1 -3.104 -1 -3.374 -1 398
-3.239 -1 -2.754 -1 -2.786 -1 -3.192 -1 37
-2.989 -1 -2.594 -1 -3.066 -1 -3.322 -1 444
-3.194 -1 -2.69 -1 -2.696 -1 -3.164 -1 16
-2.93 -1 -2.554 -1 -2.574 -1 -3.022 -1 25
-2.798 -1 -2.45 -1 -2.474 -1 -3.024 -1 31
-2.749 -1 -2.412 -1 -2.676 -1 -3.064 -1 137
-2.87 -1 -2.462 -1 -3.018 -1 -3.28 -2 425
-3.149 -1 -2.652 -1 -2.742 -1 -3.176 -1 77
-2.959 -1 -2.524 -1 -2.638 -1 -3.124 -1 86
-2.881 -1 -2.498 -1 -2.65 -1 -3.098 -1 108
-2.874 -1 -2.488 -1 -2.542 -1 -3.022 -1 53
-2.782 -1 -2.434 -1 -2.588 -1 -3.08 -1 92
-2.834 -1 -2.416 -1 -2.852 -1 -3.22 -1 303
-3.036 -1 -2.578 -1 -2.618 -1 -3.098 -1 29
-2.858 -1 -2.464 -1 -2.672 -1 -3.122 -1 151
-2.897 -1 -2.486 -1 -2.578 -1 -3.066 -1 64
-2.822 -1 -2.468 -1 -2.752 -1 -3.034 -1 199
-2.893 -1 -2.512 -1 -2.804 -1 -3.18 -1 168
-2.992 -1 -2.574 -1 -2.772 -1 -3.132 -1 150
-2.952 -1 -2.53 -1 -2.704 -1 -3.154 -1 116
-2.929 -1 -2.502 -1 -2.848 -1 -3.254 -2 308
-3.051 -1 -2.618 -1 -2.906 -1 -3.24 -1 262
-3.073 -1 -2.656 -1 -2.776 -1 -3.172 -1 104
-2.974 -1 -2.572 -1 -2.63 -1 -3.058 -1 54
-2.844 -1 -2.488 -1 -2.996 -1 -3.266 -1 442
-3.131 -1 -2.63 -1 -2.818 -1 -3.198 -1 136
-3.008 -1 -2.598 -1 -3.022 -1 -3.382 -1 427
-3.202 -1 -2.74 -1 -2.782 -1 -3.23 -1 29
-3.006 -1 -2.626 -1 -2.92 -1 -3.232 -1 248
-3.076 -1 -2.644 -1 -2.878 -1 -3.314 -1 235
-3.096 -1 -2.686 -1 -2.93 -1 -3.252 -1 241
-3.091 -1 -2.65 -1 -2.784 -1 -3.198 -1 97
-2.991 -1 -2.558 -1 -2.588 -1 -3.032 -1 27
-2.81 -1 -2.426 -1 -2.534 -1 -3.12 -1 54
-2.827 -1 -2.462 -1 -2.548 -1 -2.958 -1 49
-2.753 -1 -2.402 -1 -2.458 -1 -3.054 -1 40
-2.756 -1 -2.44 -1 -2.8 -1 -3.174 -1 216
-2.987 -1 -2.534 -1 -2.828 -1 -3.156 -1 214
-2.992 -1 -2.526 -1 -2.686 -1 -3.108 0 103
