8 1000 1 2 316 0 0 0 0
-3.511 -1 -3.266 -1 -3.274 -1 -3.272 -1 229
-3.273 -1 -3.044 -1 -3.102 -1 -3.31 -1 121
-3.206 -1 -3 -1 -3.162 -1 -3.242 -1 362
-3.202 -1 -2.954 -1 -3.122 -1 -3.268 -1 418
-3.195 -1 -2.954 -1 -3.01 -1 -3.156 -1 151
-3.083 -1 -2.858 -1 -3.056 -1 -3.222 -1 318
-3.139 -1 -2.902 -1 -3.198 -1 -3.276 -1 449
-3.237 -1 -2.978 -1 -3.056 -1 -3.214 -1 149
-3.135 -1 -2.894 -1 -2.948 -1 -3.138 -1 106
-3.043 -1 -2.822 -1 -3.054 -1 -3.256 -1 399
-3.155 -1 -2.934 -1 -3.026 -1 -3.204 -1 252
-3.115 -1 -2.87 -1 -3.03 -1 -3.218 -1 452
-3.124 -1 -2.882 -1 -3.026 -1 -3.218 -1 367
-3.122 -1 -2.878 -1 -2.978 -1 -3.178 -1 213
-3.078 -1 -2.858 -1 -3.096 -1 -3.276 -1 469
-3.186 -1 -2.928 -1 -2.948 -1 -3.188 -1 36
-3.068 -1 -2.79 -1 -2.944 -1 -3.176 -1 231
-3.06 -1 -2.84 -1 -3.08 -1 -3.258 -1 415
-3.169 -1 -2.958 -1 -3.164 -1 -3.18 -1 404
-3.172 -1 -2.942 -1 -3.112 -1 -3.178 -1 329
-3.145 -1 -2.924 -1 -3.056 -1 -3.252 -1 281
-3.154 -1 -2.93 -1 -3.024 -1 -3.26 -1 154
-3.142 -1 -2.908 -1 -2.968 -1 -3.14 -1 177
-3.054 -1 -2.804 -1 -3.072 -1 -3.214 -1 386
-3.143 -1 -2.918 -1 -2.944 -1 -3.106 -1 29
-3.025 -1 -2.754 -1 -2.862 -1 -3.088 -1 131
-2.975 -1 -2.772 -1 -3.028 -1 -3.204 -1 347
-3.116 -1 -2.874 -1 -3.084 -1 -3.222 -1 354
-3.153 -1 -2.916 -1 -3.052 -1 -3.198 -1 229
-3.125 -1 -2.836 -1 -2.966 -1 -3.2 -1 225
-3.083 -1 -2.85 -1 -2.87 -1 -3.186 -1 29
-3.028 -1 -2.794 -1 -2.968 -1 -3.128 -1 274
-3.048 -1 -2.788 -1 -2.95 -1 -3.128 -1 269
-3.039 -1 -2.796 -1 -3.018 -1 -3.222 -1 340
-3.12 -1 -2.834 -1 -2.932 -1 -3.156 -1 178
-3.044 -1 -2.78 -1 -2.784 -1 -3.06 -1 1
-2.922 -1 -2.74 -1 -2.878 -1 -3.12 -1 144
-2.999 -1 -2.7 -1 -2.788 -1 -3.048 -1 124
-2.918 -1 -2.636 -1 -2.83 -1 -3.07 -1 259
-2.95 -1 -2.686 -1 -2.914 -1 -3.124 -1 250
-3.019 -1 -2.75 -1 -3.136 -1 -3.252 -1 489
-3.194 -1 -2.932 -1 -3.046 -1 -3.204 -1 336
-3.125 -1 -2.87 -1 -3.016 -1 -3.18 -1 319
-3.098 -1 -2.824 -1 -2.882 -1 -3.126 -1 124
-3.004 -1 -2.744 -1 -2.75 -1 -3.068 -1 12
-2.909 -1 -2.72 -1 -2.848 -1 -3.12 -1 186
-2.984 -1 -2.7 -1 -3.008 -1 -3.146 -1 469
-3.077 -1 -2.81 -1 -2.904 -1 -3.05 -1 112
-2.977 -1 -2.7 -1 -2.984 -1 -3.178 -1 392
-3.081 -1 -2.882 -1 -3.054 -1 -3.208 -1 274
-3.131 -1 -2.858 -1 -2.86 -1 -3.056 -1 23
-2.958 -1 -2.754 -1 -2.948 -1 -3.072 -1 446
-3.01 -1 -2.748 -1 -2.922 -1 -3.136 -1 230
-3.029 -1 -2.83 -1 -2.838 -1 -3.08 -1 47
-2.959 -1 -2.762 -1 -2.914 -1 -3.158 -1 208
-3.036 -1 -2.792 -1 -2.894 -1 -3.118 -1 105
-3.006 -1 -2.81 -1 -2.976 -1 -3.164 -1 298
-3.07 -1 -2.844 -1 -2.934 -1 -3.162 -1 160
-3.048 -1 -2.814 -1 -3.034 -1 -3.256 -1 324
-3.145 -1 -2.912 -1 -3.022 -1 -3.218 -1 218
-3.12 -1 -2.886 -1 -2.956 -1 -3.25 -1 93
-3.103 -1 -2.88 -1 -2.874 -1 -3.08 -1 4
-2.977 -1 -2.72 -1 -2.996 -1 -3.228 -1 400
-3.112 -1 -2.868 -1 -3.082 -1 -3.268 -1 336
-3.175 -1 -2.916 -1 -3.072 -1 -3.262 -1 274
-3.167 -1 -2.894 -1 -3.136 -1 -3.218 -1 488
-3.177 -1 -2.872 -1 -2.898 -1 -3.1 -1 12
-2.999 -1 -2.732 -1 -2.962 -1 -3.17 -1 352
-3.066 -1 -2.824 -1 -2.928 -1 -3.17 -1 176
-3.049 -1 -2.77 -1 -2.986 -1 -3.196 -1 327
-3.091 -1 -2.856 -1 -2.86 -1 -3.1 -1 22
-2.98 -1 -2.728 -1 -3.046 -1 -3.252 -1 411
-3.149 -1 -2.874 -1 -2.886 -1 -3.13 -1 8
-3.008 -1 -2.76 -1 -2.81 -1 -3.136 -1 78
-2.973 -1 -2.696 -1 -2.696 -1 -2.996 -1 4
-2.846 -1 -2.656 -1 -3.05 -1 -3.182 -1 449
-3.116 -1 -2.846 -1 -2.856 -1 -3.126 -1 10
-2.991 -1 -2.738 -1 -2.904 -1 -3.18 -1 213
-3.042 -1 -2.822 -1 -3.04 -1 -3.162 -1 298
-3.101 -1 -2.832 -1 -2.9 -1 -3.076 -1 57
-2.988 -1 -2.77 -1 -3.064 -1 -3.204 -1 401
-3.134 -1 -2.858 -1 -3.036 -1 -3.178 -1 357
-3.107 -1 -2.868 -1 -3.076 -1 -3.218 -1 491
-3.147 -1 -2.97 -1 -2.964 -1 -3.132 -1 88
-3.048 -1 -2.842 -1 -2.94 -1 -3.16 -1 180
-3.05 -1 -2.802 -1 -2.9 -1 -3.154 -1 133
-3.027 -1 -2.788 -1 -2.862 -1 -3.192 -1 81
-3.027 -1 -2.81 -1 -3.122 -1 -3.218 -1 444
-3.17 -1 -2.93 -1 -3.026 -1 -3.216 -1 108
-3.121 -1 -2.912 -1 -3.138 -1 -3.316 -1 497
-3.227 -1 -2.988 -1 -3.022 -1 -3.22 -1 89
-3.121 -1 -2.874 -1 -2.988 -1 -3.202 -1 156
-3.095 -1 -2.902 -1 -3.09 -1 -3.166 -1 364
-3.128 -1 -2.832 -1 -3.036 -1 -3.24 -1 424
-3.138 -1 -2.898 -1 -3.122 -1 -3.226 -1 463
-3.174 -1 -2.98 -1 -3.152 -1 -3.348 -1 410
-3.25 -1 -2.998 -1 -3.148 -1 -3.302 -1 425
-3.225 -1 -2.96 -1 -3.104 -1 -3.242 -1 440
-3.173 -1 -2.956 -1 -3.152 -1 -3.336 -1 483
-3.244 -1 -3.042 -1 -3.078 -1 -3.262 -1 93
-3.17 -1 -2.936 -1 -3.156 -1 -3.26 -1 416
-3.208 -1 -3.024 -1 -3.178 -1 -3.362 -1 299
-3.27 -1 -2.992 -1 -3.192 -1 -3.318 -1 414
-3.255 -1 -2.996 -1 -3 -1 -3.182 -1 14
-3.091 -1 -2.85 -1 -3.036 -1 -3.21 -1 321
-3.123 -1 -2.866 -1 -2.922 -1 -3.178 -1 74
-3.05 -1 -2.822 -1 -3.062 -1 -3.274 -1 450
-3.168 -1 -2.912 -1 -3.05 -1 -3.196 -1 150
-3.123 -1 -2.898 -1 -3.028 -1 -3.218 -1 222
-3.123 -1 -2.904 -1 -2.92 -1 -3.118 -1 26
-3.019 -1 -2.808 -1 -2.944 -1 -3.186 -1 189
-3.065 -1 -2.818 -1 -3.126 -1 -3.34 -1 492
-3.233 -1 -2.978 -1 -3.106 -1 -3.224 -1 280
-3.165 -1 -2.912 -1 -2.912 -1 -3.108 -1 13
-3.01 -1 -2.75 -1 -2.852 -1 -3.136 -1 117
-2.994 -1 -2.75 -1 -3.014 -1 -3.182 -1 393
-3.098 -1 -2.89 -1 -2.976 -1 -3.126 -1 220
-3.051 -1 -2.758 -1 -2.862 -1 -3.116 -1 120
-2.989 -1 -2.756 -1 -2.93 -1 -3.128 -1 356
-3.029 -1 -2.832 -1 -2.994 -1 -3.15 -1 259
-3.072 -1 -2.838 -1 -3.02 -1 -3.252 -1 295
-3.136 -1 -2.958 -1 -3.108 -1 -3.224 -1 174
-3.166 -1 -2.896 -1 -3.082 -1 -3.264 -1 254
-3.173 -1 -2.956 -1 -3.184 -1 -3.278 -1 473
-3.231 -1 -3.002 -1 -3.204 -1 -3.268 -1 353
-3.236 -1 -2.95 -1 -2.988 -1 -3.168 -1 51
-3.078 -1 -2.862 -1 -3.004 -1 -3.238 -2 258
-3.121 -1 -2.836 -1 -2.95 -1 -3.224 -1 196
-3.087 -1 -2.87 -1 -3.076 -1 -3.21 -1 331
-3.143 -1 -2.914 -1 -3.024 -1 -3.234 -1 248
-3.129 -1 -2.894 -1 -2.944 -1 -3.128 -1 85
-3.036 -1 -2.774 -1 -2.806 -1 -3.066 -1 60
-2.936 -1 -2.732 -1 -2.774 -1 -3.006 -1 43
-2.89 -1 -2.692 -1 -2.83 -1 -3.038 -1 159
-2.934 -1 -2.72 -1 -2.944 -1 -3.106 -1 336
-3.025 -1 -2.782 -1 -2.862 -1 -3.022 -1 86
-2.942 -1 -2.746 -1 -2.942 -1 -3.114 -1 291
-3.028 -1 -2.764 -1 -2.892 -1 -3.154 -1 245
-3.023 -1 -2.788 -1 -2.81 -1 -3.068 -1 24
-2.939 -1 -2.702 -1 -2.848 -1 -3.13 -1 223
-2.989 -1 -2.768 -1 -3 -1 -3.196 -1 438
-3.098 -1 -2.826 -1 -2.868 -1 -3.064 -1 55
-2.966 -1 -2.768 -1 -2.788 -1 -3.024 -1 21
-2.906 -1 -2.698 -1 -2.982 -1 -3.138 -1 430
-3.06 -1 -2.818 -1 -3.048 -1 -3.2 -1 441
-3.124 -1 -2.87 -1 -3.064 -1 -3.202 -1 408
-3.133 -1 -2.886 -1 -3.102 -1 -3.234 -1 354
-3.168 -1 -2.96 -1 -3.004 -1 -3.166 -1 306
-3.085 -1 -2.854 -1 -2.948 -1 -3.158 -1 171
-3.053 -1 -2.808 -1 -2.856 -1 -3.148 -1 47
-3.002 -1 -2.736 -1 -2.998 -1 -3.156 -1 372
-3.077 -1 -2.826 -1 -3.082 -1 -3.246 -1 435
-3.164 -1 -2.978 -1 -3.154 -1 -3.242 -1 483
-3.198 -1 -2.928 -1 -3.168 -1 -3.27 -1 435
-3.219 -1 -3.018 -1 -3.074 -1 -3.248 -1 184
-3.161 -1 -3.01 -1 -3.092 -1 -3.264 -1 146
-3.178 -1 -2.93 -1 -3.036 -1 -3.324 -1 329
-3.18 -1 -2.912 -1 -3.106 -1 -3.206 -1 462
-3.156 -1 -2.93 -1 -3.04 -1 -3.22 -1 229
-3.13 -1 -2.904 -1 -2.926 -1 -3.118 -1 10
-3.022 -1 -2.832 -1 -2.93 -1 -3.154 -1 140
-3.042 -1 -2.808 -1 -3.042 -1 -3.204 -1 477
-3.123 -1 -2.92 -1 -3.042 -1 -3.218 -1 230
-3.13 -1 -2.882 -1 -3.096 -1 -3.282 -1 375
-3.189 -1 -2.94 -1 -3.092 -1 -3.216 -1 352
-3.154 -1 -2.95 -1 -2.95 -1 -3.17 -1 1
-3.06 -1 -2.794 -1 -2.99 -1 -3.24 -1 272
-3.115 -1 -2.9 -1 -3.156 -1 -3.274 -1 406
-3.215 -1 -3.008 -1 -3.172 -1 -3.302 -1 367
-3.237 -1 -2.95 -1 -3.1 -1 -3.234 -1 323
-3.167 -1 -2.968 -1 -3.09 -1 -3.28 -1 276
-3.185 -1 -2.982 -1 -3.038 -1 -3.192 -1 126
-3.115 -1 -2.916 -1 -3.03 -1 -3.21 -1 174
-3.12 -1 -2.876 -1 -3.024 -1 -3.23 -1 225
-3.127 -1 -2.886 -1 -3.122 -1 -3.246 -1 441
-3.184 -1 -2.958 -1 -3.2 -1 -3.306 -1 416
-3.253 -1 -3.008 -1 -3.054 -1 -3.214 -1 54
-3.134 -1 -2.896 -1 -3.086 -1 -3.21 -2 331
-3.148 -1 -2.868 -1 -2.948 -1 -3.126 -1 151
-3.037 -1 -2.818 -1 -3.002 -1 -3.206 -1 257
-3.104 -1 -2.842 -1 -2.998 -1 -3.182 -1 281
-3.09 -1 -2.832 -1 -3.122 -1 -3.338 -1 365
-3.23 -1 -3.004 -1 -3.14 -1 -3.244 -1 287
-3.192 -1 -2.96 -1 -3.04 -1 -3.252 -1 156
-3.146 -1 -2.89 -1 -3.108 -1 -3.262 -1 377
-3.185 -1 -2.978 -1 -3.134 -1 -3.21 -1 236
-3.172 -1 -2.94 -1 -3.01 -1 -3.136 -1 87
-3.073 -1 -2.778 -1 -2.902 -1 -3.14 -1 255
-3.021 -1 -2.784 -1 -3.026 -1 -3.18 -1 391
-3.103 -1 -2.904 -1 -2.974 -1 -3.168 -1 81
-3.071 -1 -2.79 -1 -2.998 -1 -3.198 -1 379
-3.098 -1 -2.88 -1 -3.092 -1 -3.232 -1 326
-3.162 -1 -2.918 -1 -2.982 -1 -3.136 -1 70
-3.059 -1 -2.812 -1 -2.986 -1 -3.218 -1 253
-3.102 -1 -2.864 -1 -3.072 -1 -3.32 -1 366
-3.196 -1 -2.984 -1 -3.226 -1 -3.306 -1 423
-3.266 -1 -3.024 -1 -3.03 -1 -3.174 -1 20
-3.102 -1 -2.836 -1 -2.916 -1 -3.098 -1 124
-3.007 -1 -2.754 -1 -3.062 -1 -3.254 -1 477
-3.158 -1 -2.914 -1 -3.032 -1 -3.168 -1 340
-3.1 -1 -2.822 -1 -3.004 -1 -3.118 -1 415
-3.061 -1 -2.826 -1 -2.992 -1 -3.158 -1 271
-3.075 -1 -2.788 -1 -2.974 -1 -3.228 -1 287
-3.101 -1 -2.814 -1 -3.016 -1 -3.204 -1 249
-3.11 -1 -2.882 -1 -2.984 -1 -3.26 -1 155
-3.122 -1 -2.914 -1 -3.08 -1 -3.226 -1 320
-3.153 -1 -2.916 -1 -2.988 -1 -3.212 -1 113
-3.1 -1 -2.82 -1 -3.018 -1 -3.18 -1 268
-3.099 -1 -2.824 -1 -2.944 -1 -3.182 -1 204
-3.063 -1 -2.824 -1 -3.002 -1 -3.2 -1 367
-3.101 -1 -2.852 -1 -2.878 -1 -3.102 -1 147
-2.99 -1 -2.73 -1 -3.012 -1 -3.166 -1 419
-3.089 -1 -2.838 -1 -2.848 -1 -3.186 -1 2
-3.017 -1 -2.76 -1 -3.046 -1 -3.246 -1 475
-3.146 -1 -2.91 -1 -3.04 -1 -3.214 -1 211
-3.127 -1 -2.896 -1 -2.9 -1 -3.158 -1 7
-3.029 -1 -2.814 -1 -3.018 -1 -3.182 -1 331
-3.1 -1 -2.87 -1 -3.06 -1 -3.258 -1 317
-3.159 -1 -2.932 -1 -2.99 -1 -3.156 -1 79
-3.073 -1 -2.84 -1 -3.08 -1 -3.284 -1 400
-3.182 -1 -2.924 -1 -2.99 -1 -3.232 -1 75
-3.111 -1 -2.896 -1 -2.948 -1 -3.17 -1 86
-3.059 -1 -2.796 -1 -3.054 -1 -3.24 -1 412
-3.147 -1 -2.922 -1 -2.962 -1 -3.204 -1 70
-3.083 -1 -2.872 -1 -3.088 -1 -3.294 -1 449
-3.191 -1 -2.918 -1 -2.932 -1 -3.192 -1 33
-3.062 -1 -2.868 -1 -2.954 -1 -3.154 -1 86
-3.054 -1 -2.816 -1 -3 -1 -3.146 -1 230
-3.073 -1 -2.812 -1 -2.934 -1 -3.114 -1 154
-3.024 -1 -2.776 -1 -2.974 -1 -3.188 -1 238
-3.081 -1 -2.836 -1 -2.85 -1 -3.158 -1 62
-3.004 -1 -2.76 -1 -2.84 -1 -3.034 -1 116
-2.937 -1 -2.738 -1 -3.062 -1 -3.198 -1 411
-3.13 -1 -2.89 -1 -3.096 -1 -3.278 -1 407
-3.187 -1 -2.94 -1 -3.154 -1 -3.296 -1 489
-3.225 -1 -2.988 -1 -3.13 -1 -3.272 -1 253
-3.201 -1 -2.95 -1 -3.138 -1 -3.242 -1 483
-3.19 -1 -2.896 -1 -3.08 -1 -3.274 -1 299
-3.177 -1 -2.946 -1 -3.13 -1 -3.304 -1 373
-3.217 -1 -2.966 -1 -3.11 -1 -3.206 -1 333
-3.158 -1 -2.918 -1 -3.036 -1 -3.298 -1 272
-3.167 -1 -2.92 -1 -3.024 -1 -3.184 -1 196
-3.104 -1 -2.9 -1 -3.052 -1 -3.158 -1 249
-3.105 -1 -2.872 -1 -2.9 -1 -3.184 -1 46
-3.042 -1 -2.774 -1 -2.876 -1 -3.1 -1 179
-2.988 -1 -2.766 -1 -2.96 -1 -3.16 -1 334
-3.06 -1 -2.812 -1 -3.064 -1 -3.232 -1 424
-3.148 -1 -2.906 -1 -3.182 -1 -3.306 -1 464
-3.244 -1 -2.968 -1 -3.242 -1 -3.308 -1 458
-3.275 -1 -3.022 -1 -3.142 -1 -3.312 -1 425
-3.227 -1 -2.998 -1 -3.072 -1 -3.194 -1 122
-3.133 -1 -2.896 -1 -3.082 -1 -3.302 -1 433
-3.192 -1 -3 -1 -3.132 -1 -3.22 -1 281
-3.176 -1 -2.948 -1 -3.02 -1 -3.144 -1 102
-3.082 -1 -2.89 -1 -3.052 -1 -3.22 -1 197
-3.136 -1 -2.85 -1 -2.866 -1 -3.178 -1 18
-3.022 -1 -2.786 -1 -3.104 -1 -3.242 -1 461
-3.173 -1 -2.924 -1 -3.168 -1 -3.288 -1 467
-3.228 -1 -2.906 -1 -3.084 -1 -3.25 -1 273
-3.167 -1 -2.934 -1 -3.128 -1 -3.298 -1 285
-3.213 -1 -2.95 -1 -3.102 -1 -3.244 -1 422
-3.173 -1 -2.914 -1 -2.988 -1 -3.12 -1 281
-3.054 -1 -2.844 -1 -3.118 -1 -3.322 -1 391
-3.22 -1 -3.012 -1 -3.174 -1 -3.32 -1 350
-3.247 -1 -3.03 -1 -3.042 -1 -3.23 -1 50
-3.136 -1 -2.868 -1 -3.088 -1 -3.256 -1 426
-3.172 -1 -2.952 -1 -3.018 -1 -3.218 -1 85
-3.118 -1 -2.884 -1 -3.124 -1 -3.252 -1 425
-3.188 -1 -2.98 -1 -3.03 -1 -3.192 -1 60
-3.111 -1 -2.884 -1 -3.138 -1 -3.282 -1 439
-3.21 -1 -2.962 -1 -3.106 -1 -3.27 -1 304
-3.188 -1 -2.934 -1 -3.014 -1 -3.166 -1 186
-3.09 -1 -2.814 -1 -2.924 -1 -3.098 -1 123
-3.011 -1 -2.792 -1 -3.028 -1 -3.15 -1 422
-3.089 -1 -2.878 -1 -3.026 -1 -3.212 -1 281
-3.119 -1 -2.93 -1 -3.064 -1 -3.296 -1 295
-3.18 -1 -2.912 -1 -3.086 -1 -3.218 -1 258
-3.152 -1 -2.902 -1 -3.052 -1 -3.218 -1 279
-3.135 -1 -2.874 -1 -2.998 -1 -3.228 -1 219
-3.113 -1 -2.872 -1 -3.078 -1 -3.28 -1 320
-3.179 -1 -2.888 -1 -3.086 -1 -3.224 -1 320
-3.155 -1 -2.878 -1 -3.078 -1 -3.292 -1 301
-3.185 -1 -2.892 -1 -3.124 -1 -3.32 -1 342
-3.222 -1 -2.992 -1 -3.094 -1 -3.234 -1 248
-3.164 -1 -2.974 -1 -3.018 -1 -3.254 -1 141
-3.136 -1 -2.896 -1 -3.048 -1 -3.214 -1 195
-3.131 -1 -2.868 -1 -2.916 -1 -3.172 -1 72
-3.044 -1 -2.8 -1 -2.972 -1 -3.132 -1 222
-3.052 -1 -2.826 -1 -2.936 -1 -3.144 -1 167
-3.04 -1 -2.836 -1 -2.904 -1 -3.112 -1 105
-3.008 -1 -2.728 -1 -2.89 -1 -3.098 -1 206
-2.994 -1 -2.772 -1 -3.064 -1 -3.204 -1 446
-3.134 -1 -2.918 -1 -3.1 -1 -3.226 -1 443
-3.163 -1 -2.874 -1 -3.042 -1 -3.194 -1 374
-3.118 -1 -2.926 -1 -2.926 -1 -3.196 -1 26
-3.061 -1 -2.844 -1 -3.108 -1 -3.268 -1 475
-3.188 -1 -3.044 -1 -3.09 -1 -3.222 -1 123
-3.156 -1 -2.932 -1 -3.078 -1 -3.224 -1 304
-3.151 -1 -2.93 -1 -3.066 -1 -3.176 -1 330
-3.121 -1 -2.878 -1 -3.062 -1 -3.182 -1 368
-3.122 -1 -2.822 -1 -2.916 -1 -3.078 -1 187
-2.997 -1 -2.83 -1 -2.898 -1 -3.08 -1 90
-2.989 -1 -2.728 -1 -3.078 -1 -3.26 -1 489
-3.169 -1 -2.932 -1 -3.056 -1 -3.28 -1 249
-3.168 -1 -2.872 -1 -2.95 -1 -3.198 -1 120
-3.074 -1 -2.846 -1 -3.094 -1 -3.266 -1 476
-3.18 -1 -2.93 -1 -3.018 -1 -3.232 -1 97
-3.125 -1 -2.896 -1 -3.146 -1 -3.25 -1 496
-3.198 -1 -2.91 -1 -3.008 -1 -3.202 -1 207
-3.105 -1 -2.822 -1 -2.96 -1 -3.146 -1 210
-3.053 -1 -2.79 -1 -2.82 -1 -3.046 -1 44
-2.933 -1 -2.708 -1 -2.862 -1 -3.112 -1 204
-2.987 -1 -2.766 -1 -2.77 -1 -3.034 -1 6
-2.902 -1 -2.706 -1 -2.732 -1 -2.986 -1 35
-2.859 -1 -2.66 -1 -2.778 -1 -3.092 -1 137
-2.935 -1 -2.716 -1 -2.814 -1 -3.022 0 123
