8 1000 0.9 2 223 0 0 0 0
-3.454 -1 -3.224 -1 -3.302 -1 -3.442 -1 379
-3.372 -1 -3.104 -1 -3.198 -1 -3.34 -1 336
-3.269 -1 -3.022 -1 -3.152 -1 -3.248 -1 437
-3.2 -1 -2.958 -1 -3.076 -1 -3.248 -1 257
-3.162 -1 -2.926 -1 -2.976 -1 -3.204 -1 32
-3.09 -1 -2.878 -1 -3.136 -1 -3.26 -1 355
-3.198 -1 -2.938 -1 -3.094 -1 -3.262 -1 318
-3.178 -1 -2.936 -1 -3.016 -1 -3.154 -1 81
-3.085 -1 -2.838 -1 -3.06 -1 -3.214 -1 401
-3.137 -1 -2.924 -1 -3.136 -1 -3.284 -1 403
-3.21 -1 -2.966 -1 -3.102 -1 -3.268 -1 309
-3.185 -1 -2.97 -1 -3.026 -1 -3.152 -1 76
-3.089 -1 -2.87 -1 -3.038 -1 -3.256 -1 208
-3.147 -1 -2.97 -1 -3.07 -1 -3.204 -1 194
-3.137 -1 -2.868 -1 -2.95 -1 -3.124 -1 146
-3.037 -1 -2.776 -1 -2.818 -1 -3.096 -1 39
-2.957 -1 -2.704 -1 -2.842 -1 -3.078 -1 152
-2.96 -1 -2.762 -1 -2.884 -1 -3.094 -1 146
-2.989 -1 -2.74 -1 -2.904 -1 -3.112 -1 214
-3.008 -1 -2.778 -1 -2.908 -1 -3.092 -1 235
-3 -1 -2.766 -1 -2.928 -1 -3.138 -1 264
-3.033 -1 -2.782 -1 -3.074 -1 -3.232 -1 423
-3.153 -1 -2.898 -1 -3.02 -1 -3.218 -1 236
-3.119 -1 -2.876 -1 -3.058 -1 -3.234 -1 336
-3.146 -1 -2.872 -1 -3.038 -1 -3.252 -1 293
-3.145 -1 -2.892 -1 -3.026 -1 -3.166 -1 218
-3.096 -1 -2.852 -1 -2.876 -1 -3.19 -1 44
-3.033 -1 -2.808 -1 -3.036 -1 -3.204 -1 295
-3.12 -1 -2.896 -1 -2.9 -1 -3.16 -1 2
-3.03 -1 -2.81 -1 -2.956 -1 -3.156 -1 266
-3.056 -1 -2.854 -1 -3.102 -1 -3.292 -1 343
-3.197 -1 -2.922 -1 -3.124 -1 -3.242 -1 399
-3.183 -1 -2.92 -1 -3.112 -1 -3.216 -1 388
-3.164 -1 -2.91 -1 -3.002 -1 -3.206 -1 127
-3.104 -1 -2.88 -1 -2.954 -1 -3.156 -1 136
-3.055 -1 -2.796 -1 -3.02 -1 -3.196 -1 298
-3.108 -1 -2.85 -1 -3.132 -1 -3.232 -1 396
-3.182 -1 -2.938 -1 -2.968 -1 -3.238 -1 82
-3.103 -1 -2.858 -1 -2.856 -1 -3.088 -1 4
-2.972 -1 -2.72 -1 -2.96 -1 -3.102 -1 278
-3.031 -1 -2.778 -1 -2.916 -1 -3.012 -1 195
-2.964 -1 -2.75 -1 -2.844 -1 -3.128 -1 77
-2.986 -1 -2.782 -1 -2.99 -1 -3.148 -1 310
-3.069 -1 -2.822 -1 -2.974 -1 -3.166 -1 249
-3.07 -1 -2.83 -1 -2.934 -1 -3.156 -1 138
-3.045 -1 -2.814 -1 -2.858 -1 -3.112 -1 38
-2.985 -1 -2.76 -1 -2.986 -1 -3.122 -1 395
-3.054 -1 -2.812 -1 -3.09 -1 -3.222 -1 386
-3.156 -1 -2.942 -1 -3.2 -1 -3.338 -1 444
-3.269 -1 -3.016 -1 -3.092 -1 -3.204 -1 128
-3.148 -1 -2.892 -1 -2.9 -1 -3.122 -1 15
-3.011 -1 -2.81 -1 -3.036 -1 -3.132 -1 390
-3.084 -1 -2.81 -1 -3.01 -1 -3.168 -1 263
-3.089 -1 -2.816 -1 -2.822 -1 -3.026 -1 11
-2.924 -1 -2.716 -1 -2.79 -1 -2.99 -1 118
-2.89 -1 -2.716 -1 -2.846 -1 -3.132 -1 183
-2.989 -1 -2.708 -1 -3.062 -1 -3.226 -1 419
-3.144 -1 -2.89 -1 -2.968 -1 -3.188 -1 121
-3.078 -1 -2.852 -1 -2.98 -1 -3.198 -1 214
-3.089 -1 -2.856 -1 -2.938 -1 -3.102 -1 133
-3.02 -1 -2.792 -1 -3.006 -1 -3.23 -1 259
-3.118 -1 -2.858 -1 -2.9 -1 -3.076 -1 53
-2.988 -1 -2.76 -1 -2.862 -1 -3.108 -1 167
-2.985 -1 -2.754 -1 -2.836 -1 -3.108 -1 105
-2.972 -1 -2.744 -1 -2.856 -1 -3.072 -1 149
-2.964 -1 -2.736 -1 -2.778 -1 -2.99 -1 46
-2.884 -1 -2.626 -1 -2.846 -1 -3.046 -1 353
-2.946 -1 -2.702 -1 -3.032 -1 -3.166 -1 440
-3.099 -1 -2.882 -1 -3.056 -1 -3.248 -1 316
-3.152 -1 -2.852 -1 -3.016 -1 -3.2 -1 225
-3.108 -1 -2.886 -1 -2.918 -1 -3.148 -1 30
-3.033 -1 -2.808 -1 -2.906 -1 -3.156 -1 93
-3.031 -1 -2.818 -1 -3.006 -1 -3.152 -1 293
-3.079 -1 -2.814 -1 -3.062 -1 -3.204 -1 324
-3.133 -1 -2.854 -1 -3.13 -1 -3.276 -1 437
-3.203 -1 -2.922 -1 -3.144 -1 -3.356 -1 400
-3.25 -1 -3 -1 -3.202 -1 -3.292 -1 406
-3.247 -1 -2.938 -1 -2.992 -1 -3.17 -1 58
-3.081 -1 -2.844 -1 -3.082 -1 -3.216 -1 410
-3.149 -1 -2.886 -1 -2.892 -1 -3.134 -1 22
-3.013 -1 -2.798 -1 -2.996 -1 -3.144 -1 304
-3.07 -1 -2.812 -1 -3.064 -1 -3.256 -1 440
-3.16 -1 -2.926 -1 -2.996 -1 -3.238 -1 168
-3.117 -1 -2.86 -1 -2.894 -1 -3.102 -1 46
-2.998 -1 -2.73 -1 -2.776 -1 -3.086 -1 106
-2.931 -1 -2.688 -1 -2.962 -1 -3.132 -1 449
-3.047 -1 -2.856 -1 -3.094 -1 -3.186 -1 375
-3.14 -1 -2.886 -1 -3.05 -1 -3.166 -1 299
-3.108 -1 -2.88 -1 -3.092 -1 -3.256 -1 271
-3.174 -1 -2.948 -1 -3.128 -1 -3.292 -1 298
-3.21 -1 -2.968 -1 -3.124 -1 -3.28 -1 371
-3.202 -1 -2.984 -1 -3.082 -1 -3.22 -1 93
-3.151 -1 -2.926 -1 -3.038 -1 -3.178 -1 260
-3.108 -1 -2.902 -1 -3.142 -1 -3.218 -1 431
-3.18 -1 -2.876 -1 -3.104 -1 -3.182 -1 322
-3.143 -1 -2.922 -1 -3.118 -1 -3.262 -1 432
-3.19 -1 -2.984 -1 -3.12 -1 -3.222 -1 370
-3.171 -1 -2.962 -1 -3.064 -1 -3.194 -1 184
-3.129 -1 -2.884 -1 -3.078 -1 -3.22 -1 290
-3.149 -1 -2.928 -1 -3.164 -1 -3.33 -1 315
-3.247 -1 -2.99 -1 -3.118 -1 -3.22 -1 283
-3.169 -1 -2.948 -1 -3.008 -1 -3.182 -1 185
-3.095 -1 -2.834 -1 -2.996 -1 -3.216 -1 276
-3.106 -1 -2.866 -1 -2.986 -1 -3.212 -1 276
-3.099 -1 -2.842 -1 -3.026 -1 -3.196 -1 303
-3.111 -1 -2.866 -1 -3.052 -1 -3.206 -1 355
-3.129 -1 -2.876 -1 -2.964 -1 -3.202 -1 115
-3.083 -1 -2.846 -1 -3.11 -1 -3.168 -1 424
-3.139 -1 -2.926 -1 -3.1 -1 -3.24 -1 288
-3.17 -1 -2.962 -1 -3.14 -1 -3.254 -1 356
-3.197 -1 -2.944 -1 -2.95 -1 -3.134 -1 20
-3.042 -1 -2.816 -1 -2.962 -1 -3.174 -1 225
-3.068 -1 -2.844 -1 -2.95 -1 -3.214 -1 140
-3.082 -1 -2.848 -1 -2.952 -1 -3.17 -1 149
-3.061 -1 -2.836 -1 -3.014 -1 -3.194 -1 240
-3.104 -1 -2.878 -1 -3.062 -1 -3.216 -1 293
-3.139 -1 -2.846 -1 -2.962 -1 -3.156 -1 227
-3.059 -1 -2.766 -1 -3 -1 -3.194 -1 432
-3.097 -1 -2.834 -1 -3.062 -1 -3.216 -1 430
-3.139 -1 -2.88 -1 -3.076 -1 -3.216 -2 229
-3.146 -1 -2.884 -1 -3.074 -1 -3.286 -1 311
-3.18 -1 -2.964 -1 -3.084 -1 -3.216 -1 304
-3.15 -1 -2.902 -1 -3.08 -1 -3.154 -1 290
-3.117 -1 -2.902 -1 -3.038 -1 -3.154 -1 244
-3.096 -1 -2.852 -1 -3.04 -1 -3.322 -1 400
-3.181 -1 -2.96 -1 -3.088 -1 -3.224 -1 304
-3.156 -1 -2.858 -1 -2.954 -1 -3.236 -1 142
-3.095 -1 -2.878 -1 -2.968 -1 -3.188 -1 255
-3.078 -1 -2.854 -1 -2.958 -1 -3.168 -1 176
-3.063 -1 -2.812 -1 -2.878 -1 -3.13 -1 70
-3.004 -1 -2.788 -1 -2.98 -1 -3.196 -1 316
-3.088 -1 -2.816 -1 -2.866 -1 -3.1 -1 98
-2.983 -1 -2.79 -1 -3.03 -1 -3.236 -1 431
-3.133 -1 -2.934 -1 -3.08 -1 -3.258 -1 327
-3.169 -1 -2.878 -1 -3.004 -1 -3.212 -1 208
-3.108 -1 -2.876 -1 -2.964 -1 -3.168 -1 132
-3.066 -1 -2.808 -1 -2.944 -1 -3.16 -1 251
-3.052 -1 -2.792 -1 -3.01 -1 -3.17 -1 301
-3.09 -1 -2.8 -1 -3.084 -1 -3.312 -1 433
-3.198 -1 -2.894 -1 -3.144 -1 -3.236 -1 438
-3.19 -1 -2.938 -1 -2.994 -1 -3.2 -1 173
-3.097 -1 -2.844 -1 -2.97 -1 -3.198 -1 275
-3.084 -1 -2.838 -1 -2.946 -1 -3.136 -1 152
-3.041 -1 -2.816 -1 -3.046 -1 -3.186 -1 287
-3.116 -1 -2.874 -1 -3.04 -1 -3.188 -1 276
-3.114 -1 -2.892 -1 -2.9 -1 -3.114 -1 3
-3.007 -1 -2.786 -1 -2.832 -1 -3.04 -1 35
-2.936 -1 -2.72 -1 -2.882 -1 -3.07 -1 271
-2.976 -1 -2.772 -1 -2.8 -1 -3.068 -1 45
-2.934 -1 -2.724 -1 -2.762 -1 -2.964 -1 42
-2.863 -1 -2.63 -1 -2.74 -1 -2.98 -1 118
-2.86 -1 -2.598 -1 -2.924 -1 -3.148 -1 387
-3.036 -1 -2.766 -1 -2.768 -1 -3.018 -1 5
-2.893 -1 -2.662 -1 -2.896 -1 -3.14 -1 283
-3.018 -1 -2.768 -1 -2.848 -1 -3.096 -1 123
-2.972 -1 -2.674 -1 -2.896 -1 -3.14 -1 326
-3.018 -1 -2.724 -1 -2.958 -1 -3.118 -1 299
-3.038 -1 -2.792 -1 -2.934 -1 -3.204 -1 324
-3.069 -1 -2.87 -1 -3.16 -1 -3.278 -1 437
-3.219 -1 -3 -1 -3.114 -1 -3.244 -1 285
-3.179 -1 -2.902 -1 -3.024 -1 -3.194 -1 233
-3.109 -1 -2.846 -1 -3.016 -1 -3.174 -1 246
-3.095 -1 -2.87 -1 -2.976 -1 -3.218 -1 143
-3.097 -1 -2.81 -1 -2.978 -1 -3.158 -1 164
-3.068 -1 -2.846 -1 -2.99 -1 -3.202 -1 256
-3.096 -1 -2.816 -1 -3.072 -1 -3.248 -1 442
-3.16 -1 -2.912 -1 -2.924 -1 -3.104 -1 36
-3.014 -1 -2.832 -1 -2.926 -1 -3.086 -1 190
-3.006 -1 -2.724 -1 -2.76 -1 -3.084 -1 56
-2.922 -1 -2.676 -1 -2.916 -1 -3.128 -1 377
-3.022 -1 -2.782 -1 -2.892 -1 -3.066 -1 172
-2.979 -1 -2.74 -1 -2.81 -1 -3.112 -1 59
-2.961 -1 -2.74 -1 -3.034 -1 -3.156 -1 370
-3.095 -1 -2.866 -1 -3.106 -1 -3.244 -1 330
-3.175 -1 -2.946 -1 -3.046 -1 -3.232 -1 174
-3.139 -1 -2.876 -1 -2.948 -1 -3.108 -1 143
-3.028 -1 -2.784 -1 -2.98 -1 -3.2 -1 346
-3.09 -1 -2.824 -1 -3.032 -1 -3.204 -1 247
-3.118 -1 -2.894 -1 -2.936 -1 -3.178 -1 53
-3.057 -1 -2.79 -1 -2.992 -1 -3.176 -1 269
-3.084 -1 -2.81 -1 -3.002 -1 -3.264 -1 334
-3.133 -1 -2.928 -1 -3.044 -1 -3.24 -1 175
-3.142 -1 -2.89 -1 -3.102 -1 -3.24 -1 358
-3.171 -1 -2.938 -1 -3.026 -1 -3.188 -1 240
-3.107 -1 -2.866 -1 -3.008 -1 -3.228 -1 394
-3.118 -1 -2.86 -1 -2.89 -1 -3.144 -1 27
-3.017 -1 -2.792 -1 -2.914 -1 -3.086 -1 216
-3 -1 -2.772 -1 -2.954 -1 -3.132 -1 285
-3.043 -1 -2.842 -1 -3.028 -1 -3.206 -1 239
-3.117 -1 -2.886 -1 -2.946 -1 -3.108 -1 118
-3.027 -1 -2.822 -1 -2.916 -1 -3.096 -1 102
-3.006 -1 -2.756 -1 -2.932 -1 -3.122 -1 238
-3.027 -1 -2.766 -1 -2.882 -1 -3.132 -1 179
-3.007 -1 -2.73 -1 -2.86 -1 -3.162 -1 139
-3.011 -1 -2.772 -1 -3.018 -1 -3.194 -1 359
-3.106 -1 -2.826 -1 -2.91 -1 -3.21 -1 93
-3.06 -1 -2.856 -1 -3.04 -1 -3.2 -1 395
-3.12 -1 -2.89 -1 -2.96 -1 -3.084 -1 215
-3.022 -1 -2.816 -1 -2.834 -1 -3.12 -1 35
-2.977 -1 -2.734 -1 -2.876 -1 -3.224 -1 161
-3.05 -1 -2.838 -1 -2.984 -1 -3.16 -1 235
-3.072 -1 -2.836 -1 -2.86 -1 -3.076 -1 29
-2.968 -1 -2.742 -1 -2.874 -1 -3.116 -1 152
-2.995 -1 -2.756 -1 -2.974 -1 -3.198 -1 296
-3.086 -1 -2.83 -1 -3.076 -1 -3.248 -1 324
-3.162 -1 -2.926 -1 -3.158 -1 -3.214 -1 431
-3.186 -1 -2.95 -1 -2.96 -1 -3.236 -1 22
-3.098 -1 -2.858 -1 -2.868 -1 -3.116 -1 25
-2.992 -1 -2.758 -1 -2.868 -1 -3.16 -1 172
-3.014 -1 -2.748 -1 -2.962 -1 -3.184 -1 314
-3.073 -1 -2.772 -1 -2.786 -1 -3.046 -1 10
-2.916 -1 -2.64 -1 -2.842 -1 -3.134 -1 138
-2.988 -1 -2.754 -1 -3.03 -1 -3.112 -1 367
-3.071 -1 -2.838 -1 -2.866 -1 -3.046 -1 21
-2.956 -1 -2.688 -1 -2.982 -1 -3.162 -1 387
-3.072 -1 -2.774 -1 -3.064 -1 -3.288 -1 449
-3.176 -1 -2.916 -1 -2.93 -1 -3.114 -1 36
-3.022 -1 -2.786 -1 -2.832 -1 -3.056 -1 58
-2.944 -1 -2.69 -1 -2.93 -1 -3.164 -1 317
-3.047 -1 -2.83 -1 -2.85 -1 -3.096 -1 7
-2.973 -1 -2.722 -1 -2.898 -1 -3.076 -1 232
-2.987 -1 -2.764 -1 -3.03 -1 -3.102 -1 380
-3.066 -1 -2.796 -1 -3.05 -1 -3.212 0 425
