10 1000 0.6 10 463 0 0 0 0
-3.875 -2 -3.308 -2 -3.374 -1 -3.546 -2 291
-3.46 -1 -2.986 -1 -3.172 -1 -3.422 -2 218
-3.297 -1 -2.842 -1 -3.104 -1 -3.43 -1 247
-3.267 -1 -2.812 -1 -2.922 -1 -3.314 -1 95
-3.118 -1 -2.68 -1 -3.022 -1 -3.316 -1 297
-3.169 -1 -2.686 -1 -2.758 -1 -3.208 -1 76
-2.983 -1 -2.574 -1 -2.732 -1 -3.142 -1 133
-2.937 -1 -2.502 -1 -2.778 -1 -3.178 -1 194
-2.978 -1 -2.538 -1 -2.788 -1 -3.262 -1 173
-3.025 -1 -2.544 -1 -2.788 -1 -3.122 -1 199
-2.955 -1 -2.522 -1 -2.882 -1 -3.3 -1 281
-3.091 -1 -2.608 -1 -2.882 -1 -3.226 -1 252
-3.054 -1 -2.62 -1 -2.92 -1 -3.206 -1 252
-3.063 -1 -2.606 -1 -2.992 -1 -3.248 -1 283
-3.12 -1 -2.616 -1 -2.832 -1 -3.278 -1 163
-3.055 -1 -2.638 -1 -2.846 -1 -3.224 -1 179
-3.035 -1 -2.592 -1 -2.894 -1 -3.248 -1 247
-3.071 -1 -2.624 -1 -2.856 -1 -3.248 -1 180
-3.052 -1 -2.578 -1 -2.952 -1 -3.292 -1 281
-3.122 -1 -2.654 -1 -2.682 -1 -3.136 -1 26
-2.909 -1 -2.522 -1 -2.604 -1 -3.032 -1 57
-2.818 -1 -2.444 -1 -2.892 -1 -3.242 -1 299
-3.067 -1 -2.604 -1 -2.912 -1 -3.26 -1 273
-3.086 -1 -2.644 -1 -2.794 -1 -3.21 -2 159
-3.002 -1 -2.576 -1 -2.876 -1 -3.234 -1 206
-3.055 -1 -2.602 -1 -2.704 -1 -3.134 -1 88
-2.919 -1 -2.516 -1 -2.824 -1 -3.244 -1 218
-3.034 -1 -2.62 -1 -2.8 -1 -3.176 -1 127
-2.988 -1 -2.594 -1 -2.87 -1 -3.236 -1 228
-3.053 -1 -2.626 -1 -2.87 -1 -3.202 -1 213
-3.036 -1 -2.572 -1 -2.822 -1 -3.162 -1 201
-2.992 -1 -2.536 -1 -2.546 -1 -2.992 -1 7
-2.769 -1 -2.388 -1 -2.46 -1 -2.974 -1 38
-2.717 -1 -2.342 -1 -2.552 -1 -3.056 -1 151
-2.804 -1 -2.388 -1 -2.634 -1 -3.108 -1 158
-2.871 -1 -2.452 -1 -2.586 -1 -3.046 -1 126
-2.816 -1 -2.4 -1 -2.594 -1 -3.054 -1 118
-2.824 -1 -2.402 -1 -2.802 -1 -3.184 -1 291
-2.993 -1 -2.53 -1 -2.788 -1 -3.19 -1 243
-2.989 -1 -2.53 -1 -2.662 -1 -3.022 -1 92
-2.842 -1 -2.438 -1 -2.616 -1 -3.052 -1 122
-2.834 -1 -2.436 -1 -2.596 -1 -3.016 -1 88
-2.806 -1 -2.384 -1 -2.81 -1 -3.134 -1 263
-2.972 -1 -2.5 -1 -2.55 -1 -2.986 -1 31
-2.768 -1 -2.386 -1 -2.504 -1 -3.02 -1 81
-2.762 -1 -2.346 -1 -2.784 -1 -3.152 -1 285
-2.968 -1 -2.54 -1 -2.698 -1 -3.08 -1 126
-2.889 -1 -2.46 -1 -2.682 -1 -3.088 -1 146
-2.885 -1 -2.45 -1 -2.654 -1 -3.122 -1 177
-2.888 -1 -2.46 -1 -2.832 -1 -3.148 -1 282
-2.99 -1 -2.504 -1 -2.642 -1 -3.122 -1 116
-2.882 -1 -2.458 -1 -2.46 -1 -2.974 -1 1
-2.717 -1 -2.36 -1 -2.582 -1 -2.994 -1 135
-2.788 -1 -2.404 -1 -2.624 -1 -3.054 -1 131
-2.839 -1 -2.418 -1 -2.838 -1 -3.16 -1 255
-2.999 -1 -2.496 -1 -2.684 -1 -3.026 -1 107
-2.855 -1 -2.422 -1 -2.542 -1 -3.03 -1 105
-2.786 -1 -2.428 -1 -2.786 -1 -3.136 -1 228
-2.961 -1 -2.498 -1 -2.74 -1 -3.126 -1 188
-2.933 -1 -2.516 -1 -2.574 -1 -3.02 -1 39
-2.797 -1 -2.392 -1 -2.742 -1 -3.146 -1 232
-2.944 -1 -2.482 -1 -2.532 -1 -3 -1 40
-2.766 -1 -2.396 -1 -2.672 -1 -3.168 -1 211
-2.92 -1 -2.484 -1 -2.54 -1 -3.014 -1 34
-2.777 -1 -2.386 -1 -2.696 -1 -3.14 -1 192
-2.918 -1 -2.468 -1 -2.824 -1 -3.19 -1 244
-3.007 -1 -2.518 -1 -2.566 -1 -3.094 -1 44
-2.83 -1 -2.464 -1 -2.654 -1 -3.09 -1 143
-2.872 -1 -2.456 -1 -2.896 -1 -3.286 -1 298
-3.091 -1 -2.608 -1 -2.976 -1 -3.316 -1 252
-3.146 -1 -2.668 -1 -2.852 -1 -3.164 -1 157
-3.008 -1 -2.56 -1 -2.644 -1 -3.076 -1 73
-2.86 -1 -2.436 -1 -2.824 -1 -3.238 -1 256
-3.031 -1 -2.588 -1 -2.908 -1 -3.304 -1 236
-3.106 -1 -2.624 -1 -2.8 -1 -3.122 -1 134
-2.961 -1 -2.55 -1 -2.846 -1 -3.192 -1 212
-3.019 -1 -2.538 -1 -2.934 -1 -3.338 -1 264
-3.136 -1 -2.65 -1 -2.91 -1 -3.27 -1 225
-3.09 -1 -2.66 -1 -3.002 -1 -3.348 -1 265
-3.175 -1 -2.706 -1 -2.862 -1 -3.188 -1 138
-3.025 -1 -2.63 -1 -2.748 -1 -3.184 -1 96
-2.966 -1 -2.562 -1 -2.586 -1 -3.06 -1 17
-2.823 -1 -2.464 -1 -2.76 -1 -3.184 -1 182
-2.972 -1 -2.562 -1 -2.608 -1 -3.02 -1 35
-2.814 -1 -2.434 -1 -2.576 -1 -3.064 -1 104
-2.82 -1 -2.428 -1 -2.706 -1 -3.118 -1 192
-2.912 -1 -2.498 -1 -2.592 -1 -2.99 -1 55
-2.791 -1 -2.408 -1 -2.592 -1 -3.056 -1 111
-2.824 -1 -2.406 -1 -2.63 -1 -3.058 -1 132
-2.844 -1 -2.42 -1 -2.578 -1 -3.052 -1 100
-2.815 -1 -2.394 -1 -2.63 -1 -3.15 -1 132
-2.89 -1 -2.466 -1 -2.736 -1 -3.134 -1 188
-2.935 -1 -2.512 -1 -2.778 -1 -3.212 -1 224
-2.995 -1 -2.54 -1 -2.642 -1 -3.096 -1 47
-2.869 -1 -2.46 -1 -2.576 -1 -3.08 -1 75
-2.828 -1 -2.426 -1 -2.658 -1 -3.08 -1 159
-2.869 -1 -2.454 -1 -2.678 -1 -3.004 -1 165
-2.841 -1 -2.406 -1 -2.692 -1 -3.068 -1 184
-2.88 -1 -2.438 -1 -2.5 -1 -3.134 -1 41
-2.817 -1 -2.426 -1 -2.502 -1 -3.026 -1 35
-2.764 -1 -2.402 -1 -2.756 -1 -3.184 -1 223
-2.97 -1 -2.508 -1 -2.772 -1 -3.172 -1 217
-2.972 -1 -2.54 -1 -2.724 -1 -3.14 -1 161
-2.932 -1 -2.506 -1 -2.536 -1 -3.006 -1 23
-2.771 -1 -2.404 -1 -2.45 -1 -2.914 -1 33
-2.682 -1 -2.326 -1 -2.52 -1 -3.046 -1 113
-2.783 -1 -2.4 -1 -2.452 -1 -2.908 -1 39
-2.68 -1 -2.314 -1 -2.55 -1 -3.018 -1 169
-2.784 -1 -2.382 -1 -2.678 -1 -3.038 -1 167
-2.858 -1 -2.44 -1 -2.626 -1 -3.052 -1 124
-2.839 -1 -2.444 -1 -2.844 -1 -3.178 -1 271
-3.011 -1 -2.49 -1 -2.82 -1 -3.192 -1 256
-3.006 -1 -2.544 -1 -2.778 -1 -3.152 -1 158
-2.965 -1 -2.506 -1 -2.824 -1 -3.158 -1 184
-2.991 -1 -2.516 -1 -2.66 -1 -3.106 -1 104
-2.883 -1 -2.494 -1 -2.632 -1 -3.118 -1 97
-2.875 -1 -2.456 -1 -2.79 -1 -3.15 -1 283
-2.97 -1 -2.528 -1 -2.78 -1 -3.118 -1 211
-2.949 -1 -2.516 -1 -2.652 -1 -3.088 -1 115
-2.87 -1 -2.484 -1 -2.824 -1 -3.18 -1 252
-3.002 -1 -2.562 -1 -2.72 -1 -3.084 -1 89
-2.902 -1 -2.49 -1 -2.742 -1 -3.202 -1 181
-2.972 -1 -2.508 -1 -2.566 -1 -3.024 -1 54
-2.795 -1 -2.408 -1 -2.864 -1 -3.238 -1 289
-3.051 -1 -2.566 -1 -2.576 -1 -3.044 -1 12
-2.81 -1 -2.42 -1 -2.552 -1 -3.076 -1 95
-2.814 -1 -2.396 -1 -2.768 -1 -3.178 -1 235
-2.973 -1 -2.49 -1 -2.792 -1 -3.154 -1 205
-2.973 -1 -2.516 -1 -2.838 -1 -3.15 -1 238
-2.994 -1 -2.526 -1 -2.604 -1 -3.118 -1 38
-2.861 -1 -2.468 -1 -2.812 -1 -3.132 -1 298
-2.972 -1 -2.524 -1 -2.726 -1 -3.048 -1 168
-2.887 -1 -2.448 -1 -2.448 -1 -2.952 -1 0
-2.7 -1 -2.348 -1 -2.672 -1 -3.092 -1 212
-2.882 -1 -2.432 -1 -2.692 -1 -3 -1 161
-2.846 -1 -2.422 -1 -2.668 -1 -3.092 -1 154
-2.88 -1 -2.438 -1 -2.484 -1 -2.912 -1 25
-2.698 -1 -2.332 -1 -2.78 -1 -3.088 -1 298
-2.934 -1 -2.414 -1 -2.798 -1 -3.162 -1 260
-2.98 -1 -2.52 -1 -2.82 -1 -3.18 -1 218
-3 -1 -2.544 -1 -2.772 -1 -3.12 -1 188
-2.946 -1 -2.514 -1 -2.564 -1 -3.002 -1 46
-2.783 -1 -2.412 -1 -2.508 -1 -3.002 -1 54
-2.755 -1 -2.404 -1 -2.714 -1 -3.1 -1 230
-2.907 -1 -2.484 -1 -2.57 -1 -3.042 -1 81
-2.806 -1 -2.398 -1 -2.568 -1 -3.05 -1 114
-2.809 -1 -2.38 -1 -2.518 -1 -2.998 -1 94
-2.758 -1 -2.382 -1 -2.452 -1 -2.874 -1 43
-2.663 -1 -2.3 -1 -2.458 -1 -3.004 -1 84
-2.731 -1 -2.346 -1 -2.74 -1 -3.162 -1 273
-2.951 -1 -2.49 -1 -2.838 -1 -3.18 -1 285
-3.009 -1 -2.544 -1 -2.796 -1 -3.168 -1 192
-2.982 -1 -2.576 -1 -2.688 -1 -3.07 -1 65
-2.879 -1 -2.49 -1 -2.718 -1 -3.1 -1 148
-2.909 -1 -2.484 -1 -2.732 -1 -3.124 -1 150
-2.928 -1 -2.474 -1 -2.596 -1 -3.014 -1 82
-2.805 -1 -2.42 -1 -2.82 -1 -3.162 -1 278
-2.991 -1 -2.516 -1 -2.6 -1 -2.978 -1 55
-2.789 -1 -2.39 -1 -2.576 -1 -2.978 -1 124
-2.777 -1 -2.38 -1 -2.518 -1 -2.966 -1 90
-2.742 -1 -2.352 -1 -2.674 -1 -3.06 -1 198
-2.867 -1 -2.456 -1 -2.736 -1 -3.076 -1 244
-2.906 -1 -2.484 -1 -2.704 -1 -3.142 -1 150
-2.923 -1 -2.462 -1 -2.782 -1 -3.116 -1 202
-2.949 -1 -2.49 -1 -2.748 -1 -3.128 -1 185
-2.938 -1 -2.518 -1 -2.558 -1 -3.026 -1 30
-2.792 -1 -2.412 -1 -2.754 -1 -3.04 -1 229
-2.897 -1 -2.468 -1 -2.522 -1 -3.01 -1 38
-2.766 -1 -2.408 -1 -2.682 -1 -3.036 -1 232
-2.859 -1 -2.45 -1 -2.72 -1 -3.092 -1 180
-2.906 -1 -2.476 -1 -2.764 -1 -3.146 -1 189
-2.955 -1 -2.528 -1 -2.748 -1 -3.204 -1 143
-2.976 -1 -2.55 -1 -2.886 -1 -3.226 -1 250
-3.056 -1 -2.574 -1 -2.868 -1 -3.222 -1 247
-3.045 -1 -2.586 -1 -2.666 -1 -3.118 -1 51
-2.892 -1 -2.482 -1 -2.49 -1 -2.952 -1 8
-2.721 -1 -2.374 -1 -2.744 -1 -3.05 -1 261
-2.897 -1 -2.476 -1 -2.554 -1 -3.054 -1 47
-2.804 -1 -2.432 -1 -2.476 -1 -2.968 -1 24
-2.722 -1 -2.364 -1 -2.72 -1 -3.086 -1 263
-2.903 -1 -2.454 -1 -2.702 -1 -3.052 -1 189
-2.877 -1 -2.452 -1 -2.678 -1 -3.052 -1 146
-2.865 -1 -2.466 -1 -2.76 -1 -3.13 -1 208
-2.945 -1 -2.546 -1 -2.822 -1 -3.24 -1 217
-3.031 -1 -2.6 -1 -2.756 -1 -3.13 -1 124
-2.943 -1 -2.524 -1 -2.798 -1 -3.148 -1 206
-2.973 -1 -2.548 -1 -2.602 -1 -2.984 -1 49
-2.793 -1 -2.44 -1 -2.93 -1 -3.212 -1 280
-3.071 -1 -2.594 -1 -2.782 -1 -3.128 -1 147
-2.955 -1 -2.49 -1 -2.828 -1 -3.184 -1 249
-3.006 -1 -2.574 -1 -2.666 -1 -3.122 -1 66
-2.894 -1 -2.488 -1 -2.806 -1 -3.154 -1 218
-2.98 -1 -2.54 -1 -2.794 -1 -3.196 -1 204
-2.995 -1 -2.534 -1 -2.606 -1 -3.04 -1 50
-2.823 -1 -2.434 -1 -2.496 -1 -2.962 -1 32
-2.729 -1 -2.324 -1 -2.72 -1 -3.156 -1 202
-2.938 -1 -2.488 -1 -2.512 -1 -3.008 -1 21
-2.76 -1 -2.394 -1 -2.676 -1 -3.144 -1 163
-2.91 -1 -2.502 -1 -2.676 -1 -3.114 -1 137
-2.895 -1 -2.486 -1 -2.7 -1 -3.068 -1 113
-2.884 -1 -2.478 -1 -2.782 -1 -3.078 -1 194
-2.93 -1 -2.484 -1 -2.794 -1 -3.17 -1 225
-2.982 -1 -2.548 -1 -2.764 -1 -3.158 -1 169
-2.961 -1 -2.514 -1 -2.842 -1 -3.262 -1 232
-3.052 -1 -2.604 -1 -2.838 -1 -3.132 -1 186
-2.985 -1 -2.544 -1 -2.74 -1 -3.136 -1 180
-2.938 -1 -2.532 -1 -2.764 -1 -3.182 -1 143
-2.973 -1 -2.584 -1 -2.74 -1 -3.178 -1 129
-2.959 -1 -2.524 -1 -2.694 -1 -3.116 -1 133
-2.905 -1 -2.46 -1 -2.744 -1 -3.074 -1 215
-2.909 -1 -2.42 -1 -2.72 -1 -3.12 -1 196
-2.92 -1 -2.476 -1 -2.536 -1 -3.012 -1 61
-2.774 -1 -2.396 -1 -2.602 -1 -3.07 -1 107
-2.836 -1 -2.404 -1 -2.478 -1 -3.02 -1 64
-2.749 -1 -2.358 -1 -2.786 -1 -3.172 -1 287
-2.979 -1 -2.516 -1 -2.654 -1 -3.128 -1 82
-2.891 -1 -2.504 -1 -2.53 -1 -2.962 -1 19
-2.746 -1 -2.366 -1 -2.658 -1 -3.004 -1 208
-2.831 -1 -2.428 -1 -2.73 -1 -3.158 -1 204
-2.944 -1 -2.514 -1 -2.534 -1 -2.94 -1 8
-2.737 -1 -2.324 -1 -2.628 -1 -3.068 -1 191
-2.848 -1 -2.42 -1 -2.678 -1 -3.112 -1 185
-2.895 -1 -2.464 -1 -2.618 -1 -3.034 -1 107
-2.826 -1 -2.384 -1 -2.71 -1 -3.068 -1 201
-2.889 -1 -2.416 -1 -2.758 -1 -3.126 -1 204
-2.942 -1 -2.494 -1 -2.766 -1 -3.164 -1 198
-2.965 -1 -2.476 -1 -2.718 -1 -3.096 -1 162
-2.907 -1 -2.472 -1 -2.496 -1 -2.992 -1 16
-2.744 -1 -2.34 -1 -2.668 -1 -3.148 -1 206
-2.908 -1 -2.448 -1 -2.76 -1 -3.116 -1 217
-2.938 -1 -2.444 -1 -2.676 -1 -3.072 -1 144
-2.874 -1 -2.42 -1 -2.438 -1 -2.936 -1 9
-2.687 -1 -2.304 -1 -2.598 -1 -3.036 -1 169
-2.817 -1 -2.36 -1 -2.374 -1 -2.882 -1 6
-2.628 -1 -2.254 -1 -2.336 -1 -2.876 -1 76
-2.606 -1 -2.224 -1 -2.662 -1 -3.048 -1 261
-2.855 -1 -2.388 -1 -2.704 -1 -3.08 -1 234
-2.892 -1 -2.408 -1 -2.78 -1 -3.13 -1 234
-2.955 -1 -2.476 -1 -2.766 -1 -3.112 -1 194
-2.939 -1 -2.518 -1 -2.518 -1 -2.96 -1 2
-2.739 -1 -2.372 -1 -2.6 -1 -3.06 -1 192
-2.83 -1 -2.4 -1 -2.698 -1 -3.106 -1 188
-2.902 -1 -2.48 -1 -2.622 -1 -3.086 -1 101
-2.854 -1 -2.472 -1 -2.632 -1 -3.04 -1 96
-2.836 -1 -2.438 -1 -2.766 -1 -3.03 -1 231
-2.898 -1 -2.474 -1 -2.564 -1 -2.944 -1 64
-2.754 -1 -2.352 -1 -2.506 -1 -2.986 -1 86
-2.746 -1 -2.34 -1 -2.776 -1 -3.1 -1 284
-2.938 -1 -2.49 -1 -2.79 -1 -3.252 -1 205
-3.021 -1 -2.506 -1 -2.57 -1 -3.044 -1 47
-2.807 -1 -2.388 -1 -2.686 -1 -3.164 -1 196
-2.925 -1 -2.48 -1 -2.742 -1 -3.156 -1 196
-2.949 -1 -2.51 -1 -2.77 -1 -3.118 -1 193
-2.944 -1 -2.468 -1 -2.528 -1 -2.982 -1 30
-2.755 -1 -2.37 -1 -2.724 -1 -3.108 -1 230
-2.916 -1 -2.486 -1 -2.508 -1 -2.974 -1 22
-2.741 -1 -2.37 -1 -2.708 -1 -3.152 -1 210
-2.93 -1 -2.48 -1 -2.734 -1 -3.196 -1 201
-2.965 -1 -2.526 -1 -2.72 -1 -3.22 -1 131
-2.97 -1 -2.518 -1 -2.728 -1 -3.188 -1 190
-2.958 -1 -2.502 -1 -2.912 -1 -3.186 -1 278
-3.049 -1 -2.598 -1 -2.91 -1 -3.216 -1 243
-3.063 -1 -2.584 -1 -2.748 -1 -3.132 -1 136
-2.94 -1 -2.528 -1 -2.558 -1 -3.022 -1 15
-2.79 -1 -2.386 -1 -2.76 -1 -3.126 -1 245
-2.943 -1 -2.46 -1 -2.722 -1 -3.066 -1 225
-2.894 -1 -2.428 -1 -2.64 -1 -3.076 -1 179
-2.858 -1 -2.426 -1 -2.528 -1 -2.956 -1 71
-2.742 -1 -2.346 -1 -2.514 -1 -3 -1 93
-2.757 -1 -2.334 -1 -2.358 -1 -2.858 -1 16
-2.608 -1 -2.264 -1 -2.304 -1 -2.82 -1 29
-2.562 -1 -2.226 -1 -2.414 -1 -2.902 -1 107
-2.658 -1 -2.252 -1 -2.382 -1 -2.868 -1 64
-2.625 -1 -2.24 -1 -2.436 -1 -2.83 -1 120
-2.633 -1 -2.218 -1 -2.574 -1 -3.01 -1 203
-2.792 -1 -2.336 -1 -2.39 -1 -2.79 -1 44
-2.59 -1 -2.232 -1 -2.326 -1 -2.752 -1 47
-2.539 -1 -2.144 -1 -2.394 -1 -2.83 -1 134
-2.612 -1 -2.2 -1 -2.62 -1 -2.96 -1 236
-2.79 -1 -2.366 -1 -2.456 -1 -2.886 -1 46
-2.671 -1 -2.254 -1 -2.348 -1 -2.784 -1 59
-2.566 -1 -2.186 -1 -2.646 -1 -3.016 -1 246
-2.831 -1 -2.352 -1 -2.444 -1 -2.872 -1 47
-2.658 -1 -2.264 -1 -2.536 -1 -2.856 -1 146
-2.696 -1 -2.276 -1 -2.65 -1 -2.998 -1 240
-2.824 -1 -2.352 -1 -2.558 -1 -2.884 -1 134
-2.721 -1 -2.28 -1 -2.576 -1 -2.974 -1 178
-2.775 -1 -2.334 -1 -2.666 -1 -3.032 -1 235
-2.849 -1 -2.39 -1 -2.76 -1 -3.086 -1 278
-2.923 -1 -2.424 -1 -2.508 -1 -2.934 -1 46
-2.721 -1 -2.286 -1 -2.5 -1 -2.854 -1 141
-2.677 -1 -2.236 -1 -2.324 -1 -2.788 -1 46
-2.556 -1 -2.142 -1 -2.45 -1 -2.858 -1 191
-2.654 -1 -2.188 -1 -2.638 -1 -2.988 -1 277
-2.813 -1 -2.314 -1 -2.598 -1 -2.932 -1 169
-2.765 -1 -2.32 -1 -2.692 -1 -3.016 -1 241
-2.854 -1 -2.382 -1 -2.68 -1 -3.02 -1 212
-2.85 -1 -2.386 -1 -2.602 -1 -3.02 -1 124
-2.811 -1 -2.36 -1 -2.454 -1 -2.844 -1 75
-2.649 -1 -2.264 -1 -2.684 -1 -2.962 -1 286
-2.823 -1 -2.36 -1 -2.774 -1 -3.082 -1 277
-2.928 -1 -2.456 -1 -2.614 -1 -2.968 -1 125
-2.791 -1 -2.342 -1 -2.502 -1 -2.88 -1 118
-2.691 -1 -2.244 -1 -2.524 -1 -2.852 -1 161
-2.688 -1 -2.244 -1 -2.66 -1 -2.996 -1 283
-2.828 -1 -2.332 -1 -2.728 -1 -2.99 -1 269
-2.859 -1 -2.41 -1 -2.49 -1 -2.904 -1 47
-2.697 -1 -2.292 -1 -2.578 -1 -2.958 -1 179
-2.768 -1 -2.362 -1 -2.448 -1 -2.888 -1 46
-2.668 -1 -2.278 -1 -2.41 -1 -2.852 -1 90
-2.631 -1 -2.248 -1 -2.638 -1 -2.962 -1 269
-2.8 -1 -2.348 -1 -2.678 -1 -2.952 -1 225
-2.815 -1 -2.368 -1 -2.434 -1 -2.818 -1 44
-2.626 -1 -2.202 -1 -2.634 -1 -2.93 -1 234
-2.782 -1 -2.308 -1 -2.408 -1 -2.86 -1 64
-2.634 -1 -2.234 -1 -2.41 -1 -2.818 -1 97
-2.614 -1 -2.184 -1 -2.37 -1 -2.764 -1 106
-2.567 -1 -2.144 -1 -2.446 -1 -2.812 -1 149
-2.629 -1 -2.218 -1 -2.5 -1 -2.838 -1 148
-2.669 -1 -2.214 -1 -2.624 -1 -2.964 -1 284
-2.794 -1 -2.322 -1 -2.478 -1 -2.876 -1 93
-2.677 -1 -2.24 -1 -2.63 -1 -2.954 -1 226
-2.792 -1 -2.378 -1 -2.532 -1 -2.95 -1 88
-2.741 -1 -2.324 -1 -2.758 -1 -3.042 -1 268
-2.9 -1 -2.412 -1 -2.664 -1 -2.97 -1 214
-2.817 -1 -2.392 -1 -2.662 -1 -3.014 -1 176
-2.838 -1 -2.362 -1 -2.496 -1 -2.876 -1 71
-2.686 -1 -2.286 -1 -2.516 -1 -2.844 -1 131
-2.68 -1 -2.258 -1 -2.41 -1 -2.788 -1 78
-2.599 -1 -2.184 -1 -2.656 -1 -2.966 -1 258
-2.811 -1 -2.332 -1 -2.666 -1 -2.992 -1 220
-2.829 -1 -2.336 -1 -2.49 -1 -2.874 -1 93
-2.682 -1 -2.256 -1 -2.692 -1 -2.978 -1 265
-2.835 -1 -2.334 -1 -2.408 -1 -2.838 -1 39
-2.623 -1 -2.214 -1 -2.632 -1 -2.956 -1 257
-2.794 -1 -2.3 -1 -2.312 -1 -2.72 -1 10
-2.516 -1 -2.116 -1 -2.486 -1 -2.86 -1 237
-2.673 -1 -2.204 -1 -2.638 -1 -2.958 -1 262
-2.798 -1 -2.304 -1 -2.314 -1 -2.744 -1 7
-2.529 -1 -2.114 -1 -2.284 -1 -2.69 -1 104
-2.487 -1 -2.038 -1 -2.43 -1 -2.822 -1 230
-2.626 -1 -2.138 -1 -2.438 -1 -2.764 -1 140
-2.601 -1 -2.11 -1 -2.642 -1 -2.93 -1 284
-2.786 -1 -2.286 -1 -2.736 -1 -2.972 -1 278
-2.854 -1 -2.316 -1 -2.446 -1 -2.762 -1 87
-2.604 -1 -2.144 -1 -2.596 -1 -2.904 -1 282
-2.75 -1 -2.244 -1 -2.738 -1 -3.024 -1 297
-2.881 -1 -2.366 -1 -2.502 -1 -2.832 -1 72
-2.667 -1 -2.236 -1 -2.408 -1 -2.758 -1 100
-2.583 -1 -2.186 -1 -2.5 -1 -2.842 -1 197
-2.671 -1 -2.222 -1 -2.436 -1 -2.722 -1 130
-2.579 -1 -2.142 -1 -2.432 -1 -2.808 -1 144
-2.62 -1 -2.18 -1 -2.226 -1 -2.648 -1 24
-2.437 -1 -2.064 -1 -2.238 -1 -2.61 -1 80
-2.424 -1 -2.06 -1 -2.152 -1 -2.562 -1 49
-2.357 -1 -1.966 -1 -2.356 -1 -2.694 -1 181
-2.525 -1 -2.064 -1 -2.282 -1 -2.648 -1 104
-2.465 -1 -2.01 -1 -2.318 -1 -2.634 -1 166
-2.476 -1 -2.024 -1 -2.478 -1 -2.748 -1 280
-2.613 -1 -2.096 -1 -2.268 -1 -2.712 -1 75
-2.49 -1 -2.058 -1 -2.316 -1 -2.654 -1 120
-2.485 -1 -2.01 -1 -2.244 -1 -2.59 -1 113
-2.417 -1 -2.002 -1 -2.554 -1 -2.842 -1 288
-2.698 -1 -2.176 -1 -2.214 -1 -2.598 -1 27
-2.406 -1 -2.006 -1 -2.15 -1 -2.506 -1 62
-2.328 -1 -1.904 -1 -2.416 -1 -2.73 -1 249
-2.573 -1 -2.036 -1 -2.142 -1 -2.462 -1 46
-2.302 -1 -1.892 -1 -1.964 -1 -2.366 -1 33
-2.165 -1 -1.762 -1 -2.178 -1 -2.46 -1 180
-2.319 -1 -1.858 -1 -2.02 -1 -2.392 -1 72
-2.206 -1 -1.76 -1 -1.872 -1 -2.222 -1 45
-2.047 -1 -1.642 -1 -1.68 -1 -1.986 -1 12
-1.833 -1 -1.468 -1 -1.978 -1 -2.248 -1 210
-2.113 -1 -1.624 -1 -1.864 -1 -2.156 -1 102
-2.01 -1 -1.532 -1 -1.8 -1 -2.092 -1 110
-1.946 -1 -1.506 -1 -2.198 -1 -2.44 -1 287
-2.319 -1 -1.752 -1 -2.196 -1 -2.388 -1 183
-2.292 -1 -1.776 -1 -1.854 -1 -2.07 -1 35
-1.962 -1 -1.534 -1 -1.632 -1 -1.958 -1 33
-1.795 -1 -1.414 -1 -1.698 -1 -1.946 -1 96
-1.822 -1 -1.396 -1 -1.7 -1 -1.93 -1 119
-1.815 -1 -1.364 -1 -1.978 -1 -2.156 -1 220
-2.067 -1 -1.528 -1 -2.136 -1 -2.416 -1 255
-2.276 -1 -1.708 -1 -2.134 -1 -2.338 -1 174
-2.236 -1 -1.67 -1 -1.792 -1 -2.072 -1 43
-1.932 -1 -1.486 -1 -1.824 -1 -2.038 -1 118
-1.931 -1 -1.474 -1 -2.15 -1 -2.306 -1 261
-2.228 -1 -1.674 -1 -2.022 -1 -2.236 -1 125
-2.129 -1 -1.624 -1 -1.924 -1 -2.12 -1 95
-2.022 -1 -1.526 -1 -2.174 -1 -2.424 -1 291
-2.299 -1 -1.75 -1 -1.866 -1 -2.096 -1 40
-1.981 -1 -1.504 -1 -1.912 -1 -2.15 -1 151
-2.031 -1 -1.528 -1 -1.53 -1 -1.774 -1 2
-1.652 -1 -1.342 -1 -1.768 -1 -1.958 -1 147
-1.863 -1 -1.432 -1 -1.672 -1 -1.91 -1 90
-1.791 -1 -1.412 -1 -1.516 -1 -1.74 -1 41
-1.628 -1 -1.28 -1 -1.452 -1 -1.564 -1 50
-1.508 -1 -1.182 -1 -1.556 -1 -1.742 -1 121
-1.649 -1 -1.29 -1 -1.482 -1 -1.688 -1 60
-1.585 -1 -1.22 -1 -1.486 -1 -1.658 -1 82
-1.572 -1 -1.194 -1 -1.608 -1 -1.75 -1 131
-1.679 -1 -1.278 -1 -1.532 -1 -1.702 -1 98
-1.617 -1 -1.224 -1 -1.724 -1 -1.912 -1 165
-1.818 -1 -1.34 -1 -1.342 -1 -1.464 -1 1
-1.403 -1 -1.12 -1 -1.464 -1 -1.612 -1 97
-1.538 -1 -1.18 -1 -1.606 -1 -1.786 -1 136
-1.696 -1 -1.284 -1 -1.736 -1 -1.938 -1 139
-1.837 -1 -1.386 -1 -1.646 -1 -1.772 -1 95
-1.709 -1 -1.302 -1 -1.324 -1 -1.49 -1 7
-1.407 -1 -1.158 -1 -1.186 -1 -1.278 -1 5
-1.232 -1 -1.062 -1 -1.328 -1 -1.456 -1 80
-1.392 -1 -1.106 -1 -1.114 -1 -1.198 -1 3
-1.156 -1 -1.024 -1 -1.184 -1 -1.26 -1 40
-1.222 -1 -1.064 -1 -1.202 -1 -1.312 -1 43
-1.257 -1 -1.054 -1 -1.61 -1 -1.778 -1 179
-1.694 -1 -1.27 -1 -1.394 -1 -1.52 -1 39
-1.457 -1 -1.164 -1 -1.592 -1 -1.738 -1 137
-1.665 -1 -1.256 -1 -1.32 -1 -1.41 -1 22
-1.365 -1 -1.096 -1 -1.784 -1 -1.946 -1 234
-1.865 -1 -1.35 -1 -1.882 -1 -2.03 -1 169
-1.956 -1 -1.448 -1 -1.728 -1 -1.9 -1 98
-1.814 -1 -1.394 -1 -1.588 -1 -1.762 -1 81
-1.675 -1 -1.3 -1 -1.688 -1 -1.87 -1 133
-1.779 -1 -1.34 -1 -1.72 -1 -1.86 -1 131
-1.79 -1 -1.34 -1 -1.772 -1 -1.986 -1 134
-1.879 -1 -1.362 -1 -1.734 -1 -1.942 -1 134
-1.838 -1 -1.374 -1 -2.058 -1 -2.296 -1 269
-2.177 -1 -1.608 -1 -2.13 -1 -2.318 -1 212
-2.224 -1 -1.674 -1 -1.898 -1 -2.09 -1 88
-1.994 -1 -1.504 -1 -2.216 -1 -2.422 -1 275
-2.319 -1 -1.756 -1 -2.21 -1 -2.514 -1 206
-2.362 -1 -1.778 -1 -2.236 -1 -2.476 -1 214
-2.356 -1 -1.84 -1 -2.312 -1 -2.604 -1 238
-2.458 -1 -1.934 -1 -1.952 -1 -2.244 -1 9
-2.098 -1 -1.642 -1 -2.12 -1 -2.374 -1 205
-2.247 -1 -1.736 -1 -2.004 -1 -2.196 -1 108
-2.1 -1 -1.618 -1 -2.064 -1 -2.322 -1 160
-2.193 -1 -1.658 -1 -2.002 -1 -2.27 -1 157
-2.136 -1 -1.63 -1 -1.966 -1 -2.246 -1 132
-2.106 -1 -1.562 -1 -2.194 -1 -2.442 -1 278
-2.318 -1 -1.74 -1 -1.748 -1 -2.048 -1 3
-1.898 -1 -1.472 -1 -1.566 -1 -1.762 -1 34
-1.664 -1 -1.29 -1 -1.988 -1 -2.268 -1 258
-2.128 -1 -1.566 -1 -1.736 -1 -1.958 -1 55
-1.847 -1 -1.418 -1 -1.942 -1 -2.14 -1 212
-2.041 -1 -1.516 -1 -2.016 -1 -2.246 -1 192
-2.131 -1 -1.588 -1 -1.63 -1 -1.874 -1 12
-1.752 -1 -1.344 -1 -1.946 -1 -2.148 -1 230
-2.047 -1 -1.558 -1 -1.612 -1 -1.826 -1 27
-1.719 -1 -1.328 -1 -2.024 -1 -2.242 -1 269
-2.133 -1 -1.588 -1 -2.172 -1 -2.386 -1 242
-2.279 -1 -1.728 -1 -1.794 -1 -1.992 -1 20
-1.893 -1 -1.474 -1 -2.194 -1 -2.424 -1 270
-2.309 -1 -1.688 -1 -2.258 -1 -2.488 -1 272
-2.373 -1 -1.822 -1 -1.936 -1 -2.144 -1 45
-2.04 -1 -1.604 -1 -1.65 -1 -1.924 -1 23
-1.787 -1 -1.416 -1 -1.614 -1 -1.87 -1 84
-1.742 -1 -1.38 -1 -1.674 -1 -1.95 -1 120
-1.812 -1 -1.386 -1 -1.468 -1 -1.664 -1 30
-1.566 -1 -1.272 -1 -1.644 -1 -1.848 -1 142
-1.746 -1 -1.318 -1 -1.45 -1 -1.602 -1 42
-1.526 -1 -1.204 -1 -1.714 -1 -1.886 -1 181
-1.8 -1 -1.354 -1 -1.882 0 -2.018 -1 191
