10 1000 0.3 7 61 0 0 0 0
-3.775 -2 -3.326 -2 -3.396 -2 -3.612 -2 112
-3.504 -2 -3.076 -2 -3.09 -2 -3.426 -1 27
-3.258 -1 -2.842 -1 -2.968 -1 -3.296 -1 133
-3.132 -1 -2.716 -1 -2.902 -1 -3.262 -1 144
-3.082 -1 -2.686 -1 -2.908 -1 -3.28 -1 142
-3.094 -1 -2.668 -1 -2.768 -1 -3.198 -2 64
-2.983 -1 -2.614 -1 -2.768 -1 -3.258 -1 139
-3.013 -1 -2.646 -1 -2.65 -1 -3.158 -1 7
-2.904 -1 -2.552 -1 -2.678 -1 -3.07 -1 134
-2.874 -1 -2.534 -1 -2.662 -1 -3.102 -2 98
-2.882 -1 -2.512 -1 -2.568 -1 -3.062 -1 36
-2.815 -1 -2.502 -1 -2.502 -1 -2.978 -1 7
-2.74 -1 -2.438 -1 -2.494 -1 -3.004 -1 28
-2.749 -1 -2.434 -1 -2.518 -1 -3.014 -1 58
-2.766 -1 -2.416 -1 -2.558 -1 -2.95 -1 89
-2.754 -1 -2.358 -1 -2.442 -1 -2.948 -1 46
-2.695 -1 -2.368 -1 -2.634 -1 -3.108 -1 136
-2.871 -1 -2.456 -1 -2.588 -1 -3.028 -1 81
-2.808 -1 -2.442 -1 -2.646 -1 -3.122 -1 132
-2.884 -1 -2.474 -1 -2.586 -1 -3.036 -1 74
-2.811 -1 -2.426 -1 -2.492 -1 -2.982 -1 38
-2.737 -1 -2.354 -1 -2.518 -1 -3.004 -1 92
-2.761 -1 -2.392 -1 -2.432 -1 -2.868 -1 26
-2.65 -1 -2.298 -1 -2.298 -1 -2.874 -1 0
-2.586 -1 -2.286 -1 -2.438 -1 -2.924 -1 71
-2.681 -1 -2.322 -1 -2.438 -1 -2.914 -1 70
-2.676 -1 -2.336 -1 -2.352 -1 -2.83 -1 8
-2.591 -1 -2.248 -1 -2.41 -1 -2.902 -1 102
-2.656 -1 -2.296 -1 -2.494 -1 -2.998 -1 82
-2.746 -1 -2.37 -1 -2.388 -1 -2.87 -1 12
-2.629 -1 -2.288 -1 -2.476 -1 -2.978 -1 137
-2.727 -1 -2.356 -1 -2.512 -1 -2.914 -1 89
-2.713 -1 -2.3 -1 -2.348 -1 -2.868 -1 41
-2.608 -1 -2.252 -1 -2.378 -1 -2.872 -1 58
-2.625 -1 -2.278 -1 -2.51 -1 -2.954 -1 147
-2.732 -1 -2.318 -1 -2.57 -1 -2.994 -1 131
-2.782 -1 -2.362 -1 -2.402 -1 -2.876 -1 32
-2.639 -1 -2.284 -1 -2.394 -1 -2.868 -1 69
-2.631 -1 -2.262 -1 -2.288 -1 -2.842 -1 13
-2.565 -1 -2.222 -1 -2.446 -1 -2.938 -1 123
-2.692 -1 -2.306 -1 -2.382 -1 -2.788 -1 40
-2.585 -1 -2.218 -1 -2.4 -1 -2.86 -1 97
-2.63 -1 -2.268 -1 -2.41 -1 -2.892 -1 82
-2.651 -1 -2.302 -1 -2.348 -1 -2.842 -1 29
-2.595 -1 -2.236 -1 -2.292 -1 -2.806 -1 30
-2.549 -1 -2.206 -1 -2.318 -1 -2.81 -1 65
-2.564 -1 -2.216 -1 -2.364 -1 -2.822 -1 59
-2.593 -1 -2.234 -1 -2.472 -1 -2.992 -1 143
-2.732 -1 -2.344 -1 -2.542 -1 -2.942 -1 137
-2.742 -1 -2.332 -1 -2.468 -1 -2.862 -1 84
-2.665 -1 -2.248 -1 -2.31 -1 -2.776 -1 27
-2.543 -1 -2.17 -1 -2.224 -1 -2.684 -1 26
-2.454 -1 -2.132 -1 -2.202 -1 -2.63 -1 40
-2.416 -1 -2.06 -1 -2.164 -1 -2.714 -1 49
-2.439 -1 -2.106 -1 -2.38 -1 -2.814 -1 137
-2.597 -1 -2.17 -1 -2.26 -1 -2.63 -1 43
-2.445 -1 -2.056 -1 -2.238 -1 -2.72 -1 88
-2.479 -1 -2.078 -1 -2.15 -1 -2.576 -1 39
-2.363 -1 -2.004 -1 -2.178 -1 -2.608 -1 87
-2.393 -1 -2.002 -1 -2.134 -1 -2.62 -1 55
-2.377 -1 -1.974 -1 -2.274 -1 -2.626 0 147
