8 1000 0.5 1 265 0 0 0 0
-3.397 -1 -3.26 -1 -3.246 -1 -3.37 -1 44
-3.308 -1 -3.1 -1 -3.16 -1 -3.252 -1 202
-3.206 -1 -3.032 -1 -3.076 -1 -3.262 -1 102
-3.169 -1 -3.104 -1 -3.13 -1 -3.284 -1 164
-3.207 -1 -3.102 -1 -3.144 -1 -3.24 -1 36
-3.192 -1 -3.062 -1 -3.128 -1 -3.316 -1 178
-3.222 -1 -3.068 -1 -3.1 -1 -3.23 -1 37
-3.165 -1 -3.046 -1 -3.162 -1 -3.352 -1 188
-3.257 -1 -3.148 -1 -3.158 -1 -3.288 -1 51
-3.223 -1 -3.044 -1 -3.078 -1 -3.188 -1 132
-3.133 -1 -3.054 -1 -3.098 -1 -3.146 -1 236
-3.122 -1 -3.012 -1 -3.2 -1 -3.262 -1 240
-3.231 -1 -3.088 -1 -3.182 -1 -3.29 -1 219
-3.236 -1 -3.096 -1 -3.192 -1 -3.384 -1 232
-3.288 -1 -3.226 -1 -3.268 -1 -3.306 -1 139
-3.287 -1 -3.168 -1 -3.262 -1 -3.316 -1 240
-3.289 -1 -3.174 -1 -3.266 -1 -3.342 -1 196
-3.304 -1 -3.128 -1 -3.234 -1 -3.276 -1 186
-3.255 -1 -3.124 -1 -3.16 -1 -3.316 -1 56
-3.238 -1 -3.092 -1 -3.104 -1 -3.18 -1 44
-3.142 -1 -2.982 -1 -3.088 -1 -3.262 -1 166
-3.175 -1 -3.078 -1 -3.142 -1 -3.26 -1 173
-3.201 -1 -3.024 -1 -3.078 -1 -3.232 -1 130
-3.155 -1 -3.056 -1 -3.092 -1 -3.192 -1 138
-3.142 -1 -3.07 -1 -3.108 -1 -3.218 -1 100
-3.163 -1 -3.018 -1 -3.052 -1 -3.216 -1 34
-3.134 -1 -3.022 -1 -3.078 -1 -3.254 -1 128
-3.166 -1 -3.042 -1 -3.15 -1 -3.342 -1 174
-3.246 -1 -3.136 -1 -3.246 -1 -3.326 -1 222
-3.286 -1 -3.198 -1 -3.212 -1 -3.268 -1 73
-3.24 -1 -3.086 -1 -3.168 -1 -3.258 -1 155
-3.213 -1 -3.064 -1 -3.118 -1 -3.26 -1 96
-3.189 -1 -3.076 -1 -3.132 -1 -3.212 -1 65
-3.172 -1 -2.996 -1 -3.002 -1 -3.156 -1 22
-3.079 -1 -2.944 -1 -3.09 -1 -3.198 -1 207
-3.144 -1 -3.026 -1 -3.082 -1 -3.26 -1 209
-3.171 -1 -3.074 -1 -3.18 -1 -3.244 -1 177
-3.212 -1 -3.076 -1 -3.09 -1 -3.244 -1 128
-3.167 -1 -2.978 -1 -3.016 -1 -3.218 -1 90
-3.117 -1 -2.91 -1 -3.06 -1 -3.234 -1 222
-3.147 -1 -3.052 -1 -3.142 -1 -3.228 -1 121
-3.185 -1 -3.052 -1 -3.064 -1 -3.218 -1 32
-3.141 -1 -3.012 -1 -3.03 -1 -3.204 -1 35
-3.117 -1 -2.914 -1 -2.922 -1 -3.172 -1 13
-3.047 -1 -2.936 -1 -3.062 -1 -3.21 -1 199
-3.136 -1 -2.996 -1 -3.05 -1 -3.154 -1 155
-3.102 -1 -2.964 -1 -2.992 -1 -3.19 -1 103
-3.091 -1 -3.014 -1 -3.094 -1 -3.172 -1 109
-3.133 -1 -2.962 -1 -3.11 -1 -3.244 -1 240
-3.177 -1 -3.034 -1 -3.12 -1 -3.194 -1 180
-3.157 -1 -2.998 -1 -3.052 -1 -3.208 -1 107
-3.13 -1 -3 -1 -3.056 -1 -3.264 -1 80
-3.16 -1 -2.964 -1 -3.06 -1 -3.248 -1 235
-3.154 -1 -3.044 -1 -3.134 -1 -3.224 -1 175
-3.179 -1 -3.014 -1 -3.036 -1 -3.196 -1 40
-3.116 -1 -3.032 -1 -3.088 -1 -3.21 -1 179
-3.149 -1 -3.052 -1 -3.074 -1 -3.18 -1 119
-3.127 -1 -2.966 -1 -3.04 -1 -3.168 -1 147
-3.104 -1 -2.998 -1 -3.048 -1 -3.204 -1 67
-3.126 -1 -2.95 -1 -3.108 -1 -3.282 -1 189
-3.195 -1 -3.086 -1 -3.142 -1 -3.21 -1 192
-3.176 -1 -3.122 -1 -3.154 -1 -3.196 -1 34
-3.175 -1 -3.068 -1 -3.126 -1 -3.236 -1 170
-3.181 -1 -3.05 -1 -3.11 -1 -3.258 -1 117
-3.184 -1 -3.022 -1 -3.072 -1 -3.242 -1 86
-3.157 -1 -2.994 -1 -3.11 -1 -3.162 -1 150
-3.136 -1 -3.006 -1 -3.09 -1 -3.166 -1 204
-3.128 -1 -3.008 -1 -3.066 -1 -3.216 -1 165
-3.141 -1 -2.99 -1 -3.008 -1 -3.198 -1 63
-3.103 -1 -2.988 -1 -3.064 -1 -3.31 -1 119
-3.187 -1 -2.998 -1 -3.028 -1 -3.144 -1 121
-3.086 -1 -3.004 -1 -3.054 -1 -3.188 -1 80
-3.121 -1 -2.94 -1 -3.044 -1 -3.226 -1 221
-3.135 -1 -2.992 -1 -3.064 -1 -3.174 -1 124
-3.119 -1 -2.972 -1 -2.974 -1 -3.234 -1 25
-3.104 -1 -2.972 -1 -2.97 -1 -3.154 -1 21
-3.062 -1 -2.898 -1 -2.936 -1 -3.106 -1 60
-3.021 -1 -2.886 -1 -2.92 -1 -3.146 -1 30
-3.033 -1 -2.928 -1 -3.028 -1 -3.208 -1 120
-3.118 -1 -2.932 -1 -3.034 -1 -3.174 -1 187
-3.104 -1 -2.956 -1 -2.996 -1 -3.228 -1 77
-3.112 -1 -2.986 -1 -3.114 -1 -3.222 -1 179
-3.168 -1 -3.024 -1 -3.026 -1 -3.156 -1 43
-3.091 -1 -2.994 -1 -3.1 -1 -3.244 -1 231
-3.172 -1 -3.036 -1 -3.11 -1 -3.176 -1 197
-3.143 -1 -3.05 -1 -3.094 -1 -3.226 -1 51
-3.16 -1 -3.016 -1 -3.056 -1 -3.228 -1 155
-3.142 -1 -3.046 -1 -3.056 -1 -3.168 -1 14
-3.112 -1 -3.026 -1 -3.062 -1 -3.196 -1 54
-3.129 -1 -3.008 -1 -3.14 -1 -3.304 -1 238
-3.222 -1 -3.116 -1 -3.112 -1 -3.212 -1 50
-3.162 -1 -3.022 -1 -3.118 -1 -3.222 -1 227
-3.17 -1 -3.022 -1 -3.112 -1 -3.184 -1 188
-3.148 -1 -2.982 -1 -3.086 -1 -3.26 -2 182
-3.173 -1 -3.052 -1 -3.116 -1 -3.22 -1 207
-3.168 -1 -3.038 -1 -3.09 -1 -3.25 -1 121
-3.17 -1 -3 -1 -3.036 -1 -3.182 -1 118
-3.109 -1 -3.002 -1 -3.12 -1 -3.224 -1 184
-3.172 -1 -3.02 -1 -3.084 -1 -3.162 -1 229
-3.123 -1 -2.996 -1 -3.086 -1 -3.248 -1 231
-3.167 -1 -2.978 -1 -3.03 -1 -3.23 -1 92
-3.13 -1 -3.036 -1 -3.1 -1 -3.18 -1 233
-3.14 -1 -3.01 -1 -3.052 -1 -3.198 -1 185
-3.125 -1 -3.026 -1 -3.076 -1 -3.188 -1 132
-3.132 -1 -2.994 -1 -3.154 -1 -3.308 -1 223
-3.231 -1 -3.066 -1 -3.086 -1 -3.224 -1 67
-3.155 -1 -3.044 -1 -3.146 -1 -3.278 -2 175
-3.212 -1 -3.092 -1 -3.14 -1 -3.328 -1 136
-3.234 -1 -3.152 -1 -3.178 -1 -3.316 -1 99
-3.247 -1 -3.142 -1 -3.232 -1 -3.3 -1 194
-3.266 -1 -3.12 -1 -3.172 -1 -3.246 -1 216
-3.209 -1 -3.12 -1 -3.212 -1 -3.336 -1 220
-3.274 -1 -3.128 -1 -3.168 -1 -3.364 -1 134
-3.266 -1 -3.144 -1 -3.174 -1 -3.28 -1 90
-3.227 -1 -3.06 -1 -3.114 -1 -3.292 -1 95
-3.203 -1 -3.076 -1 -3.212 -1 -3.398 -1 237
-3.305 -1 -3.146 -1 -3.162 -1 -3.332 -1 108
-3.247 -1 -3.144 -1 -3.198 -1 -3.302 -1 170
-3.25 -1 -3.102 -1 -3.164 -1 -3.304 -1 76
-3.234 -1 -3.072 -1 -3.092 -1 -3.226 -1 63
-3.159 -1 -3.032 -1 -3.08 -1 -3.224 -1 79
-3.152 -1 -2.974 -1 -3.044 -1 -3.232 -1 140
-3.138 -1 -2.976 -1 -3.14 -1 -3.266 -1 228
-3.203 -1 -3.104 -1 -3.184 -1 -3.212 -1 151
-3.198 -1 -3.022 -1 -3.058 -1 -3.156 -1 96
-3.107 -1 -2.952 -1 -2.96 -1 -3.152 -1 5
-3.056 -1 -2.962 -1 -2.97 -1 -3.122 -1 35
-3.046 -1 -2.932 -1 -3.042 -1 -3.192 -1 219
-3.117 -1 -2.98 -1 -3.028 -1 -3.176 -1 71
-3.102 -1 -2.982 -1 -3.032 -1 -3.14 -1 107
-3.086 -1 -2.96 -1 -3.022 -1 -3.236 -1 51
-3.129 -1 -2.968 -1 -3.024 -1 -3.238 -1 140
-3.131 -1 -2.972 -1 -2.992 -1 -3.122 -1 37
-3.057 -1 -2.89 -1 -3.008 -1 -3.226 -1 244
-3.117 -1 -2.956 -1 -3.05 -1 -3.304 -1 172
-3.177 -1 -3.022 -1 -3.092 -1 -3.18 -1 176
-3.136 -1 -2.912 -1 -2.92 -1 -3.118 -1 5
-3.019 -1 -2.89 -1 -2.972 -1 -3.15 -1 196
-3.061 -1 -2.924 -1 -3.02 -1 -3.188 -1 200
-3.104 -1 -2.968 -1 -3.094 -1 -3.226 -1 189
-3.16 -1 -2.99 -1 -3.066 -1 -3.156 -1 119
-3.111 -1 -2.948 -1 -3.034 -1 -3.164 -1 110
-3.099 -1 -2.952 -1 -3.08 -1 -3.24 -1 237
-3.16 -1 -3.02 -1 -3.094 -1 -3.266 -1 163
-3.18 -1 -3.026 -1 -3.058 -1 -3.21 -1 103
-3.134 -1 -3 -1 -3.1 -1 -3.298 -1 170
-3.199 -1 -3.052 -1 -3.122 -1 -3.202 -1 185
-3.162 -1 -3.014 -1 -3.09 -1 -3.292 -1 146
-3.191 -1 -3.076 -1 -3.152 -1 -3.248 -1 214
-3.2 -1 -3.1 -1 -3.198 -1 -3.298 -1 192
-3.248 -1 -3.14 -1 -3.224 -1 -3.256 -1 238
-3.24 -1 -3.114 -1 -3.128 -1 -3.246 -1 75
-3.187 -1 -3.026 -1 -3.088 -1 -3.336 -1 177
-3.212 -1 -3.078 -1 -3.094 -1 -3.318 -1 37
-3.206 -1 -3.08 -1 -3.14 -1 -3.278 -1 127
-3.209 -1 -3.104 -1 -3.158 -1 -3.276 -1 171
-3.217 -1 -3.112 -1 -3.146 -1 -3.246 -1 82
-3.196 -1 -3.05 -1 -3.094 -1 -3.246 -1 103
-3.17 -1 -3.01 -1 -3.036 -1 -3.264 -1 230
-3.15 -1 -3.018 -1 -3.126 -1 -3.248 -1 218
-3.187 -1 -3.036 -1 -3.062 -1 -3.234 -1 81
-3.148 -1 -3.01 -1 -3.052 -1 -3.168 -1 113
-3.11 -1 -2.966 -1 -3.05 -1 -3.316 -1 174
-3.183 -1 -3.032 -1 -3.09 -1 -3.27 -1 182
-3.18 -1 -3.038 -1 -3.04 -1 -3.206 -1 28
-3.123 -1 -2.98 -1 -3.016 -1 -3.206 -1 166
-3.111 -1 -2.978 -1 -3.096 -1 -3.236 -1 243
-3.166 -1 -3.098 -1 -3.104 -1 -3.196 -1 3
-3.15 -1 -3.046 -1 -3.076 -1 -3.19 -1 72
-3.133 -1 -2.998 -1 -3.116 -1 -3.252 -1 248
-3.184 -1 -3.056 -1 -3.142 -1 -3.336 -1 189
-3.239 -1 -3.112 -1 -3.224 -1 -3.366 -1 249
-3.295 -1 -3.196 -1 -3.258 -1 -3.34 -1 206
-3.299 -1 -3.13 -1 -3.132 -1 -3.338 -1 206
-3.235 -1 -3.144 -1 -3.172 -1 -3.268 -1 241
-3.22 -1 -3.094 -1 -3.1 -1 -3.242 -1 94
-3.171 -1 -3.088 -1 -3.15 -1 -3.19 -1 97
-3.17 -1 -3.078 -1 -3.098 -1 -3.178 -1 75
-3.138 -1 -3.014 -1 -3.024 -1 -3.158 -1 72
-3.091 -1 -2.946 -1 -3.064 -1 -3.238 -1 175
-3.151 -1 -2.982 -1 -3.094 -1 -3.18 -1 233
-3.137 -1 -2.978 -1 -3.038 -1 -3.17 -1 196
-3.104 -1 -2.998 -1 -3.052 -1 -3.182 -1 125
-3.117 -1 -2.964 -1 -3.042 -1 -3.262 -1 221
-3.152 -1 -2.992 -1 -3.078 -1 -3.224 -1 179
-3.151 -1 -3.062 -1 -3.17 -1 -3.276 -1 240
-3.223 -1 -3.096 -1 -3.21 -1 -3.198 -1 247
-3.204 -1 -3.068 -1 -3.086 -1 -3.172 -1 27
-3.129 -1 -2.984 -1 -3.072 -1 -3.202 -1 173
-3.137 -1 -3.002 -1 -3.028 -1 -3.222 -1 118
-3.125 -1 -2.968 -1 -3.06 -1 -3.22 -1 114
-3.14 -1 -2.978 -1 -3 -1 -3.174 -1 40
-3.087 -1 -2.938 -1 -2.938 -1 -3.128 -1 13
-3.033 -1 -2.848 -1 -2.94 -1 -3.156 -1 140
-3.048 -1 -2.88 -1 -2.976 -1 -3.19 -1 136
-3.083 -1 -2.932 -1 -2.974 -1 -3.176 -1 115
-3.075 -1 -2.962 -1 -3.016 -1 -3.2 -1 110
-3.108 -1 -2.922 -1 -2.924 -1 -3.112 -1 27
-3.018 -1 -2.892 -1 -2.934 -1 -3.116 -1 141
-3.025 -1 -2.808 -1 -2.836 -1 -3.15 -1 59
-2.993 -1 -2.886 -1 -3.014 -1 -3.162 -1 176
-3.088 -1 -2.95 -1 -2.956 -1 -3.092 -1 9
-3.024 -1 -2.92 -1 -3.06 -1 -3.186 -1 216
-3.123 -1 -2.964 -1 -3.038 -1 -3.208 -1 200
-3.123 -1 -2.998 -1 -3.044 -1 -3.208 -2 156
-3.126 -1 -3.02 -1 -3.012 -1 -3.186 -1 25
-3.099 -1 -2.94 -1 -3.046 -1 -3.152 -1 148
-3.099 -1 -2.96 -1 -3.09 -1 -3.264 -1 245
-3.177 -1 -3.064 -1 -3.126 -1 -3.26 -1 153
-3.193 -1 -3.08 -1 -3.18 -1 -3.338 -1 237
-3.259 -1 -3.17 -1 -3.172 -1 -3.226 -1 10
-3.199 -1 -3.032 -1 -3.068 -1 -3.19 -1 63
-3.129 -1 -3.048 -1 -3.11 -1 -3.25 -1 135
-3.18 -1 -3.086 -1 -3.106 -1 -3.244 -1 25
-3.175 -1 -3.056 -1 -3.094 -1 -3.222 -1 75
-3.158 -1 -3.036 -1 -3.11 -1 -3.21 -1 233
-3.16 -1 -3.06 -1 -3.156 -1 -3.292 -1 210
-3.224 -1 -3.106 -1 -3.146 -1 -3.246 -1 202
-3.196 -1 -3.056 -1 -3.09 -1 -3.212 -1 147
-3.151 -1 -3.046 -1 -3.084 -1 -3.206 -1 51
-3.145 -1 -3.042 -1 -3.166 -1 -3.234 -1 244
-3.2 -1 -3.052 -1 -3.092 -1 -3.258 -1 170
-3.175 -1 -3.056 -1 -3.082 -1 -3.198 -1 112
-3.14 -1 -3.052 -1 -3.096 -1 -3.226 -1 139
-3.161 -1 -3.042 -1 -3.058 -1 -3.196 -1 54
-3.127 -1 -3.05 -1 -3.054 -1 -3.23 -1 137
-3.142 -1 -2.952 -1 -3.016 -1 -3.188 -1 82
-3.102 -1 -2.916 -1 -2.918 -1 -3.132 -1 4
-3.025 -1 -2.86 -1 -2.946 -1 -3.202 -1 77
-3.074 -1 -2.972 -1 -3.04 -1 -3.246 -1 133
-3.143 -1 -3.004 -1 -3.056 -1 -3.222 -1 129
-3.139 -1 -2.99 -1 -2.996 -1 -3.148 -1 12
-3.072 -1 -2.98 -1 -3.01 -1 -3.124 -1 30
-3.067 -1 -2.926 -1 -3.054 -1 -3.286 -1 172
-3.17 -1 -3.028 -1 -3.028 -1 -3.228 -1 39
-3.128 -1 -2.964 -1 -3.044 -1 -3.236 -1 196
-3.14 -1 -2.972 -1 -3.024 -1 -3.188 -1 75
-3.106 -1 -3.014 -1 -3.092 -1 -3.28 -1 131
-3.186 -1 -3.028 -1 -3.07 -1 -3.226 -1 123
-3.148 -1 -3.01 -1 -3.104 -1 -3.222 -1 200
-3.163 -1 -3.068 -1 -3.08 -1 -3.194 -1 39
-3.137 -1 -2.976 -1 -3.02 -1 -3.232 -1 93
-3.126 -1 -3.004 -1 -3.078 -1 -3.212 -1 128
-3.145 -1 -3.036 -1 -3.072 -1 -3.118 -1 121
-3.095 -1 -2.94 -1 -2.952 -1 -3.146 -1 9
-3.049 -1 -2.952 -1 -3.008 -1 -3.278 -1 134
-3.143 -1 -3.044 -1 -3.044 -1 -3.158 -1 2
-3.101 -1 -2.968 -1 -3.074 -1 -3.204 -1 219
-3.139 -1 -3 -1 -3.152 -1 -3.232 -1 219
-3.192 -1 -3.106 -1 -3.186 -1 -3.302 -1 246
-3.244 -1 -3.084 -1 -3.168 -1 -3.232 -1 187
-3.2 -1 -3.102 -1 -3.128 -1 -3.256 -1 43
-3.192 -1 -3.038 -1 -3.12 -1 -3.206 -1 167
-3.163 -1 -3.046 -1 -3.04 -1 -3.236 -1 29
-3.138 -1 -2.976 -1 -3.042 -1 -3.222 -1 142
-3.132 -1 -3.004 -1 -3.052 -1 -3.258 -1 123
-3.155 -1 -2.968 -1 -3.09 -1 -3.178 -1 234
-3.134 -1 -3.01 -1 -3.106 -1 -3.32 -1 202
-3.213 -1 -3.138 -1 -3.176 -1 -3.3 -1 210
-3.238 -1 -3.12 -1 -3.168 -1 -3.246 -1 126
-3.207 -1 -3.078 -1 -3.116 -1 -3.198 -1 83
-3.157 -1 -3.03 -1 -3.104 -1 -3.274 -1 139
-3.189 -1 -3.116 -1 -3.17 -1 -3.264 -1 171
-3.217 -1 -3.088 -1 -3.162 -1 -3.234 -1 224
-3.198 -1 -3.052 -1 -3.086 -1 -3.222 0 99
