6 1000 1 9 32 0 0 0 0
-3.01 -1 -2.568 -1 -2.602 -1 -2.788 -1 105
-2.695 -1 -2.3 -1 -2.528 -1 -2.8 -1 355
-2.664 -1 -2.252 -1 -2.426 -1 -2.726 -1 177
-2.576 -1 -2.184 -1 -2.474 -1 -2.7 -1 359
-2.587 -1 -2.196 -1 -2.318 -1 -2.634 -1 137
-2.476 -1 -2.106 -1 -2.156 -1 -2.54 -1 49
-2.348 -1 -1.988 -1 -2.176 -1 -2.53 -1 146
-2.353 -1 -1.996 -1 -2.324 -1 -2.626 -1 471
-2.475 -1 -2.068 -1 -2.07 -1 -2.442 -1 3
-2.256 -1 -1.874 -1 -2.184 -1 -2.552 -1 234
-2.368 -1 -1.952 -1 -2.192 -1 -2.61 -1 265
-2.401 -1 -2.018 -1 -2.066 -1 -2.498 -1 38
-2.282 -1 -1.916 -1 -1.922 -1 -2.422 -1 5
-2.172 -1 -1.886 -1 -1.912 -1 -2.41 -1 19
-2.161 -1 -1.824 -1 -2.218 -1 -2.544 -1 332
-2.381 -1 -1.964 -1 -2.258 -1 -2.664 -1 355
-2.461 -1 -2.046 -1 -2.354 -1 -2.628 -1 321
-2.491 -1 -2.012 -1 -2.18 -1 -2.584 -1 150
-2.382 -1 -1.968 -1 -2.154 -1 -2.496 -1 168
-2.325 -1 -1.936 -1 -2.416 -1 -2.736 -1 403
-2.576 -1 -2.126 -1 -2.352 -1 -2.642 -1 264
-2.497 -1 -2.096 -1 -2.542 -1 -2.768 -1 492
-2.655 -1 -2.222 -1 -2.264 -1 -2.686 -1 50
-2.475 -1 -2.082 -1 -2.44 -1 -2.73 -1 427
-2.585 -1 -2.146 -1 -2.476 -1 -2.718 -1 456
-2.597 -1 -2.186 -1 -2.378 -1 -2.678 -1 203
-2.528 -1 -2.134 -1 -2.142 -1 -2.518 -1 6
-2.33 -1 -1.952 -1 -2.334 -1 -2.662 -1 444
-2.498 -1 -2.086 -1 -2.178 -1 -2.546 -1 95
-2.362 -1 -1.968 -1 -2.064 -1 -2.456 -1 91
-2.26 -1 -1.848 -1 -2.012 -1 -2.434 -1 125
-2.223 -1 -1.84 -1 -2.034 -1 -2.452 0 167
