7 1000 0.1 5 14 0 0 0 0
-3.185 -1 -2.77 -1 -2.778 -1 -2.992 -1 32
-2.885 -1 -2.504 -1 -2.526 -1 -2.89 -1 13
-2.708 -1 -2.386 -1 -2.434 -1 -2.826 -1 31
-2.63 -1 -2.302 -1 -2.342 -1 -2.794 -1 41
-2.568 -1 -2.224 -1 -2.23 -1 -2.668 -1 3
-2.449 -1 -2.158 -1 -2.22 -1 -2.658 -1 49
-2.439 -1 -2.138 -1 -2.14 -1 -2.576 -1 7
-2.358 -1 -2.036 -1 -2.052 -1 -2.602 -1 21
-2.327 -1 -2.012 -1 -2.074 -1 -2.606 -1 41
-2.34 -1 -2.034 -1 -2.068 -1 -2.554 -1 14
-2.311 -1 -1.994 -1 -1.996 -1 -2.44 -1 5
-2.218 -1 -1.926 -1 -1.926 -1 -2.476 -1 0
-2.201 -1 -1.912 -1 -1.936 -1 -2.472 -1 17
-2.204 -1 -1.926 -1 -1.964 -1 -2.542 0 19
