10 1000 0.7 1 272 0 0 0 0
-3.737 -1 -3.604 -1 -3.692 -2 -3.71 -2 273
-3.701 -2 -3.546 -2 -3.618 -1 -3.69 -1 304
-3.654 -1 -3.532 -1 -3.54 -1 -3.676 -1 75
-3.608 -1 -3.524 -1 -3.59 -1 -3.7 -1 263
-3.645 -1 -3.48 -1 -3.562 -1 -3.618 -1 269
-3.59 -1 -3.478 -1 -3.536 -1 -3.726 -1 268
-3.631 -1 -3.556 -1 -3.608 -1 -3.676 -2 91
-3.642 -1 -3.484 -1 -3.568 -1 -3.686 -1 266
-3.627 -1 -3.518 -1 -3.518 -1 -3.654 -2 64
-3.586 -1 -3.428 -1 -3.524 -1 -3.676 -1 174
-3.6 -1 -3.48 -1 -3.536 -1 -3.592 -2 127
-3.564 -1 -3.404 -1 -3.57 -2 -3.622 -2 203
-3.596 -2 -3.478 -2 -3.514 -2 -3.646 -1 81
-3.58 -1 -3.47 -2 -3.51 -1 -3.634 -2 147
-3.572 -1 -3.458 -1 -3.476 -1 -3.632 -2 24
-3.554 -1 -3.45 -2 -3.442 -2 -3.584 -1 44
-3.513 -1 -3.422 -2 -3.516 -2 -3.614 -1 214
-3.565 -1 -3.412 -1 -3.43 -1 -3.642 -2 81
-3.536 -1 -3.45 -1 -3.54 -1 -3.55 -2 205
-3.545 -1 -3.414 -1 -3.456 -2 -3.63 -1 170
-3.543 -1 -3.42 -1 -3.456 -1 -3.566 -2 45
-3.511 -1 -3.362 -1 -3.4 -1 -3.58 -2 64
-3.49 -1 -3.372 -1 -3.508 -1 -3.636 -2 336
-3.572 -1 -3.442 -1 -3.504 -1 -3.638 -1 114
-3.571 -1 -3.454 -1 -3.608 -1 -3.688 -1 349
-3.648 -1 -3.52 -1 -3.596 -1 -3.666 -2 339
-3.631 -1 -3.542 -1 -3.592 -1 -3.612 -2 76
-3.602 -1 -3.462 -1 -3.544 -1 -3.56 -1 176
-3.552 -1 -3.354 -1 -3.388 -1 -3.514 -1 69
-3.451 -1 -3.308 -1 -3.398 -1 -3.512 -1 237
-3.455 -1 -3.36 -1 -3.468 -1 -3.54 -1 295
-3.504 -1 -3.338 -1 -3.406 -2 -3.558 -1 183
-3.482 -1 -3.37 -2 -3.518 -2 -3.62 -2 301
-3.569 -2 -3.462 -2 -3.5 -2 -3.61 -2 106
-3.555 -2 -3.458 -2 -3.456 -2 -3.6 -2 5
-3.528 -2 -3.364 -2 -3.474 -2 -3.566 -2 174
-3.52 -2 -3.41 -2 -3.418 -2 -3.53 -2 44
-3.474 -2 -3.334 -2 -3.496 -2 -3.546 -1 344
-3.521 -1 -3.382 -1 -3.462 -2 -3.61 -2 192
-3.536 -2 -3.392 -2 -3.48 -2 -3.58 -1 120
-3.53 -1 -3.406 -2 -3.57 -2 -3.644 -1 328
-3.607 -1 -3.526 -1 -3.642 -2 -3.662 -2 288
-3.652 -2 -3.53 -2 -3.568 -2 -3.644 -2 44
-3.606 -2 -3.436 -2 -3.462 -2 -3.62 -2 93
-3.541 -2 -3.394 -2 -3.488 -2 -3.584 -2 175
-3.536 -2 -3.39 -2 -3.406 -2 -3.566 -2 104
-3.486 -2 -3.442 -2 -3.534 -2 -3.562 -1 274
-3.548 -1 -3.418 -1 -3.492 -1 -3.588 -1 223
-3.54 -1 -3.422 -1 -3.522 -1 -3.632 -1 325
-3.577 -1 -3.46 -1 -3.558 -1 -3.636 -1 289
-3.597 -1 -3.46 -1 -3.564 -1 -3.648 -1 260
-3.606 -1 -3.466 -1 -3.546 -2 -3.628 -1 238
-3.587 -1 -3.428 -1 -3.49 -2 -3.712 -2 113
-3.601 -2 -3.468 -2 -3.486 -1 -3.622 -2 78
-3.554 -1 -3.404 -1 -3.422 -1 -3.548 -1 55
-3.485 -1 -3.35 -1 -3.528 -1 -3.614 -1 306
-3.571 -1 -3.392 -1 -3.534 -1 -3.568 -1 281
-3.551 -1 -3.364 -1 -3.47 -1 -3.612 -2 139
-3.541 -1 -3.366 -1 -3.426 -1 -3.598 -1 109
-3.512 -1 -3.352 -1 -3.512 -1 -3.628 -2 310
-3.57 -1 -3.428 -1 -3.474 -1 -3.61 -2 133
-3.542 -1 -3.412 -1 -3.49 -1 -3.596 -2 159
-3.543 -1 -3.394 -1 -3.398 -1 -3.532 -1 11
-3.465 -1 -3.32 -1 -3.468 -1 -3.608 -1 226
-3.538 -1 -3.416 -1 -3.492 -2 -3.604 -2 298
-3.548 -2 -3.45 -2 -3.494 -2 -3.616 -1 72
-3.555 -1 -3.45 -1 -3.518 -2 -3.606 -2 167
-3.562 -2 -3.404 -2 -3.428 -2 -3.578 -2 90
-3.503 -2 -3.338 -2 -3.35 -2 -3.536 -1 246
-3.443 -1 -3.364 -1 -3.492 -2 -3.648 -1 323
-3.57 -1 -3.416 -1 -3.498 -1 -3.6 -1 285
-3.549 -1 -3.448 -1 -3.586 -1 -3.61 -2 330
-3.598 -1 -3.474 -1 -3.56 -1 -3.654 -1 323
-3.607 -1 -3.43 -1 -3.486 -1 -3.536 -1 109
-3.511 -1 -3.368 -1 -3.604 -1 -3.604 -1 259
-3.604 -1 -3.404 -1 -3.44 -1 -3.594 -1 93
-3.517 -1 -3.352 -1 -3.38 -1 -3.576 -1 47
-3.478 -1 -3.336 -1 -3.46 -1 -3.574 -1 214
-3.517 -1 -3.388 -1 -3.516 -1 -3.632 -2 264
-3.574 -1 -3.428 -1 -3.498 -1 -3.558 -1 144
-3.528 -1 -3.424 -1 -3.418 -1 -3.566 -1 4
-3.492 -1 -3.396 -1 -3.432 -1 -3.556 -1 42
-3.494 -1 -3.342 -1 -3.336 -1 -3.478 -2 22
-3.407 -1 -3.234 -1 -3.366 -2 -3.562 -1 211
-3.464 -1 -3.312 -2 -3.328 -2 -3.524 -1 86
-3.426 -1 -3.28 -1 -3.384 -2 -3.502 -1 157
-3.443 -1 -3.286 -1 -3.418 -1 -3.55 -1 207
-3.484 -1 -3.356 -1 -3.508 -1 -3.602 -2 341
-3.555 -1 -3.392 -1 -3.434 -1 -3.562 -1 52
-3.498 -1 -3.312 -1 -3.418 -2 -3.528 -2 209
-3.473 -2 -3.324 -2 -3.446 -2 -3.62 -2 258
-3.533 -2 -3.358 -2 -3.528 -2 -3.654 -2 318
-3.591 -2 -3.452 -2 -3.498 -2 -3.642 -1 40
-3.57 -1 -3.432 -1 -3.444 -1 -3.632 -2 71
-3.538 -1 -3.43 -1 -3.554 -2 -3.63 -1 296
-3.592 -1 -3.47 -1 -3.554 -1 -3.644 -2 260
-3.599 -1 -3.474 -1 -3.548 -1 -3.616 -1 316
-3.582 -1 -3.512 -1 -3.64 -1 -3.666 -1 251
-3.653 -1 -3.526 -1 -3.576 -1 -3.618 -1 190
-3.597 -1 -3.452 -1 -3.508 -1 -3.61 -2 154
-3.559 -1 -3.458 -1 -3.606 -1 -3.686 -1 344
-3.646 -1 -3.534 -2 -3.578 -2 -3.7 -2 223
-3.639 -2 -3.538 -2 -3.538 -1 -3.582 -1 158
-3.56 -1 -3.43 -1 -3.486 -1 -3.636 -1 152
-3.561 -1 -3.462 -1 -3.574 -1 -3.596 -2 321
-3.585 -1 -3.45 -1 -3.462 -1 -3.572 -1 21
-3.517 -1 -3.382 -1 -3.39 -1 -3.552 -2 79
-3.471 -1 -3.308 -1 -3.418 -1 -3.546 -1 207
-3.482 -1 -3.376 -1 -3.484 -1 -3.538 -1 215
-3.511 -1 -3.356 -1 -3.488 -1 -3.61 -1 202
-3.549 -1 -3.464 -1 -3.522 -1 -3.65 -2 248
-3.586 -1 -3.458 -1 -3.564 -2 -3.614 -1 177
-3.589 -1 -3.402 -1 -3.476 -1 -3.544 -2 145
-3.51 -1 -3.402 -2 -3.474 -2 -3.586 -1 138
-3.53 -1 -3.354 -1 -3.402 -1 -3.522 -1 132
-3.462 -1 -3.35 -2 -3.364 -2 -3.472 -1 66
-3.418 -1 -3.272 -1 -3.348 -1 -3.554 -1 231
-3.451 -1 -3.318 -1 -3.384 -2 -3.516 -1 126
-3.45 -1 -3.344 -1 -3.4 -1 -3.596 -2 129
-3.498 -1 -3.382 -1 -3.442 -2 -3.602 -1 163
-3.522 -1 -3.39 -1 -3.458 -1 -3.588 -2 309
-3.523 -1 -3.442 -1 -3.582 -2 -3.664 -1 287
-3.623 -1 -3.49 -1 -3.536 -2 -3.66 -1 49
-3.598 -1 -3.486 -1 -3.578 -2 -3.638 -2 218
-3.608 -2 -3.508 -2 -3.508 -2 -3.66 -1 35
-3.584 -1 -3.452 -2 -3.47 -2 -3.606 -2 226
-3.538 -2 -3.388 -2 -3.412 -2 -3.548 -1 69
-3.48 -1 -3.32 -1 -3.508 -1 -3.628 -1 267
-3.568 -1 -3.432 -1 -3.528 -1 -3.6 -1 344
-3.564 -1 -3.422 -1 -3.444 -1 -3.562 -2 29
-3.503 -1 -3.374 -1 -3.446 -1 -3.644 -2 138
-3.545 -1 -3.42 -1 -3.428 -1 -3.554 -1 25
-3.491 -1 -3.332 -1 -3.396 -1 -3.58 -2 123
-3.488 -1 -3.344 -1 -3.526 -1 -3.63 -1 220
-3.578 -1 -3.49 -1 -3.544 -1 -3.596 -1 140
-3.57 -1 -3.404 -1 -3.404 -1 -3.5 -1 9
-3.452 -1 -3.33 -1 -3.328 -1 -3.492 -1 26
-3.41 -1 -3.25 -1 -3.25 -1 -3.46 -2 1
-3.355 -1 -3.226 -1 -3.306 -1 -3.542 -1 144
-3.424 -1 -3.354 -1 -3.446 -1 -3.54 -1 203
-3.493 -1 -3.336 -1 -3.35 -1 -3.55 -2 23
-3.45 -1 -3.298 -1 -3.478 -1 -3.59 -2 328
-3.534 -1 -3.372 -1 -3.502 -1 -3.648 -2 255
-3.575 -1 -3.434 -2 -3.496 -2 -3.564 -1 294
-3.53 -1 -3.428 -1 -3.43 -1 -3.604 -1 26
-3.517 -1 -3.37 -1 -3.458 -1 -3.556 -1 149
-3.507 -1 -3.376 -1 -3.416 -1 -3.628 -1 106
-3.522 -1 -3.45 -1 -3.452 -1 -3.518 -1 84
-3.485 -1 -3.388 -1 -3.552 -1 -3.66 -1 292
-3.606 -1 -3.48 -1 -3.536 -2 -3.622 -2 131
-3.579 -2 -3.474 -2 -3.606 -2 -3.586 -2 250
-3.596 -2 -3.45 -2 -3.586 -2 -3.632 -2 278
-3.609 -2 -3.436 -2 -3.498 -2 -3.62 -2 186
-3.559 -2 -3.402 -2 -3.434 -2 -3.616 -2 75
-3.525 -2 -3.418 -2 -3.43 -2 -3.598 -2 123
-3.514 -2 -3.372 -2 -3.478 -2 -3.602 -1 208
-3.54 -1 -3.374 -1 -3.434 -2 -3.538 -2 109
-3.486 -2 -3.292 -2 -3.374 -2 -3.526 -2 177
-3.45 -2 -3.33 -2 -3.366 -1 -3.54 -2 36
-3.453 -1 -3.284 -1 -3.362 -2 -3.488 -2 93
-3.425 -2 -3.276 -2 -3.336 -2 -3.51 -1 117
-3.423 -1 -3.244 -1 -3.388 -1 -3.586 -1 220
-3.487 -1 -3.378 -1 -3.51 -1 -3.614 -1 348
-3.562 -1 -3.424 -1 -3.482 -1 -3.654 -1 161
-3.568 -1 -3.45 -1 -3.502 -1 -3.59 -2 70
-3.546 -1 -3.434 -1 -3.444 -1 -3.578 -1 10
-3.511 -1 -3.43 -1 -3.48 -1 -3.592 -1 304
-3.536 -1 -3.422 -1 -3.52 -1 -3.62 -1 231
-3.57 -1 -3.42 -1 -3.484 -1 -3.63 -1 347
-3.557 -1 -3.454 -1 -3.57 -1 -3.686 -1 227
-3.628 -1 -3.446 -1 -3.468 -1 -3.564 -2 39
-3.516 -1 -3.364 -1 -3.422 -1 -3.558 -2 86
-3.49 -1 -3.352 -1 -3.438 -1 -3.632 -1 180
-3.535 -1 -3.408 -1 -3.456 -1 -3.65 -1 87
-3.553 -1 -3.41 -1 -3.476 -1 -3.596 -2 154
-3.536 -1 -3.424 -1 -3.446 -1 -3.578 -1 40
-3.512 -1 -3.388 -1 -3.512 -1 -3.686 -2 232
-3.599 -1 -3.474 -1 -3.578 -1 -3.684 -1 309
-3.631 -1 -3.434 -1 -3.528 -1 -3.588 -1 234
-3.558 -1 -3.432 -1 -3.536 -1 -3.732 -2 334
-3.634 -1 -3.446 -1 -3.45 -1 -3.642 -1 2
-3.546 -1 -3.446 -1 -3.472 -1 -3.634 -2 179
-3.553 -1 -3.392 -1 -3.458 -1 -3.564 -1 247
-3.511 -1 -3.41 -1 -3.528 -1 -3.686 -1 259
-3.607 -1 -3.484 -1 -3.516 -1 -3.592 -2 147
-3.554 -1 -3.442 -1 -3.466 -1 -3.58 -2 22
-3.523 -1 -3.382 -1 -3.496 -1 -3.628 -1 182
-3.562 -1 -3.446 -1 -3.538 -1 -3.612 -2 229
-3.575 -1 -3.43 -1 -3.502 -1 -3.576 -1 115
-3.539 -1 -3.404 -1 -3.484 -1 -3.614 -1 257
-3.549 -1 -3.454 -1 -3.564 -2 -3.642 -1 239
-3.603 -1 -3.432 -1 -3.556 -2 -3.608 -1 320
-3.582 -1 -3.48 -1 -3.494 -1 -3.566 -1 158
-3.53 -1 -3.374 -1 -3.478 -1 -3.654 -2 330
-3.566 -1 -3.492 -1 -3.556 -1 -3.61 -2 188
-3.583 -1 -3.408 -1 -3.428 -1 -3.614 -1 26
-3.521 -1 -3.392 -1 -3.4 -1 -3.474 -1 47
-3.437 -1 -3.266 -1 -3.316 -1 -3.522 -1 77
-3.419 -1 -3.276 -1 -3.354 -1 -3.484 -1 106
-3.419 -1 -3.318 -1 -3.366 -1 -3.482 -1 79
-3.424 -1 -3.286 -1 -3.316 -1 -3.472 -1 93
-3.394 -1 -3.3 -1 -3.344 -1 -3.514 -2 49
-3.429 -1 -3.31 -1 -3.416 -1 -3.58 -1 221
-3.498 -1 -3.334 -1 -3.476 -1 -3.606 -1 203
-3.541 -1 -3.476 -1 -3.492 -1 -3.548 -2 32
-3.52 -1 -3.35 -1 -3.35 -1 -3.508 -2 9
-3.429 -1 -3.272 -1 -3.4 -2 -3.454 -1 208
-3.427 -1 -3.308 -1 -3.454 -2 -3.616 -1 302
-3.535 -1 -3.4 -1 -3.442 -1 -3.598 -2 87
-3.52 -1 -3.414 -2 -3.458 -2 -3.568 -1 91
-3.513 -1 -3.34 -1 -3.354 -1 -3.52 -2 15
-3.437 -1 -3.282 -1 -3.332 -1 -3.498 -1 97
-3.415 -1 -3.278 -1 -3.32 -1 -3.518 -1 61
-3.419 -1 -3.254 -1 -3.348 -1 -3.468 -2 191
-3.408 -1 -3.272 -1 -3.308 -1 -3.516 -1 70
-3.412 -1 -3.308 -1 -3.452 -1 -3.612 -1 300
-3.532 -1 -3.386 -1 -3.442 -1 -3.586 -1 96
-3.514 -1 -3.36 -1 -3.404 -1 -3.664 -2 192
-3.534 -1 -3.398 -1 -3.466 -1 -3.604 -2 136
-3.535 -1 -3.378 -1 -3.424 -1 -3.514 -1 160
-3.469 -1 -3.288 -1 -3.406 -1 -3.552 -2 300
-3.479 -1 -3.368 -1 -3.502 -1 -3.558 -1 220
-3.53 -1 -3.374 -1 -3.51 -2 -3.638 -2 277
-3.574 -2 -3.45 -2 -3.452 -2 -3.628 -2 1
-3.54 -2 -3.416 -2 -3.478 -2 -3.568 -1 175
-3.523 -1 -3.398 -2 -3.422 -2 -3.57 -2 62
-3.496 -2 -3.356 -2 -3.47 -2 -3.566 -1 210
-3.518 -1 -3.388 -1 -3.388 -1 -3.558 -2 2
-3.473 -1 -3.324 -2 -3.39 -2 -3.564 -2 91
-3.477 -2 -3.322 -2 -3.402 -2 -3.578 -1 261
-3.49 -1 -3.368 -2 -3.426 -2 -3.632 -1 176
-3.529 -1 -3.442 -2 -3.52 -2 -3.598 -1 318
-3.559 -1 -3.472 -1 -3.51 -1 -3.552 -1 116
-3.531 -1 -3.434 -1 -3.462 -1 -3.572 -1 56
-3.517 -1 -3.352 -1 -3.382 -1 -3.496 -1 207
-3.439 -1 -3.346 -1 -3.374 -1 -3.62 -1 60
-3.497 -1 -3.396 -1 -3.482 -1 -3.588 -2 210
-3.535 -1 -3.44 -1 -3.51 -1 -3.576 -1 229
-3.543 -1 -3.374 -1 -3.496 -1 -3.65 -1 257
-3.573 -1 -3.432 -1 -3.466 -1 -3.57 -2 29
-3.518 -1 -3.368 -1 -3.442 -1 -3.61 -1 175
-3.526 -1 -3.352 -1 -3.434 -1 -3.54 -1 92
-3.487 -1 -3.392 -1 -3.396 -1 -3.486 -1 12
-3.441 -1 -3.324 -1 -3.466 -1 -3.636 -1 303
-3.551 -1 -3.502 -1 -3.572 -1 -3.65 -1 227
-3.611 -1 -3.414 -1 -3.48 -1 -3.612 -1 234
-3.546 -1 -3.382 -1 -3.51 -1 -3.596 -1 242
-3.553 -1 -3.378 -1 -3.48 -1 -3.62 -1 338
-3.55 -1 -3.398 -1 -3.41 -1 -3.594 -2 24
-3.502 -1 -3.342 -1 -3.424 -1 -3.574 -1 163
-3.499 -1 -3.358 -1 -3.522 -1 -3.68 -2 303
-3.601 -1 -3.5 -1 -3.538 -2 -3.626 -1 97
-3.582 -1 -3.442 -1 -3.544 -1 -3.628 -1 231
-3.586 -1 -3.478 -1 -3.55 -1 -3.592 -1 309
-3.571 -1 -3.478 -1 -3.49 -1 -3.564 -1 150
-3.527 -1 -3.384 -1 -3.498 -1 -3.6 -1 183
-3.549 -1 -3.444 -1 -3.462 -1 -3.662 -1 130
-3.562 -1 -3.446 -1 -3.482 -1 -3.584 -1 98
-3.533 -1 -3.438 -1 -3.522 -1 -3.59 -1 205
-3.556 -1 -3.424 -1 -3.462 -1 -3.534 -1 41
-3.498 -1 -3.372 -1 -3.45 -1 -3.616 -1 128
-3.533 -1 -3.394 -1 -3.438 -1 -3.562 -2 107
-3.5 -1 -3.364 -1 -3.412 -1 -3.552 -1 76
-3.482 -1 -3.36 -1 -3.544 -2 -3.608 -2 303
-3.576 -2 -3.428 -2 -3.494 -2 -3.688 -1 220
-3.591 -1 -3.478 -2 -3.49 -2 -3.614 -1 91
-3.552 -1 -3.384 -2 -3.516 -2 -3.67 -1 328
-3.593 -1 -3.458 -1 -3.56 -1 -3.638 -2 302
-3.599 -1 -3.48 -1 -3.596 -1 -3.71 -2 301
-3.653 -1 -3.6 -2 -3.668 -2 -3.742 -1 116
-3.705 -1 -3.54 -1 -3.59 -2 -3.662 -2 247
-3.626 -2 -3.492 -2 -3.584 0 -3.692 -1 136
