10 1000 0.3 9 70 0 0 0 0
-3.772 -1 -3.26 -1 -3.3 -1 -3.53 -2 70
-3.415 -1 -2.946 -1 -3.014 -1 -3.408 -1 68
-3.211 -1 -2.792 -1 -2.884 -1 -3.306 -1 50
-3.095 -1 -2.698 -1 -2.836 -1 -3.244 -1 88
-3.04 -1 -2.614 -1 -2.68 -1 -3.166 -1 60
-2.923 -1 -2.552 -1 -2.556 -1 -3.02 -1 5
-2.788 -1 -2.444 -1 -2.456 -1 -3.024 -1 4
-2.74 -1 -2.386 -1 -2.514 -1 -3.018 -1 72
-2.766 -1 -2.398 -1 -2.54 -1 -3.054 -1 71
-2.797 -1 -2.436 -1 -2.656 -1 -3.11 -1 129
-2.883 -1 -2.458 -1 -2.502 -1 -3.04 -1 33
-2.771 -1 -2.42 -1 -2.538 -1 -3.04 -1 64
-2.789 -1 -2.43 -1 -2.59 -1 -3.052 -1 102
-2.821 -1 -2.434 -1 -2.47 -1 -3.06 -1 23
-2.765 -1 -2.424 -1 -2.706 -1 -3.078 -1 141
-2.892 -1 -2.434 -1 -2.614 -1 -3.102 -1 127
-2.858 -1 -2.452 -1 -2.586 -1 -3.112 -1 122
-2.849 -1 -2.462 -1 -2.532 -1 -3.026 -1 58
-2.779 -1 -2.42 -1 -2.63 -1 -3.064 -1 128
-2.847 -1 -2.416 -1 -2.454 -1 -2.96 -1 22
-2.707 -1 -2.372 -1 -2.628 -1 -3.034 -1 147
-2.831 -1 -2.404 -1 -2.518 -1 -3.004 -1 69
-2.761 -1 -2.4 -1 -2.526 -1 -2.97 -1 78
-2.748 -1 -2.35 -1 -2.38 -1 -2.886 -1 16
-2.633 -1 -2.314 -1 -2.554 -1 -3.04 -1 135
-2.797 -1 -2.406 -1 -2.452 -1 -2.918 -1 25
-2.685 -1 -2.334 -1 -2.368 -1 -2.904 -1 21
-2.636 -1 -2.296 -1 -2.35 -1 -2.868 -1 30
-2.609 -1 -2.254 -1 -2.43 -1 -2.932 -1 120
-2.681 -1 -2.318 -1 -2.456 -1 -2.928 -1 76
-2.692 -1 -2.314 -1 -2.412 -1 -2.88 -1 67
-2.646 -1 -2.27 -1 -2.492 -1 -2.96 -1 122
-2.726 -1 -2.338 -1 -2.364 -1 -2.864 -1 18
-2.614 -1 -2.282 -1 -2.474 -1 -2.992 -1 115
-2.733 -1 -2.33 -1 -2.534 -1 -2.994 -1 111
-2.764 -1 -2.362 -1 -2.488 -1 -2.946 -1 70
-2.717 -1 -2.332 -1 -2.446 -1 -2.95 -1 73
-2.698 -1 -2.33 -1 -2.396 -1 -2.892 -1 48
-2.644 -1 -2.306 -1 -2.502 -1 -2.954 -1 122
-2.728 -1 -2.336 -1 -2.39 -1 -2.888 -1 28
-2.639 -1 -2.274 -1 -2.434 -1 -2.934 -1 84
-2.684 -1 -2.316 -1 -2.424 -1 -2.864 -1 50
-2.644 -1 -2.26 -1 -2.498 -1 -2.972 -1 112
-2.735 -1 -2.328 -1 -2.508 -1 -2.956 -1 100
-2.732 -1 -2.308 -1 -2.506 -1 -2.976 -1 130
-2.741 -1 -2.33 -1 -2.462 -1 -2.974 -1 108
-2.718 -1 -2.35 -1 -2.576 -1 -2.986 -1 136
-2.781 -1 -2.378 -1 -2.542 -1 -2.99 -1 132
-2.766 -1 -2.376 -1 -2.558 -1 -3.01 -1 85
-2.784 -1 -2.4 -1 -2.488 -1 -2.87 -1 58
-2.679 -1 -2.322 -1 -2.548 -1 -2.962 -1 135
-2.755 -1 -2.332 -1 -2.432 -1 -2.89 -1 45
-2.661 -1 -2.266 -1 -2.45 -1 -2.928 -1 108
-2.689 -1 -2.27 -1 -2.502 -1 -2.97 -1 145
-2.736 -1 -2.32 -1 -2.408 -1 -2.842 -1 60
-2.625 -1 -2.258 -1 -2.47 -1 -2.914 -1 132
-2.692 -1 -2.27 -1 -2.538 -1 -2.958 -1 148
-2.748 -1 -2.324 -1 -2.52 -1 -2.996 -1 129
-2.758 -1 -2.34 -1 -2.514 -1 -2.972 -1 117
-2.743 -1 -2.296 -1 -2.336 -1 -2.862 -1 23
-2.599 -1 -2.276 -1 -2.434 -1 -2.844 -1 81
-2.639 -1 -2.238 -1 -2.51 -1 -2.926 -1 137
-2.718 -1 -2.332 -1 -2.484 -1 -2.868 -1 81
-2.676 -1 -2.234 -1 -2.244 -1 -2.756 -1 2
-2.5 -1 -2.15 -1 -2.36 -1 -2.816 -1 119
-2.588 -1 -2.2 -1 -2.23 -1 -2.718 -1 19
-2.474 -1 -2.136 -1 -2.242 -1 -2.712 -1 52
-2.477 -1 -2.138 -1 -2.268 -1 -2.718 -1 75
-2.493 -1 -2.088 -1 -2.368 -1 -2.794 -1 140
-2.581 -1 -2.142 -1 -2.336 -1 -2.818 0 108
