8 1000 0.6 8 45 0 0 0 0
-3.467 -1 -2.982 -1 -3.032 -1 -3.26 -1 145
-3.146 -1 -2.736 -1 -2.84 -1 -3.136 -1 128
-2.988 -1 -2.568 -1 -2.822 -1 -3.096 -1 205
-2.959 -1 -2.536 -1 -2.594 -1 -2.948 -1 53
-2.771 -1 -2.394 -1 -2.496 -1 -2.95 -1 101
-2.723 -1 -2.316 -1 -2.632 -1 -3.082 -1 256
-2.857 -1 -2.422 -1 -2.688 -1 -3.06 -1 282
-2.874 -1 -2.41 -1 -2.436 -1 -2.9 -1 14
-2.668 -1 -2.33 -1 -2.528 -1 -2.926 -1 155
-2.727 -1 -2.32 -1 -2.326 -1 -2.834 -1 14
-2.58 -1 -2.25 -1 -2.346 -1 -2.81 -1 77
-2.578 -1 -2.226 -1 -2.314 -1 -2.804 -1 85
-2.559 -1 -2.178 -1 -2.516 -1 -2.91 -1 256
-2.713 -1 -2.3 -1 -2.39 -1 -2.79 -1 59
-2.59 -1 -2.206 -1 -2.564 -1 -2.92 -1 273
-2.742 -1 -2.278 -1 -2.42 -1 -2.826 -1 109
-2.623 -1 -2.258 -1 -2.538 -1 -2.834 -1 249
-2.686 -1 -2.276 -1 -2.498 -1 -2.946 -1 212
-2.722 -1 -2.302 -1 -2.554 -1 -2.904 -1 173
-2.729 -1 -2.278 -1 -2.436 -1 -2.886 -1 102
-2.661 -1 -2.262 -1 -2.274 -1 -2.77 -1 17
-2.522 -1 -2.154 -1 -2.5 -1 -2.914 -1 292
-2.707 -1 -2.3 -1 -2.636 -1 -3.002 -1 273
-2.819 -1 -2.372 -1 -2.656 -1 -2.96 -1 269
-2.808 -1 -2.372 -1 -2.596 -1 -2.934 -1 214
-2.765 -1 -2.328 -1 -2.65 -1 -2.958 -1 291
-2.804 -1 -2.36 -1 -2.466 -1 -2.862 -1 102
-2.664 -1 -2.266 -1 -2.552 -1 -2.912 -1 230
-2.732 -1 -2.29 -1 -2.616 -1 -2.954 -1 251
-2.785 -1 -2.398 -1 -2.608 -1 -2.948 -1 180
-2.778 -1 -2.362 -1 -2.494 -1 -2.834 -1 117
-2.664 -1 -2.282 -1 -2.282 -1 -2.804 -1 0
-2.543 -1 -2.216 -1 -2.574 -1 -2.932 -1 278
-2.753 -1 -2.286 -1 -2.48 -1 -2.93 -1 152
-2.705 -1 -2.304 -1 -2.444 -1 -2.81 -1 137
-2.627 -1 -2.216 -1 -2.34 -1 -2.8 -1 74
-2.57 -1 -2.166 -1 -2.23 -1 -2.806 -1 48
-2.518 -1 -2.164 -1 -2.268 -1 -2.702 -1 51
-2.485 -1 -2.114 -1 -2.438 -1 -2.882 -1 243
-2.66 -1 -2.228 -1 -2.488 -1 -2.816 -1 206
-2.652 -1 -2.242 -1 -2.452 -1 -2.844 -1 184
-2.648 -1 -2.274 -1 -2.566 -1 -2.87 -1 261
-2.718 -1 -2.306 -1 -2.492 -1 -2.87 -1 190
-2.681 -1 -2.27 -1 -2.538 -1 -2.934 -1 254
-2.736 -1 -2.286 -1 -2.374 -1 -2.842 0 76
