7 1000 0.7 5 39 0 0 0 0
-3.263 -1 -2.86 -1 -3.008 -1 -3.142 -1 343
-3.075 -1 -2.688 -1 -2.738 -1 -2.98 -1 137
-2.859 -1 -2.522 -1 -2.566 -1 -2.928 -1 66
-2.747 -1 -2.392 -1 -2.552 -1 -2.894 -1 202
-2.723 -1 -2.35 -1 -2.6 -1 -2.858 -1 251
-2.729 -1 -2.388 -1 -2.564 -1 -2.888 -1 230
-2.726 -1 -2.38 -1 -2.562 -1 -2.858 -1 189
-2.71 -1 -2.374 -1 -2.458 -1 -2.8 -1 92
-2.629 -1 -2.258 -1 -2.592 -1 -2.884 -1 336
-2.738 -1 -2.386 -1 -2.636 -1 -2.89 -1 239
-2.763 -1 -2.412 -1 -2.576 -1 -2.906 -1 175
-2.741 -1 -2.388 -1 -2.502 -1 -2.81 -1 138
-2.656 -1 -2.29 -1 -2.562 -1 -2.816 -1 298
-2.689 -1 -2.346 -1 -2.524 -1 -2.884 -1 189
-2.704 -1 -2.364 -1 -2.68 -1 -2.898 -1 325
-2.789 -1 -2.382 -1 -2.434 -1 -2.794 -1 87
-2.614 -1 -2.238 -1 -2.52 -1 -2.828 -1 266
-2.674 -1 -2.296 -1 -2.328 -1 -2.724 -1 41
-2.526 -1 -2.17 -1 -2.336 -1 -2.678 -1 127
-2.507 -1 -2.154 -1 -2.282 -1 -2.696 -1 76
-2.489 -1 -2.16 -1 -2.516 -1 -2.794 -1 311
-2.655 -1 -2.292 -1 -2.44 -1 -2.754 -1 142
-2.597 -1 -2.232 -1 -2.47 -1 -2.758 -1 255
-2.614 -1 -2.242 -1 -2.47 -1 -2.786 -1 210
-2.628 -1 -2.248 -1 -2.3 -1 -2.706 -1 49
-2.503 -1 -2.154 -1 -2.252 -1 -2.704 -1 67
-2.478 -1 -2.142 -1 -2.348 -1 -2.756 -1 162
-2.552 -1 -2.166 -1 -2.28 -1 -2.664 -1 125
-2.472 -1 -2.116 -1 -2.344 -1 -2.748 -1 231
-2.546 -1 -2.188 -1 -2.254 -1 -2.576 -1 39
-2.415 -1 -2.086 -1 -2.088 -1 -2.578 -1 5
-2.333 -1 -2.012 -1 -2.082 -1 -2.556 -1 38
-2.319 -1 -1.996 -1 -2.34 -1 -2.66 -1 255
-2.5 -1 -2.076 -1 -2.22 -1 -2.576 -1 103
-2.398 -1 -2.05 -1 -2.13 -1 -2.512 -1 54
-2.321 -1 -1.934 -1 -2.144 -1 -2.592 -1 146
-2.368 -1 -2 -1 -2.066 -1 -2.494 -1 43
-2.28 -1 -1.92 -1 -2.22 -1 -2.634 -1 222
-2.427 -1 -2.026 -1 -2.402 -1 -2.724 0 336
