9 1000 0.8 4 480 0 0 0 0
-3.652 -1 -3.27 -1 -3.318 -1 -3.446 -1 127
-3.382 -1 -3.02 -1 -3.254 -1 -3.402 -1 315
-3.328 -1 -2.976 -1 -3.034 -1 -3.29 -1 66
-3.162 -1 -2.87 -1 -2.902 -1 -3.17 -2 22
-3.036 -1 -2.718 -1 -3.098 -1 -3.318 -1 369
-3.208 -1 -2.792 -1 -2.898 -1 -3.246 -1 120
-3.072 -1 -2.716 -1 -3.004 -1 -3.404 -1 343
-3.204 -1 -2.852 -1 -2.912 -1 -3.298 -1 95
-3.105 -1 -2.762 -1 -2.854 -1 -3.214 -1 91
-3.034 -1 -2.696 -1 -2.76 -1 -3.206 -1 56
-2.983 -1 -2.656 -1 -2.956 -1 -3.248 -1 252
-3.102 -1 -2.726 -1 -2.782 -1 -3.14 -1 54
-2.961 -1 -2.612 -1 -2.904 -1 -3.184 -1 313
-3.044 -1 -2.696 -1 -3.042 -1 -3.272 -1 322
-3.157 -1 -2.758 -1 -2.762 -1 -3.136 -1 2
-2.949 -1 -2.608 -1 -2.93 -1 -3.224 -1 306
-3.077 -1 -2.748 -1 -2.962 -1 -3.208 -1 201
-3.085 -1 -2.738 -1 -2.944 -1 -3.236 -1 260
-3.09 -1 -2.72 -1 -3.05 -1 -3.252 -1 322
-3.151 -1 -2.8 -1 -2.926 -1 -3.196 -1 121
-3.061 -1 -2.704 -1 -2.748 -1 -3.096 -1 46
-2.922 -1 -2.622 -1 -3.104 -1 -3.274 -1 398
-3.189 -1 -2.816 -1 -2.938 -1 -3.224 -1 147
-3.081 -1 -2.744 -1 -3.004 -1 -3.336 -1 279
-3.17 -1 -2.852 -1 -2.984 -1 -3.174 -1 165
-3.079 -1 -2.75 -1 -2.754 -1 -3.136 -1 16
-2.945 -1 -2.576 -1 -2.938 -1 -3.23 -1 393
-3.084 -1 -2.754 -1 -3.04 -1 -3.252 -1 262
-3.146 -1 -2.772 -1 -3.124 -1 -3.296 -1 380
-3.21 -1 -2.832 -1 -3.02 -1 -3.242 -1 265
-3.131 -1 -2.768 -1 -3.022 -1 -3.326 -1 337
-3.174 -1 -2.834 -1 -3.096 -1 -3.294 -1 344
-3.195 -1 -2.856 -1 -3.042 -1 -3.358 -1 150
-3.2 -1 -2.86 -1 -3.126 -1 -3.368 -1 301
-3.247 -1 -2.91 -1 -3.126 -1 -3.408 -1 261
-3.267 -1 -2.9 -1 -3.174 -1 -3.326 -1 327
-3.25 -1 -2.892 -1 -3.106 -1 -3.29 -1 209
-3.198 -1 -2.82 -1 -3.07 -1 -3.254 -1 280
-3.162 -1 -2.808 -1 -2.884 -1 -3.262 -1 63
-3.073 -1 -2.73 -1 -3.014 -1 -3.256 -1 326
-3.135 -1 -2.776 -1 -3.114 -1 -3.296 -1 373
-3.205 -1 -2.8 -1 -2.954 -1 -3.248 -1 148
-3.101 -1 -2.77 -1 -3.136 -1 -3.33 -1 335
-3.233 -1 -2.898 -1 -3.018 -1 -3.208 -1 124
-3.113 -1 -2.732 -1 -2.836 -1 -3.176 -1 130
-3.006 -1 -2.658 -1 -2.882 -1 -3.23 -1 274
-3.056 -1 -2.71 -1 -2.826 -1 -3.15 -1 136
-2.988 -1 -2.692 -1 -2.742 -1 -3.116 -1 74
-2.929 -1 -2.61 -1 -2.702 -1 -3.084 -1 76
-2.893 -1 -2.552 -1 -2.776 -1 -3.182 -1 219
-2.979 -1 -2.634 -1 -2.852 -1 -3.15 -1 192
-3.001 -1 -2.67 -1 -2.98 -1 -3.178 -1 308
-3.079 -1 -2.728 -1 -2.804 -1 -3.166 -1 100
-2.985 -1 -2.632 -1 -2.912 -1 -3.238 -1 276
-3.075 -1 -2.732 -1 -2.82 -1 -3.112 -1 80
-2.966 -1 -2.66 -1 -2.802 -1 -3.078 -1 171
-2.94 -1 -2.584 -1 -2.692 -1 -3.052 -1 74
-2.872 -1 -2.526 -1 -2.828 -1 -3.132 -1 258
-2.98 -1 -2.57 -1 -2.77 -1 -3.118 -1 185
-2.944 -1 -2.584 -1 -2.64 -1 -3.014 -1 46
-2.827 -1 -2.474 -1 -2.66 -1 -3.108 -1 154
-2.884 -1 -2.542 -1 -2.914 -1 -3.202 -1 366
-3.058 -1 -2.662 -1 -2.992 -1 -3.23 -1 304
-3.111 -1 -2.75 -1 -2.942 -1 -3.216 -1 153
-3.079 -1 -2.69 -1 -2.912 -1 -3.2 -1 230
-3.056 -1 -2.734 -1 -2.836 -1 -3.112 -1 79
-2.974 -1 -2.662 -1 -2.984 -1 -3.246 -1 393
-3.115 -1 -2.704 -1 -2.85 -1 -3.19 -1 137
-3.02 -1 -2.714 -1 -2.922 -1 -3.146 -1 275
-3.034 -1 -2.688 -1 -2.904 -1 -3.218 -1 259
-3.061 -1 -2.716 -1 -2.914 -1 -3.154 -1 195
-3.034 -1 -2.668 -1 -2.766 -1 -3.116 -1 60
-2.941 -1 -2.614 -1 -2.866 -1 -3.138 -1 228
-3.002 -1 -2.666 -1 -2.954 -1 -3.222 -1 269
-3.088 -1 -2.716 -1 -2.902 -1 -3.174 -1 177
-3.038 -1 -2.718 -1 -3.012 -1 -3.3 -1 354
-3.156 -1 -2.764 -1 -2.87 -1 -3.218 -1 73
-3.044 -1 -2.692 -1 -2.878 -1 -3.156 -1 171
-3.017 -1 -2.69 -1 -2.97 -1 -3.196 -1 307
-3.083 -1 -2.744 -1 -2.814 -1 -3.102 -1 100
-2.958 -1 -2.622 -1 -2.884 -1 -3.172 -1 273
-3.028 -1 -2.7 -1 -2.786 -1 -3.182 -1 110
-2.984 -1 -2.664 -1 -2.952 -1 -3.156 -1 272
-3.054 -1 -2.692 -1 -2.72 -1 -3.072 -1 13
-2.896 -1 -2.564 -1 -2.71 -1 -3.062 -1 117
-2.886 -1 -2.538 -1 -2.634 -1 -3.072 -1 86
-2.853 -1 -2.544 -1 -2.548 -1 -2.98 -1 4
-2.764 -1 -2.47 -1 -2.922 -1 -3.142 -1 361
-3.032 -1 -2.642 -1 -2.706 -1 -3.09 -1 55
-2.898 -1 -2.554 -1 -2.874 -1 -3.22 -1 297
-3.047 -1 -2.658 -1 -2.908 -1 -3.19 -1 225
-3.049 -1 -2.69 -1 -2.95 -1 -3.246 -1 262
-3.098 -1 -2.71 -1 -2.882 -1 -3.164 -1 209
-3.023 -1 -2.688 -1 -2.892 -1 -3.168 -1 173
-3.03 -1 -2.682 -1 -2.82 -1 -3.196 -1 116
-3.008 -1 -2.696 -1 -2.948 -1 -3.19 -1 223
-3.069 -1 -2.752 -1 -2.91 -1 -3.224 -2 205
-3.067 -1 -2.702 -1 -2.854 -1 -3.158 -1 133
-3.006 -1 -2.654 -1 -2.868 -1 -3.136 -1 164
-3.002 -1 -2.65 -1 -2.794 -1 -3.11 -1 129
-2.952 -1 -2.614 -1 -2.864 -1 -3.116 -1 231
-2.99 -1 -2.658 -1 -3.024 -1 -3.3 -1 326
-3.162 -1 -2.824 -1 -2.936 -1 -3.192 -1 138
-3.064 -1 -2.712 -1 -2.794 -1 -3.146 -1 85
-2.97 -1 -2.64 -1 -2.648 -1 -3.068 -1 8
-2.858 -1 -2.574 -1 -2.824 -1 -3.096 -1 210
-2.96 -1 -2.656 -1 -2.92 -1 -3.134 -1 264
-3.027 -1 -2.636 -1 -2.848 -1 -3.15 -1 191
-2.999 -1 -2.672 -1 -2.81 -1 -3.11 -1 134
-2.96 -1 -2.61 -1 -2.976 -1 -3.232 -1 384
-3.104 -1 -2.728 -1 -2.792 -1 -3.168 -1 56
-2.98 -1 -2.592 -1 -2.712 -1 -3.094 -1 92
-2.903 -1 -2.556 -1 -2.774 -1 -3.124 -1 183
-2.949 -1 -2.574 -1 -2.738 -1 -3.112 -1 157
-2.925 -1 -2.576 -1 -2.66 -1 -3.066 -1 54
-2.863 -1 -2.548 -1 -2.636 -1 -3.024 -1 65
-2.83 -1 -2.49 -1 -2.726 -1 -3.088 -1 220
-2.907 -1 -2.55 -1 -2.576 -1 -2.996 -1 27
-2.786 -1 -2.464 -1 -2.704 -1 -3.056 -1 238
-2.88 -1 -2.536 -1 -2.684 -1 -3.022 -1 111
-2.853 -1 -2.512 -1 -2.938 -1 -3.26 -1 387
-3.099 -1 -2.726 -1 -2.946 -1 -3.21 -1 210
-3.078 -1 -2.73 -1 -3.054 -1 -3.312 -1 344
-3.183 -1 -2.826 -1 -2.914 -1 -3.234 -2 86
-3.074 -1 -2.71 -1 -2.72 -1 -3.108 -1 12
-2.914 -1 -2.606 -1 -2.964 -1 -3.172 -1 382
-3.068 -1 -2.714 -1 -2.778 -1 -3.078 -1 78
-2.928 -1 -2.622 -1 -2.716 -1 -3.116 -1 131
-2.916 -1 -2.548 -1 -2.568 -1 -3.028 -1 14
-2.798 -1 -2.488 -1 -2.802 -1 -3.144 -1 286
-2.973 -1 -2.64 -1 -2.686 -1 -3.058 -1 57
-2.872 -1 -2.534 -1 -2.736 -1 -3.04 -1 148
-2.888 -1 -2.504 -1 -2.53 -1 -2.894 -1 16
-2.712 -1 -2.378 -1 -2.498 -1 -2.848 -1 75
-2.673 -1 -2.384 -1 -2.752 -1 -3.092 -1 352
-2.922 -1 -2.556 -1 -2.722 -1 -3.058 -1 155
-2.89 -1 -2.524 -1 -2.72 -1 -3.128 -1 156
-2.924 -1 -2.566 -1 -2.954 -1 -3.174 -1 306
-3.064 -1 -2.69 -1 -2.704 -1 -3.068 -1 21
-2.886 -1 -2.54 -1 -2.664 -1 -3.082 -1 108
-2.873 -1 -2.544 -1 -2.806 -1 -3.154 -1 237
-2.98 -1 -2.618 -1 -2.892 -1 -3.144 -1 289
-3.018 -1 -2.642 -1 -2.92 -1 -3.19 -1 230
-3.055 -1 -2.666 -1 -2.852 -1 -3.222 -1 191
-3.037 -1 -2.674 -1 -2.77 -1 -3.16 -1 94
-2.965 -1 -2.62 -1 -2.87 -1 -3.144 -1 244
-3.007 -1 -2.618 -1 -2.632 -1 -3.05 -1 5
-2.841 -1 -2.522 -1 -2.92 -1 -3.208 -1 375
-3.064 -1 -2.692 -1 -2.742 -1 -3 -1 48
-2.871 -1 -2.516 -1 -2.84 -1 -3.122 -1 291
-2.981 -1 -2.62 -1 -2.906 -1 -3.266 -1 322
-3.086 -1 -2.682 -1 -2.938 -1 -3.214 -1 245
-3.076 -1 -2.718 -1 -3.024 -1 -3.25 -1 387
-3.137 -1 -2.732 -1 -3.022 -1 -3.28 -1 315
-3.151 -1 -2.78 -1 -2.996 -1 -3.296 -1 222
-3.146 -1 -2.786 -1 -2.996 -1 -3.218 -1 211
-3.107 -1 -2.688 -1 -2.758 -1 -3.14 -1 80
-2.949 -1 -2.608 -1 -2.834 -1 -3.164 -1 182
-2.999 -1 -2.646 -1 -2.912 -1 -3.188 -1 349
-3.05 -1 -2.672 -1 -2.89 -1 -3.15 -1 150
-3.02 -1 -2.614 -1 -2.932 -1 -3.206 -1 310
-3.069 -1 -2.73 -1 -3.066 -1 -3.294 -1 396
-3.18 -1 -2.81 -1 -3.028 -1 -3.23 -1 281
-3.129 -1 -2.736 -1 -2.916 -1 -3.206 -1 192
-3.061 -1 -2.72 -1 -3.046 -1 -3.228 -1 348
-3.137 -1 -2.768 -1 -2.89 -1 -3.22 -1 102
-3.055 -1 -2.702 -1 -2.808 -1 -3.208 -1 86
-3.008 -1 -2.65 -1 -2.88 -1 -3.198 -1 205
-3.039 -1 -2.648 -1 -2.998 -1 -3.288 -1 392
-3.143 -1 -2.814 -1 -2.86 -1 -3.19 -1 45
-3.025 -1 -2.694 -1 -3.024 -1 -3.188 -1 391
-3.106 -1 -2.744 -1 -2.948 -1 -3.224 -1 153
-3.086 -1 -2.7 -1 -2.988 -1 -3.21 -1 334
-3.099 -1 -2.754 -1 -2.802 -1 -3.112 -1 49
-2.957 -1 -2.606 -1 -2.642 -1 -3.076 -1 36
-2.859 -1 -2.536 -1 -2.82 -1 -3.078 -1 264
-2.949 -1 -2.61 -1 -2.816 -1 -3.108 -1 180
-2.962 -1 -2.562 -1 -2.78 -1 -3.124 -1 218
-2.952 -1 -2.616 -1 -2.87 -1 -3.19 -1 292
-3.03 -1 -2.678 -1 -2.908 -1 -3.198 -1 173
-3.053 -1 -2.72 -1 -2.972 -1 -3.232 -1 261
-3.102 -1 -2.756 -1 -2.888 -1 -3.134 -1 93
-3.011 -1 -2.676 -1 -2.98 -1 -3.278 -1 331
-3.129 -1 -2.8 -1 -2.986 -1 -3.186 -1 246
-3.086 -1 -2.706 -1 -3.028 -1 -3.192 -1 335
-3.11 -1 -2.748 -1 -2.784 -1 -3.144 -1 35
-2.964 -1 -2.666 -1 -2.96 -1 -3.216 -1 314
-3.088 -1 -2.758 -1 -3.04 -1 -3.2 -1 324
-3.12 -1 -2.788 -1 -2.94 -1 -3.258 -1 95
-3.099 -1 -2.722 -1 -2.932 -1 -3.238 -1 222
-3.085 -1 -2.686 -1 -2.916 -1 -3.182 -1 242
-3.049 -1 -2.696 -1 -2.806 -1 -3.124 -1 113
-2.965 -1 -2.62 -1 -2.836 -1 -3.146 -1 183
-2.991 -1 -2.634 -1 -2.902 -1 -3.2 -1 265
-3.051 -1 -2.666 -1 -2.786 -1 -3.13 -1 116
-2.958 -1 -2.626 -1 -2.924 -1 -3.226 -1 286
-3.075 -1 -2.722 -1 -2.958 -1 -3.274 -1 211
-3.116 -1 -2.774 -1 -3.062 -1 -3.338 -1 374
-3.2 -1 -2.766 -1 -2.988 -1 -3.234 -1 297
-3.111 -1 -2.738 -1 -3.078 -1 -3.344 -1 332
-3.211 -1 -2.838 -1 -2.836 -1 -3.104 -1 2
-2.97 -1 -2.66 -1 -2.772 -1 -3.078 -1 106
-2.925 -1 -2.606 -1 -2.884 -1 -3.178 -1 299
-3.031 -1 -2.69 -1 -2.706 -1 -3.096 -1 19
-2.901 -1 -2.57 -1 -2.848 -1 -3.152 -1 244
-3 -1 -2.668 -1 -3.046 -1 -3.234 -1 361
-3.14 -1 -2.742 -1 -2.816 -1 -3.144 -1 79
-2.98 -1 -2.642 -1 -3.076 -1 -3.212 -1 364
-3.144 -1 -2.752 -1 -3.04 -1 -3.292 -1 335
-3.166 -1 -2.776 -1 -3.046 -1 -3.356 -1 332
-3.201 -1 -2.838 -1 -3.094 -1 -3.302 -1 342
-3.198 -1 -2.838 -1 -3.162 -1 -3.284 -1 349
-3.223 -1 -2.82 -1 -2.986 -1 -3.258 -1 207
-3.122 -1 -2.786 -1 -2.978 -1 -3.188 -1 168
-3.083 -1 -2.736 -1 -3.072 -1 -3.258 -1 381
-3.165 -1 -2.782 -1 -2.946 -1 -3.164 -1 223
-3.055 -1 -2.748 -1 -2.882 -1 -3.152 -1 100
-3.017 -1 -2.662 -1 -2.984 -1 -3.178 -1 271
-3.081 -1 -2.698 -1 -2.7 -1 -3.042 -1 15
-2.871 -1 -2.542 -1 -2.71 -1 -3.112 -1 121
-2.911 -1 -2.556 -1 -2.886 -1 -3.2 -1 270
-3.043 -1 -2.672 -1 -2.956 -1 -3.168 -1 287
-3.062 -1 -2.662 -1 -3.012 -1 -3.248 -1 359
-3.13 -1 -2.802 -1 -3.042 -1 -3.278 -1 249
-3.16 -1 -2.762 -1 -2.958 -1 -3.27 -1 179
-3.114 -1 -2.756 -1 -2.944 -1 -3.206 -1 233
-3.075 -1 -2.666 -1 -2.67 -1 -3.026 -1 9
-2.848 -1 -2.566 -1 -2.952 -1 -3.194 -1 298
-3.073 -1 -2.678 -1 -2.926 -1 -3.256 -1 239
-3.091 -1 -2.726 -1 -3.08 -1 -3.286 -1 396
-3.183 -1 -2.794 -1 -3.02 -1 -3.318 -1 272
-3.169 -1 -2.806 -1 -2.946 -1 -3.168 -1 184
-3.057 -1 -2.694 -1 -3.034 -1 -3.314 -1 329
-3.174 -1 -2.77 -1 -3.07 -1 -3.26 -1 371
-3.165 -1 -2.844 -1 -3.11 -1 -3.272 -1 308
-3.191 -1 -2.818 -1 -2.986 -1 -3.21 -1 214
-3.098 -1 -2.742 -1 -2.914 -1 -3.226 -1 127
-3.07 -1 -2.748 -1 -3.004 -1 -3.27 -1 321
-3.137 -1 -2.766 -1 -2.854 -1 -3.142 -1 79
-2.998 -1 -2.668 -1 -2.954 -1 -3.224 -1 327
-3.089 -1 -2.692 -1 -2.928 -1 -3.216 -1 282
-3.072 -1 -2.74 -1 -2.88 -1 -3.154 -1 126
-3.017 -1 -2.7 -1 -2.964 -1 -3.186 -1 307
-3.075 -1 -2.692 -1 -3 -1 -3.278 -1 390
-3.139 -1 -2.8 -1 -2.904 -1 -3.182 -1 125
-3.043 -1 -2.694 -1 -2.694 -1 -3.11 -1 7
-2.902 -1 -2.556 -1 -2.614 -1 -3.038 -1 46
-2.826 -1 -2.5 -1 -2.914 -1 -3.206 -1 355
-3.06 -1 -2.67 -1 -3 -1 -3.28 -1 356
-3.14 -1 -2.782 -1 -3.034 -1 -3.326 -1 245
-3.18 -1 -2.866 -1 -2.962 -1 -3.18 -1 116
-3.071 -1 -2.694 -1 -2.964 -1 -3.23 -1 229
-3.097 -1 -2.766 -1 -2.946 -1 -3.236 -1 176
-3.091 -1 -2.674 -1 -2.706 -1 -3.09 -1 28
-2.898 -1 -2.578 -1 -2.874 -1 -3.182 -1 253
-3.028 -1 -2.61 -1 -2.8 -1 -3.202 -1 182
-3.001 -1 -2.666 -1 -3.016 -1 -3.302 -2 316
-3.159 -1 -2.826 -1 -3.052 -1 -3.278 -1 278
-3.165 -1 -2.786 -1 -3.012 -1 -3.282 -1 278
-3.147 -1 -2.816 -1 -2.932 -1 -3.262 -1 132
-3.097 -1 -2.7 -1 -2.7 -1 -3.032 -1 12
-2.866 -1 -2.546 -1 -2.888 -1 -3.234 -1 327
-3.061 -1 -2.708 -1 -2.796 -1 -3.058 -1 95
-2.927 -1 -2.558 -1 -2.588 -1 -2.998 -1 19
-2.793 -1 -2.48 -1 -2.69 -1 -3.044 -1 186
-2.867 -1 -2.486 -1 -2.696 -1 -3.028 -1 153
-2.862 -1 -2.494 -1 -2.816 -1 -3.126 -1 288
-2.971 -1 -2.638 -1 -2.728 -1 -3.158 -1 90
-2.943 -1 -2.62 -1 -2.896 -1 -3.164 -1 270
-3.03 -1 -2.656 -1 -3 -1 -3.308 -1 361
-3.154 -1 -2.768 -1 -2.994 -1 -3.214 -1 310
-3.104 -1 -2.742 -1 -2.838 -1 -3.084 -1 90
-2.961 -1 -2.62 -1 -2.944 -1 -3.208 -1 335
-3.076 -1 -2.708 -1 -2.716 -1 -3.052 -1 10
-2.884 -1 -2.572 -1 -2.676 -1 -3.028 -1 93
-2.852 -1 -2.53 -1 -2.738 -1 -3.124 -1 175
-2.931 -1 -2.59 -1 -2.598 -1 -2.988 -1 13
-2.793 -1 -2.496 -1 -2.56 -1 -2.89 -1 36
-2.725 -1 -2.452 -1 -2.478 -1 -2.898 -1 49
-2.688 -1 -2.414 -1 -2.818 -1 -3.16 -1 324
-2.989 -1 -2.614 -1 -2.618 -1 -3.04 -1 2
-2.829 -1 -2.522 -1 -2.822 -1 -3.124 -1 256
-2.973 -1 -2.584 -1 -2.708 -1 -3.042 -1 119
-2.875 -1 -2.572 -1 -2.802 -1 -3.068 -1 227
-2.935 -1 -2.572 -1 -2.576 -1 -3.01 -1 2
-2.793 -1 -2.47 -1 -2.864 -1 -3.108 -1 329
-2.986 -1 -2.648 -1 -2.762 -1 -3.082 -1 103
-2.922 -1 -2.57 -1 -2.88 -1 -3.176 -1 278
-3.028 -1 -2.69 -1 -2.936 -1 -3.178 -1 263
-3.057 -1 -2.674 -1 -2.862 -1 -3.206 -1 157
-3.034 -1 -2.71 -1 -3.042 -1 -3.308 -1 397
-3.175 -1 -2.766 -1 -3.054 -1 -3.264 -1 291
-3.159 -1 -2.814 -1 -3.016 -1 -3.278 -1 290
-3.147 -1 -2.732 -1 -2.96 -1 -3.26 -1 223
-3.11 -1 -2.75 -1 -2.92 -1 -3.214 -1 226
-3.067 -1 -2.726 -1 -2.974 -1 -3.284 -1 215
-3.129 -1 -2.762 -1 -3.052 -1 -3.328 -1 352
-3.19 -1 -2.818 -1 -3.13 -1 -3.314 -1 381
-3.222 -1 -2.834 -1 -2.972 -1 -3.252 -1 171
-3.112 -1 -2.768 -1 -3.012 -1 -3.244 -1 239
-3.128 -1 -2.758 -1 -3.034 -1 -3.264 -1 327
-3.149 -1 -2.78 -1 -3.072 -1 -3.216 -1 347
-3.144 -1 -2.74 -1 -3.046 -1 -3.268 -1 271
-3.157 -1 -2.776 -1 -2.982 -1 -3.182 -1 235
-3.082 -1 -2.704 -1 -2.818 -1 -3.172 -1 176
-2.995 -1 -2.668 -1 -2.736 -1 -3.084 -1 66
-2.91 -1 -2.576 -1 -2.784 -1 -3.194 -1 156
-2.989 -1 -2.644 -1 -2.89 -1 -3.166 -1 258
-3.028 -1 -2.626 -1 -2.822 -1 -3.138 -1 171
-2.98 -1 -2.64 -1 -2.946 -1 -3.256 -1 271
-3.101 -1 -2.704 -1 -3.082 -1 -3.276 -1 397
-3.179 -1 -2.83 -1 -2.974 -1 -3.254 -1 160
-3.114 -1 -2.754 -1 -3.04 -1 -3.3 -1 330
-3.17 -1 -2.798 -1 -3.054 -1 -3.3 -1 321
-3.177 -1 -2.8 -1 -2.882 -1 -3.186 -1 144
-3.034 -1 -2.686 -1 -2.686 -1 -3.004 -1 2
-2.845 -1 -2.538 -1 -2.626 -1 -2.996 -1 59
-2.811 -1 -2.51 -1 -2.856 -1 -3.136 -1 261
-2.996 -1 -2.652 -1 -3.002 -1 -3.198 -1 364
-3.1 -1 -2.698 -1 -2.81 -1 -3.184 -1 88
-2.997 -1 -2.67 -1 -2.89 -1 -3.196 -1 167
-3.043 -1 -2.68 -1 -2.936 -1 -3.236 -1 306
-3.086 -1 -2.698 -1 -2.708 -1 -3.104 -1 12
-2.906 -1 -2.608 -1 -2.704 -1 -3.076 -1 98
-2.89 -1 -2.594 -1 -2.634 -1 -3.022 -1 33
-2.828 -1 -2.54 -1 -2.894 -1 -3.216 -1 294
-3.055 -1 -2.686 -1 -2.934 -1 -3.192 -1 273
-3.063 -1 -2.738 -1 -2.778 -1 -3.07 -1 35
-2.924 -1 -2.562 -1 -2.636 -1 -3.102 -1 62
-2.869 -1 -2.552 -1 -2.896 -1 -3.148 -1 330
-3.022 -1 -2.692 -1 -2.73 -1 -3.054 -1 33
-2.892 -1 -2.584 -1 -2.742 -1 -2.996 -1 150
-2.869 -1 -2.524 -1 -2.72 -1 -3.078 -1 190
-2.899 -1 -2.554 -1 -2.62 -1 -3.014 -1 49
-2.817 -1 -2.472 -1 -2.908 -1 -3.13 -1 372
-3.019 -1 -2.65 -1 -2.954 -1 -3.166 -1 279
-3.06 -1 -2.72 -1 -2.748 -1 -3.122 -1 22
-2.935 -1 -2.586 -1 -2.894 -1 -3.248 -1 252
-3.071 -1 -2.684 -1 -2.998 -1 -3.228 -1 332
-3.113 -1 -2.758 -1 -3.066 -1 -3.316 -2 343
-3.191 -1 -2.866 -1 -2.918 -1 -3.244 -1 40
-3.081 -1 -2.744 -1 -2.87 -1 -3.224 -1 187
-3.047 -1 -2.738 -1 -3.106 -1 -3.286 -1 363
-3.196 -1 -2.804 -1 -2.828 -1 -3.164 -1 36
-2.996 -1 -2.678 -1 -2.73 -1 -3.094 -2 63
-2.912 -1 -2.624 -1 -2.842 -1 -3.104 -1 184
-2.973 -1 -2.642 -1 -2.864 -1 -3.206 -1 212
-3.035 -1 -2.65 -1 -2.802 -1 -3.052 -1 180
-2.927 -1 -2.59 -1 -2.838 -1 -3.106 -1 215
-2.972 -1 -2.636 -1 -2.754 -1 -3.08 -1 98
-2.917 -1 -2.572 -1 -2.738 -1 -3.122 -1 124
-2.93 -1 -2.588 -1 -2.812 -1 -3.16 -1 216
-2.986 -1 -2.63 -1 -2.642 -1 -3.032 -1 8
-2.837 -1 -2.476 -1 -2.84 -1 -3.13 -1 348
-2.985 -1 -2.55 -1 -2.564 -1 -2.964 -1 11
-2.764 -1 -2.428 -1 -2.706 -1 -3.052 -1 206
-2.879 -1 -2.514 -1 -2.858 -1 -3.12 -1 317
-2.989 -1 -2.58 -1 -2.62 -1 -3.004 -1 32
-2.812 -1 -2.49 -1 -2.704 -1 -3.078 -1 202
-2.891 -1 -2.536 -1 -2.914 -1 -3.21 -1 331
-3.062 -1 -2.73 -1 -3.038 -1 -3.256 -1 343
-3.147 -1 -2.766 -1 -3.17 -1 -3.356 -1 389
-3.263 -1 -2.834 -1 -3.118 -1 -3.288 -1 375
-3.203 -1 -2.808 -1 -2.988 -1 -3.232 -1 211
-3.11 -1 -2.762 -1 -2.924 -1 -3.16 -1 184
-3.042 -1 -2.676 -1 -2.75 -1 -3.148 -1 65
-2.949 -1 -2.602 -1 -2.734 -1 -3.16 -1 133
-2.947 -1 -2.618 -1 -2.67 -1 -3.054 -1 42
-2.862 -1 -2.52 -1 -2.612 -1 -3.024 -1 74
-2.818 -1 -2.488 -1 -2.53 -1 -2.972 -1 29
-2.751 -1 -2.452 -1 -2.636 -1 -3.086 -1 113
-2.861 -1 -2.54 -1 -2.936 -1 -3.164 -1 343
-3.05 -1 -2.678 -1 -2.7 -1 -2.99 -1 39
-2.845 -1 -2.532 -1 -2.632 -1 -3.002 -1 81
-2.817 -1 -2.44 -1 -2.664 -1 -3.004 -1 194
-2.834 -1 -2.508 -1 -2.594 -1 -3 -1 88
-2.797 -1 -2.474 -1 -2.772 -1 -3.128 -1 222
-2.95 -1 -2.594 -1 -2.68 -1 -3.004 -1 72
-2.842 -1 -2.526 -1 -2.534 -1 -2.934 -1 11
-2.734 -1 -2.432 -1 -2.438 -1 -2.818 -1 4
-2.628 -1 -2.332 -1 -2.718 -1 -3.008 -1 259
-2.863 -1 -2.502 -1 -2.7 -1 -3.084 -1 167
-2.892 -1 -2.572 -1 -2.778 -1 -3.08 -1 176
-2.929 -1 -2.574 -1 -2.78 -1 -3.142 -1 161
-2.961 -1 -2.608 -1 -2.808 -1 -3.126 -1 179
-2.967 -1 -2.616 -1 -2.906 -1 -3.188 -1 273
-3.047 -1 -2.702 -1 -3.026 -1 -3.27 -1 320
-3.148 -1 -2.776 -1 -2.924 -1 -3.186 -1 173
-3.055 -1 -2.664 -1 -2.844 -1 -3.102 -1 167
-2.973 -1 -2.606 -1 -2.92 -1 -3.272 -1 255
-3.096 -1 -2.754 -1 -2.834 -1 -3.112 -1 50
-2.973 -1 -2.61 -1 -2.956 -1 -3.19 -1 356
-3.073 -1 -2.662 -1 -3.052 -1 -3.286 -1 347
-3.169 -1 -2.74 -1 -2.938 -1 -3.182 -1 182
-3.06 -1 -2.708 -1 -2.708 -1 -3.072 -1 9
-2.89 -1 -2.536 -1 -2.634 -1 -3.002 -1 102
-2.818 -1 -2.506 -1 -2.752 -1 -3.12 -1 184
-2.936 -1 -2.584 -1 -2.938 -1 -3.196 -1 304
-3.067 -1 -2.678 -1 -2.914 -1 -3.188 -1 288
-3.051 -1 -2.65 -1 -2.912 -1 -3.174 -1 231
-3.043 -1 -2.722 -1 -2.928 -1 -3.204 -1 264
-3.066 -1 -2.666 -1 -2.948 -1 -3.268 -1 308
-3.108 -1 -2.736 -1 -2.894 -1 -3.174 -1 160
-3.034 -1 -2.706 -1 -2.998 -1 -3.266 -1 277
-3.132 -1 -2.756 -1 -3.028 -1 -3.25 -1 262
-3.139 -1 -2.758 -1 -2.966 -1 -3.296 -1 214
-3.131 -1 -2.772 -1 -2.972 -1 -3.254 -1 231
-3.113 -1 -2.788 -1 -3.014 -1 -3.292 -1 257
-3.153 -1 -2.79 -1 -2.866 -1 -3.208 -1 57
-3.037 -1 -2.708 -1 -3.016 -1 -3.272 -1 298
-3.144 -1 -2.822 -1 -2.96 -1 -3.222 -1 90
-3.091 -1 -2.692 -1 -2.822 -1 -3.088 -1 135
-2.955 -1 -2.646 -1 -2.802 -1 -3.164 -1 90
-2.983 -1 -2.682 -1 -2.888 -1 -3.222 -1 286
-3.055 -1 -2.684 -1 -2.984 -1 -3.25 -1 302
-3.117 -1 -2.766 -1 -2.818 -1 -3.152 -1 90
-2.985 -1 -2.648 -1 -2.794 -1 -3.116 -1 135
-2.955 -1 -2.582 -1 -2.936 -1 -3.262 -1 294
-3.099 -1 -2.732 -1 -2.956 -1 -3.202 -1 215
-3.079 -1 -2.726 -1 -2.896 -1 -3.184 -1 155
-3.04 -1 -2.71 -1 -2.968 -1 -3.218 -1 261
-3.093 -1 -2.714 -1 -2.966 -1 -3.208 -1 227
-3.087 -1 -2.726 -1 -2.804 -1 -3.12 -1 77
-2.962 -1 -2.608 -1 -2.614 -1 -3.07 -1 8
-2.842 -1 -2.55 -1 -2.65 -1 -3.012 -1 98
-2.831 -1 -2.482 -1 -2.812 -1 -3.168 -1 308
-2.99 -1 -2.692 -1 -2.812 -1 -3.108 -1 119
-2.96 -1 -2.616 -1 -2.902 -1 -3.186 -1 279
-3.044 -1 -2.662 -1 -2.724 -1 -3.044 -1 35
-2.884 -1 -2.58 -1 -2.616 -1 -3.036 -1 34
-2.826 -1 -2.544 -1 -2.728 -1 -3.066 -1 145
-2.897 -1 -2.548 -1 -2.866 -1 -3.198 -1 319
-3.032 -1 -2.652 -1 -2.78 -1 -3.178 -1 104
-2.979 -1 -2.646 -1 -2.974 -1 -3.28 -1 316
-3.127 -1 -2.758 -1 -2.96 -1 -3.202 -2 230
-3.081 -1 -2.73 -1 -2.942 -1 -3.164 -1 213
-3.053 -1 -2.704 -1 -2.77 -1 -3.142 -1 68
-2.956 -1 -2.62 -1 -2.816 -1 -3.156 -1 193
-2.986 -1 -2.63 -1 -2.838 -1 -3.16 -1 231
-2.999 -1 -2.604 -1 -2.992 -1 -3.264 -1 376
-3.128 -1 -2.734 -1 -2.818 -1 -3.124 -1 73
-2.971 -1 -2.644 -1 -2.762 -1 -3.116 -1 96
-2.939 -1 -2.574 -1 -2.688 -1 -3.044 -1 84
-2.866 -1 -2.474 -1 -2.67 -1 -3.078 -1 153
-2.874 -1 -2.524 -1 -2.71 -1 -3.01 -1 155
-2.86 -1 -2.534 -1 -2.662 -1 -3.056 -1 110
-2.859 -1 -2.558 -1 -2.62 -1 -2.924 -1 58
-2.772 -1 -2.478 -1 -2.754 -1 -3.044 -1 260
-2.899 -1 -2.554 -1 -2.968 -1 -3.216 -1 369
-3.092 -1 -2.702 -1 -2.95 -1 -3.246 -1 326
-3.098 -1 -2.722 -1 -3.11 -1 -3.278 -1 380
-3.194 -1 -2.816 -1 -2.832 -1 -3.154 -1 13
-2.993 -1 -2.648 -1 -2.788 -1 -3.094 -1 88
-2.941 -1 -2.606 -1 -2.892 -1 -3.22 -1 286
-3.056 -1 -2.69 -1 -2.95 -1 -3.226 -1 299
-3.088 -1 -2.748 -1 -3.02 -1 -3.256 -1 256
-3.138 -1 -2.742 -1 -2.838 -1 -3.198 -1 115
-3.018 -1 -2.648 -1 -2.722 -1 -3.038 -1 47
-2.88 -1 -2.562 -1 -2.834 -1 -3.196 -1 288
-3.015 -1 -2.614 -1 -2.834 -1 -3.146 -1 224
-2.99 -1 -2.66 -1 -2.698 -1 -3.074 -1 36
-2.886 -1 -2.594 -1 -2.918 -1 -3.212 -1 314
-3.065 -1 -2.706 -1 -2.82 -1 -3.138 -1 107
-2.979 -1 -2.62 -1 -2.836 -1 -3.138 -1 194
-2.987 -1 -2.648 -1 -2.992 -1 -3.24 -1 362
-3.116 -1 -2.74 -1 -2.87 -1 -3.238 -1 156
-3.054 -1 -2.706 -1 -2.974 -1 -3.258 -1 293
-3.116 -1 -2.764 -1 -2.888 -1 -3.152 -1 92
-3.02 -1 -2.648 -1 -2.698 -1 -3.082 -1 32
-2.89 -1 -2.536 -1 -2.78 -1 -3.12 -1 232
-2.95 -1 -2.598 -1 -2.832 -1 -3.098 -1 235
-2.965 -1 -2.616 -1 -2.918 -1 -3.224 -1 280
-3.071 -1 -2.706 -1 -2.956 -1 -3.172 -1 229
-3.064 -1 -2.678 -1 -2.68 -1 -3.024 -1 22
-2.852 -1 -2.542 -1 -2.886 -1 -3.152 -1 284
-3.019 -1 -2.674 -1 -2.856 -1 -3.192 -1 148
-3.024 -1 -2.684 -1 -2.79 -1 -3.142 -1 109
-2.966 -1 -2.64 -1 -2.642 -1 -3.04 -1 5
-2.841 -1 -2.534 -1 -2.892 -1 -3.15 -1 311
-3.021 -1 -2.632 -1 -2.796 -1 -3.156 0 146
