9 1000 0.9 4 251 0 0 0 0
-3.634 -1 -3.234 -1 -3.258 -1 -3.466 -1 60
-3.362 -1 -3.02 -1 -3.226 -1 -3.444 -1 285
-3.335 -1 -2.968 -1 -3.026 -1 -3.286 -1 135
-3.156 -1 -2.826 -1 -2.864 -1 -3.212 -1 27
-3.038 -1 -2.718 -1 -3.024 -1 -3.328 -1 355
-3.176 -1 -2.798 -1 -3.076 -1 -3.354 -1 300
-3.215 -1 -2.838 -1 -3.072 -1 -3.304 -1 261
-3.188 -1 -2.822 -1 -2.974 -1 -3.202 -1 159
-3.088 -1 -2.736 -1 -3.024 -1 -3.274 -1 238
-3.149 -1 -2.806 -1 -2.922 -1 -3.186 -1 125
-3.054 -1 -2.692 -1 -3.012 -1 -3.234 -1 320
-3.123 -1 -2.756 -1 -3.134 -1 -3.33 -1 444
-3.232 -1 -2.91 -1 -3.03 -1 -3.294 -1 159
-3.162 -1 -2.78 -1 -3.042 -1 -3.258 -1 255
-3.15 -1 -2.758 -1 -2.94 -1 -3.192 -1 298
-3.066 -1 -2.71 -1 -2.906 -1 -3.16 -1 237
-3.033 -1 -2.65 -1 -2.906 -1 -3.176 -1 245
-3.041 -1 -2.688 -1 -2.77 -1 -3.122 -1 99
-2.946 -1 -2.622 -1 -2.866 -1 -3.19 -1 246
-3.028 -1 -2.66 -1 -2.998 -1 -3.252 -1 326
-3.125 -1 -2.796 -1 -2.804 -1 -3.132 -1 30
-2.968 -1 -2.67 -1 -2.806 -1 -3.142 -1 134
-2.974 -1 -2.602 -1 -2.796 -1 -3.224 -1 198
-3.01 -1 -2.688 -1 -2.852 -1 -3.184 -1 189
-3.018 -1 -2.702 -1 -3.056 -1 -3.306 -1 424
-3.181 -1 -2.806 -1 -3.18 -1 -3.364 -1 435
-3.272 -1 -2.872 -1 -3.008 -1 -3.304 -1 158
-3.156 -1 -2.748 -1 -2.844 -1 -3.182 -1 89
-3.013 -1 -2.654 -1 -3.022 -1 -3.268 -1 329
-3.145 -1 -2.794 -1 -2.904 -1 -3.142 -1 112
-3.023 -1 -2.654 -1 -2.956 -1 -3.166 -1 339
-3.061 -1 -2.714 -1 -3.082 -1 -3.326 -1 355
-3.204 -1 -2.832 -1 -2.878 -1 -3.238 -1 67
-3.058 -1 -2.726 -1 -2.738 -1 -3.044 -1 12
-2.891 -1 -2.586 -1 -2.74 -1 -3.168 -1 127
-2.954 -1 -2.616 -1 -2.962 -1 -3.234 -1 359
-3.098 -1 -2.764 -1 -3.068 -1 -3.366 -1 385
-3.217 -1 -2.872 -1 -2.892 -1 -3.216 -1 22
-3.054 -1 -2.71 -1 -2.836 -1 -3.116 -1 156
-2.976 -1 -2.652 -1 -2.992 -1 -3.26 -1 318
-3.126 -1 -2.76 -1 -3.024 -1 -3.246 -1 322
-3.135 -1 -2.748 -1 -2.988 -1 -3.266 -1 233
-3.127 -1 -2.77 -1 -2.936 -1 -3.212 -1 218
-3.074 -1 -2.706 -1 -2.916 -1 -3.256 -1 234
-3.086 -1 -2.74 -1 -3.128 -1 -3.328 -1 408
-3.228 -1 -2.826 -1 -3.104 -1 -3.348 -1 312
-3.226 -1 -2.852 -1 -2.914 -1 -3.214 -1 112
-3.064 -1 -2.712 -1 -2.924 -1 -3.146 -1 159
-3.035 -1 -2.686 -1 -2.824 -1 -3.098 -1 126
-2.961 -1 -2.632 -1 -2.978 -1 -3.212 -1 304
-3.095 -1 -2.72 -1 -3.062 -1 -3.322 -1 391
-3.192 -1 -2.788 -1 -3.076 -1 -3.362 -1 320
-3.219 -1 -2.866 -1 -2.868 -1 -3.254 -1 20
-3.061 -1 -2.754 -1 -3.132 -1 -3.31 -1 398
-3.221 -1 -2.882 -1 -2.898 -1 -3.24 -1 31
-3.069 -1 -2.738 -1 -3.114 -1 -3.334 -1 416
-3.224 -1 -2.854 -1 -3.124 -1 -3.224 -1 382
-3.174 -1 -2.796 -1 -2.862 -1 -3.178 -1 68
-3.02 -1 -2.756 -1 -2.884 -1 -3.18 -1 155
-3.032 -1 -2.696 -1 -3.122 -1 -3.236 -1 417
-3.179 -1 -2.81 -1 -2.838 -1 -3.164 -1 31
-3.001 -1 -2.656 -1 -2.896 -1 -3.172 -1 255
-3.034 -1 -2.686 -1 -2.896 -1 -3.152 -1 222
-3.024 -1 -2.718 -1 -3.04 -1 -3.266 -1 359
-3.153 -1 -2.762 -1 -2.856 -1 -3.144 -1 137
-3 -1 -2.67 -1 -2.692 -1 -3.122 -1 26
-2.907 -1 -2.552 -1 -2.64 -1 -3.068 -1 61
-2.854 -1 -2.508 -1 -2.794 -1 -3.154 -1 243
-2.974 -1 -2.592 -1 -2.752 -1 -3.116 -1 121
-2.934 -1 -2.574 -1 -2.738 -1 -3.136 -1 180
-2.937 -1 -2.604 -1 -2.844 -1 -3.154 -1 227
-2.999 -1 -2.638 -1 -2.886 -1 -3.166 -1 199
-3.026 -1 -2.664 -1 -2.992 -1 -3.302 -1 259
-3.147 -1 -2.788 -1 -3.01 -1 -3.28 -1 278
-3.145 -1 -2.788 -1 -2.988 -1 -3.154 -1 245
-3.071 -1 -2.714 -1 -3.028 -1 -3.284 -1 361
-3.156 -1 -2.778 -1 -2.972 -1 -3.292 -1 253
-3.132 -1 -2.826 -1 -2.86 -1 -3.16 -1 41
-3.01 -1 -2.67 -1 -2.798 -1 -3.208 -1 131
-3.003 -1 -2.698 -1 -3.004 -1 -3.276 -1 363
-3.14 -1 -2.776 -1 -2.964 -1 -3.256 -1 195
-3.11 -1 -2.74 -1 -2.828 -1 -3.2 -1 107
-3.014 -1 -2.676 -1 -2.862 -1 -3.172 -1 162
-3.017 -1 -2.69 -1 -3.018 -1 -3.258 -2 396
-3.138 -1 -2.786 -1 -2.984 -1 -3.176 -1 203
-3.08 -1 -2.698 -1 -3.038 -1 -3.256 -1 394
-3.147 -1 -2.77 -1 -3.09 -1 -3.354 -1 350
-3.222 -1 -2.836 -1 -3.15 -1 -3.43 -1 433
-3.29 -1 -2.89 -1 -3.054 -1 -3.26 -2 218
-3.157 -1 -2.774 -1 -3.196 -1 -3.382 -1 431
-3.289 -1 -2.904 -1 -3.136 -1 -3.374 -1 276
-3.255 -1 -2.846 -1 -3.042 -1 -3.272 -1 220
-3.157 -1 -2.82 -1 -2.82 -1 -3.23 -1 28
-3.025 -1 -2.66 -1 -2.92 -1 -3.29 -1 323
-3.105 -1 -2.746 -1 -2.996 -1 -3.266 -1 217
-3.131 -1 -2.796 -1 -3.176 -1 -3.37 -1 429
-3.273 -1 -2.874 -1 -2.948 -1 -3.286 -1 112
-3.117 -1 -2.772 -1 -2.776 -1 -3.188 -1 1
-2.982 -1 -2.668 -1 -2.726 -1 -3.134 -1 98
-2.93 -1 -2.606 -1 -2.744 -1 -3.146 -2 98
-2.945 -1 -2.622 -1 -2.8 -1 -3.11 -1 160
-2.955 -1 -2.602 -1 -2.87 -1 -3.15 -1 279
-3.01 -1 -2.622 -1 -2.898 -1 -3.204 -1 261
-3.051 -1 -2.696 -1 -2.872 -1 -3.226 -1 174
-3.049 -1 -2.714 -1 -2.876 -1 -3.142 -1 156
-3.009 -1 -2.656 -1 -3.052 -1 -3.29 -1 435
-3.171 -1 -2.792 -1 -2.904 -1 -3.254 -1 85
-3.079 -1 -2.716 -1 -2.868 -1 -3.112 -1 134
-2.99 -1 -2.664 -1 -2.958 -1 -3.256 -1 223
-3.107 -1 -2.764 -1 -3.07 -1 -3.344 -1 378
-3.207 -1 -2.882 -1 -3.164 -1 -3.36 -1 400
-3.262 -1 -2.914 -1 -3.044 -1 -3.262 -1 179
-3.153 -1 -2.808 -1 -2.932 -1 -3.214 -1 117
-3.073 -1 -2.748 -1 -3.006 -1 -3.228 -1 265
-3.117 -1 -2.786 -1 -2.93 -1 -3.166 -1 152
-3.048 -1 -2.652 -1 -2.78 -1 -3.144 -1 103
-2.962 -1 -2.64 -1 -3.066 -1 -3.236 -1 389
-3.151 -1 -2.75 -1 -2.938 -1 -3.244 -1 157
-3.091 -1 -2.702 -1 -2.8 -1 -3.126 -1 97
-2.963 -1 -2.638 -1 -3.052 -1 -3.28 -1 407
-3.166 -1 -2.838 -1 -2.982 -1 -3.282 -1 162
-3.132 -1 -2.738 -1 -2.836 -1 -3.168 -1 105
-3.002 -1 -2.63 -1 -2.92 -1 -3.272 -1 284
-3.096 -1 -2.734 -1 -3.04 -1 -3.284 -1 363
-3.162 -1 -2.788 -1 -3.074 -1 -3.34 -1 365
-3.207 -1 -2.802 -1 -3.156 -1 -3.36 -1 400
-3.258 -1 -2.918 -1 -3.026 -1 -3.23 -1 188
-3.128 -1 -2.794 -1 -3.022 -1 -3.272 -1 232
-3.147 -1 -2.77 -1 -3.094 -1 -3.332 -1 345
-3.213 -1 -2.844 -1 -2.902 -1 -3.206 -1 60
-3.054 -1 -2.71 -1 -2.976 -1 -3.232 -1 343
-3.104 -1 -2.754 -1 -2.78 -1 -3.152 -1 25
-2.966 -1 -2.59 -1 -2.644 -1 -3.084 -1 57
-2.864 -1 -2.548 -1 -2.608 -1 -3.04 -1 43
-2.824 -1 -2.528 -1 -2.78 -1 -3.188 -1 221
-2.984 -1 -2.624 -1 -2.966 -1 -3.272 -1 440
-3.119 -1 -2.738 -1 -2.876 -1 -3.142 -1 158
-3.009 -1 -2.672 -1 -2.738 -1 -3.072 -1 76
-2.905 -1 -2.542 -1 -2.744 -1 -3.09 -1 181
-2.917 -1 -2.594 -1 -2.728 -1 -3.076 -1 101
-2.902 -1 -2.56 -1 -2.84 -1 -3.182 -1 226
-3.011 -1 -2.626 -1 -2.998 -1 -3.226 -1 397
-3.112 -1 -2.73 -1 -2.808 -1 -3.098 -1 68
-2.953 -1 -2.598 -1 -2.716 -1 -3.104 -1 116
-2.91 -1 -2.58 -1 -2.954 -1 -3.244 -1 357
-3.099 -1 -2.682 -1 -2.88 -1 -3.134 -1 198
-3.007 -1 -2.652 -1 -3.014 -1 -3.268 -1 323
-3.141 -1 -2.758 -1 -3.048 -1 -3.27 -1 326
-3.159 -1 -2.788 -1 -3.092 -1 -3.314 -1 325
-3.203 -1 -2.8 -1 -3.022 -1 -3.31 -1 286
-3.166 -1 -2.782 -1 -3 -1 -3.232 -1 219
-3.116 -1 -2.738 -1 -3.084 -1 -3.248 -1 380
-3.166 -1 -2.76 -1 -2.996 -1 -3.286 -1 284
-3.141 -1 -2.76 -1 -2.984 -1 -3.232 -2 212
-3.108 -1 -2.754 -1 -3.088 -1 -3.304 -1 356
-3.196 -1 -2.858 -1 -2.98 -1 -3.25 -1 171
-3.115 -1 -2.754 -1 -2.856 -1 -3.17 -1 121
-3.013 -1 -2.654 -1 -2.846 -1 -3.188 -1 212
-3.017 -1 -2.652 -1 -2.924 -1 -3.204 -1 326
-3.064 -1 -2.702 -1 -2.918 -1 -3.232 -1 215
-3.075 -1 -2.736 -1 -2.978 -1 -3.226 -1 260
-3.102 -1 -2.702 -1 -2.806 -1 -3.134 -1 114
-2.97 -1 -2.608 -1 -2.838 -1 -3.148 -1 179
-2.993 -1 -2.59 -1 -2.834 -1 -3.156 -1 243
-2.995 -1 -2.61 -1 -2.826 -1 -3.124 -1 223
-2.975 -1 -2.622 -1 -2.77 -1 -3.084 -1 140
-2.927 -1 -2.546 -1 -2.644 -1 -2.974 -1 79
-2.809 -1 -2.464 -1 -2.714 -1 -3.08 -1 205
-2.897 -1 -2.542 -1 -2.742 -1 -3.178 -1 214
-2.96 -1 -2.63 -1 -2.774 -1 -3.11 -1 122
-2.942 -1 -2.606 -1 -2.772 -1 -3.136 -1 147
-2.954 -1 -2.606 -1 -2.942 -1 -3.202 -1 341
-3.072 -1 -2.71 -1 -2.864 -1 -3.106 -1 138
-2.985 -1 -2.61 -1 -3.01 -1 -3.246 -1 378
-3.128 -1 -2.768 -1 -3.058 -1 -3.292 -1 335
-3.175 -1 -2.776 -1 -2.896 -1 -3.198 -1 108
-3.047 -1 -2.74 -1 -3.11 -1 -3.318 -2 441
-3.214 -1 -2.838 -1 -2.9 -1 -3.166 -1 46
-3.033 -1 -2.684 -1 -3.044 -1 -3.256 -1 378
-3.15 -1 -2.814 -1 -2.848 -1 -3.082 -1 38
-2.965 -1 -2.654 -1 -2.976 -1 -3.218 -1 333
-3.097 -1 -2.724 -1 -3.126 -1 -3.344 -1 408
-3.235 -1 -2.824 -1 -2.942 -1 -3.232 -1 144
-3.087 -1 -2.724 -1 -3.002 -1 -3.254 -1 327
-3.128 -1 -2.73 -1 -2.818 -1 -3.158 -1 64
-2.988 -1 -2.644 -1 -3.056 -1 -3.258 -1 433
-3.157 -1 -2.774 -1 -3.06 -1 -3.294 -1 352
-3.177 -1 -2.822 -1 -3.184 -1 -3.452 -1 423
-3.318 -1 -2.992 -1 -3.244 -1 -3.37 -1 397
-3.307 -1 -2.902 -1 -3.15 -1 -3.45 -1 382
-3.3 -1 -2.946 -1 -3.196 -1 -3.316 -1 442
-3.256 -1 -2.904 -1 -3.208 -1 -3.344 -1 335
-3.276 -1 -2.942 -1 -3.012 -1 -3.178 -1 93
-3.095 -1 -2.736 -1 -3.008 -1 -3.278 -1 277
-3.143 -1 -2.826 -1 -3.026 -1 -3.296 -1 214
-3.161 -1 -2.778 -1 -2.848 -1 -3.222 -1 89
-3.035 -1 -2.74 -1 -2.984 -1 -3.28 -1 301
-3.132 -1 -2.764 -1 -2.998 -1 -3.282 -1 283
-3.14 -1 -2.754 -1 -2.928 -1 -3.268 -1 235
-3.098 -1 -2.732 -1 -3.004 -1 -3.266 -1 379
-3.135 -1 -2.772 -1 -2.768 -1 -3.112 -1 8
-2.94 -1 -2.582 -1 -2.958 -1 -3.194 -1 400
-3.076 -1 -2.726 -1 -2.746 -1 -3.07 -1 16
-2.908 -1 -2.588 -1 -2.888 -1 -3.224 -1 319
-3.056 -1 -2.694 -1 -3.004 -1 -3.248 -1 376
-3.126 -1 -2.718 -1 -3.038 -1 -3.272 -1 316
-3.155 -1 -2.748 -1 -2.924 -1 -3.28 -1 163
-3.102 -1 -2.722 -1 -2.776 -1 -3.078 -1 42
-2.927 -1 -2.606 -1 -2.97 -1 -3.314 -1 364
-3.142 -1 -2.772 -1 -2.874 -1 -3.18 -1 74
-3.027 -1 -2.692 -1 -2.97 -1 -3.196 -1 237
-3.083 -1 -2.7 -1 -2.926 -1 -3.178 -1 230
-3.052 -1 -2.67 -1 -3.036 -1 -3.266 -1 370
-3.151 -1 -2.78 -1 -2.974 -1 -3.2 -2 241
-3.087 -1 -2.746 -1 -3.004 -1 -3.242 -1 261
-3.123 -1 -2.764 -1 -2.794 -1 -3.146 -1 42
-2.97 -1 -2.634 -1 -3.042 -1 -3.238 -1 406
-3.14 -1 -2.772 -1 -2.778 -1 -3.178 -1 21
-2.978 -1 -2.652 -1 -2.938 -1 -3.204 -1 225
-3.071 -1 -2.718 -1 -2.852 -1 -3.172 -1 122
-3.012 -1 -2.62 -1 -2.784 -1 -3.088 -1 131
-2.936 -1 -2.624 -1 -2.706 -1 -3.064 -1 60
-2.885 -1 -2.548 -1 -2.566 -1 -2.986 -1 8
-2.776 -1 -2.498 -1 -2.932 -1 -3.202 -1 399
-3.067 -1 -2.694 -1 -2.83 -1 -3.134 -1 76
-2.982 -1 -2.636 -1 -2.866 -1 -3.162 -1 203
-3.014 -1 -2.69 -1 -2.766 -1 -3.186 -1 101
-2.976 -1 -2.636 -1 -2.826 -1 -3.126 -1 170
-2.976 -1 -2.636 -1 -2.876 -1 -3.156 -1 224
-3.016 -1 -2.666 -1 -2.836 -1 -3.156 -1 142
-2.996 -1 -2.652 -1 -2.71 -1 -3.052 -1 77
-2.881 -1 -2.552 -1 -3.004 -1 -3.29 -1 446
-3.147 -1 -2.74 -1 -2.83 -1 -3.138 -1 88
-2.984 -1 -2.598 -1 -2.73 -1 -3.102 -1 134
-2.916 -1 -2.632 -1 -3.014 -1 -3.354 -1 436
-3.184 -1 -2.784 -1 -2.94 -1 -3.222 -1 176
-3.081 -1 -2.726 -1 -3.082 -1 -3.276 -1 380
-3.179 -1 -2.756 -1 -2.884 -1 -3.182 -1 236
-3.033 -1 -2.692 -1 -3.038 -1 -3.23 -1 350
-3.134 -1 -2.784 -1 -3.046 -1 -3.362 -1 386
-3.204 -1 -2.83 -1 -3.116 -1 -3.306 -1 415
-3.211 -1 -2.842 -1 -2.95 -1 -3.26 -1 127
-3.105 -1 -2.746 -1 -2.912 -1 -3.204 -1 138
-3.058 -1 -2.716 -1 -2.996 -1 -3.216 -1 269
-3.106 -1 -2.716 -1 -2.834 -1 -3.186 -1 136
-3.01 -1 -2.658 -1 -2.91 -1 -3.252 -1 239
-3.081 -1 -2.72 -1 -3.13 -1 -3.318 -1 441
-3.224 -1 -2.812 -1 -3.074 -1 -3.26 -1 328
-3.167 -1 -2.832 -1 -3.112 -1 -3.388 -2 388
-3.25 -1 -2.866 -1 -3.036 -1 -3.268 -1 202
-3.152 -1 -2.814 -1 -3.01 -1 -3.29 0 238
