9 1000 0.4 9 22 0 0 0 0
-3.619 -1 -3.104 -1 -3.17 -1 -3.398 -2 96
-3.284 -1 -2.842 -1 -2.86 -1 -3.22 -1 72
-3.04 -1 -2.634 -1 -2.692 -1 -3.146 -1 39
-2.919 -1 -2.508 -1 -2.65 -1 -3.13 -1 109
-2.89 -1 -2.488 -1 -2.6 -1 -3.02 -1 110
-2.81 -1 -2.434 -1 -2.452 -1 -3.02 -1 23
-2.736 -1 -2.36 -1 -2.452 -1 -2.936 -1 68
-2.694 -1 -2.328 -1 -2.554 -1 -2.948 -1 145
-2.751 -1 -2.354 -1 -2.454 -1 -2.958 -1 63
-2.706 -1 -2.344 -1 -2.596 -1 -2.986 -1 156
-2.791 -1 -2.344 -1 -2.436 -1 -2.948 -1 65
-2.692 -1 -2.304 -1 -2.568 -1 -3.022 -1 155
-2.795 -1 -2.352 -1 -2.466 -1 -2.926 -1 77
-2.696 -1 -2.312 -1 -2.412 -1 -2.856 -1 66
-2.634 -1 -2.228 -1 -2.458 -1 -2.9 -1 173
-2.679 -1 -2.248 -1 -2.3 -1 -2.884 -1 44
-2.592 -1 -2.23 -1 -2.468 -1 -2.914 -1 150
-2.691 -1 -2.294 -1 -2.454 -1 -2.914 -1 125
-2.684 -1 -2.27 -1 -2.35 -1 -2.782 -1 42
-2.566 -1 -2.182 -1 -2.212 -1 -2.796 -1 22
-2.504 -1 -2.19 -1 -2.398 -1 -2.924 -1 141
-2.661 -1 -2.264 -1 -2.476 -1 -2.928 0 128
