9 1000 0.3 8 60 0 0 0 0
-3.605 -1 -3.132 -1 -3.176 -1 -3.466 -2 88
-3.321 -1 -2.852 -1 -2.912 -1 -3.202 -1 71
-3.057 -1 -2.65 -1 -2.678 -1 -3.15 -1 28
-2.914 -1 -2.538 -1 -2.65 -1 -2.992 -1 69
-2.821 -1 -2.468 -1 -2.584 -1 -3.03 -1 68
-2.807 -1 -2.448 -1 -2.534 -1 -3.074 -1 62
-2.804 -1 -2.472 -1 -2.558 -1 -2.958 -1 76
-2.758 -1 -2.38 -1 -2.472 -1 -2.914 -1 63
-2.693 -1 -2.31 -1 -2.316 -1 -2.808 -1 6
-2.562 -1 -2.246 -1 -2.338 -1 -2.876 -1 63
-2.607 -1 -2.276 -1 -2.324 -1 -2.792 -1 22
-2.558 -1 -2.24 -1 -2.42 -1 -2.928 -1 111
-2.674 -1 -2.278 -1 -2.466 -1 -2.952 -1 118
-2.709 -1 -2.304 -1 -2.538 -1 -2.91 -1 134
-2.724 -1 -2.346 -1 -2.396 -1 -2.958 -1 26
-2.677 -1 -2.326 -1 -2.384 -1 -2.94 -1 37
-2.662 -1 -2.298 -1 -2.394 -1 -2.798 -1 72
-2.596 -1 -2.242 -1 -2.338 -1 -2.826 -1 49
-2.582 -1 -2.232 -1 -2.308 -1 -2.834 -1 54
-2.571 -1 -2.254 -1 -2.442 -1 -2.918 -1 99
-2.68 -1 -2.276 -1 -2.482 -1 -2.942 -1 120
-2.712 -1 -2.312 -1 -2.394 -1 -2.856 -1 42
-2.625 -1 -2.262 -1 -2.422 -1 -2.924 -1 125
-2.673 -1 -2.298 -1 -2.306 -1 -2.842 -1 4
-2.574 -1 -2.242 -1 -2.338 -1 -2.802 -1 58
-2.57 -1 -2.208 -1 -2.31 -1 -2.786 -1 47
-2.548 -1 -2.21 -1 -2.21 -1 -2.658 -1 2
-2.434 -1 -2.108 -1 -2.336 -1 -2.762 -1 133
-2.549 -1 -2.148 -1 -2.366 -1 -2.836 -1 146
-2.601 -1 -2.22 -1 -2.396 -1 -2.85 -1 104
-2.623 -1 -2.218 -1 -2.332 -1 -2.804 -1 75
-2.568 -1 -2.178 -1 -2.282 -1 -2.742 -1 53
-2.512 -1 -2.154 -1 -2.316 -1 -2.788 -1 105
-2.552 -1 -2.192 -1 -2.268 -1 -2.736 -1 58
-2.502 -1 -2.148 -1 -2.374 -1 -2.794 -1 137
-2.584 -1 -2.188 -1 -2.23 -1 -2.69 -1 25
-2.46 -1 -2.082 -1 -2.148 -1 -2.73 -1 32
-2.439 -1 -2.112 -1 -2.122 -1 -2.6 -1 5
-2.361 -1 -2.03 -1 -2.238 -1 -2.666 -1 127
-2.452 -1 -2.05 -1 -2.328 -1 -2.802 -1 136
-2.565 -1 -2.14 -1 -2.24 -1 -2.712 -1 63
-2.476 -1 -2.104 -1 -2.18 -1 -2.642 -1 33
-2.411 -1 -2.052 -1 -2.298 -1 -2.784 -1 134
-2.541 -1 -2.09 -1 -2.146 -1 -2.626 -1 29
-2.386 -1 -2.05 -1 -2.052 -1 -2.616 -1 3
-2.334 -1 -2.002 -1 -2.086 -1 -2.594 -1 43
-2.34 -1 -1.984 -1 -2.078 -1 -2.658 -1 49
-2.368 -1 -2.026 -1 -2.154 -1 -2.67 -1 74
-2.412 -1 -2.046 -1 -2.086 -1 -2.586 -1 21
-2.336 -1 -2.008 -1 -2.17 -1 -2.646 -1 93
-2.408 -1 -2.038 -1 -2.054 -1 -2.602 -1 6
-2.328 -1 -2 -1 -2.162 -1 -2.594 -1 86
-2.378 -1 -1.988 -1 -2.23 -1 -2.698 -1 146
-2.464 -1 -2.05 -1 -2.286 -1 -2.716 -1 141
-2.501 -1 -2.134 -1 -2.208 -1 -2.654 -1 38
-2.431 -1 -2.028 -1 -2.136 -1 -2.7 -1 43
-2.418 -1 -2.046 -1 -2.214 -1 -2.65 -1 97
-2.432 -1 -2.038 -1 -2.292 -1 -2.784 -1 130
-2.538 -1 -2.098 -1 -2.204 -1 -2.652 -1 75
-2.428 -1 -2.086 -1 -2.228 -1 -2.654 0 89
