8 1000 0.7 3 12 0 0 0 0
-3.42 -1 -3.128 -1 -3.134 -1 -3.268 -1 33
-3.201 -1 -2.922 -1 -3.048 -1 -3.182 -1 242
-3.115 -1 -2.81 -1 -2.962 -1 -3.164 -1 266
-3.063 -1 -2.748 -1 -2.892 -1 -3.188 -1 176
-3.04 -1 -2.74 -1 -2.938 -1 -3.158 -1 267
-3.048 -1 -2.796 -1 -2.806 -1 -3.11 -1 20
-2.958 -1 -2.672 -1 -2.734 -1 -3.058 -1 100
-2.896 -1 -2.588 -1 -2.714 -1 -3.02 -1 136
-2.867 -1 -2.582 -1 -2.754 -1 -3.066 -1 180
-2.91 -1 -2.62 -1 -2.724 -1 -3.084 -1 102
-2.904 -1 -2.614 -1 -2.812 -1 -3.1 -1 205
-2.956 -1 -2.66 -1 -2.914 -1 -3.138 0 281
