9 1000 0.6 2 74 0 0 0 0
-3.631 -1 -3.388 -1 -3.44 -2 -3.554 -1 178
-3.497 -1 -3.202 -1 -3.28 -1 -3.432 -1 217
-3.356 -1 -3.104 -1 -3.172 -1 -3.406 -1 189
-3.289 -1 -3.086 -1 -3.128 -1 -3.33 -1 54
-3.229 -1 -2.998 -1 -3.204 -1 -3.32 -1 256
-3.262 -1 -3.02 -1 -3.078 -1 -3.268 -1 119
-3.173 -1 -2.956 -1 -2.974 -1 -3.26 -1 16
-3.117 -1 -2.882 -1 -2.934 -1 -3.18 -1 92
-3.057 -1 -2.866 -1 -3.028 -1 -3.312 -1 172
-3.17 -1 -2.946 -1 -3.082 -1 -3.31 -1 245
-3.196 -1 -2.944 -1 -3.172 -1 -3.368 -1 291
-3.27 -1 -3.008 -1 -3.176 -1 -3.38 -1 286
-3.278 -1 -3.02 -1 -3.142 -1 -3.338 -1 111
-3.24 -1 -3.024 -1 -3.064 -1 -3.286 -1 58
-3.175 -1 -2.914 -1 -3.106 -1 -3.27 -1 202
-3.188 -1 -2.908 -1 -2.978 -1 -3.202 -1 62
-3.09 -1 -2.886 -1 -3.04 -1 -3.268 -1 191
-3.154 -1 -2.926 -1 -3.032 -1 -3.14 -1 130
-3.086 -1 -2.868 -1 -3.066 -1 -3.314 -1 272
-3.19 -1 -2.956 -1 -3.138 -1 -3.322 -1 237
-3.23 -1 -2.962 -1 -3.186 -1 -3.384 -1 286
-3.285 -1 -3.062 -1 -3.268 -1 -3.462 -1 296
-3.365 -1 -3.104 -1 -3.182 -1 -3.36 -1 96
-3.271 -1 -3.074 -1 -3.188 -1 -3.352 -1 152
-3.27 -1 -3.044 -1 -3.062 -1 -3.28 -1 12
-3.171 -1 -2.926 -1 -2.94 -1 -3.208 -1 19
-3.074 -1 -2.8 -1 -3.012 -1 -3.272 -1 292
-3.142 -1 -2.894 -1 -2.942 -1 -3.212 -1 61
-3.077 -1 -2.84 -1 -2.9 -1 -3.198 -1 82
-3.049 -1 -2.83 -1 -2.978 -1 -3.208 -1 167
-3.093 -1 -2.846 -1 -3.016 -1 -3.254 -1 204
-3.135 -1 -2.884 -1 -2.918 -1 -3.272 -1 59
-3.095 -1 -2.87 -1 -3.02 -1 -3.274 -1 211
-3.147 -1 -2.898 -1 -2.892 -1 -3.204 -1 7
-3.048 -1 -2.806 -1 -2.826 -1 -3.21 -1 21
-3.018 -1 -2.774 -1 -2.928 -1 -3.178 -1 170
-3.053 -1 -2.84 -1 -2.952 -1 -3.226 -1 162
-3.089 -1 -2.866 -1 -3.056 -1 -3.286 -1 186
-3.171 -1 -2.932 -1 -2.998 -1 -3.222 -1 52
-3.11 -1 -2.88 -1 -3.106 -1 -3.246 -1 281
-3.176 -1 -2.906 -1 -2.938 -1 -3.18 -1 35
-3.059 -1 -2.85 -1 -2.996 -1 -3.246 -1 154
-3.121 -1 -2.88 -1 -2.92 -1 -3.184 -1 46
-3.052 -1 -2.8 -1 -2.858 -1 -3.16 -1 90
-3.009 -1 -2.798 -1 -2.928 -1 -3.148 -1 119
-3.038 -1 -2.766 -1 -2.824 -1 -3.036 -1 51
-2.93 -1 -2.698 -1 -2.742 -1 -3.076 -1 51
-2.909 -1 -2.71 -1 -2.894 -1 -3.196 -1 218
-3.045 -1 -2.844 -1 -2.856 -1 -3.074 -1 16
-2.965 -1 -2.726 -1 -2.738 -1 -3.068 -1 11
-2.903 -1 -2.688 -1 -2.87 -1 -3.232 -1 174
-3.051 -1 -2.81 -1 -2.88 -1 -3.144 -1 91
-3.012 -1 -2.752 -1 -2.756 -1 -3.11 -1 12
-2.933 -1 -2.732 -1 -2.782 -1 -3.114 -1 46
-2.948 -1 -2.678 -1 -2.838 -1 -3.11 -1 174
-2.974 -1 -2.782 -1 -2.94 -1 -3.166 -1 156
-3.053 -1 -2.788 -1 -2.878 -1 -3.13 -1 84
-3.004 -1 -2.754 -1 -2.84 -1 -3.164 -1 87
-3.002 -1 -2.764 -1 -2.902 -1 -3.178 -1 136
-3.04 -1 -2.796 -1 -2.996 -1 -3.234 -1 255
-3.115 -1 -2.888 -1 -3.038 -1 -3.28 -1 215
-3.159 -1 -2.89 -1 -2.994 -1 -3.268 -1 98
-3.131 -1 -2.918 -1 -2.942 -1 -3.114 -1 22
-3.028 -1 -2.782 -1 -2.95 -1 -3.182 -1 214
-3.066 -1 -2.792 -1 -3.022 -1 -3.246 -1 282
-3.134 -1 -2.924 -1 -3.114 -1 -3.346 -1 220
-3.23 -1 -2.988 -1 -3.184 -1 -3.334 -1 295
-3.259 -1 -3 -1 -3.002 -1 -3.232 -1 16
-3.117 -1 -2.872 -1 -2.904 -1 -3.192 -1 52
-3.048 -1 -2.82 -1 -2.934 -1 -3.182 -1 114
-3.058 -1 -2.808 -1 -3.012 -1 -3.294 -1 269
-3.153 -1 -2.934 -1 -3.144 -1 -3.288 -1 258
-3.216 -1 -2.94 -1 -2.976 -1 -3.152 -1 65
-3.064 -1 -2.86 -1 -2.856 -1 -3.242 0 20
