9 1000 0.3 4 80 0 0 0 0
-3.646 -1 -3.264 -1 -3.264 -1 -3.394 -1 8
-3.329 -1 -2.954 -1 -3.052 -1 -3.34 -2 123
-3.196 -1 -2.9 -1 -3.016 -1 -3.29 -1 124
-3.153 -1 -2.808 -1 -2.924 -1 -3.246 -1 100
-3.085 -1 -2.754 -1 -2.764 -1 -3.146 -1 6
-2.955 -1 -2.648 -1 -2.81 -1 -3.158 -1 142
-2.984 -1 -2.636 -1 -2.694 -1 -3.118 -1 55
-2.906 -1 -2.56 -1 -2.706 -1 -3.128 -1 139
-2.917 -1 -2.638 -1 -2.756 -1 -3.092 -1 115
-2.924 -1 -2.626 -1 -2.788 -1 -3.122 -1 146
-2.955 -1 -2.566 -1 -2.722 -1 -3.108 -1 140
-2.915 -1 -2.528 -1 -2.646 -1 -3.05 -1 97
-2.848 -1 -2.516 -1 -2.56 -1 -2.944 -1 32
-2.752 -1 -2.422 -1 -2.63 -1 -3.022 -1 133
-2.826 -1 -2.444 -1 -2.48 -1 -3.014 -1 36
-2.747 -1 -2.426 -1 -2.426 -1 -2.912 -1 1
-2.669 -1 -2.36 -1 -2.416 -1 -2.926 -1 39
-2.671 -1 -2.372 -1 -2.5 -1 -2.954 -1 82
-2.727 -1 -2.352 -1 -2.384 -1 -2.91 -1 12
-2.647 -1 -2.294 -1 -2.472 -1 -2.926 -1 127
-2.699 -1 -2.362 -1 -2.378 -1 -2.88 -1 18
-2.629 -1 -2.35 -1 -2.474 -1 -2.854 -1 79
-2.664 -1 -2.322 -1 -2.376 -1 -2.884 -1 45
-2.63 -1 -2.298 -1 -2.4 -1 -2.892 -1 61
-2.646 -1 -2.31 -1 -2.502 -1 -2.916 -1 124
-2.709 -1 -2.388 -1 -2.428 -1 -2.876 -1 34
-2.652 -1 -2.298 -1 -2.396 -1 -2.802 -1 56
-2.599 -1 -2.308 -1 -2.502 -1 -2.908 -1 134
-2.705 -1 -2.37 -1 -2.486 -1 -2.902 -1 82
-2.694 -1 -2.372 -1 -2.46 -1 -2.914 -1 67
-2.687 -1 -2.364 -1 -2.522 -1 -2.886 -1 100
-2.704 -1 -2.34 -1 -2.452 -1 -2.846 -1 62
-2.649 -1 -2.35 -1 -2.516 -1 -2.912 -1 115
-2.714 -1 -2.386 -1 -2.482 -1 -2.818 -1 78
-2.65 -1 -2.322 -1 -2.382 -1 -2.796 -1 35
-2.589 -1 -2.272 -1 -2.352 -1 -2.82 -1 48
-2.586 -1 -2.248 -1 -2.422 -1 -2.808 -1 110
-2.615 -1 -2.292 -1 -2.414 -1 -2.804 -1 84
-2.609 -1 -2.318 -1 -2.348 -1 -2.758 -1 44
-2.553 -1 -2.228 -1 -2.4 -1 -2.828 -1 123
-2.614 -1 -2.276 -1 -2.482 -1 -2.796 -1 128
-2.639 -1 -2.288 -1 -2.472 -1 -2.858 -1 117
-2.665 -1 -2.312 -1 -2.434 -1 -2.734 -1 78
-2.584 -1 -2.246 -1 -2.398 -1 -2.768 -1 107
-2.583 -1 -2.264 -1 -2.462 -1 -2.802 -1 138
-2.632 -1 -2.276 -1 -2.506 -1 -2.776 -1 147
-2.641 -1 -2.286 -1 -2.422 -1 -2.778 -1 92
-2.6 -1 -2.258 -1 -2.484 -1 -2.796 -1 139
-2.64 -1 -2.25 -1 -2.372 -1 -2.762 -1 94
-2.567 -1 -2.224 -1 -2.472 -1 -2.774 -1 146
-2.623 -1 -2.286 -1 -2.382 -1 -2.678 -1 88
-2.53 -1 -2.236 -1 -2.31 -1 -2.668 -1 39
-2.489 -1 -2.124 -1 -2.152 -1 -2.6 -1 20
-2.376 -1 -2.018 -1 -2.16 -1 -2.506 -1 69
-2.333 -1 -1.996 -1 -2.234 -1 -2.662 -1 118
-2.448 -1 -2.062 -1 -2.15 -1 -2.494 -1 37
-2.322 -1 -1.982 -1 -2.09 -1 -2.466 -1 58
-2.278 -1 -1.96 -1 -2.028 -1 -2.388 -1 33
-2.208 -1 -1.892 -1 -1.996 -1 -2.448 -1 63
-2.222 -1 -1.86 -1 -1.984 -1 -2.304 -1 59
-2.144 -1 -1.814 -1 -1.872 -1 -2.268 -1 20
-2.07 -1 -1.734 -1 -1.894 -1 -2.3 -1 71
-2.097 -1 -1.752 -1 -1.81 -1 -2.126 -1 29
-1.968 -1 -1.678 -1 -1.776 -1 -2.15 -1 54
-1.963 -1 -1.62 -1 -1.702 -1 -2.068 -1 46
-1.885 -1 -1.564 -1 -1.854 -1 -2.14 -1 136
-1.997 -1 -1.616 -1 -1.858 -1 -2.168 -1 85
-2.013 -1 -1.602 -1 -1.66 -1 -1.974 -1 19
-1.817 -1 -1.474 -1 -1.508 -1 -1.762 -1 11
-1.635 -1 -1.346 -1 -1.518 -1 -1.802 -1 61
-1.66 -1 -1.35 -1 -1.712 -1 -2.014 -1 137
-1.863 -1 -1.458 -1 -1.566 -1 -1.836 -1 38
-1.701 -1 -1.338 -1 -1.346 -1 -1.594 -1 4
-1.47 -1 -1.222 -1 -1.266 -1 -1.466 -1 13
-1.366 -1 -1.152 -1 -1.456 -1 -1.65 -1 91
-1.553 -1 -1.222 -1 -1.494 -1 -1.702 -1 93
-1.598 -1 -1.286 -1 -1.666 -1 -1.924 -1 146
-1.795 -1 -1.354 -1 -1.496 -1 -1.668 -1 55
-1.582 -1 -1.296 -1 -1.314 -1 -1.552 -1 8
-1.433 -1 -1.194 -1 -1.516 -1 -1.708 0 107
