8 1000 0 6 15 0 0 0 0
-3.467 -1 -3.01 -1 -3.01 -1 -3.242 -1 0
-3.126 -1 -2.742 -1 -2.742 -1 -3.028 -1 0
-2.885 -1 -2.538 -1 -2.538 -1 -2.998 -1 0
-2.768 -1 -2.428 -1 -2.428 -1 -2.874 -1 0
-2.651 -1 -2.35 -1 -2.35 -1 -2.854 -1 0
-2.602 -1 -2.288 -1 -2.288 -1 -2.816 -1 0
-2.552 -1 -2.254 -1 -2.254 -1 -2.742 -1 0
-2.498 -1 -2.202 -1 -2.202 -1 -2.692 -1 0
-2.447 -1 -2.146 -1 -2.146 -1 -2.734 -1 0
-2.44 -1 -2.114 -1 -2.114 -1 -2.668 -1 0
-2.391 -1 -2.112 -1 -2.112 -1 -2.718 -1 0
-2.415 -1 -2.1 -1 -2.1 -1 -2.628 -1 0
-2.364 -1 -2.044 -1 -2.044 -1 -2.62 -1 0
-2.332 -1 -2.04 -1 -2.04 -1 -2.636 -1 0
-2.338 -1 -2.034 -1 -2.034 -1 -2.644 0 0
