8 1000 0.3 5 46 0 0 0 0
-3.504 -1 -3.102 -1 -3.132 -1 -3.336 -2 47
-3.234 -1 -2.88 -1 -2.938 -1 -3.24 -1 87
-3.089 -1 -2.732 -1 -2.83 -1 -3.142 -1 113
-2.986 -1 -2.612 -1 -2.72 -1 -3.07 -1 94
-2.895 -1 -2.57 -1 -2.638 -1 -3.03 -1 77
-2.834 -1 -2.5 -1 -2.542 -1 -2.934 -1 42
-2.738 -1 -2.404 -1 -2.534 -1 -2.918 -1 125
-2.726 -1 -2.364 -1 -2.382 -1 -2.896 -1 16
-2.639 -1 -2.316 -1 -2.386 -1 -2.832 -1 59
-2.609 -1 -2.266 -1 -2.38 -1 -2.812 -1 87
-2.596 -1 -2.318 -1 -2.442 -1 -2.824 -1 94
-2.633 -1 -2.278 -1 -2.368 -1 -2.798 -1 59
-2.583 -1 -2.248 -1 -2.412 -1 -2.852 -1 112
-2.632 -1 -2.268 -1 -2.346 -1 -2.778 -1 53
-2.562 -1 -2.22 -1 -2.296 -1 -2.738 -1 54
-2.517 -1 -2.182 -1 -2.342 -1 -2.754 -1 104
-2.548 -1 -2.188 -1 -2.226 -1 -2.746 -1 21
-2.486 -1 -2.204 -1 -2.236 -1 -2.632 -1 25
-2.434 -1 -2.136 -1 -2.28 -1 -2.708 -1 104
-2.494 -1 -2.176 -1 -2.272 -1 -2.74 -1 55
-2.506 -1 -2.164 -1 -2.294 -1 -2.758 -1 94
-2.526 -1 -2.184 -1 -2.314 -1 -2.754 -1 95
-2.534 -1 -2.226 -1 -2.398 -1 -2.816 -1 137
-2.607 -1 -2.26 -1 -2.344 -1 -2.754 -1 53
-2.549 -1 -2.198 -1 -2.332 -1 -2.796 -1 81
-2.564 -1 -2.228 -1 -2.412 -1 -2.766 -1 124
-2.589 -1 -2.202 -1 -2.326 -1 -2.742 -1 103
-2.534 -1 -2.204 -1 -2.294 -1 -2.688 -1 78
-2.491 -1 -2.15 -1 -2.332 -1 -2.846 -1 133
-2.589 -1 -2.21 -1 -2.352 -1 -2.788 -1 123
-2.57 -1 -2.202 -1 -2.266 -1 -2.73 -1 46
-2.498 -1 -2.138 -1 -2.15 -1 -2.644 -1 10
-2.397 -1 -2.092 -1 -2.218 -1 -2.728 -1 67
-2.473 -1 -2.126 -1 -2.316 -1 -2.744 -1 129
-2.53 -1 -2.174 -1 -2.266 -1 -2.74 -1 73
-2.503 -1 -2.166 -1 -2.36 -1 -2.78 -1 149
-2.57 -1 -2.216 -1 -2.41 -1 -2.828 -1 136
-2.619 -1 -2.24 -1 -2.394 -1 -2.834 -1 102
-2.614 -1 -2.264 -1 -2.286 -1 -2.716 -1 27
-2.501 -1 -2.214 -1 -2.416 -1 -2.766 -1 141
-2.591 -1 -2.182 -1 -2.314 -1 -2.738 -1 92
-2.526 -1 -2.15 -1 -2.164 -1 -2.682 -1 6
-2.423 -1 -2.122 -1 -2.248 -1 -2.702 -1 80
-2.475 -1 -2.148 -1 -2.21 -1 -2.634 -1 48
-2.422 -1 -2.088 -1 -2.236 -1 -2.698 -1 114
-2.467 -1 -2.112 -1 -2.222 -1 -2.666 0 76
