9 1000 0.7 3 534 0 0 0 0
-3.649 -1 -3.39 -1 -3.408 -1 -3.518 -1 186
-3.463 -1 -3.17 -1 -3.358 -1 -3.484 -2 317
-3.421 -1 -3.118 -1 -3.23 -1 -3.42 -1 340
-3.325 -1 -3.012 -1 -3.172 -1 -3.376 -2 277
-3.274 -1 -3.01 -1 -3.19 -1 -3.404 -1 235
-3.297 -1 -3.028 -1 -3.092 -1 -3.334 -1 91
-3.213 -1 -2.934 -1 -3.01 -1 -3.232 -2 76
-3.121 -1 -2.846 -1 -3.07 -1 -3.302 -2 246
-3.186 -1 -2.864 -1 -3.046 -1 -3.296 -1 194
-3.171 -1 -2.918 -1 -3.134 -1 -3.262 -1 339
-3.198 -1 -2.898 -1 -2.986 -1 -3.282 -1 115
-3.134 -1 -2.816 -1 -3.014 -1 -3.308 -1 248
-3.161 -1 -2.906 -1 -3.018 -1 -3.31 -1 140
-3.164 -1 -2.856 -1 -3.044 -1 -3.28 -1 266
-3.162 -1 -2.862 -1 -2.934 -1 -3.222 -1 108
-3.078 -1 -2.742 -1 -2.802 -1 -3.164 -1 70
-2.983 -1 -2.646 -1 -2.652 -1 -3.074 -1 8
-2.863 -1 -2.632 -1 -2.758 -1 -3.072 -1 85
-2.915 -1 -2.626 -1 -2.652 -1 -3.02 -1 23
-2.836 -1 -2.544 -1 -2.67 -1 -3.01 -1 88
-2.84 -1 -2.572 -1 -2.666 -1 -3.054 -1 68
-2.86 -1 -2.564 -1 -2.58 -1 -2.986 -1 5
-2.783 -1 -2.562 -1 -2.874 -1 -3.164 -1 309
-3.019 -1 -2.734 -1 -2.76 -1 -3.062 -1 17
-2.911 -1 -2.654 -1 -2.686 -1 -3.018 -1 53
-2.852 -1 -2.544 -1 -2.73 -1 -3.038 -1 146
-2.884 -1 -2.582 -1 -2.644 -1 -3.074 -1 66
-2.859 -1 -2.564 -1 -2.698 -1 -3.086 -1 99
-2.892 -1 -2.578 -1 -2.656 -1 -3.024 -1 38
-2.84 -1 -2.564 -1 -2.594 -1 -2.886 -1 39
-2.74 -1 -2.432 -1 -2.638 -1 -2.974 -1 182
-2.806 -1 -2.568 -1 -2.744 -1 -3.146 -1 161
-2.945 -1 -2.64 -1 -2.822 -1 -3.038 -1 135
-2.93 -1 -2.632 -1 -2.792 -1 -3.1 -1 126
-2.946 -1 -2.686 -1 -2.86 -1 -3.188 -1 190
-3.024 -1 -2.676 -1 -2.852 -1 -3.146 -1 239
-2.999 -1 -2.724 -1 -2.944 -1 -3.184 -1 309
-3.064 -1 -2.774 -1 -2.804 -1 -3.134 -1 15
-2.969 -1 -2.632 -1 -2.708 -1 -3.068 -1 72
-2.888 -1 -2.61 -1 -2.626 -1 -3.006 -1 18
-2.816 -1 -2.556 -1 -2.854 -1 -3.154 -1 233
-3.004 -1 -2.688 -1 -2.732 -1 -3.02 -1 53
-2.876 -1 -2.556 -1 -2.878 -1 -3.15 -1 325
-3.014 -1 -2.696 -1 -3.036 -1 -3.194 -1 294
-3.115 -1 -2.868 -1 -2.874 -1 -3.122 -1 6
-2.998 -1 -2.698 -1 -2.776 -1 -3.112 -1 109
-2.944 -1 -2.638 -1 -2.738 -1 -3.078 -1 72
-2.908 -1 -2.644 -1 -2.798 -1 -3.054 -1 144
-2.926 -1 -2.642 -1 -2.768 -1 -3.12 -1 104
-2.944 -1 -2.632 -1 -2.702 -1 -3.04 -1 45
-2.871 -1 -2.584 -1 -2.606 -1 -2.992 -1 13
-2.799 -1 -2.516 -1 -2.73 -1 -3.08 -2 175
-2.905 -1 -2.61 -1 -2.672 -1 -3.074 -1 61
-2.873 -1 -2.622 -1 -2.86 -1 -3.182 -1 240
-3.021 -1 -2.774 -1 -3.066 -1 -3.226 -1 312
-3.146 -1 -2.818 -1 -3.054 -1 -3.3 -1 242
-3.177 -1 -2.88 -1 -2.928 -1 -3.16 -1 51
-3.044 -1 -2.758 -1 -2.802 -1 -3.18 -1 40
-2.991 -1 -2.726 -1 -3.024 -1 -3.196 -1 349
-3.11 -1 -2.816 -1 -3.086 -1 -3.314 -1 264
-3.2 -1 -2.878 -1 -3.022 -1 -3.288 -1 123
-3.155 -1 -2.888 -1 -3.014 -1 -3.248 -1 167
-3.131 -1 -2.808 -1 -2.824 -1 -3.114 -1 9
-2.969 -1 -2.66 -1 -2.88 -1 -3.234 -1 197
-3.057 -1 -2.738 -1 -2.84 -1 -3.112 -1 131
-2.976 -1 -2.67 -1 -2.848 -1 -3.112 -1 168
-2.98 -1 -2.694 -1 -2.962 -1 -3.272 -1 253
-3.117 -1 -2.814 -1 -2.972 -1 -3.252 -1 240
-3.112 -1 -2.806 -1 -2.97 -1 -3.196 -1 241
-3.083 -1 -2.742 -1 -2.77 -1 -3.206 -1 22
-2.988 -1 -2.712 -1 -2.942 -1 -3.166 -1 195
-3.054 -1 -2.726 -1 -2.894 -1 -3.216 -1 141
-3.055 -1 -2.73 -1 -2.742 -1 -3.108 -1 8
-2.925 -1 -2.63 -1 -2.93 -1 -3.252 -1 288
-3.091 -1 -2.78 -1 -3.022 -1 -3.22 -1 258
-3.121 -1 -2.838 -1 -2.992 -1 -3.24 -1 213
-3.116 -1 -2.78 -1 -2.91 -1 -3.194 -1 145
-3.052 -1 -2.732 -1 -2.818 -1 -3.118 -1 122
-2.968 -1 -2.636 -1 -2.72 -1 -3.09 -1 72
-2.905 -1 -2.638 -1 -2.904 -1 -3.21 -1 257
-3.057 -1 -2.758 -1 -2.928 -1 -3.16 -1 136
-3.044 -1 -2.684 -1 -2.726 -1 -3.086 -1 34
-2.906 -1 -2.596 -1 -2.798 -1 -3.124 -1 169
-2.961 -1 -2.656 -1 -2.94 -1 -3.206 -1 278
-3.073 -1 -2.716 -1 -2.752 -1 -3.116 -1 38
-2.934 -1 -2.668 -1 -2.8 -1 -3.136 -1 158
-2.968 -1 -2.688 -1 -2.762 -1 -3.09 -1 62
-2.926 -1 -2.618 -1 -2.822 -1 -3.102 -1 212
-2.962 -1 -2.642 -1 -2.936 -1 -3.208 -1 269
-3.072 -1 -2.69 -1 -3.058 -1 -3.292 -1 345
-3.175 -1 -2.84 -1 -2.998 -1 -3.29 -1 212
-3.144 -1 -2.802 -1 -2.968 -1 -3.236 -1 186
-3.102 -1 -2.786 -1 -2.9 -1 -3.202 -1 141
-3.051 -1 -2.752 -1 -2.772 -1 -3.086 -1 22
-2.929 -1 -2.666 -1 -2.902 -1 -3.16 -1 250
-3.031 -1 -2.672 -1 -2.874 -1 -3.158 -1 224
-3.016 -1 -2.742 -1 -2.806 -1 -3.152 -1 82
-2.979 -1 -2.666 -1 -2.912 -1 -3.25 -1 250
-3.081 -1 -2.774 -1 -3.016 -1 -3.25 -1 209
-3.133 -1 -2.832 -1 -2.89 -1 -3.212 -1 43
-3.051 -1 -2.776 -1 -2.796 -1 -3.112 -1 15
-2.954 -1 -2.654 -1 -3 -1 -3.25 -2 328
-3.125 -1 -2.842 -1 -2.958 -1 -3.15 -1 85
-3.054 -1 -2.748 -1 -2.762 -1 -3.114 -1 20
-2.938 -1 -2.67 -1 -2.93 -1 -3.232 -2 235
-3.081 -1 -2.774 -1 -2.886 -1 -3.174 -1 93
-3.03 -1 -2.72 -1 -2.778 -1 -3.032 -1 62
-2.905 -1 -2.628 -1 -2.852 -1 -3.196 -1 226
-3.024 -1 -2.696 -1 -2.932 -1 -3.196 -1 229
-3.064 -1 -2.708 -1 -2.722 -1 -3.076 -1 16
-2.899 -1 -2.634 -1 -2.702 -1 -3.018 -1 52
-2.86 -1 -2.568 -1 -2.796 -1 -3.074 -1 212
-2.935 -1 -2.622 -1 -2.894 -1 -3.242 -1 214
-3.068 -1 -2.78 -1 -2.982 -1 -3.248 -1 238
-3.115 -1 -2.812 -1 -3.036 -1 -3.28 -1 217
-3.158 -1 -2.848 -1 -2.974 -1 -3.216 -1 211
-3.095 -1 -2.736 -1 -2.994 -1 -3.332 -2 298
-3.163 -1 -2.864 -1 -3.014 -1 -3.316 -1 221
-3.165 -1 -2.818 -1 -3.054 -1 -3.296 -1 308
-3.175 -1 -2.878 -1 -2.946 -1 -3.262 -1 43
-3.104 -1 -2.75 -1 -3.004 -1 -3.23 -1 278
-3.117 -1 -2.806 -1 -3.008 -1 -3.238 -1 276
-3.123 -1 -2.79 -1 -3.02 -1 -3.32 -1 265
-3.17 -1 -2.83 -1 -2.882 -1 -3.236 -1 84
-3.059 -1 -2.746 -1 -2.874 -1 -3.096 -1 111
-2.985 -1 -2.646 -1 -2.774 -1 -3.124 -1 106
-2.949 -1 -2.64 -1 -2.926 -1 -3.226 -1 243
-3.076 -1 -2.76 -1 -2.99 -1 -3.214 -1 283
-3.102 -1 -2.752 -1 -2.844 -1 -3.168 -1 87
-3.006 -1 -2.688 -1 -2.694 -1 -3.078 -1 12
-2.886 -1 -2.598 -1 -2.782 -1 -3.12 -1 205
-2.951 -1 -2.692 -1 -2.916 -1 -3.146 -1 291
-3.031 -1 -2.718 -1 -2.732 -1 -3.134 -1 16
-2.933 -1 -2.656 -1 -2.976 -1 -3.222 -1 235
-3.099 -1 -2.768 -1 -3.024 -1 -3.216 -1 270
-3.12 -1 -2.792 -1 -3.016 -1 -3.256 -1 228
-3.136 -1 -2.82 -1 -2.886 -1 -3.208 -1 76
-3.047 -1 -2.772 -1 -2.98 -1 -3.286 -1 247
-3.133 -1 -2.818 -1 -2.856 -1 -3.102 -1 36
-2.979 -1 -2.7 -1 -2.926 -1 -3.228 -1 288
-3.077 -1 -2.776 -1 -2.942 -1 -3.248 -1 249
-3.095 -1 -2.756 -1 -2.996 -1 -3.214 -1 239
-3.105 -1 -2.804 -1 -2.998 -1 -3.22 -1 209
-3.109 -1 -2.806 -1 -2.824 -1 -3.126 -1 26
-2.975 -1 -2.676 -1 -2.79 -1 -3.09 -1 124
-2.94 -1 -2.606 -1 -2.624 -1 -3.016 -1 10
-2.82 -1 -2.532 -1 -2.942 -1 -3.254 -1 336
-3.098 -1 -2.77 -1 -2.77 -1 -3.118 -1 1
-2.944 -1 -2.644 -1 -2.9 -1 -3.158 -1 308
-3.029 -1 -2.71 -1 -3.006 -1 -3.22 -1 304
-3.113 -1 -2.846 -1 -2.982 -1 -3.246 -1 209
-3.114 -1 -2.83 -1 -3.08 -1 -3.312 -1 337
-3.196 -1 -2.902 -1 -3.11 -1 -3.268 -1 320
-3.189 -1 -2.89 -1 -3.076 -1 -3.288 -1 188
-3.182 -1 -2.888 -1 -3.132 -1 -3.322 -1 323
-3.227 -1 -2.896 -1 -3.154 -1 -3.382 -1 339
-3.268 -1 -2.97 -1 -3.126 -1 -3.336 -1 241
-3.231 -1 -2.94 -1 -2.98 -1 -3.33 -1 48
-3.155 -1 -2.884 -1 -3.062 -1 -3.352 -1 205
-3.207 -1 -2.866 -1 -3.012 -1 -3.244 -1 181
-3.128 -1 -2.82 -1 -3.088 -1 -3.306 -1 330
-3.197 -1 -2.898 -1 -3.118 -1 -3.268 -1 235
-3.193 -1 -2.898 -1 -3.072 -1 -3.326 -1 220
-3.199 -1 -2.84 -1 -2.95 -1 -3.192 -1 101
-3.071 -1 -2.748 -1 -2.988 -1 -3.2 -1 231
-3.094 -1 -2.81 -1 -3.026 -1 -3.314 -1 253
-3.17 -1 -2.846 -1 -2.874 -1 -3.18 -1 18
-3.027 -1 -2.766 -1 -2.766 -1 -3.2 -1 0
-2.983 -1 -2.696 -1 -2.932 -1 -3.152 -1 225
-3.042 -1 -2.728 -1 -2.84 -1 -3.118 -1 153
-2.979 -1 -2.658 -1 -2.664 -1 -3.032 -1 9
-2.848 -1 -2.588 -1 -2.654 -1 -2.988 -1 60
-2.821 -1 -2.558 -1 -2.848 -1 -3.206 -1 241
-3.027 -1 -2.698 -1 -2.884 -1 -3.132 -1 239
-3.008 -1 -2.682 -1 -2.69 -1 -3.016 -1 5
-2.853 -1 -2.546 -1 -2.908 -1 -3.194 -1 279
-3.051 -1 -2.752 -1 -2.948 -1 -3.178 -1 226
-3.063 -1 -2.762 -1 -2.872 -1 -3.142 -1 95
-3.007 -1 -2.718 -1 -2.836 -1 -3.16 -1 111
-2.998 -1 -2.704 -1 -2.876 -1 -3.19 -1 191
-3.033 -1 -2.746 -1 -2.93 -1 -3.154 -1 231
-3.042 -1 -2.684 -1 -2.776 -1 -3.138 -1 68
-2.957 -1 -2.642 -1 -2.868 -1 -3.102 -1 220
-2.985 -1 -2.678 -1 -3 -1 -3.192 -1 338
-3.096 -1 -2.76 -1 -3.002 -1 -3.284 -1 210
-3.143 -1 -2.86 -1 -3.138 -1 -3.292 -1 261
-3.215 -1 -2.87 -1 -2.988 -1 -3.26 -1 129
-3.124 -1 -2.822 -1 -2.934 -1 -3.244 -1 125
-3.089 -1 -2.848 -1 -3.012 -1 -3.198 -1 216
-3.105 -1 -2.816 -1 -2.898 -1 -3.212 -1 106
-3.055 -1 -2.774 -1 -2.88 -1 -3.158 -1 118
-3.019 -1 -2.706 -1 -2.744 -1 -3.054 -1 54
-2.899 -1 -2.68 -1 -2.77 -1 -3.092 -1 91
-2.931 -1 -2.652 -1 -2.982 -1 -3.214 -1 317
-3.098 -1 -2.812 -1 -2.872 -1 -3.168 -1 56
-3.02 -1 -2.742 -1 -2.92 -1 -3.198 -1 154
-3.059 -1 -2.752 -1 -2.934 -1 -3.15 -1 212
-3.042 -1 -2.736 -1 -2.916 -1 -3.176 -1 220
-3.046 -1 -2.73 -1 -2.91 -1 -3.238 -1 186
-3.074 -1 -2.726 -1 -2.886 -1 -3.22 -1 146
-3.053 -1 -2.72 -1 -2.762 -1 -3.112 -1 36
-2.937 -1 -2.6 -1 -2.876 -1 -3.198 -1 314
-3.037 -1 -2.716 -1 -2.852 -1 -3.114 -1 194
-2.983 -1 -2.642 -1 -2.858 -1 -3.176 -1 232
-3.017 -1 -2.672 -1 -2.994 -1 -3.258 -1 306
-3.126 -1 -2.834 -1 -3.064 -1 -3.34 -1 287
-3.202 -1 -2.816 -1 -2.976 -1 -3.21 -1 163
-3.093 -1 -2.724 -1 -2.94 -1 -3.232 -1 238
-3.086 -1 -2.748 -1 -2.944 -1 -3.256 -1 228
-3.1 -1 -2.768 -1 -3.012 -1 -3.24 -1 260
-3.126 -1 -2.796 -1 -2.97 -1 -3.23 -1 171
-3.1 -1 -2.77 -1 -2.91 -1 -3.238 -1 93
-3.074 -1 -2.714 -1 -2.906 -1 -3.224 -1 222
-3.065 -1 -2.766 -1 -2.986 -1 -3.212 -1 222
-3.099 -1 -2.744 -1 -2.818 -1 -3.182 -1 80
-3 -1 -2.724 -1 -2.728 -1 -3.206 -1 1
-2.967 -1 -2.67 -1 -2.958 -1 -3.218 -1 288
-3.088 -1 -2.818 -1 -2.848 -1 -3.154 -1 43
-3.001 -1 -2.708 -1 -2.898 -1 -3.154 -1 159
-3.026 -1 -2.708 -1 -2.79 -1 -3.172 -1 90
-2.981 -1 -2.692 -1 -2.696 -1 -3.118 -1 6
-2.907 -1 -2.67 -1 -2.996 -1 -3.192 -1 349
-3.094 -1 -2.752 -1 -2.87 -1 -3.162 -1 90
-3.016 -1 -2.696 -1 -2.874 -1 -3.208 -1 147
-3.041 -1 -2.714 -1 -2.872 -1 -3.116 -1 154
-2.994 -1 -2.692 -1 -2.744 -1 -3.07 -1 83
-2.907 -1 -2.626 -1 -2.684 -1 -3.046 -1 40
-2.865 -1 -2.63 -1 -2.874 -1 -3.132 -1 214
-3.003 -1 -2.744 -1 -2.796 -1 -3.152 -1 71
-2.974 -1 -2.688 -1 -2.782 -1 -3.072 -1 57
-2.927 -1 -2.676 -1 -2.836 -1 -3.152 -1 151
-2.994 -1 -2.722 -1 -2.986 -1 -3.272 -1 312
-3.129 -1 -2.82 -1 -3.058 -1 -3.362 -1 332
-3.21 -1 -2.912 -1 -2.912 -1 -3.188 -1 7
-3.05 -1 -2.734 -1 -2.95 -1 -3.174 -1 296
-3.062 -1 -2.732 -1 -2.966 -1 -3.29 -1 263
-3.128 -1 -2.776 -1 -3.022 -1 -3.276 -1 272
-3.149 -1 -2.848 -1 -3.116 -1 -3.33 -1 339
-3.223 -1 -2.912 -1 -3.1 -1 -3.384 -1 306
-3.242 -1 -2.964 -1 -3.082 -1 -3.328 -1 161
-3.205 -1 -2.908 -1 -3.07 -1 -3.296 -1 137
-3.183 -1 -2.864 -1 -3.078 -1 -3.284 -1 272
-3.181 -1 -2.84 -1 -3.012 -1 -3.286 -1 261
-3.149 -1 -2.784 -1 -2.95 -1 -3.204 -1 185
-3.077 -1 -2.824 -1 -3.044 -1 -3.292 -1 213
-3.168 -1 -2.86 -1 -3.092 -1 -3.254 -1 319
-3.173 -1 -2.882 -1 -2.904 -1 -3.184 -1 27
-3.044 -1 -2.724 -1 -2.938 -1 -3.242 -1 261
-3.09 -1 -2.784 -1 -2.832 -1 -3.098 -1 59
-2.965 -1 -2.704 -1 -2.778 -1 -3.102 -1 52
-2.94 -1 -2.66 -1 -2.916 -1 -3.17 -1 249
-3.043 -1 -2.764 -1 -3.03 -1 -3.284 -1 335
-3.157 -1 -2.836 -1 -3.018 -1 -3.282 -1 254
-3.15 -1 -2.794 -1 -3.006 -1 -3.214 -1 243
-3.11 -1 -2.844 -1 -2.842 -1 -3.204 -1 9
-3.023 -1 -2.81 -1 -2.952 -1 -3.182 -1 103
-3.067 -1 -2.726 -1 -2.758 -1 -3.012 -1 28
-2.885 -1 -2.61 -1 -2.938 -1 -3.192 -1 326
-3.065 -1 -2.754 -1 -2.904 -1 -3.124 -1 131
-3.014 -1 -2.676 -1 -2.798 -1 -3.134 -1 99
-2.966 -1 -2.662 -1 -2.804 -1 -3.186 -1 122
-2.995 -1 -2.728 -1 -2.868 -1 -3.172 -1 172
-3.02 -1 -2.726 -1 -2.932 -1 -3.14 -1 242
-3.036 -1 -2.752 -1 -2.786 -1 -3.17 -1 17
-2.978 -1 -2.672 -1 -2.892 -1 -3.168 -1 214
-3.03 -1 -2.686 -1 -2.69 -1 -3.026 -1 5
-2.858 -1 -2.556 -1 -2.878 -1 -3.168 -1 336
-3.023 -1 -2.7 -1 -2.944 -1 -3.266 -1 290
-3.105 -1 -2.724 -1 -2.858 -1 -3.128 -1 140
-2.993 -1 -2.716 -1 -2.938 -1 -3.216 -1 240
-3.077 -1 -2.766 -1 -2.886 -1 -3.132 -1 163
-3.009 -1 -2.75 -1 -2.806 -1 -3.14 -1 75
-2.973 -1 -2.672 -1 -2.996 -1 -3.252 -1 313
-3.124 -1 -2.824 -1 -2.924 -1 -3.226 -1 120
-3.075 -1 -2.804 -1 -3.046 -1 -3.308 -1 342
-3.177 -1 -2.896 -1 -3.138 -1 -3.308 -1 293
-3.223 -1 -2.92 -1 -3.024 -1 -3.2 -1 158
-3.112 -1 -2.784 -1 -3 -1 -3.21 -1 238
-3.105 -1 -2.78 -1 -2.82 -1 -3.168 -1 42
-2.994 -1 -2.712 -1 -2.91 -1 -3.122 -1 255
-3.016 -1 -2.734 -1 -3.034 -1 -3.214 -1 287
-3.124 -1 -2.806 -1 -2.892 -1 -3.186 -1 114
-3.039 -1 -2.788 -1 -3.066 -1 -3.316 -1 319
-3.191 -1 -2.946 -1 -2.974 -1 -3.258 -1 21
-3.116 -1 -2.844 -1 -3.004 -1 -3.218 -1 164
-3.111 -1 -2.786 -1 -3.128 -1 -3.334 -1 342
-3.231 -1 -2.908 -1 -2.948 -1 -3.24 -1 69
-3.094 -1 -2.792 -1 -3.042 -1 -3.256 -1 334
-3.149 -1 -2.808 -1 -3.008 -1 -3.188 -1 294
-3.098 -1 -2.77 -1 -3.16 -1 -3.382 -1 337
-3.271 -1 -2.93 -1 -3.07 -1 -3.27 -1 159
-3.17 -1 -2.848 -1 -3.116 -1 -3.296 -1 279
-3.206 -1 -2.912 -1 -2.982 -1 -3.248 -1 114
-3.115 -1 -2.83 -1 -2.846 -1 -3.212 -1 21
-3.029 -1 -2.756 -1 -2.886 -1 -3.124 -1 123
-3.005 -1 -2.726 -1 -2.73 -1 -3.124 -1 7
-2.927 -1 -2.62 -1 -2.97 -1 -3.202 -1 266
-3.086 -1 -2.836 -1 -2.87 -1 -3.22 -1 24
-3.045 -1 -2.712 -1 -2.758 -1 -3.144 -1 53
-2.951 -1 -2.668 -1 -2.706 -1 -3.028 -1 24
-2.867 -1 -2.588 -1 -2.98 -1 -3.212 -1 319
-3.096 -1 -2.744 -1 -2.852 -1 -3.132 -1 105
-2.992 -1 -2.672 -1 -2.684 -1 -3.114 -1 5
-2.899 -1 -2.642 -1 -2.782 -1 -3.16 -1 168
-2.971 -1 -2.666 -1 -2.864 -1 -3.142 -1 227
-3.003 -1 -2.64 -1 -2.79 -1 -3.142 -1 172
-2.966 -1 -2.71 -1 -2.894 -1 -3.096 -1 230
-2.995 -1 -2.638 -1 -2.834 -1 -3.162 -1 193
-2.998 -1 -2.67 -1 -2.974 -1 -3.176 -1 287
-3.075 -1 -2.764 -1 -2.82 -1 -3.19 -1 50
-3.005 -1 -2.704 -1 -2.92 -1 -3.176 -1 192
-3.048 -1 -2.75 -1 -2.9 -1 -3.186 -1 158
-3.043 -1 -2.792 -1 -3.008 -1 -3.24 -1 227
-3.124 -1 -2.78 -1 -2.846 -1 -3.198 -1 67
-3.022 -1 -2.77 -1 -2.886 -1 -3.162 -1 139
-3.024 -1 -2.728 -1 -2.78 -1 -3.082 -1 52
-2.931 -1 -2.64 -1 -2.656 -1 -2.984 -1 18
-2.82 -1 -2.54 -1 -2.67 -1 -3.092 -1 95
-2.881 -1 -2.594 -1 -2.906 -1 -3.206 -1 253
-3.056 -1 -2.768 -1 -2.8 -1 -3.124 -1 45
-2.962 -1 -2.648 -1 -2.886 -1 -3.156 -1 274
-3.021 -1 -2.722 -1 -2.864 -1 -3.13 -1 145
-2.997 -1 -2.68 -1 -2.888 -1 -3.228 -1 201
-3.058 -1 -2.756 -1 -2.784 -1 -3.11 -1 46
-2.947 -1 -2.706 -1 -2.754 -1 -3.002 -1 40
-2.878 -1 -2.59 -1 -2.864 -1 -3.064 -1 258
-2.964 -1 -2.59 -1 -2.806 -1 -3.13 -1 180
-2.968 -1 -2.686 -1 -2.722 -1 -3.124 -1 28
-2.923 -1 -2.63 -1 -2.824 -1 -3.118 -1 210
-2.971 -1 -2.642 -1 -2.906 -1 -3.176 -1 271
-3.041 -1 -2.682 -1 -2.772 -1 -3.128 -1 104
-2.95 -1 -2.674 -1 -2.756 -1 -3.112 -1 78
-2.934 -1 -2.636 -1 -2.808 -1 -3.206 -1 221
-3.007 -1 -2.716 -1 -2.914 -1 -3.21 -1 264
-3.062 -1 -2.742 -1 -3.068 -1 -3.236 -1 345
-3.152 -1 -2.822 -1 -3.01 -1 -3.244 -1 256
-3.127 -1 -2.78 -1 -2.948 -1 -3.27 -1 224
-3.109 -1 -2.726 -1 -3.02 -1 -3.278 -1 340
-3.149 -1 -2.848 -1 -3.078 -1 -3.254 -1 316
-3.166 -1 -2.846 -1 -2.94 -1 -3.196 -1 127
-3.068 -1 -2.78 -1 -3.036 -1 -3.242 -1 319
-3.139 -1 -2.81 -1 -3.058 -1 -3.356 -1 345
-3.207 -1 -2.902 -1 -3.1 -1 -3.31 -1 249
-3.205 -1 -2.846 -1 -2.878 -1 -3.124 -1 32
-3.001 -1 -2.688 -1 -2.692 -1 -3.03 -1 1
-2.861 -1 -2.59 -1 -2.636 -1 -3.068 -1 46
-2.852 -1 -2.562 -1 -2.784 -1 -3.142 -1 205
-2.963 -1 -2.67 -1 -2.992 -1 -3.256 -1 322
-3.124 -1 -2.81 -1 -2.95 -1 -3.25 -1 248
-3.1 -1 -2.838 -1 -3.06 -1 -3.236 -2 236
-3.148 -1 -2.87 -1 -3.106 -1 -3.322 -1 259
-3.214 -1 -2.874 -1 -2.95 -1 -3.22 -1 58
-3.085 -1 -2.814 -1 -3.08 -1 -3.262 -1 307
-3.171 -1 -2.876 -1 -2.898 -1 -3.108 -1 54
-3.003 -1 -2.678 -1 -2.962 -1 -3.27 -1 323
-3.116 -1 -2.778 -1 -3.032 -1 -3.2 -1 245
-3.116 -1 -2.836 -1 -3.08 -1 -3.276 -1 256
-3.178 -1 -2.864 -1 -2.886 -1 -3.178 -1 29
-3.032 -1 -2.742 -1 -3.038 -1 -3.232 -1 325
-3.135 -1 -2.76 -1 -2.774 -1 -3.038 -1 6
-2.906 -1 -2.624 -1 -2.738 -1 -3.108 -1 118
-2.923 -1 -2.604 -1 -2.746 -1 -3.114 -1 112
-2.93 -1 -2.588 -1 -2.852 -1 -3.13 -1 245
-2.991 -1 -2.666 -1 -2.754 -1 -3.182 -1 86
-2.968 -1 -2.636 -1 -2.694 -1 -3.054 -1 58
-2.874 -1 -2.566 -1 -2.982 -1 -3.27 -1 343
-3.126 -1 -2.838 -1 -2.942 -1 -3.204 -2 113
-3.073 -1 -2.786 -1 -3.082 -1 -3.29 -1 344
-3.186 -1 -2.872 -1 -2.918 -1 -3.182 -1 64
-3.05 -1 -2.776 -1 -2.878 -1 -3.126 -1 97
-3.002 -1 -2.712 -1 -2.95 -1 -3.198 -1 306
-3.074 -1 -2.754 -1 -2.932 -1 -3.192 -1 150
-3.062 -1 -2.734 -1 -2.96 -1 -3.218 -1 197
-3.089 -1 -2.792 -1 -2.896 -1 -3.194 -1 123
-3.045 -1 -2.728 -1 -2.956 -1 -3.22 -1 320
-3.088 -1 -2.766 -1 -3.026 -1 -3.246 -1 320
-3.136 -1 -2.84 -1 -3.118 -1 -3.314 -1 298
-3.216 -1 -2.894 -1 -3.124 -1 -3.344 -1 309
-3.234 -1 -2.854 -1 -2.966 -1 -3.222 -1 87
-3.094 -1 -2.794 -1 -2.89 -1 -3.238 -1 141
-3.064 -1 -2.796 -1 -2.88 -1 -3.212 -1 107
-3.046 -1 -2.732 -1 -2.752 -1 -3.078 -1 29
-2.915 -1 -2.666 -1 -2.868 -1 -3.158 -1 178
-3.013 -1 -2.678 -1 -2.91 -1 -3.154 -1 280
-3.032 -1 -2.74 -1 -2.828 -1 -3.032 -1 94
-2.93 -1 -2.62 -1 -2.64 -1 -3.044 -1 13
-2.842 -1 -2.572 -1 -2.856 -1 -3.172 -1 250
-3.014 -1 -2.654 -1 -2.756 -1 -3.1 -1 106
-2.928 -1 -2.648 -1 -2.75 -1 -3.042 -1 87
-2.896 -1 -2.626 -1 -2.846 -1 -3.166 -1 177
-3.006 -1 -2.698 -1 -2.964 -1 -3.24 -1 296
-3.102 -1 -2.78 -1 -3.08 -1 -3.31 -1 344
-3.195 -1 -2.856 -1 -3.11 -1 -3.248 -1 249
-3.179 -1 -2.862 -1 -3.066 -1 -3.286 -1 232
-3.176 -1 -2.892 -1 -3.114 -1 -3.314 -1 310
-3.214 -1 -2.942 -1 -3.176 -1 -3.376 -1 322
-3.276 -1 -2.97 -1 -3.118 -1 -3.344 -1 185
-3.231 -1 -2.954 -1 -3.176 -1 -3.294 -1 288
-3.235 -1 -2.928 -1 -2.936 -1 -3.22 -1 28
-3.078 -1 -2.784 -1 -2.788 -1 -3.086 -1 7
-2.937 -1 -2.664 -1 -2.88 -1 -3.206 -1 205
-3.043 -1 -2.718 -1 -2.876 -1 -3.174 -1 174
-3.025 -1 -2.738 -1 -3.028 -1 -3.232 -1 304
-3.13 -1 -2.8 -1 -2.904 -1 -3.152 -1 114
-3.028 -1 -2.734 -1 -3.022 -1 -3.196 -1 311
-3.109 -1 -2.82 -1 -2.952 -1 -3.288 -1 229
-3.12 -1 -2.81 -1 -3.066 -1 -3.222 -1 336
-3.144 -1 -2.854 -1 -2.94 -1 -3.246 -1 137
-3.093 -1 -2.758 -1 -2.97 -1 -3.218 -1 335
-3.094 -1 -2.818 -1 -3.06 -1 -3.286 -1 313
-3.173 -1 -2.868 -1 -2.95 -1 -3.236 -1 85
-3.093 -1 -2.778 -1 -3.084 -1 -3.274 -1 301
-3.179 -1 -2.834 -1 -2.904 -1 -3.228 -1 58
-3.066 -1 -2.806 -1 -2.886 -1 -3.244 -1 89
-3.065 -1 -2.808 -1 -2.924 -1 -3.158 -1 146
-3.041 -1 -2.77 -1 -2.818 -1 -3.138 -1 50
-2.978 -1 -2.69 -1 -2.89 -1 -3.246 -2 263
-3.068 -1 -2.812 -1 -2.91 -1 -3.204 -1 118
-3.057 -1 -2.806 -1 -2.894 -1 -3.126 -1 98
-3.01 -1 -2.722 -1 -2.94 -1 -3.254 -1 208
-3.097 -1 -2.814 -1 -2.832 -1 -3.126 -1 15
-2.979 -1 -2.716 -1 -2.898 -1 -3.194 -1 210
-3.046 -1 -2.728 -1 -2.856 -1 -3.172 -1 122
-3.014 -1 -2.7 -1 -2.708 -1 -3.124 -1 26
-2.916 -1 -2.65 -1 -2.978 -1 -3.262 -1 268
-3.12 -1 -2.816 -1 -2.952 -1 -3.256 -1 148
-3.104 -1 -2.78 -1 -2.874 -1 -3.162 -1 86
-3.018 -1 -2.702 -1 -2.95 -1 -3.228 -1 251
-3.089 -1 -2.758 -1 -2.988 -1 -3.23 -1 294
-3.109 -1 -2.796 -1 -2.958 -1 -3.246 -1 219
-3.102 -1 -2.782 -1 -2.962 -1 -3.25 -1 302
-3.106 -1 -2.8 -1 -2.858 -1 -3.214 -1 64
-3.036 -1 -2.74 -1 -2.926 -1 -3.178 -1 150
-3.052 -1 -2.76 -1 -2.944 -1 -3.276 -1 233
-3.11 -1 -2.766 -1 -3.032 -1 -3.242 -1 284
-3.137 -1 -2.796 -1 -2.964 -1 -3.242 -1 184
-3.103 -1 -2.802 -1 -2.85 -1 -3.176 -1 66
-3.013 -1 -2.726 -1 -2.884 -1 -3.148 -1 190
-3.016 -1 -2.698 -1 -2.928 -1 -3.19 -1 264
-3.059 -1 -2.8 -1 -2.978 -1 -3.208 -1 213
-3.093 -1 -2.778 -1 -2.878 -1 -3.132 -1 103
-3.005 -1 -2.724 -1 -2.964 -1 -3.262 -1 284
-3.113 -1 -2.864 -1 -3.11 -1 -3.312 -1 300
-3.211 -1 -2.9 -1 -3.11 -1 -3.342 -1 288
-3.226 -1 -2.938 -1 -3.168 -1 -3.394 -1 344
-3.281 -1 -3.01 -1 -3.166 -1 -3.32 -1 215
-3.243 -1 -2.96 -1 -3.094 -1 -3.234 -1 225
-3.164 -1 -2.874 -1 -2.95 -1 -3.282 -1 122
-3.116 -1 -2.838 -1 -3.094 -1 -3.298 -1 342
-3.196 -1 -2.846 -1 -2.926 -1 -3.284 -1 107
-3.105 -1 -2.808 -1 -2.984 -1 -3.292 -1 170
-3.138 -1 -2.846 -1 -2.968 -1 -3.296 -1 224
-3.132 -1 -2.792 -1 -2.852 -1 -3.14 -1 69
-2.996 -1 -2.74 -1 -2.76 -1 -3.102 -1 25
-2.931 -1 -2.66 -1 -2.868 -1 -3.182 -1 203
-3.025 -1 -2.718 -1 -2.946 -1 -3.31 -1 245
-3.128 -1 -2.79 -1 -2.83 -1 -3.138 -1 48
-2.984 -1 -2.712 -1 -2.85 -1 -3.156 -1 166
-3.003 -1 -2.662 -1 -2.918 -1 -3.16 -1 256
-3.039 -1 -2.756 -1 -2.892 -1 -3.204 -1 215
-3.048 -1 -2.722 -1 -2.726 -1 -3.086 -1 16
-2.906 -1 -2.618 -1 -2.932 -1 -3.25 -1 343
-3.091 -1 -2.768 -1 -3.012 -1 -3.278 -1 282
-3.145 -1 -2.814 -1 -3.014 -1 -3.328 -1 250
-3.171 -1 -2.852 -1 -3.078 -1 -3.222 -1 258
-3.15 -1 -2.846 -1 -3.03 -1 -3.288 -1 214
-3.159 -1 -2.898 -1 -3.092 -1 -3.35 -1 296
-3.221 -1 -2.896 -1 -3.068 -1 -3.3 -1 193
-3.184 -1 -2.908 -1 -3.034 -1 -3.232 -1 116
-3.133 -1 -2.818 -1 -2.826 -1 -3.088 -1 11
-2.957 -1 -2.696 -1 -2.866 -1 -3.108 -1 212
-2.987 -1 -2.69 -1 -2.852 -1 -3.124 -1 162
-2.988 -1 -2.732 -1 -2.774 -1 -3.132 -1 39
-2.953 -1 -2.644 -1 -2.898 -1 -3.17 -1 278
-3.034 -1 -2.728 -1 -2.728 -1 -3.112 -1 0
-2.92 -1 -2.626 -1 -2.938 -1 -3.164 -1 346
-3.051 -1 -2.744 -1 -2.95 -1 -3.236 -1 194
-3.093 -1 -2.8 -1 -2.894 -1 -3.158 -1 124
-3.026 -1 -2.692 -1 -2.82 -1 -3.172 -1 114
-2.996 -1 -2.634 -1 -2.786 -1 -3.158 -1 151
-2.972 -1 -2.666 -1 -2.74 -1 -3.13 -1 54
-2.935 -1 -2.672 -1 -2.938 -1 -3.164 -1 254
-3.051 -1 -2.742 -1 -2.824 -1 -3.128 -1 91
-2.976 -1 -2.706 -1 -2.716 -1 -3.098 -1 10
-2.907 -1 -2.664 -1 -2.69 -1 -3.05 -1 42
-2.87 -1 -2.584 -1 -2.692 -1 -3.044 -1 64
-2.868 -1 -2.63 -1 -2.968 -1 -3.156 -1 330
-3.062 -1 -2.736 -1 -2.804 -1 -3.144 -2 79
-2.974 -1 -2.636 -1 -2.788 -1 -3.128 -1 136
-2.958 -1 -2.652 -1 -2.916 -1 -3.162 -1 256
-3.039 -1 -2.69 -1 -2.772 -1 -3.068 -1 84
-2.92 -1 -2.608 -1 -2.848 -1 -3.166 -1 234
-3.007 -1 -2.706 -1 -2.89 -1 -3.152 -1 205
-3.021 -1 -2.702 -1 -2.952 -1 -3.242 -1 245
-3.097 -1 -2.8 -1 -2.936 -1 -3.168 -1 115
-3.052 -1 -2.724 -1 -2.934 -1 -3.216 -1 202
-3.075 -1 -2.69 -1 -2.838 -1 -3.108 -1 155
-2.973 -1 -2.652 -1 -2.884 -1 -3.152 -1 224
-3.018 -1 -2.67 -1 -2.83 -1 -3.144 -1 195
-2.987 -1 -2.7 -1 -2.748 -1 -3.062 -1 77
-2.905 -1 -2.58 -1 -2.628 -1 -3.032 -1 56
-2.83 -1 -2.526 -1 -2.826 -1 -3.114 -1 224
-2.97 -1 -2.638 -1 -2.89 -1 -3.134 -1 286
-3.012 -1 -2.67 -1 -2.736 -1 -3.112 -1 105
-2.924 -1 -2.656 -1 -2.862 -1 -3.168 -1 187
-3.015 -1 -2.748 -1 -2.922 -1 -3.178 -1 204
-3.05 -1 -2.738 -1 -2.912 -1 -3.272 -1 186
-3.092 -1 -2.834 -1 -2.866 -1 -3.072 -1 35
-2.969 -1 -2.678 -1 -2.756 -1 -3.102 -1 67
-2.929 -1 -2.686 -1 -2.688 -1 -3.018 -1 1
-2.853 -1 -2.578 -1 -2.826 -1 -3.138 -1 223
-2.982 -1 -2.648 -1 -2.848 -1 -3.166 -1 245
-3.007 -1 -2.724 -1 -3.038 -1 -3.28 -1 347
-3.159 -1 -2.826 -1 -2.976 -1 -3.184 -1 169
-3.08 -1 -2.76 -1 -2.948 -1 -3.148 -1 156
-3.048 -1 -2.738 -1 -2.774 -1 -3.084 -1 34
-2.929 -1 -2.632 -1 -2.696 -1 -3.124 -1 48
-2.91 -1 -2.622 -1 -2.65 -1 -2.99 -1 30
-2.82 -1 -2.534 -1 -2.706 -1 -3.068 -1 118
-2.887 -1 -2.582 -1 -2.828 -1 -3.142 -1 156
-2.985 -1 -2.638 -1 -2.984 -1 -3.242 -1 319
-3.113 -1 -2.782 -1 -2.838 -1 -3.134 -1 50
-2.986 -1 -2.72 -1 -2.846 -1 -3.164 -1 138
-3.005 -1 -2.702 -1 -2.892 -1 -3.208 -1 203
-3.05 -1 -2.682 -1 -2.914 -1 -3.24 -1 236
-3.077 -1 -2.746 -1 -2.884 -1 -3.158 -1 143
-3.021 -1 -2.688 -1 -2.934 -1 -3.134 -1 285
-3.034 -1 -2.692 -1 -2.708 -1 -3.14 -1 28
-2.924 -1 -2.632 -1 -2.896 -1 -3.238 -1 279
-3.067 -1 -2.708 -1 -2.972 -1 -3.256 -1 322
-3.114 -1 -2.788 -1 -3.074 -1 -3.332 -1 317
-3.203 -1 -2.894 -1 -3.046 -1 -3.268 -1 189
-3.157 -1 -2.866 -1 -3.054 -1 -3.304 -1 234
-3.179 -1 -2.88 -1 -2.988 -1 -3.228 0 123
