9 1000 0 1 116 0 0 0 0
-3.706 -1 -3.554 -1 -3.554 -1 -3.656 -2 0
-3.605 -1 -3.468 -2 -3.468 -2 -3.538 -1 0
-3.503 -1 -3.372 -1 -3.372 -1 -3.57 -2 0
-3.471 -1 -3.356 -1 -3.356 -1 -3.458 -2 0
-3.407 -1 -3.242 -1 -3.242 -1 -3.454 -1 0
-3.348 -1 -3.252 -1 -3.252 -1 -3.324 -1 0
-3.288 -1 -3.204 -2 -3.204 -2 -3.366 -1 0
-3.285 -1 -3.162 -1 -3.162 -1 -3.358 -1 0
-3.26 -1 -3.164 -1 -3.164 -1 -3.304 -1 0
-3.234 -1 -3.05 -1 -3.05 -1 -3.316 -1 0
-3.183 -1 -3.07 -1 -3.07 -1 -3.314 -1 0
-3.192 -1 -3.078 -1 -3.078 -1 -3.252 -2 0
-3.165 -1 -3.018 -1 -3.018 -1 -3.21 -1 0
-3.114 -1 -3.014 -1 -3.014 -1 -3.28 -1 0
-3.147 -1 -3.022 -1 -3.022 -1 -3.132 -1 0
-3.077 -1 -2.934 -1 -2.934 -1 -3.218 -1 0
-3.076 -1 -2.962 -1 -2.962 -1 -3.19 -1 0
-3.076 -1 -2.968 -1 -2.968 -1 -3.182 -1 0
-3.075 -1 -2.88 -1 -2.88 -1 -3.128 -1 0
-3.004 -1 -2.85 -1 -2.85 -1 -3.158 -1 0
-3.004 -1 -2.874 -1 -2.874 -1 -3.12 -1 0
-2.997 -1 -2.854 -1 -2.854 -1 -3.068 -1 0
-2.961 -1 -2.874 -1 -2.874 -1 -3.106 -1 0
-2.99 -1 -2.838 -1 -2.838 -1 -3.086 -1 0
-2.962 -1 -2.878 -1 -2.878 -1 -3.082 -1 0
-2.98 -1 -2.836 -1 -2.836 -1 -3.192 -1 0
-3.014 -1 -2.896 -1 -2.896 -1 -3.16 -1 0
-3.028 -1 -2.904 -1 -2.904 -1 -3.18 -1 0
-3.042 -1 -2.962 -1 -2.962 -1 -3.124 -1 0
-3.043 -1 -2.93 -1 -2.93 -1 -3.15 -1 0
-3.04 -1 -2.914 -1 -2.914 -1 -3.078 -1 0
-2.996 -1 -2.884 -1 -2.884 -1 -3.06 -1 0
-2.972 -1 -2.868 -1 -2.868 -1 -3.054 -1 0
-2.961 -1 -2.864 -1 -2.864 -1 -3.142 -1 0
-3.003 -1 -2.87 -1 -2.87 -1 -3.094 -1 0
-2.982 -1 -2.866 -1 -2.866 -1 -3.084 -1 0
-2.975 -1 -2.852 -1 -2.852 -1 -3.07 -1 0
-2.961 -1 -2.798 -1 -2.798 -1 -3.08 -1 0
-2.939 -1 -2.828 -1 -2.828 -1 -3.102 -1 0
-2.965 -1 -2.878 -1 -2.878 -1 -3.062 -1 0
-2.97 -1 -2.852 -1 -2.852 -1 -3.136 -1 0
-2.994 -1 -2.88 -1 -2.88 -1 -3.026 -1 0
-2.953 -1 -2.816 -1 -2.816 -1 -3.09 -1 0
-2.953 -1 -2.872 -1 -2.872 -1 -3.078 -1 0
-2.975 -1 -2.896 -1 -2.896 -1 -3.112 -1 0
-3.004 -1 -2.872 -1 -2.872 -1 -3.038 -1 0
-2.955 -1 -2.81 -1 -2.81 -1 -3.02 -1 0
-2.915 -1 -2.852 -1 -2.852 -1 -3.056 -1 0
-2.954 -1 -2.844 -1 -2.844 -1 -3.152 -1 0
-2.998 -1 -2.854 -1 -2.854 -1 -3.014 -1 0
-2.934 -1 -2.802 -1 -2.802 -1 -3.008 -1 0
-2.905 -1 -2.804 -1 -2.804 -1 -3.064 -1 0
-2.934 -1 -2.802 -1 -2.802 -1 -3.032 -1 0
-2.917 -1 -2.794 -1 -2.794 -1 -2.98 -1 0
-2.887 -1 -2.756 -1 -2.756 -1 -3.028 -1 0
-2.892 -1 -2.776 -1 -2.776 -1 -2.998 -1 0
-2.887 -1 -2.756 -1 -2.756 -1 -2.97 -1 0
-2.863 -1 -2.738 -1 -2.738 -1 -2.98 -1 0
-2.859 -1 -2.728 -1 -2.728 -1 -3.012 -1 0
-2.87 -1 -2.718 -1 -2.718 -1 -2.944 -1 0
-2.831 -1 -2.736 -1 -2.736 -1 -2.966 -1 0
-2.851 -1 -2.748 -1 -2.748 -1 -2.9 -1 0
-2.824 -1 -2.688 -1 -2.688 -1 -2.854 -1 0
-2.771 -1 -2.648 -1 -2.648 -1 -2.868 -1 0
-2.758 -1 -2.686 -1 -2.686 -1 -2.938 -1 0
-2.812 -1 -2.704 -1 -2.704 -1 -2.902 -1 0
-2.803 -1 -2.67 -1 -2.67 -1 -2.908 -1 0
-2.789 -1 -2.698 -1 -2.698 -1 -2.906 -1 0
-2.802 -1 -2.686 -1 -2.686 -1 -2.96 -1 0
-2.823 -1 -2.734 -1 -2.734 -1 -2.948 -1 0
-2.841 -1 -2.742 -1 -2.742 -1 -2.988 -1 0
-2.865 -1 -2.728 -1 -2.728 -1 -2.91 -1 0
-2.819 -1 -2.7 -1 -2.7 -1 -2.95 -1 0
-2.825 -1 -2.7 -1 -2.7 -1 -2.942 -1 0
-2.821 -1 -2.708 -1 -2.708 -1 -2.914 -1 0
-2.811 -1 -2.716 -1 -2.716 -1 -2.896 -1 0
-2.806 -1 -2.672 -1 -2.672 -1 -2.968 -1 0
-2.82 -1 -2.732 -1 -2.732 -1 -2.982 -1 0
-2.857 -1 -2.764 -1 -2.764 -1 -2.914 -1 0
-2.839 -1 -2.736 -1 -2.736 -1 -2.944 -1 0
-2.84 -1 -2.716 -1 -2.716 -1 -2.97 -1 0
-2.843 -1 -2.722 -1 -2.722 -1 -2.93 -1 0
-2.826 -1 -2.714 -1 -2.714 -1 -2.926 -1 0
-2.82 -1 -2.718 -1 -2.718 -1 -2.89 -1 0
-2.804 -1 -2.674 -1 -2.674 -1 -2.842 -1 0
-2.758 -1 -2.624 -1 -2.624 -1 -2.884 -1 0
-2.754 -1 -2.62 -1 -2.62 -1 -2.814 -1 0
-2.717 -1 -2.602 -1 -2.602 -1 -2.84 -1 0
-2.721 -1 -2.572 -1 -2.572 -1 -2.834 -1 0
-2.703 -1 -2.576 -1 -2.576 -1 -2.822 -1 0
-2.699 -1 -2.57 -1 -2.57 -1 -2.824 -1 0
-2.697 -1 -2.55 -1 -2.55 -1 -2.802 -1 0
-2.676 -1 -2.566 -1 -2.566 -1 -2.784 -1 0
-2.675 -1 -2.594 -1 -2.594 -1 -2.788 -1 0
-2.691 -1 -2.594 -1 -2.594 -1 -2.754 -1 0
-2.674 -1 -2.586 -1 -2.586 -1 -2.758 -1 0
-2.672 -1 -2.554 -1 -2.554 -1 -2.758 -1 0
-2.656 -1 -2.536 -1 -2.536 -1 -2.762 -1 0
-2.649 -1 -2.528 -1 -2.528 -1 -2.752 -1 0
-2.64 -1 -2.496 -1 -2.496 -1 -2.73 -1 0
-2.613 -1 -2.484 -1 -2.484 -1 -2.732 -1 0
-2.608 -1 -2.498 -1 -2.498 -1 -2.726 -1 0
-2.612 -1 -2.464 -1 -2.464 -1 -2.642 -1 0
-2.553 -1 -2.394 -1 -2.394 -1 -2.616 -1 0
-2.505 -1 -2.39 -1 -2.39 -1 -2.666 -1 0
-2.528 -1 -2.352 -1 -2.352 -1 -2.598 -1 0
-2.475 -1 -2.348 -1 -2.348 -1 -2.592 -1 0
-2.47 -1 -2.354 -1 -2.354 -1 -2.55 -1 0
-2.452 -1 -2.296 -1 -2.296 -1 -2.57 -1 0
-2.433 -1 -2.35 -1 -2.35 -1 -2.562 -1 0
-2.456 -1 -2.318 -1 -2.318 -1 -2.548 -1 0
-2.433 -1 -2.296 -1 -2.296 -1 -2.5 -1 0
-2.398 -1 -2.242 -1 -2.242 -1 -2.516 -1 0
-2.379 -1 -2.272 -1 -2.272 -1 -2.494 -1 0
-2.383 -1 -2.29 -1 -2.29 -1 -2.49 -1 0
-2.39 -1 -2.204 -1 -2.204 -1 -2.39 0 0
