9 1000 0.2 10 53 0 0 0 0
-3.579 -1 -3.066 -1 -3.142 -1 -3.338 -2 56
-3.24 -1 -2.864 -1 -2.866 -1 -3.216 -2 2
-3.041 -1 -2.652 -1 -2.716 -1 -3.112 -1 41
-2.914 -1 -2.536 -1 -2.618 -1 -2.982 -1 66
-2.8 -1 -2.422 -1 -2.428 -1 -2.976 -1 2
-2.702 -1 -2.356 -1 -2.488 -1 -2.964 -1 86
-2.726 -1 -2.348 -1 -2.45 -1 -2.98 -1 84
-2.715 -1 -2.334 -1 -2.358 -1 -2.876 -1 11
-2.617 -1 -2.304 -1 -2.352 -1 -2.852 -1 34
-2.602 -1 -2.27 -1 -2.424 -1 -2.934 -1 98
-2.679 -1 -2.274 -1 -2.402 -1 -2.922 -1 81
-2.662 -1 -2.26 -1 -2.294 -1 -2.842 -1 30
-2.568 -1 -2.234 -1 -2.334 -1 -2.906 -1 64
-2.62 -1 -2.274 -1 -2.336 -1 -2.792 -1 39
-2.564 -1 -2.184 -1 -2.35 -1 -2.818 -1 95
-2.584 -1 -2.21 -1 -2.268 -1 -2.85 -1 54
-2.559 -1 -2.21 -1 -2.26 -1 -2.79 -1 40
-2.525 -1 -2.178 -1 -2.35 -1 -2.85 -1 90
-2.6 -1 -2.196 -1 -2.2 -1 -2.782 -1 2
-2.491 -1 -2.13 -1 -2.226 -1 -2.808 -1 50
-2.517 -1 -2.182 -1 -2.32 -1 -2.884 -1 97
-2.602 -1 -2.222 -1 -2.296 -1 -2.792 -1 37
-2.544 -1 -2.174 -1 -2.212 -1 -2.752 -1 23
-2.482 -1 -2.136 -1 -2.28 -1 -2.796 -1 92
-2.538 -1 -2.174 -1 -2.314 -1 -2.826 -1 85
-2.57 -1 -2.202 -1 -2.354 -1 -2.756 -1 63
-2.555 -1 -2.124 -1 -2.184 -1 -2.66 -1 50
-2.422 -1 -2.074 -1 -2.154 -1 -2.638 -1 42
-2.396 -1 -2.05 -1 -2.146 -1 -2.74 -1 48
-2.443 -1 -2.092 -1 -2.196 -1 -2.708 -1 58
-2.452 -1 -2.08 -1 -2.108 -1 -2.622 -1 13
-2.365 -1 -2.02 -1 -2.098 -1 -2.6 -1 47
-2.349 -1 -1.988 -1 -2.124 -1 -2.644 -1 73
-2.384 -1 -2.024 -1 -2.122 -1 -2.676 -1 50
-2.399 -1 -2.04 -1 -2.146 -1 -2.712 -1 63
-2.429 -1 -2.05 -1 -2.212 -1 -2.708 -1 92
-2.46 -1 -2.084 -1 -2.236 -1 -2.68 -1 73
-2.458 -1 -2.072 -1 -2.138 -1 -2.678 -1 39
-2.408 -1 -2.042 -1 -2.108 -1 -2.648 -1 33
-2.378 -1 -2.036 -1 -2.168 -1 -2.702 -1 61
-2.435 -1 -2.056 -1 -2.09 -1 -2.634 -1 35
-2.362 -1 -2.006 -1 -2.114 -1 -2.614 -1 63
-2.364 -1 -1.972 -1 -2.152 -1 -2.662 -1 92
-2.407 -1 -2.036 -1 -2.15 -1 -2.61 -1 52
-2.38 -1 -2.02 -1 -2.028 -1 -2.516 -1 8
-2.272 -1 -1.946 -1 -2.002 -1 -2.598 -1 32
-2.3 -1 -1.962 -1 -2.02 -1 -2.598 -1 21
-2.309 -1 -1.956 -1 -2.098 -1 -2.65 -1 78
-2.374 -1 -1.972 -1 -1.996 -1 -2.484 -1 12
-2.24 -1 -1.92 -1 -2.122 -1 -2.594 -1 96
-2.358 -1 -1.994 -1 -2.168 -1 -2.588 -1 90
-2.378 -1 -2.01 -1 -2.122 -1 -2.616 -1 64
-2.369 -1 -1.974 -1 -2 -1 -2.486 0 11
