8 1000 0.3 10 19 0 0 0 0
-3.425 -1 -2.95 -1 -3.014 -1 -3.182 -1 87
-3.098 -1 -2.678 -1 -2.788 -1 -3.09 -1 147
-2.939 -1 -2.54 -1 -2.584 -1 -2.914 -1 30
-2.749 -1 -2.374 -1 -2.474 -1 -2.924 -1 89
-2.699 -1 -2.358 -1 -2.404 -1 -2.872 -1 36
-2.638 -1 -2.322 -1 -2.514 -1 -2.882 -1 140
-2.698 -1 -2.342 -1 -2.43 -1 -2.844 -1 56
-2.637 -1 -2.24 -1 -2.322 -1 -2.848 -1 46
-2.585 -1 -2.208 -1 -2.298 -1 -2.792 -1 109
-2.545 -1 -2.188 -1 -2.254 -1 -2.75 -1 39
-2.502 -1 -2.168 -1 -2.294 -1 -2.746 -1 72
-2.52 -1 -2.144 -1 -2.178 -1 -2.734 -1 21
-2.456 -1 -2.108 -1 -2.226 -1 -2.676 -1 82
-2.451 -1 -2.094 -1 -2.174 -1 -2.708 -1 54
-2.441 -1 -2.142 -1 -2.382 -1 -2.728 -1 143
-2.555 -1 -2.132 -1 -2.22 -1 -2.688 -1 44
-2.454 -1 -2.064 -1 -2.186 -1 -2.752 -1 74
-2.469 -1 -2.072 -1 -2.148 -1 -2.664 -1 45
-2.406 -1 -2.078 -1 -2.168 -1 -2.612 0 56
