9 1000 0 5 23 0 0 0 0
-3.689 -1 -3.29 -1 -3.29 -1 -3.498 -1 0
-3.394 -1 -2.976 -1 -2.976 -1 -3.246 -1 0
-3.111 -1 -2.764 -1 -2.764 -1 -3.168 -1 0
-2.966 -1 -2.624 -1 -2.624 -1 -3.088 -2 0
-2.856 -1 -2.522 -1 -2.522 -1 -3.012 -1 0
-2.767 -1 -2.462 -1 -2.462 -1 -2.896 -1 0
-2.679 -1 -2.388 -1 -2.388 -1 -2.926 -1 0
-2.657 -1 -2.338 -1 -2.338 -1 -2.888 -1 0
-2.613 -1 -2.328 -1 -2.328 -1 -2.876 -1 0
-2.602 -1 -2.308 -1 -2.308 -1 -2.836 -1 0
-2.572 -1 -2.296 -1 -2.296 -1 -2.804 -1 0
-2.55 -1 -2.276 -1 -2.276 -1 -2.804 -1 0
-2.54 -1 -2.23 -1 -2.23 -1 -2.772 -1 0
-2.501 -1 -2.24 -1 -2.24 -1 -2.76 -1 0
-2.5 -1 -2.262 -1 -2.262 -1 -2.814 -1 0
-2.538 -1 -2.21 -1 -2.21 -1 -2.794 -1 0
-2.502 -1 -2.194 -1 -2.194 -1 -2.722 -1 0
-2.458 -1 -2.178 -1 -2.178 -1 -2.716 -1 0
-2.447 -1 -2.14 -1 -2.14 -1 -2.698 -1 0
-2.419 -1 -2.144 -1 -2.144 -1 -2.688 -1 0
-2.416 -1 -2.13 -1 -2.13 -1 -2.712 -1 0
-2.421 -1 -2.094 -1 -2.094 -1 -2.642 -1 0
-2.368 -1 -2.068 -1 -2.068 -1 -2.652 0 0
