8 1000 1 6 177 0 0 0 0
-3.406 -1 -2.958 -1 -2.962 -1 -3.208 -1 15
-3.085 -1 -2.72 -1 -2.856 -1 -3.174 -1 128
-3.015 -1 -2.642 -1 -2.822 -1 -3.136 -1 199
-2.979 -1 -2.562 -1 -2.684 -1 -3 -1 64
-2.842 -1 -2.44 -1 -2.774 -1 -3.062 -1 309
-2.918 -1 -2.528 -1 -2.924 -1 -3.114 -1 423
-3.019 -1 -2.556 -1 -2.896 -1 -3.12 -1 392
-3.008 -1 -2.612 -1 -2.87 -1 -3.086 -1 287
-2.978 -1 -2.54 -1 -2.756 -1 -3.036 -1 283
-2.896 -1 -2.472 -1 -2.484 -1 -2.872 -1 6
-2.678 -1 -2.302 -1 -2.366 -1 -2.856 -1 35
-2.611 -1 -2.276 -1 -2.292 -1 -2.816 -1 27
-2.554 -1 -2.204 -1 -2.568 -1 -2.966 -1 317
-2.767 -1 -2.36 -1 -2.388 -1 -2.762 -1 21
-2.575 -1 -2.246 -1 -2.462 -1 -2.872 -1 214
-2.667 -1 -2.292 -1 -2.476 -1 -2.862 -1 142
-2.669 -1 -2.27 -1 -2.67 -1 -2.962 -1 433
-2.816 -1 -2.432 -1 -2.798 -1 -3.078 -1 415
-2.938 -1 -2.496 -1 -2.66 -1 -2.938 -1 147
-2.799 -1 -2.398 -1 -2.618 -1 -3.002 -1 214
-2.81 -1 -2.392 -1 -2.584 -1 -2.856 -1 190
-2.72 -1 -2.312 -1 -2.738 -1 -3.028 -1 407
-2.883 -1 -2.472 -1 -2.846 -1 -3.022 -1 386
-2.934 -1 -2.482 -1 -2.82 -1 -3.126 -1 354
-2.973 -1 -2.536 -1 -2.702 -1 -2.97 -1 147
-2.836 -1 -2.41 -1 -2.858 -1 -3.066 -1 474
-2.962 -1 -2.572 -1 -2.98 -1 -3.1 -1 463
-3.04 -1 -2.61 -1 -2.824 -1 -3.064 -1 249
-2.944 -1 -2.572 -1 -2.582 -1 -3.042 -1 23
-2.812 -1 -2.496 -1 -2.564 -1 -2.93 -1 82
-2.747 -1 -2.408 -1 -2.736 -1 -3.05 -1 318
-2.893 -1 -2.462 -1 -2.588 -1 -2.934 -1 97
-2.761 -1 -2.364 -1 -2.844 -1 -3.118 -1 488
-2.981 -1 -2.572 -1 -2.808 -1 -3.07 -1 245
-2.939 -1 -2.552 -1 -2.894 -1 -3.136 -1 405
-3.015 -1 -2.61 -1 -2.732 -1 -2.976 -1 132
-2.854 -1 -2.442 -1 -2.838 -1 -3.09 -1 436
-2.964 -1 -2.49 -1 -2.92 -1 -3.164 -1 478
-3.042 -1 -2.638 -1 -2.906 -1 -3.102 -1 322
-3.004 -1 -2.582 -1 -2.92 -1 -3.182 -1 408
-3.051 -1 -2.624 -1 -2.652 -1 -2.98 -1 52
-2.816 -1 -2.428 -1 -2.474 -1 -3.016 -1 42
-2.745 -1 -2.374 -1 -2.558 -1 -2.928 -1 176
-2.743 -1 -2.326 -1 -2.758 -1 -2.994 -1 457
-2.876 -1 -2.45 -1 -2.804 -1 -3.064 -1 396
-2.934 -1 -2.472 -1 -2.472 -1 -2.954 -1 1
-2.713 -1 -2.36 -1 -2.65 -1 -2.994 -1 277
-2.822 -1 -2.42 -1 -2.792 -1 -3.078 -1 463
-2.935 -1 -2.528 -1 -2.924 -1 -3.18 -1 414
-3.052 -1 -2.636 -1 -2.866 -1 -3.128 -1 288
-2.997 -1 -2.542 -1 -3.008 -1 -3.142 -1 485
-3.075 -1 -2.654 -1 -2.874 -1 -3.21 -1 232
-3.042 -1 -2.6 -1 -2.652 -1 -2.976 -1 53
-2.814 -1 -2.402 -1 -2.514 -1 -2.878 -1 112
-2.696 -1 -2.33 -1 -2.598 -1 -2.964 -1 259
-2.781 -1 -2.382 -1 -2.702 -1 -3.006 -1 351
-2.854 -1 -2.446 -1 -2.548 -1 -2.93 -1 117
-2.739 -1 -2.398 -1 -2.698 -1 -2.996 -1 352
-2.847 -1 -2.466 -1 -2.658 -1 -2.994 -1 198
-2.826 -1 -2.438 -1 -2.768 -1 -3.048 -1 351
-2.908 -1 -2.474 -1 -2.76 -1 -3.076 -1 324
-2.918 -1 -2.534 -1 -2.864 -1 -3.14 -1 449
-3.002 -1 -2.528 -1 -2.57 -1 -2.96 -1 66
-2.765 -1 -2.422 -1 -2.51 -1 -2.944 -1 79
-2.727 -1 -2.344 -1 -2.566 -1 -2.898 -1 162
-2.732 -1 -2.322 -1 -2.522 -1 -2.888 -1 187
-2.705 -1 -2.26 -1 -2.624 -1 -3.016 -1 267
-2.82 -1 -2.424 -1 -2.622 -1 -2.958 -1 142
-2.79 -1 -2.424 -1 -2.622 -1 -2.976 -1 168
-2.799 -1 -2.428 -1 -2.546 -1 -2.932 -1 97
-2.739 -1 -2.356 -1 -2.61 -1 -2.892 -1 271
-2.751 -1 -2.322 -1 -2.492 -1 -2.924 -1 156
-2.708 -1 -2.33 -1 -2.584 -1 -2.992 -1 260
-2.788 -1 -2.368 -1 -2.716 -1 -2.992 -1 333
-2.854 -1 -2.424 -1 -2.704 -1 -3.032 -1 260
-2.868 -1 -2.428 -1 -2.836 -1 -3.064 -1 358
-2.95 -1 -2.542 -1 -2.638 -1 -2.994 -1 90
-2.816 -1 -2.43 -1 -2.934 -1 -3.16 -1 499
-3.047 -1 -2.584 -1 -2.822 -1 -3.082 -1 284
-2.952 -1 -2.546 -1 -2.768 -1 -3.046 -1 241
-2.907 -1 -2.514 -1 -2.778 -1 -3.022 -1 263
-2.9 -1 -2.462 -1 -2.764 -1 -2.964 -1 234
-2.864 -1 -2.486 -1 -2.692 -1 -3.036 -1 199
-2.864 -1 -2.476 -1 -2.706 -1 -2.998 -1 221
-2.852 -1 -2.466 -1 -2.558 -1 -2.908 -1 63
-2.733 -1 -2.366 -1 -2.604 -1 -2.984 -1 157
-2.794 -1 -2.41 -1 -2.424 -1 -2.908 -1 24
-2.666 -1 -2.27 -1 -2.628 -1 -2.99 -1 303
-2.809 -1 -2.38 -1 -2.684 -1 -3.006 -1 256
-2.845 -1 -2.422 -1 -2.612 -1 -2.966 -1 170
-2.789 -1 -2.394 -1 -2.41 -1 -2.856 -1 17
-2.633 -1 -2.27 -1 -2.372 -1 -2.816 -1 62
-2.594 -1 -2.244 -1 -2.43 -1 -2.868 -1 141
-2.649 -1 -2.276 -1 -2.382 -1 -2.872 -1 85
-2.627 -1 -2.272 -1 -2.574 -1 -2.874 -1 220
-2.724 -1 -2.36 -1 -2.476 -1 -2.894 -1 129
-2.685 -1 -2.34 -1 -2.714 -1 -2.986 -1 373
-2.85 -1 -2.418 -1 -2.784 -1 -2.98 -1 285
-2.882 -1 -2.486 -1 -2.57 -1 -2.962 -1 76
-2.766 -1 -2.37 -1 -2.646 -1 -2.97 -1 255
-2.808 -1 -2.41 -1 -2.576 -1 -2.96 -1 165
-2.768 -1 -2.392 -1 -2.454 -1 -2.914 -1 59
-2.684 -1 -2.292 -1 -2.524 -1 -2.892 -1 197
-2.708 -1 -2.32 -1 -2.81 -1 -3.03 -1 473
-2.92 -1 -2.476 -1 -2.83 -1 -3.064 -1 341
-2.947 -1 -2.528 -1 -2.654 -1 -2.976 -1 162
-2.815 -1 -2.43 -1 -2.722 -1 -2.936 -1 310
-2.829 -1 -2.408 -1 -2.502 -1 -2.888 -1 73
-2.695 -1 -2.31 -1 -2.666 -1 -3.002 -1 320
-2.834 -1 -2.42 -1 -2.502 -1 -2.88 -1 76
-2.691 -1 -2.298 -1 -2.666 -1 -2.962 -1 387
-2.814 -1 -2.428 -1 -2.678 -1 -3.062 -1 229
-2.87 -1 -2.43 -1 -2.808 -1 -3.154 -1 308
-2.981 -1 -2.588 -1 -2.756 -1 -3.048 -1 178
-2.902 -1 -2.478 -1 -2.81 -1 -3.048 -1 346
-2.929 -1 -2.53 -1 -2.53 -1 -3.006 -1 0
-2.768 -1 -2.42 -1 -2.756 -1 -3.016 -1 307
-2.886 -1 -2.502 -1 -2.876 -1 -3.106 -1 415
-2.991 -1 -2.58 -1 -2.798 -1 -3.116 -1 269
-2.957 -1 -2.54 -1 -2.856 -1 -3.102 -1 337
-2.979 -1 -2.602 -1 -2.672 -1 -3.028 -1 88
-2.85 -1 -2.452 -1 -2.66 -1 -3.024 -1 252
-2.842 -1 -2.464 -1 -2.78 -1 -3.076 -1 348
-2.928 -1 -2.536 -1 -2.95 -1 -3.214 -1 468
-3.082 -1 -2.626 -1 -2.694 -1 -3.004 -1 78
-2.849 -1 -2.462 -1 -2.516 -1 -2.922 -1 52
-2.719 -1 -2.386 -1 -2.636 -1 -3.006 -1 223
-2.821 -1 -2.412 -1 -2.59 -1 -2.976 -1 169
-2.783 -1 -2.4 -1 -2.758 -1 -3.02 -1 349
-2.889 -1 -2.454 -1 -2.716 -1 -2.992 -1 284
-2.854 -1 -2.466 -1 -2.648 -1 -3.002 -1 168
-2.825 -1 -2.414 -1 -2.876 -1 -3.15 -1 454
-3.013 -1 -2.586 -1 -2.924 -1 -3.188 -1 442
-3.056 -1 -2.62 -1 -2.884 -1 -3.176 -1 373
-3.03 -1 -2.61 -1 -2.998 -1 -3.226 -1 488
-3.112 -1 -2.682 -1 -2.864 -1 -3.102 -1 365
-2.983 -1 -2.568 -1 -2.752 -1 -3.03 -1 157
-2.891 -1 -2.556 -1 -2.924 -1 -3.114 -1 437
-3.019 -1 -2.59 -1 -2.788 -1 -3.066 -1 219
-2.927 -1 -2.504 -1 -2.738 -1 -3.096 -1 290
-2.917 -1 -2.52 -1 -2.816 -1 -3.096 -1 311
-2.956 -1 -2.556 -1 -2.956 -1 -3.24 -1 491
-3.098 -1 -2.726 -1 -3.114 -1 -3.286 -1 458
-3.2 -1 -2.78 -1 -3.124 -1 -3.236 -1 478
-3.18 -1 -2.756 -1 -2.848 -1 -3.166 -1 145
-3.007 -1 -2.604 -1 -2.754 -1 -3.07 -1 156
-2.912 -1 -2.514 -1 -2.722 -1 -3.124 -1 225
-2.923 -1 -2.522 -1 -2.636 -1 -3.044 -1 128
-2.84 -1 -2.458 -1 -2.706 -1 -2.974 -1 267
-2.84 -1 -2.458 -1 -2.524 -1 -2.96 -1 42
-2.742 -1 -2.416 -1 -2.688 -1 -3.012 -1 270
-2.85 -1 -2.488 -1 -2.862 -1 -3.11 -1 358
-2.986 -1 -2.596 -1 -2.756 -1 -3.07 -1 181
-2.913 -1 -2.532 -1 -2.798 -1 -3.026 -1 274
-2.912 -1 -2.49 -1 -2.568 -1 -2.986 -1 51
-2.777 -1 -2.422 -1 -2.532 -1 -2.88 -1 102
-2.706 -1 -2.368 -1 -2.696 -1 -3.002 -1 266
-2.849 -1 -2.456 -1 -2.676 -1 -3.046 -1 210
-2.861 -1 -2.45 -1 -2.596 -1 -2.89 -1 181
-2.743 -1 -2.382 -1 -2.796 -1 -3.066 -1 389
-2.931 -1 -2.496 -1 -2.672 -1 -2.994 -1 187
-2.833 -1 -2.43 -1 -2.57 -1 -2.958 -1 187
-2.764 -1 -2.398 -1 -2.492 -1 -2.864 -1 62
-2.678 -1 -2.314 -1 -2.812 -1 -3.084 -1 462
-2.948 -1 -2.506 -1 -2.758 -1 -2.986 -1 270
-2.872 -1 -2.456 -1 -2.932 -1 -3.118 -1 495
-3.025 -1 -2.574 -1 -2.86 -1 -3.086 -1 392
-2.973 -1 -2.544 -1 -2.548 -1 -2.936 -1 2
-2.742 -1 -2.366 -1 -2.812 -1 -3.078 -1 464
-2.945 -1 -2.52 -1 -2.594 -1 -3.004 -1 101
-2.799 -1 -2.412 -1 -2.818 -1 -3.124 -1 378
-2.971 -1 -2.536 -1 -2.81 -1 -3.052 -1 369
-2.931 -1 -2.506 -1 -2.512 -1 -2.94 -1 3
-2.726 -1 -2.364 -1 -2.404 -1 -2.918 -1 50
-2.661 -1 -2.3 -1 -2.838 -1 -3.098 -1 488
-2.968 -1 -2.54 -1 -2.79 -1 -3.042 -1 306
-2.916 -1 -2.522 -1 -2.7 -1 -2.958 0 165
