10 1000 0.6 8 2133 0 0 0 0
-3.798 -1 -3.274 -1 -3.28 -1 -3.538 -1 19
-3.409 -1 -3.01 -1 -3.048 -1 -3.32 -2 24
-3.184 -1 -2.84 -1 -2.874 -1 -3.3 -1 28
-3.087 -1 -2.732 -1 -2.958 -1 -3.374 -2 214
-3.166 -1 -2.766 -1 -3.02 -1 -3.278 -1 233
-3.149 -1 -2.74 -1 -2.836 -1 -3.246 -1 69
-3.041 -1 -2.634 -1 -2.686 -1 -3.178 -1 34
-2.932 -1 -2.566 -1 -2.844 -1 -3.208 -1 202
-3.026 -1 -2.626 -1 -2.832 -1 -3.22 -1 179
-3.026 -1 -2.586 -1 -2.598 -1 -3.096 -1 9
-2.847 -1 -2.49 -1 -2.558 -1 -3.048 -1 50
-2.803 -1 -2.442 -1 -2.818 -1 -3.27 -1 241
-3.044 -1 -2.566 -1 -2.818 -1 -3.23 -1 170
-3.024 -1 -2.602 -1 -2.916 -1 -3.356 -1 267
-3.136 -1 -2.666 -1 -2.846 -1 -3.25 -1 193
-3.048 -1 -2.63 -1 -2.822 -1 -3.242 -1 142
-3.032 -1 -2.596 -1 -2.596 -1 -3.068 -1 0
-2.832 -1 -2.524 -1 -2.892 -1 -3.236 -1 263
-3.064 -1 -2.606 -1 -2.768 -1 -3.164 -1 137
-2.966 -1 -2.55 -1 -2.828 -1 -3.198 -1 246
-3.013 -1 -2.544 -1 -2.618 -1 -3.116 -1 44
-2.867 -1 -2.482 -1 -2.654 -1 -2.996 -1 101
-2.825 -1 -2.43 -1 -2.556 -1 -3.03 -1 66
-2.793 -1 -2.388 -1 -2.59 -1 -3.004 -1 129
-2.797 -1 -2.394 -1 -2.832 -1 -3.206 -1 266
-3.019 -1 -2.52 -1 -2.656 -1 -3.082 -1 92
-2.869 -1 -2.432 -1 -2.806 -1 -3.148 -1 278
-2.977 -1 -2.518 -1 -2.708 -1 -3.174 -1 142
-2.941 -1 -2.512 -1 -2.78 -1 -3.186 -1 171
-2.983 -1 -2.494 -1 -2.608 -1 -3.032 -1 68
-2.82 -1 -2.43 -1 -2.702 -1 -3.06 -1 151
-2.881 -1 -2.454 -1 -2.838 -1 -3.256 -1 296
-3.047 -1 -2.566 -1 -2.888 -1 -3.23 -1 230
-3.059 -1 -2.59 -1 -2.734 -1 -3.158 -1 103
-2.946 -1 -2.524 -1 -2.87 -1 -3.262 -1 235
-3.066 -1 -2.63 -1 -2.748 -1 -3.158 -1 67
-2.953 -1 -2.534 -1 -2.636 -1 -3.144 -1 75
-2.89 -1 -2.49 -1 -2.708 -1 -3.08 -1 153
-2.894 -1 -2.474 -1 -2.614 -1 -3.032 -1 90
-2.823 -1 -2.428 -1 -2.62 -1 -3.052 -1 111
-2.836 -1 -2.426 -1 -2.822 -1 -3.204 -1 280
-3.013 -1 -2.574 -1 -2.694 -1 -3.13 -1 83
-2.912 -1 -2.486 -1 -2.63 -1 -3.066 -1 96
-2.848 -1 -2.45 -1 -2.776 -1 -3.18 -1 286
-2.978 -1 -2.522 -1 -2.85 -1 -3.222 -1 233
-3.036 -1 -2.606 -1 -2.688 -1 -3.174 -1 58
-2.931 -1 -2.558 -1 -2.82 -1 -3.144 -1 191
-2.982 -1 -2.516 -1 -2.69 -1 -3.086 -1 114
-2.888 -1 -2.52 -1 -2.564 -1 -2.964 -1 24
-2.764 -1 -2.396 -1 -2.464 -1 -2.926 -1 44
-2.695 -1 -2.378 -1 -2.618 -1 -3.122 -1 206
-2.87 -1 -2.5 -1 -2.636 -1 -3.086 -1 87
-2.861 -1 -2.448 -1 -2.786 -1 -3.18 -1 219
-2.983 -1 -2.542 -1 -2.838 -1 -3.156 -1 204
-2.997 -1 -2.518 -1 -2.558 -1 -3.086 -1 24
-2.822 -1 -2.442 -1 -2.658 -1 -3.044 -1 159
-2.851 -1 -2.46 -1 -2.622 -1 -3.028 -1 83
-2.825 -1 -2.47 -1 -2.662 -1 -3.114 -1 111
-2.888 -1 -2.466 -1 -2.686 -1 -3.076 -1 149
-2.881 -1 -2.478 -1 -2.594 -1 -3.018 -1 78
-2.806 -1 -2.422 -1 -2.81 -1 -3.094 -1 245
-2.952 -1 -2.5 -1 -2.788 -1 -3.174 -1 216
-2.981 -1 -2.53 -1 -2.592 -1 -3.018 -1 52
-2.805 -1 -2.442 -1 -2.48 -1 -2.91 -1 26
-2.695 -1 -2.31 -1 -2.69 -1 -3.108 -1 262
-2.899 -1 -2.446 -1 -2.644 -1 -3.082 -1 100
-2.863 -1 -2.436 -1 -2.44 -1 -2.916 -1 5
-2.678 -1 -2.362 -1 -2.476 -1 -3 -1 79
-2.738 -1 -2.374 -1 -2.594 -1 -3.01 -1 147
-2.802 -1 -2.41 -1 -2.8 -1 -3.08 -1 229
-2.94 -1 -2.482 -1 -2.756 -1 -3.16 -1 176
-2.958 -1 -2.516 -1 -2.524 -1 -3.008 -1 7
-2.766 -1 -2.384 -1 -2.562 -1 -2.938 -1 113
-2.75 -1 -2.366 -1 -2.794 -1 -3.212 -1 267
-3.003 -1 -2.516 -1 -2.538 -1 -3.044 -1 19
-2.791 -1 -2.406 -1 -2.852 -1 -3.176 -1 276
-3.014 -1 -2.552 -1 -2.694 -1 -3.016 -1 83
-2.855 -1 -2.438 -1 -2.816 -1 -3.146 -1 269
-2.981 -1 -2.5 -1 -2.862 -1 -3.168 -1 217
-3.015 -1 -2.552 -1 -2.778 -1 -3.2 -1 174
-2.989 -1 -2.554 -1 -2.82 -1 -3.198 -1 218
-3.009 -1 -2.584 -1 -2.878 -1 -3.202 -1 199
-3.04 -1 -2.612 -1 -2.644 -1 -3.104 -1 33
-2.874 -1 -2.494 -1 -2.616 -1 -3.06 -1 91
-2.838 -1 -2.448 -1 -2.702 -1 -3.138 -1 146
-2.92 -1 -2.498 -1 -2.794 -1 -3.196 -1 236
-2.995 -1 -2.556 -1 -2.646 -1 -3.148 -1 61
-2.897 -1 -2.504 -1 -2.694 -1 -3.08 -1 126
-2.887 -1 -2.472 -1 -2.642 -1 -3.11 -1 90
-2.876 -1 -2.456 -1 -2.69 -1 -3.066 -1 143
-2.878 -1 -2.434 -1 -2.75 -1 -3.132 -1 218
-2.941 -1 -2.49 -1 -2.822 -1 -3.168 -1 270
-2.995 -1 -2.56 -1 -2.718 -1 -3.076 -1 104
-2.897 -1 -2.476 -1 -2.554 -1 -2.982 -1 53
-2.768 -1 -2.392 -1 -2.75 -1 -3.136 -1 266
-2.943 -1 -2.508 -1 -2.82 -1 -3.226 -1 274
-3.023 -1 -2.562 -1 -2.784 -1 -3.158 -1 186
-2.971 -1 -2.522 -1 -2.746 -1 -3.17 -1 171
-2.958 -1 -2.524 -1 -2.978 -1 -3.238 -1 283
-3.108 -1 -2.616 -1 -2.91 -1 -3.21 -1 253
-3.06 -1 -2.584 -1 -2.702 -1 -3.11 -1 96
-2.906 -1 -2.534 -1 -2.654 -1 -3.068 -1 71
-2.861 -1 -2.482 -1 -2.568 -1 -2.986 -1 56
-2.777 -1 -2.406 -1 -2.842 -1 -3.174 -1 279
-3.008 -1 -2.518 -1 -2.706 -1 -3.106 -1 174
-2.906 -1 -2.482 -1 -2.544 -1 -2.994 -1 39
-2.769 -1 -2.412 -1 -2.722 -1 -3.138 -1 222
-2.93 -1 -2.488 -1 -2.64 -1 -3.022 -1 96
-2.831 -1 -2.41 -1 -2.808 -1 -3.13 -1 283
-2.969 -1 -2.55 -1 -2.728 -1 -3.09 -1 119
-2.909 -1 -2.498 -1 -2.824 -1 -3.082 -1 225
-2.953 -1 -2.516 -1 -2.672 -1 -3.096 -1 89
-2.884 -1 -2.476 -1 -2.694 -1 -3.112 -1 155
-2.903 -1 -2.49 -1 -2.69 -1 -3.098 -1 166
-2.894 -1 -2.456 -1 -2.498 -1 -2.956 -1 21
-2.727 -1 -2.346 -1 -2.596 -1 -3.004 -1 167
-2.8 -1 -2.386 -1 -2.786 -1 -3.064 -1 250
-2.925 -1 -2.476 -1 -2.802 -1 -3.188 -1 199
-2.995 -1 -2.526 -1 -2.864 -1 -3.262 -1 241
-3.063 -1 -2.57 -1 -2.694 -1 -3.106 -1 81
-2.9 -1 -2.498 -1 -2.852 -1 -3.182 -1 251
-3.017 -1 -2.598 -1 -2.724 -1 -3.14 -1 78
-2.932 -1 -2.516 -1 -2.88 -1 -3.286 -1 294
-3.083 -1 -2.606 -1 -2.83 -1 -3.234 -1 152
-3.032 -1 -2.586 -1 -2.738 -1 -3.14 -1 107
-2.939 -1 -2.508 -1 -2.582 -1 -3.048 -1 56
-2.815 -1 -2.412 -1 -2.856 -1 -3.2 -1 287
-3.028 -1 -2.552 -1 -2.932 -1 -3.266 -1 294
-3.099 -1 -2.67 -1 -2.694 -1 -3.164 -1 15
-2.929 -1 -2.572 -1 -3.02 -1 -3.268 -1 291
-3.144 -1 -2.662 -1 -2.826 -1 -3.16 -1 140
-2.993 -1 -2.596 -1 -2.78 -1 -3.122 -1 133
-2.951 -1 -2.532 -1 -2.626 -1 -3.092 -1 58
-2.859 -1 -2.482 -1 -2.638 -1 -3.06 -1 83
-2.849 -1 -2.452 -1 -2.628 -1 -3.01 -1 111
-2.819 -1 -2.456 -1 -2.49 -1 -3.068 -1 35
-2.779 -1 -2.422 -1 -2.762 -1 -3.092 -1 240
-2.927 -1 -2.474 -1 -2.766 -1 -3.108 -1 156
-2.937 -1 -2.526 -1 -2.854 -1 -3.184 -1 259
-3.019 -1 -2.544 -1 -2.814 -1 -3.16 -1 199
-2.987 -1 -2.532 -1 -2.676 -1 -3.044 -1 103
-2.86 -1 -2.472 -1 -2.776 -1 -3.082 -1 218
-2.929 -1 -2.5 -1 -2.682 -1 -3.14 -1 110
-2.911 -1 -2.46 -1 -2.584 -1 -3.034 -1 89
-2.809 -1 -2.416 -1 -2.418 -1 -2.912 -1 11
-2.665 -1 -2.346 -1 -2.654 -1 -3.096 -1 194
-2.875 -1 -2.464 -1 -2.672 -1 -3.092 -1 146
-2.882 -1 -2.462 -1 -2.75 -1 -3.146 -1 176
-2.948 -1 -2.494 -1 -2.696 -1 -3.062 -1 151
-2.879 -1 -2.442 -1 -2.722 -1 -3.052 -1 143
-2.887 -1 -2.448 -1 -2.82 -1 -3.19 -1 265
-3.005 -1 -2.548 -1 -2.674 -1 -3.078 -1 79
-2.876 -1 -2.444 -1 -2.548 -1 -3.04 -1 57
-2.794 -1 -2.432 -1 -2.794 -1 -3.21 -1 246
-3.002 -1 -2.55 -1 -2.888 -1 -3.276 -1 296
-3.082 -1 -2.612 -1 -2.868 -1 -3.168 -1 263
-3.018 -1 -2.606 -1 -2.63 -1 -3.09 -1 17
-2.86 -1 -2.498 -1 -2.788 -1 -3.136 -1 173
-2.962 -1 -2.526 -1 -2.628 -1 -3.038 -1 71
-2.833 -1 -2.452 -1 -2.876 -1 -3.28 -1 290
-3.078 -1 -2.62 -1 -2.868 -1 -3.18 -1 191
-3.024 -1 -2.57 -1 -2.612 -1 -3.096 -1 22
-2.854 -1 -2.494 -1 -2.788 -1 -3.192 -2 208
-2.99 -1 -2.568 -1 -2.9 -1 -3.232 -1 261
-3.066 -1 -2.624 -1 -2.668 -1 -3.004 -1 26
-2.836 -1 -2.518 -1 -2.612 -1 -3.118 -1 63
-2.865 -1 -2.47 -1 -2.538 -1 -3.054 -1 34
-2.796 -1 -2.444 -1 -2.546 -1 -3.018 -1 64
-2.782 -1 -2.396 -1 -2.482 -1 -3.062 -1 57
-2.772 -1 -2.426 -1 -2.738 -1 -3.114 -1 193
-2.926 -1 -2.516 -1 -2.836 -1 -3.222 -1 234
-3.029 -1 -2.588 -1 -2.676 -1 -3.136 -1 52
-2.906 -1 -2.52 -1 -2.62 -1 -3.086 -1 68
-2.853 -1 -2.472 -1 -2.892 -1 -3.198 -1 281
-3.045 -1 -2.59 -1 -2.758 -1 -3.132 -1 180
-2.945 -1 -2.57 -1 -2.608 -1 -3.098 -1 16
-2.853 -1 -2.47 -1 -2.526 -1 -3.056 -1 41
-2.791 -1 -2.388 -1 -2.416 -1 -2.948 -1 10
-2.682 -1 -2.366 -1 -2.634 -1 -3.078 -1 170
-2.856 -1 -2.45 -1 -2.87 -1 -3.236 -1 283
-3.053 -1 -2.596 -1 -2.756 -1 -3.2 -1 108
-2.978 -1 -2.556 -1 -2.656 -1 -3.088 -1 58
-2.872 -1 -2.472 -1 -2.734 -1 -3.144 -1 209
-2.939 -1 -2.524 -1 -2.622 -1 -3.092 -1 58
-2.857 -1 -2.464 -1 -2.762 -1 -3.114 -1 201
-2.938 -1 -2.518 -1 -2.676 -1 -3.12 -1 99
-2.898 -1 -2.504 -1 -2.606 -1 -3.1 -1 75
-2.853 -1 -2.464 -1 -2.846 -1 -3.168 -1 295
-3.007 -1 -2.57 -1 -2.726 -1 -3.134 -1 106
-2.93 -1 -2.486 -1 -2.83 -1 -3.244 -1 245
-3.037 -1 -2.62 -1 -2.856 -1 -3.228 -1 204
-3.042 -1 -2.594 -1 -2.89 -1 -3.22 -1 238
-3.055 -1 -2.586 -1 -2.922 -1 -3.276 -1 266
-3.099 -1 -2.682 -1 -2.91 -1 -3.254 -1 243
-3.082 -1 -2.638 -1 -2.864 -1 -3.226 -1 166
-3.045 -1 -2.624 -1 -2.782 -1 -3.176 -1 131
-2.979 -1 -2.574 -1 -2.772 -1 -3.178 -1 155
-2.975 -1 -2.58 -1 -2.85 -1 -3.198 -1 210
-3.024 -1 -2.57 -1 -2.73 -1 -3.224 -1 160
-2.977 -1 -2.582 -1 -2.61 -1 -3.092 -1 17
-2.851 -1 -2.496 -1 -2.778 -1 -3.154 -1 153
-2.966 -1 -2.546 -1 -2.824 -1 -3.236 -1 213
-3.03 -1 -2.592 -1 -2.824 -1 -3.274 -1 153
-3.049 -1 -2.618 -1 -2.808 -1 -3.16 -1 131
-2.984 -1 -2.546 -1 -2.64 -1 -3.1 -1 62
-2.87 -1 -2.446 -1 -2.71 -1 -3.2 -1 218
-2.955 -1 -2.558 -1 -2.892 -1 -3.286 -1 287
-3.089 -1 -2.632 -1 -2.976 -1 -3.272 -1 278
-3.124 -1 -2.662 -1 -2.99 -1 -3.342 -2 280
-3.166 -1 -2.698 -1 -2.776 -1 -3.11 -1 54
-2.943 -1 -2.554 -1 -2.97 -1 -3.25 -1 287
-3.11 -1 -2.69 -1 -2.71 -1 -3.056 -1 20
-2.883 -1 -2.52 -1 -2.86 -1 -3.232 -1 243
-3.046 -1 -2.578 -1 -2.81 -1 -3.192 -1 126
-3.001 -1 -2.588 -1 -2.942 -1 -3.218 -1 290
-3.08 -1 -2.606 -1 -2.774 -1 -3.148 -1 129
-2.961 -1 -2.55 -1 -2.822 -1 -3.182 -1 281
-3.002 -1 -2.566 -1 -2.762 -1 -3.14 -1 127
-2.951 -1 -2.516 -1 -2.776 -1 -3.156 -1 179
-2.966 -1 -2.558 -1 -2.874 -1 -3.226 -1 220
-3.05 -1 -2.592 -1 -2.878 -1 -3.226 -1 200
-3.052 -1 -2.634 -1 -2.66 -1 -3.058 -1 21
-2.859 -1 -2.49 -1 -2.886 -1 -3.178 -1 290
-3.032 -1 -2.58 -1 -2.906 -1 -3.29 -1 279
-3.098 -1 -2.65 -1 -2.682 -1 -3.126 -1 24
-2.904 -1 -2.502 -1 -2.8 -1 -3.168 -1 253
-2.984 -1 -2.572 -1 -2.876 -1 -3.278 -1 235
-3.077 -1 -2.63 -1 -2.924 -1 -3.274 -2 205
-3.099 -1 -2.69 -1 -2.932 -1 -3.256 -1 209
-3.094 -1 -2.646 -1 -2.882 -1 -3.208 -1 208
-3.045 -1 -2.596 -1 -2.622 -1 -3.1 -1 20
-2.861 -1 -2.514 -1 -2.828 -1 -3.106 -1 232
-2.967 -1 -2.502 -1 -2.654 -1 -3.082 -1 113
-2.868 -1 -2.478 -1 -2.67 -1 -3.096 -1 159
-2.883 -1 -2.506 -1 -2.852 -1 -3.192 -1 286
-3.022 -1 -2.578 -1 -2.702 -1 -3.136 -1 109
-2.919 -1 -2.522 -1 -2.54 -1 -3.018 -1 22
-2.779 -1 -2.404 -1 -2.75 -1 -3.164 -1 253
-2.957 -1 -2.536 -1 -2.722 -1 -3.066 -1 114
-2.894 -1 -2.452 -1 -2.578 -1 -3.122 -1 63
-2.85 -1 -2.464 -1 -2.548 -1 -3.002 -1 65
-2.775 -1 -2.424 -1 -2.58 -1 -3.034 -1 103
-2.807 -1 -2.396 -1 -2.546 -1 -3.01 -1 84
-2.778 -1 -2.366 -1 -2.764 -1 -3.184 -1 260
-2.974 -1 -2.556 -1 -2.758 -1 -3.068 -1 153
-2.913 -1 -2.49 -1 -2.556 -1 -2.994 -1 31
-2.775 -1 -2.348 -1 -2.36 -1 -2.924 -1 6
-2.642 -1 -2.32 -1 -2.48 -1 -2.962 -1 106
-2.721 -1 -2.342 -1 -2.732 -1 -3.124 -1 285
-2.928 -1 -2.482 -1 -2.494 -1 -2.946 -1 7
-2.72 -1 -2.362 -1 -2.63 -1 -3.062 -1 187
-2.846 -1 -2.418 -1 -2.774 -1 -3.108 -1 265
-2.941 -1 -2.516 -1 -2.542 -1 -3.058 -1 22
-2.8 -1 -2.4 -1 -2.514 -1 -3.04 -1 68
-2.777 -1 -2.402 -1 -2.74 -1 -3.092 -1 213
-2.916 -1 -2.51 -1 -2.876 -1 -3.176 -1 279
-3.026 -1 -2.558 -1 -2.768 -1 -3.156 -1 148
-2.962 -1 -2.534 -1 -2.566 -1 -3.028 -1 28
-2.797 -1 -2.412 -1 -2.642 -1 -3.07 -1 129
-2.856 -1 -2.434 -1 -2.46 -1 -2.894 -1 5
-2.677 -1 -2.29 -1 -2.478 -1 -2.988 -1 121
-2.733 -1 -2.372 -1 -2.57 -1 -3.014 -1 137
-2.792 -1 -2.418 -1 -2.826 -1 -3.156 -1 272
-2.991 -1 -2.548 -1 -2.716 -1 -3.134 -1 158
-2.925 -1 -2.488 -1 -2.514 -1 -3.038 -1 16
-2.776 -1 -2.434 -1 -2.486 -1 -2.998 -1 41
-2.742 -1 -2.38 -1 -2.486 -1 -2.952 -1 73
-2.719 -1 -2.352 -1 -2.608 -1 -2.988 -1 173
-2.798 -1 -2.36 -1 -2.64 -1 -3.074 -1 178
-2.857 -1 -2.43 -1 -2.822 -1 -3.166 -1 276
-2.994 -1 -2.542 -1 -2.696 -1 -3.026 -1 153
-2.861 -1 -2.434 -1 -2.602 -1 -3.008 -1 113
-2.805 -1 -2.396 -1 -2.794 -1 -3.186 -1 282
-2.99 -1 -2.562 -1 -2.888 -1 -3.178 -1 252
-3.033 -1 -2.586 -1 -2.726 -1 -3.082 -1 123
-2.904 -1 -2.506 -1 -2.63 -1 -3.072 -1 83
-2.851 -1 -2.456 -1 -2.51 -1 -2.982 -1 25
-2.746 -1 -2.382 -1 -2.61 -1 -3.088 -1 157
-2.849 -1 -2.434 -1 -2.804 -1 -3.204 -1 250
-3.004 -1 -2.576 -1 -2.748 -1 -3.156 -1 131
-2.952 -1 -2.58 -1 -2.802 -1 -3.144 -1 130
-2.973 -1 -2.532 -1 -2.69 -1 -3.094 -1 118
-2.892 -1 -2.502 -1 -2.76 -1 -3.048 -1 152
-2.904 -1 -2.478 -1 -2.552 -1 -2.954 -1 36
-2.753 -1 -2.362 -1 -2.678 -1 -3.098 -1 183
-2.888 -1 -2.454 -1 -2.748 -1 -3.14 -1 197
-2.944 -1 -2.54 -1 -2.642 -1 -3.05 -1 104
-2.846 -1 -2.4 -1 -2.6 -1 -2.966 -1 119
-2.783 -1 -2.386 -1 -2.456 -1 -2.974 -1 46
-2.715 -1 -2.322 -1 -2.662 -1 -3.096 -1 203
-2.879 -1 -2.428 -1 -2.488 -1 -2.952 -1 25
-2.72 -1 -2.34 -1 -2.414 -1 -2.936 -1 49
-2.675 -1 -2.336 -1 -2.336 -1 -2.91 -1 0
-2.623 -1 -2.27 -1 -2.666 -1 -3.056 -1 213
-2.861 -1 -2.422 -1 -2.8 -1 -3.148 -1 290
-2.974 -1 -2.51 -1 -2.64 -1 -3.058 -1 91
-2.849 -1 -2.448 -1 -2.74 -1 -3.078 -1 190
-2.909 -1 -2.494 -1 -2.894 -1 -3.21 -1 274
-3.052 -1 -2.544 -1 -2.702 -1 -3.116 -1 112
-2.909 -1 -2.49 -1 -2.528 -1 -2.96 -1 26
-2.744 -1 -2.396 -1 -2.522 -1 -2.92 -1 65
-2.721 -1 -2.342 -1 -2.522 -1 -2.978 -1 106
-2.75 -1 -2.368 -1 -2.426 -1 -2.892 -1 35
-2.659 -1 -2.316 -1 -2.324 -1 -2.884 -1 4
-2.604 -1 -2.304 -1 -2.382 -1 -2.842 -1 36
-2.612 -1 -2.268 -1 -2.506 -1 -2.982 -1 159
-2.744 -1 -2.32 -1 -2.644 -1 -2.988 -1 221
-2.816 -1 -2.404 -1 -2.406 -1 -2.896 -1 1
-2.651 -1 -2.288 -1 -2.75 -1 -3.022 -1 290
-2.886 -1 -2.42 -1 -2.454 -1 -2.918 -1 18
-2.686 -1 -2.314 -1 -2.674 -1 -3.018 -1 246
-2.846 -1 -2.406 -1 -2.606 -1 -3.056 -1 134
-2.831 -1 -2.424 -1 -2.504 -1 -2.926 -1 43
-2.715 -1 -2.354 -1 -2.474 -1 -2.956 -1 72
-2.715 -1 -2.35 -1 -2.652 -1 -3.058 -1 204
-2.855 -1 -2.438 -1 -2.786 -1 -3.068 -1 193
-2.927 -1 -2.466 -1 -2.548 -1 -2.978 -1 49
-2.763 -1 -2.398 -1 -2.48 -1 -2.886 -1 56
-2.683 -1 -2.302 -1 -2.602 -1 -2.98 -1 167
-2.791 -1 -2.35 -1 -2.76 -1 -3.088 -1 232
-2.924 -1 -2.45 -1 -2.722 -1 -3.18 -1 187
-2.951 -1 -2.552 -1 -2.804 -1 -3.162 -1 154
-2.983 -1 -2.496 -1 -2.526 -1 -2.948 -1 23
-2.737 -1 -2.378 -1 -2.488 -1 -2.952 -1 102
-2.72 -1 -2.346 -1 -2.362 -1 -2.826 -1 15
-2.594 -1 -2.244 -1 -2.674 -1 -3.088 -1 258
-2.881 -1 -2.432 -1 -2.432 -1 -2.906 -1 0
-2.669 -1 -2.306 -1 -2.722 -1 -3.14 -1 282
-2.931 -1 -2.494 -1 -2.834 -1 -3.16 -1 254
-2.997 -1 -2.58 -1 -2.64 -1 -3.082 -1 48
-2.861 -1 -2.484 -1 -2.532 -1 -3.048 -1 33
-2.79 -1 -2.43 -1 -2.85 -1 -3.208 -1 262
-3.029 -1 -2.554 -1 -2.724 -1 -3.098 -1 157
-2.911 -1 -2.46 -1 -2.772 -1 -3.196 -1 192
-2.984 -1 -2.536 -1 -2.898 -1 -3.216 -1 257
-3.057 -1 -2.588 -1 -2.904 -1 -3.22 -1 233
-3.062 -1 -2.638 -1 -2.964 -1 -3.226 -1 259
-3.095 -1 -2.644 -1 -2.87 -1 -3.278 -1 196
-3.074 -1 -2.64 -1 -2.936 -1 -3.332 -1 269
-3.134 -1 -2.656 -1 -2.832 -1 -3.142 -1 137
-2.987 -1 -2.57 -1 -2.74 -1 -3.186 -1 115
-2.963 -1 -2.502 -1 -2.522 -1 -3.03 -1 9
-2.776 -1 -2.408 -1 -2.69 -1 -3.114 -1 191
-2.902 -1 -2.456 -1 -2.652 -1 -3.116 -1 111
-2.884 -1 -2.468 -1 -2.678 -1 -3.072 -1 132
-2.875 -1 -2.452 -1 -2.792 -1 -3.206 -1 273
-2.999 -1 -2.542 -1 -2.864 -1 -3.226 -1 236
-3.045 -1 -2.594 -1 -2.818 -1 -3.204 -1 176
-3.011 -1 -2.62 -1 -2.886 -1 -3.26 -1 197
-3.073 -1 -2.654 -1 -2.83 -1 -3.188 -1 137
-3.009 -1 -2.596 -1 -2.906 -1 -3.284 -1 271
-3.095 -1 -2.646 -1 -2.96 -1 -3.292 -1 266
-3.126 -1 -2.712 -1 -2.884 -1 -3.2 -1 137
-3.042 -1 -2.622 -1 -2.918 -1 -3.332 -1 253
-3.125 -1 -2.698 -1 -2.8 -1 -3.176 -1 74
-2.988 -1 -2.558 -1 -2.918 -1 -3.228 -1 271
-3.073 -1 -2.622 -1 -2.816 -1 -3.194 -1 141
-3.005 -1 -2.612 -1 -2.63 -1 -2.998 -1 19
-2.814 -1 -2.43 -1 -2.62 -1 -3.116 -1 182
-2.868 -1 -2.476 -1 -2.662 -1 -3.11 -1 108
-2.886 -1 -2.474 -1 -2.652 -1 -3.082 -1 103
-2.867 -1 -2.472 -1 -2.8 -1 -3.21 -1 209
-3.005 -1 -2.536 -1 -2.644 -1 -3.07 -1 82
-2.857 -1 -2.45 -1 -2.52 -1 -2.978 -1 59
-2.749 -1 -2.398 -1 -2.516 -1 -3.018 -1 76
-2.767 -1 -2.396 -1 -2.794 -1 -3.16 -1 269
-2.977 -1 -2.498 -1 -2.606 -1 -3.004 -1 80
-2.805 -1 -2.394 -1 -2.602 -1 -3.088 -1 143
-2.845 -1 -2.436 -1 -2.812 -1 -3.258 -1 270
-3.035 -1 -2.586 -1 -2.774 -1 -3.184 -1 142
-2.979 -1 -2.58 -1 -2.86 -1 -3.278 -1 238
-3.069 -1 -2.63 -1 -2.638 -1 -3.056 -1 16
-2.847 -1 -2.456 -1 -2.874 -1 -3.218 -1 278
-3.046 -1 -2.58 -1 -2.626 -1 -3.006 -1 19
-2.816 -1 -2.414 -1 -2.552 -1 -2.98 -1 90
-2.766 -1 -2.362 -1 -2.456 -1 -2.97 -1 57
-2.713 -1 -2.334 -1 -2.454 -1 -2.896 -1 63
-2.675 -1 -2.302 -1 -2.376 -1 -2.86 -1 29
-2.618 -1 -2.262 -1 -2.412 -1 -2.968 -1 52
-2.69 -1 -2.328 -1 -2.374 -1 -2.912 -1 31
-2.643 -1 -2.258 -1 -2.262 -1 -2.89 -1 3
-2.576 -1 -2.266 -1 -2.644 -1 -3.064 -1 239
-2.854 -1 -2.422 -1 -2.488 -1 -2.948 -1 42
-2.718 -1 -2.316 -1 -2.708 -1 -3.124 -1 260
-2.916 -1 -2.464 -1 -2.77 -1 -3.15 -1 221
-2.96 -1 -2.506 -1 -2.746 -1 -3.154 -1 141
-2.95 -1 -2.504 -1 -2.944 -1 -3.3 -1 292
-3.122 -1 -2.63 -1 -2.94 -1 -3.274 -1 229
-3.107 -1 -2.59 -1 -2.928 -1 -3.242 -1 250
-3.085 -1 -2.638 -1 -2.896 -1 -3.182 -1 208
-3.039 -1 -2.586 -1 -2.648 -1 -3.106 -1 33
-2.877 -1 -2.514 -1 -2.692 -1 -3.122 -1 128
-2.907 -1 -2.496 -1 -2.76 -1 -3.138 -1 182
-2.949 -1 -2.484 -1 -2.74 -1 -3.152 -1 148
-2.946 -1 -2.54 -1 -2.548 -1 -3.086 -1 11
-2.817 -1 -2.472 -1 -2.642 -1 -3.138 -1 115
-2.89 -1 -2.47 -1 -2.8 -1 -3.226 -1 210
-3.013 -1 -2.636 -1 -2.748 -1 -3.186 -1 100
-2.967 -1 -2.58 -1 -2.616 -1 -3.04 -1 30
-2.828 -1 -2.444 -1 -2.702 -1 -3.108 -1 175
-2.905 -1 -2.486 -1 -2.656 -1 -3.104 -1 111
-2.88 -1 -2.492 -1 -2.906 -1 -3.262 -1 287
-3.084 -1 -2.622 -1 -2.93 -1 -3.248 -1 287
-3.089 -1 -2.638 -1 -3.02 -1 -3.344 -1 292
-3.182 -1 -2.7 -1 -2.842 -1 -3.232 -1 112
-3.037 -1 -2.614 -1 -2.808 -1 -3.17 -1 155
-2.989 -1 -2.554 -1 -2.856 -1 -3.138 -1 282
-2.997 -1 -2.554 -1 -2.652 -1 -3.082 -1 99
-2.867 -1 -2.502 -1 -2.804 -1 -3.166 -1 240
-2.985 -1 -2.546 -1 -2.736 -1 -3.158 -1 137
-2.947 -1 -2.512 -1 -2.512 -1 -3.012 -1 13
-2.762 -1 -2.378 -1 -2.826 -1 -3.226 -1 283
-3.026 -1 -2.568 -1 -2.884 -1 -3.262 -1 262
-3.073 -1 -2.636 -1 -2.88 -1 -3.16 -1 177
-3.02 -1 -2.588 -1 -2.642 -1 -3.112 -1 48
-2.877 -1 -2.488 -1 -2.754 -1 -3.124 -1 192
-2.939 -1 -2.498 -1 -2.732 -1 -3.112 -1 153
-2.922 -1 -2.468 -1 -2.698 -1 -3.086 -1 167
-2.892 -1 -2.492 -1 -2.744 -1 -3.124 -1 224
-2.934 -1 -2.522 -1 -2.524 -1 -2.982 -1 5
-2.753 -1 -2.38 -1 -2.608 -1 -3.046 -1 167
-2.827 -1 -2.386 -1 -2.732 -1 -3.164 -1 266
-2.948 -1 -2.554 -1 -2.658 -1 -3.086 -1 57
-2.872 -1 -2.488 -1 -2.746 -1 -3.108 -1 213
-2.927 -1 -2.462 -1 -2.554 -1 -3.018 -1 54
-2.786 -1 -2.432 -1 -2.476 -1 -3.002 -1 26
-2.739 -1 -2.364 -1 -2.64 -1 -3.096 -1 153
-2.868 -1 -2.46 -1 -2.736 -1 -3.106 -1 186
-2.921 -1 -2.506 -1 -2.57 -1 -3.032 -1 59
-2.801 -1 -2.436 -1 -2.678 -1 -3.052 -1 179
-2.865 -1 -2.49 -1 -2.784 -1 -3.13 -1 207
-2.957 -1 -2.526 -1 -2.594 -1 -3.104 -1 53
-2.849 -1 -2.494 -1 -2.594 -1 -3.006 -1 88
-2.8 -1 -2.424 -1 -2.482 -1 -2.986 -1 46
-2.734 -1 -2.41 -1 -2.628 -1 -3.002 -1 150
-2.815 -1 -2.396 -1 -2.786 -1 -3.17 -1 257
-2.978 -1 -2.542 -1 -2.918 -1 -3.224 -1 282
-3.071 -1 -2.598 -1 -2.678 -1 -3.116 -1 53
-2.897 -1 -2.508 -1 -2.526 -1 -2.974 -1 20
-2.75 -1 -2.396 -1 -2.6 -1 -3.038 -1 103
-2.819 -1 -2.424 -1 -2.642 -1 -3.076 -1 115
-2.859 -1 -2.444 -1 -2.674 -1 -3.098 -1 161
-2.886 -1 -2.464 -1 -2.746 -1 -3.148 -1 192
-2.947 -1 -2.496 -1 -2.558 -1 -3.058 -1 33
-2.808 -1 -2.422 -1 -2.688 -1 -3.092 -1 142
-2.89 -1 -2.444 -1 -2.504 -1 -2.978 -1 31
-2.741 -1 -2.366 -1 -2.414 -1 -2.956 -1 38
-2.685 -1 -2.296 -1 -2.514 -1 -2.956 -1 131
-2.735 -1 -2.374 -1 -2.666 -1 -3.114 -1 186
-2.89 -1 -2.454 -1 -2.498 -1 -2.966 -1 29
-2.732 -1 -2.338 -1 -2.386 -1 -2.904 -1 32
-2.645 -1 -2.306 -1 -2.792 -1 -3.17 -1 296
-2.981 -1 -2.524 -1 -2.626 -1 -3.064 -1 67
-2.845 -1 -2.446 -1 -2.548 -1 -3.024 -1 67
-2.786 -1 -2.4 -1 -2.716 -1 -3.074 -1 199
-2.895 -1 -2.48 -1 -2.888 -1 -3.26 -1 282
-3.074 -1 -2.628 -1 -2.854 -1 -3.188 -1 199
-3.021 -1 -2.552 -1 -2.872 -1 -3.212 -1 205
-3.042 -1 -2.604 -1 -2.672 -1 -3.106 -1 50
-2.889 -1 -2.516 -1 -2.7 -1 -3.084 -1 104
-2.892 -1 -2.48 -1 -2.774 -1 -3.18 -1 211
-2.977 -1 -2.53 -1 -2.872 -1 -3.206 -1 297
-3.039 -1 -2.538 -1 -2.74 -1 -3.146 -1 133
-2.943 -1 -2.538 -1 -2.808 -1 -3.208 -1 175
-3.008 -1 -2.572 -1 -2.71 -1 -3.122 -1 100
-2.916 -1 -2.518 -1 -2.59 -1 -3.124 -1 41
-2.857 -1 -2.484 -1 -2.852 -1 -3.196 -1 298
-3.024 -1 -2.588 -1 -2.664 -1 -3.082 -1 73
-2.873 -1 -2.494 -1 -2.574 -1 -3.056 -1 62
-2.815 -1 -2.436 -1 -2.742 -1 -3.146 -1 191
-2.944 -1 -2.46 -1 -2.724 -1 -3.118 -1 156
-2.921 -1 -2.504 -1 -2.826 -1 -3.16 -1 220
-2.993 -1 -2.538 -1 -2.708 -1 -3.138 -1 135
-2.923 -1 -2.524 -1 -2.766 -1 -3.166 -1 184
-2.966 -1 -2.506 -1 -2.628 -1 -3.082 -1 63
-2.855 -1 -2.46 -1 -2.622 -1 -3.086 -1 102
-2.854 -1 -2.472 -1 -2.704 -1 -3.076 -1 174
-2.89 -1 -2.446 -1 -2.53 -1 -2.972 -1 37
-2.751 -1 -2.39 -1 -2.694 -1 -3.066 -1 190
-2.88 -1 -2.474 -1 -2.81 -1 -3.146 -1 232
-2.978 -1 -2.532 -1 -2.682 -1 -3.104 -1 100
-2.893 -1 -2.492 -1 -2.744 -1 -3.156 -1 171
-2.95 -1 -2.492 -1 -2.526 -1 -3.014 -1 24
-2.77 -1 -2.402 -1 -2.802 -1 -3.188 -1 272
-2.995 -1 -2.556 -1 -2.596 -1 -3.078 -1 23
-2.837 -1 -2.44 -1 -2.574 -1 -3.02 -1 92
-2.797 -1 -2.39 -1 -2.698 -1 -3.1 -1 196
-2.899 -1 -2.5 -1 -2.778 -1 -3.144 -1 204
-2.961 -1 -2.522 -1 -2.598 -1 -3.012 -1 55
-2.805 -1 -2.432 -1 -2.752 -1 -3.166 -1 225
-2.959 -1 -2.518 -1 -2.6 -1 -3.076 -1 53
-2.838 -1 -2.434 -1 -2.732 -1 -3.126 -1 245
-2.929 -1 -2.448 -1 -2.556 -1 -3.004 -1 65
-2.78 -1 -2.4 -1 -2.832 -1 -3.2 -1 269
-3.016 -1 -2.568 -1 -2.844 -1 -3.2 -1 230
-3.022 -1 -2.578 -1 -2.82 -1 -3.214 -1 155
-3.017 -1 -2.588 -1 -2.592 -1 -3.074 -1 3
-2.833 -1 -2.464 -1 -2.566 -1 -3.008 -1 57
-2.787 -1 -2.432 -1 -2.69 -1 -3.1 -1 181
-2.895 -1 -2.464 -1 -2.818 -1 -3.124 -1 253
-2.971 -1 -2.534 -1 -2.816 -1 -3.184 -1 227
-3 -1 -2.596 -1 -2.7 -1 -3.178 -1 54
-2.939 -1 -2.528 -1 -2.586 -1 -3.052 -1 42
-2.819 -1 -2.42 -1 -2.806 -1 -3.094 -1 225
-2.95 -1 -2.5 -1 -2.824 -1 -3.174 -1 217
-2.999 -1 -2.516 -1 -2.712 -1 -3.062 -1 169
-2.887 -1 -2.522 -1 -2.69 -1 -3.022 -1 98
-2.856 -1 -2.456 -1 -2.94 -1 -3.328 -1 286
-3.134 -1 -2.654 -1 -2.788 -1 -3.138 -1 111
-2.963 -1 -2.49 -1 -2.566 -1 -3.006 -1 58
-2.786 -1 -2.422 -1 -2.85 -1 -3.188 -1 268
-3.019 -1 -2.522 -1 -2.692 -1 -3.11 -1 109
-2.901 -1 -2.508 -1 -2.608 -1 -3.062 -1 51
-2.835 -1 -2.45 -1 -2.76 -1 -3.132 -1 233
-2.946 -1 -2.51 -1 -2.796 -1 -3.116 -1 203
-2.956 -1 -2.532 -1 -2.772 -1 -3.092 -1 180
-2.932 -1 -2.528 -1 -2.812 -1 -3.192 -1 180
-3.002 -1 -2.55 -1 -2.656 -1 -3.048 -1 60
-2.852 -1 -2.466 -1 -2.544 -1 -3.014 -1 72
-2.779 -1 -2.396 -1 -2.77 -1 -3.196 -1 221
-2.983 -1 -2.536 -1 -2.826 -1 -3.136 -1 193
-2.981 -1 -2.534 -1 -2.892 -1 -3.218 -1 278
-3.055 -1 -2.576 -1 -2.742 -1 -3.13 -1 148
-2.936 -1 -2.526 -1 -2.64 -1 -3.118 -1 71
-2.879 -1 -2.466 -1 -2.71 -1 -3.168 -1 157
-2.939 -1 -2.518 -1 -2.518 -1 -3.038 -1 0
-2.778 -1 -2.47 -1 -2.586 -1 -3.022 -1 76
-2.804 -1 -2.434 -1 -2.7 -1 -3.062 -1 186
-2.881 -1 -2.422 -1 -2.638 -1 -3.076 -1 152
-2.857 -1 -2.45 -1 -2.5 -1 -2.926 -1 50
-2.713 -1 -2.336 -1 -2.344 -1 -2.88 -1 10
-2.612 -1 -2.268 -1 -2.628 -1 -3.02 -1 230
-2.824 -1 -2.326 -1 -2.606 -1 -3.068 -1 187
-2.837 -1 -2.354 -1 -2.65 -1 -3.068 -1 191
-2.859 -1 -2.388 -1 -2.604 -1 -2.988 -1 152
-2.796 -1 -2.366 -1 -2.442 -1 -2.954 -1 46
-2.698 -1 -2.33 -1 -2.59 -1 -2.992 -1 200
-2.791 -1 -2.406 -1 -2.518 -1 -2.918 -1 80
-2.718 -1 -2.34 -1 -2.718 -1 -3.012 -1 211
-2.865 -1 -2.374 -1 -2.746 -1 -3.186 -1 271
-2.966 -1 -2.512 -1 -2.76 -1 -3.072 -1 158
-2.916 -1 -2.472 -1 -2.566 -1 -2.946 -1 69
-2.756 -1 -2.368 -1 -2.742 -1 -3.126 -1 225
-2.934 -1 -2.436 -1 -2.658 -1 -3.064 -1 143
-2.861 -1 -2.45 -1 -2.598 -1 -3.032 -1 104
-2.815 -1 -2.392 -1 -2.83 -1 -3.206 -1 290
-3.018 -1 -2.564 -1 -2.874 -1 -3.188 -1 261
-3.031 -1 -2.562 -1 -2.926 -1 -3.284 -1 292
-3.105 -1 -2.628 -1 -2.914 -1 -3.226 -1 213
-3.07 -1 -2.616 -1 -2.804 -1 -3.194 -1 141
-2.999 -1 -2.562 -1 -2.852 -1 -3.218 -1 227
-3.035 -1 -2.608 -1 -2.626 -1 -3.04 -1 11
-2.833 -1 -2.472 -1 -2.528 -1 -3.01 -1 34
-2.769 -1 -2.408 -1 -2.476 -1 -2.944 -1 53
-2.71 -1 -2.362 -1 -2.552 -1 -3.034 -1 103
-2.793 -1 -2.394 -1 -2.818 -1 -3.17 -1 264
-2.994 -1 -2.558 -1 -2.76 -1 -3.096 -1 162
-2.928 -1 -2.498 -1 -2.638 -1 -3.038 -1 89
-2.838 -1 -2.434 -1 -2.474 -1 -2.944 -1 33
-2.709 -1 -2.374 -1 -2.782 -1 -3.068 -1 248
-2.925 -1 -2.474 -1 -2.644 -1 -3.062 -1 120
-2.853 -1 -2.476 -1 -2.756 -1 -3.192 -1 248
-2.974 -1 -2.55 -1 -2.748 -1 -3.142 -1 149
-2.945 -1 -2.5 -1 -2.686 -1 -3.084 -1 83
-2.885 -1 -2.478 -1 -2.546 -1 -2.958 -1 50
-2.752 -1 -2.388 -1 -2.526 -1 -3.048 -1 71
-2.787 -1 -2.408 -1 -2.714 -1 -3.108 -1 189
-2.911 -1 -2.444 -1 -2.538 -1 -2.99 -1 50
-2.764 -1 -2.364 -1 -2.392 -1 -2.804 -1 20
-2.598 -1 -2.278 -1 -2.306 -1 -2.838 -1 22
-2.572 -1 -2.252 -1 -2.668 -1 -3.082 -1 299
-2.875 -1 -2.442 -1 -2.832 -1 -3.128 -1 298
-2.98 -1 -2.516 -1 -2.804 -1 -3.106 -1 221
-2.955 -1 -2.49 -1 -2.666 -1 -3.11 -1 104
-2.888 -1 -2.494 -1 -2.806 -1 -3.198 -1 245
-3.002 -1 -2.534 -1 -2.894 -1 -3.264 -1 261
-3.079 -1 -2.574 -1 -2.91 -1 -3.202 -1 279
-3.056 -1 -2.572 -1 -2.854 -1 -3.266 -1 220
-3.06 -1 -2.624 -1 -2.688 -1 -3.126 -1 55
-2.907 -1 -2.542 -1 -2.906 -1 -3.206 -1 242
-3.056 -1 -2.628 -1 -2.92 -1 -3.284 -2 250
-3.102 -1 -2.708 -1 -2.918 -1 -3.304 -1 191
-3.111 -1 -2.668 -1 -3.028 -1 -3.294 -2 291
-3.161 -1 -2.732 -1 -2.822 -1 -3.216 -1 68
-3.019 -1 -2.606 -1 -2.692 -1 -3.168 -2 47
-2.93 -1 -2.552 -1 -2.742 -1 -3.132 -1 95
-2.937 -1 -2.56 -1 -2.696 -1 -3.092 -1 80
-2.894 -1 -2.5 -1 -2.66 -1 -3.11 -1 97
-2.885 -1 -2.478 -1 -2.57 -1 -2.998 -1 55
-2.784 -1 -2.448 -1 -2.728 -1 -3.154 -1 225
-2.941 -1 -2.516 -1 -2.574 -1 -3.01 -1 33
-2.792 -1 -2.386 -1 -2.582 -1 -3.012 -1 109
-2.797 -1 -2.428 -1 -2.712 -1 -3.086 -1 187
-2.899 -1 -2.5 -1 -2.72 -1 -3.19 -1 169
-2.955 -1 -2.566 -1 -2.934 -1 -3.284 -1 264
-3.109 -1 -2.68 -1 -2.778 -1 -3.134 -1 80
-2.956 -1 -2.562 -1 -2.568 -1 -3.07 -1 10
-2.819 -1 -2.442 -1 -2.738 -1 -3.152 -1 197
-2.945 -1 -2.512 -1 -2.558 -1 -3.078 -1 21
-2.818 -1 -2.446 -1 -2.664 -1 -3.096 -1 114
-2.88 -1 -2.448 -1 -2.576 -1 -3.036 -1 71
-2.806 -1 -2.422 -1 -2.608 -1 -3.046 -1 107
-2.827 -1 -2.44 -1 -2.802 -1 -3.19 -1 208
-2.996 -1 -2.542 -1 -2.82 -1 -3.184 -1 238
-3.002 -1 -2.582 -1 -2.628 -1 -3.066 -1 41
-2.847 -1 -2.49 -1 -2.706 -1 -3.158 -1 160
-2.932 -1 -2.528 -1 -2.718 -1 -3.1 -1 154
-2.909 -1 -2.52 -1 -2.944 -1 -3.274 -1 271
-3.109 -1 -2.632 -1 -2.87 -1 -3.22 -1 156
-3.045 -1 -2.608 -1 -2.73 -1 -3.104 -1 95
-2.917 -1 -2.502 -1 -2.566 -1 -3.018 -1 48
-2.792 -1 -2.442 -1 -2.8 -1 -3.168 -1 232
-2.984 -1 -2.518 -1 -2.798 -1 -3.21 -1 217
-3.004 -1 -2.602 -1 -2.642 -1 -3.118 -1 36
-2.88 -1 -2.506 -1 -2.52 -1 -3.004 -1 9
-2.762 -1 -2.41 -1 -2.818 -1 -3.172 -1 297
-2.995 -1 -2.53 -1 -2.656 -1 -3.026 -1 89
-2.841 -1 -2.446 -1 -2.656 -1 -3.05 -1 142
-2.853 -1 -2.432 -1 -2.7 -1 -3.188 -1 156
-2.944 -1 -2.492 -1 -2.674 -1 -3.058 -1 101
-2.866 -1 -2.462 -1 -2.492 -1 -3.02 -1 26
-2.756 -1 -2.37 -1 -2.686 -1 -3.106 -1 209
-2.896 -1 -2.482 -1 -2.544 -1 -3.02 -1 51
-2.782 -1 -2.388 -1 -2.602 -1 -3.038 -1 144
-2.82 -1 -2.416 -1 -2.434 -1 -2.958 -1 10
-2.696 -1 -2.324 -1 -2.51 -1 -2.972 -1 126
-2.741 -1 -2.388 -1 -2.426 -1 -2.918 -1 29
-2.672 -1 -2.32 -1 -2.766 -1 -3.132 -1 240
-2.949 -1 -2.442 -1 -2.6 -1 -3.128 -1 100
-2.864 -1 -2.47 -1 -2.654 -1 -3.072 -1 110
-2.863 -1 -2.472 -1 -2.862 -1 -3.232 -1 275
-3.047 -1 -2.604 -1 -2.902 -1 -3.192 -1 209
-3.047 -1 -2.618 -1 -2.618 -1 -3.054 -1 2
-2.836 -1 -2.474 -1 -2.846 -1 -3.202 -1 249
-3.024 -1 -2.582 -1 -2.632 -1 -3.014 -1 29
-2.823 -1 -2.426 -1 -2.644 -1 -3.098 -1 127
-2.871 -1 -2.482 -1 -2.62 -1 -3.02 -1 87
-2.82 -1 -2.476 -1 -2.484 -1 -2.958 -1 4
-2.721 -1 -2.388 -1 -2.394 -1 -2.906 -1 16
-2.65 -1 -2.32 -1 -2.714 -1 -3.11 -1 250
-2.912 -1 -2.488 -1 -2.606 -1 -3.074 -1 67
-2.84 -1 -2.456 -1 -2.832 -1 -3.152 -1 230
-2.992 -1 -2.494 -1 -2.502 -1 -2.948 -1 6
-2.725 -1 -2.364 -1 -2.44 -1 -2.992 -1 38
-2.716 -1 -2.338 -1 -2.522 -1 -2.962 -1 121
-2.742 -1 -2.318 -1 -2.564 -1 -3.032 -1 160
-2.798 -1 -2.408 -1 -2.508 -1 -2.916 -1 51
-2.712 -1 -2.332 -1 -2.64 -1 -3.052 -1 178
-2.846 -1 -2.402 -1 -2.468 -1 -2.948 -1 32
-2.708 -1 -2.28 -1 -2.318 -1 -2.906 -1 24
-2.612 -1 -2.264 -1 -2.554 -1 -2.968 -1 155
-2.761 -1 -2.37 -1 -2.826 -1 -3.198 -1 289
-3.012 -1 -2.51 -1 -2.856 -1 -3.116 -1 276
-2.986 -1 -2.516 -1 -2.796 -1 -3.222 -1 219
-3.009 -1 -2.538 -1 -2.634 -1 -3.036 -1 59
-2.835 -1 -2.452 -1 -2.516 -1 -3.044 -1 72
-2.78 -1 -2.374 -1 -2.808 -1 -3.146 -1 295
-2.977 -1 -2.51 -1 -2.708 -1 -3.112 -1 170
-2.91 -1 -2.51 -1 -2.592 -1 -3.058 -1 49
-2.825 -1 -2.472 -1 -2.658 -1 -3.102 -1 108
-2.88 -1 -2.502 -1 -2.72 -1 -3.098 -1 151
-2.909 -1 -2.52 -1 -2.766 -1 -3.236 -1 157
-3.001 -1 -2.558 -1 -2.564 -1 -3.056 -1 3
-2.81 -1 -2.456 -1 -2.598 -1 -2.996 -1 95
-2.797 -1 -2.394 -1 -2.776 -1 -3.092 -1 244
-2.934 -1 -2.49 -1 -2.8 -1 -3.144 -1 251
-2.972 -1 -2.542 -1 -2.642 -1 -3.108 -1 72
-2.875 -1 -2.48 -1 -2.494 -1 -2.97 -1 7
-2.732 -1 -2.376 -1 -2.406 -1 -3.02 -1 24
-2.713 -1 -2.388 -1 -2.398 -1 -2.892 -1 2
-2.645 -1 -2.32 -1 -2.59 -1 -3.028 -1 177
-2.809 -1 -2.456 -1 -2.596 -1 -3.004 -1 120
-2.8 -1 -2.416 -1 -2.608 -1 -2.99 -1 118
-2.799 -1 -2.394 -1 -2.544 -1 -2.982 -1 83
-2.763 -1 -2.386 -1 -2.668 -1 -3.088 -1 209
-2.878 -1 -2.482 -1 -2.87 -1 -3.198 -1 247
-3.034 -1 -2.564 -1 -2.824 -1 -3.188 -1 200
-3.006 -1 -2.578 -1 -2.768 -1 -3.098 -1 152
-2.933 -1 -2.488 -1 -2.664 -1 -3.078 -1 103
-2.871 -1 -2.458 -1 -2.608 -1 -3.072 -1 103
-2.84 -1 -2.464 -1 -2.63 -1 -3.098 -1 123
-2.864 -1 -2.442 -1 -2.586 -1 -3.088 -1 84
-2.837 -1 -2.416 -1 -2.854 -1 -3.126 -1 280
-2.99 -1 -2.542 -1 -2.78 -1 -3.19 -1 188
-2.985 -1 -2.542 -1 -2.914 -1 -3.238 -1 255
-3.076 -1 -2.6 -1 -2.874 -1 -3.244 -1 219
-3.059 -1 -2.586 -1 -2.756 -1 -3.064 -1 127
-2.91 -1 -2.496 -1 -2.51 -1 -2.986 -1 8
-2.748 -1 -2.388 -1 -2.816 -1 -3.192 -1 293
-3.004 -1 -2.554 -1 -2.932 -1 -3.234 -1 251
-3.083 -1 -2.588 -1 -2.918 -1 -3.238 -1 295
-3.078 -1 -2.658 -1 -2.838 -1 -3.26 -1 182
-3.049 -1 -2.628 -1 -2.786 -1 -3.19 -1 111
-2.988 -1 -2.576 -1 -2.608 -1 -3.108 -1 21
-2.858 -1 -2.502 -1 -2.816 -1 -3.118 -1 210
-2.967 -1 -2.54 -1 -2.736 -1 -3.156 -1 112
-2.946 -1 -2.524 -1 -2.904 -1 -3.264 -1 289
-3.084 -1 -2.628 -1 -2.89 -1 -3.18 -1 159
-3.035 -1 -2.606 -1 -2.974 -1 -3.22 -1 292
-3.097 -1 -2.622 -1 -2.63 -1 -3.088 -1 2
-2.859 -1 -2.478 -1 -2.698 -1 -3.128 -1 157
-2.913 -1 -2.474 -1 -2.836 -1 -3.266 -1 260
-3.051 -1 -2.596 -1 -2.796 -1 -3.222 -1 158
-3.009 -1 -2.556 -1 -2.878 -1 -3.28 -1 242
-3.079 -1 -2.624 -1 -2.838 -1 -3.164 -1 149
-3.001 -1 -2.574 -1 -2.766 -1 -3.16 -1 182
-2.963 -1 -2.56 -1 -2.938 -1 -3.29 -1 251
-3.114 -1 -2.686 -1 -2.946 -1 -3.286 -1 250
-3.116 -1 -2.63 -1 -2.73 -1 -3.074 -1 59
-2.902 -1 -2.52 -1 -2.836 -1 -3.194 -1 190
-3.015 -1 -2.592 -1 -2.7 -1 -3.094 -1 78
-2.897 -1 -2.496 -1 -2.564 -1 -2.974 -1 36
-2.769 -1 -2.388 -1 -2.65 -1 -3.078 -1 181
-2.864 -1 -2.48 -1 -2.554 -1 -2.978 -1 51
-2.766 -1 -2.38 -1 -2.78 -1 -3.146 -1 271
-2.963 -1 -2.512 -1 -2.866 -1 -3.24 -1 253
-3.053 -1 -2.624 -1 -2.824 -1 -3.11 -1 180
-2.967 -1 -2.536 -1 -2.902 -1 -3.218 -1 285
-3.06 -1 -2.612 -1 -2.83 -1 -3.236 -1 199
-3.033 -1 -2.602 -1 -2.612 -1 -3.132 -1 7
-2.872 -1 -2.534 -1 -2.534 -1 -2.974 -1 3
-2.754 -1 -2.402 -1 -2.494 -1 -3.01 -1 85
-2.752 -1 -2.41 -1 -2.514 -1 -2.976 -1 57
-2.745 -1 -2.4 -1 -2.744 -1 -3.13 -1 220
-2.937 -1 -2.524 -1 -2.714 -1 -3.164 -1 140
-2.939 -1 -2.514 -1 -2.758 -1 -3.156 -1 153
-2.957 -1 -2.514 -1 -2.736 -1 -3.182 -1 147
-2.959 -1 -2.54 -1 -2.766 -1 -3.178 -1 134
-2.972 -1 -2.528 -1 -2.642 -1 -3.092 -1 83
-2.867 -1 -2.456 -1 -2.7 -1 -3.11 -1 169
-2.905 -1 -2.522 -1 -2.802 -1 -3.122 -1 229
-2.962 -1 -2.586 -1 -2.882 -1 -3.224 -1 214
-3.053 -1 -2.62 -1 -2.792 -1 -3.238 -1 157
-3.015 -1 -2.598 -1 -2.7 -1 -3.134 -1 111
-2.917 -1 -2.514 -1 -2.676 -1 -3.056 -1 125
-2.866 -1 -2.488 -1 -2.924 -1 -3.266 -1 284
-3.095 -1 -2.644 -1 -2.72 -1 -3.108 -1 43
-2.914 -1 -2.542 -1 -2.608 -1 -3.064 -1 41
-2.836 -1 -2.438 -1 -2.816 -1 -3.188 -1 261
-3.002 -1 -2.556 -1 -2.882 -1 -3.232 -1 298
-3.057 -1 -2.582 -1 -2.888 -1 -3.258 -1 213
-3.073 -1 -2.58 -1 -2.824 -1 -3.174 -1 212
-2.999 -1 -2.552 -1 -2.884 -1 -3.228 -1 244
-3.056 -1 -2.626 -1 -2.75 -1 -3.102 -1 115
-2.926 -1 -2.528 -1 -2.556 -1 -3.026 -1 22
-2.791 -1 -2.446 -1 -2.586 -1 -3.078 -1 90
-2.832 -1 -2.448 -1 -2.672 -1 -3.088 -1 151
-2.88 -1 -2.49 -1 -2.786 -1 -3.216 -1 184
-3.001 -1 -2.556 -1 -2.81 -1 -3.19 -1 198
-3 -1 -2.556 -1 -2.63 -1 -3.106 -1 55
-2.868 -1 -2.496 -1 -2.61 -1 -3.158 -1 91
-2.884 -1 -2.52 -1 -2.726 -1 -3.092 -1 132
-2.909 -1 -2.536 -1 -2.634 -1 -3.07 -1 69
-2.852 -1 -2.454 -1 -2.79 -1 -3.144 -1 249
-2.967 -1 -2.546 -1 -2.796 -1 -3.17 -1 201
-2.983 -1 -2.536 -1 -2.89 -1 -3.294 -1 269
-3.092 -1 -2.642 -1 -2.956 -1 -3.248 -1 269
-3.102 -1 -2.644 -1 -2.946 -1 -3.224 -2 251
-3.085 -1 -2.696 -1 -2.782 -1 -3.174 -1 70
-2.978 -1 -2.558 -1 -2.738 -1 -3.166 -1 132
-2.952 -1 -2.51 -1 -2.686 -1 -3.116 -1 131
-2.901 -1 -2.554 -1 -2.738 -1 -3.12 -1 132
-2.929 -1 -2.536 -1 -2.868 -1 -3.182 -1 288
-3.025 -1 -2.558 -1 -2.944 -1 -3.232 -1 290
-3.088 -1 -2.628 -1 -2.844 -1 -3.28 -1 157
-3.062 -1 -2.6 -1 -2.814 -1 -3.118 -1 162
-2.966 -1 -2.542 -1 -2.704 -1 -3.196 -1 108
-2.95 -1 -2.546 -1 -2.602 -1 -3.016 -1 37
-2.809 -1 -2.422 -1 -2.648 -1 -3.014 -1 139
-2.831 -1 -2.442 -1 -2.712 -1 -3.026 -1 190
-2.869 -1 -2.464 -1 -2.846 -1 -3.132 -1 286
-2.989 -1 -2.55 -1 -2.674 -1 -3.11 -1 97
-2.892 -1 -2.48 -1 -2.84 -1 -3.206 -1 281
-3.023 -1 -2.602 -1 -2.602 -1 -3.042 -1 1
-2.822 -1 -2.426 -1 -2.854 -1 -3.188 -1 261
-3.021 -1 -2.588 -1 -2.858 -1 -3.174 -1 220
-3.016 -1 -2.582 -1 -2.924 -1 -3.206 -1 210
-3.065 -1 -2.65 -1 -2.82 -1 -3.18 -1 109
-3 -1 -2.538 -1 -2.872 -1 -3.226 -1 278
-3.049 -1 -2.584 -1 -2.926 -1 -3.278 -1 253
-3.102 -1 -2.674 -1 -2.744 -1 -3.102 -1 49
-2.923 -1 -2.57 -1 -2.71 -1 -3.186 -1 108
-2.948 -1 -2.55 -1 -2.886 -1 -3.146 -1 269
-3.016 -1 -2.578 -1 -2.87 -1 -3.22 -1 252
-3.045 -1 -2.592 -1 -2.894 -1 -3.168 -1 264
-3.031 -1 -2.616 -1 -2.762 -1 -3.104 -1 133
-2.933 -1 -2.538 -1 -2.572 -1 -3.044 -1 23
-2.808 -1 -2.426 -1 -2.496 -1 -3.028 -1 54
-2.762 -1 -2.408 -1 -2.442 -1 -2.916 -1 19
-2.679 -1 -2.332 -1 -2.45 -1 -2.952 -1 54
-2.701 -1 -2.324 -1 -2.592 -1 -3.104 -1 170
-2.848 -1 -2.422 -1 -2.562 -1 -3.052 -1 69
-2.807 -1 -2.446 -1 -2.538 -1 -2.992 -1 49
-2.765 -1 -2.378 -1 -2.51 -1 -2.948 -1 80
-2.729 -1 -2.372 -1 -2.808 -1 -3.166 -1 298
-2.987 -1 -2.496 -1 -2.508 -1 -2.956 -1 9
-2.732 -1 -2.366 -1 -2.51 -1 -3.002 -1 89
-2.756 -1 -2.386 -1 -2.746 -1 -3.154 -1 243
-2.95 -1 -2.538 -1 -2.538 -1 -2.968 -1 0
-2.753 -1 -2.366 -1 -2.474 -1 -3.01 -1 58
-2.742 -1 -2.34 -1 -2.71 -1 -3.094 -1 222
-2.902 -1 -2.452 -1 -2.624 -1 -3.058 -1 106
-2.841 -1 -2.426 -1 -2.476 -1 -2.964 -1 31
-2.72 -1 -2.342 -1 -2.732 -1 -3.108 -1 262
-2.92 -1 -2.466 -1 -2.78 -1 -3.136 -1 236
-2.958 -1 -2.504 -1 -2.76 -1 -3.224 -1 179
-2.992 -1 -2.618 -1 -2.862 -1 -3.25 -1 184
-3.056 -1 -2.626 -1 -2.75 -1 -3.048 -1 99
-2.899 -1 -2.484 -1 -2.548 -1 -2.998 -1 40
-2.773 -1 -2.424 -1 -2.438 -1 -2.958 -1 7
-2.698 -1 -2.38 -1 -2.664 -1 -3.076 -1 207
-2.87 -1 -2.456 -1 -2.82 -1 -3.168 -1 249
-2.994 -1 -2.572 -1 -2.684 -1 -3.08 -1 77
-2.882 -1 -2.486 -1 -2.856 -1 -3.176 -1 271
-3.016 -1 -2.56 -1 -2.766 -1 -3.19 -1 159
-2.978 -1 -2.544 -1 -2.75 -1 -3.202 -1 150
-2.976 -1 -2.516 -1 -2.698 -1 -3.122 -1 123
-2.91 -1 -2.46 -1 -2.486 -1 -3.01 -1 13
-2.748 -1 -2.386 -1 -2.764 -1 -3.142 -1 262
-2.953 -1 -2.526 -1 -2.722 -1 -3.124 -1 136
-2.923 -1 -2.476 -1 -2.82 -1 -3.194 -1 226
-3.007 -1 -2.574 -1 -2.594 -1 -3.02 -1 23
-2.807 -1 -2.426 -1 -2.446 -1 -2.922 -1 19
-2.684 -1 -2.33 -1 -2.458 -1 -2.944 -1 70
-2.701 -1 -2.336 -1 -2.618 -1 -2.968 -1 173
-2.793 -1 -2.372 -1 -2.658 -1 -3.058 -1 175
-2.858 -1 -2.424 -1 -2.702 -1 -3.118 -1 201
-2.91 -1 -2.49 -1 -2.784 -1 -3.112 -1 252
-2.948 -1 -2.488 -1 -2.752 -1 -3.09 -1 159
-2.921 -1 -2.504 -1 -2.896 -1 -3.244 -1 247
-3.07 -1 -2.612 -1 -2.938 -1 -3.254 -1 251
-3.096 -1 -2.64 -1 -2.856 -1 -3.236 -1 178
-3.046 -1 -2.612 -1 -2.906 -1 -3.158 -1 246
-3.032 -1 -2.636 -1 -2.784 -1 -3.156 -1 133
-2.97 -1 -2.594 -1 -2.958 -1 -3.176 -1 292
-3.067 -1 -2.624 -1 -2.774 -1 -3.146 -1 111
-2.96 -1 -2.552 -1 -2.712 -1 -3.206 -1 123
-2.959 -1 -2.53 -1 -2.682 -1 -3.094 -1 137
-2.888 -1 -2.48 -1 -2.774 -1 -3.192 -1 225
-2.983 -1 -2.562 -1 -2.896 -1 -3.222 -1 257
-3.059 -1 -2.582 -1 -2.806 -1 -3.112 -1 150
-2.959 -1 -2.526 -1 -2.73 -1 -3.114 -1 158
-2.922 -1 -2.51 -1 -2.764 -1 -3.186 -1 181
-2.975 -1 -2.56 -1 -2.746 -1 -3.166 -1 158
-2.956 -1 -2.54 -1 -2.78 -1 -3.212 -1 159
-2.996 -1 -2.52 -1 -2.806 -1 -3.124 -1 219
-2.965 -1 -2.522 -1 -2.652 -1 -3.076 -1 88
-2.864 -1 -2.466 -1 -2.466 -1 -2.976 -1 0
-2.721 -1 -2.366 -1 -2.782 -1 -3.192 -1 287
-2.987 -1 -2.536 -1 -2.856 -1 -3.192 -1 246
-3.024 -1 -2.568 -1 -2.962 -1 -3.258 -2 299
-3.11 -1 -2.668 -1 -2.888 -1 -3.232 -1 150
-3.06 -1 -2.644 -1 -2.722 -1 -3.124 -1 77
-2.923 -1 -2.552 -1 -2.766 -1 -3.156 -1 142
-2.961 -1 -2.54 -1 -2.658 -1 -3.1 -1 58
-2.879 -1 -2.51 -1 -2.69 -1 -3.072 -1 116
-2.881 -1 -2.486 -1 -2.756 -1 -3.082 -1 177
-2.919 -1 -2.494 -1 -2.83 -1 -3.19 -1 227
-3.01 -1 -2.576 -1 -2.928 -1 -3.29 -1 249
-3.109 -1 -2.626 -1 -2.626 -1 -3.022 -1 0
-2.824 -1 -2.49 -1 -2.792 -1 -3.152 -1 232
-2.972 -1 -2.552 -1 -2.796 -1 -3.202 -1 200
-2.999 -1 -2.6 -1 -2.842 -1 -3.17 -1 157
-3.006 -1 -2.58 -1 -2.802 -1 -3.164 -1 168
-2.983 -1 -2.546 -1 -2.83 -1 -3.146 -1 223
-2.988 -1 -2.566 -1 -2.784 -1 -3.238 -2 188
-3.011 -1 -2.59 -1 -2.676 -1 -3.142 -1 41
-2.909 -1 -2.478 -1 -2.816 -1 -3.162 -1 233
-2.989 -1 -2.534 -1 -2.658 -1 -3.11 -1 102
-2.884 -1 -2.512 -1 -2.58 -1 -3.104 -1 39
-2.842 -1 -2.482 -1 -2.664 -1 -3.176 -1 127
-2.92 -1 -2.516 -1 -2.614 -1 -3.098 -1 63
-2.856 -1 -2.46 -1 -2.85 -1 -3.188 -1 275
-3.019 -1 -2.602 -1 -2.878 -1 -3.196 -1 216
-3.037 -1 -2.604 -1 -2.884 -1 -3.3 -1 212
-3.092 -1 -2.67 -1 -3.026 -1 -3.286 -1 294
-3.156 -1 -2.708 -1 -2.98 -1 -3.238 -1 213
-3.109 -1 -2.67 -1 -2.72 -1 -3.14 -1 21
-2.93 -1 -2.544 -1 -2.72 -1 -3.2 -1 122
-2.96 -1 -2.534 -1 -2.656 -1 -3.154 -2 101
-2.905 -1 -2.526 -1 -2.612 -1 -2.994 -1 37
-2.803 -1 -2.444 -1 -2.548 -1 -3.01 -1 86
-2.779 -1 -2.416 -1 -2.678 -1 -3.14 -1 143
-2.909 -1 -2.498 -1 -2.628 -1 -3.038 -1 79
-2.833 -1 -2.414 -1 -2.67 -1 -3.054 -1 161
-2.862 -1 -2.46 -1 -2.798 -1 -3.186 -1 246
-2.992 -1 -2.55 -1 -2.612 -1 -3.036 -1 32
-2.824 -1 -2.426 -1 -2.618 -1 -3.116 -1 111
-2.867 -1 -2.426 -1 -2.668 -1 -3.112 -1 183
-2.89 -1 -2.434 -1 -2.752 -1 -3.214 -1 258
-2.983 -1 -2.542 -1 -2.762 -1 -3.242 -1 193
-3.002 -1 -2.556 -1 -2.906 -1 -3.232 -1 271
-3.069 -1 -2.604 -1 -2.944 -1 -3.226 -1 286
-3.085 -1 -2.606 -1 -2.908 -1 -3.272 -1 215
-3.09 -1 -2.648 -1 -2.72 -1 -3.114 -1 62
-2.917 -1 -2.518 -1 -2.574 -1 -3.064 -1 40
-2.819 -1 -2.428 -1 -2.698 -1 -3.074 -1 184
-2.886 -1 -2.496 -1 -2.926 -1 -3.21 -1 295
-3.068 -1 -2.58 -1 -2.594 -1 -3.024 -1 15
-2.809 -1 -2.436 -1 -2.438 -1 -2.996 -1 7
-2.717 -1 -2.396 -1 -2.732 -1 -3.13 -1 240
-2.931 -1 -2.506 -1 -2.654 -1 -3.102 -1 90
-2.878 -1 -2.468 -1 -2.654 -1 -3.084 -1 101
-2.869 -1 -2.454 -1 -2.776 -1 -3.166 -1 247
-2.971 -1 -2.512 -1 -2.592 -1 -3.09 -1 48
-2.841 -1 -2.444 -1 -2.518 -1 -3.024 -1 43
-2.771 -1 -2.44 -1 -2.532 -1 -2.994 -1 72
-2.763 -1 -2.4 -1 -2.518 -1 -3.04 -1 74
-2.779 -1 -2.418 -1 -2.56 -1 -3.034 -1 79
-2.797 -1 -2.404 -1 -2.6 -1 -3.028 -1 127
-2.814 -1 -2.364 -1 -2.728 -1 -3.126 -1 252
-2.927 -1 -2.496 -1 -2.756 -1 -3.18 -1 194
-2.968 -1 -2.556 -1 -2.824 -1 -3.208 -1 211
-3.016 -1 -2.582 -1 -2.812 -1 -3.178 -1 173
-2.995 -1 -2.572 -1 -2.708 -1 -3.064 -1 101
-2.886 -1 -2.47 -1 -2.628 -1 -3.042 -1 114
-2.835 -1 -2.432 -1 -2.572 -1 -3.022 -1 91
-2.797 -1 -2.428 -1 -2.538 -1 -3.034 -1 64
-2.786 -1 -2.408 -1 -2.576 -1 -3.078 -1 111
-2.827 -1 -2.39 -1 -2.51 -1 -3.05 -1 71
-2.78 -1 -2.382 -1 -2.794 -1 -3.184 -1 276
-2.989 -1 -2.504 -1 -2.724 -1 -3.174 -1 175
-2.949 -1 -2.526 -1 -2.73 -1 -3.116 -1 142
-2.923 -1 -2.498 -1 -2.538 -1 -2.964 -1 21
-2.751 -1 -2.37 -1 -2.444 -1 -2.876 -1 42
-2.66 -1 -2.294 -1 -2.472 -1 -2.93 -1 112
-2.701 -1 -2.302 -1 -2.386 -1 -2.94 -1 33
-2.663 -1 -2.278 -1 -2.52 -1 -2.954 -1 103
-2.737 -1 -2.298 -1 -2.514 -1 -3.014 -1 128
-2.764 -1 -2.352 -1 -2.398 -1 -2.894 -1 23
-2.646 -1 -2.282 -1 -2.614 -1 -3.014 -1 214
-2.814 -1 -2.366 -1 -2.576 -1 -3.002 -1 118
-2.789 -1 -2.406 -1 -2.816 -1 -3.28 -1 289
-3.048 -1 -2.572 -1 -2.706 -1 -3.036 -1 122
-2.871 -1 -2.46 -1 -2.47 -1 -2.986 -1 21
-2.728 -1 -2.38 -1 -2.654 -1 -3.07 -1 179
-2.862 -1 -2.406 -1 -2.728 -1 -3.084 -1 187
-2.906 -1 -2.476 -1 -2.788 -1 -3.156 -1 223
-2.972 -1 -2.54 -1 -2.95 -1 -3.228 -1 296
-3.089 -1 -2.606 -1 -2.72 -1 -3.076 -1 77
-2.898 -1 -2.474 -1 -2.512 -1 -2.924 -1 33
-2.718 -1 -2.354 -1 -2.458 -1 -2.914 -1 68
-2.686 -1 -2.294 -1 -2.554 -1 -3.03 -1 174
-2.792 -1 -2.366 -1 -2.666 -1 -3.116 -1 194
-2.891 -1 -2.48 -1 -2.88 -1 -3.232 -1 288
-3.056 -1 -2.592 -1 -2.638 -1 -3.036 -1 34
-2.837 -1 -2.464 -1 -2.56 -1 -3.066 -1 71
-2.813 -1 -2.454 -1 -2.7 -1 -3.12 -1 161
-2.91 -1 -2.502 -1 -2.86 -1 -3.196 -1 250
-3.028 -1 -2.564 -1 -2.78 -1 -3.254 -1 186
-3.017 -1 -2.578 -1 -2.618 -1 -3.16 -1 22
-2.889 -1 -2.502 -1 -2.716 -1 -3.16 -1 162
-2.938 -1 -2.528 -1 -2.738 -1 -3.134 -1 124
-2.936 -1 -2.53 -1 -2.868 -1 -3.184 -1 275
-3.026 -1 -2.578 -1 -2.596 -1 -3.084 -1 13
-2.84 -1 -2.462 -1 -2.576 -1 -3.012 -1 86
-2.794 -1 -2.396 -1 -2.608 -1 -3.01 -1 149
-2.809 -1 -2.398 -1 -2.828 -1 -3.182 -1 257
-3.005 -1 -2.514 -1 -2.758 -1 -3.122 -1 173
-2.94 -1 -2.478 -1 -2.848 -1 -3.228 -1 232
-3.038 -1 -2.55 -1 -2.61 -1 -3.016 -1 32
-2.813 -1 -2.43 -1 -2.774 -1 -3.148 -1 257
-2.961 -1 -2.552 -1 -2.838 -1 -3.15 -1 196
-2.994 -1 -2.542 -1 -2.832 -1 -3.2 -1 220
-3.016 -1 -2.58 -1 -2.712 -1 -3.154 -1 88
-2.933 -1 -2.498 -1 -2.646 -1 -3.048 -1 97
-2.847 -1 -2.43 -1 -2.434 -1 -2.976 -1 6
-2.705 -1 -2.342 -1 -2.504 -1 -2.998 -1 85
-2.751 -1 -2.358 -1 -2.654 -1 -3.05 -1 213
-2.852 -1 -2.418 -1 -2.796 -1 -3.16 -1 290
-2.978 -1 -2.544 -1 -2.638 -1 -3.076 -1 62
-2.857 -1 -2.48 -1 -2.588 -1 -3.03 -1 71
-2.809 -1 -2.424 -1 -2.58 -1 -2.986 -1 94
-2.783 -1 -2.414 -1 -2.734 -1 -3.04 -1 240
-2.887 -1 -2.442 -1 -2.67 -1 -3.112 -1 141
-2.891 -1 -2.414 -1 -2.602 -1 -2.996 -1 126
-2.799 -1 -2.388 -1 -2.82 -1 -3.146 -2 291
-2.983 -1 -2.514 -1 -2.776 -1 -3.136 -1 201
-2.956 -1 -2.542 -1 -2.75 -1 -3.166 -1 184
-2.958 -1 -2.548 -1 -2.604 -1 -3.118 -1 40
-2.861 -1 -2.512 -1 -2.576 -1 -3.068 -1 54
-2.822 -1 -2.44 -1 -2.748 -1 -3.138 -1 193
-2.943 -1 -2.474 -1 -2.772 -1 -3.146 -1 223
-2.959 -1 -2.526 -1 -2.76 -1 -3.182 -1 142
-2.971 -1 -2.554 -1 -2.956 -1 -3.262 -1 261
-3.109 -1 -2.626 -1 -2.862 -1 -3.256 -1 224
-3.059 -1 -2.638 -1 -2.952 -1 -3.218 -1 254
-3.085 -1 -2.614 -1 -2.616 -1 -3.084 -1 6
-2.85 -1 -2.472 -1 -2.686 -1 -3.124 -1 155
-2.905 -1 -2.506 -1 -2.72 -1 -3.046 -1 162
-2.883 -1 -2.474 -1 -2.588 -1 -3.026 -1 72
-2.807 -1 -2.418 -1 -2.676 -1 -3.104 -1 163
-2.89 -1 -2.466 -1 -2.536 -1 -3.058 -1 40
-2.797 -1 -2.378 -1 -2.586 -1 -3.058 -1 102
-2.822 -1 -2.424 -1 -2.772 -1 -3.158 -1 238
-2.965 -1 -2.504 -1 -2.592 -1 -3.04 -1 68
-2.816 -1 -2.43 -1 -2.63 -1 -3.022 -1 134
-2.826 -1 -2.442 -1 -2.532 -1 -2.986 -1 52
-2.759 -1 -2.384 -1 -2.508 -1 -3.016 -1 56
-2.762 -1 -2.394 -1 -2.728 -1 -3.17 -1 191
-2.949 -1 -2.502 -1 -2.842 -1 -3.176 -1 277
-3.009 -1 -2.606 -1 -2.814 -1 -3.198 -1 189
-3.006 -1 -2.572 -1 -2.846 -1 -3.128 -1 248
-2.987 -1 -2.58 -1 -2.828 -1 -3.186 -1 179
-3.007 -1 -2.594 -1 -2.658 -1 -3.048 -1 53
-2.853 -1 -2.468 -1 -2.822 -1 -3.1 -1 258
-2.961 -1 -2.502 -1 -2.512 -1 -2.984 -1 9
-2.748 -1 -2.41 -1 -2.542 -1 -3.012 -1 76
-2.777 -1 -2.402 -1 -2.626 -1 -3.03 -1 117
-2.828 -1 -2.428 -1 -2.5 -1 -2.956 -1 58
-2.728 -1 -2.35 -1 -2.7 -1 -3.098 -1 282
-2.899 -1 -2.478 -1 -2.812 -1 -3.138 -1 220
-2.975 -1 -2.538 -1 -2.64 -1 -3.076 -1 73
-2.858 -1 -2.454 -1 -2.724 -1 -3.162 -1 173
-2.943 -1 -2.484 -1 -2.506 -1 -2.932 -1 15
-2.719 -1 -2.354 -1 -2.84 -1 -3.152 -1 273
-2.996 -1 -2.524 -1 -2.756 -1 -3.108 -1 174
-2.932 -1 -2.494 -1 -2.792 -1 -3.212 -1 207
-3.002 -1 -2.568 -1 -2.838 -1 -3.218 -1 189
-3.028 -1 -2.588 -1 -2.646 -1 -3.074 -1 27
-2.86 -1 -2.436 -1 -2.562 -1 -3.022 -1 73
-2.792 -1 -2.374 -1 -2.48 -1 -2.916 -1 60
-2.698 -1 -2.302 -1 -2.648 -1 -3.024 -1 217
-2.836 -1 -2.402 -1 -2.824 -1 -3.16 -1 257
-2.992 -1 -2.484 -1 -2.6 -1 -3.014 -1 93
-2.807 -1 -2.382 -1 -2.416 -1 -2.946 -1 21
-2.681 -1 -2.334 -1 -2.408 -1 -2.932 -1 39
-2.67 -1 -2.292 -1 -2.44 -1 -2.942 -1 101
-2.691 -1 -2.334 -1 -2.432 -1 -2.9 -1 62
-2.666 -1 -2.288 -1 -2.634 -1 -2.99 -1 207
-2.812 -1 -2.38 -1 -2.442 -1 -2.996 -1 42
-2.719 -1 -2.328 -1 -2.648 -1 -3.088 -1 187
-2.868 -1 -2.434 -1 -2.878 -1 -3.156 -1 299
-3.017 -1 -2.58 -1 -2.734 -1 -3.07 -1 111
-2.902 -1 -2.494 -1 -2.592 -1 -3.096 -1 72
-2.844 -1 -2.434 -1 -2.736 -1 -3.122 -1 233
-2.929 -1 -2.474 -1 -2.724 -1 -3.14 -1 224
-2.932 -1 -2.546 -1 -2.886 -1 -3.244 -1 248
-3.065 -1 -2.598 -1 -2.824 -1 -3.118 -1 139
-2.971 -1 -2.548 -1 -2.67 -1 -3.094 -1 102
-2.882 -1 -2.486 -1 -2.786 -1 -3.198 -1 202
-2.992 -1 -2.562 -1 -2.912 -1 -3.228 -1 280
-3.07 -1 -2.58 -1 -2.692 -1 -3.066 -1 85
-2.879 -1 -2.504 -1 -2.814 -1 -3.11 -1 224
-2.962 -1 -2.49 -1 -2.718 -1 -3.112 -1 172
-2.915 -1 -2.474 -1 -2.726 -1 -3.152 -1 226
-2.939 -1 -2.504 -1 -2.722 -1 -3.096 -1 150
-2.909 -1 -2.462 -1 -2.49 -1 -2.966 -1 11
-2.728 -1 -2.37 -1 -2.482 -1 -3.008 -1 57
-2.745 -1 -2.372 -1 -2.374 -1 -2.914 -1 8
-2.644 -1 -2.3 -1 -2.356 -1 -2.866 -1 36
-2.611 -1 -2.238 -1 -2.626 -1 -3.032 -1 235
-2.829 -1 -2.394 -1 -2.702 -1 -3.046 -1 224
-2.874 -1 -2.402 -1 -2.48 -1 -3.016 -1 59
-2.748 -1 -2.374 -1 -2.78 -1 -3.142 -1 284
-2.961 -1 -2.494 -1 -2.854 -1 -3.23 -1 266
-3.042 -1 -2.62 -1 -2.724 -1 -3.14 -1 79
-2.932 -1 -2.522 -1 -2.904 -1 -3.206 -1 276
-3.055 -1 -2.538 -1 -2.814 -1 -3.172 -1 176
-2.993 -1 -2.542 -1 -2.686 -1 -3.064 -1 111
-2.875 -1 -2.5 -1 -2.774 -1 -3.118 -1 272
-2.946 -1 -2.528 -1 -2.798 -1 -3.162 -1 203
-2.98 -1 -2.556 -1 -2.646 -1 -2.998 -1 71
-2.822 -1 -2.44 -1 -2.496 -1 -2.99 -1 33
-2.743 -1 -2.364 -1 -2.564 -1 -3.044 -1 151
-2.804 -1 -2.404 -1 -2.744 -1 -3.154 -1 230
-2.949 -1 -2.496 -1 -2.85 -1 -3.146 -1 256
-2.998 -1 -2.52 -1 -2.844 -1 -3.192 -1 244
-3.018 -1 -2.616 -1 -2.928 -1 -3.32 -1 240
-3.124 -1 -2.69 -1 -2.948 -1 -3.288 -1 205
-3.118 -1 -2.674 -1 -2.886 -1 -3.244 -1 196
-3.065 -1 -2.654 -1 -2.736 -1 -3.102 -1 56
-2.919 -1 -2.518 -1 -2.84 -1 -3.184 -2 193
-3.012 -1 -2.58 -1 -2.832 -1 -3.174 -1 199
-3.003 -1 -2.574 -1 -2.648 -1 -3.086 -1 38
-2.867 -1 -2.478 -1 -2.72 -1 -3.146 -1 142
-2.933 -1 -2.498 -1 -2.532 -1 -3.036 -1 34
-2.784 -1 -2.422 -1 -2.614 -1 -3.048 -1 136
-2.831 -1 -2.424 -1 -2.86 -1 -3.22 -1 298
-3.04 -1 -2.58 -1 -2.75 -1 -3.082 -1 124
-2.916 -1 -2.506 -1 -2.828 -1 -3.158 -1 242
-2.993 -1 -2.548 -1 -2.614 -1 -3.026 -1 36
-2.82 -1 -2.45 -1 -2.634 -1 -3.058 -1 137
-2.846 -1 -2.486 -1 -2.81 -1 -3.144 -1 225
-2.977 -1 -2.518 -1 -2.844 -1 -3.13 -1 244
-2.987 -1 -2.564 -1 -2.66 -1 -3.07 -1 106
-2.865 -1 -2.488 -1 -2.644 -1 -3.064 -1 113
-2.854 -1 -2.436 -1 -2.484 -1 -2.962 -1 48
-2.723 -1 -2.344 -1 -2.764 -1 -3.146 -1 262
-2.955 -1 -2.484 -1 -2.77 -1 -3.09 -1 196
-2.93 -1 -2.478 -1 -2.846 -1 -3.182 -1 285
-3.014 -1 -2.566 -1 -2.62 -1 -3.004 -1 26
-2.812 -1 -2.41 -1 -2.82 -1 -3.124 -1 274
-2.972 -1 -2.502 -1 -2.682 -1 -3.104 -1 140
-2.893 -1 -2.49 -1 -2.838 -1 -3.184 -1 262
-3.011 -1 -2.59 -1 -2.918 -1 -3.256 -1 287
-3.087 -1 -2.602 -1 -2.84 -1 -3.208 -1 174
-3.024 -1 -2.584 -1 -2.612 -1 -3.088 -1 20
-2.85 -1 -2.484 -1 -2.74 -1 -3.144 -1 147
-2.942 -1 -2.506 -1 -2.932 -1 -3.218 -1 289
-3.075 -1 -2.584 -1 -2.648 -1 -3.092 -1 38
-2.87 -1 -2.5 -1 -2.7 -1 -3.132 -1 115
-2.916 -1 -2.528 -1 -2.96 -1 -3.248 -1 291
-3.104 -1 -2.616 -1 -2.65 -1 -3.084 -1 18
-2.867 -1 -2.496 -1 -2.564 -1 -3.052 -1 37
-2.808 -1 -2.424 -1 -2.808 -1 -3.172 -1 222
-2.99 -1 -2.528 -1 -2.624 -1 -3.032 -1 69
-2.828 -1 -2.47 -1 -2.522 -1 -2.968 -1 24
-2.745 -1 -2.384 -1 -2.44 -1 -2.976 -1 35
-2.708 -1 -2.388 -1 -2.506 -1 -3.004 -1 75
-2.755 -1 -2.412 -1 -2.414 -1 -2.932 -1 4
-2.673 -1 -2.346 -1 -2.4 -1 -2.91 -1 43
-2.655 -1 -2.342 -1 -2.408 -1 -2.894 -1 31
-2.651 -1 -2.306 -1 -2.594 -1 -3.002 -1 156
-2.798 -1 -2.38 -1 -2.57 -1 -3.034 -1 166
-2.802 -1 -2.412 -1 -2.564 -1 -3.064 -1 93
-2.814 -1 -2.382 -1 -2.452 -1 -2.958 -1 36
-2.705 -1 -2.358 -1 -2.704 -1 -3.1 -1 244
-2.902 -1 -2.45 -1 -2.724 -1 -3.098 -1 160
-2.911 -1 -2.474 -1 -2.768 -1 -3.108 -1 201
-2.938 -1 -2.512 -1 -2.698 -1 -3.086 -1 136
-2.892 -1 -2.466 -1 -2.652 -1 -3.124 -1 136
-2.888 -1 -2.468 -1 -2.814 -1 -3.136 -1 249
-2.975 -1 -2.524 -1 -2.772 -1 -3.174 -1 232
-2.973 -1 -2.546 -1 -2.664 -1 -3.092 -1 60
-2.878 -1 -2.436 -1 -2.606 -1 -3.004 -1 161
-2.805 -1 -2.402 -1 -2.458 -1 -3.016 -1 35
-2.737 -1 -2.36 -1 -2.556 -1 -3.064 -1 148
-2.81 -1 -2.426 -1 -2.478 -1 -2.938 -1 22
-2.708 -1 -2.352 -1 -2.494 -1 -2.962 -1 87
-2.728 -1 -2.314 -1 -2.784 -1 -3.144 -1 292
-2.964 -1 -2.54 -1 -2.562 -1 -2.952 -1 16
-2.757 -1 -2.394 -1 -2.74 -1 -3.098 -1 208
-2.919 -1 -2.496 -1 -2.576 -1 -3.018 -1 70
-2.797 -1 -2.392 -1 -2.704 -1 -3.09 -1 200
-2.897 -1 -2.474 -1 -2.814 -1 -3.088 -1 223
-2.951 -1 -2.548 -1 -2.672 -1 -3.076 -1 98
-2.874 -1 -2.47 -1 -2.806 -1 -3.17 -1 237
-2.988 -1 -2.522 -1 -2.7 -1 -3.056 -1 126
-2.878 -1 -2.464 -1 -2.512 -1 -3.098 -1 25
-2.805 -1 -2.438 -1 -2.44 -1 -2.878 -1 4
-2.659 -1 -2.312 -1 -2.406 -1 -2.92 -1 57
-2.663 -1 -2.294 -1 -2.686 -1 -3.05 -1 233
-2.868 -1 -2.412 -1 -2.664 -1 -3.088 -1 150
-2.876 -1 -2.436 -1 -2.752 -1 -3.074 -1 216
-2.913 -1 -2.472 -1 -2.692 -1 -3.084 -1 139
-2.888 -1 -2.466 -1 -2.666 -1 -3.012 -1 125
-2.839 -1 -2.396 -1 -2.5 -1 -2.97 -1 71
-2.735 -1 -2.364 -1 -2.45 -1 -2.94 -1 43
-2.695 -1 -2.328 -1 -2.726 -1 -3.14 -1 254
-2.933 -1 -2.48 -1 -2.86 -1 -3.12 -1 272
-2.99 -1 -2.514 -1 -2.59 -1 -3.032 -1 58
-2.811 -1 -2.408 -1 -2.718 -1 -3.078 -1 224
-2.898 -1 -2.498 -1 -2.51 -1 -2.99 -1 10
-2.75 -1 -2.366 -1 -2.53 -1 -3.028 -1 116
-2.779 -1 -2.384 -1 -2.65 -1 -3.052 -1 168
-2.851 -1 -2.432 -1 -2.564 -1 -3.032 -1 96
-2.798 -1 -2.4 -1 -2.4 -1 -2.876 -1 0
-2.638 -1 -2.308 -1 -2.556 -1 -3.002 -1 165
-2.779 -1 -2.36 -1 -2.69 -1 -3.104 -1 192
-2.897 -1 -2.454 -1 -2.82 -1 -3.17 -1 273
-2.995 -1 -2.508 -1 -2.71 -1 -3.042 -1 138
-2.876 -1 -2.478 -1 -2.6 -1 -3.032 -1 85
-2.816 -1 -2.422 -1 -2.656 -1 -3.062 -1 198
-2.859 -1 -2.458 -1 -2.622 -1 -2.998 -1 118
-2.81 -1 -2.42 -1 -2.838 -1 -3.118 -1 279
-2.978 -1 -2.526 -1 -2.576 -1 -3.02 -1 44
-2.798 -1 -2.372 -1 -2.426 -1 -2.948 -1 36
-2.687 -1 -2.346 -1 -2.778 -1 -3.162 -1 266
-2.97 -1 -2.534 -1 -2.844 -1 -3.214 -1 211
-3.029 -1 -2.532 -1 -2.86 -1 -3.234 -1 233
-3.047 -1 -2.57 -1 -2.876 -1 -3.212 -1 223
-3.044 -1 -2.6 -1 -2.81 -1 -3.116 -1 136
-2.963 -1 -2.548 -1 -2.746 -1 -3.198 -1 131
-2.972 -1 -2.564 -1 -2.838 -1 -3.232 -1 227
-3.035 -1 -2.604 -1 -2.8 -1 -3.15 -1 159
-2.975 -1 -2.568 -1 -2.668 -1 -3.172 -1 88
-2.92 -1 -2.528 -1 -2.662 -1 -3.074 -1 63
-2.868 -1 -2.496 -1 -2.786 -1 -3.132 -1 212
-2.959 -1 -2.518 -1 -2.778 -1 -3.146 -1 196
-2.962 -1 -2.516 -1 -2.792 -1 -3.198 -1 153
-2.995 -1 -2.508 -1 -2.604 -1 -3.062 -1 72
-2.833 -1 -2.444 -1 -2.494 -1 -2.974 -1 21
-2.734 -1 -2.382 -1 -2.382 -1 -2.866 -1 1
-2.624 -1 -2.27 -1 -2.446 -1 -2.924 -1 117
-2.685 -1 -2.286 -1 -2.458 -1 -3.014 -1 93
-2.736 -1 -2.37 -1 -2.658 -1 -3.052 -1 170
-2.855 -1 -2.426 -1 -2.632 -1 -3.026 -1 162
-2.829 -1 -2.39 -1 -2.622 -1 -3.026 -1 156
-2.824 -1 -2.37 -1 -2.63 -1 -3.012 -1 156
-2.821 -1 -2.404 -1 -2.758 -1 -3.114 -1 281
-2.936 -1 -2.474 -1 -2.73 -1 -3.1 -1 162
-2.915 -1 -2.454 -1 -2.51 -1 -2.906 -1 26
-2.708 -1 -2.352 -1 -2.658 -1 -3.096 -1 193
-2.877 -1 -2.434 -1 -2.774 -1 -3.19 -1 218
-2.982 -1 -2.512 -1 -2.824 -1 -3.1 -1 231
-2.962 -1 -2.48 -1 -2.79 -1 -3.192 -1 214
-2.991 -1 -2.582 -1 -2.628 -1 -3.022 -1 28
-2.825 -1 -2.426 -1 -2.434 -1 -2.874 -1 3
-2.654 -1 -2.282 -1 -2.526 -1 -2.946 -1 149
-2.736 -1 -2.332 -1 -2.618 -1 -2.992 -1 175
-2.805 -1 -2.352 -1 -2.646 -1 -3.04 -1 164
-2.843 -1 -2.38 -1 -2.414 -1 -2.93 -1 26
-2.672 -1 -2.288 -1 -2.548 -1 -2.952 -1 148
-2.75 -1 -2.362 -1 -2.634 -1 -2.98 -1 176
-2.807 -1 -2.398 -1 -2.454 -1 -2.818 -1 17
-2.636 -1 -2.276 -1 -2.374 -1 -2.924 -1 69
-2.649 -1 -2.272 -1 -2.598 -1 -3.054 -1 160
-2.826 -1 -2.388 -1 -2.638 -1 -3.022 -1 123
-2.83 -1 -2.368 -1 -2.76 -1 -3.128 -1 252
-2.944 -1 -2.45 -1 -2.718 -1 -3.082 -1 165
-2.9 -1 -2.43 -1 -2.758 -1 -3.096 -1 213
-2.927 -1 -2.484 -1 -2.87 -1 -3.194 -1 297
-3.032 -1 -2.526 -1 -2.86 -1 -3.196 -1 222
-3.028 -1 -2.598 -1 -2.8 -1 -3.118 -1 142
-2.959 -1 -2.538 -1 -2.892 -1 -3.226 -1 285
-3.059 -1 -2.588 -1 -2.712 -1 -3.088 -1 103
-2.9 -1 -2.514 -1 -2.792 -1 -3.184 -1 239
-2.988 -1 -2.548 -1 -2.58 -1 -3.046 -1 23
-2.813 -1 -2.458 -1 -2.578 -1 -2.964 -1 75
-2.771 -1 -2.386 -1 -2.53 -1 -3.056 -1 87
-2.793 -1 -2.396 -1 -2.572 -1 -3.018 -1 96
-2.795 -1 -2.38 -1 -2.772 -1 -3.054 -1 248
-2.913 -1 -2.442 -1 -2.468 -1 -3.002 -1 15
-2.735 -1 -2.368 -1 -2.62 -1 -2.984 -1 153
-2.802 -1 -2.37 -1 -2.752 -1 -3.098 -1 250
-2.925 -1 -2.464 -1 -2.854 -1 -3.154 -1 263
-3.004 -1 -2.552 -1 -2.864 -1 -3.172 -1 279
-3.018 -1 -2.558 -1 -2.9 -1 -3.2 -1 280
-3.05 -1 -2.588 -1 -2.594 -1 -3.044 -1 10
-2.819 -1 -2.442 -1 -2.692 -1 -3.08 -1 171
-2.886 -1 -2.516 -1 -2.86 -1 -3.166 -1 265
-3.013 -1 -2.566 -1 -2.742 -1 -3.08 -1 139
-2.911 -1 -2.488 -1 -2.736 -1 -3.158 -1 207
-2.947 -1 -2.524 -1 -2.824 -1 -3.212 -1 227
-3.018 -1 -2.552 -1 -2.82 -1 -3.152 -1 210
-2.986 -1 -2.564 -1 -2.802 -1 -3.174 -1 221
-2.988 -1 -2.57 -1 -2.916 -1 -3.292 -1 296
-3.104 -1 -2.648 -1 -2.818 -1 -3.152 -1 138
-2.985 -1 -2.554 -1 -2.854 -1 -3.282 -1 264
-3.068 -1 -2.664 -1 -2.784 -1 -3.198 -1 93
-2.991 -1 -2.556 -1 -2.708 -1 -3.124 -1 99
-2.916 -1 -2.514 -1 -2.788 -1 -3.17 -1 223
-2.979 -1 -2.528 -1 -2.866 -1 -3.216 -1 267
-3.041 -1 -2.604 -1 -2.854 -1 -3.202 -1 196
-3.028 -1 -2.594 -1 -2.764 -1 -3.14 -1 116
-2.952 -1 -2.566 -1 -2.812 -1 -3.178 -1 176
-2.995 -1 -2.53 -1 -2.592 -1 -3.042 -1 51
-2.817 -1 -2.458 -1 -2.49 -1 -2.962 -1 20
-2.726 -1 -2.368 -1 -2.78 -1 -3.156 -1 296
-2.968 -1 -2.508 -1 -2.564 -1 -3.07 -1 31
-2.817 -1 -2.432 -1 -2.48 -1 -2.934 -1 31
-2.707 -1 -2.336 -1 -2.492 -1 -3.004 -1 113
-2.748 -1 -2.402 -1 -2.732 -1 -3.114 -1 266
-2.923 -1 -2.512 -1 -2.864 -1 -3.192 -1 265
-3.028 -1 -2.56 -1 -2.898 -1 -3.254 -1 247
-3.076 -1 -2.62 -1 -2.836 -1 -3.16 -1 168
-2.998 -1 -2.592 -1 -2.714 -1 -3.122 -1 86
-2.918 -1 -2.512 -1 -2.544 -1 -3.038 -1 26
-2.791 -1 -2.424 -1 -2.778 -1 -3.148 -1 225
-2.963 -1 -2.576 -1 -2.746 -1 -3.114 -1 168
-2.93 -1 -2.502 -1 -2.594 -1 -3.034 -1 70
-2.814 -1 -2.438 -1 -2.65 -1 -3.052 -1 141
-2.851 -1 -2.42 -1 -2.776 -1 -3.18 -2 252
-2.978 -1 -2.556 -1 -2.896 -1 -3.2 -1 268
-3.048 -1 -2.614 -1 -2.764 -1 -3.166 -1 116
-2.965 -1 -2.524 -1 -2.844 -1 -3.194 -1 242
-3.019 -1 -2.594 -1 -2.86 -1 -3.222 -1 214
-3.041 -1 -2.634 -1 -2.668 -1 -3.102 -1 25
-2.885 -1 -2.49 -1 -2.808 -1 -3.168 -1 245
-2.988 -1 -2.558 -1 -2.752 -1 -3.148 -1 165
-2.95 -1 -2.514 -1 -2.7 -1 -3.096 -1 137
-2.898 -1 -2.466 -1 -2.542 -1 -3.026 -1 54
-2.784 -1 -2.432 -1 -2.822 -1 -3.206 -1 287
-3.014 -1 -2.55 -1 -2.908 -1 -3.314 -1 277
-3.111 -1 -2.702 -1 -2.806 -1 -3.184 -2 109
-2.995 -1 -2.566 -1 -2.898 -1 -3.254 -1 221
-3.076 -1 -2.598 -1 -2.758 -1 -3.084 -1 111
-2.921 -1 -2.492 -1 -2.884 -1 -3.238 -1 262
-3.061 -1 -2.592 -1 -2.768 -1 -3.176 -1 137
-2.972 -1 -2.546 -1 -2.622 -1 -3.094 -1 37
-2.858 -1 -2.472 -1 -2.822 -1 -3.216 -1 245
-3.019 -1 -2.558 -1 -2.558 -1 -3.024 -1 4
-2.791 -1 -2.386 -1 -2.68 -1 -3.122 -1 167
-2.901 -1 -2.456 -1 -2.56 -1 -3.006 -1 68
-2.783 -1 -2.38 -1 -2.764 -1 -3.168 -1 272
-2.966 -1 -2.5 -1 -2.548 -1 -3.064 -1 36
-2.806 -1 -2.402 -1 -2.434 -1 -2.92 -1 28
-2.677 -1 -2.306 -1 -2.728 -1 -3.09 -1 258
-2.909 -1 -2.436 -1 -2.686 -1 -3.12 -1 140
-2.903 -1 -2.464 -1 -2.836 -1 -3.168 -1 246
-3.002 -1 -2.55 -1 -2.728 -1 -3.056 -1 111
-2.892 -1 -2.492 -1 -2.784 -1 -3.228 -1 212
-3.006 -1 -2.562 -1 -2.676 -1 -3.086 -1 79
-2.881 -1 -2.45 -1 -2.494 -1 -2.928 -1 36
-2.711 -1 -2.35 -1 -2.536 -1 -3.02 -1 111
-2.778 -1 -2.398 -1 -2.542 -1 -2.998 -1 95
-2.77 -1 -2.37 -1 -2.718 -1 -3.096 -1 210
-2.907 -1 -2.462 -1 -2.712 -1 -3.128 -1 194
-2.92 -1 -2.474 -1 -2.676 -1 -3.092 -1 132
-2.884 -1 -2.456 -1 -2.474 -1 -2.924 -1 9
-2.699 -1 -2.302 -1 -2.504 -1 -2.972 -1 130
-2.738 -1 -2.314 -1 -2.38 -1 -2.884 -1 49
-2.632 -1 -2.322 -1 -2.444 -1 -2.892 -1 78
-2.668 -1 -2.316 -1 -2.356 -1 -2.866 -1 24
-2.611 -1 -2.284 -1 -2.556 -1 -2.992 -1 150
-2.774 -1 -2.358 -1 -2.532 -1 -2.958 -1 113
-2.745 -1 -2.332 -1 -2.644 -1 -3.05 -1 189
-2.847 -1 -2.398 -1 -2.504 -1 -2.938 -1 69
-2.721 -1 -2.346 -1 -2.442 -1 -2.908 -1 41
-2.675 -1 -2.302 -1 -2.506 -1 -2.946 -1 118
-2.726 -1 -2.306 -1 -2.504 -1 -2.968 -1 120
-2.736 -1 -2.336 -1 -2.39 -1 -2.892 -1 32
-2.641 -1 -2.286 -1 -2.664 -1 -3.04 -1 228
-2.852 -1 -2.402 -1 -2.6 -1 -3.036 -1 141
-2.818 -1 -2.414 -1 -2.68 -1 -3.122 -1 191
-2.901 -1 -2.484 -1 -2.596 -1 -2.984 -1 83
-2.79 -1 -2.4 -1 -2.544 -1 -2.94 -1 78
-2.742 -1 -2.37 -1 -2.536 -1 -3.066 -1 113
-2.801 -1 -2.408 -1 -2.738 -1 -3.058 -1 228
-2.898 -1 -2.454 -1 -2.682 -1 -3.112 -1 160
-2.897 -1 -2.508 -1 -2.822 -1 -3.088 -1 215
-2.955 -1 -2.492 -1 -2.73 -1 -3.134 -1 183
-2.932 -1 -2.494 -1 -2.764 -1 -3.162 -1 188
-2.963 -1 -2.532 -1 -2.618 -1 -3.068 -1 61
-2.843 -1 -2.47 -1 -2.642 -1 -2.992 -1 105
-2.817 -1 -2.424 -1 -2.424 -1 -2.984 -1 0
-2.704 -1 -2.352 -1 -2.546 -1 -2.962 -1 118
-2.754 -1 -2.366 -1 -2.418 -1 -2.876 -1 35
-2.647 -1 -2.322 -1 -2.688 -1 -3.104 -1 222
-2.896 -1 -2.48 -1 -2.564 -1 -2.99 -1 72
-2.777 -1 -2.38 -1 -2.608 -1 -3.012 -1 179
-2.81 -1 -2.416 -1 -2.588 -1 -3.042 -1 104
-2.815 -1 -2.398 -1 -2.798 -1 -3.108 -1 286
-2.953 -1 -2.492 -1 -2.764 -1 -3.178 -1 195
-2.971 -1 -2.536 -1 -2.702 -1 -3.092 -1 135
-2.897 -1 -2.51 -1 -2.598 -1 -3.126 -1 50
-2.862 -1 -2.488 -1 -2.762 -1 -3.1 -1 188
-2.931 -1 -2.522 -1 -2.55 -1 -3.026 -1 14
-2.788 -1 -2.408 -1 -2.75 -1 -3.108 -1 245
-2.929 -1 -2.476 -1 -2.718 -1 -3.14 -1 171
-2.929 -1 -2.502 -1 -2.506 -1 -2.962 -1 7
-2.734 -1 -2.382 -1 -2.612 -1 -3.014 -1 133
-2.813 -1 -2.422 -1 -2.456 -1 -2.974 -1 20
-2.715 -1 -2.35 -1 -2.536 -1 -2.972 -1 99
-2.754 -1 -2.334 -1 -2.67 -1 -3.022 -1 200
-2.846 -1 -2.376 -1 -2.766 -1 -3.116 -1 285
-2.941 -1 -2.464 -1 -2.82 -1 -3.202 -1 247
-3.011 -1 -2.566 -1 -2.566 -1 -2.958 -1 0
-2.762 -1 -2.39 -1 -2.652 -1 -3.062 -1 156
-2.857 -1 -2.404 -1 -2.456 -1 -2.956 -1 23
-2.706 -1 -2.354 -1 -2.524 -1 -2.972 -1 94
-2.748 -1 -2.36 -1 -2.584 -1 -3.046 -1 159
-2.815 -1 -2.422 -1 -2.676 -1 -3.096 -1 147
-2.886 -1 -2.466 -1 -2.592 -1 -3.026 -1 79
-2.809 -1 -2.416 -1 -2.43 -1 -2.914 -1 19
-2.672 -1 -2.328 -1 -2.586 -1 -3.022 -1 142
-2.804 -1 -2.38 -1 -2.644 -1 -3.056 -1 192
-2.85 -1 -2.458 -1 -2.458 -1 -2.928 -1 2
-2.693 -1 -2.33 -1 -2.702 -1 -3.152 -1 243
-2.927 -1 -2.494 -1 -2.756 -1 -3.126 -1 176
-2.941 -1 -2.51 -1 -2.646 -1 -3.066 -1 86
-2.856 -1 -2.436 -1 -2.548 -1 -2.962 -1 76
-2.755 -1 -2.382 -1 -2.396 -1 -2.908 -1 10
-2.652 -1 -2.316 -1 -2.582 -1 -3.006 -1 164
-2.794 -1 -2.39 -1 -2.616 -1 -3.062 -1 192
-2.839 -1 -2.43 -1 -2.848 -1 -3.212 -1 244
-3.03 -1 -2.58 -1 -2.808 -1 -3.104 -1 184
-2.956 -1 -2.564 -1 -2.774 -1 -3.184 -1 135
-2.979 -1 -2.56 -1 -2.63 -1 -3.034 -1 34
-2.832 -1 -2.418 -1 -2.588 -1 -3.072 -1 128
-2.83 -1 -2.424 -1 -2.634 -1 -3.054 -1 115
-2.844 -1 -2.436 -1 -2.824 -1 -3.172 -1 241
-2.998 -1 -2.56 -1 -2.898 -1 -3.186 -1 233
-3.042 -1 -2.566 -1 -2.826 -1 -3.238 -1 203
-3.032 -1 -2.558 -1 -2.858 -1 -3.194 -1 219
-3.026 -1 -2.558 -1 -2.702 -1 -3.034 -1 96
-2.868 -1 -2.456 -1 -2.74 -1 -3.184 -2 215
-2.962 -1 -2.548 -1 -2.606 -1 -3.034 -1 48
-2.82 -1 -2.428 -1 -2.65 -1 -3.132 -1 139
-2.891 -1 -2.442 -1 -2.594 -1 -3.056 -1 92
-2.825 -1 -2.43 -1 -2.81 -1 -3.148 -1 292
-2.979 -1 -2.536 -1 -2.834 -1 -3.2 -1 194
-3.017 -1 -2.568 -1 -2.67 -1 -3.102 -1 81
-2.886 -1 -2.512 -1 -2.72 -1 -3.126 -1 172
-2.923 -1 -2.464 -1 -2.604 -1 -3.072 -1 107
-2.838 -1 -2.448 -1 -2.57 -1 -2.95 -1 92
-2.76 -1 -2.354 -1 -2.604 -1 -3.042 -1 145
-2.823 -1 -2.432 -1 -2.744 -1 -3.136 -1 209
-2.94 -1 -2.492 -1 -2.718 -1 -3.118 -1 183
-2.918 -1 -2.488 -1 -2.548 -1 -2.96 -1 42
-2.754 -1 -2.402 -1 -2.406 -1 -2.942 -1 4
-2.674 -1 -2.33 -1 -2.514 -1 -3.032 -1 125
-2.773 -1 -2.382 -1 -2.702 -1 -3.09 -1 226
-2.896 -1 -2.45 -1 -2.738 -1 -3.092 -1 202
-2.915 -1 -2.484 -1 -2.694 -1 -3.116 -1 144
-2.905 -1 -2.53 -1 -2.866 -1 -3.274 -1 296
-3.07 -1 -2.644 -1 -2.86 -1 -3.23 -1 134
-3.045 -1 -2.596 -1 -2.748 -1 -3.176 -1 102
-2.962 -1 -2.558 -1 -2.706 -1 -3.07 -1 92
-2.888 -1 -2.496 -1 -2.788 -1 -3.102 -1 245
-2.945 -1 -2.514 -1 -2.762 -1 -3.148 -1 205
-2.955 -1 -2.55 -1 -2.85 -1 -3.2 -1 250
-3.025 -1 -2.512 -1 -2.57 -1 -3.1 -1 51
-2.835 -1 -2.458 -1 -2.768 -1 -3.138 -1 210
-2.953 -1 -2.544 -1 -2.82 -1 -3.188 -1 202
-3.004 -1 -2.582 -1 -2.624 -1 -3.032 -1 17
-2.828 -1 -2.466 -1 -2.472 -1 -2.958 -1 11
-2.715 -1 -2.378 -1 -2.494 -1 -3.034 -1 65
-2.764 -1 -2.376 -1 -2.764 -1 -3.14 -1 297
-2.952 -1 -2.536 -1 -2.782 -1 -3.152 -1 155
-2.967 -1 -2.498 -1 -2.82 -1 -3.236 -1 283
-3.028 -1 -2.572 -1 -2.898 -1 -3.202 -1 217
-3.05 -1 -2.62 -1 -2.868 -1 -3.16 -1 205
-3.014 -1 -2.59 -1 -2.686 -1 -3.146 -1 92
-2.916 -1 -2.498 -1 -2.664 -1 -3.116 -1 95
-2.89 -1 -2.476 -1 -2.58 -1 -2.974 -1 50
-2.777 -1 -2.406 -1 -2.808 -1 -3.092 -1 275
-2.95 -1 -2.506 -1 -2.66 -1 -3.07 -1 101
-2.865 -1 -2.46 -1 -2.494 -1 -2.988 -1 22
-2.741 -1 -2.362 -1 -2.64 -1 -3.078 -1 172
-2.859 -1 -2.43 -1 -2.604 -1 -3.04 -1 112
-2.822 -1 -2.438 -1 -2.76 -1 -3.156 -1 211
-2.958 -1 -2.474 -1 -2.82 -1 -3.208 -1 201
-3.014 -1 -2.562 -1 -2.798 -1 -3.098 -1 189
-2.948 -1 -2.532 -1 -2.804 -1 -3.164 -1 148
-2.984 -1 -2.536 -1 -2.664 -1 -3.044 -1 113
-2.854 -1 -2.44 -1 -2.506 -1 -3.044 -1 43
-2.775 -1 -2.376 -1 -2.744 -1 -3.108 -1 253
-2.926 -1 -2.49 -1 -2.656 -1 -3.112 -1 130
-2.884 -1 -2.45 -1 -2.486 -1 -3.022 -1 15
-2.754 -1 -2.356 -1 -2.732 -1 -3.12 -1 234
-2.926 -1 -2.502 -1 -2.536 -1 -3.034 -1 15
-2.785 -1 -2.4 -1 -2.766 -1 -3.168 -1 198
-2.967 -1 -2.486 -1 -2.772 -1 -3.176 -2 206
-2.974 -1 -2.54 -1 -2.67 -1 -3.088 -1 85
-2.879 -1 -2.492 -1 -2.762 -1 -3.128 -1 175
-2.945 -1 -2.532 -1 -2.762 -1 -3.114 -1 168
-2.938 -1 -2.516 -1 -2.638 -1 -3.098 -1 78
-2.868 -1 -2.456 -1 -2.766 -1 -3.184 -1 254
-2.975 -1 -2.554 -1 -2.578 -1 -3.014 -1 16
-2.796 -1 -2.434 -1 -2.69 -1 -3.112 -1 199
-2.901 -1 -2.504 -1 -2.63 -1 -3.092 -1 52
-2.861 -1 -2.47 -1 -2.696 -1 -3.134 -1 150
-2.915 -1 -2.482 -1 -2.836 -1 -3.216 -1 227
-3.026 -1 -2.562 -1 -2.852 -1 -3.194 -1 208
-3.023 -1 -2.59 -1 -2.872 -1 -3.206 -1 237
-3.039 -1 -2.574 -1 -2.766 -1 -3.156 -1 164
-2.961 -1 -2.554 -1 -2.59 -1 -3.03 -2 26
-2.81 -1 -2.438 -1 -2.522 -1 -3.008 -1 61
-2.765 -1 -2.41 -1 -2.494 -1 -3.024 -1 47
-2.759 -1 -2.422 -1 -2.666 -1 -3.102 -1 176
-2.884 -1 -2.488 -1 -2.672 -1 -3.114 -1 142
-2.893 -1 -2.484 -1 -2.788 -1 -3.126 -1 204
-2.957 -1 -2.534 -1 -2.862 -1 -3.248 -1 266
-3.055 -1 -2.604 -1 -2.722 -1 -3.15 -1 101
-2.936 -1 -2.554 -1 -2.902 -1 -3.218 -1 260
-3.06 -1 -2.598 -1 -2.786 -1 -3.162 -1 151
-2.974 -1 -2.57 -1 -2.838 -1 -3.258 -1 232
-3.048 -1 -2.662 -1 -2.972 -1 -3.29 -1 261
-3.131 -1 -2.688 -1 -2.768 -1 -3.162 -1 108
-2.965 -1 -2.554 -1 -2.952 -1 -3.288 -1 299
-3.12 -1 -2.662 -1 -2.664 -1 -3.15 -1 1
-2.907 -1 -2.536 -1 -2.912 -1 -3.286 -1 282
-3.099 -1 -2.638 -1 -2.838 -1 -3.228 -1 184
-3.033 -1 -2.614 -1 -2.83 -1 -3.22 -1 180
-3.025 -1 -2.61 -1 -2.902 -1 -3.158 -1 276
-3.03 -1 -2.594 -1 -2.736 -1 -3.13 -1 126
-2.933 -1 -2.524 -1 -2.888 -1 -3.188 -1 251
-3.038 -1 -2.596 -1 -2.652 -1 -3.076 -1 47
-2.864 -1 -2.482 -1 -2.706 -1 -3.062 -1 171
-2.884 -1 -2.456 -1 -2.554 -1 -2.99 -1 66
-2.772 -1 -2.434 -1 -2.708 -1 -3.078 -1 175
-2.893 -1 -2.452 -1 -2.584 -1 -2.988 -1 74
-2.786 -1 -2.394 -1 -2.416 -1 -2.988 -1 19
-2.702 -1 -2.372 -1 -2.512 -1 -2.946 -1 94
-2.729 -1 -2.35 -1 -2.764 -1 -3.116 -1 276
-2.94 -1 -2.51 -1 -2.608 -1 -3.066 -1 56
-2.837 -1 -2.466 -1 -2.674 -1 -3.126 -1 129
-2.9 -1 -2.48 -1 -2.852 -1 -3.196 -1 292
-3.024 -1 -2.586 -1 -2.736 -1 -3.144 -1 86
-2.94 -1 -2.506 -1 -2.556 -1 -3.122 -1 42
-2.839 -1 -2.44 -1 -2.44 -1 -2.996 -1 1
-2.718 -1 -2.376 -1 -2.726 -1 -3.122 -1 273
-2.924 -1 -2.502 -1 -2.598 -1 -3.068 -1 57
-2.833 -1 -2.426 -1 -2.6 -1 -3.052 -1 129
-2.826 -1 -2.45 -1 -2.678 -1 -3.062 -1 165
-2.87 -1 -2.432 -1 -2.492 -1 -3.028 -1 39
-2.76 -1 -2.37 -1 -2.49 -1 -2.922 -1 65
-2.706 -1 -2.328 -1 -2.372 -1 -2.888 -1 22
-2.63 -1 -2.288 -1 -2.358 -1 -2.902 -1 49
-2.63 -1 -2.262 -1 -2.65 -1 -3.088 -1 222
-2.869 -1 -2.382 -1 -2.408 -1 -2.914 -1 28
-2.661 -1 -2.296 -1 -2.392 -1 -2.888 -1 64
-2.64 -1 -2.274 -1 -2.652 -1 -3.06 -1 271
-2.856 -1 -2.396 -1 -2.43 -1 -2.918 -1 15
-2.674 -1 -2.312 -1 -2.712 -1 -3.026 -1 248
-2.869 -1 -2.418 -1 -2.652 -1 -3.074 -1 167
-2.863 -1 -2.446 -1 -2.804 -1 -3.154 -1 266
-2.979 -1 -2.544 -1 -2.636 -1 -3.016 -1 65
-2.826 -1 -2.428 -1 -2.51 -1 -2.94 -1 53
-2.725 -1 -2.34 -1 -2.344 -1 -2.854 -1 1
-2.599 -1 -2.262 -1 -2.374 -1 -2.926 -1 74
-2.65 -1 -2.282 -1 -2.608 -1 -2.986 -1 206
-2.797 -1 -2.362 -1 -2.386 -1 -2.926 -1 14
-2.656 -1 -2.284 -1 -2.52 -1 -2.988 -1 162
-2.754 -1 -2.346 -1 -2.71 -1 -3.046 -1 212
-2.878 -1 -2.422 -1 -2.778 -1 -3.108 -1 240
-2.943 -1 -2.516 -1 -2.682 -1 -3.124 -1 137
-2.903 -1 -2.482 -1 -2.702 -1 -3.084 -1 164
-2.893 -1 -2.484 -1 -2.752 -1 -3.098 -1 167
-2.925 -1 -2.45 -1 -2.846 -1 -3.172 -1 258
-3.009 -1 -2.568 -1 -2.88 -1 -3.14 -1 260
-3.01 -1 -2.606 -1 -2.712 -1 -3.134 -1 83
-2.923 -1 -2.518 -1 -2.658 -1 -3.102 -1 98
-2.88 -1 -2.426 -1 -2.484 -1 -2.982 -1 43
-2.733 -1 -2.384 -1 -2.582 -1 -2.97 -1 113
-2.776 -1 -2.394 -1 -2.662 -1 -3.054 -1 216
-2.858 -1 -2.448 -1 -2.466 -1 -2.926 -1 15
-2.696 -1 -2.354 -1 -2.384 -1 -2.93 -1 25
-2.657 -1 -2.312 -1 -2.69 -1 -3.082 -1 234
-2.886 -1 -2.444 -1 -2.552 -1 -3.064 -1 76
-2.808 -1 -2.424 -1 -2.75 -1 -3.122 -1 205
-2.936 -1 -2.49 -1 -2.508 -1 -2.918 -1 5
-2.713 -1 -2.376 -1 -2.766 -1 -3.112 -1 282
-2.939 -1 -2.494 -1 -2.902 -1 -3.244 -1 299
-3.073 -1 -2.606 -1 -2.852 -1 -3.142 -1 193
-2.997 -1 -2.58 -1 -2.672 -1 -3.146 -1 76
-2.909 -1 -2.498 -1 -2.668 -1 -3.08 -1 116
-2.874 -1 -2.466 -1 -2.554 -1 -3.088 -1 54
-2.821 -1 -2.464 -1 -2.854 -1 -3.152 -1 279
-3.003 -1 -2.596 -1 -2.87 -1 -3.264 -1 211
-3.067 -1 -2.624 -1 -2.72 -1 -3.162 -1 54
-2.941 -1 -2.536 -1 -2.644 -1 -3.088 -1 72
-2.866 -1 -2.508 -1 -2.584 -1 -3.074 -1 58
-2.829 -1 -2.482 -1 -2.49 -1 -3.024 -1 4
-2.757 -1 -2.368 -1 -2.506 -1 -3.024 -1 91
-2.765 -1 -2.406 -1 -2.738 -1 -3.22 -1 238
-2.979 -1 -2.556 -1 -2.912 -1 -3.208 -1 290
-3.06 -1 -2.63 -1 -2.732 -1 -3.188 -2 66
-2.96 -1 -2.558 -1 -2.72 -1 -3.162 -1 115
-2.941 -1 -2.522 -1 -2.528 -1 -2.972 -1 8
-2.75 -1 -2.38 -1 -2.658 -1 -3.074 -1 178
-2.866 -1 -2.506 -1 -2.586 -1 -3.052 -1 69
-2.819 -1 -2.438 -1 -2.65 -1 -3.156 -1 149
-2.903 -1 -2.492 -1 -2.594 -1 -3.03 -1 95
-2.812 -1 -2.426 -1 -2.64 -1 -3.078 -1 136
-2.859 -1 -2.468 -1 -2.574 -1 -3.068 -1 82
-2.821 -1 -2.446 -1 -2.472 -1 -3.008 -1 20
-2.74 -1 -2.386 -1 -2.492 -1 -2.93 -1 64
-2.711 -1 -2.368 -1 -2.7 -1 -3.128 -1 196
-2.914 -1 -2.476 -1 -2.51 -1 -3.062 -2 20
-2.786 -1 -2.392 -1 -2.63 -1 -3.05 -1 177
-2.84 -1 -2.428 -1 -2.836 -1 -3.154 -1 260
-2.995 -1 -2.538 -1 -2.72 -1 -3.088 -1 161
-2.904 -1 -2.456 -1 -2.744 -1 -3.162 -1 233
-2.953 -1 -2.554 -1 -2.712 -1 -3.116 -1 90
-2.914 -1 -2.492 -1 -2.506 -1 -2.916 -1 6
-2.711 -1 -2.366 -1 -2.712 -1 -3.092 -1 236
-2.902 -1 -2.49 -1 -2.726 -1 -3.078 -1 152
-2.902 -1 -2.442 -1 -2.616 -1 -3.024 -1 128
-2.82 -1 -2.438 -1 -2.652 -1 -3.126 -1 121
-2.889 -1 -2.468 -1 -2.768 -1 -3.164 -1 239
-2.966 -1 -2.536 -1 -2.896 -1 -3.23 -1 249
-3.063 -1 -2.626 -1 -2.7 -1 -3.108 -1 38
-2.904 -1 -2.508 -1 -2.52 -1 -3.072 -1 5
-2.796 -1 -2.428 -1 -2.606 -1 -2.954 -1 105
-2.78 -1 -2.382 -1 -2.516 -1 -2.95 -1 71
-2.733 -1 -2.356 -1 -2.758 -1 -3.114 -1 285
-2.936 -1 -2.498 -1 -2.696 -1 -3.148 -1 132
-2.922 -1 -2.486 -1 -2.864 -1 -3.218 -1 278
-3.041 -1 -2.596 -1 -2.848 -1 -3.158 -1 223
-3.003 -1 -2.564 -1 -2.74 -1 -3.054 -1 145
-2.897 -1 -2.478 -1 -2.796 -1 -3.222 -1 225
-3.009 -1 -2.542 -1 -2.64 -1 -3.064 -2 46
-2.852 -1 -2.478 -1 -2.626 -1 -3.026 -1 96
-2.826 -1 -2.44 -1 -2.498 -1 -2.994 -1 42
-2.746 -1 -2.352 -1 -2.72 -1 -3.152 -1 236
-2.936 -1 -2.516 -1 -2.79 -1 -3.154 -1 207
-2.972 -1 -2.524 -1 -2.858 -1 -3.18 -1 241
-3.019 -1 -2.534 -1 -2.678 -1 -3.108 -1 104
-2.893 -1 -2.504 -1 -2.638 -1 -3.07 -1 117
-2.854 -1 -2.468 -1 -2.84 -1 -3.152 -1 264
-2.996 -1 -2.58 -1 -2.948 -1 -3.286 -1 277
-3.117 -1 -2.666 -1 -2.994 -1 -3.298 -1 285
-3.146 -1 -2.696 -1 -2.922 -1 -3.32 -2 199
-3.121 -1 -2.688 -1 -2.996 -1 -3.288 -1 244
-3.142 -1 -2.7 -1 -2.788 -1 -3.224 -1 83
-3.006 -1 -2.61 -1 -2.82 -1 -3.218 -1 171
-3.019 -1 -2.602 -1 -2.76 -1 -3.186 -1 138
-2.973 -1 -2.558 -1 -2.91 -1 -3.262 -1 219
-3.086 -1 -2.63 -1 -2.69 -1 -3.134 -1 28
-2.912 -1 -2.518 -1 -2.75 -1 -3.192 -1 150
-2.971 -1 -2.566 -1 -2.72 -1 -3.192 -1 122
-2.956 -1 -2.554 -1 -2.904 -1 -3.178 -1 265
-3.041 -1 -2.63 -1 -2.632 -1 -3.066 -1 1
-2.849 -1 -2.486 -1 -2.558 -1 -2.988 -1 50
-2.773 -1 -2.386 -1 -2.834 -1 -3.144 -1 298
-2.989 -1 -2.55 -1 -2.908 -1 -3.208 -1 291
-3.058 -1 -2.58 -1 -2.694 -1 -3.074 -1 100
-2.884 -1 -2.458 -1 -2.85 -1 -3.204 -1 280
-3.027 -1 -2.576 -1 -2.586 -1 -3.044 -1 6
-2.815 -1 -2.438 -1 -2.834 -1 -3.198 -1 275
-3.016 -1 -2.546 -1 -2.548 -1 -3.04 -1 3
-2.794 -1 -2.422 -1 -2.562 -1 -3.034 -1 101
-2.798 -1 -2.406 -1 -2.574 -1 -3.104 -1 105
-2.839 -1 -2.44 -1 -2.848 -1 -3.108 -1 285
-2.978 -1 -2.5 -1 -2.738 -1 -3.106 -1 169
-2.922 -1 -2.452 -1 -2.498 -1 -2.924 -1 31
-2.711 -1 -2.332 -1 -2.494 -1 -3.018 -1 84
-2.756 -1 -2.38 -1 -2.592 -1 -3.054 -1 143
-2.823 -1 -2.398 -1 -2.504 -1 -2.98 -1 62
-2.742 -1 -2.358 -1 -2.786 -1 -3.132 -1 297
-2.959 -1 -2.498 -1 -2.78 -1 -3.14 -1 190
-2.96 -1 -2.47 -1 -2.626 -1 -3.044 -1 104
-2.835 -1 -2.398 -1 -2.778 -1 -3.212 -1 265
-2.995 -1 -2.508 -1 -2.566 -1 -3.016 -1 41
-2.791 -1 -2.396 -1 -2.65 -1 -3.104 -1 196
-2.877 -1 -2.442 -1 -2.686 -1 -3.108 -1 117
-2.897 -1 -2.486 -1 -2.858 -1 -3.184 -1 223
-3.021 -1 -2.562 -1 -2.868 -1 -3.256 -1 275
-3.062 -1 -2.618 -1 -2.63 -1 -3.106 -1 5
-2.868 -1 -2.482 -1 -2.746 -1 -3.138 -1 199
-2.942 -1 -2.514 -1 -2.63 -1 -3.068 -1 74
-2.849 -1 -2.47 -1 -2.796 -1 -3.148 -1 268
-2.972 -1 -2.556 -1 -2.724 -1 -3.054 -1 112
-2.889 -1 -2.462 -1 -2.574 -1 -3.042 -1 77
-2.808 -1 -2.402 -1 -2.76 -1 -3.14 -1 226
-2.95 -1 -2.512 -1 -2.62 -1 -3.07 -1 69
-2.845 -1 -2.426 -1 -2.554 -1 -2.966 -1 83
-2.76 -1 -2.366 -1 -2.72 -1 -3.054 -1 223
-2.887 -1 -2.43 -1 -2.658 -1 -3.112 -1 173
-2.885 -1 -2.49 -1 -2.756 -1 -3.14 -1 213
-2.948 -1 -2.568 -1 -2.768 -1 -3.058 -1 134
-2.913 -1 -2.496 -1 -2.644 -1 -3.076 -2 95
-2.86 -1 -2.444 -1 -2.506 -1 -2.962 -1 25
-2.734 -1 -2.362 -1 -2.486 -1 -2.902 -1 83
-2.694 -1 -2.314 -1 -2.376 -1 -2.914 -1 26
-2.645 -1 -2.3 -1 -2.46 -1 -2.886 -1 105
-2.673 -1 -2.316 -1 -2.422 -1 -2.882 -1 77
-2.652 -1 -2.288 -1 -2.538 -1 -2.99 -1 146
-2.764 -1 -2.348 -1 -2.694 -1 -3.052 -1 219
-2.873 -1 -2.448 -1 -2.772 -1 -3.112 -1 226
-2.942 -1 -2.474 -1 -2.61 -1 -2.92 -1 112
-2.765 -1 -2.37 -1 -2.742 -1 -3.09 -1 256
-2.916 -1 -2.478 -1 -2.688 -1 -3.06 -1 128
-2.874 -1 -2.436 -1 -2.76 -1 -3.128 -1 207
-2.944 -1 -2.498 -1 -2.518 -1 -2.926 -1 11
-2.722 -1 -2.34 -1 -2.504 -1 -3.002 -1 110
-2.753 -1 -2.358 -1 -2.67 -1 -3.058 -1 193
-2.864 -1 -2.414 -1 -2.452 -1 -2.944 -1 27
-2.698 -1 -2.328 -1 -2.642 -1 -3.048 -1 227
-2.845 -1 -2.4 -1 -2.668 -1 -3.078 -1 202
-2.873 -1 -2.378 -1 -2.44 -1 -2.898 -1 51
-2.669 -1 -2.28 -1 -2.416 -1 -2.894 -1 97
-2.655 -1 -2.288 -1 -2.364 -1 -2.85 -1 46
-2.607 -1 -2.25 -1 -2.31 -1 -2.822 -1 48
-2.566 -1 -2.23 -1 -2.694 -1 -3.122 -1 279
-2.908 -1 -2.396 -1 -2.694 -1 -3.06 -1 219
-2.877 -1 -2.424 -1 -2.748 -1 -3.124 -1 279
-2.936 -1 -2.466 -1 -2.598 -1 -3.02 -1 81
-2.809 -1 -2.356 -1 -2.622 -1 -3.054 -1 197
-2.838 -1 -2.4 -1 -2.834 -1 -3.228 -1 296
-3.031 -1 -2.6 -1 -2.768 -1 -3.154 -1 156
-2.961 -1 -2.54 -1 -2.808 -1 -3.144 -1 200
-2.976 -1 -2.56 -1 -2.8 -1 -3.126 -1 181
-2.963 -1 -2.542 -1 -2.658 -1 -3.064 -1 85
-2.861 -1 -2.482 -1 -2.898 -1 -3.21 -1 283
-3.054 -1 -2.608 -1 -2.92 -1 -3.2 -1 283
-3.06 -1 -2.62 -1 -2.744 -1 -3.096 -1 111
-2.92 -1 -2.518 -1 -2.762 -1 -3.138 -1 206
-2.95 -1 -2.56 -1 -2.728 -1 -3.136 -1 99
-2.932 -1 -2.534 -1 -2.912 -1 -3.18 -1 297
-3.046 -1 -2.58 -1 -2.758 -1 -3.176 -1 111
-2.967 -1 -2.538 -1 -2.686 -1 -3.06 -1 94
-2.873 -1 -2.492 -1 -2.806 -1 -3.156 -1 202
-2.981 -1 -2.532 -1 -2.71 -1 -3.11 -1 145
-2.91 -1 -2.466 -1 -2.746 -1 -3.108 -1 201
-2.927 -1 -2.508 -1 -2.9 -1 -3.268 -1 269
-3.084 -1 -2.61 -1 -2.85 -1 -3.19 -1 244
-3.02 -1 -2.53 -1 -2.95 -1 -3.216 -1 287
-3.083 -1 -2.58 -1 -2.818 -1 -3.192 -1 168
-3.005 -1 -2.578 -1 -2.89 -1 -3.194 -1 255
-3.042 -1 -2.616 -1 -2.696 -1 -3.078 -1 76
-2.887 -1 -2.502 -1 -2.634 -1 -3.054 -1 80
-2.844 -1 -2.46 -1 -2.662 -1 -3.02 -1 125
-2.841 -1 -2.444 -1 -2.814 -1 -3.11 -1 261
-2.962 -1 -2.482 -1 -2.678 -1 -3.024 -1 116
-2.851 -1 -2.426 -1 -2.548 -1 -2.954 -1 71
-2.751 -1 -2.352 -1 -2.424 -1 -2.912 -1 37
-2.668 -1 -2.316 -1 -2.692 -1 -2.992 -1 241
-2.842 -1 -2.36 -1 -2.538 -1 -2.902 -1 103
-2.72 -1 -2.314 -1 -2.622 -1 -2.998 -1 207
-2.81 -1 -2.356 -1 -2.508 -1 -2.888 -1 103
-2.698 -1 -2.298 -1 -2.396 -1 -2.88 -1 77
-2.638 -1 -2.25 -1 -2.458 -1 -2.916 -1 124
-2.687 -1 -2.256 -1 -2.772 -1 -3.094 -1 279
-2.933 -1 -2.44 -1 -2.542 -1 -2.986 -1 91
-2.764 -1 -2.362 -1 -2.644 -1 -2.974 -1 219
-2.809 -1 -2.364 -1 -2.476 -1 -2.954 -1 52
-2.715 -1 -2.312 -1 -2.708 -1 -3.044 -1 222
-2.876 -1 -2.442 -1 -2.78 -1 -3.102 -1 276
-2.941 -1 -2.486 -1 -2.73 -1 -3.072 -1 155
-2.901 -1 -2.476 -1 -2.59 -1 -2.978 -1 77
-2.784 -1 -2.394 -1 -2.754 -1 -3.07 -1 241
-2.912 -1 -2.458 -1 -2.822 -1 -3.148 -1 265
-2.985 -1 -2.548 -1 -2.572 -1 -2.972 -1 16
-2.772 -1 -2.406 -1 -2.42 -1 -2.908 -1 10
-2.664 -1 -2.326 -1 -2.372 -1 -2.874 -1 31
-2.623 -1 -2.266 -1 -2.302 -1 -2.782 -1 16
-2.542 -1 -2.228 -1 -2.72 -1 -3.028 -1 291
-2.874 -1 -2.388 -1 -2.442 -1 -2.838 -1 57
-2.64 -1 -2.244 -1 -2.412 -1 -2.802 -1 91
-2.607 -1 -2.23 -1 -2.678 -1 -3.032 -1 297
-2.855 -1 -2.376 -1 -2.436 -1 -2.822 -1 35
-2.629 -1 -2.278 -1 -2.346 -1 -2.824 -1 33
-2.585 -1 -2.192 -1 -2.466 -1 -2.956 -1 155
-2.711 -1 -2.266 -1 -2.644 -1 -2.986 -1 230
-2.815 -1 -2.406 -1 -2.55 -1 -2.95 -1 96
-2.75 -1 -2.312 -1 -2.674 -1 -3.014 -1 200
-2.844 -1 -2.384 -1 -2.388 -1 -2.86 -1 3
-2.624 -1 -2.244 -1 -2.442 -1 -2.878 -1 93
-2.66 -1 -2.25 -1 -2.514 -1 -2.93 -1 137
-2.722 -1 -2.318 -1 -2.764 -1 -3.044 -1 297
-2.904 -1 -2.474 -1 -2.662 -1 -2.978 -1 130
-2.82 -1 -2.37 -1 -2.794 -1 -3.126 -1 281
-2.96 -1 -2.502 -1 -2.586 -1 -2.996 -1 67
-2.791 -1 -2.412 -1 -2.646 -1 -2.998 -1 148
-2.822 -1 -2.42 -1 -2.788 -1 -3.134 -1 271
-2.961 -1 -2.508 -1 -2.774 -1 -3.16 -1 172
-2.967 -1 -2.516 -1 -2.778 -1 -3.118 -1 162
-2.948 -1 -2.474 -1 -2.79 -1 -3.148 -1 196
-2.969 -1 -2.506 -1 -2.532 -1 -3.014 -1 17
-2.773 -1 -2.36 -1 -2.564 -1 -2.934 -1 116
-2.749 -1 -2.324 -1 -2.676 -1 -3.058 -1 233
-2.867 -1 -2.378 -1 -2.524 -1 -2.918 -1 86
-2.721 -1 -2.332 -1 -2.77 -1 -3.066 -1 292
-2.918 -1 -2.452 -1 -2.744 -1 -3.054 -1 233
-2.899 -1 -2.478 -1 -2.562 -1 -2.956 -1 63
-2.759 -1 -2.41 -1 -2.488 -1 -2.926 -1 51
-2.707 -1 -2.314 -1 -2.344 -1 -2.83 -1 12
-2.587 -1 -2.224 -1 -2.33 -1 -2.828 -1 43
-2.579 -1 -2.21 -1 -2.43 -1 -2.818 -1 115
-2.624 -1 -2.22 -1 -2.288 -1 -2.82 -1 28
-2.554 -1 -2.204 -1 -2.468 -1 -2.888 -1 137
-2.678 -1 -2.284 -1 -2.492 -1 -2.896 -1 131
-2.694 -1 -2.274 -1 -2.294 -1 -2.76 -1 12
-2.527 -1 -2.168 -1 -2.258 -1 -2.674 -1 48
-2.466 -1 -2.086 -1 -2.592 -1 -2.96 -1 287
-2.776 -1 -2.316 -1 -2.588 -1 -2.95 -1 161
-2.769 -1 -2.284 -1 -2.29 -1 -2.768 -1 5
-2.529 -1 -2.15 -1 -2.488 -1 -2.824 -1 201
-2.656 -1 -2.198 -1 -2.664 -1 -2.956 -1 266
-2.81 -1 -2.318 -1 -2.61 -1 -2.98 -1 176
-2.795 -1 -2.32 -1 -2.674 -1 -2.97 -1 226
-2.822 -1 -2.366 -1 -2.796 -1 -3.104 -1 266
-2.95 -1 -2.514 -1 -2.682 -1 -2.966 -1 108
-2.824 -1 -2.392 -1 -2.788 -1 -3.094 -1 287
-2.941 -1 -2.498 -1 -2.706 -1 -2.996 -1 137
-2.851 -1 -2.404 -1 -2.512 -1 -2.872 -1 56
-2.692 -1 -2.29 -1 -2.5 -1 -2.846 -1 129
-2.673 -1 -2.246 -1 -2.396 -1 -2.878 -1 79
-2.637 -1 -2.214 -1 -2.456 -1 -2.816 -1 152
-2.636 -1 -2.228 -1 -2.402 -1 -2.822 -1 86
-2.612 -1 -2.218 -1 -2.598 -1 -2.92 -1 272
-2.759 -1 -2.306 -1 -2.658 -1 -3.042 -1 287
-2.85 -1 -2.41 -1 -2.494 -1 -2.98 -1 54
-2.737 -1 -2.348 -1 -2.43 -1 -2.852 -1 43
-2.641 -1 -2.252 -1 -2.62 -1 -3.004 -1 284
-2.812 -1 -2.394 -1 -2.498 -1 -2.91 -1 54
-2.704 -1 -2.296 -1 -2.41 -1 -2.884 -1 72
-2.647 -1 -2.274 -1 -2.452 -1 -2.83 -1 101
-2.641 -1 -2.224 -1 -2.34 -1 -2.782 -1 71
-2.561 -1 -2.198 -1 -2.474 -1 -2.88 -1 160
-2.677 -1 -2.268 -1 -2.592 -1 -2.996 -1 226
-2.794 -1 -2.33 -1 -2.618 -1 -3.032 -1 184
-2.825 -1 -2.36 -1 -2.658 -1 -3.04 -1 178
-2.849 -1 -2.37 -1 -2.394 -1 -2.856 -1 11
-2.625 -1 -2.238 -1 -2.298 -1 -2.838 -1 46
-2.568 -1 -2.186 -1 -2.662 -1 -2.992 -1 294
-2.827 -1 -2.356 -1 -2.608 -1 -2.98 -1 197
-2.794 -1 -2.356 -1 -2.572 -1 -2.984 -1 148
-2.778 -1 -2.362 -1 -2.844 -1 -3.126 -1 299
-2.985 -1 -2.484 -1 -2.526 -1 -2.932 -1 26
-2.729 -1 -2.328 -1 -2.528 -1 -2.974 -1 104
-2.751 -1 -2.358 -1 -2.358 -1 -2.812 -1 0
-2.585 -1 -2.23 -1 -2.488 -1 -2.902 -1 131
-2.695 -1 -2.254 -1 -2.284 -1 -2.76 -1 20
-2.522 -1 -2.17 -1 -2.434 -1 -2.89 -1 123
-2.662 -1 -2.238 -1 -2.25 -1 -2.666 -1 7
-2.458 -1 -2.108 -1 -2.2 -1 -2.73 -1 49
-2.465 -1 -2.108 -1 -2.464 -1 -2.816 -1 211
-2.64 -1 -2.21 -1 -2.4 -1 -2.728 -1 115
-2.564 -1 -2.134 -1 -2.624 -1 -2.932 -1 262
-2.778 -1 -2.252 -1 -2.286 -1 -2.728 -1 17
-2.507 -1 -2.13 -1 -2.506 -1 -2.878 -1 216
-2.692 -1 -2.198 -1 -2.208 -1 -2.632 -1 12
-2.42 -1 -2.074 -1 -2.232 -1 -2.652 -1 80
-2.442 -1 -2.072 -1 -2.412 -1 -2.8 -1 194
-2.606 -1 -2.164 -1 -2.294 -1 -2.758 -1 63
-2.526 -1 -2.09 -1 -2.314 -1 -2.668 -1 128
-2.491 -1 -2.074 -1 -2.208 -1 -2.59 -1 73
-2.399 -1 -1.986 -1 -2.442 -1 -2.754 -1 246
-2.598 -1 -2.114 -1 -2.284 -1 -2.68 -1 84
-2.482 -1 -2.05 -1 -2.308 -1 -2.712 -1 154
-2.51 -1 -2.108 -1 -2.598 -1 -2.87 -1 298
-2.734 -1 -2.256 -1 -2.42 -1 -2.734 -1 85
-2.577 -1 -2.124 -1 -2.55 -1 -2.858 -1 251
-2.704 -1 -2.228 -1 -2.348 -1 -2.638 -1 82
-2.493 -1 -2.096 -1 -2.142 -1 -2.498 -1 20
-2.32 -1 -1.982 -1 -2.22 -1 -2.616 -1 122
-2.418 -1 -1.982 -1 -2.136 -1 -2.544 -1 81
-2.34 -1 -1.948 -1 -2.24 -1 -2.648 -1 139
-2.444 -1 -1.982 -1 -2.304 -1 -2.614 -1 150
-2.459 -1 -2.006 -1 -2.16 -1 -2.51 -1 71
-2.335 -1 -1.904 -1 -2.172 -1 -2.49 -1 133
-2.331 -1 -1.85 -1 -1.892 -1 -2.242 -1 13
-2.067 -1 -1.684 -1 -2.064 -1 -2.382 -1 153
-2.223 -1 -1.766 -1 -2.016 -1 -2.348 -1 116
-2.182 -1 -1.682 -1 -2.132 -1 -2.458 -1 207
-2.295 -1 -1.808 -1 -2.014 -1 -2.38 -1 91
-2.197 -1 -1.776 -1 -2.268 -1 -2.53 -1 219
-2.399 -1 -1.872 -1 -2.38 -1 -2.688 -1 250
-2.534 -1 -2.034 -1 -2.15 -1 -2.524 -1 49
-2.337 -1 -1.86 -1 -2.164 -1 -2.542 -1 131
-2.353 -1 -1.876 -1 -2.244 -1 -2.514 -1 176
-2.379 -1 -1.902 -1 -2.31 -1 -2.576 -1 221
-2.443 -1 -1.938 -1 -2.458 -1 -2.734 -1 283
-2.596 -1 -2.074 -1 -2.588 -1 -2.89 -1 246
-2.739 -1 -2.212 -1 -2.354 -1 -2.644 -1 96
-2.499 -1 -2.03 -1 -2.296 -1 -2.598 -1 143
-2.447 -1 -1.984 -1 -2.024 -1 -2.388 -1 18
-2.206 -1 -1.808 -1 -2.23 -1 -2.56 -1 201
-2.395 -1 -1.874 -1 -2.284 -1 -2.578 -1 182
-2.431 -1 -1.91 -1 -2.29 -1 -2.524 -1 205
-2.407 -1 -1.906 -1 -2.428 -1 -2.742 -1 285
-2.585 -1 -2.062 -1 -2.53 -1 -2.832 -1 263
-2.681 -1 -2.166 -1 -2.62 -1 -2.892 -1 259
-2.756 -1 -2.206 -1 -2.582 -1 -2.848 -1 220
-2.715 -1 -2.198 -1 -2.44 -1 -2.764 -1 143
-2.602 -1 -2.108 -1 -2.308 -1 -2.622 -1 84
-2.465 -1 -2.046 -1 -2.248 -1 -2.528 -1 102
-2.388 -1 -1.962 -1 -2.532 -1 -2.816 -1 280
-2.674 -1 -2.132 -1 -2.39 -1 -2.67 -1 133
-2.53 -1 -2.076 -1 -2.582 -1 -2.862 -1 291
-2.722 -1 -2.192 -1 -2.46 -1 -2.734 -1 142
-2.597 -1 -2.13 -1 -2.466 -1 -2.794 -1 223
-2.63 -1 -2.12 -1 -2.244 -1 -2.586 -1 58
-2.415 -1 -1.992 -1 -2.402 -1 -2.728 -1 194
-2.565 -1 -2.104 -1 -2.436 -1 -2.672 -1 182
-2.554 -1 -2.104 -1 -2.15 -1 -2.462 -1 19
-2.306 -1 -1.888 -1 -2.13 -1 -2.408 -1 110
-2.269 -1 -1.828 -1 -2.206 -1 -2.594 -1 182
-2.4 -1 -1.906 -1 -2.158 -1 -2.454 -1 126
-2.306 -1 -1.832 -1 -1.936 -1 -2.326 -1 40
-2.131 -1 -1.686 -1 -1.718 -1 -2.032 -1 15
-1.875 -1 -1.494 -1 -1.794 -1 -2.022 -1 117
-1.908 -1 -1.456 -1 -1.494 -1 -1.778 -1 12
-1.636 -1 -1.302 -1 -1.44 -1 -1.692 -1 36
-1.566 -1 -1.216 -1 -1.672 -1 -1.87 -1 142
-1.771 -1 -1.352 -1 -1.422 -1 -1.654 -1 21
-1.538 -1 -1.234 -1 -1.36 -1 -1.578 -1 43
-1.469 -1 -1.184 -1 -1.232 -1 -1.402 -1 15
-1.317 -1 -1.11 -1 -1.744 -1 -1.962 -1 234
-1.853 -1 -1.412 -1 -1.898 -1 -2.104 -1 200
-2.001 -1 -1.524 -1 -1.93 -1 -2.162 -1 170
-2.046 -1 -1.564 -1 -2.154 -1 -2.334 -1 276
-2.244 -1 -1.712 -1 -1.884 -1 -2.144 -1 79
-2.014 -1 -1.586 -1 -2.134 -1 -2.368 -1 223
-2.251 -1 -1.738 -1 -2.264 -1 -2.47 -1 260
-2.367 -1 -1.83 -1 -1.9 -1 -2.16 -1 28
-2.03 -1 -1.624 -1 -2.176 -1 -2.404 -1 235
-2.29 -1 -1.772 -1 -2.19 -1 -2.468 -1 187
-2.329 -1 -1.816 -1 -2.022 -1 -2.338 -1 96
-2.18 -1 -1.696 -1 -1.814 -1 -2.076 -1 47
-1.945 -1 -1.554 -1 -1.902 -1 -2.072 -1 145
-1.987 -1 -1.542 -1 -1.614 -1 -1.836 -1 27
-1.725 -1 -1.354 -1 -1.754 -1 -1.93 -1 151
-1.842 -1 -1.428 -1 -1.984 -1 -2.24 -1 236
-2.112 -1 -1.62 -1 -2.246 -1 -2.494 -1 284
-2.37 -1 -1.842 -1 -2.416 -1 -2.656 -1 278
-2.536 -1 -1.97 -1 -2.364 -1 -2.55 -1 183
-2.457 -1 -1.934 -1 -2.406 -1 -2.682 -1 294
-2.544 -1 -2 -1 -2 -1 -2.248 -1 0
-2.124 -1 -1.68 -1 -1.894 -1 -2.138 -1 93
-2.016 -1 -1.572 -1 -1.864 -1 -2.084 -1 113
-1.974 -1 -1.52 -1 -1.602 -1 -1.878 -1 26
-1.74 -1 -1.388 -1 -1.966 -1 -2.18 -1 228
-2.073 -1 -1.534 -1 -2.078 -1 -2.32 -1 254
-2.199 -1 -1.682 -1 -2.312 -1 -2.542 -1 280
-2.427 -1 -1.894 -1 -2.24 -1 -2.474 -1 157
-2.357 -1 -1.814 -1 -2.356 -1 -2.6 -1 272
-2.478 -1 -1.91 -1 -2.454 -1 -2.748 -1 291
-2.601 -1 -2.042 -1 -2.186 -1 -2.414 -1 71
-2.3 -1 -1.818 -1 -2.16 -1 -2.404 -1 157
-2.282 -1 -1.752 -1 -1.912 -1 -2.142 -1 60
-2.027 -1 -1.586 -1 -2.19 -1 -2.49 -1 282
-2.34 -1 -1.83 -1 -2.258 -1 -2.512 -1 214
-2.385 -1 -1.894 -1 -2.322 -1 -2.516 -1 183
-2.419 -1 -1.87 -1 -1.878 -1 -2.16 -1 3
-2.019 -1 -1.648 -1 -2.146 -1 -2.414 -1 199
-2.28 -1 -1.74 -1 -1.828 -1 -2.08 -1 31
-1.954 -1 -1.564 -1 -1.922 -1 -2.132 -1 125
-2.027 -1 -1.526 -1 -2.062 -1 -2.324 -1 200
-2.193 -1 -1.694 -1 -1.948 -1 -2.24 -1 119
-2.094 -1 -1.616 -1 -2.206 -1 -2.478 -1 246
-2.342 -1 -1.772 -1 -2.3 -1 -2.506 -1 233
-2.403 -1 -1.85 -1 -1.986 -1 -2.22 -1 67
-2.103 -1 -1.63 -1 -1.706 -1 -2.004 -1 33
-1.855 -1 -1.478 -1 -2.164 -1 -2.404 -1 294
-2.284 -1 -1.738 -1 -2.168 -1 -2.472 -1 184
-2.32 -1 -1.766 -1 -2.248 -1 -2.518 -1 225
-2.383 -1 -1.864 -1 -2.062 -1 -2.318 -1 77
-2.19 -1 -1.69 -1 -1.886 -1 -2.056 -1 78
-1.971 -1 -1.548 -1 -2.094 -1 -2.352 -1 213
-2.223 -1 -1.73 -1 -1.846 -1 -2.084 -1 42
-1.965 -1 -1.506 -1 -1.93 -1 -2.178 -1 170
-2.054 -1 -1.568 -1 -1.894 -1 -2.124 -1 142
-2.009 -1 -1.56 -1 -2.136 -1 -2.344 -1 235
-2.24 -1 -1.674 -1 -1.822 -1 -2.058 -1 57
-1.94 -1 -1.518 -1 -1.92 -1 -2.122 -1 155
-2.021 -1 -1.55 -1 -1.822 -1 -2.078 -1 105
-1.95 -1 -1.492 -1 -1.95 -1 -2.202 -1 168
-2.076 -1 -1.562 -1 -1.786 -1 -2.042 -1 90
-1.914 -1 -1.468 -1 -2.034 -1 -2.284 -1 227
-2.159 -1 -1.64 -1 -1.876 -1 -2.114 -1 97
-1.995 -1 -1.516 -1 -1.718 -1 -1.946 -1 62
-1.832 -1 -1.396 -1 -1.916 -1 -2.172 -1 200
-2.044 -1 -1.534 -1 -2.06 -1 -2.278 -1 207
-2.169 -1 -1.626 -1 -1.692 -1 -1.956 -1 35
-1.824 -1 -1.44 -1 -1.932 -1 -2.136 -1 179
-2.034 -1 -1.52 -1 -2.078 -1 -2.288 -1 243
-2.183 -1 -1.634 -1 -2.072 -1 -2.314 -1 190
-2.193 -1 -1.692 -1 -1.998 -1 -2.24 -1 137
-2.119 -1 -1.676 -1 -1.722 -1 -1.992 -1 20
-1.857 -1 -1.398 -1 -1.854 -1 -2.106 -1 180
-1.98 -1 -1.508 -1 -1.93 -1 -2.196 -1 163
-2.063 -1 -1.59 -1 -2.076 -1 -2.228 -1 205
-2.152 -1 -1.63 -1 -2.2 -1 -2.404 -1 236
-2.302 -1 -1.778 -1 -1.816 -1 -2.07 -1 20
-1.943 -1 -1.538 -1 -2.126 -1 -2.368 -1 259
-2.247 -1 -1.73 -1 -1.736 -1 -1.972 -1 4
-1.854 -1 -1.434 -1 -1.948 -1 -2.198 -1 206
-2.073 -1 -1.552 -1 -2.094 -1 -2.33 -1 219
-2.212 -1 -1.678 -1 -2.24 -1 -2.52 -1 228
-2.38 -1 -1.85 -1 -2.266 -1 -2.522 -1 203
-2.394 -1 -1.848 -1 -1.924 -1 -2.234 -1 39
-2.079 -1 -1.622 -1 -2.296 -1 -2.504 -1 299
-2.4 -1 -1.818 -1 -2.218 -1 -2.452 -1 183
-2.335 -1 -1.846 -1 -2.004 -1 -2.254 -1 56
-2.129 -1 -1.634 -1 -1.674 -1 -1.898 -1 16
-1.786 -1 -1.428 -1 -1.478 -1 -1.674 -1 15
-1.576 -1 -1.294 -1 -1.7 -1 -1.918 -1 151
-1.809 -1 -1.35 -1 -1.522 -1 -1.738 -1 66
-1.63 -1 -1.294 -1 -1.938 -1 -2.132 -1 237
-2.035 -1 -1.5 -1 -1.512 -1 -1.726 -1 2
-1.619 -1 -1.246 -1 -1.35 -1 -1.494 -1 28
-1.422 -1 -1.142 -1 -1.844 -1 -2.046 -1 261
-1.945 -1 -1.452 -1 -2.11 -1 -2.326 -1 290
-2.218 -1 -1.62 -1 -1.854 -1 -2.086 -1 94
-1.97 -1 -1.518 -1 -1.694 -1 -1.904 -1 74
-1.799 -1 -1.358 -1 -1.768 -1 -1.956 -1 149
-1.862 -1 -1.408 -1 -2.004 -1 -2.226 -1 240
-2.115 -1 -1.612 -1 -2.124 -1 -2.332 -1 249
-2.228 -1 -1.684 -1 -2.04 -1 -2.276 -1 153
-2.158 -1 -1.652 -1 -2.18 -1 -2.464 -1 238
-2.322 -1 -1.81 -1 -2.354 -1 -2.56 -1 263
-2.457 -1 -1.946 -1 -2.23 -1 -2.448 -1 161
-2.339 -1 -1.852 -1 -1.892 -1 -2.174 -1 15
-2.033 -1 -1.63 -1 -1.792 -1 -2.032 -1 64
-1.912 -1 -1.5 -1 -1.846 -1 -2.098 -1 135
-1.972 -1 -1.524 -1 -1.632 -1 -1.93 -1 46
-1.781 -1 -1.412 -1 -1.624 -1 -1.876 -1 74
-1.75 -1 -1.348 -1 -1.49 -1 -1.706 -1 54
-1.598 -1 -1.28 -1 -1.516 -1 -1.738 -1 85
-1.627 -1 -1.28 -1 -1.908 -1 -2.074 -1 226
-1.991 -1 -1.484 -1 -1.914 -1 -2.146 -1 161
-2.03 -1 -1.54 -1 -1.868 -1 -2.056 -1 120
-1.962 -1 -1.482 -1 -1.67 -1 -1.956 -1 57
-1.813 -1 -1.406 -1 -1.604 -1 -1.798 -1 86
-1.701 -1 -1.338 -1 -1.366 -1 -1.534 -1 12
-1.45 -1 -1.184 -1 -1.422 -1 -1.606 -1 71
-1.514 -1 -1.196 -1 -1.808 -1 -2.002 -1 224
-1.905 -1 -1.424 -1 -2.076 -1 -2.244 -1 248
-2.16 -1 -1.606 -1 -1.952 -1 -2.168 -1 128
-2.06 -1 -1.562 -1 -2.092 -1 -2.302 -1 203
-2.197 -1 -1.664 -1 -2.182 -1 -2.386 -1 226
-2.284 -1 -1.734 -1 -2.136 -1 -2.394 -1 183
-2.265 -1 -1.75 -1 -2.094 -1 -2.398 -1 154
-2.246 -1 -1.768 -1 -2.104 -1 -2.36 -1 179
-2.232 -1 -1.756 -1 -2.028 -1 -2.26 -1 125
-2.144 -1 -1.64 -1 -2.296 -1 -2.524 -1 294
-2.41 -1 -1.904 -1 -2.402 -1 -2.664 -1 242
-2.533 -1 -1.986 -1 -2.492 -1 -2.74 -1 292
-2.616 -1 -2.094 -1 -2.516 -1 -2.82 -1 249
-2.668 -1 -2.144 -1 -2.558 -1 -2.818 -1 277
-2.688 -1 -2.154 -1 -2.364 -1 -2.68 -1 121
-2.522 -1 -2.078 -1 -2.242 -1 -2.54 -1 79
-2.391 -1 -1.92 -1 -2.19 -1 -2.452 -1 119
-2.321 -1 -1.87 -1 -2.206 -1 -2.502 -1 167
-2.354 -1 -1.898 -1 -2.216 -1 -2.518 -1 150
-2.367 -1 -1.856 -1 -2.336 -1 -2.544 -1 244
-2.44 -1 -1.924 -1 -1.982 -1 -2.256 -1 23
-2.119 -1 -1.66 -1 -1.872 -1 -2.126 -1 86
-1.999 -1 -1.564 -1 -1.916 -1 -2.12 -1 145
-2.018 -1 -1.546 -1 -2.134 -1 -2.384 -1 244
-2.259 -1 -1.708 -1 -1.948 -1 -2.238 -1 95
-2.093 -1 -1.628 -1 -1.658 -1 -1.852 -1 7
-1.755 -1 -1.364 -1 -1.492 -1 -1.708 -1 59
-1.6 -1 -1.266 -1 -1.504 -1 -1.67 -1 69
-1.587 -1 -1.238 -1 -1.842 -1 -2.082 -1 234
-1.962 -1 -1.488 -1 -1.99 -1 -2.186 -1 170
-2.088 -1 -1.566 -1 -1.83 -1 -2.008 -1 95
-1.919 -1 -1.422 -1 -1.656 -1 -1.852 -1 96
-1.754 -1 -1.364 -1 -1.942 -1 -2.138 -1 232
-2.04 -1 -1.524 -1 -2.218 -1 -2.38 -1 290
-2.299 -1 -1.756 -1 -2.274 -1 -2.546 -1 286
-2.41 -1 -1.848 -1 -2.326 -1 -2.546 -1 243
-2.436 -1 -1.924 -1 -2.502 -1 -2.674 -1 287
-2.588 -1 -2.04 -1 -2.236 -1 -2.46 -1 89
-2.348 -1 -1.868 -1 -2.17 -1 -2.438 -1 153
-2.304 -1 -1.842 -1 -2.206 -1 -2.508 -1 169
-2.357 -1 -1.834 -1 -2.098 -1 -2.322 -1 93
-2.21 -1 -1.736 -1 -1.784 -1 -2.076 -1 16
-1.93 -1 -1.522 -1 -1.896 -1 -2.138 -1 147
-2.017 -1 -1.566 -1 -1.906 -1 -2.102 -1 148
-2.004 -1 -1.536 -1 -1.674 -1 -1.942 -1 62
-1.808 -1 -1.426 -1 -1.684 -1 -1.912 -1 82
-1.798 -1 -1.38 -1 -1.712 -1 -1.964 -1 127
-1.838 -1 -1.43 -1 -1.992 -1 -2.228 -1 231
-2.11 -1 -1.618 -1 -1.98 -1 -2.244 -1 149
-2.112 -1 -1.59 -1 -1.63 -1 -1.882 -1 18
-1.756 -1 -1.396 -1 -1.414 -1 -1.584 -1 9
-1.499 -1 -1.23 -1 -1.656 -1 -1.87 -1 130
-1.763 -1 -1.316 -1 -1.768 -1 -1.964 -1 152
-1.866 -1 -1.408 -1 -1.92 -1 -2.114 -1 215
-2.017 -1 -1.536 -1 -2.108 -1 -2.356 -1 252
-2.232 -1 -1.668 -1 -2.27 -1 -2.532 -1 253
-2.401 -1 -1.832 -1 -2.15 -1 -2.398 -1 125
-2.274 -1 -1.788 -1 -2.258 -1 -2.494 -1 211
-2.376 -1 -1.816 -1 -1.994 -1 -2.272 -1 90
-2.133 -1 -1.68 -1 -1.994 -1 -2.226 -1 134
-2.11 -1 -1.652 -1 -1.834 -1 -2.102 -1 75
-1.968 -1 -1.536 -1 -1.898 -1 -2.138 -1 146
-2.018 -1 -1.574 -1 -2.006 -1 -2.228 -1 171
-2.117 -1 -1.598 -1 -2.012 -1 -2.23 -1 184
-2.121 -1 -1.568 -1 -1.93 -1 -2.132 -1 162
-2.031 -1 -1.55 -1 -2.196 -1 -2.4 -1 263
-2.298 -1 -1.79 -1 -2.098 -1 -2.344 -1 166
-2.221 -1 -1.742 -1 -2.17 -1 -2.406 -1 185
-2.288 -1 -1.836 -1 -2.326 -1 -2.55 -1 233
-2.438 -1 -1.896 -1 -2.204 -1 -2.466 -1 159
-2.335 -1 -1.824 -1 -1.99 -1 -2.294 -1 64
-2.142 -1 -1.692 -1 -2.308 -1 -2.548 -1 279
-2.428 -1 -1.904 -1 -2.21 -1 -2.502 -1 129
-2.356 -1 -1.868 -1 -2.196 -1 -2.41 -1 151
-2.303 -1 -1.802 -1 -1.848 -1 -2.136 -1 20
-1.992 -1 -1.608 -1 -1.744 -1 -2.012 -1 58
-1.878 -1 -1.456 -1 -1.798 -1 -2.054 -1 110
-1.926 -1 -1.508 -1 -2.054 -1 -2.31 -1 224
-2.182 -1 -1.64 -1 -2.144 -1 -2.382 -1 230
-2.263 -1 -1.736 -1 -2.236 -1 -2.516 -1 236
-2.376 -1 -1.798 -1 -2.464 -1 -2.676 -1 298
-2.57 -1 -1.98 -1 -2.066 -1 -2.354 -1 45
-2.21 -1 -1.734 -1 -2.242 -1 -2.482 -1 258
-2.362 -1 -1.808 -1 -1.85 -1 -2.15 -1 13
-2 -1 -1.6 -1 -2.214 -1 -2.448 -1 252
-2.331 -1 -1.806 -1 -2.182 -1 -2.422 -1 167
-2.302 -1 -1.822 -1 -1.846 -1 -2.144 -1 10
-1.995 -1 -1.594 -1 -1.838 -1 -2.076 -1 96
-1.957 -1 -1.592 -1 -2.208 -1 -2.39 -1 257
-2.299 -1 -1.77 -1 -2.24 -1 -2.454 -1 216
-2.347 -1 -1.824 -1 -2.162 -1 -2.378 -1 166
-2.27 -1 -1.736 -1 -1.756 -1 -2.004 -1 12
-1.88 -1 -1.496 -1 -2.022 -1 -2.272 -1 201
-2.147 -1 -1.608 -1 -2.154 -1 -2.344 -1 247
-2.249 -1 -1.714 -1 -1.764 -1 -2.002 -1 21
-1.883 -1 -1.51 -1 -1.622 -1 -1.862 -1 37
-1.742 -1 -1.376 -1 -1.868 -1 -2.134 -1 180
-2.001 -1 -1.496 -1 -1.736 -1 -2.002 -1 77
-1.869 -1 -1.424 -1 -2.192 -1 -2.418 -1 291
-2.305 -1 -1.782 -1 -2.022 -1 -2.25 -1 86
-2.136 -1 -1.686 -1 -2.152 -1 -2.384 -1 229
-2.268 -1 -1.766 -1 -2.19 -1 -2.468 -1 230
-2.329 -1 -1.82 -1 -2.024 -1 -2.298 -1 87
-2.161 -1 -1.686 -1 -1.908 -1 -2.13 -1 111
-2.019 -1 -1.556 -1 -1.736 -1 -2.002 -1 84
-1.869 -1 -1.436 -1 -1.828 -1 -2.084 -1 135
-1.956 -1 -1.504 -1 -2.072 -1 -2.304 -1 231
-2.188 -1 -1.688 -1 -1.88 -1 -2.15 -1 77
-2.015 -1 -1.552 -1 -1.868 -1 -2.142 -1 119
-2.005 -1 -1.492 -1 -1.76 -1 -1.974 -1 100
-1.867 -1 -1.432 -1 -2.068 -1 -2.314 -1 269
-2.191 -1 -1.674 -1 -2.25 -1 -2.514 -1 256
-2.382 -1 -1.828 -1 -2.318 -1 -2.54 -1 229
-2.429 -1 -1.938 -1 -2.22 -1 -2.522 -1 145
-2.371 -1 -1.85 -1 -2.244 -1 -2.528 -1 205
-2.386 -1 -1.904 -1 -2.274 -1 -2.554 -1 154
-2.414 -1 -1.914 -1 -2.16 -1 -2.508 -1 154
-2.334 -1 -1.818 -1 -1.868 -1 -2.192 -1 20
-2.03 -1 -1.606 -1 -2.164 -1 -2.468 -1 248
-2.316 -1 -1.78 -1 -1.932 -1 -2.254 -1 59
-2.093 -1 -1.612 -1 -1.944 -1 -2.136 -1 133
-2.04 -1 -1.548 -1 -1.858 -1 -2.086 -1 116
-1.972 -1 -1.57 -1 -1.912 -1 -2.152 -1 165
-2.032 -1 -1.574 -1 -2.22 -1 -2.462 -1 291
-2.341 -1 -1.75 -1 -2.2 -1 -2.376 -1 207
-2.288 -1 -1.744 -1 -2.226 -1 -2.488 -1 177
-2.357 -1 -1.82 -1 -1.954 -1 -2.23 -1 55
-2.092 -1 -1.688 -1 -2.056 -1 -2.264 -1 149
-2.16 -1 -1.686 -1 -1.936 -1 -2.194 -1 100
-2.065 -1 -1.594 -1 -1.95 -1 -2.18 -1 147
-2.065 -1 -1.57 -1 -2.08 -1 -2.346 -1 228
-2.213 -1 -1.69 -1 -2.018 -1 -2.258 -1 142
-2.138 -1 -1.618 -1 -2.094 -1 -2.326 -1 188
-2.21 -1 -1.688 -1 -1.722 -1 -1.924 -1 8
-1.823 -1 -1.454 -1 -1.54 -1 -1.802 -1 33
-1.671 -1 -1.336 -1 -1.768 -1 -2.064 -1 149
-1.916 -1 -1.432 -1 -1.558 -1 -1.722 -1 38
-1.64 -1 -1.278 -1 -1.598 -1 -1.8 -1 111
-1.699 -1 -1.328 -1 -2.032 -1 -2.27 -1 292
-2.151 -1 -1.602 -1 -1.97 -1 -2.196 -1 160
-2.083 -1 -1.58 -1 -1.784 -1 -2.07 -1 86
-1.927 -1 -1.494 -1 -1.904 -1 -2.212 -1 153
-2.058 -1 -1.542 -1 -2.156 -1 -2.394 -1 267
-2.275 -1 -1.742 -1 -1.786 -1 -1.99 -1 20
-1.888 -1 -1.47 -1 -1.486 -1 -1.644 -1 3
-1.565 -1 -1.242 -1 -1.764 -1 -1.958 -1 189
-1.861 -1 -1.402 -1 -1.912 -1 -2.16 -1 195
-2.036 -1 -1.516 -1 -1.972 -1 -2.174 -1 169
-2.073 -1 -1.54 -1 -1.822 -1 -2.03 -1 108
-1.926 -1 -1.468 -1 -1.794 -1 -1.982 -1 139
-1.888 -1 -1.454 -1 -1.856 -1 -2.086 0 151
