8 1000 0.5 8 62 0 0 0 0
-3.474 -1 -3.002 -1 -3.03 -1 -3.29 -1 102
-3.16 -1 -2.71 -1 -2.796 -1 -3.166 -1 128
-2.981 -1 -2.562 -1 -2.602 -1 -3.114 -1 40
-2.858 -1 -2.454 -1 -2.596 -1 -2.986 -1 117
-2.791 -1 -2.422 -1 -2.722 -1 -3.138 -1 232
-2.93 -1 -2.474 -1 -2.668 -1 -3.032 -1 177
-2.85 -1 -2.442 -1 -2.568 -1 -2.988 -1 126
-2.778 -1 -2.41 -1 -2.64 -1 -3.034 -1 187
-2.837 -1 -2.418 -1 -2.69 -1 -3.03 -1 229
-2.86 -1 -2.432 -1 -2.524 -1 -2.91 -1 78
-2.717 -1 -2.342 -1 -2.57 -1 -2.908 -1 210
-2.739 -1 -2.328 -1 -2.532 -1 -2.96 -1 149
-2.746 -1 -2.346 -1 -2.658 -1 -2.992 -1 248
-2.825 -1 -2.412 -1 -2.676 -1 -3.002 -1 244
-2.839 -1 -2.392 -1 -2.476 -1 -2.9 -1 86
-2.688 -1 -2.298 -1 -2.312 -1 -2.8 -1 8
-2.556 -1 -2.196 -1 -2.456 -1 -2.952 -1 165
-2.704 -1 -2.264 -1 -2.574 -1 -2.916 -1 213
-2.745 -1 -2.318 -1 -2.42 -1 -2.82 -1 92
-2.62 -1 -2.252 -1 -2.486 -1 -2.922 -1 174
-2.704 -1 -2.31 -1 -2.536 -1 -2.902 -1 176
-2.719 -1 -2.32 -1 -2.4 -1 -2.858 -1 39
-2.629 -1 -2.232 -1 -2.508 -1 -2.878 -1 209
-2.693 -1 -2.324 -1 -2.54 -1 -2.962 -1 221
-2.751 -1 -2.32 -1 -2.51 -1 -2.938 -1 162
-2.724 -1 -2.32 -1 -2.48 -1 -2.818 -1 110
-2.649 -1 -2.228 -1 -2.472 -1 -2.882 -1 212
-2.677 -1 -2.258 -1 -2.5 -1 -2.93 -1 207
-2.715 -1 -2.306 -1 -2.44 -1 -2.806 -1 95
-2.623 -1 -2.198 -1 -2.468 -1 -2.856 -1 218
-2.662 -1 -2.244 -1 -2.434 -1 -2.842 -1 169
-2.638 -1 -2.25 -1 -2.306 -1 -2.848 -1 47
-2.577 -1 -2.228 -1 -2.43 -1 -2.832 -1 172
-2.631 -1 -2.218 -1 -2.492 -1 -2.886 -1 194
-2.689 -1 -2.266 -1 -2.426 -1 -2.82 -1 129
-2.623 -1 -2.25 -1 -2.322 -1 -2.752 -1 44
-2.537 -1 -2.136 -1 -2.37 -1 -2.834 -1 178
-2.602 -1 -2.2 -1 -2.494 -1 -2.862 -1 180
-2.678 -1 -2.252 -1 -2.458 -1 -2.84 -1 168
-2.649 -1 -2.242 -1 -2.302 -1 -2.694 -1 37
-2.498 -1 -2.128 -1 -2.308 -1 -2.68 -1 118
-2.494 -1 -2.14 -1 -2.392 -1 -2.808 -1 202
-2.6 -1 -2.192 -1 -2.35 -1 -2.784 -1 118
-2.567 -1 -2.156 -1 -2.486 -1 -2.882 -1 241
-2.684 -1 -2.212 -1 -2.418 -1 -2.852 -1 164
-2.635 -1 -2.244 -1 -2.396 -1 -2.758 -1 95
-2.577 -1 -2.178 -1 -2.42 -1 -2.79 -1 138
-2.605 -1 -2.184 -1 -2.322 -1 -2.798 -1 106
-2.56 -1 -2.168 -1 -2.446 -1 -2.81 -1 228
-2.628 -1 -2.228 -1 -2.378 -1 -2.794 -1 103
-2.586 -1 -2.194 -1 -2.356 -1 -2.826 -1 143
-2.591 -1 -2.212 -1 -2.254 -1 -2.716 -1 23
-2.485 -1 -2.136 -1 -2.426 -1 -2.754 -1 210
-2.59 -1 -2.15 -1 -2.168 -1 -2.614 -1 11
-2.391 -1 -2.038 -1 -2.068 -1 -2.576 -1 21
-2.322 -1 -1.988 -1 -2.296 -1 -2.666 -1 223
-2.481 -1 -2.074 -1 -2.166 -1 -2.656 -1 43
-2.411 -1 -2.034 -1 -2.138 -1 -2.648 -1 57
-2.393 -1 -2.018 -1 -2.29 -1 -2.65 -1 171
-2.47 -1 -2.068 -1 -2.152 -1 -2.56 -1 51
-2.356 -1 -1.966 -1 -2.054 -1 -2.6 -1 41
-2.327 -1 -1.958 -1 -2.198 -1 -2.606 0 167
