9 1000 0.7 10 489 0 0 0 0
-3.633 -1 -3.108 -1 -3.218 -1 -3.484 -1 155
-3.351 -1 -2.882 -1 -3.106 -1 -3.324 -1 240
-3.215 -1 -2.756 -1 -3.008 -1 -3.27 -1 263
-3.139 -1 -2.658 -1 -2.95 -1 -3.29 -2 274
-3.12 -1 -2.712 -1 -2.918 -1 -3.204 -1 269
-3.061 -1 -2.656 -1 -2.972 -1 -3.256 -1 330
-3.114 -1 -2.668 -1 -2.942 -1 -3.242 -1 289
-3.092 -1 -2.656 -1 -2.772 -1 -3.2 -1 98
-2.986 -1 -2.546 -1 -2.946 -1 -3.292 -1 346
-3.119 -1 -2.632 -1 -2.882 -1 -3.186 -1 290
-3.034 -1 -2.612 -1 -2.848 -1 -3.124 -1 225
-2.986 -1 -2.568 -1 -2.866 -1 -3.214 -1 264
-3.04 -1 -2.54 -1 -2.884 -1 -3.256 -1 292
-3.07 -1 -2.6 -1 -2.756 -1 -3.092 -1 135
-2.924 -1 -2.464 -1 -2.492 -1 -2.926 -1 35
-2.709 -1 -2.288 -1 -2.318 -1 -2.896 -1 20
-2.607 -1 -2.234 -1 -2.642 -1 -3.102 -1 258
-2.872 -1 -2.38 -1 -2.504 -1 -2.976 -1 75
-2.74 -1 -2.334 -1 -2.55 -1 -2.984 -1 127
-2.767 -1 -2.362 -1 -2.774 -1 -3.108 -1 337
-2.941 -1 -2.508 -1 -2.682 -1 -3.042 -1 153
-2.862 -1 -2.462 -1 -2.736 -1 -3.054 -1 264
-2.895 -1 -2.434 -1 -2.584 -1 -3.004 -1 142
-2.794 -1 -2.384 -1 -2.642 -1 -2.986 -1 207
-2.814 -1 -2.374 -1 -2.776 -1 -3.08 -1 321
-2.928 -1 -2.496 -1 -2.804 -1 -3.184 -1 307
-2.994 -1 -2.564 -1 -2.684 -1 -3.114 -1 100
-2.899 -1 -2.482 -1 -2.548 -1 -2.99 -1 42
-2.769 -1 -2.384 -1 -2.552 -1 -2.974 -1 108
-2.763 -1 -2.378 -1 -2.468 -1 -2.918 -1 56
-2.693 -1 -2.298 -1 -2.35 -1 -2.86 -1 40
-2.605 -1 -2.236 -1 -2.312 -1 -2.874 -1 55
-2.593 -1 -2.218 -1 -2.596 -1 -2.984 -1 258
-2.79 -1 -2.36 -1 -2.456 -1 -2.906 -1 57
-2.681 -1 -2.28 -1 -2.36 -1 -2.82 -1 50
-2.59 -1 -2.222 -1 -2.674 -1 -2.996 -1 282
-2.835 -1 -2.39 -1 -2.43 -1 -2.874 -1 27
-2.652 -1 -2.258 -1 -2.706 -1 -3.044 -1 270
-2.875 -1 -2.428 -1 -2.726 -1 -2.998 -1 242
-2.862 -1 -2.426 -1 -2.432 -1 -2.91 -1 7
-2.671 -1 -2.3 -1 -2.84 -1 -3.178 -1 337
-3.009 -1 -2.508 -1 -2.86 -1 -3.198 -1 269
-3.029 -1 -2.584 -1 -2.842 -1 -3.172 -1 281
-3.007 -1 -2.582 -1 -2.868 -1 -3.22 -1 258
-3.044 -1 -2.61 -1 -2.738 -1 -3.102 -1 124
-2.92 -1 -2.512 -1 -2.544 -1 -2.958 -1 32
-2.751 -1 -2.366 -1 -2.482 -1 -2.924 -1 90
-2.703 -1 -2.354 -1 -2.514 -1 -2.964 -1 112
-2.739 -1 -2.344 -1 -2.76 -1 -3.086 -1 282
-2.923 -1 -2.472 -1 -2.664 -1 -3.106 -1 185
-2.885 -1 -2.406 -1 -2.762 -1 -3.088 -1 306
-2.925 -1 -2.472 -1 -2.598 -1 -3.006 -1 109
-2.802 -1 -2.412 -1 -2.692 -1 -3.032 -1 209
-2.862 -1 -2.426 -1 -2.668 -1 -3.012 -1 203
-2.84 -1 -2.4 -1 -2.768 -1 -3.196 -1 308
-2.982 -1 -2.498 -1 -2.51 -1 -2.922 -1 20
-2.716 -1 -2.31 -1 -2.672 -1 -3.09 -1 253
-2.881 -1 -2.42 -1 -2.806 -1 -3.02 -1 307
-2.913 -1 -2.508 -1 -2.52 -1 -2.962 -1 16
-2.741 -1 -2.396 -1 -2.552 -1 -3 -1 99
-2.776 -1 -2.37 -1 -2.76 -1 -3.044 -1 330
-2.902 -1 -2.466 -1 -2.836 -1 -3.168 -1 337
-3.002 -1 -2.532 -1 -2.758 -1 -3.058 -1 266
-2.908 -1 -2.464 -1 -2.758 -1 -3.168 -1 261
-2.963 -1 -2.53 -1 -2.856 -1 -3.144 -1 343
-3 -1 -2.544 -1 -2.554 -1 -3.022 -1 28
-2.788 -1 -2.42 -1 -2.512 -1 -2.972 -1 79
-2.742 -1 -2.338 -1 -2.442 -1 -2.896 -1 58
-2.669 -1 -2.286 -1 -2.522 -1 -2.95 -1 179
-2.736 -1 -2.336 -1 -2.426 -1 -2.858 -1 80
-2.642 -1 -2.25 -1 -2.524 -1 -2.96 -1 271
-2.742 -1 -2.388 -1 -2.768 -1 -3.108 -1 306
-2.938 -1 -2.502 -1 -2.852 -1 -3.18 -1 267
-3.016 -1 -2.554 -1 -2.73 -1 -3.048 -1 131
-2.889 -1 -2.498 -1 -2.78 -1 -3.106 -1 244
-2.943 -1 -2.492 -1 -2.654 -1 -3.112 -1 147
-2.883 -1 -2.462 -1 -2.816 -1 -3.13 -1 306
-2.973 -1 -2.51 -1 -2.628 -1 -3.01 -1 85
-2.819 -1 -2.38 -1 -2.74 -1 -3.144 -1 259
-2.942 -1 -2.506 -1 -2.904 -1 -3.158 -1 334
-3.031 -1 -2.53 -1 -2.714 -1 -3.064 -1 162
-2.889 -1 -2.468 -1 -2.87 -1 -3.22 -1 314
-3.045 -1 -2.554 -1 -2.782 -1 -3.15 -1 206
-2.966 -1 -2.454 -1 -2.534 -1 -2.998 -1 67
-2.766 -1 -2.388 -1 -2.756 -1 -3.104 -1 299
-2.93 -1 -2.488 -1 -2.746 -1 -3.118 -1 249
-2.932 -1 -2.506 -1 -2.606 -1 -3.068 -1 87
-2.837 -1 -2.42 -1 -2.694 -1 -3.018 -1 213
-2.856 -1 -2.398 -1 -2.742 -1 -3.186 -2 276
-2.964 -1 -2.508 -1 -2.858 -1 -3.196 -1 302
-3.027 -1 -2.576 -1 -2.73 -1 -3.12 -1 150
-2.925 -1 -2.502 -1 -2.812 -1 -3.142 -1 315
-2.977 -1 -2.52 -1 -2.544 -1 -3.006 -1 22
-2.775 -1 -2.394 -1 -2.462 -1 -2.96 -1 55
-2.711 -1 -2.35 -1 -2.67 -1 -3.052 -1 267
-2.861 -1 -2.44 -1 -2.554 -1 -2.998 -1 74
-2.776 -1 -2.398 -1 -2.7 -1 -3.088 -1 243
-2.894 -1 -2.458 -1 -2.812 -1 -3.092 -1 286
-2.952 -1 -2.466 -1 -2.776 -1 -3.056 -1 206
-2.916 -1 -2.46 -1 -2.644 -1 -3.04 -1 166
-2.842 -1 -2.408 -1 -2.476 -1 -2.932 -1 47
-2.704 -1 -2.354 -1 -2.684 -1 -3.074 -1 293
-2.879 -1 -2.446 -1 -2.508 -1 -2.99 -1 26
-2.749 -1 -2.366 -1 -2.424 -1 -2.928 -1 44
-2.676 -1 -2.32 -1 -2.546 -1 -2.952 -1 160
-2.749 -1 -2.316 -1 -2.448 -1 -2.854 -1 90
-2.651 -1 -2.278 -1 -2.448 -1 -2.942 -1 114
-2.695 -1 -2.33 -1 -2.368 -1 -2.87 -1 42
-2.619 -1 -2.29 -1 -2.738 -1 -3.034 -1 339
-2.886 -1 -2.414 -1 -2.628 -1 -2.988 -1 189
-2.808 -1 -2.384 -1 -2.782 -1 -3.1 -1 314
-2.941 -1 -2.472 -1 -2.818 -1 -3.176 -1 343
-2.997 -1 -2.534 -1 -2.646 -1 -3.07 -1 69
-2.858 -1 -2.442 -1 -2.662 -1 -3.032 -1 153
-2.847 -1 -2.458 -1 -2.546 -1 -2.972 -1 72
-2.759 -1 -2.378 -1 -2.502 -1 -3.02 -1 94
-2.761 -1 -2.348 -1 -2.452 -1 -2.86 -1 59
-2.656 -1 -2.286 -1 -2.412 -1 -2.758 -1 90
-2.585 -1 -2.204 -1 -2.352 -1 -2.76 -1 89
-2.556 -1 -2.162 -1 -2.55 -1 -2.924 -1 227
-2.737 -1 -2.29 -1 -2.358 -1 -2.792 -1 46
-2.575 -1 -2.198 -1 -2.556 -1 -3.028 -1 209
-2.792 -1 -2.382 -1 -2.616 -1 -2.954 -1 163
-2.785 -1 -2.352 -1 -2.78 -1 -3.102 -1 270
-2.941 -1 -2.496 -1 -2.566 -1 -2.95 -1 39
-2.758 -1 -2.378 -1 -2.522 -1 -2.952 -1 116
-2.737 -1 -2.388 -1 -2.694 -1 -3.056 -1 234
-2.875 -1 -2.456 -1 -2.57 -1 -2.994 -1 92
-2.782 -1 -2.376 -1 -2.44 -1 -2.972 -1 42
-2.706 -1 -2.34 -1 -2.66 -1 -3.042 -1 272
-2.851 -1 -2.418 -1 -2.816 -1 -3.234 -1 327
-3.025 -1 -2.524 -1 -2.694 -1 -3.056 -1 126
-2.875 -1 -2.422 -1 -2.824 -1 -3.168 -1 343
-2.996 -1 -2.53 -1 -2.76 -1 -3.184 -1 161
-2.972 -1 -2.548 -1 -2.796 -1 -3.142 -1 182
-2.969 -1 -2.506 -1 -2.576 -1 -2.958 -1 55
-2.767 -1 -2.372 -1 -2.654 -1 -3.052 -1 186
-2.853 -1 -2.414 -1 -2.51 -1 -3.004 -1 57
-2.757 -1 -2.388 -1 -2.438 -1 -2.93 -1 40
-2.684 -1 -2.332 -1 -2.676 -1 -3.028 -1 240
-2.852 -1 -2.416 -1 -2.512 -1 -2.98 -1 50
-2.746 -1 -2.362 -1 -2.564 -1 -3.02 -1 175
-2.792 -1 -2.358 -1 -2.424 -1 -2.89 -1 62
-2.657 -1 -2.292 -1 -2.334 -1 -2.816 -1 20
-2.575 -1 -2.208 -1 -2.616 -1 -2.956 -1 236
-2.786 -1 -2.314 -1 -2.506 -1 -3.022 -1 137
-2.764 -1 -2.358 -1 -2.504 -1 -2.922 -1 104
-2.713 -1 -2.332 -1 -2.584 -1 -2.976 -1 203
-2.78 -1 -2.332 -1 -2.648 -1 -2.986 -1 246
-2.817 -1 -2.398 -1 -2.556 -1 -2.962 -1 90
-2.759 -1 -2.372 -1 -2.384 -1 -2.872 -1 16
-2.628 -1 -2.262 -1 -2.454 -1 -2.852 -1 119
-2.653 -1 -2.286 -1 -2.412 -1 -2.94 -1 88
-2.676 -1 -2.296 -1 -2.36 -1 -2.866 -1 50
-2.613 -1 -2.254 -1 -2.638 -1 -2.99 -1 279
-2.814 -1 -2.374 -1 -2.53 -1 -2.906 -1 152
-2.718 -1 -2.304 -1 -2.68 -1 -3.076 -1 292
-2.878 -1 -2.418 -1 -2.708 -1 -3.038 -1 230
-2.873 -1 -2.452 -1 -2.732 -1 -3.096 -1 194
-2.914 -1 -2.44 -1 -2.686 -1 -3.102 -1 223
-2.894 -1 -2.464 -1 -2.86 -1 -3.166 -1 279
-3.013 -1 -2.562 -1 -2.736 -1 -3.094 -1 155
-2.915 -1 -2.492 -1 -2.564 -1 -2.982 -1 80
-2.773 -1 -2.422 -1 -2.836 -1 -3.09 -1 333
-2.963 -1 -2.522 -1 -2.774 -1 -3.094 -1 210
-2.934 -1 -2.512 -1 -2.608 -1 -2.99 -1 59
-2.799 -1 -2.374 -1 -2.684 -1 -3.04 -1 232
-2.862 -1 -2.46 -1 -2.524 -1 -2.95 -1 72
-2.737 -1 -2.322 -1 -2.61 -1 -3.036 -1 197
-2.823 -1 -2.418 -1 -2.852 -1 -3.104 -1 345
-2.978 -1 -2.49 -1 -2.782 -1 -3.134 -1 247
-2.958 -1 -2.528 -1 -2.724 -1 -3.072 -1 175
-2.898 -1 -2.47 -1 -2.518 -1 -2.978 -1 42
-2.748 -1 -2.376 -1 -2.584 -1 -2.942 -1 139
-2.763 -1 -2.346 -1 -2.724 -1 -3.074 -1 293
-2.899 -1 -2.472 -1 -2.742 -1 -3.14 -1 240
-2.941 -1 -2.456 -1 -2.588 -1 -2.99 -1 110
-2.789 -1 -2.372 -1 -2.43 -1 -2.88 -1 60
-2.655 -1 -2.28 -1 -2.372 -1 -2.858 -1 57
-2.615 -1 -2.214 -1 -2.616 -1 -3.048 -1 299
-2.832 -1 -2.344 -1 -2.46 -1 -2.922 -1 80
-2.691 -1 -2.29 -1 -2.58 -1 -3.028 -1 222
-2.804 -1 -2.398 -1 -2.512 -1 -2.954 -1 75
-2.733 -1 -2.348 -1 -2.468 -1 -2.918 -1 59
-2.693 -1 -2.312 -1 -2.754 -1 -3.074 -1 296
-2.914 -1 -2.386 -1 -2.702 -1 -3.048 -1 234
-2.875 -1 -2.456 -1 -2.716 -1 -3.092 -1 209
-2.904 -1 -2.49 -1 -2.56 -1 -2.908 -1 38
-2.734 -1 -2.358 -1 -2.772 -1 -3.112 -1 335
-2.942 -1 -2.474 -1 -2.498 -1 -2.898 -1 16
-2.698 -1 -2.326 -1 -2.462 -1 -2.87 -1 97
-2.666 -1 -2.262 -1 -2.466 -1 -2.87 -1 116
-2.668 -1 -2.25 -1 -2.418 -1 -2.912 -1 136
-2.665 -1 -2.254 -1 -2.68 -1 -3.086 -1 342
-2.883 -1 -2.396 -1 -2.798 -1 -3.148 -1 265
-2.973 -1 -2.484 -1 -2.568 -1 -2.958 -1 83
-2.763 -1 -2.338 -1 -2.74 -1 -3.052 -1 323
-2.896 -1 -2.474 -1 -2.77 -1 -3.07 -1 236
-2.92 -1 -2.448 -1 -2.86 -1 -3.194 -1 348
-3.027 -1 -2.544 -1 -2.884 -1 -3.144 -1 334
-3.014 -1 -2.554 -1 -2.666 -1 -3.04 -1 98
-2.853 -1 -2.432 -1 -2.742 -1 -3.17 -1 265
-2.956 -1 -2.554 -1 -2.868 -1 -3.136 -1 270
-3.002 -1 -2.538 -1 -2.732 -1 -3.088 -1 180
-2.91 -1 -2.47 -1 -2.716 -1 -3.086 -1 224
-2.901 -1 -2.474 -1 -2.808 -1 -3.044 -1 272
-2.926 -1 -2.492 -1 -2.616 -1 -3.036 -1 103
-2.826 -1 -2.424 -1 -2.468 -1 -2.894 -1 36
-2.681 -1 -2.328 -1 -2.778 -1 -3.118 -1 333
-2.948 -1 -2.48 -1 -2.572 -1 -2.958 -1 93
-2.765 -1 -2.36 -1 -2.618 -1 -3.052 -1 149
-2.835 -1 -2.404 -1 -2.778 -1 -3.11 -1 305
-2.944 -1 -2.492 -1 -2.536 -1 -2.958 -1 29
-2.747 -1 -2.354 -1 -2.742 -1 -3.014 -1 231
-2.878 -1 -2.436 -1 -2.676 -1 -3.108 -1 192
-2.892 -1 -2.442 -1 -2.562 -1 -2.978 -1 80
-2.77 -1 -2.376 -1 -2.58 -1 -2.99 -1 122
-2.785 -1 -2.376 -1 -2.846 -1 -3.112 -1 341
-2.979 -1 -2.494 -1 -2.542 -1 -2.994 -1 45
-2.768 -1 -2.378 -1 -2.516 -1 -2.924 -1 93
-2.72 -1 -2.316 -1 -2.728 -1 -3.102 -1 308
-2.915 -1 -2.486 -1 -2.844 -1 -3.182 -1 326
-3.013 -1 -2.546 -1 -2.924 -1 -3.202 -1 312
-3.063 -1 -2.59 -1 -2.778 -1 -3.142 -1 176
-2.96 -1 -2.522 -1 -2.62 -1 -2.958 -1 112
-2.789 -1 -2.364 -1 -2.498 -1 -2.946 -1 80
-2.722 -1 -2.338 -1 -2.598 -1 -2.938 -1 147
-2.768 -1 -2.332 -1 -2.396 -1 -2.9 -1 44
-2.648 -1 -2.284 -1 -2.654 -1 -3.056 -1 234
-2.855 -1 -2.396 -1 -2.436 -1 -2.926 -1 29
-2.681 -1 -2.288 -1 -2.332 -1 -2.91 -1 34
-2.621 -1 -2.27 -1 -2.75 -1 -3.09 -1 338
-2.92 -1 -2.46 -1 -2.82 -1 -3.168 -1 275
-2.994 -1 -2.49 -1 -2.722 -1 -3.084 -1 194
-2.903 -1 -2.472 -1 -2.704 -1 -3.09 -1 185
-2.897 -1 -2.488 -1 -2.52 -1 -2.892 -1 14
-2.706 -1 -2.326 -1 -2.666 -1 -3.018 -1 222
-2.842 -1 -2.41 -1 -2.474 -1 -2.938 -1 37
-2.706 -1 -2.348 -1 -2.7 -1 -3.058 -1 234
-2.879 -1 -2.42 -1 -2.46 -1 -2.926 -1 42
-2.693 -1 -2.308 -1 -2.684 -1 -3.084 -1 282
-2.884 -1 -2.442 -1 -2.74 -1 -3.05 -1 254
-2.895 -1 -2.47 -1 -2.798 -1 -3.112 -1 323
-2.955 -1 -2.514 -1 -2.528 -1 -2.958 -1 10
-2.743 -1 -2.366 -1 -2.382 -1 -2.854 -1 6
-2.618 -1 -2.272 -1 -2.612 -1 -2.978 -1 258
-2.795 -1 -2.352 -1 -2.446 -1 -2.956 -1 64
-2.701 -1 -2.324 -1 -2.674 -1 -3.06 -1 281
-2.867 -1 -2.428 -1 -2.824 -1 -3.074 -1 308
-2.949 -1 -2.488 -1 -2.836 -1 -3.152 -1 320
-2.994 -1 -2.52 -1 -2.816 -1 -3.106 -1 260
-2.961 -1 -2.538 -1 -2.818 -1 -3.116 -1 256
-2.967 -1 -2.504 -1 -2.898 -1 -3.182 -1 327
-3.04 -1 -2.57 -1 -2.728 -1 -3.016 -1 170
-2.872 -1 -2.46 -1 -2.782 -1 -3.132 -1 245
-2.957 -1 -2.474 -1 -2.88 -1 -3.164 -1 341
-3.022 -1 -2.552 -1 -2.892 -1 -3.16 -1 302
-3.026 -1 -2.56 -1 -2.958 -1 -3.2 -1 345
-3.079 -1 -2.604 -1 -2.694 -1 -3.02 -1 73
-2.857 -1 -2.46 -1 -2.708 -1 -3.088 -1 140
-2.898 -1 -2.434 -1 -2.648 -1 -3.082 -1 185
-2.865 -1 -2.424 -1 -2.434 -1 -2.956 -1 7
-2.695 -1 -2.358 -1 -2.756 -1 -3.042 -1 291
-2.899 -1 -2.45 -1 -2.614 -1 -3.028 -1 139
-2.821 -1 -2.414 -1 -2.572 -1 -2.974 -1 134
-2.773 -1 -2.354 -1 -2.498 -1 -2.918 -1 89
-2.708 -1 -2.304 -1 -2.326 -1 -2.814 -1 9
-2.57 -1 -2.218 -1 -2.22 -1 -2.796 -1 2
-2.508 -1 -2.206 -1 -2.358 -1 -2.852 -1 71
-2.605 -1 -2.25 -1 -2.652 -1 -3.042 -1 252
-2.847 -1 -2.416 -1 -2.802 -1 -3.066 -1 299
-2.934 -1 -2.494 -1 -2.704 -1 -3.162 -1 162
-2.933 -1 -2.512 -1 -2.752 -1 -3.168 -1 208
-2.96 -1 -2.536 -1 -2.83 -1 -3.2 -1 292
-3.015 -1 -2.544 -1 -2.82 -1 -3.164 -1 237
-2.992 -1 -2.532 -1 -2.69 -1 -3.062 -1 134
-2.876 -1 -2.428 -1 -2.812 -1 -3.146 -1 317
-2.979 -1 -2.556 -1 -2.722 -1 -3.11 -1 122
-2.916 -1 -2.496 -1 -2.75 -1 -3.082 -1 186
-2.916 -1 -2.444 -1 -2.816 -1 -3.112 -1 342
-2.964 -1 -2.486 -1 -2.846 -1 -3.122 -1 276
-2.984 -1 -2.532 -1 -2.54 -1 -3.014 -1 13
-2.777 -1 -2.394 -1 -2.49 -1 -2.934 -1 79
-2.712 -1 -2.322 -1 -2.778 -1 -3.102 -1 333
-2.94 -1 -2.456 -1 -2.58 -1 -2.984 -1 101
-2.782 -1 -2.402 -1 -2.732 -1 -3.104 -1 218
-2.918 -1 -2.476 -1 -2.708 -1 -3.082 -1 193
-2.895 -1 -2.476 -1 -2.786 -1 -3.096 -1 259
-2.941 -1 -2.47 -1 -2.752 -1 -3.162 -1 233
-2.957 -1 -2.488 -1 -2.934 -1 -3.242 -1 341
-3.088 -1 -2.566 -1 -2.782 -1 -3.13 -1 230
-2.956 -1 -2.49 -1 -2.804 -1 -3.21 -2 321
-3.007 -1 -2.536 -1 -2.906 -1 -3.208 -1 295
-3.057 -1 -2.602 -1 -2.966 -1 -3.24 -1 340
-3.103 -1 -2.662 -1 -2.948 -1 -3.21 -1 293
-3.079 -1 -2.63 -1 -2.846 -1 -3.17 -1 213
-3.008 -1 -2.568 -1 -2.728 -1 -3.1 -1 136
-2.914 -1 -2.548 -1 -2.644 -1 -3.042 -1 109
-2.843 -1 -2.476 -1 -2.708 -1 -3.1 -1 206
-2.904 -1 -2.474 -1 -2.626 -1 -3.028 -1 113
-2.827 -1 -2.436 -1 -2.512 -1 -2.948 -1 61
-2.73 -1 -2.324 -1 -2.55 -1 -2.998 -1 176
-2.774 -1 -2.344 -1 -2.456 -1 -2.964 -1 79
-2.71 -1 -2.306 -1 -2.414 -1 -2.892 -1 49
-2.653 -1 -2.272 -1 -2.644 -1 -3.01 -1 282
-2.827 -1 -2.406 -1 -2.566 -1 -2.97 -1 106
-2.768 -1 -2.37 -1 -2.798 -1 -3.164 -1 346
-2.981 -1 -2.474 -1 -2.5 -1 -2.91 -1 13
-2.705 -1 -2.316 -1 -2.742 -1 -3.1 -1 316
-2.921 -1 -2.478 -1 -2.778 -1 -3.136 -1 264
-2.957 -1 -2.484 -1 -2.604 -1 -3.076 -1 95
-2.84 -1 -2.432 -1 -2.604 -1 -3.016 -1 157
-2.81 -1 -2.394 -1 -2.794 -1 -3.108 -1 298
-2.951 -1 -2.478 -1 -2.756 -1 -3.092 -1 289
-2.924 -1 -2.462 -1 -2.778 -1 -3.08 -1 290
-2.929 -1 -2.478 -1 -2.842 -1 -3.138 -1 315
-2.99 -1 -2.526 -1 -2.822 -1 -3.186 -1 221
-3.004 -1 -2.558 -1 -2.668 -1 -3.058 -1 89
-2.863 -1 -2.436 -1 -2.814 -1 -3.112 -1 332
-2.963 -1 -2.508 -1 -2.818 -1 -3.186 -1 289
-3.002 -1 -2.536 -1 -2.568 -1 -2.986 -1 23
-2.777 -1 -2.4 -1 -2.408 -1 -2.964 -1 9
-2.686 -1 -2.336 -1 -2.758 -1 -3.146 -1 306
-2.952 -1 -2.466 -1 -2.836 -1 -3.16 -1 347
-2.998 -1 -2.52 -1 -2.652 -1 -3.06 -1 119
-2.856 -1 -2.418 -1 -2.608 -1 -2.98 -1 169
-2.794 -1 -2.382 -1 -2.86 -1 -3.17 -1 341
-3.015 -1 -2.544 -1 -2.754 -1 -3.056 -1 199
-2.905 -1 -2.474 -1 -2.792 -1 -3.14 -1 289
-2.966 -1 -2.524 -1 -2.902 -1 -3.18 -1 327
-3.041 -1 -2.568 -1 -2.632 -1 -3.02 -1 50
-2.826 -1 -2.44 -1 -2.598 -1 -3.058 -1 113
-2.828 -1 -2.422 -1 -2.79 -1 -3.132 -1 343
-2.961 -1 -2.498 -1 -2.502 -1 -2.938 -1 5
-2.72 -1 -2.362 -1 -2.57 -1 -2.952 -1 116
-2.761 -1 -2.318 -1 -2.606 -1 -2.946 -1 216
-2.776 -1 -2.38 -1 -2.498 -1 -2.906 -1 85
-2.702 -1 -2.326 -1 -2.682 -1 -3.032 -1 245
-2.857 -1 -2.416 -1 -2.85 -1 -3.132 -1 340
-2.991 -1 -2.54 -1 -2.82 -1 -3.052 -1 255
-2.936 -1 -2.496 -1 -2.864 -1 -3.176 -1 292
-3.02 -1 -2.558 -1 -2.576 -1 -2.986 -1 10
-2.781 -1 -2.388 -1 -2.828 -1 -3.138 -1 269
-2.983 -1 -2.5 -1 -2.876 -1 -3.15 -1 290
-3.013 -1 -2.51 -1 -2.904 -1 -3.23 -1 321
-3.067 -1 -2.568 -1 -2.892 -1 -3.188 -1 295
-3.04 -1 -2.6 -1 -2.716 -1 -3.122 -1 141
-2.919 -1 -2.49 -1 -2.504 -1 -2.984 -1 10
-2.744 -1 -2.35 -1 -2.746 -1 -3.162 -1 332
-2.954 -1 -2.53 -1 -2.592 -1 -3.028 -1 41
-2.81 -1 -2.404 -1 -2.444 -1 -2.868 -1 44
-2.656 -1 -2.276 -1 -2.634 -1 -3.034 -1 245
-2.834 -1 -2.352 -1 -2.728 -1 -3.068 -1 247
-2.898 -1 -2.428 -1 -2.636 -1 -3.05 -1 166
-2.843 -1 -2.402 -1 -2.806 -1 -3.176 -1 317
-2.991 -1 -2.524 -1 -2.812 -1 -3.152 -1 245
-2.982 -1 -2.514 -1 -2.804 -1 -3.106 -1 227
-2.955 -1 -2.504 -1 -2.63 -1 -3.004 -1 117
-2.817 -1 -2.408 -1 -2.592 -1 -3.026 -1 145
-2.809 -1 -2.39 -1 -2.43 -1 -2.876 -1 27
-2.653 -1 -2.302 -1 -2.488 -1 -2.928 -1 156
-2.708 -1 -2.312 -1 -2.47 -1 -2.954 -1 105
-2.712 -1 -2.31 -1 -2.584 -1 -2.972 -1 175
-2.778 -1 -2.334 -1 -2.78 -1 -3.042 -1 335
-2.911 -1 -2.42 -1 -2.648 -1 -3.038 -1 162
-2.843 -1 -2.402 -1 -2.654 -1 -3.05 -1 185
-2.852 -1 -2.428 -1 -2.488 -1 -3.008 -1 46
-2.748 -1 -2.34 -1 -2.654 -1 -3.044 -1 233
-2.849 -1 -2.412 -1 -2.614 -1 -2.99 -1 131
-2.802 -1 -2.346 -1 -2.468 -1 -2.978 -1 99
-2.723 -1 -2.356 -1 -2.702 -1 -3.082 -1 243
-2.892 -1 -2.424 -1 -2.54 -1 -2.898 -1 89
-2.719 -1 -2.302 -1 -2.708 -1 -3.08 -1 298
-2.894 -1 -2.438 -1 -2.678 -1 -3.09 -1 178
-2.884 -1 -2.432 -1 -2.826 -1 -3.148 -1 283
-2.987 -1 -2.528 -1 -2.584 -1 -2.964 -1 40
-2.774 -1 -2.366 -1 -2.73 -1 -3.08 -1 346
-2.905 -1 -2.436 -1 -2.446 -1 -2.906 -1 13
-2.676 -1 -2.284 -1 -2.684 -1 -3.016 -1 310
-2.85 -1 -2.414 -1 -2.754 -1 -3.078 -1 260
-2.916 -1 -2.472 -1 -2.616 -1 -3.04 -1 93
-2.828 -1 -2.4 -1 -2.726 -1 -3.074 -1 232
-2.9 -1 -2.442 -1 -2.69 -1 -3.088 -2 179
-2.889 -1 -2.418 -1 -2.52 -1 -2.966 -1 74
-2.743 -1 -2.39 -1 -2.802 -1 -3.132 -1 332
-2.967 -1 -2.494 -1 -2.686 -1 -3.08 -1 184
-2.883 -1 -2.476 -1 -2.664 -1 -3.018 -1 141
-2.841 -1 -2.448 -1 -2.8 -1 -3.134 -1 286
-2.967 -1 -2.486 -1 -2.54 -1 -2.976 -1 31
-2.758 -1 -2.344 -1 -2.634 -1 -3.042 -1 178
-2.838 -1 -2.412 -1 -2.488 -1 -2.908 -1 53
-2.698 -1 -2.298 -1 -2.692 -1 -3.062 -1 323
-2.877 -1 -2.408 -1 -2.446 -1 -2.932 -1 28
-2.689 -1 -2.326 -1 -2.498 -1 -2.994 -1 123
-2.746 -1 -2.316 -1 -2.37 -1 -2.916 -1 43
-2.643 -1 -2.27 -1 -2.438 -1 -2.938 -1 103
-2.688 -1 -2.262 -1 -2.33 -1 -2.882 -1 52
-2.606 -1 -2.238 -1 -2.246 -1 -2.75 -1 4
-2.498 -1 -2.168 -1 -2.556 -1 -2.98 -1 228
-2.768 -1 -2.286 -1 -2.536 -1 -2.946 -1 183
-2.741 -1 -2.312 -1 -2.664 -1 -3.046 -1 231
-2.855 -1 -2.404 -1 -2.488 -1 -2.894 -1 57
-2.691 -1 -2.3 -1 -2.384 -1 -2.776 -1 56
-2.58 -1 -2.19 -1 -2.448 -1 -2.88 -1 149
-2.664 -1 -2.264 -1 -2.3 -1 -2.82 -1 21
-2.56 -1 -2.176 -1 -2.648 -1 -2.972 -1 345
-2.81 -1 -2.382 -1 -2.6 -1 -3.046 -1 164
-2.823 -1 -2.362 -1 -2.528 -1 -2.99 -1 145
-2.759 -1 -2.354 -1 -2.532 -1 -2.956 -1 124
-2.744 -1 -2.332 -1 -2.582 -1 -3.006 -1 199
-2.794 -1 -2.338 -1 -2.674 -1 -3.016 -1 234
-2.845 -1 -2.394 -1 -2.52 -1 -2.924 -1 95
-2.722 -1 -2.304 -1 -2.392 -1 -2.846 -1 68
-2.619 -1 -2.25 -1 -2.398 -1 -2.876 -1 73
-2.637 -1 -2.268 -1 -2.27 -1 -2.74 -1 2
-2.505 -1 -2.192 -1 -2.394 -1 -2.866 -1 116
-2.63 -1 -2.226 -1 -2.226 -1 -2.7 -1 0
-2.463 -1 -2.138 -1 -2.522 -1 -2.852 -1 269
-2.687 -1 -2.27 -1 -2.32 -1 -2.816 -1 33
-2.568 -1 -2.208 -1 -2.374 -1 -2.854 -1 98
-2.614 -1 -2.23 -1 -2.668 -1 -3.032 -1 303
-2.85 -1 -2.348 -1 -2.506 -1 -2.944 -1 110
-2.725 -1 -2.346 -1 -2.408 -1 -2.818 -1 41
-2.613 -1 -2.232 -1 -2.414 -1 -2.892 -1 127
-2.653 -1 -2.264 -1 -2.512 -1 -2.91 -1 164
-2.711 -1 -2.288 -1 -2.58 -1 -2.936 -1 226
-2.758 -1 -2.306 -1 -2.378 -1 -2.794 -1 47
-2.586 -1 -2.212 -1 -2.626 -1 -2.974 -1 310
-2.8 -1 -2.39 -1 -2.404 -1 -2.854 -1 25
-2.629 -1 -2.214 -1 -2.456 -1 -2.942 -1 131
-2.699 -1 -2.284 -1 -2.438 -1 -2.888 -1 90
-2.663 -1 -2.232 -1 -2.368 -1 -2.818 -1 86
-2.593 -1 -2.184 -1 -2.644 -1 -2.986 -1 281
-2.815 -1 -2.342 -1 -2.442 -1 -2.78 -1 70
-2.611 -1 -2.222 -1 -2.306 -1 -2.786 -1 69
-2.546 -1 -2.192 -1 -2.676 -1 -3.048 -1 312
-2.862 -1 -2.372 -1 -2.76 -1 -3.1 -1 316
-2.93 -1 -2.466 -1 -2.742 -1 -3.098 -1 241
-2.92 -1 -2.512 -1 -2.708 -1 -3.082 -1 167
-2.895 -1 -2.45 -1 -2.638 -1 -3.004 -1 122
-2.821 -1 -2.418 -1 -2.758 -1 -3.068 -1 288
-2.913 -1 -2.444 -1 -2.57 -1 -2.972 -1 83
-2.771 -1 -2.388 -1 -2.668 -1 -2.984 -1 210
-2.826 -1 -2.364 -1 -2.692 -1 -3.05 -1 248
-2.871 -1 -2.4 -1 -2.556 -1 -2.96 -1 118
-2.758 -1 -2.334 -1 -2.598 -1 -3.008 -1 206
-2.803 -1 -2.366 -1 -2.738 -1 -3.06 -1 303
-2.899 -1 -2.408 -1 -2.742 -1 -3.162 -1 280
-2.952 -1 -2.432 -1 -2.562 -1 -3.004 -1 78
-2.783 -1 -2.364 -1 -2.52 -1 -2.98 -1 113
-2.75 -1 -2.38 -1 -2.652 -1 -3.022 -1 205
-2.837 -1 -2.384 -1 -2.382 -1 -2.922 -1 7
-2.652 -1 -2.306 -1 -2.572 -1 -2.968 -1 174
-2.77 -1 -2.348 -1 -2.484 -1 -2.98 -1 98
-2.732 -1 -2.32 -1 -2.4 -1 -2.888 -1 40
-2.644 -1 -2.272 -1 -2.466 -1 -2.978 -1 122
-2.722 -1 -2.308 -1 -2.532 -1 -3.064 -1 158
-2.798 -1 -2.364 -1 -2.522 -1 -2.992 -1 116
-2.757 -1 -2.322 -1 -2.496 -1 -2.906 -1 123
-2.701 -1 -2.282 -1 -2.63 -1 -2.928 -1 258
-2.779 -1 -2.348 -1 -2.77 -1 -3.072 -1 343
-2.921 -1 -2.45 -1 -2.716 -1 -3.056 -1 228
-2.886 -1 -2.428 -1 -2.688 -1 -3.104 -1 207
-2.896 -1 -2.472 -1 -2.542 -1 -2.958 -1 43
-2.75 -1 -2.342 -1 -2.53 -1 -2.938 -1 104
-2.734 -1 -2.348 -1 -2.472 -1 -2.936 -1 108
-2.704 -1 -2.284 -1 -2.746 -1 -3.13 -1 342
-2.938 -1 -2.48 -1 -2.5 -1 -2.922 -1 19
-2.711 -1 -2.336 -1 -2.438 -1 -2.958 -1 78
-2.698 -1 -2.316 -1 -2.678 -1 -3.066 -1 293
-2.872 -1 -2.42 -1 -2.582 -1 -2.994 -1 136
-2.788 -1 -2.398 -1 -2.448 -1 -2.918 -1 38
-2.683 -1 -2.306 -1 -2.326 -1 -2.8 -1 19
-2.563 -1 -2.214 -1 -2.51 -1 -2.952 -1 188
-2.731 -1 -2.3 -1 -2.57 -1 -3.008 -1 180
-2.789 -1 -2.338 -1 -2.824 -1 -3.158 -1 346
-2.991 -1 -2.528 -1 -2.83 -1 -3.116 -1 276
-2.973 -1 -2.53 -1 -2.856 -1 -3.174 -1 305
-3.015 -1 -2.554 -1 -2.59 -1 -2.958 -1 28
-2.774 -1 -2.376 -1 -2.672 -1 -3.054 -1 226
-2.863 -1 -2.442 -1 -2.812 -1 -3.114 -2 349
-2.963 -1 -2.522 -1 -2.552 -1 -3.06 -1 17
-2.806 -1 -2.44 -1 -2.808 -1 -3.172 -1 330
-2.99 -1 -2.522 -1 -2.896 -1 -3.174 -1 313
-3.035 -1 -2.572 -1 -2.638 -1 -3.042 -1 59
-2.84 -1 -2.466 -1 -2.632 -1 -3.054 -1 158
-2.843 -1 -2.436 -1 -2.848 -1 -3.17 -1 320
-3.009 -1 -2.512 -1 -2.908 -1 -3.236 -1 343
-3.072 -1 -2.56 -1 -2.662 -1 -3.004 0 77
