9 1000 0.3 7 51 0 0 0 0
-3.606 -1 -3.104 -1 -3.182 -1 -3.45 -2 104
-3.316 -1 -2.908 -1 -2.968 -1 -3.212 -1 86
-3.09 -1 -2.66 -1 -2.732 -1 -3.126 -1 91
-2.929 -1 -2.538 -1 -2.664 -1 -3.078 -1 73
-2.871 -1 -2.476 -1 -2.572 -1 -3.042 -1 89
-2.807 -1 -2.448 -1 -2.632 -1 -3.132 -1 126
-2.882 -1 -2.506 -1 -2.632 -1 -3.064 -1 92
-2.848 -1 -2.46 -1 -2.53 -1 -3 -1 41
-2.765 -1 -2.422 -1 -2.482 -1 -2.954 -1 40
-2.718 -1 -2.37 -1 -2.38 -1 -2.872 -1 3
-2.626 -1 -2.324 -1 -2.434 -1 -2.836 -1 115
-2.635 -1 -2.29 -1 -2.45 -1 -2.93 -1 108
-2.69 -1 -2.304 -1 -2.404 -1 -2.874 -1 72
-2.639 -1 -2.274 -1 -2.47 -1 -2.898 -1 113
-2.684 -1 -2.282 -1 -2.288 -1 -2.754 -1 10
-2.521 -1 -2.19 -1 -2.44 -1 -2.984 -1 146
-2.712 -1 -2.3 -1 -2.314 -1 -2.782 -1 9
-2.548 -1 -2.22 -1 -2.388 -1 -2.838 -1 90
-2.613 -1 -2.252 -1 -2.368 -1 -2.846 -1 71
-2.607 -1 -2.246 -1 -2.346 -1 -2.838 -1 60
-2.592 -1 -2.248 -1 -2.324 -1 -2.854 -1 40
-2.589 -1 -2.236 -1 -2.428 -1 -2.838 -1 109
-2.633 -1 -2.236 -1 -2.472 -1 -2.88 -1 144
-2.676 -1 -2.28 -1 -2.386 -1 -2.856 -1 76
-2.621 -1 -2.252 -1 -2.326 -1 -2.794 -1 55
-2.56 -1 -2.192 -1 -2.31 -1 -2.786 -1 70
-2.548 -1 -2.168 -1 -2.324 -1 -2.802 -1 120
-2.563 -1 -2.152 -1 -2.412 -1 -2.788 -1 134
-2.6 -1 -2.234 -1 -2.448 -1 -2.852 -1 108
-2.65 -1 -2.27 -1 -2.36 -1 -2.81 -1 61
-2.585 -1 -2.22 -1 -2.296 -1 -2.75 -1 40
-2.523 -1 -2.174 -1 -2.324 -1 -2.78 -1 85
-2.552 -1 -2.18 -1 -2.356 -1 -2.8 -1 101
-2.578 -1 -2.172 -1 -2.302 -1 -2.734 -1 83
-2.518 -1 -2.15 -1 -2.306 -1 -2.76 -1 91
-2.533 -1 -2.148 -1 -2.174 -1 -2.636 -1 14
-2.405 -1 -2.064 -1 -2.152 -1 -2.596 -1 48
-2.374 -1 -2.036 -1 -2.046 -1 -2.59 -1 9
-2.318 -1 -2.026 -1 -2.23 -1 -2.684 -1 147
-2.457 -1 -2.08 -1 -2.224 -1 -2.646 -1 91
-2.435 -1 -2.112 -1 -2.13 -1 -2.496 -1 8
-2.313 -1 -1.98 -1 -2.072 -1 -2.534 -1 39
-2.303 -1 -1.942 -1 -2.112 -1 -2.548 -1 101
-2.33 -1 -1.974 -1 -2.068 -1 -2.498 -1 54
-2.283 -1 -1.932 -1 -2.06 -1 -2.524 -1 63
-2.292 -1 -1.946 -1 -2.154 -1 -2.578 -1 114
-2.366 -1 -1.952 -1 -2.206 -1 -2.642 -1 147
-2.424 -1 -2.028 -1 -2.22 -1 -2.696 -1 127
-2.458 -1 -2.046 -1 -2.188 -1 -2.624 -1 69
-2.406 -1 -2.028 -1 -2.258 -1 -2.612 -1 135
-2.435 -1 -1.976 -1 -2.174 -1 -2.574 0 87
