8 1000 0.8 10 160 0 0 0 0
-3.446 -1 -2.938 -1 -3.03 -1 -3.336 -1 167
-3.183 -1 -2.738 -1 -2.832 -1 -3.1 -1 146
-2.966 -1 -2.544 -1 -2.684 -1 -3.148 -1 127
-2.916 -1 -2.514 -1 -2.584 -1 -2.886 -1 81
-2.735 -1 -2.32 -1 -2.522 -1 -2.886 -1 175
-2.704 -1 -2.326 -1 -2.44 -1 -2.9 -1 97
-2.67 -1 -2.28 -1 -2.592 -1 -3.006 -1 247
-2.799 -1 -2.348 -1 -2.488 -1 -2.918 -1 105
-2.703 -1 -2.318 -1 -2.588 -1 -2.896 -1 214
-2.742 -1 -2.336 -1 -2.492 -1 -2.984 -1 126
-2.738 -1 -2.318 -1 -2.58 -1 -2.902 -1 215
-2.741 -1 -2.334 -1 -2.36 -1 -2.828 -1 23
-2.594 -1 -2.208 -1 -2.356 -1 -2.83 -1 86
-2.593 -1 -2.212 -1 -2.51 -1 -2.892 -1 262
-2.701 -1 -2.258 -1 -2.306 -1 -2.698 -1 31
-2.502 -1 -2.158 -1 -2.18 -1 -2.712 -1 18
-2.446 -1 -2.158 -1 -2.48 -1 -2.908 -1 225
-2.694 -1 -2.238 -1 -2.436 -1 -2.88 -1 153
-2.658 -1 -2.242 -1 -2.702 -1 -2.958 -1 363
-2.83 -1 -2.33 -1 -2.49 -1 -2.878 -1 124
-2.684 -1 -2.274 -1 -2.544 -1 -2.86 -1 198
-2.702 -1 -2.264 -1 -2.388 -1 -2.81 -1 120
-2.599 -1 -2.212 -1 -2.554 -1 -2.898 -1 250
-2.726 -1 -2.312 -1 -2.446 -1 -2.874 -1 77
-2.66 -1 -2.246 -1 -2.592 -1 -2.95 -1 322
-2.771 -1 -2.332 -1 -2.512 -1 -2.94 -1 145
-2.726 -1 -2.272 -1 -2.362 -1 -2.824 -1 65
-2.593 -1 -2.198 -1 -2.678 -1 -2.91 -1 371
-2.794 -1 -2.362 -1 -2.712 -1 -3.016 -1 317
-2.864 -1 -2.396 -1 -2.472 -1 -2.858 -1 90
-2.665 -1 -2.268 -1 -2.46 -1 -2.854 -1 151
-2.657 -1 -2.216 -1 -2.586 -1 -2.902 -1 260
-2.744 -1 -2.286 -1 -2.52 -1 -2.87 -1 166
-2.695 -1 -2.254 -1 -2.472 -1 -2.878 -1 165
-2.675 -1 -2.216 -1 -2.44 -1 -2.862 -1 178
-2.651 -1 -2.176 -1 -2.694 -1 -2.99 -1 399
-2.842 -1 -2.378 -1 -2.788 -1 -3.052 -1 371
-2.92 -1 -2.456 -1 -2.67 -1 -2.978 -1 197
-2.824 -1 -2.408 -1 -2.658 -1 -2.922 -1 235
-2.79 -1 -2.374 -1 -2.454 -1 -2.914 -1 89
-2.684 -1 -2.304 -1 -2.57 -1 -2.94 -1 216
-2.755 -1 -2.332 -1 -2.748 -1 -3.044 -1 346
-2.896 -1 -2.442 -1 -2.476 -1 -2.854 -1 23
-2.665 -1 -2.272 -1 -2.42 -1 -2.952 -1 101
-2.686 -1 -2.264 -1 -2.52 -1 -2.912 -1 207
-2.716 -1 -2.32 -1 -2.52 -1 -2.948 -1 148
-2.734 -1 -2.306 -1 -2.508 -1 -2.88 -1 190
-2.694 -1 -2.276 -1 -2.492 -1 -2.94 -1 193
-2.716 -1 -2.284 -1 -2.63 -1 -2.956 -1 318
-2.793 -1 -2.31 -1 -2.354 -1 -2.81 -1 33
-2.582 -1 -2.212 -1 -2.246 -1 -2.762 -1 17
-2.504 -1 -2.18 -1 -2.37 -1 -2.84 -1 122
-2.605 -1 -2.222 -1 -2.658 -1 -3.018 -1 302
-2.838 -1 -2.398 -1 -2.716 -1 -3.014 -1 323
-2.865 -1 -2.43 -1 -2.748 -1 -2.966 -1 256
-2.857 -1 -2.372 -1 -2.75 -1 -3.064 -1 395
-2.907 -1 -2.446 -1 -2.734 -1 -3.02 -1 279
-2.877 -1 -2.432 -1 -2.798 -1 -3.078 -1 378
-2.938 -1 -2.472 -1 -2.846 -1 -3.094 -1 364
-2.97 -1 -2.49 -1 -2.66 -1 -3.01 -1 143
-2.835 -1 -2.392 -1 -2.722 -1 -2.954 -1 273
-2.838 -1 -2.366 -1 -2.706 -1 -2.958 -1 324
-2.832 -1 -2.406 -1 -2.604 -1 -3 -1 154
-2.802 -1 -2.4 -1 -2.736 -1 -3.03 -1 307
-2.883 -1 -2.402 -1 -2.696 -1 -3.048 -1 291
-2.872 -1 -2.41 -1 -2.748 -1 -3.094 -1 291
-2.921 -1 -2.45 -1 -2.58 -1 -2.974 -1 122
-2.777 -1 -2.374 -1 -2.776 -1 -3.09 -1 358
-2.933 -1 -2.474 -1 -2.484 -1 -2.966 -1 16
-2.725 -1 -2.334 -1 -2.454 -1 -2.804 -1 110
-2.629 -1 -2.266 -1 -2.508 -1 -2.88 -1 176
-2.694 -1 -2.3 -1 -2.504 -1 -2.91 -1 180
-2.707 -1 -2.262 -1 -2.424 -1 -2.81 -1 107
-2.617 -1 -2.226 -1 -2.372 -1 -2.808 -1 119
-2.59 -1 -2.2 -1 -2.564 -1 -2.954 -1 314
-2.759 -1 -2.314 -1 -2.672 -1 -3.042 -1 284
-2.857 -1 -2.384 -1 -2.646 -1 -2.942 -1 263
-2.794 -1 -2.342 -1 -2.642 -1 -2.978 -1 213
-2.81 -1 -2.382 -1 -2.518 -1 -2.906 -1 123
-2.712 -1 -2.304 -1 -2.592 -1 -2.948 -1 258
-2.77 -1 -2.324 -1 -2.57 -1 -2.95 -1 199
-2.76 -1 -2.336 -1 -2.722 -1 -3.082 -1 358
-2.902 -1 -2.458 -1 -2.498 -1 -2.934 -1 50
-2.716 -1 -2.274 -1 -2.562 -1 -2.902 -1 254
-2.732 -1 -2.308 -1 -2.698 -1 -2.996 -1 389
-2.847 -1 -2.368 -1 -2.762 -1 -3.032 -1 322
-2.897 -1 -2.432 -1 -2.834 -1 -3.094 -1 399
-2.964 -1 -2.49 -1 -2.616 -1 -2.984 -1 139
-2.8 -1 -2.406 -1 -2.696 -1 -3.004 -1 254
-2.85 -1 -2.422 -1 -2.608 -1 -2.99 -1 163
-2.799 -1 -2.382 -1 -2.63 -1 -3 -1 292
-2.815 -1 -2.372 -1 -2.598 -1 -2.946 -1 249
-2.772 -1 -2.356 -1 -2.446 -1 -2.812 -1 57
-2.629 -1 -2.25 -1 -2.51 -1 -2.904 -1 185
-2.707 -1 -2.336 -1 -2.69 -1 -2.998 -1 387
-2.844 -1 -2.404 -1 -2.772 -1 -3.056 -1 359
-2.914 -1 -2.494 -1 -2.858 -1 -3.12 -1 392
-2.989 -1 -2.528 -1 -2.676 -1 -2.958 -1 144
-2.817 -1 -2.4 -1 -2.54 -1 -2.934 -1 138
-2.737 -1 -2.364 -1 -2.442 -1 -2.852 -1 65
-2.647 -1 -2.28 -1 -2.594 -1 -2.898 -1 325
-2.746 -1 -2.294 -1 -2.644 -1 -2.942 -1 332
-2.793 -1 -2.352 -1 -2.52 -1 -2.954 -1 157
-2.737 -1 -2.322 -1 -2.672 -1 -3.008 -1 282
-2.84 -1 -2.404 -1 -2.58 -1 -2.942 -1 186
-2.761 -1 -2.33 -1 -2.542 -1 -2.872 -1 213
-2.707 -1 -2.282 -1 -2.708 -1 -3.022 -1 366
-2.865 -1 -2.44 -1 -2.654 -1 -3.058 -1 191
-2.856 -1 -2.41 -1 -2.612 -1 -2.952 -1 154
-2.782 -1 -2.348 -1 -2.736 -1 -3.006 -1 386
-2.871 -1 -2.398 -1 -2.774 -1 -3.056 -1 312
-2.915 -1 -2.474 -1 -2.706 -1 -2.992 -1 218
-2.849 -1 -2.41 -1 -2.442 -1 -2.874 -1 30
-2.658 -1 -2.264 -1 -2.498 -1 -2.872 -1 201
-2.685 -1 -2.302 -1 -2.646 -1 -2.976 -1 286
-2.811 -1 -2.368 -1 -2.652 -1 -2.928 -1 308
-2.79 -1 -2.394 -1 -2.48 -1 -2.884 -1 88
-2.682 -1 -2.294 -1 -2.594 -1 -2.944 -1 317
-2.769 -1 -2.36 -1 -2.744 -1 -2.976 -1 394
-2.86 -1 -2.398 -1 -2.482 -1 -2.85 -1 101
-2.666 -1 -2.24 -1 -2.24 -1 -2.808 -1 0
-2.524 -1 -2.172 -1 -2.436 -1 -2.862 -1 188
-2.649 -1 -2.208 -1 -2.224 -1 -2.74 -1 5
-2.482 -1 -2.134 -1 -2.334 -1 -2.808 -1 129
-2.571 -1 -2.156 -1 -2.248 -1 -2.752 -1 60
-2.5 -1 -2.128 -1 -2.21 -1 -2.72 -1 47
-2.465 -1 -2.098 -1 -2.552 -1 -2.912 -1 340
-2.732 -1 -2.27 -1 -2.472 -1 -2.822 -1 145
-2.647 -1 -2.222 -1 -2.438 -1 -2.9 -1 161
-2.669 -1 -2.26 -1 -2.344 -1 -2.764 -1 51
-2.554 -1 -2.188 -1 -2.338 -1 -2.762 -1 97
-2.55 -1 -2.156 -1 -2.408 -1 -2.806 -1 191
-2.607 -1 -2.168 -1 -2.468 -1 -2.892 -1 226
-2.68 -1 -2.26 -1 -2.298 -1 -2.82 -1 17
-2.559 -1 -2.158 -1 -2.506 -1 -2.772 -1 236
-2.639 -1 -2.178 -1 -2.624 -1 -2.986 -1 338
-2.805 -1 -2.342 -1 -2.584 -1 -2.932 -1 210
-2.758 -1 -2.258 -1 -2.532 -1 -2.91 -1 199
-2.721 -1 -2.284 -1 -2.44 -1 -2.878 -1 121
-2.659 -1 -2.258 -1 -2.52 -1 -2.874 -1 191
-2.697 -1 -2.258 -1 -2.572 -1 -2.99 -1 243
-2.781 -1 -2.314 -1 -2.534 -1 -2.874 -1 186
-2.704 -1 -2.25 -1 -2.428 -1 -2.82 -1 167
-2.624 -1 -2.226 -1 -2.602 -1 -2.896 -1 312
-2.749 -1 -2.292 -1 -2.624 -1 -2.928 -1 255
-2.776 -1 -2.342 -1 -2.434 -1 -2.82 -1 60
-2.627 -1 -2.23 -1 -2.34 -1 -2.808 -1 84
-2.574 -1 -2.188 -1 -2.538 -1 -2.846 -1 278
-2.692 -1 -2.276 -1 -2.35 -1 -2.84 -1 70
-2.595 -1 -2.226 -1 -2.524 -1 -2.886 -1 262
-2.705 -1 -2.272 -1 -2.5 -1 -2.926 -1 198
-2.713 -1 -2.278 -1 -2.5 -1 -2.906 -1 177
-2.703 -1 -2.32 -1 -2.498 -1 -2.92 -1 153
-2.709 -1 -2.306 -1 -2.454 -1 -2.902 -1 111
-2.678 -1 -2.268 -1 -2.462 -1 -2.878 -1 130
-2.67 -1 -2.26 -1 -2.748 -1 -3.048 -1 383
-2.898 -1 -2.44 -1 -2.614 -1 -2.918 -1 163
-2.766 -1 -2.282 -1 -2.626 -1 -2.93 -1 252
-2.778 -1 -2.324 -1 -2.598 -1 -2.99 -1 227
-2.794 -1 -2.386 -1 -2.496 -1 -2.902 0 61
