6 1000 0.8 7 15 0 0 0 0
-3.045 -1 -2.634 -1 -2.764 -1 -2.924 -1 278
-2.844 -1 -2.464 -1 -2.468 -1 -2.738 -1 5
-2.603 -1 -2.23 -1 -2.362 -1 -2.71 -1 151
-2.536 -1 -2.17 -1 -2.222 -1 -2.632 -1 60
-2.427 -1 -2.056 -1 -2.318 -1 -2.638 -1 268
-2.478 -1 -2.1 -1 -2.132 -1 -2.552 -1 18
-2.342 -1 -2.002 -1 -2.294 -1 -2.632 -1 323
-2.463 -1 -2.078 -1 -2.25 -1 -2.578 -1 206
-2.414 -1 -2.008 -1 -2.094 -1 -2.546 -1 88
-2.32 -1 -1.962 -1 -2.316 -1 -2.57 -1 361
-2.443 -1 -2.046 -1 -2.268 -1 -2.654 -1 256
-2.461 -1 -2.084 -1 -2.144 -1 -2.56 -1 45
-2.352 -1 -1.972 -1 -2.074 -1 -2.474 -1 78
-2.274 -1 -1.888 -1 -2.178 -1 -2.532 -1 273
-2.355 -1 -1.99 -1 -2.142 -1 -2.47 0 126
