8 1000 0.7 9 18 0 0 0 0
-3.446 -1 -2.968 -1 -3.092 -1 -3.29 -1 242
-3.191 -1 -2.738 -1 -2.742 -1 -2.984 -1 4
-2.863 -1 -2.458 -1 -2.78 -1 -3.042 -1 319
-2.911 -1 -2.44 -1 -2.574 -1 -3.016 -1 110
-2.795 -1 -2.362 -1 -2.584 -1 -2.988 -1 177
-2.786 -1 -2.37 -1 -2.504 -1 -2.914 -1 95
-2.709 -1 -2.33 -1 -2.492 -1 -2.89 -1 141
-2.691 -1 -2.284 -1 -2.394 -1 -2.908 -1 74
-2.651 -1 -2.258 -1 -2.274 -1 -2.79 -1 11
-2.532 -1 -2.176 -1 -2.568 -1 -2.874 -1 247
-2.721 -1 -2.298 -1 -2.424 -1 -2.852 -1 99
-2.638 -1 -2.238 -1 -2.608 -1 -2.97 -1 344
-2.789 -1 -2.374 -1 -2.44 -1 -2.822 -1 60
-2.631 -1 -2.262 -1 -2.404 -1 -2.842 -1 97
-2.623 -1 -2.254 -1 -2.28 -1 -2.73 -1 16
-2.505 -1 -2.142 -1 -2.182 -1 -2.672 -1 31
-2.427 -1 -2.062 -1 -2.37 -1 -2.788 -1 184
-2.579 -1 -2.164 -1 -2.468 -1 -2.872 0 182
