8 1000 0.3 6 20 0 0 0 0
-3.459 -1 -3.048 -1 -3.048 -1 -3.236 -1 3
-3.142 -1 -2.744 -1 -2.764 -1 -3.08 -1 37
-2.922 -1 -2.586 -1 -2.728 -1 -3.106 -1 140
-2.917 -1 -2.528 -1 -2.536 -1 -2.96 -1 40
-2.748 -1 -2.406 -1 -2.488 -1 -2.914 -1 70
-2.701 -1 -2.362 -1 -2.522 -1 -2.89 -1 112
-2.706 -1 -2.336 -1 -2.412 -1 -2.838 -1 63
-2.625 -1 -2.278 -1 -2.338 -1 -2.866 -1 46
-2.602 -1 -2.264 -1 -2.406 -1 -2.832 -1 135
-2.619 -1 -2.246 -1 -2.31 -1 -2.854 -1 56
-2.582 -1 -2.244 -1 -2.306 -1 -2.716 -1 47
-2.511 -1 -2.152 -1 -2.32 -1 -2.794 -1 88
-2.557 -1 -2.176 -1 -2.208 -1 -2.716 -1 30
-2.462 -1 -2.112 -1 -2.136 -1 -2.734 -1 8
-2.435 -1 -2.126 -1 -2.32 -1 -2.818 -1 113
-2.569 -1 -2.214 -1 -2.432 -1 -2.85 -1 144
-2.641 -1 -2.238 -1 -2.392 -1 -2.838 -1 118
-2.615 -1 -2.214 -1 -2.35 -1 -2.76 -1 124
-2.555 -1 -2.182 -1 -2.248 -1 -2.718 -1 60
-2.483 -1 -2.124 -1 -2.154 -1 -2.704 0 30
