10 1000 0.6 6 1195 0 0 0 0
-3.762 -1 -3.332 -1 -3.428 -1 -3.63 -2 187
-3.529 -1 -3.112 -1 -3.252 -1 -3.46 -1 176
-3.356 -1 -2.918 -1 -3.066 -1 -3.486 -2 130
-3.276 -1 -2.874 -1 -3.142 -1 -3.396 -1 237
-3.269 -1 -2.806 -1 -3.112 -1 -3.374 -1 299
-3.243 -1 -2.802 -1 -2.814 -1 -3.166 -1 15
-2.99 -1 -2.604 -1 -2.656 -1 -3.104 -1 33
-2.88 -1 -2.506 -1 -2.518 -1 -3.084 -1 4
-2.801 -1 -2.468 -1 -2.662 -1 -3.208 -1 124
-2.935 -1 -2.544 -1 -2.886 -1 -3.228 -1 275
-3.057 -1 -2.616 -1 -2.634 -1 -3.076 -1 12
-2.855 -1 -2.498 -1 -2.844 -1 -3.242 -1 263
-3.043 -1 -2.606 -1 -2.924 -1 -3.302 -1 227
-3.113 -1 -2.69 -1 -2.984 -1 -3.284 -1 293
-3.134 -1 -2.746 -1 -2.988 -1 -3.294 -1 231
-3.141 -1 -2.706 -1 -2.932 -1 -3.264 -1 203
-3.098 -1 -2.672 -1 -2.96 -1 -3.35 -1 258
-3.155 -1 -2.736 -1 -3.066 -1 -3.322 -1 281
-3.194 -1 -2.778 -1 -2.97 -1 -3.306 -1 187
-3.138 -1 -2.75 -1 -2.94 -1 -3.342 -1 168
-3.141 -1 -2.714 -1 -2.866 -1 -3.28 -1 142
-3.073 -1 -2.672 -1 -2.896 -1 -3.25 -1 183
-3.073 -1 -2.66 -1 -2.74 -1 -3.138 -1 62
-2.939 -1 -2.542 -1 -2.548 -1 -2.952 -1 4
-2.75 -1 -2.396 -1 -2.708 -1 -3.158 -1 206
-2.933 -1 -2.53 -1 -2.848 -1 -3.216 -1 264
-3.032 -1 -2.634 -1 -2.868 -1 -3.24 -1 219
-3.054 -1 -2.658 -1 -2.72 -1 -3.084 -1 35
-2.902 -1 -2.574 -1 -2.626 -1 -3.026 -1 38
-2.826 -1 -2.488 -1 -2.862 -1 -3.206 -2 286
-3.034 -1 -2.642 -1 -2.94 -1 -3.302 -1 234
-3.121 -1 -2.68 -1 -2.938 -1 -3.27 -1 166
-3.104 -1 -2.696 -1 -2.986 -1 -3.298 -1 291
-3.142 -1 -2.696 -1 -2.716 -1 -3.148 -1 16
-2.932 -1 -2.556 -1 -2.7 -1 -3.11 -2 90
-2.905 -1 -2.558 -1 -2.638 -1 -3.054 -1 75
-2.846 -1 -2.504 -1 -2.61 -1 -3.088 -1 70
-2.849 -1 -2.482 -1 -2.62 -1 -3.058 -1 103
-2.839 -1 -2.5 -1 -2.574 -1 -3.05 -1 49
-2.812 -1 -2.464 -1 -2.808 -1 -3.17 -1 239
-2.989 -1 -2.602 -1 -2.876 -1 -3.17 -1 222
-3.023 -1 -2.626 -1 -3 -1 -3.324 -1 294
-3.162 -1 -2.726 -1 -3.01 -1 -3.262 -1 266
-3.136 -1 -2.734 -1 -2.906 -1 -3.31 -1 129
-3.108 -1 -2.718 -1 -2.978 -1 -3.274 -1 233
-3.126 -1 -2.688 -1 -2.702 -1 -3.144 -1 18
-2.923 -1 -2.568 -1 -2.706 -1 -3.132 -1 141
-2.919 -1 -2.508 -1 -2.798 -1 -3.278 -1 174
-3.038 -1 -2.634 -1 -2.824 -1 -3.23 -1 163
-3.027 -1 -2.586 -1 -2.844 -1 -3.166 -1 231
-3.005 -1 -2.6 -1 -2.846 -1 -3.228 -1 211
-3.037 -1 -2.638 -1 -2.892 -1 -3.24 -1 192
-3.066 -1 -2.634 -1 -2.634 -1 -3.092 -1 0
-2.863 -1 -2.528 -1 -2.74 -1 -3.102 -1 146
-2.921 -1 -2.562 -1 -2.876 -1 -3.208 -1 203
-3.042 -1 -2.612 -1 -2.62 -1 -3.064 -1 7
-2.842 -1 -2.47 -1 -2.686 -1 -3.106 -1 184
-2.896 -1 -2.54 -1 -2.73 -1 -3.104 -1 118
-2.917 -1 -2.538 -1 -2.652 -1 -3.072 -1 85
-2.862 -1 -2.53 -1 -2.748 -1 -3.192 -1 186
-2.97 -1 -2.582 -1 -2.726 -1 -3.124 -1 97
-2.925 -1 -2.558 -1 -2.89 -1 -3.212 -1 232
-3.051 -1 -2.616 -1 -2.618 -1 -3.01 -1 1
-2.814 -1 -2.472 -1 -2.854 -1 -3.246 -1 251
-3.05 -1 -2.654 -1 -3 -1 -3.238 -1 241
-3.119 -1 -2.662 -1 -2.974 -1 -3.318 -1 268
-3.146 -1 -2.714 -1 -2.836 -1 -3.122 -1 91
-2.979 -1 -2.562 -1 -2.61 -1 -3.084 -1 34
-2.847 -1 -2.482 -1 -2.682 -1 -3.05 -1 123
-2.866 -1 -2.51 -1 -2.75 -1 -3.14 -1 192
-2.945 -1 -2.564 -1 -2.678 -1 -3.058 -1 52
-2.868 -1 -2.53 -1 -2.91 -1 -3.216 -1 259
-3.063 -1 -2.626 -1 -2.874 -1 -3.262 -1 197
-3.068 -1 -2.618 -1 -2.816 -1 -3.228 -1 207
-3.022 -1 -2.664 -1 -2.964 -1 -3.308 -1 266
-3.136 -1 -2.758 -1 -2.92 -1 -3.25 -1 178
-3.085 -1 -2.67 -1 -2.812 -1 -3.186 -1 109
-2.999 -1 -2.628 -1 -2.75 -1 -3.184 -1 92
-2.967 -1 -2.606 -1 -2.814 -1 -3.268 -1 131
-3.041 -1 -2.632 -1 -2.926 -1 -3.234 -1 196
-3.08 -1 -2.662 -1 -3.046 -1 -3.344 -1 293
-3.195 -1 -2.756 -1 -2.872 -1 -3.284 -1 118
-3.078 -1 -2.7 -1 -2.964 -1 -3.358 -1 202
-3.161 -1 -2.766 -1 -3.06 -1 -3.278 -1 270
-3.169 -1 -2.772 -1 -2.888 -1 -3.174 -1 109
-3.031 -1 -2.648 -1 -2.804 -1 -3.198 -1 128
-3.001 -1 -2.592 -1 -2.602 -1 -3.06 -1 5
-2.831 -1 -2.492 -1 -2.866 -1 -3.19 -1 275
-3.028 -1 -2.622 -1 -2.68 -1 -3.148 -1 33
-2.914 -1 -2.524 -1 -2.544 -1 -3.026 -1 22
-2.785 -1 -2.47 -1 -2.754 -1 -3.124 -1 231
-2.939 -1 -2.536 -1 -2.894 -1 -3.23 -1 248
-3.062 -1 -2.618 -1 -2.86 -1 -3.178 -1 192
-3.019 -1 -2.61 -1 -2.802 -1 -3.194 -1 124
-2.998 -1 -2.604 -1 -2.642 -1 -3.082 -1 34
-2.862 -1 -2.506 -1 -2.578 -1 -3.072 -1 40
-2.825 -1 -2.516 -1 -2.79 -1 -3.116 -1 170
-2.953 -1 -2.532 -1 -2.78 -1 -3.128 -1 190
-2.954 -1 -2.54 -1 -2.604 -1 -3.044 -1 42
-2.824 -1 -2.436 -1 -2.8 -1 -3.172 -1 251
-2.986 -1 -2.54 -1 -2.794 -1 -3.234 -1 172
-3.014 -1 -2.612 -1 -2.808 -1 -3.186 -1 164
-2.997 -1 -2.56 -1 -2.724 -1 -3.134 -1 115
-2.929 -1 -2.516 -1 -2.952 -1 -3.312 -1 298
-3.132 -1 -2.666 -1 -2.942 -1 -3.242 -1 280
-3.092 -1 -2.694 -1 -2.972 -1 -3.376 -1 241
-3.174 -1 -2.724 -1 -2.964 -1 -3.258 -1 216
-3.111 -1 -2.732 -1 -2.966 -1 -3.304 -1 209
-3.135 -1 -2.72 -1 -2.846 -1 -3.22 -1 93
-3.033 -1 -2.588 -1 -2.894 -1 -3.238 -1 264
-3.066 -1 -2.596 -1 -2.672 -1 -3.068 -1 52
-2.87 -1 -2.508 -1 -2.866 -1 -3.216 -1 271
-3.041 -1 -2.614 -1 -2.948 -1 -3.224 -1 274
-3.086 -1 -2.626 -1 -2.768 -1 -3.172 -1 106
-2.97 -1 -2.568 -1 -2.81 -1 -3.122 -1 148
-2.966 -1 -2.53 -1 -2.588 -1 -3.064 -1 30
-2.826 -1 -2.466 -1 -2.56 -1 -3.052 -1 79
-2.806 -1 -2.462 -1 -2.784 -1 -3.114 -1 221
-2.949 -1 -2.548 -1 -2.916 -1 -3.256 -1 294
-3.086 -1 -2.608 -1 -2.704 -1 -3.094 -1 88
-2.899 -1 -2.53 -1 -2.728 -1 -3.144 -1 125
-2.936 -1 -2.526 -1 -2.754 -1 -3.192 -1 140
-2.973 -1 -2.582 -1 -2.88 -1 -3.17 -1 216
-3.025 -1 -2.594 -1 -2.868 -1 -3.18 -1 222
-3.024 -1 -2.612 -1 -2.644 -1 -3.088 -1 18
-2.866 -1 -2.506 -1 -2.886 -1 -3.184 -1 234
-3.035 -1 -2.584 -1 -2.74 -1 -3.096 -1 102
-2.918 -1 -2.53 -1 -2.602 -1 -3.034 -1 51
-2.818 -1 -2.47 -1 -2.478 -1 -2.976 -1 9
-2.727 -1 -2.376 -1 -2.714 -1 -3.064 -1 190
-2.889 -1 -2.522 -1 -2.676 -1 -3.036 -1 98
-2.856 -1 -2.472 -1 -2.89 -1 -3.192 -1 294
-3.041 -1 -2.602 -1 -2.994 -1 -3.25 -1 294
-3.122 -1 -2.698 -1 -2.908 -1 -3.252 -1 180
-3.08 -1 -2.676 -1 -2.944 -1 -3.282 -1 240
-3.113 -1 -2.68 -1 -3.024 -1 -3.252 -2 280
-3.138 -1 -2.712 -1 -3.02 -1 -3.366 -1 254
-3.193 -1 -2.706 -1 -2.958 -1 -3.284 -1 225
-3.121 -1 -2.754 -1 -2.944 -1 -3.286 -1 172
-3.115 -1 -2.708 -1 -2.968 -1 -3.338 -1 224
-3.153 -1 -2.702 -1 -2.722 -1 -3.146 -1 15
-2.934 -1 -2.564 -1 -2.576 -1 -3.074 -2 5
-2.825 -1 -2.486 -1 -2.636 -1 -3.122 -1 94
-2.879 -1 -2.502 -1 -2.732 -1 -3.118 -1 185
-2.925 -1 -2.566 -1 -2.818 -1 -3.17 -1 225
-2.994 -1 -2.6 -1 -2.818 -1 -3.216 -1 129
-3.017 -1 -2.6 -1 -2.666 -1 -3.084 -1 46
-2.875 -1 -2.53 -1 -2.86 -1 -3.14 -1 241
-3 -1 -2.618 -1 -2.972 -1 -3.294 -1 280
-3.133 -1 -2.68 -1 -2.88 -1 -3.294 -1 179
-3.087 -1 -2.704 -1 -2.866 -1 -3.25 -1 109
-3.058 -1 -2.684 -1 -2.914 -1 -3.224 -1 215
-3.069 -1 -2.682 -1 -2.798 -1 -3.17 -2 59
-2.984 -1 -2.594 -1 -2.796 -1 -3.172 -1 136
-2.984 -1 -2.518 -1 -2.724 -1 -3.136 -1 145
-2.93 -1 -2.576 -1 -2.68 -1 -3.112 -1 63
-2.896 -1 -2.53 -1 -2.84 -1 -3.156 -1 201
-2.998 -1 -2.582 -1 -2.91 -1 -3.292 -1 233
-3.101 -1 -2.69 -1 -2.944 -1 -3.244 -1 204
-3.094 -1 -2.686 -1 -2.978 -1 -3.358 -1 263
-3.168 -1 -2.708 -1 -2.906 -1 -3.238 -1 175
-3.072 -1 -2.664 -1 -2.986 -1 -3.268 -1 254
-3.127 -1 -2.718 -1 -2.858 -1 -3.23 -1 116
-3.044 -1 -2.634 -1 -2.916 -1 -3.248 -1 231
-3.082 -1 -2.652 -1 -2.746 -1 -3.17 -1 61
-2.958 -1 -2.572 -1 -2.65 -1 -3.09 -1 60
-2.87 -1 -2.53 -1 -2.598 -1 -3.044 -1 47
-2.821 -1 -2.456 -1 -2.49 -1 -3.026 -1 27
-2.758 -1 -2.432 -1 -2.592 -1 -3.104 -1 103
-2.848 -1 -2.492 -1 -2.884 -1 -3.232 -2 295
-3.058 -1 -2.644 -1 -2.93 -1 -3.316 -1 250
-3.123 -1 -2.692 -1 -2.78 -1 -3.178 -1 84
-2.979 -1 -2.596 -1 -2.588 -1 -3.086 -1 20
-2.837 -1 -2.502 -1 -2.704 -1 -3.174 -2 129
-2.939 -1 -2.572 -1 -2.878 -1 -3.272 -1 210
-3.075 -1 -2.662 -1 -2.876 -1 -3.296 -1 156
-3.086 -1 -2.692 -1 -2.872 -1 -3.222 -1 179
-3.047 -1 -2.638 -1 -2.996 -1 -3.3 -1 230
-3.148 -1 -2.724 -1 -2.918 -1 -3.266 -1 174
-3.092 -1 -2.672 -1 -2.834 -1 -3.216 -1 145
-3.025 -1 -2.574 -1 -2.772 -1 -3.202 -1 166
-2.987 -1 -2.592 -1 -2.962 -1 -3.3 -1 269
-3.131 -1 -2.706 -1 -2.872 -1 -3.254 -1 162
-3.063 -1 -2.65 -1 -2.756 -1 -3.14 -1 86
-2.948 -1 -2.554 -1 -2.766 -1 -3.094 -1 151
-2.93 -1 -2.562 -1 -2.736 -1 -3.1 -1 113
-2.918 -1 -2.542 -1 -2.792 -1 -3.138 -1 162
-2.965 -1 -2.554 -1 -2.588 -1 -3.114 -1 29
-2.851 -1 -2.52 -1 -2.532 -1 -2.884 -1 6
-2.708 -1 -2.398 -1 -2.55 -1 -3.022 -1 95
-2.786 -1 -2.43 -1 -2.778 -1 -3.218 -1 223
-2.998 -1 -2.534 -1 -2.77 -1 -3.14 -1 172
-2.955 -1 -2.59 -1 -2.6 -1 -2.976 -1 8
-2.788 -1 -2.404 -1 -2.688 -1 -3.068 -1 187
-2.878 -1 -2.476 -1 -2.666 -1 -3.094 -1 152
-2.88 -1 -2.49 -1 -2.626 -1 -3.092 -1 115
-2.859 -1 -2.472 -1 -2.48 -1 -2.986 -1 7
-2.733 -1 -2.366 -1 -2.728 -1 -3.01 -1 217
-2.869 -1 -2.442 -1 -2.706 -1 -3.124 -1 202
-2.915 -1 -2.528 -1 -2.678 -1 -3.122 -1 86
-2.9 -1 -2.512 -1 -2.606 -1 -3.086 -1 66
-2.846 -1 -2.476 -1 -2.66 -1 -3.078 -1 125
-2.869 -1 -2.526 -1 -2.724 -1 -3.078 -1 145
-2.901 -1 -2.55 -1 -2.82 -1 -3.214 -1 185
-3.017 -1 -2.608 -1 -2.686 -1 -3.08 -1 59
-2.883 -1 -2.532 -1 -2.726 -1 -3.1 -1 122
-2.913 -1 -2.502 -1 -2.856 -1 -3.22 -1 278
-3.038 -1 -2.638 -1 -2.918 -1 -3.25 -1 278
-3.084 -1 -2.676 -1 -2.98 -1 -3.28 -1 228
-3.13 -1 -2.638 -1 -2.822 -1 -3.19 -1 130
-3.006 -1 -2.566 -1 -2.692 -1 -3.068 -1 68
-2.88 -1 -2.504 -1 -2.776 -1 -3.146 -1 211
-2.961 -1 -2.538 -1 -2.838 -1 -3.222 -1 215
-3.03 -1 -2.646 -1 -2.91 -1 -3.22 -1 240
-3.065 -1 -2.64 -1 -2.87 -1 -3.176 -1 173
-3.023 -1 -2.638 -1 -2.73 -1 -3.188 -1 81
-2.959 -1 -2.612 -1 -2.94 -1 -3.284 -1 273
-3.112 -1 -2.678 -1 -3.032 -1 -3.338 -1 280
-3.185 -1 -2.798 -1 -3.004 -1 -3.302 -1 198
-3.153 -1 -2.724 -1 -2.762 -1 -3.194 -1 23
-2.978 -1 -2.58 -1 -2.784 -1 -3.158 -1 137
-2.971 -1 -2.566 -1 -2.686 -1 -3.122 -1 107
-2.904 -1 -2.534 -1 -2.85 -1 -3.258 -1 259
-3.054 -1 -2.606 -1 -2.868 -1 -3.234 -1 268
-3.051 -1 -2.646 -1 -2.902 -1 -3.176 -1 231
-3.039 -1 -2.628 -1 -2.682 -1 -3.118 -1 51
-2.9 -1 -2.558 -1 -2.954 -1 -3.278 -2 297
-3.116 -1 -2.678 -1 -2.972 -1 -3.304 -1 223
-3.138 -1 -2.72 -1 -2.816 -1 -3.166 -1 94
-2.991 -1 -2.632 -1 -2.838 -1 -3.248 -1 154
-3.043 -1 -2.628 -1 -2.948 -1 -3.212 -1 246
-3.08 -1 -2.644 -1 -2.928 -1 -3.232 -2 190
-3.08 -1 -2.654 -1 -2.952 -1 -3.25 -1 263
-3.101 -1 -2.668 -1 -2.858 -1 -3.25 -1 139
-3.054 -1 -2.638 -1 -2.948 -1 -3.336 -1 269
-3.142 -1 -2.708 -1 -2.882 -1 -3.184 -1 139
-3.033 -1 -2.624 -1 -2.89 -1 -3.208 -1 185
-3.049 -1 -2.638 -1 -2.68 -1 -3.142 -1 35
-2.911 -1 -2.55 -1 -2.572 -1 -3.044 -1 20
-2.808 -1 -2.488 -1 -2.502 -1 -2.986 -1 9
-2.744 -1 -2.45 -1 -2.71 -1 -3.136 -1 158
-2.923 -1 -2.564 -1 -2.894 -1 -3.224 -1 268
-3.059 -1 -2.612 -1 -2.978 -1 -3.276 -1 269
-3.127 -1 -2.658 -1 -2.908 -1 -3.204 -1 241
-3.056 -1 -2.652 -1 -2.76 -1 -3.114 -1 78
-2.937 -1 -2.562 -1 -2.85 -1 -3.252 -1 219
-3.051 -1 -2.63 -1 -2.738 -1 -3.188 -1 68
-2.963 -1 -2.55 -1 -2.796 -1 -3.152 -1 198
-2.974 -1 -2.556 -1 -2.83 -1 -3.208 -1 202
-3.019 -1 -2.564 -1 -2.806 -1 -3.218 -1 175
-3.012 -1 -2.62 -1 -2.842 -1 -3.152 -1 169
-2.997 -1 -2.576 -1 -2.638 -1 -3.07 -1 48
-2.854 -1 -2.496 -1 -2.604 -1 -3.072 -1 74
-2.838 -1 -2.482 -1 -2.636 -1 -3.092 -1 111
-2.864 -1 -2.508 -1 -2.804 -1 -3.176 -2 295
-2.99 -1 -2.61 -1 -2.98 -1 -3.226 -1 271
-3.103 -1 -2.642 -1 -2.994 -1 -3.298 -1 289
-3.146 -1 -2.722 -1 -2.964 -1 -3.252 -1 181
-3.108 -1 -2.69 -1 -2.958 -1 -3.256 -1 236
-3.107 -1 -2.698 -1 -3.044 -1 -3.294 -1 263
-3.169 -1 -2.69 -1 -2.81 -1 -3.194 -1 109
-3.002 -1 -2.606 -1 -2.628 -1 -3.11 -1 23
-2.869 -1 -2.5 -1 -2.822 -1 -3.234 -1 256
-3.028 -1 -2.58 -1 -2.938 -1 -3.296 -1 277
-3.117 -1 -2.682 -1 -2.9 -1 -3.222 -1 208
-3.061 -1 -2.648 -1 -2.778 -1 -3.168 -1 94
-2.973 -1 -2.618 -1 -2.816 -1 -3.164 -1 153
-2.99 -1 -2.572 -1 -2.808 -1 -3.16 -1 183
-2.984 -1 -2.6 -1 -2.886 -1 -3.24 -2 266
-3.063 -1 -2.676 -1 -2.992 -1 -3.288 -1 239
-3.14 -1 -2.71 -1 -2.76 -1 -3.17 -1 57
-2.965 -1 -2.592 -1 -2.762 -1 -3.194 -1 95
-2.978 -1 -2.626 -1 -2.72 -1 -3.132 -1 61
-2.926 -1 -2.532 -1 -2.774 -1 -3.104 -1 204
-2.939 -1 -2.57 -1 -2.84 -1 -3.25 -1 208
-3.045 -1 -2.65 -1 -2.966 -1 -3.29 -1 202
-3.128 -1 -2.754 -1 -3.054 -1 -3.324 -1 292
-3.189 -1 -2.734 -1 -2.826 -1 -3.276 -1 112
-3.051 -1 -2.676 -1 -2.822 -1 -3.212 -1 133
-3.017 -1 -2.654 -1 -2.908 -1 -3.202 -1 219
-3.055 -1 -2.582 -1 -2.926 -1 -3.248 -1 275
-3.087 -1 -2.668 -1 -2.876 -1 -3.25 -1 167
-3.063 -1 -2.674 -1 -2.756 -1 -3.158 -1 47
-2.957 -1 -2.584 -1 -2.878 -1 -3.334 -1 275
-3.106 -1 -2.682 -1 -2.682 -1 -3.104 -1 0
-2.893 -1 -2.526 -1 -2.934 -1 -3.238 -1 265
-3.086 -1 -2.66 -1 -2.93 -1 -3.3 -1 228
-3.115 -1 -2.684 -1 -2.746 -1 -3.154 -1 42
-2.95 -1 -2.586 -1 -2.622 -1 -3.128 -1 37
-2.875 -1 -2.49 -1 -2.494 -1 -2.972 -1 4
-2.733 -1 -2.4 -1 -2.682 -1 -3.09 -1 196
-2.886 -1 -2.48 -1 -2.738 -1 -3.144 -1 199
-2.941 -1 -2.508 -1 -2.624 -1 -3.082 -1 68
-2.853 -1 -2.5 -1 -2.782 -1 -3.148 -1 195
-2.965 -1 -2.552 -1 -2.724 -1 -3.174 -1 129
-2.949 -1 -2.55 -1 -2.628 -1 -3.068 -1 67
-2.848 -1 -2.5 -1 -2.566 -1 -3.028 -1 38
-2.797 -1 -2.472 -1 -2.876 -1 -3.244 -1 295
-3.06 -1 -2.62 -1 -2.818 -1 -3.172 -1 153
-2.995 -1 -2.556 -1 -2.678 -1 -3.05 -1 75
-2.864 -1 -2.44 -1 -2.79 -1 -3.18 -1 295
-2.985 -1 -2.556 -1 -2.884 -1 -3.282 -1 279
-3.083 -1 -2.69 -1 -2.8 -1 -3.15 -1 46
-2.975 -1 -2.588 -1 -2.62 -1 -3.082 -1 27
-2.851 -1 -2.474 -1 -2.514 -1 -2.984 -1 39
-2.749 -1 -2.404 -1 -2.798 -1 -3.17 -1 249
-2.984 -1 -2.538 -1 -2.616 -1 -3.064 -1 46
-2.84 -1 -2.448 -1 -2.45 -1 -2.992 -1 1
-2.721 -1 -2.392 -1 -2.53 -1 -3.008 -1 74
-2.769 -1 -2.422 -1 -2.784 -1 -3.11 -1 263
-2.947 -1 -2.508 -1 -2.812 -1 -3.156 -1 212
-2.984 -1 -2.56 -1 -2.634 -1 -3.018 -1 53
-2.826 -1 -2.446 -1 -2.45 -1 -2.932 -1 3
-2.691 -1 -2.352 -1 -2.588 -1 -3.086 -1 151
-2.837 -1 -2.45 -1 -2.558 -1 -2.984 -1 57
-2.771 -1 -2.374 -1 -2.43 -1 -2.932 -1 30
-2.681 -1 -2.314 -1 -2.504 -1 -3.016 -1 119
-2.76 -1 -2.394 -1 -2.422 -1 -2.934 -1 15
-2.678 -1 -2.332 -1 -2.372 -1 -2.834 -1 21
-2.603 -1 -2.29 -1 -2.36 -1 -2.862 -1 42
-2.611 -1 -2.258 -1 -2.504 -1 -2.922 -1 143
-2.713 -1 -2.33 -1 -2.364 -1 -2.794 -1 29
-2.579 -1 -2.232 -1 -2.592 -1 -2.998 -1 216
-2.795 -1 -2.352 -1 -2.556 -1 -2.982 -1 145
-2.769 -1 -2.374 -1 -2.564 -1 -2.898 -1 120
-2.731 -1 -2.302 -1 -2.526 -1 -2.972 -1 109
-2.749 -1 -2.362 -1 -2.562 -1 -2.948 -1 115
-2.755 -1 -2.372 -1 -2.396 -1 -2.738 -1 12
-2.567 -1 -2.206 -1 -2.5 -1 -2.906 -1 149
-2.703 -1 -2.272 -1 -2.522 -1 -2.962 -1 144
-2.742 -1 -2.332 -1 -2.424 -1 -2.842 -1 51
-2.633 -1 -2.254 -1 -2.508 -1 -3.004 -1 150
-2.756 -1 -2.346 -1 -2.786 -1 -3.158 -1 270
-2.972 -1 -2.544 -1 -2.812 -1 -3.162 -1 188
-2.987 -1 -2.524 -1 -2.696 -1 -3.088 -1 126
-2.892 -1 -2.474 -1 -2.822 -1 -3.08 -1 262
-2.951 -1 -2.504 -1 -2.548 -1 -3.008 -1 21
-2.778 -1 -2.41 -1 -2.776 -1 -3.138 -1 243
-2.957 -1 -2.514 -1 -2.89 -1 -3.204 -1 233
-3.047 -1 -2.594 -1 -2.94 -1 -3.24 -1 277
-3.09 -1 -2.638 -1 -2.64 -1 -2.988 -1 2
-2.814 -1 -2.472 -1 -2.57 -1 -3.028 -1 57
-2.799 -1 -2.404 -1 -2.562 -1 -2.996 -1 100
-2.779 -1 -2.398 -1 -2.458 -1 -2.864 -1 33
-2.661 -1 -2.312 -1 -2.376 -1 -2.836 -1 23
-2.606 -1 -2.28 -1 -2.42 -1 -2.858 -1 81
-2.639 -1 -2.288 -1 -2.506 -1 -2.886 -1 135
-2.696 -1 -2.294 -1 -2.654 -1 -3.08 -1 239
-2.867 -1 -2.438 -1 -2.788 -1 -3.168 -1 188
-2.978 -1 -2.518 -1 -2.654 -1 -3.052 -1 89
-2.853 -1 -2.476 -1 -2.552 -1 -2.978 -1 52
-2.765 -1 -2.372 -1 -2.824 -1 -3.078 -1 298
-2.951 -1 -2.484 -1 -2.652 -1 -2.966 -1 142
-2.809 -1 -2.426 -1 -2.456 -1 -2.934 -1 17
-2.695 -1 -2.36 -1 -2.596 -1 -2.986 -1 183
-2.791 -1 -2.37 -1 -2.464 -1 -2.9 -1 81
-2.682 -1 -2.352 -1 -2.79 -1 -3.096 -1 281
-2.943 -1 -2.51 -1 -2.788 -1 -3.082 -1 188
-2.935 -1 -2.488 -1 -2.814 -1 -3.2 -1 227
-3.007 -1 -2.56 -1 -2.93 -1 -3.23 -1 290
-3.08 -1 -2.622 -1 -2.68 -1 -3.06 -1 44
-2.87 -1 -2.468 -1 -2.614 -1 -3.006 -1 98
-2.81 -1 -2.426 -1 -2.624 -1 -3.032 -1 120
-2.828 -1 -2.426 -1 -2.438 -1 -2.898 -1 9
-2.668 -1 -2.324 -1 -2.534 -1 -2.986 -1 117
-2.76 -1 -2.334 -1 -2.74 -1 -3.076 -1 279
-2.908 -1 -2.46 -1 -2.816 -1 -3.154 -1 278
-2.985 -1 -2.506 -1 -2.708 -1 -3.062 -1 115
-2.885 -1 -2.478 -1 -2.624 -1 -3.054 -1 89
-2.839 -1 -2.424 -1 -2.736 -1 -3.03 -1 249
-2.883 -1 -2.484 -1 -2.624 -1 -2.996 -1 108
-2.81 -1 -2.45 -1 -2.536 -1 -2.968 -1 45
-2.752 -1 -2.42 -1 -2.46 -1 -2.894 -1 20
-2.677 -1 -2.376 -1 -2.536 -1 -2.896 -1 99
-2.716 -1 -2.34 -1 -2.708 -1 -3.028 -1 237
-2.868 -1 -2.45 -1 -2.82 -1 -3.162 -1 285
-2.991 -1 -2.496 -1 -2.528 -1 -2.906 -1 22
-2.717 -1 -2.328 -1 -2.562 -1 -2.974 -1 140
-2.768 -1 -2.374 -1 -2.388 -1 -2.798 -1 9
-2.593 -1 -2.24 -1 -2.63 -1 -2.97 -1 224
-2.8 -1 -2.366 -1 -2.642 -1 -3.046 -1 185
-2.844 -1 -2.456 -1 -2.554 -1 -2.958 -1 57
-2.756 -1 -2.31 -1 -2.398 -1 -2.842 -1 44
-2.62 -1 -2.288 -1 -2.474 -1 -2.92 -1 123
-2.697 -1 -2.298 -1 -2.506 -1 -2.936 -1 100
-2.721 -1 -2.336 -1 -2.352 -1 -2.782 -1 21
-2.567 -1 -2.218 -1 -2.624 -1 -2.956 -1 245
-2.79 -1 -2.346 -1 -2.69 -1 -3.05 -1 229
-2.87 -1 -2.408 -1 -2.796 -1 -3.138 -1 257
-2.967 -1 -2.55 -1 -2.8 -1 -3.16 -1 202
-2.98 -1 -2.544 -1 -2.698 -1 -3.09 -1 103
-2.894 -1 -2.478 -1 -2.604 -1 -2.942 -1 78
-2.773 -1 -2.382 -1 -2.754 -1 -3.074 -1 253
-2.914 -1 -2.458 -1 -2.534 -1 -2.976 -1 66
-2.755 -1 -2.348 -1 -2.604 -1 -2.98 -1 169
-2.792 -1 -2.382 -1 -2.806 -1 -3.076 -1 271
-2.941 -1 -2.484 -1 -2.746 -1 -3.114 -1 174
-2.93 -1 -2.44 -1 -2.574 -1 -2.94 -1 95
-2.757 -1 -2.366 -1 -2.602 -1 -2.97 -1 142
-2.786 -1 -2.39 -1 -2.734 -1 -3.092 -1 243
-2.913 -1 -2.476 -1 -2.65 -1 -3.08 -1 133
-2.865 -1 -2.456 -1 -2.796 -1 -3.104 -1 268
-2.95 -1 -2.526 -1 -2.828 -1 -3.09 -1 202
-2.959 -1 -2.524 -1 -2.584 -1 -2.968 -1 43
-2.776 -1 -2.41 -1 -2.542 -1 -2.964 -1 59
-2.753 -1 -2.392 -1 -2.554 -1 -2.968 -1 98
-2.761 -1 -2.374 -1 -2.518 -1 -2.926 -1 85
-2.722 -1 -2.304 -1 -2.574 -1 -2.914 -1 173
-2.744 -1 -2.352 -1 -2.604 -1 -2.966 -1 172
-2.785 -1 -2.388 -1 -2.802 -1 -3.1 -1 290
-2.951 -1 -2.496 -1 -2.66 -1 -2.992 -1 134
-2.826 -1 -2.41 -1 -2.748 -1 -3.15 -1 243
-2.949 -1 -2.496 -1 -2.776 -1 -3.11 -1 218
-2.943 -1 -2.488 -1 -2.812 -1 -3.188 -1 245
-3 -1 -2.53 -1 -2.65 -1 -2.974 -1 64
-2.812 -1 -2.39 -1 -2.64 -1 -2.97 -1 169
-2.805 -1 -2.38 -1 -2.476 -1 -2.882 -1 58
-2.679 -1 -2.316 -1 -2.442 -1 -2.846 -1 88
-2.644 -1 -2.242 -1 -2.246 -1 -2.728 -1 2
-2.487 -1 -2.154 -1 -2.25 -1 -2.728 -1 60
-2.489 -1 -2.11 -1 -2.52 -1 -2.898 -1 212
-2.709 -1 -2.24 -1 -2.648 -1 -3.044 -1 295
-2.846 -1 -2.372 -1 -2.664 -1 -2.938 -1 180
-2.801 -1 -2.316 -1 -2.562 -1 -2.874 -1 128
-2.718 -1 -2.32 -1 -2.51 -1 -2.934 -1 123
-2.722 -1 -2.354 -1 -2.6 -1 -2.958 -1 158
-2.779 -1 -2.348 -1 -2.648 -1 -2.94 -1 197
-2.794 -1 -2.38 -1 -2.408 -1 -2.822 -1 21
-2.615 -1 -2.184 -1 -2.626 -1 -2.926 -1 271
-2.776 -1 -2.32 -1 -2.43 -1 -2.868 -1 83
-2.649 -1 -2.25 -1 -2.364 -1 -2.738 -1 60
-2.551 -1 -2.18 -1 -2.414 -1 -2.718 -1 107
-2.566 -1 -2.146 -1 -2.154 -1 -2.586 -1 4
-2.37 -1 -2.03 -1 -2.378 -1 -2.682 -1 168
-2.53 -1 -2.1 -1 -2.556 -1 -2.846 -1 242
-2.701 -1 -2.254 -1 -2.484 -1 -2.82 -1 113
-2.652 -1 -2.22 -1 -2.602 -1 -2.904 -1 230
-2.753 -1 -2.258 -1 -2.426 -1 -2.75 -1 115
-2.588 -1 -2.174 -1 -2.368 -1 -2.724 -1 138
-2.546 -1 -2.182 -1 -2.36 -1 -2.748 -1 110
-2.554 -1 -2.146 -1 -2.284 -1 -2.58 -1 61
-2.432 -1 -2.022 -1 -2.252 -1 -2.562 -1 108
-2.407 -1 -1.966 -1 -2.264 -1 -2.59 -1 139
-2.427 -1 -1.98 -1 -2.25 -1 -2.636 -1 120
-2.443 -1 -1.97 -1 -2.528 -1 -2.826 -1 293
-2.677 -1 -2.162 -1 -2.426 -1 -2.714 -1 170
-2.57 -1 -2.11 -1 -2.172 -1 -2.522 -1 29
-2.347 -1 -1.924 -1 -2 -1 -2.424 -1 26
-2.212 -1 -1.826 -1 -2.064 -1 -2.376 -1 93
-2.22 -1 -1.784 -1 -1.846 -1 -2.196 -1 23
-2.021 -1 -1.632 -1 -1.914 -1 -2.276 -1 137
-2.095 -1 -1.664 -1 -2.03 -1 -2.354 -1 131
-2.192 -1 -1.71 -1 -2.142 -1 -2.426 -1 169
-2.284 -1 -1.808 -1 -2.08 -1 -2.468 -1 116
-2.274 -1 -1.824 -1 -2.284 -1 -2.572 -1 202
-2.428 -1 -1.936 -1 -2.358 -1 -2.68 -1 201
-2.519 -1 -2.054 -1 -2.504 -1 -2.716 -1 261
-2.61 -1 -2.118 -1 -2.662 -1 -2.904 -1 254
-2.783 -1 -2.25 -1 -2.542 -1 -2.754 -1 178
-2.648 -1 -2.162 -1 -2.478 -1 -2.714 -1 179
-2.596 -1 -2.124 -1 -2.42 -1 -2.718 -1 126
-2.569 -1 -2.148 -1 -2.58 -1 -2.916 -1 250
-2.748 -1 -2.308 -1 -2.382 -1 -2.684 -1 40
-2.533 -1 -2.138 -1 -2.614 -1 -2.892 -1 271
-2.753 -1 -2.264 -1 -2.648 -1 -2.91 -1 243
-2.779 -1 -2.354 -1 -2.538 -1 -2.798 -1 108
-2.668 -1 -2.24 -1 -2.614 -1 -2.878 -1 249
-2.746 -1 -2.246 -1 -2.374 -1 -2.688 -1 53
-2.531 -1 -2.126 -1 -2.258 -1 -2.606 -1 71
-2.432 -1 -2.022 -1 -2.154 -1 -2.584 -1 66
-2.369 -1 -1.914 -1 -2.52 -1 -2.818 -1 293
-2.669 -1 -2.184 -1 -2.536 -1 -2.838 -1 229
-2.687 -1 -2.206 -1 -2.34 -1 -2.636 -1 71
-2.488 -1 -2.072 -1 -2.49 -1 -2.756 -1 204
-2.623 -1 -2.138 -1 -2.144 -1 -2.478 -1 1
-2.311 -1 -1.888 -1 -2.396 -1 -2.738 -1 273
-2.567 -1 -2.104 -1 -2.196 -1 -2.544 -1 55
-2.37 -1 -1.912 -1 -2.272 -1 -2.584 -1 193
-2.428 -1 -1.946 -1 -2.47 -1 -2.686 -1 233
-2.578 -1 -2.034 -1 -2.39 -1 -2.654 -1 227
-2.522 -1 -2.004 -1 -2.154 -1 -2.414 -1 66
-2.284 -1 -1.802 -1 -2.41 -1 -2.716 -1 287
-2.563 -1 -2.048 -1 -2.102 -1 -2.4 -1 36
-2.251 -1 -1.82 -1 -1.842 -1 -2.15 -1 10
-1.996 -1 -1.618 -1 -2.084 -1 -2.352 -1 215
-2.218 -1 -1.764 -1 -2.1 -1 -2.392 -1 157
-2.246 -1 -1.74 -1 -1.944 -1 -2.246 -1 90
-2.095 -1 -1.652 -1 -2.104 -1 -2.318 -1 184
-2.211 -1 -1.738 -1 -2.168 -1 -2.442 -1 171
-2.305 -1 -1.78 -1 -2.274 -1 -2.528 -1 233
-2.401 -1 -1.892 -1 -2.092 -1 -2.36 -1 81
-2.226 -1 -1.722 -1 -1.856 -1 -2.17 -1 47
-2.013 -1 -1.596 -1 -2.016 -1 -2.296 -1 187
-2.156 -1 -1.656 -1 -1.77 -1 -2.008 -1 44
-1.889 -1 -1.506 -1 -2.178 -1 -2.406 -1 261
-2.292 -1 -1.742 -1 -2.17 -1 -2.474 -1 183
-2.322 -1 -1.792 -1 -1.824 -1 -2.078 -1 8
-1.951 -1 -1.552 -1 -1.92 -1 -2.156 -1 144
-2.038 -1 -1.582 -1 -1.65 -1 -1.902 -1 20
-1.776 -1 -1.424 -1 -1.854 -1 -2.088 -1 158
-1.971 -1 -1.454 -1 -2.094 -1 -2.326 -1 288
-2.21 -1 -1.682 -1 -1.932 -1 -2.202 -1 110
-2.067 -1 -1.576 -1 -1.71 -1 -1.972 -1 46
-1.841 -1 -1.416 -1 -1.75 -1 -2.004 -1 127
-1.877 -1 -1.41 -1 -1.478 -1 -1.684 -1 20
-1.581 -1 -1.244 -1 -1.43 -1 -1.666 -1 75
-1.548 -1 -1.222 -1 -1.562 -1 -1.776 -1 126
-1.669 -1 -1.268 -1 -1.556 -1 -1.72 -1 81
-1.638 -1 -1.252 -1 -1.46 -1 -1.626 -1 65
-1.543 -1 -1.23 -1 -1.438 -1 -1.634 -1 62
-1.536 -1 -1.216 -1 -1.848 -1 -2.016 -1 204
-1.932 -1 -1.452 -1 -2.116 -1 -2.31 -1 268
-2.213 -1 -1.664 -1 -2.244 -1 -2.434 -1 230
-2.339 -1 -1.796 -1 -1.868 -1 -2.094 -1 25
-1.981 -1 -1.564 -1 -1.824 -1 -2.042 -1 99
-1.933 -1 -1.492 -1 -2.03 -1 -2.248 -1 194
-2.139 -1 -1.638 -1 -2.02 -1 -2.234 -1 151
-2.127 -1 -1.672 -1 -2.222 -1 -2.506 -1 253
-2.364 -1 -1.854 -1 -1.93 -1 -2.176 -1 41
-2.053 -1 -1.614 -1 -2.272 -1 -2.546 -1 292
-2.409 -1 -1.866 -1 -2.332 -1 -2.578 -1 223
-2.455 -1 -1.864 -1 -2.3 -1 -2.52 -1 206
-2.41 -1 -1.876 -1 -2.412 -1 -2.676 -1 247
-2.544 -1 -2.032 -1 -2.142 -1 -2.426 -1 58
-2.284 -1 -1.794 -1 -2.424 -1 -2.664 -1 275
-2.544 -1 -1.994 -1 -2.33 -1 -2.612 -1 142
-2.471 -1 -1.948 -1 -2.04 -1 -2.382 -1 40
-2.211 -1 -1.756 -1 -1.86 -1 -2.172 -1 48
-2.016 -1 -1.598 -1 -2.076 -1 -2.31 -1 220
-2.193 -1 -1.68 -1 -2.274 -1 -2.506 -1 275
-2.39 -1 -1.856 -1 -2.244 -1 -2.522 -1 186
-2.383 -1 -1.916 -1 -2.072 -1 -2.362 -1 73
-2.217 -1 -1.758 -1 -2.36 -1 -2.614 -1 279
-2.487 -1 -1.998 -1 -2.268 -1 -2.556 -1 126
-2.412 -1 -1.928 -1 -2.33 -1 -2.588 -1 176
-2.459 -1 -1.954 -1 -2.48 -1 -2.724 -1 250
-2.602 -1 -2.026 -1 -2.27 -1 -2.568 -1 111
-2.419 -1 -1.938 -1 -2.13 -1 -2.38 -1 81
-2.255 -1 -1.798 -1 -1.798 -1 -2.036 -1 0
-1.917 -1 -1.514 -1 -2.086 -1 -2.328 -1 230
-2.207 -1 -1.676 -1 -2.284 -1 -2.492 -1 297
-2.388 -1 -1.886 -1 -2.204 -1 -2.462 -1 173
-2.333 -1 -1.762 -1 -1.918 -1 -2.172 -1 68
-2.045 -1 -1.624 -1 -2.18 -1 -2.48 -1 252
-2.33 -1 -1.782 -1 -2.338 -1 -2.596 -1 272
-2.467 -1 -1.946 -1 -2.25 -1 -2.498 -1 129
-2.374 -1 -1.888 -1 -2.046 -1 -2.3 -1 73
-2.173 -1 -1.704 -1 -2.058 -1 -2.3 -1 152
-2.179 -1 -1.674 -1 -1.792 -1 -2.082 -1 46
-1.937 -1 -1.506 -1 -2.084 -1 -2.328 -1 230
-2.206 -1 -1.654 -1 -2.076 -1 -2.358 -1 147
-2.217 -1 -1.676 -1 -1.934 -1 -2.208 -1 105
-2.071 -1 -1.622 -1 -2.22 -1 -2.48 -1 278
-2.35 -1 -1.79 -1 -2.058 -1 -2.358 -1 95
-2.208 -1 -1.722 -1 -1.992 -1 -2.222 -1 103
-2.107 -1 -1.666 -1 -1.786 -1 -1.972 -1 41
-1.879 -1 -1.454 -1 -1.916 -1 -2.136 -1 157
-2.026 -1 -1.544 -1 -2.256 -1 -2.434 -1 281
-2.345 -1 -1.804 -1 -2.032 -1 -2.25 -1 112
-2.141 -1 -1.656 -1 -1.758 -1 -2.042 -1 47
-1.9 -1 -1.486 -1 -1.882 -1 -2.104 -1 142
-1.993 -1 -1.52 -1 -2.164 -1 -2.414 -1 268
-2.289 -1 -1.81 -1 -2.004 -1 -2.18 -1 92
-2.092 -1 -1.61 -1 -1.822 -1 -2.076 -1 88
-1.949 -1 -1.484 -1 -2.096 -1 -2.288 -1 215
-2.192 -1 -1.674 -1 -2.164 -1 -2.42 -1 227
-2.292 -1 -1.794 -1 -1.828 -1 -2.076 -1 14
-1.952 -1 -1.522 -1 -1.696 -1 -1.968 -1 65
-1.832 -1 -1.424 -1 -1.906 -1 -2.118 -1 177
-2.012 -1 -1.514 -1 -2.15 -1 -2.376 -1 249
-2.263 -1 -1.65 -1 -2.218 -1 -2.424 -1 228
-2.321 -1 -1.758 -1 -2.244 -1 -2.512 -1 231
-2.378 -1 -1.798 -1 -2.278 -1 -2.522 -1 240
-2.4 -1 -1.838 -1 -1.89 -1 -2.126 -1 22
-2.008 -1 -1.55 -1 -2.172 -1 -2.396 -1 237
-2.284 -1 -1.744 -1 -1.978 -1 -2.196 -1 114
-2.087 -1 -1.596 -1 -1.776 -1 -2.002 -1 64
-1.889 -1 -1.458 -1 -1.802 -1 -2.052 -1 136
-1.927 -1 -1.458 -1 -1.65 -1 -1.874 -1 76
-1.762 -1 -1.376 -1 -1.756 -1 -1.99 -1 126
-1.873 -1 -1.408 -1 -1.842 -1 -2.064 -1 150
-1.953 -1 -1.478 -1 -2.078 -1 -2.32 -1 268
-2.199 -1 -1.666 -1 -2.15 -1 -2.334 -1 175
-2.242 -1 -1.724 -1 -2.062 -1 -2.22 -1 126
-2.141 -1 -1.574 -1 -2.092 -1 -2.316 -1 221
-2.204 -1 -1.68 -1 -2.076 -1 -2.306 -1 192
-2.191 -1 -1.662 -1 -2.162 -1 -2.402 -1 208
-2.282 -1 -1.788 -1 -1.902 -1 -2.164 -1 71
-2.033 -1 -1.518 -1 -1.718 -1 -1.938 -1 70
-1.828 -1 -1.428 -1 -1.476 -1 -1.642 -1 18
-1.559 -1 -1.268 -1 -1.664 -1 -1.866 -1 129
-1.765 -1 -1.36 -1 -1.542 -1 -1.74 -1 70
-1.641 -1 -1.284 -1 -2.102 -1 -2.334 -1 262
-2.218 -1 -1.646 -1 -2.172 -1 -2.384 -1 219
-2.278 -1 -1.712 -1 -2.252 -1 -2.446 -1 231
-2.349 -1 -1.792 -1 -2.096 -1 -2.326 -1 138
-2.211 -1 -1.694 -1 -1.76 -1 -2.036 -1 25
-1.898 -1 -1.46 -1 -2.202 -1 -2.45 -1 282
-2.326 -1 -1.77 -1 -2.148 -1 -2.348 -1 166
-2.248 -1 -1.748 -1 -1.78 -1 -1.996 -1 17
-1.888 -1 -1.492 -1 -2.16 -1 -2.386 -1 231
-2.273 -1 -1.684 -1 -2.26 -1 -2.494 -1 271
-2.377 -1 -1.828 -1 -1.834 -1 -2.1 -1 2
-1.967 -1 -1.538 -1 -2.162 -1 -2.406 -1 243
-2.284 -1 -1.748 -1 -2.146 -1 -2.356 -1 180
-2.251 -1 -1.722 -1 -2.128 -1 -2.384 -1 172
-2.256 -1 -1.736 -1 -2.116 -1 -2.376 -1 174
-2.246 -1 -1.756 -1 -2.036 -1 -2.276 -1 102
-2.156 -1 -1.652 -1 -2.262 -1 -2.486 -1 271
-2.374 -1 -1.874 -1 -1.912 -1 -2.156 -1 21
-2.034 -1 -1.554 -1 -2.02 -1 -2.266 -1 201
-2.143 -1 -1.648 -1 -2.022 -1 -2.288 -1 142
-2.155 -1 -1.654 -1 -2.028 -1 -2.284 -1 164
-2.156 -1 -1.642 -1 -1.896 -1 -2.178 -1 109
-2.037 -1 -1.564 -1 -1.958 -1 -2.248 -1 168
-2.103 -1 -1.63 -1 -1.79 -1 -2 -1 60
-1.895 -1 -1.492 -1 -1.786 -1 -2 -1 109
-1.893 -1 -1.468 -1 -1.838 -1 -2.11 -1 145
-1.974 -1 -1.48 -1 -1.794 -1 -2.032 -1 102
-1.913 -1 -1.44 -1 -1.51 -1 -1.724 -1 22
-1.617 -1 -1.262 -1 -1.852 -1 -2.03 -1 179
-1.941 -1 -1.476 -1 -1.844 -1 -1.98 -1 124
-1.912 -1 -1.372 -1 -2.082 -1 -2.256 -1 268
-2.169 -1 -1.592 -1 -2.048 -1 -2.244 -1 194
-2.146 -1 -1.666 -1 -2.32 -1 -2.556 -1 273
-2.438 -1 -1.838 -1 -2.226 -1 -2.496 -1 181
-2.361 -1 -1.836 -1 -2.172 -1 -2.46 -1 145
-2.316 -1 -1.82 -1 -2.078 -1 -2.312 -1 119
-2.195 -1 -1.772 -1 -2.016 -1 -2.242 -1 78
-2.129 -1 -1.652 -1 -1.868 -1 -2.114 -1 95
-1.991 -1 -1.538 -1 -2.096 -1 -2.374 -1 225
-2.235 -1 -1.702 -1 -1.912 -1 -2.17 -1 72
-2.041 -1 -1.592 -1 -2.014 -1 -2.258 -1 173
-2.136 -1 -1.612 -1 -2.078 -1 -2.316 -1 177
-2.197 -1 -1.648 -1 -2.094 -1 -2.32 -1 170
-2.207 -1 -1.682 -1 -1.826 -1 -2.066 -1 60
-1.946 -1 -1.492 -1 -1.988 -1 -2.19 -1 208
-2.089 -1 -1.618 -1 -2.236 -1 -2.464 -1 298
-2.35 -1 -1.814 -1 -2.426 -1 -2.672 -1 284
-2.549 -1 -1.998 -1 -2.064 -1 -2.356 -1 31
-2.21 -1 -1.76 -1 -2.316 -1 -2.586 -1 241
-2.451 -1 -1.92 -1 -2.418 -1 -2.636 -1 235
-2.527 -1 -2.052 -1 -2.486 -1 -2.668 -1 265
-2.577 -1 -2.106 -1 -2.476 -1 -2.78 -1 224
-2.628 -1 -2.098 -1 -2.32 -1 -2.574 -1 120
-2.447 -1 -1.97 -1 -2.374 -1 -2.612 -1 220
-2.493 -1 -1.978 -1 -2.414 -1 -2.66 -1 200
-2.537 -1 -2.006 -1 -2.282 -1 -2.62 -1 130
-2.451 -1 -1.97 -1 -2.162 -1 -2.444 -1 108
-2.303 -1 -1.876 -1 -1.896 -1 -2.23 -1 13
-2.063 -1 -1.63 -1 -2.162 -1 -2.352 -1 222
-2.257 -1 -1.708 -1 -1.892 -1 -2.156 -1 70
-2.024 -1 -1.564 -1 -1.592 -1 -1.806 -1 7
-1.699 -1 -1.36 -1 -1.65 -1 -1.882 -1 96
-1.766 -1 -1.342 -1 -1.39 -1 -1.64 -1 20
-1.515 -1 -1.236 -1 -1.674 -1 -1.84 -1 138
-1.757 -1 -1.328 -1 -2.066 -1 -2.374 -1 289
-2.22 -1 -1.616 -1 -2.078 -1 -2.344 -1 189
-2.211 -1 -1.702 -1 -1.84 -1 -2.032 -1 55
-1.936 -1 -1.452 -1 -1.926 -1 -2.234 -1 177
-2.08 -1 -1.56 -1 -1.734 -1 -1.938 -1 75
-1.836 -1 -1.428 -1 -1.982 -1 -2.212 -1 208
-2.097 -1 -1.61 -1 -1.804 -1 -2.042 -1 72
-1.923 -1 -1.466 -1 -1.682 -1 -1.93 -1 90
-1.806 -1 -1.418 -1 -1.604 -1 -1.848 -1 63
-1.726 -1 -1.318 -1 -2.138 -1 -2.37 -1 298
-2.254 -1 -1.658 -1 -1.712 -1 -1.942 -1 13
-1.827 -1 -1.422 -1 -1.908 -1 -2.088 -1 169
-1.998 -1 -1.446 -1 -1.542 -1 -1.714 -1 41
-1.628 -1 -1.298 -1 -1.838 -1 -2.06 -1 180
-1.949 -1 -1.434 -1 -2.076 -1 -2.326 -1 243
-2.201 -1 -1.674 -1 -1.738 -1 -1.912 -1 19
-1.825 -1 -1.418 -1 -1.866 -1 -2.004 -1 163
-1.935 -1 -1.486 -1 -1.854 -1 -2.122 -1 137
-1.988 -1 -1.514 -1 -2.042 -1 -2.334 -1 211
-2.188 -1 -1.658 -1 -2.342 -1 -2.63 -1 291
-2.486 -1 -1.886 -1 -2.134 -1 -2.382 -1 109
-2.258 -1 -1.778 -1 -2.246 -1 -2.448 -1 197
-2.347 -1 -1.82 -1 -1.838 -1 -2.088 -1 12
-1.963 -1 -1.556 -1 -1.974 -1 -2.236 -1 163
-2.105 -1 -1.632 -1 -1.73 -1 -1.956 -1 43
-1.843 -1 -1.44 -1 -1.796 -1 -2.088 -1 130
-1.942 -1 -1.496 -1 -2.04 -1 -2.268 -1 196
-2.154 -1 -1.584 -1 -1.79 -1 -2.03 -1 78
-1.91 -1 -1.474 -1 -1.72 -1 -1.928 -1 83
-1.824 -1 -1.384 -1 -1.776 -1 -2.028 -1 125
-1.902 -1 -1.442 -1 -1.466 -1 -1.672 -1 6
-1.569 -1 -1.218 -1 -1.218 -1 -1.406 -1 0
-1.312 -1 -1.128 -1 -2.012 -1 -2.186 -1 299
-2.099 -1 -1.588 -1 -1.85 -1 -2.06 -1 95
-1.955 -1 -1.482 -1 -2.028 -1 -2.206 -1 202
-2.117 -1 -1.554 -1 -2 -1 -2.222 -1 191
-2.111 -1 -1.596 -1 -2.238 -1 -2.452 -1 295
-2.345 -1 -1.804 -1 -2.034 -1 -2.276 -1 108
-2.155 -1 -1.646 -1 -1.738 -1 -1.954 -1 23
-1.846 -1 -1.454 -1 -1.72 -1 -1.918 -1 117
-1.819 -1 -1.408 -1 -1.412 -1 -1.598 -1 1
-1.505 -1 -1.226 -1 -1.68 -1 -1.872 -1 152
-1.776 -1 -1.334 -1 -2.098 -1 -2.29 -1 273
-2.194 -1 -1.624 -1 -1.664 -1 -1.848 -1 12
-1.756 -1 -1.358 -1 -1.498 -1 -1.644 -1 53
-1.571 -1 -1.228 -1 -1.988 -1 -2.166 -1 283
-2.077 -1 -1.532 -1 -1.77 -1 -2.018 -1 89
-1.894 -1 -1.476 -1 -1.636 -1 -1.812 -1 62
-1.724 -1 -1.324 -1 -1.688 -1 -1.836 -1 124
-1.762 -1 -1.358 -1 -1.626 -1 -1.824 -1 93
-1.725 -1 -1.314 -1 -2.128 -1 -2.33 -1 289
-2.229 -1 -1.7 -1 -2.09 -1 -2.35 -1 159
-2.22 -1 -1.702 -1 -1.962 -1 -2.19 -1 105
-2.076 -1 -1.572 -1 -1.698 -1 -1.932 -1 44
-1.815 -1 -1.426 -1 -1.732 -1 -1.936 -1 115
-1.834 -1 -1.41 -1 -1.622 -1 -1.83 -1 79
-1.726 -1 -1.306 -1 -1.746 -1 -1.948 -1 138
-1.847 -1 -1.382 -1 -1.658 -1 -1.826 -1 97
-1.742 -1 -1.318 -1 -1.904 -1 -2.116 -1 206
-2.01 -1 -1.498 -1 -1.852 -1 -2.008 -1 149
-1.93 -1 -1.442 -1 -1.724 -1 -1.956 -1 107
-1.84 -1 -1.408 -1 -1.462 -1 -1.638 -1 16
-1.55 -1 -1.198 -1 -1.44 -1 -1.62 -1 71
-1.53 -1 -1.18 -1 -1.448 -1 -1.584 -1 76
-1.516 -1 -1.206 -1 -2.08 -1 -2.238 -1 296
-2.159 -1 -1.544 -1 -2.116 -1 -2.316 -1 246
-2.216 -1 -1.648 -1 -1.704 -1 -1.91 -1 16
-1.807 -1 -1.412 -1 -1.784 -1 -1.998 -1 121
-1.891 -1 -1.434 -1 -1.884 -1 -2.198 -1 141
-2.041 -1 -1.506 -1 -1.968 -1 -2.242 -1 190
-2.105 -1 -1.56 -1 -1.98 -1 -2.268 -1 175
-2.124 -1 -1.604 -1 -1.776 -1 -1.942 -1 56
-1.859 -1 -1.462 -1 -2.06 -1 -2.322 -1 253
-2.191 -1 -1.658 -1 -1.826 -1 -2.056 -1 64
-1.941 -1 -1.516 -1 -2.174 -1 -2.364 -1 278
-2.269 -1 -1.712 -1 -2.354 -1 -2.632 -1 298
-2.493 -1 -1.942 -1 -2.478 -1 -2.686 -1 263
-2.582 -1 -2.048 -1 -2.474 -1 -2.736 -1 209
-2.605 -1 -2.082 -1 -2.114 -1 -2.424 -1 11
-2.269 -1 -1.782 -1 -2.114 -1 -2.362 -1 139
-2.238 -1 -1.768 -1 -2.028 -1 -2.274 -1 110
-2.151 -1 -1.696 -1 -1.726 -1 -2 -1 16
-1.863 -1 -1.512 -1 -1.814 -1 -2.052 -1 116
-1.933 -1 -1.494 -1 -2.118 -1 -2.38 -1 255
-2.249 -1 -1.754 -1 -1.916 -1 -2.17 -1 59
-2.043 -1 -1.584 -1 -2.052 -1 -2.286 -1 198
-2.169 -1 -1.646 -1 -1.692 -1 -1.916 -1 13
-1.804 -1 -1.424 -1 -1.55 -1 -1.792 -1 41
-1.671 -1 -1.326 -1 -2.036 -1 -2.242 -1 274
-2.139 -1 -1.582 -1 -1.956 -1 -2.144 -1 140
-2.05 -1 -1.53 -1 -1.77 -1 -2 -1 87
-1.885 -1 -1.44 -1 -2.056 -1 -2.306 -1 236
-2.181 -1 -1.636 -1 -2.128 -1 -2.35 -1 202
-2.239 -1 -1.684 -1 -1.982 -1 -2.146 -1 122
-2.064 -1 -1.578 -1 -1.828 -1 -2.036 -1 112
-1.932 -1 -1.502 -1 -2.112 -1 -2.338 -1 246
-2.225 -1 -1.716 -1 -2.15 -1 -2.284 -1 185
-2.217 -1 -1.682 -1 -2.052 -1 -2.284 -1 149
-2.168 -1 -1.662 -1 -1.922 -1 -2.196 -1 95
-2.059 -1 -1.58 -1 -1.946 -1 -2.212 -1 158
-2.079 -1 -1.588 -1 -1.602 -1 -1.822 -1 4
-1.712 -1 -1.346 -1 -2.058 -1 -2.324 -1 274
-2.191 -1 -1.628 -1 -2.222 -1 -2.424 -1 265
-2.323 -1 -1.784 -1 -2.086 -1 -2.366 -1 131
-2.226 -1 -1.666 -1 -2.056 -1 -2.27 -1 143
-2.163 -1 -1.68 -1 -1.786 -1 -2 -1 50
-1.893 -1 -1.476 -1 -2.154 -1 -2.36 -1 257
-2.257 -1 -1.676 -1 -1.866 -1 -2.156 -1 73
-2.011 -1 -1.564 -1 -1.94 -1 -2.192 -1 147
-2.066 -1 -1.576 -1 -2.246 -1 -2.498 -1 288
-2.372 -1 -1.79 -1 -2.226 -1 -2.45 -1 215
-2.338 -1 -1.81 -1 -2.148 -1 -2.39 -1 152
-2.269 -1 -1.778 -1 -2.358 -1 -2.608 -1 240
-2.483 -1 -1.944 -1 -2.444 -1 -2.728 -1 281
-2.586 -1 -2.024 -1 -2.112 -1 -2.47 -1 41
-2.291 -1 -1.836 -1 -2.32 -1 -2.548 -1 219
-2.434 -1 -1.894 -1 -2.034 -1 -2.318 -1 63
-2.176 -1 -1.732 -1 -2.228 -1 -2.486 -1 204
-2.357 -1 -1.846 -1 -2.22 -1 -2.436 -1 161
-2.328 -1 -1.814 -1 -2.046 -1 -2.306 -1 117
-2.176 -1 -1.75 -1 -2.052 -1 -2.268 -1 134
-2.16 -1 -1.72 -1 -1.958 -1 -2.282 -1 92
-2.12 -1 -1.632 -1 -1.776 -1 -2.022 -1 58
-1.899 -1 -1.51 -1 -1.812 -1 -2.076 -1 130
-1.944 -1 -1.484 -1 -2.172 -1 -2.474 -1 298
-2.323 -1 -1.79 -1 -1.844 -1 -2.018 -1 24
-1.931 -1 -1.526 -1 -1.786 -1 -2.016 -1 111
-1.901 -1 -1.476 -1 -1.714 -1 -1.888 -1 86
-1.801 -1 -1.408 -1 -2.142 -1 -2.356 -1 268
-2.249 -1 -1.698 -1 -2.152 -1 -2.462 -1 193
-2.307 -1 -1.78 -1 -2.054 -1 -2.244 -1 118
-2.149 -1 -1.672 -1 -1.684 -1 -1.936 -1 3
-1.81 -1 -1.432 -1 -1.554 -1 -1.788 -1 37
-1.671 -1 -1.318 -1 -2.054 -1 -2.284 -1 297
-2.169 -1 -1.618 -1 -2.258 -1 -2.506 -1 298
-2.382 -1 -1.836 -1 -2.14 -1 -2.334 -1 156
-2.237 -1 -1.746 -1 -2.098 -1 -2.336 -1 156
-2.217 -1 -1.702 -1 -1.866 -1 -2.126 -1 65
-1.996 -1 -1.564 -1 -2.052 -1 -2.35 -1 204
-2.201 -1 -1.686 -1 -1.918 -1 -2.126 -1 103
-2.022 -1 -1.554 -1 -2.034 -1 -2.276 -1 199
-2.155 -1 -1.62 -1 -2.18 -1 -2.45 -1 244
-2.315 -1 -1.794 -1 -1.87 -1 -2.192 -1 32
-2.031 -1 -1.614 -1 -1.914 -1 -2.164 -1 130
-2.039 -1 -1.52 -1 -2.134 -1 -2.386 -1 243
-2.26 -1 -1.726 -1 -2.098 -1 -2.388 -1 163
-2.243 -1 -1.688 -1 -1.91 -1 -2.146 -1 87
-2.028 -1 -1.57 -1 -2.012 -1 -2.238 -1 200
-2.125 -1 -1.632 -1 -2.09 -1 -2.318 -1 187
-2.204 -1 -1.734 -1 -2.026 -1 -2.204 -1 117
-2.115 -1 -1.616 -1 -2.028 -1 -2.218 -1 180
-2.123 -1 -1.654 -1 -2.192 -1 -2.344 -1 228
-2.268 -1 -1.754 -1 -2.134 -1 -2.408 -1 157
-2.271 -1 -1.784 -1 -2.44 -1 -2.632 -1 296
-2.536 -1 -1.962 -1 -2.442 -1 -2.65 -1 211
-2.546 -1 -1.972 -1 -2.162 -1 -2.426 -1 86
-2.294 -1 -1.796 -1 -2.016 -1 -2.314 -1 94
-2.165 -1 -1.73 -1 -2.342 -1 -2.546 -1 274
-2.444 -1 -1.852 -1 -2.424 -1 -2.716 -1 292
-2.57 -1 -2.034 -1 -2.25 -1 -2.526 -1 77
-2.388 -1 -1.89 -1 -2.172 -1 -2.334 -1 118
-2.253 -1 -1.768 -1 -2.114 -1 -2.388 -1 169
-2.251 -1 -1.752 -1 -1.902 -1 -2.156 -1 62
-2.029 -1 -1.616 -1 -2.156 -1 -2.376 -1 228
-2.266 -1 -1.732 -1 -2.204 -1 -2.46 -1 201
-2.332 -1 -1.84 -1 -2.038 -1 -2.34 -1 76
-2.189 -1 -1.714 -1 -2.376 -1 -2.628 -1 293
-2.502 -1 -1.956 -1 -2.236 -1 -2.506 -1 107
-2.371 -1 -1.884 -1 -2.14 -1 -2.396 -1 112
-2.268 -1 -1.782 -1 -1.932 -1 -2.218 -1 75
-2.075 -1 -1.62 -1 -2.076 -1 -2.314 -1 183
-2.195 -1 -1.696 -1 -1.912 -1 -2.12 -1 74
-2.016 -1 -1.548 -1 -2.114 -1 -2.33 -1 225
-2.222 -1 -1.724 -1 -2.302 -1 -2.48 -1 283
-2.391 -1 -1.87 -1 -2.124 -1 -2.368 -1 118
-2.246 -1 -1.796 -1 -2.436 -1 -2.64 -1 291
-2.538 -1 -1.952 -1 -1.976 -1 -2.254 -1 14
-2.115 -1 -1.712 -1 -1.996 -1 -2.258 -1 100
-2.127 -1 -1.654 -1 -2.25 -1 -2.496 -1 264
-2.373 -1 -1.876 -1 -2.286 -1 -2.52 -1 215
-2.403 -1 -1.908 -1 -2.3 -1 -2.608 -1 192
-2.454 -1 -1.938 -1 -2.038 -1 -2.27 -1 49
-2.154 -1 -1.66 -1 -1.842 -1 -2.094 -1 82
-1.968 -1 -1.516 -1 -2.07 -1 -2.33 -1 197
-2.2 -1 -1.704 -1 -2.232 -1 -2.474 -1 239
-2.353 -1 -1.824 -1 -1.862 -1 -2.074 -1 19
-1.968 -1 -1.506 -1 -2.148 -1 -2.382 -1 263
-2.265 -1 -1.724 -1 -2.34 -1 -2.584 -1 288
-2.462 -1 -1.93 -1 -2.118 -1 -2.352 -1 106
-2.235 -1 -1.752 -1 -1.904 -1 -2.172 -1 56
-2.038 -1 -1.588 -1 -1.702 -1 -1.98 -1 42
-1.841 -1 -1.474 -1 -1.754 -1 -2.028 -1 91
-1.891 -1 -1.454 -1 -2.022 -1 -2.28 -1 248
-2.151 -1 -1.622 -1 -1.972 -1 -2.202 -1 144
-2.087 -1 -1.578 -1 -1.762 -1 -2.006 -1 65
-1.884 -1 -1.436 -1 -1.85 -1 -2.102 -1 146
-1.976 -1 -1.48 -1 -1.976 -1 -2.168 -1 175
-2.072 -1 -1.556 -1 -2.136 -1 -2.334 -1 233
-2.235 -1 -1.73 -1 -1.96 -1 -2.17 -1 98
-2.065 -1 -1.618 -1 -1.708 -1 -1.928 -1 25
-1.818 -1 -1.424 -1 -2.036 -1 -2.256 -1 208
-2.146 -1 -1.636 -1 -1.93 -1 -2.134 -1 128
-2.032 -1 -1.552 -1 -1.742 -1 -1.916 -1 65
-1.829 -1 -1.436 -1 -2.024 -1 -2.208 -1 205
-2.116 -1 -1.54 -1 -1.552 -1 -1.74 -1 5
-1.646 -1 -1.284 -1 -1.454 -1 -1.59 -1 62
-1.522 -1 -1.228 -1 -1.87 -1 -2.036 -1 235
-1.953 -1 -1.484 -1 -1.782 -1 -2.06 -1 122
-1.921 -1 -1.452 -1 -2.176 -1 -2.366 -1 293
-2.271 -1 -1.678 -1 -2.22 -1 -2.472 -1 201
-2.346 -1 -1.76 -1 -1.77 -1 -1.98 -1 3
-1.875 -1 -1.466 -1 -1.89 -1 -2.098 -1 161
-1.994 -1 -1.546 -1 -2.01 -1 -2.212 -1 187
-2.111 -1 -1.636 -1 -1.884 -1 -2.036 -1 86
-1.96 -1 -1.546 -1 -2.154 -1 -2.374 -1 244
-2.264 -1 -1.73 -1 -2.362 -1 -2.564 -1 286
-2.463 -1 -1.882 -1 -2.408 -1 -2.58 -1 254
-2.494 -1 -1.924 -1 -2.29 -1 -2.498 -1 172
-2.394 -1 -1.842 -1 -2.116 -1 -2.362 -1 95
-2.239 -1 -1.744 -1 -2.112 -1 -2.418 -1 189
-2.265 -1 -1.76 -1 -2.042 -1 -2.312 -1 116
-2.177 -1 -1.68 -1 -2.164 -1 -2.428 -1 214
-2.296 -1 -1.81 -1 -1.948 -1 -2.222 -1 49
-2.085 -1 -1.64 -1 -1.994 -1 -2.23 -1 137
-2.112 -1 -1.634 -1 -1.944 -1 -2.198 -1 133
-2.071 -1 -1.588 -1 -2.036 -1 -2.286 -1 211
-2.161 -1 -1.678 -1 -2.134 -1 -2.44 -1 183
-2.287 -1 -1.726 -1 -1.866 -1 -2.184 -1 67
-2.025 -1 -1.59 -1 -2.254 -1 -2.486 -1 261
-2.37 -1 -1.81 -1 -2.248 -1 -2.526 -1 229
-2.387 -1 -1.87 -1 -2.528 -1 -2.826 -1 293
-2.677 -1 -2.138 -1 -2.268 -1 -2.546 -1 71
-2.407 -1 -1.954 -1 -1.982 -1 -2.266 -1 17
-2.124 -1 -1.656 -1 -1.87 -1 -2.132 -1 76
-2.001 -1 -1.572 -1 -2.182 -1 -2.46 -1 268
-2.321 -1 -1.838 -1 -1.956 -1 -2.108 -1 43
-2.032 -1 -1.562 -1 -2.11 -1 -2.376 -1 228
-2.243 -1 -1.676 -1 -1.792 -1 -2.034 -1 39
-1.913 -1 -1.47 -1 -1.978 -1 -2.188 -1 215
-2.083 -1 -1.582 -1 -1.822 -1 -2.12 -1 101
-1.971 -1 -1.502 -1 -1.538 -1 -1.74 -1 10
-1.639 -1 -1.272 -1 -1.61 -1 -1.876 -1 102
-1.743 -1 -1.308 -1 -1.964 -1 -2.218 -1 249
-2.091 -1 -1.552 -1 -2.168 -1 -2.372 -1 289
-2.27 -1 -1.706 -1 -1.926 -1 -2.192 -1 74
-2.059 -1 -1.608 -1 -2.256 -1 -2.476 -1 256
-2.366 -1 -1.822 -1 -2.394 -1 -2.726 -1 271
-2.56 -1 -1.982 -1 -2.146 -1 -2.394 -1 81
-2.27 -1 -1.776 -1 -2.118 -1 -2.402 -1 150
-2.26 -1 -1.794 -1 -1.982 -1 -2.254 -1 77
-2.118 -1 -1.676 -1 -1.83 -1 -2.088 -1 69
-1.959 -1 -1.542 -1 -1.646 -1 -1.912 -1 36
-1.779 -1 -1.392 -1 -1.982 -1 -2.2 -1 240
-2.091 -1 -1.55 -1 -2.212 -1 -2.476 -1 283
-2.344 -1 -1.82 -1 -1.902 -1 -2.12 -1 33
-2.011 -1 -1.524 -1 -1.932 -1 -2.194 -1 149
-2.063 -1 -1.578 -1 -1.756 -1 -2.002 -1 67
-1.879 -1 -1.454 -1 -1.906 -1 -2.118 -1 184
-2.012 -1 -1.528 -1 -1.8 -1 -2.05 -1 99
-1.925 -1 -1.484 -1 -1.736 -1 -1.92 -1 95
-1.828 -1 -1.41 -1 -2.098 -1 -2.292 -1 246
-2.195 -1 -1.686 -1 -2.17 -1 -2.458 -1 203
-2.314 -1 -1.806 -1 -2.272 -1 -2.568 -1 206
-2.42 -1 -1.908 -1 -2.178 -1 -2.464 -1 140
-2.321 -1 -1.808 -1 -2.158 -1 -2.382 -1 150
-2.27 -1 -1.782 -1 -2.02 -1 -2.326 -1 109
-2.173 -1 -1.724 -1 -1.984 -1 -2.244 -1 94
-2.114 -1 -1.628 -1 -2.154 -1 -2.472 -1 210
-2.313 -1 -1.798 -1 -2.102 -1 -2.294 -1 152
-2.198 -1 -1.692 -1 -1.908 -1 -2.132 -1 77
-2.02 -1 -1.522 -1 -2.19 -1 -2.404 -1 273
-2.297 -1 -1.752 -1 -2.146 -1 -2.424 -1 186
-2.285 -1 -1.726 -1 -1.804 -1 -2.06 -1 27
-1.932 -1 -1.526 -1 -1.626 -1 -1.86 -1 34
-1.743 -1 -1.352 -1 -1.648 -1 -1.842 -1 101
-1.745 -1 -1.346 -1 -2.16 -1 -2.342 -1 266
-2.251 -1 -1.704 -1 -1.75 -1 -1.95 -1 17
-1.85 -1 -1.418 -1 -1.814 -1 -2.004 -1 143
-1.909 -1 -1.45 -1 -1.888 -1 -2.14 -1 180
-2.014 -1 -1.51 -1 -2.16 -1 -2.378 -1 288
-2.269 -1 -1.666 -1 -1.776 -1 -1.998 -1 45
-1.887 -1 -1.492 -1 -2.216 -1 -2.414 -1 274
-2.315 -1 -1.782 -1 -2.424 -1 -2.646 -1 269
-2.535 -1 -1.932 -1 -2.086 -1 -2.402 -1 83
-2.244 -1 -1.738 -1 -2.236 -1 -2.494 -1 218
-2.365 -1 -1.768 -1 -2.284 -1 -2.572 -1 245
-2.428 -1 -1.892 -1 -2.296 -1 -2.556 -1 196
-2.426 -1 -1.892 -1 -2.238 -1 -2.502 -1 170
-2.37 -1 -1.884 -1 -2.304 -1 -2.566 -1 235
-2.435 -1 -1.944 -1 -2.016 -1 -2.262 -1 36
-2.139 -1 -1.73 -1 -2.348 -1 -2.606 -1 296
-2.477 -1 -1.946 -1 -1.998 -1 -2.29 -1 20
-2.144 -1 -1.712 -1 -2.294 -1 -2.52 -1 263
-2.407 -1 -1.862 -1 -2.288 -1 -2.58 -1 197
-2.434 -1 -1.894 -1 -2.43 -1 -2.682 -1 232
-2.556 -1 -2.004 -1 -2.554 -1 -2.798 -1 298
-2.676 -1 -2.078 -1 -2.224 -1 -2.566 -1 80
-2.395 -1 -1.888 -1 -2.088 -1 -2.454 -1 88
-2.271 -1 -1.812 -1 -1.948 -1 -2.288 -1 64
-2.118 -1 -1.66 -1 -2.268 -1 -2.496 -1 258
-2.382 -1 -1.852 -1 -1.898 -1 -2.22 -1 20
-2.059 -1 -1.642 -1 -1.826 -1 -2.164 -1 96
-1.995 -1 -1.556 -1 -1.716 -1 -1.966 -1 53
-1.841 -1 -1.438 -1 -2.022 -1 -2.348 -1 237
-2.185 -1 -1.64 -1 -2.062 -1 -2.29 -1 168
-2.176 -1 -1.62 -1 -1.892 -1 -2.122 -1 94
-2.007 -1 -1.59 -1 -1.992 -1 -2.188 -1 145
-2.09 -1 -1.628 -1 -2.148 -1 -2.38 -1 235
-2.264 -1 -1.716 -1 -2.212 -1 -2.45 -1 219
-2.331 -1 -1.784 -1 -2.12 -1 -2.34 -1 139
-2.23 -1 -1.726 -1 -2.314 -1 -2.514 -1 266
-2.414 -1 -1.876 -1 -2.46 -1 -2.726 -1 287
-2.593 -1 -2.052 -1 -2.512 -1 -2.724 -1 242
-2.618 -1 -2.11 -1 -2.148 -1 -2.494 -1 22
-2.321 -1 -1.874 -1 -1.882 -1 -2.148 -1 3
-2.015 -1 -1.618 -1 -2.226 -1 -2.478 -1 262
-2.352 -1 -1.846 -1 -2.052 -1 -2.386 -1 78
-2.219 -1 -1.714 -1 -2.062 -1 -2.324 -1 144
-2.193 -1 -1.72 -1 -1.9 -1 -2.144 -1 78
-2.022 -1 -1.556 -1 -1.632 -1 -1.85 -1 33
-1.741 -1 -1.376 -1 -1.66 -1 -1.868 -1 90
-1.764 -1 -1.35 -1 -1.652 -1 -1.81 -1 87
-1.731 -1 -1.294 -1 -1.372 -1 -1.562 -1 27
-1.467 -1 -1.182 -1 -1.79 -1 -2.008 -1 209
-1.899 -1 -1.416 -1 -1.624 -1 -1.872 -1 71
-1.748 -1 -1.352 -1 -1.392 -1 -1.584 -1 11
-1.488 -1 -1.18 -1 -1.702 -1 -1.912 -1 160
-1.807 -1 -1.328 -1 -1.778 -1 -1.978 -1 156
-1.878 -1 -1.414 -1 -2.066 -1 -2.246 -1 255
-2.156 -1 -1.628 -1 -1.74 -1 -1.948 -1 46
-1.844 -1 -1.432 -1 -2.144 -1 -2.37 -1 282
-2.257 -1 -1.706 -1 -1.908 -1 -2.136 -1 73
-2.022 -1 -1.546 -1 -2.23 -1 -2.436 -1 279
-2.333 -1 -1.812 -1 -1.87 -1 -2.174 -1 32
-2.022 -1 -1.556 -1 -2.258 -1 -2.476 -1 290
-2.367 -1 -1.79 -1 -1.878 -1 -2.106 -1 32
-1.992 -1 -1.542 -1 -2.024 -1 -2.284 -1 184
-2.154 -1 -1.654 -1 -2.036 -1 -2.31 -1 138
-2.173 -1 -1.668 -1 -1.678 -1 -1.934 -1 6
-1.806 -1 -1.46 -1 -2.114 -1 -2.31 -1 257
-2.212 -1 -1.694 -1 -2.004 -1 -2.248 -1 123
-2.126 -1 -1.652 -1 -1.894 -1 -2.078 -1 89
-1.986 -1 -1.516 -1 -2.094 -1 -2.318 -1 236
-2.206 -1 -1.67 -1 -2.054 -1 -2.266 -1 162
-2.16 -1 -1.648 -1 -1.672 -1 -1.894 -1 8
-1.783 -1 -1.41 -1 -1.874 -1 -2.104 -1 153
-1.989 -1 -1.502 -1 -1.778 -1 -1.974 -1 94
-1.876 -1 -1.424 -1 -2.042 -1 -2.242 -1 232
-2.142 -1 -1.598 -1 -2.31 -1 -2.56 -1 290
-2.435 -1 -1.884 -1 -2.308 -1 -2.508 -1 233
-2.408 -1 -1.876 -1 -2.17 -1 -2.444 -1 145
-2.307 -1 -1.828 -1 -2.13 -1 -2.326 -1 155
-2.228 -1 -1.728 -1 -2.15 -1 -2.344 -1 201
-2.247 -1 -1.748 -1 -2.376 -1 -2.66 -1 288
-2.518 -1 -1.936 -1 -2.38 -1 -2.572 -1 223
-2.476 -1 -1.91 -1 -2.266 -1 -2.498 -1 163
-2.382 -1 -1.846 -1 -2.188 -1 -2.41 -1 180
-2.299 -1 -1.836 -1 -2.1 -1 -2.314 -1 110
-2.207 -1 -1.716 -1 -1.862 -1 -2.088 -1 54
-1.975 -1 -1.546 -1 -1.622 -1 -1.876 -1 22
-1.749 -1 -1.364 -1 -1.85 -1 -2.056 -1 174
-1.953 -1 -1.486 -1 -1.546 -1 -1.74 -1 18
-1.643 -1 -1.294 -1 -2.15 -1 -2.332 -1 292
-2.241 -1 -1.676 -1 -2.234 -1 -2.45 -1 255
-2.342 -1 -1.788 -1 -1.938 -1 -2.136 -1 53
-2.037 -1 -1.578 -1 -2.134 -1 -2.382 -1 199
-2.258 -1 -1.722 -1 -2.334 -1 -2.468 -1 237
-2.401 -1 -1.802 -1 -2.28 -1 -2.512 -1 199
-2.396 -1 -1.878 -1 -2.452 -1 -2.652 -1 261
-2.552 -1 -1.98 -1 -2.358 -1 -2.65 -1 216
-2.504 -1 -1.994 -1 -2.032 -1 -2.322 -1 20
-2.177 -1 -1.712 -1 -2.092 -1 -2.382 -1 155
-2.237 -1 -1.73 -1 -1.832 -1 -2.12 -1 39
-1.976 -1 -1.572 -1 -2.028 -1 -2.334 -1 179
-2.181 -1 -1.658 -1 -2.158 -1 -2.39 -1 212
-2.274 -1 -1.738 -1 -2.1 -1 -2.324 -1 151
-2.212 -1 -1.762 -1 -1.804 -1 -2.024 -1 16
-1.914 -1 -1.482 -1 -1.844 -1 -2.084 -1 137
-1.964 -1 -1.464 -1 -1.584 -1 -1.792 -1 40
-1.688 -1 -1.296 -1 -1.922 -1 -2.154 -1 238
-2.038 -1 -1.532 -1 -2.222 -1 -2.43 -1 266
-2.326 -1 -1.758 -1 -1.766 -1 -1.946 -1 3
-1.856 -1 -1.462 -1 -1.546 -1 -1.728 -1 32
-1.637 -1 -1.28 -1 -1.774 -1 -1.934 -1 168
-1.854 -1 -1.392 -1 -1.814 -1 -2.018 -1 147
-1.916 -1 -1.438 -1 -1.992 -1 -2.154 -1 204
-2.073 -1 -1.586 -1 -1.836 -1 -2.018 -1 103
-1.927 -1 -1.456 -1 -1.85 -1 -2.04 -1 136
-1.945 -1 -1.472 -1 -1.934 -1 -2.168 -1 183
-2.051 -1 -1.516 -1 -1.694 -1 -1.894 -1 83
-1.794 -1 -1.37 -1 -1.514 -1 -1.702 -1 44
-1.608 -1 -1.258 -1 -1.502 -1 -1.644 -1 88
-1.573 -1 -1.234 -1 -1.982 -1 -2.144 -1 255
-2.063 -1 -1.55 -1 -1.726 -1 -1.97 -1 77
-1.848 -1 -1.408 -1 -1.76 -1 -1.952 -1 120
-1.856 -1 -1.406 -1 -1.712 -1 -1.906 -1 100
-1.809 -1 -1.386 -1 -1.678 -1 -1.924 -1 104
-1.801 -1 -1.372 -1 -2.072 -1 -2.27 -1 268
-2.171 -1 -1.642 -1 -2.008 -1 -2.24 -1 148
-2.124 -1 -1.59 -1 -1.616 -1 -1.75 -1 9
-1.683 -1 -1.292 -1 -1.93 -1 -2.116 -1 236
-2.023 -1 -1.494 -1 -2.244 -1 -2.448 -1 267
-2.346 -1 -1.768 -1 -2.018 -1 -2.18 -1 108
-2.099 -1 -1.598 -1 -1.698 -1 -1.836 -1 30
-1.767 -1 -1.356 -1 -1.812 -1 -2.032 -1 184
-1.922 -1 -1.454 -1 -1.82 -1 -2.04 -1 132
-1.93 -1 -1.416 -1 -2.116 -1 -2.342 -1 287
-2.229 -1 -1.728 -1 -2.15 -1 -2.356 -1 169
-2.253 -1 -1.726 -1 -2.104 -1 -2.416 -1 175
-2.26 -1 -1.758 -1 -1.846 -1 -2.102 -1 38
-1.974 -1 -1.536 -1 -1.818 -1 -2.04 -1 106
-1.929 -1 -1.488 -1 -2.02 -1 -2.158 -1 204
-2.089 -1 -1.554 -1 -2.206 -1 -2.474 -1 277
-2.34 -1 -1.796 -1 -1.89 -1 -2.118 -1 36
-2.004 -1 -1.534 -1 -1.756 -1 -1.996 -1 74
-1.876 -1 -1.43 -1 -1.792 -1 -2.016 -1 136
-1.904 -1 -1.448 -1 -1.526 -1 -1.662 -1 25
-1.594 -1 -1.226 -1 -1.806 -1 -2.096 -1 208
-1.951 -1 -1.47 -1 -1.532 -1 -1.722 -1 16
-1.627 -1 -1.282 -1 -1.294 -1 -1.46 -1 4
-1.377 -1 -1.142 -1 -1.702 -1 -1.904 -1 155
-1.803 -1 -1.34 -1 -1.582 -1 -1.748 -1 80
-1.665 -1 -1.28 -1 -2.094 -1 -2.262 -1 294
-2.178 -1 -1.624 -1 -2.208 -1 -2.474 -1 256
-2.341 -1 -1.752 -1 -1.874 -1 -2.094 -1 58
-1.984 -1 -1.58 -1 -1.654 -1 -1.852 -1 26
-1.753 -1 -1.398 -1 -1.538 -1 -1.698 -1 39
-1.618 -1 -1.242 -1 -1.886 -1 -2.09 -1 233
-1.988 -1 -1.498 -1 -2.228 -1 -2.478 -1 292
-2.353 -1 -1.792 -1 -2.082 -1 -2.258 -1 123
-2.17 -1 -1.674 -1 -2.206 -1 -2.46 -1 234
-2.333 -1 -1.804 -1 -2.178 -1 -2.402 -1 142
-2.29 -1 -1.786 -1 -2.01 -1 -2.256 -1 113
-2.133 -1 -1.652 -1 -1.69 -1 -1.86 -1 15
-1.775 -1 -1.416 -1 -1.548 -1 -1.802 -1 49
-1.675 -1 -1.33 -1 -1.43 -1 -1.59 -1 34
-1.51 -1 -1.21 -1 -1.432 -1 -1.608 -1 70
-1.52 -1 -1.204 -1 -1.21 -1 -1.332 -1 1
-1.271 -1 -1.094 -1 -1.736 -1 -1.908 -1 201
-1.822 -1 -1.376 -1 -1.446 -1 -1.57 -1 24
-1.508 -1 -1.216 -1 -1.878 -1 -2.028 -1 198
-1.953 -1 -1.452 -1 -1.764 -1 -1.924 -1 102
-1.844 -1 -1.414 -1 -1.42 -1 -1.554 -1 1
-1.487 -1 -1.174 -1 -1.944 -1 -2.142 -1 293
-2.043 -1 -1.566 -1 -1.846 -1 -2.06 -1 111
-1.953 -1 -1.484 -1 -1.734 -1 -1.908 -1 72
-1.821 -1 -1.384 -1 -1.654 -1 -1.842 -1 84
-1.748 -1 -1.332 -1 -1.692 -1 -1.938 -1 141
-1.815 -1 -1.422 -1 -1.824 -1 -1.992 -1 161
-1.908 -1 -1.448 -1 -2.116 -1 -2.37 -1 262
-2.243 -1 -1.718 -1 -2.332 -1 -2.59 -1 257
-2.461 -1 -1.892 -1 -2.184 -1 -2.394 -1 144
-2.289 -1 -1.79 -1 -2.418 -1 -2.616 -1 290
-2.517 -1 -2 -1 -2.184 -1 -2.498 -1 99
-2.341 -1 -1.872 -1 -2.278 -1 -2.576 -1 192
-2.427 -1 -1.914 -1 -2.038 -1 -2.318 -1 66
-2.178 -1 -1.732 -1 -1.768 -1 -2.038 -1 14
-1.903 -1 -1.554 -1 -1.73 -1 -1.916 -1 68
-1.823 -1 -1.424 -1 -2.002 -1 -2.21 -1 234
-2.106 -1 -1.602 -1 -1.954 -1 -2.2 -1 154
-2.077 -1 -1.626 -1 -2.262 -1 -2.44 -1 234
-2.351 -1 -1.796 -1 -1.81 -1 -2.112 -1 9
-1.961 -1 -1.56 -1 -2.216 -1 -2.454 -1 278
-2.335 -1 -1.756 -1 -2.306 -1 -2.564 -1 233
-2.435 -1 -1.934 -1 -1.964 -1 -2.278 -1 14
-2.121 -1 -1.694 -1 -1.754 -1 -1.974 -1 18
-1.864 -1 -1.468 -1 -1.71 -1 -1.95 -1 81
-1.83 -1 -1.428 -1 -1.888 -1 -2.102 -1 177
-1.995 -1 -1.526 -1 -1.93 -1 -2.19 -1 173
-2.06 -1 -1.51 -1 -2.146 -1 -2.388 -1 242
-2.267 -1 -1.75 -1 -2.056 -1 -2.322 -1 150
-2.189 -1 -1.61 -1 -1.806 -1 -2.078 -1 74
-1.942 -1 -1.444 -1 -1.732 -1 -1.998 -1 108
-1.865 -1 -1.426 -1 -1.612 -1 -1.822 -1 60
-1.717 -1 -1.318 -1 -1.366 -1 -1.53 -1 14
-1.448 -1 -1.158 -1 -1.616 -1 -1.794 -1 142
-1.705 -1 -1.266 -1 -1.29 -1 -1.442 -1 5
-1.366 -1 -1.114 -1 -1.736 -1 -1.9 -1 196
-1.818 -1 -1.41 -1 -1.872 -1 -2.144 -1 167
-2.008 -1 -1.466 -1 -1.508 -1 -1.704 -1 15
-1.606 -1 -1.276 -1 -1.706 -1 -1.95 -1 151
-1.828 -1 -1.392 -1 -1.582 -1 -1.718 -1 58
-1.65 -1 -1.298 -1 -1.804 -1 -1.998 -1 167
-1.901 -1 -1.422 -1 -2.112 -1 -2.316 -1 250
-2.214 -1 -1.636 -1 -1.65 -1 -1.818 -1 6
-1.734 -1 -1.352 -1 -2.076 -1 -2.294 -1 298
-2.185 -1 -1.624 -1 -2.19 -1 -2.444 -1 269
-2.317 -1 -1.798 -1 -2.308 -1 -2.52 -1 255
-2.414 -1 -1.848 -1 -2.47 -1 -2.768 -1 288
-2.619 -1 -2.092 -1 -2.626 -1 -2.838 -1 275
-2.732 -1 -2.196 -1 -2.39 -1 -2.674 -1 116
-2.532 -1 -2.04 -1 -2.064 -1 -2.346 -1 9
-2.205 -1 -1.754 -1 -2.102 -1 -2.4 -1 149
-2.251 -1 -1.77 -1 -1.838 -1 -2.106 -1 22
-1.972 -1 -1.56 -1 -1.94 -1 -2.154 -1 124
-2.047 -1 -1.584 -1 -2.176 -1 -2.438 -1 267
-2.307 -1 -1.832 -1 -1.952 -1 -2.168 -1 46
-2.06 -1 -1.608 -1 -2.104 -1 -2.382 -1 196
-2.243 -1 -1.738 -1 -2.088 -1 -2.346 -1 139
-2.217 -1 -1.694 -1 -2.012 -1 -2.28 -1 145
-2.146 -1 -1.678 -1 -1.828 -1 -2.046 -1 58
-1.937 -1 -1.504 -1 -1.836 -1 -2.11 -1 133
-1.973 -1 -1.53 -1 -2.022 -1 -2.268 -1 199
-2.145 -1 -1.67 -1 -2.252 -1 -2.496 -1 265
-2.374 -1 -1.812 -1 -2.264 -1 -2.496 -1 187
-2.38 -1 -1.85 -1 -2.47 -1 -2.644 -1 271
-2.557 -1 -1.994 -1 -2.522 -1 -2.726 -1 291
-2.624 -1 -2.1 -1 -2.516 -1 -2.738 -1 216
-2.627 -1 -2.138 -1 -2.256 -1 -2.558 -1 67
-2.407 -1 -1.966 -1 -2.186 -1 -2.456 -1 111
-2.321 -1 -1.836 -1 -1.966 -1 -2.294 -1 59
-2.13 -1 -1.74 -1 -2.162 -1 -2.424 -1 189
-2.293 -1 -1.824 -1 -1.88 -1 -2.084 -1 23
-1.982 -1 -1.578 -1 -1.782 -1 -2.032 -1 69
-1.907 -1 -1.49 -1 -2.084 -1 -2.328 -1 224
-2.206 -1 -1.672 -1 -1.794 -1 -2.018 -1 47
-1.906 -1 -1.478 -1 -2.08 -1 -2.314 -1 232
-2.197 -1 -1.652 -1 -1.912 -1 -2.22 -1 106
-2.066 -1 -1.56 -1 -1.898 -1 -2.094 -1 132
-1.996 -1 -1.524 -1 -1.538 -1 -1.694 -1 8
-1.616 -1 -1.31 -1 -1.786 -1 -1.988 -1 152
-1.887 -1 -1.438 -1 -1.97 -1 -2.182 -1 200
-2.076 -1 -1.568 -1 -1.74 -1 -1.992 -1 68
-1.866 -1 -1.426 -1 -2.086 -1 -2.286 -1 243
-2.186 -1 -1.626 -1 -1.646 -1 -1.878 -1 7
-1.762 -1 -1.376 -1 -1.474 -1 -1.608 -1 32
-1.541 -1 -1.194 -1 -1.914 -1 -2.128 -1 255
-2.021 -1 -1.532 -1 -2.124 -1 -2.344 -1 248
-2.234 -1 -1.69 -1 -2.152 -1 -2.424 -1 209
-2.288 -1 -1.764 -1 -2.28 -1 -2.49 -1 205
-2.385 -1 -1.836 -1 -2.244 -1 -2.472 -1 173
-2.358 -1 -1.834 -1 -2.14 -1 -2.412 -1 145
-2.276 -1 -1.77 -1 -2.02 -1 -2.324 -1 98
-2.172 -1 -1.65 -1 -2.07 -1 -2.312 -1 193
-2.191 -1 -1.712 -1 -2.066 -1 -2.262 -1 152
-2.164 -1 -1.63 -1 -2.232 -1 -2.442 -1 258
-2.337 -1 -1.766 -1 -1.86 -1 -2.084 -1 42
-1.972 -1 -1.536 -1 -1.752 -1 -2.03 -1 93
-1.891 -1 -1.53 -1 -1.946 -1 -2.212 0 170
