9 1000 0.7 7 80 0 0 0 0
-3.645 -2 -3.17 -2 -3.264 -2 -3.334 -1 330
-3.299 -1 -2.88 -1 -2.984 -1 -3.378 -1 135
-3.181 -1 -2.772 -1 -2.904 -1 -3.272 -1 100
-3.088 -1 -2.674 -1 -2.8 -1 -3.188 -1 92
-2.994 -1 -2.574 -1 -2.706 -1 -3.192 -1 130
-2.949 -1 -2.554 -1 -2.818 -1 -3.204 -1 194
-3.011 -1 -2.584 -1 -2.614 -1 -3.066 -1 38
-2.84 -1 -2.522 -1 -2.53 -1 -3.016 -1 11
-2.773 -1 -2.436 -1 -2.614 -1 -3.05 -1 106
-2.832 -1 -2.444 -1 -2.688 -1 -3.082 -1 163
-2.885 -1 -2.496 -1 -2.75 -1 -3.1 -1 174
-2.925 -1 -2.516 -1 -2.836 -1 -3.164 -1 277
-3 -1 -2.586 -1 -2.966 -1 -3.19 -1 323
-3.078 -1 -2.636 -1 -2.842 -1 -3.154 -1 170
-2.998 -1 -2.58 -1 -2.834 -1 -3.168 -1 205
-3.001 -1 -2.57 -1 -2.712 -1 -3.084 -1 97
-2.898 -1 -2.474 -1 -2.538 -1 -2.982 -1 51
-2.76 -1 -2.414 -1 -2.61 -1 -3.014 -1 115
-2.812 -1 -2.456 -1 -2.514 -1 -2.98 -1 48
-2.747 -1 -2.386 -1 -2.422 -1 -2.894 -1 17
-2.658 -1 -2.34 -1 -2.452 -1 -2.956 -1 81
-2.704 -1 -2.332 -1 -2.556 -1 -3.018 -1 177
-2.787 -1 -2.396 -1 -2.478 -1 -2.936 -1 72
-2.707 -1 -2.314 -1 -2.382 -1 -2.902 -1 50
-2.642 -1 -2.27 -1 -2.494 -1 -2.926 -1 156
-2.71 -1 -2.31 -1 -2.462 -1 -2.952 -1 114
-2.707 -1 -2.316 -1 -2.606 -1 -2.986 -1 186
-2.796 -1 -2.342 -1 -2.668 -1 -3.068 -1 303
-2.868 -1 -2.45 -1 -2.556 -1 -3.014 -1 80
-2.785 -1 -2.412 -1 -2.746 -1 -3.044 -1 264
-2.895 -1 -2.432 -1 -2.674 -1 -3.076 -1 191
-2.875 -1 -2.428 -1 -2.776 -1 -3.136 -1 307
-2.956 -1 -2.498 -1 -2.724 -1 -3.138 -1 229
-2.931 -1 -2.53 -1 -2.78 -1 -3.068 -1 251
-2.924 -1 -2.514 -1 -2.682 -1 -3.012 -1 112
-2.847 -1 -2.46 -1 -2.848 -1 -3.122 -1 335
-2.985 -1 -2.552 -1 -2.6 -1 -2.932 -1 41
-2.766 -1 -2.384 -1 -2.726 -1 -3.13 -1 244
-2.928 -1 -2.482 -1 -2.686 -1 -3.068 -1 173
-2.877 -1 -2.466 -1 -2.892 -1 -3.152 -1 321
-3.022 -1 -2.588 -1 -2.906 -1 -3.192 -1 222
-3.049 -1 -2.632 -1 -2.738 -1 -3.098 -1 115
-2.918 -1 -2.54 -1 -2.884 -1 -3.164 -1 304
-3.024 -1 -2.604 -1 -2.896 -1 -3.194 -1 272
-3.045 -1 -2.618 -1 -2.758 -1 -3.048 -1 131
-2.903 -1 -2.492 -1 -2.76 -1 -3.138 -1 209
-2.949 -1 -2.544 -1 -2.874 -1 -3.208 -1 293
-3.041 -1 -2.622 -1 -2.676 -1 -3.096 -1 60
-2.886 -1 -2.528 -1 -2.652 -1 -3.034 -1 106
-2.843 -1 -2.48 -1 -2.684 -1 -3.022 -1 168
-2.853 -1 -2.438 -1 -2.462 -1 -2.896 -1 18
-2.679 -1 -2.31 -1 -2.438 -1 -2.884 -1 80
-2.661 -1 -2.296 -1 -2.566 -1 -3.002 -1 165
-2.784 -1 -2.378 -1 -2.392 -1 -2.86 -1 10
-2.626 -1 -2.262 -1 -2.36 -1 -2.832 -1 62
-2.596 -1 -2.256 -1 -2.656 -1 -3.014 -1 323
-2.835 -1 -2.414 -1 -2.418 -1 -2.914 -1 6
-2.666 -1 -2.29 -1 -2.324 -1 -2.83 -1 16
-2.577 -1 -2.238 -1 -2.618 -1 -2.962 -1 240
-2.79 -1 -2.362 -1 -2.412 -1 -2.916 -1 37
-2.664 -1 -2.294 -1 -2.45 -1 -2.886 -1 101
-2.668 -1 -2.278 -1 -2.78 -1 -3.078 -1 345
-2.929 -1 -2.442 -1 -2.592 -1 -2.99 -1 115
-2.791 -1 -2.382 -1 -2.72 -1 -3.096 -1 299
-2.908 -1 -2.496 -1 -2.816 -1 -3.138 -1 333
-2.977 -1 -2.534 -1 -2.652 -1 -3.046 -1 84
-2.849 -1 -2.474 -1 -2.742 -1 -3.092 -1 149
-2.917 -1 -2.48 -1 -2.518 -1 -2.974 -1 28
-2.746 -1 -2.416 -1 -2.574 -1 -3 -1 120
-2.787 -1 -2.396 -1 -2.448 -1 -2.946 -1 42
-2.697 -1 -2.352 -1 -2.47 -1 -2.916 -1 91
-2.693 -1 -2.322 -1 -2.43 -1 -2.918 -1 86
-2.674 -1 -2.308 -1 -2.6 -1 -2.984 -1 268
-2.792 -1 -2.358 -1 -2.624 -1 -3.066 -1 229
-2.845 -1 -2.418 -1 -2.68 -1 -3.034 -1 280
-2.857 -1 -2.432 -1 -2.454 -1 -2.898 -1 22
-2.676 -1 -2.314 -1 -2.79 -1 -3.078 -1 335
-2.934 -1 -2.486 -1 -2.56 -1 -2.954 -1 51
-2.757 -1 -2.372 -1 -2.63 -1 -3.026 -1 218
-2.828 -1 -2.418 -1 -2.528 -1 -2.936 0 88
