7 1000 0.9 3 26 0 0 0 0
-3.269 -1 -2.914 -1 -2.942 -1 -3.082 -1 98
-3.012 -1 -2.718 -1 -2.866 -1 -3.092 -1 216
-2.979 -1 -2.646 -1 -2.692 -1 -2.94 -1 83
-2.816 -1 -2.518 -1 -2.662 -1 -2.936 -1 196
-2.799 -1 -2.454 -1 -2.49 -1 -2.79 -1 36
-2.64 -1 -2.348 -1 -2.534 -1 -2.824 -1 233
-2.679 -1 -2.392 -1 -2.454 -1 -2.798 -1 65
-2.626 -1 -2.344 -1 -2.568 -1 -2.942 -1 270
-2.755 -1 -2.44 -1 -2.8 -1 -2.99 -1 424
-2.895 -1 -2.55 -1 -2.836 -1 -3.01 -1 429
-2.923 -1 -2.58 -1 -2.626 -1 -2.894 -1 54
-2.76 -1 -2.466 -1 -2.62 -1 -2.868 -1 237
-2.744 -1 -2.446 -1 -2.664 -1 -2.906 -1 299
-2.785 -1 -2.484 -1 -2.528 -1 -2.908 -1 51
-2.718 -1 -2.414 -1 -2.54 -1 -2.838 -1 144
-2.689 -1 -2.374 -1 -2.584 -1 -2.846 -1 234
-2.715 -1 -2.414 -1 -2.69 -1 -2.95 -1 383
-2.82 -1 -2.55 -1 -2.682 -1 -2.894 -1 279
-2.788 -1 -2.488 -1 -2.558 -1 -2.828 -1 116
-2.693 -1 -2.432 -1 -2.768 -1 -2.976 -1 365
-2.872 -1 -2.548 -1 -2.572 -1 -2.86 -1 27
-2.716 -1 -2.43 -1 -2.43 -1 -2.812 -1 0
-2.621 -1 -2.362 -1 -2.414 -1 -2.794 -1 55
-2.604 -1 -2.318 -1 -2.46 -1 -2.764 -1 111
-2.612 -1 -2.314 -1 -2.408 -1 -2.7 -1 104
-2.554 -1 -2.21 -1 -2.556 -1 -2.838 0 319
