6 1000 1 1 19 0 0 0 0
-3.03 -1 -2.894 -1 -2.91 -1 -2.936 -1 49
-2.923 -1 -2.798 -1 -2.886 -1 -2.982 -1 472
-2.934 -1 -2.772 -1 -2.842 -1 -2.908 -1 347
-2.875 -1 -2.768 -1 -2.774 -1 -2.872 -1 31
-2.823 -1 -2.704 -1 -2.772 -1 -2.938 -1 129
-2.855 -1 -2.724 -1 -2.864 -1 -2.972 -1 372
-2.918 -1 -2.802 -1 -2.934 -1 -2.94 -1 423
-2.937 -1 -2.79 -1 -2.872 -1 -2.922 -1 404
-2.897 -1 -2.742 -1 -2.75 -1 -2.892 -1 140
-2.821 -1 -2.69 -1 -2.82 -1 -2.88 -1 403
-2.85 -1 -2.718 -1 -2.838 -1 -2.842 -1 333
-2.84 -1 -2.738 -1 -2.788 -1 -2.888 -1 298
-2.838 -1 -2.692 -1 -2.692 -1 -2.814 -1 29
-2.753 -1 -2.632 -1 -2.736 -1 -2.83 -1 310
-2.783 -1 -2.682 -1 -2.702 -1 -2.892 -1 42
-2.797 -1 -2.704 -1 -2.814 -1 -2.9 -1 385
-2.857 -1 -2.716 -1 -2.79 -1 -2.884 -1 324
-2.837 -1 -2.69 -1 -2.78 -1 -2.844 -1 472
-2.812 -1 -2.708 -1 -2.738 -1 -2.862 0 63
