6 1000 0.4 10 177 0 0 0 0
-3.015 -1 -2.542 -1 -2.572 -1 -2.822 -1 133
-2.697 -1 -2.282 -1 -2.384 -1 -2.664 -1 123
-2.524 -1 -2.154 -1 -2.288 -1 -2.642 -1 114
-2.465 -1 -2.1 -1 -2.248 -1 -2.654 -1 154
-2.451 -1 -2.064 -1 -2.18 -1 -2.562 -1 110
-2.371 -1 -2.006 -1 -2.16 -1 -2.59 -1 166
-2.375 -1 -1.992 -1 -2.068 -1 -2.47 -1 62
-2.269 -1 -1.884 -1 -2.03 -1 -2.514 -1 122
-2.272 -1 -1.918 -1 -2.066 -1 -2.504 -1 157
-2.285 -1 -1.888 -1 -1.968 -1 -2.454 -1 57
-2.211 -1 -1.86 -1 -1.91 -1 -2.384 -1 50
-2.147 -1 -1.814 -1 -1.992 -1 -2.41 -1 142
-2.201 -1 -1.826 -1 -2.016 -1 -2.434 -1 159
-2.225 -1 -1.856 -1 -2.116 -1 -2.55 -1 183
-2.333 -1 -1.898 -1 -2.034 -1 -2.366 -1 119
-2.2 -1 -1.828 -1 -1.898 -1 -2.396 -1 49
-2.147 -1 -1.774 -1 -1.894 -1 -2.37 -1 83
-2.132 -1 -1.758 -1 -1.896 -1 -2.362 -1 104
-2.129 -1 -1.76 -1 -1.9 -1 -2.29 -1 102
-2.095 -1 -1.716 -1 -1.876 -1 -2.3 -1 106
-2.088 -1 -1.67 -1 -1.914 -1 -2.312 -1 157
-2.113 -1 -1.666 -1 -1.92 -1 -2.328 -1 175
-2.124 -1 -1.672 -1 -1.862 -1 -2.198 -1 126
-2.03 -1 -1.664 -1 -1.78 -1 -2.178 -1 91
-1.979 -1 -1.61 -1 -1.76 -1 -2.144 -1 99
-1.952 -1 -1.564 -1 -1.57 -1 -1.98 -1 7
-1.775 -1 -1.432 -1 -1.726 -1 -2.166 -1 168
-1.946 -1 -1.482 -1 -1.52 -1 -1.924 -1 18
-1.722 -1 -1.358 -1 -1.64 -1 -1.994 -1 157
-1.817 -1 -1.406 -1 -1.604 -1 -1.884 -1 115
-1.744 -1 -1.386 -1 -1.644 -1 -1.93 -1 150
-1.787 -1 -1.394 -1 -1.596 -1 -1.918 -1 117
-1.757 -1 -1.356 -1 -1.464 -1 -1.734 -1 69
-1.599 -1 -1.272 -1 -1.428 -1 -1.662 -1 80
-1.545 -1 -1.216 -1 -1.512 -1 -1.758 -1 194
-1.635 -1 -1.306 -1 -1.636 -1 -1.888 -1 171
-1.762 -1 -1.286 -1 -1.36 -1 -1.546 -1 38
-1.453 -1 -1.178 -1 -1.396 -1 -1.582 -1 120
-1.489 -1 -1.202 -1 -1.436 -1 -1.65 -1 142
-1.543 -1 -1.212 -1 -1.56 -1 -1.73 -1 164
-1.645 -1 -1.286 -1 -1.398 -1 -1.576 -1 67
-1.487 -1 -1.19 -1 -1.348 -1 -1.558 -1 77
-1.453 -1 -1.18 -1 -1.19 -1 -1.374 -1 3
-1.282 -1 -1.096 -1 -1.508 -1 -1.666 -1 192
-1.587 -1 -1.23 -1 -1.272 -1 -1.38 -1 23
-1.326 -1 -1.114 -1 -1.332 -1 -1.432 -1 104
-1.382 -1 -1.1 -1 -1.19 -1 -1.314 -1 46
-1.252 -1 -1.064 -1 -1.34 -1 -1.486 -1 133
-1.413 -1 -1.136 -1 -1.468 -1 -1.614 -1 177
-1.541 -1 -1.204 -1 -1.562 -1 -1.674 -1 188
-1.618 -1 -1.25 -1 -1.574 -1 -1.762 -1 191
-1.668 -1 -1.302 -1 -1.506 -1 -1.67 -1 117
-1.588 -1 -1.26 -1 -1.28 -1 -1.436 -1 14
-1.358 -1 -1.11 -1 -1.15 -1 -1.254 -1 23
-1.202 -1 -1.054 -1 -1.204 -1 -1.29 -1 65
-1.247 -1 -1.062 -1 -1.38 -1 -1.46 -1 123
-1.42 -1 -1.124 -1 -1.502 -1 -1.634 -1 174
-1.568 -1 -1.218 -1 -1.314 -1 -1.422 -1 61
-1.368 -1 -1.116 -1 -1.512 -1 -1.654 -1 188
-1.583 -1 -1.224 -1 -1.406 -1 -1.528 -1 80
-1.467 -1 -1.152 -1 -1.228 -1 -1.368 -1 35
-1.298 -1 -1.092 -1 -1.274 -1 -1.406 -1 89
-1.34 -1 -1.088 -1 -1.484 -1 -1.622 -1 196
-1.553 -1 -1.222 -1 -1.524 -1 -1.698 -1 187
-1.611 -1 -1.234 -1 -1.458 -1 -1.58 -1 109
-1.519 -1 -1.198 -1 -1.348 -1 -1.512 -1 75
-1.43 -1 -1.142 -1 -1.508 -1 -1.648 -1 184
-1.578 -1 -1.224 -1 -1.5 -1 -1.672 -1 147
-1.586 -1 -1.24 -1 -1.39 -1 -1.55 -1 75
-1.47 -1 -1.16 -1 -1.204 -1 -1.35 -1 19
-1.277 -1 -1.078 -1 -1.09 -1 -1.234 -1 5
-1.162 -1 -1.052 -1 -1.4 -1 -1.552 -1 146
-1.476 -1 -1.144 -1 -1.224 -1 -1.342 -1 41
-1.283 -1 -1.066 -1 -1.11 -1 -1.2 -1 24
-1.155 -1 -1.022 -1 -1.306 -1 -1.394 -1 131
-1.35 -1 -1.106 -1 -1.224 -1 -1.292 -1 60
-1.258 -1 -1.05 -1 -1.332 -1 -1.408 -1 120
-1.37 -1 -1.116 -1 -1.232 -1 -1.314 -1 70
-1.273 -1 -1.066 -1 -1.42 -1 -1.556 -1 161
-1.488 -1 -1.148 -1 -1.44 -1 -1.57 -1 174
-1.505 -1 -1.2 -1 -1.422 -1 -1.52 -1 118
-1.471 -1 -1.2 -1 -1.304 -1 -1.396 -1 50
-1.35 -1 -1.072 -1 -1.124 -1 -1.236 -1 21
-1.18 -1 -1.058 -1 -1.172 -1 -1.274 -1 50
-1.223 -1 -1.046 -1 -1.256 -1 -1.35 -1 103
-1.303 -1 -1.074 -1 -1.088 -1 -1.168 -1 4
-1.128 -1 -1.034 -1 -1.292 -1 -1.402 -1 120
-1.347 -1 -1.1 -1 -1.296 -1 -1.414 -1 94
-1.355 -1 -1.112 -1 -1.25 -1 -1.334 -1 76
-1.292 -1 -1.066 -1 -1.394 -1 -1.512 -1 184
-1.453 -1 -1.14 -1 -1.2 -1 -1.248 -1 27
-1.224 -1 -1.058 -1 -1.43 -1 -1.566 -1 176
-1.498 -1 -1.2 -1 -1.206 -1 -1.284 -1 3
-1.245 -1 -1.07 -1 -1.368 -1 -1.462 -1 155
-1.415 -1 -1.122 -1 -1.246 -1 -1.332 -1 45
-1.289 -1 -1.082 -1 -1.454 -1 -1.534 -1 184
-1.494 -1 -1.17 -1 -1.272 -1 -1.39 -1 55
-1.331 -1 -1.118 -1 -1.356 -1 -1.484 -1 127
-1.42 -1 -1.116 -1 -1.258 -1 -1.356 -1 69
-1.307 -1 -1.09 -1 -1.31 -1 -1.412 -1 102
-1.361 -1 -1.106 -1 -1.358 -1 -1.476 -1 119
-1.417 -1 -1.138 -1 -1.182 -1 -1.322 -1 24
-1.252 -1 -1.066 -1 -1.24 -1 -1.336 -1 71
-1.288 -1 -1.098 -1 -1.4 -1 -1.522 -1 151
-1.461 -1 -1.156 -1 -1.478 -1 -1.644 -1 180
-1.561 -1 -1.226 -1 -1.424 -1 -1.528 -1 102
-1.476 -1 -1.148 -1 -1.376 -1 -1.472 -1 103
-1.424 -1 -1.162 -1 -1.508 -1 -1.658 -1 177
-1.583 -1 -1.198 -1 -1.258 -1 -1.404 -1 30
-1.331 -1 -1.11 -1 -1.396 -1 -1.552 -1 136
-1.474 -1 -1.164 -1 -1.336 -1 -1.476 -1 89
-1.406 -1 -1.132 -1 -1.246 -1 -1.342 -1 63
-1.294 -1 -1.092 -1 -1.144 -1 -1.228 -1 22
-1.186 -1 -1.03 -1 -1.07 -1 -1.172 -1 13
-1.121 -1 -1.024 -1 -1.356 -1 -1.454 -1 144
-1.405 -1 -1.122 -1 -1.286 -1 -1.358 -1 82
-1.322 -1 -1.09 -1 -1.24 -1 -1.324 -1 82
-1.282 -1 -1.088 -1 -1.222 -1 -1.344 -1 71
-1.283 -1 -1.084 -1 -1.112 -1 -1.2 -1 12
-1.156 -1 -1.032 -1 -1.094 -1 -1.134 -1 25
-1.114 -1 -1.008 -1 -1.266 -1 -1.334 -1 138
-1.3 -1 -1.076 -1 -1.26 -1 -1.362 -1 96
-1.311 -1 -1.092 -1 -1.428 -1 -1.524 -1 179
-1.476 -1 -1.188 -1 -1.512 -1 -1.59 -1 160
-1.551 -1 -1.232 -1 -1.454 -1 -1.556 -1 104
-1.505 -1 -1.19 -1 -1.532 -1 -1.652 -1 174
-1.592 -1 -1.23 -1 -1.362 -1 -1.51 -1 68
-1.436 -1 -1.134 -1 -1.264 -1 -1.342 -1 61
-1.303 -1 -1.072 -1 -1.174 -1 -1.262 -1 49
-1.218 -1 -1.048 -1 -1.444 -1 -1.574 -1 191
-1.509 -1 -1.176 -1 -1.386 -1 -1.476 -1 109
-1.431 -1 -1.11 -1 -1.468 -1 -1.598 -1 196
-1.533 -1 -1.224 -1 -1.476 -1 -1.608 -1 155
-1.542 -1 -1.212 -1 -1.456 -1 -1.574 -1 137
-1.515 -1 -1.194 -1 -1.346 -1 -1.49 -1 79
-1.418 -1 -1.14 -1 -1.162 -1 -1.244 -1 12
-1.203 -1 -1.054 -1 -1.368 -1 -1.446 -1 170
-1.407 -1 -1.116 -1 -1.166 -1 -1.27 -1 26
-1.218 -1 -1.064 -1 -1.248 -1 -1.328 -1 90
-1.288 -1 -1.072 -1 -1.216 -1 -1.28 -1 61
-1.248 -1 -1.08 -1 -1.092 -1 -1.168 -1 6
-1.13 -1 -1.028 -1 -1.18 -1 -1.246 -1 61
-1.213 -1 -1.062 -1 -1.472 -1 -1.558 -1 190
-1.515 -1 -1.16 -1 -1.408 -1 -1.494 -1 129
-1.451 -1 -1.136 -1 -1.35 -1 -1.426 -1 98
-1.388 -1 -1.104 -1 -1.146 -1 -1.198 -1 24
-1.172 -1 -1.026 -1 -1.032 -1 -1.092 -1 8
-1.062 -1 -1.014 -1 -1.156 -1 -1.23 -1 61
-1.193 -1 -1.042 -1 -1.104 -1 -1.176 -1 27
-1.14 -1 -1.034 -1 -1.042 -1 -1.082 -1 8
-1.062 -1 -1.004 -1 -1.198 -1 -1.226 -1 85
-1.212 -1 -1.046 -1 -1.27 -1 -1.352 -1 129
-1.311 -1 -1.066 -1 -1.076 -1 -1.144 -1 3
-1.11 -1 -1.028 -1 -1.152 -1 -1.232 -1 64
-1.192 -1 -1.048 -1 -1.456 -1 -1.562 -1 198
-1.509 -1 -1.202 -1 -1.344 -1 -1.46 -1 63
-1.402 -1 -1.138 -1 -1.252 -1 -1.3 -1 62
-1.276 -1 -1.064 -1 -1.112 -1 -1.182 -1 25
-1.147 -1 -1.042 -1 -1.388 -1 -1.454 -1 168
-1.421 -1 -1.136 -1 -1.482 -1 -1.592 -1 181
-1.537 -1 -1.182 -1 -1.37 -1 -1.49 -1 96
-1.43 -1 -1.136 -1 -1.382 -1 -1.49 -1 118
-1.436 -1 -1.12 -1 -1.338 -1 -1.4 -1 104
-1.369 -1 -1.102 -1 -1.232 -1 -1.326 -1 58
-1.279 -1 -1.08 -1 -1.396 -1 -1.534 -1 162
-1.465 -1 -1.15 -1 -1.454 -1 -1.596 -1 169
-1.525 -1 -1.18 -1 -1.408 -1 -1.55 -1 111
-1.479 -1 -1.174 -1 -1.198 -1 -1.334 -1 8
-1.266 -1 -1.076 -1 -1.186 -1 -1.32 -1 50
-1.253 -1 -1.068 -1 -1.12 -1 -1.224 -1 22
-1.172 -1 -1.028 -1 -1.078 -1 -1.172 -1 25
-1.125 -1 -1.03 -1 -1.198 -1 -1.286 -1 89
-1.242 -1 -1.072 -1 -1.2 -1 -1.298 -1 66
-1.249 -1 -1.074 -1 -1.364 -1 -1.528 -1 175
-1.446 -1 -1.144 -1 -1.46 -1 -1.6 -1 160
-1.53 -1 -1.194 -1 -1.394 -1 -1.534 -1 106
-1.464 -1 -1.19 -1 -1.412 -1 -1.564 0 105
