9 1000 0.4 1 2178 0 0 0 0
-3.649 -2 -3.546 -2 -3.552 -2 -3.552 -1 172
-3.552 -1 -3.402 -1 -3.436 -1 -3.47 -1 139
-3.453 -1 -3.296 -1 -3.304 -1 -3.466 -1 25
-3.385 -1 -3.236 -1 -3.246 -1 -3.438 -1 9
-3.342 -1 -3.166 -1 -3.234 -1 -3.366 -1 130
-3.3 -1 -3.198 -1 -3.208 -1 -3.388 -1 28
-3.298 -1 -3.158 -1 -3.234 -1 -3.44 -1 173
-3.337 -1 -3.272 -1 -3.332 -1 -3.48 -1 190
-3.406 -1 -3.306 -1 -3.4 -1 -3.438 -1 188
-3.419 -1 -3.294 -1 -3.298 -1 -3.464 -1 4
-3.381 -1 -3.236 -1 -3.282 -1 -3.446 -1 66
-3.364 -1 -3.208 -1 -3.254 -1 -3.364 -1 27
-3.309 -1 -3.138 -1 -3.158 -1 -3.346 -2 35
-3.252 -1 -3.11 -1 -3.218 -1 -3.396 -1 167
-3.307 -1 -3.2 -1 -3.288 -1 -3.43 -2 140
-3.359 -1 -3.308 -1 -3.334 -1 -3.46 -2 47
-3.397 -1 -3.298 -1 -3.322 -1 -3.466 -1 113
-3.394 -1 -3.274 -1 -3.322 -1 -3.408 -1 117
-3.365 -1 -3.286 -1 -3.352 -1 -3.508 -1 176
-3.43 -1 -3.278 -1 -3.328 -1 -3.418 -1 136
-3.373 -1 -3.196 -1 -3.258 -1 -3.422 -1 185
-3.34 -1 -3.22 -1 -3.24 -1 -3.326 -1 50
-3.283 -1 -3.174 -1 -3.212 -1 -3.382 -1 35
-3.297 -1 -3.184 -1 -3.282 -1 -3.42 -2 132
-3.351 -1 -3.274 -1 -3.274 -1 -3.43 -1 13
-3.352 -1 -3.246 -1 -3.262 -1 -3.36 -1 20
-3.311 -1 -3.204 -1 -3.226 -1 -3.352 -1 40
-3.289 -1 -3.162 -1 -3.194 -1 -3.32 -1 95
-3.257 -1 -3.136 -1 -3.208 -1 -3.31 -1 70
-3.259 -1 -3.15 -1 -3.224 -1 -3.342 -1 148
-3.283 -1 -3.128 -1 -3.198 -1 -3.356 -1 158
-3.277 -1 -3.164 -1 -3.194 -1 -3.354 -1 88
-3.274 -1 -3.134 -1 -3.208 -1 -3.422 -1 167
-3.315 -1 -3.178 -1 -3.174 -1 -3.358 -1 13
-3.266 -1 -3.06 -1 -3.062 -1 -3.238 -1 40
-3.15 -1 -3.02 -1 -3.134 -1 -3.284 -1 156
-3.209 -1 -3.082 -1 -3.08 -1 -3.278 -1 6
-3.179 -1 -3.026 -1 -3.084 -1 -3.322 -1 118
-3.203 -1 -3.086 -1 -3.176 -1 -3.308 -1 198
-3.242 -1 -3.136 -1 -3.186 -1 -3.354 -1 144
-3.27 -1 -3.142 -1 -3.18 -1 -3.298 -1 87
-3.239 -1 -3.084 -1 -3.198 -1 -3.308 -1 107
-3.253 -1 -3.138 -1 -3.17 -1 -3.292 -1 97
-3.231 -1 -3.116 -1 -3.244 -1 -3.346 -1 189
-3.295 -1 -3.184 -1 -3.212 -1 -3.404 -1 31
-3.308 -1 -3.208 -1 -3.272 -1 -3.408 -1 162
-3.34 -1 -3.208 -1 -3.262 -1 -3.42 -1 87
-3.341 -1 -3.212 -1 -3.202 -1 -3.372 -1 36
-3.287 -1 -3.122 -1 -3.136 -1 -3.378 -1 38
-3.257 -1 -3.152 -1 -3.248 -1 -3.364 -1 186
-3.306 -1 -3.156 -1 -3.214 -1 -3.36 -1 74
-3.287 -1 -3.104 -1 -3.158 -1 -3.298 -1 79
-3.228 -1 -3.12 -1 -3.226 -1 -3.428 -1 130
-3.327 -1 -3.202 -1 -3.284 -1 -3.398 -1 176
-3.341 -1 -3.21 -1 -3.22 -1 -3.344 -1 29
-3.282 -1 -3.154 -1 -3.254 -1 -3.416 -1 161
-3.335 -1 -3.216 -1 -3.24 -1 -3.302 -1 26
-3.271 -1 -3.146 -1 -3.238 -1 -3.372 -1 189
-3.305 -1 -3.176 -1 -3.176 -1 -3.308 -1 1
-3.242 -1 -3.12 -1 -3.19 -1 -3.274 -2 104
-3.232 -1 -3.1 -1 -3.138 -1 -3.288 -1 65
-3.213 -1 -3.132 -1 -3.15 -1 -3.314 -1 71
-3.232 -1 -3.064 -1 -3.104 -1 -3.354 -1 54
-3.229 -1 -3.106 -1 -3.182 -1 -3.428 -1 109
-3.305 -1 -3.14 -1 -3.224 -1 -3.3 -1 91
-3.262 -1 -3.11 -1 -3.126 -1 -3.318 -1 56
-3.222 -1 -3.086 -1 -3.136 -1 -3.318 -1 109
-3.227 -1 -3.098 -1 -3.098 -1 -3.316 -1 3
-3.207 -1 -3.066 -1 -3.19 -1 -3.348 -1 181
-3.269 -1 -3.17 -1 -3.214 -1 -3.302 -1 62
-3.258 -1 -3.078 -1 -3.12 -1 -3.276 -1 32
-3.198 -1 -3.034 -1 -3.076 -1 -3.286 -1 89
-3.181 -1 -3.036 -1 -3.088 -1 -3.294 -1 100
-3.191 -1 -3.08 -1 -3.128 -1 -3.348 -1 58
-3.238 -1 -3.118 -1 -3.244 -1 -3.396 -1 180
-3.32 -1 -3.156 -1 -3.194 -1 -3.3 -1 39
-3.247 -1 -3.094 -1 -3.172 -1 -3.38 -1 73
-3.276 -1 -3.116 -1 -3.166 -1 -3.34 -2 42
-3.253 -1 -3.144 -1 -3.184 -1 -3.358 -1 138
-3.271 -1 -3.126 -1 -3.184 -1 -3.378 -1 127
-3.281 -1 -3.168 -1 -3.176 -1 -3.288 -1 12
-3.232 -1 -3.086 -1 -3.102 -1 -3.298 -1 15
-3.2 -1 -3.064 -1 -3.086 -1 -3.218 -2 65
-3.152 -1 -3.056 -1 -3.132 -1 -3.296 -1 167
-3.214 -1 -3.08 -1 -3.212 -1 -3.31 -1 140
-3.261 -1 -3.074 -1 -3.12 -1 -3.372 -1 71
-3.246 -1 -3.106 -1 -3.178 -1 -3.272 -1 123
-3.225 -1 -3.08 -1 -3.104 -1 -3.292 -1 47
-3.198 -1 -3.036 -1 -3.136 -1 -3.336 -1 101
-3.236 -1 -3.042 -1 -3.068 -1 -3.338 -1 92
-3.203 -1 -3.108 -1 -3.168 -1 -3.412 -1 104
-3.29 -1 -3.176 -1 -3.238 -1 -3.378 -1 164
-3.308 -1 -3.188 -1 -3.27 -1 -3.428 -1 154
-3.349 -1 -3.254 -1 -3.254 -1 -3.366 -1 22
-3.31 -1 -3.2 -1 -3.244 -1 -3.352 -1 110
-3.298 -1 -3.192 -1 -3.294 -1 -3.406 -2 184
-3.35 -1 -3.208 -1 -3.354 -1 -3.44 -1 193
-3.397 -1 -3.294 -1 -3.348 -1 -3.428 -1 146
-3.388 -1 -3.238 -1 -3.276 -1 -3.448 -1 153
-3.362 -1 -3.22 -1 -3.34 -1 -3.438 -1 184
-3.389 -1 -3.24 -1 -3.252 -1 -3.332 -1 10
-3.292 -1 -3.23 -1 -3.262 -1 -3.32 -1 115
-3.291 -1 -3.08 -1 -3.196 -1 -3.356 -1 144
-3.276 -1 -3.148 -1 -3.224 -1 -3.336 -1 106
-3.28 -1 -3.144 -1 -3.198 -1 -3.366 -1 102
-3.282 -1 -3.166 -1 -3.202 -1 -3.368 -1 58
-3.285 -1 -3.088 -1 -3.194 -1 -3.382 -1 164
-3.288 -1 -3.132 -1 -3.16 -1 -3.392 -1 157
-3.276 -1 -3.16 -1 -3.202 -1 -3.298 -1 159
-3.25 -1 -3.122 -1 -3.216 -1 -3.352 -1 152
-3.284 -1 -3.164 -1 -3.27 -1 -3.334 -1 167
-3.302 -1 -3.152 -1 -3.168 -1 -3.334 -1 52
-3.251 -1 -3.11 -1 -3.136 -1 -3.326 -1 85
-3.231 -1 -3.098 -1 -3.108 -1 -3.334 -1 17
-3.221 -1 -3.138 -1 -3.234 -1 -3.372 -1 168
-3.303 -1 -3.162 -1 -3.182 -1 -3.352 -1 7
-3.267 -1 -3.096 -1 -3.164 -1 -3.312 -1 178
-3.238 -1 -3.108 -1 -3.172 -1 -3.336 -1 76
-3.254 -1 -3.118 -1 -3.17 -1 -3.418 -1 102
-3.294 -1 -3.148 -1 -3.198 -1 -3.322 -1 145
-3.26 -1 -3.132 -1 -3.21 -1 -3.364 -1 68
-3.287 -1 -3.126 -1 -3.206 -1 -3.332 -1 164
-3.269 -1 -3.13 -1 -3.206 -1 -3.34 -1 190
-3.273 -1 -3.12 -1 -3.23 -1 -3.404 -1 177
-3.317 -1 -3.192 -1 -3.236 -1 -3.356 -1 124
-3.296 -1 -3.156 -1 -3.248 -1 -3.364 -1 182
-3.306 -1 -3.198 -1 -3.25 -1 -3.426 -1 79
-3.338 -1 -3.172 -1 -3.248 -1 -3.346 -1 119
-3.297 -1 -3.152 -1 -3.182 -1 -3.38 -1 86
-3.281 -1 -3.162 -1 -3.252 -1 -3.378 -1 141
-3.315 -1 -3.182 -1 -3.232 -1 -3.338 -1 139
-3.285 -1 -3.192 -1 -3.192 -1 -3.346 -1 10
-3.269 -1 -3.16 -1 -3.214 -1 -3.392 -1 110
-3.303 -1 -3.19 -1 -3.192 -1 -3.374 -1 8
-3.283 -1 -3.162 -1 -3.162 -1 -3.304 -1 45
-3.233 -1 -3.086 -1 -3.102 -1 -3.342 -1 29
-3.222 -1 -3.05 -1 -3.136 -1 -3.376 -1 123
-3.256 -1 -3.106 -1 -3.11 -1 -3.336 -1 18
-3.223 -1 -3.082 -1 -3.14 -1 -3.304 -1 105
-3.222 -1 -3.07 -1 -3.146 -1 -3.394 -1 121
-3.27 -1 -3.072 -1 -3.134 -1 -3.322 -1 66
-3.228 -1 -3.088 -1 -3.194 -1 -3.374 -1 184
-3.284 -1 -3.158 -1 -3.168 -1 -3.284 -1 9
-3.226 -1 -3.096 -1 -3.176 -1 -3.3 -1 175
-3.238 -1 -3.12 -1 -3.17 -1 -3.28 -1 71
-3.225 -1 -3.142 -1 -3.202 -1 -3.368 -1 134
-3.285 -1 -3.146 -1 -3.15 -1 -3.272 -1 7
-3.211 -1 -3.094 -1 -3.122 -1 -3.326 -1 48
-3.224 -1 -3.144 -1 -3.198 -1 -3.4 -1 187
-3.299 -1 -3.148 -1 -3.212 -1 -3.338 -1 76
-3.275 -1 -3.138 -1 -3.17 -1 -3.318 -1 35
-3.244 -1 -3.148 -1 -3.186 -1 -3.31 -1 97
-3.248 -1 -3.144 -1 -3.194 -1 -3.368 -1 91
-3.281 -1 -3.154 -1 -3.216 -1 -3.332 -1 84
-3.274 -1 -3.164 -1 -3.23 -1 -3.356 -1 179
-3.293 -1 -3.174 -1 -3.172 -1 -3.3 -1 22
-3.236 -1 -3.136 -1 -3.2 -1 -3.384 -2 162
-3.292 -1 -3.18 -1 -3.18 -1 -3.366 -1 7
-3.273 -1 -3.122 -1 -3.2 -1 -3.268 -1 77
-3.234 -1 -3.068 -1 -3.08 -1 -3.306 -1 26
-3.193 -1 -3.084 -1 -3.242 -1 -3.32 -1 199
-3.281 -1 -3.154 -1 -3.212 -1 -3.276 -1 73
-3.244 -1 -3.158 -1 -3.164 -1 -3.282 -1 7
-3.223 -1 -3.112 -1 -3.122 -1 -3.292 -1 11
-3.207 -1 -3.048 -1 -3.094 -1 -3.322 -1 54
-3.208 -1 -3.062 -1 -3.134 -1 -3.388 -1 197
-3.261 -1 -3.14 -1 -3.162 -1 -3.36 -1 109
-3.261 -1 -3.16 -1 -3.196 -1 -3.412 -2 34
-3.304 -1 -3.174 -1 -3.202 -1 -3.354 -1 62
-3.278 -1 -3.126 -1 -3.214 -1 -3.366 -1 155
-3.29 -1 -3.164 -1 -3.178 -1 -3.334 -1 29
-3.256 -1 -3.162 -1 -3.172 -1 -3.332 -1 9
-3.252 -1 -3.098 -1 -3.166 -1 -3.294 -1 162
-3.23 -1 -3.096 -1 -3.222 -1 -3.422 -1 175
-3.322 -1 -3.194 -1 -3.236 -1 -3.354 -1 72
-3.295 -1 -3.204 -1 -3.25 -1 -3.326 -1 66
-3.288 -1 -3.14 -1 -3.22 -1 -3.344 -1 146
-3.282 -1 -3.12 -1 -3.208 -1 -3.358 -1 176
-3.283 -1 -3.174 -1 -3.22 -1 -3.39 -1 138
-3.305 -1 -3.152 -1 -3.248 -1 -3.4 -1 135
-3.324 -1 -3.18 -1 -3.288 -1 -3.394 -2 168
-3.341 -1 -3.236 -1 -3.234 -1 -3.342 -1 30
-3.288 -1 -3.17 -1 -3.206 -1 -3.378 -1 100
-3.292 -1 -3.136 -1 -3.222 -1 -3.356 -1 181
-3.289 -1 -3.138 -1 -3.154 -1 -3.308 -1 12
-3.231 -1 -3.108 -1 -3.146 -1 -3.306 -1 45
-3.226 -1 -3.072 -1 -3.088 -1 -3.312 -1 45
-3.2 -1 -3.05 -1 -3.12 -1 -3.31 -1 133
-3.215 -1 -3.006 -1 -3.078 -1 -3.21 -1 102
-3.144 -1 -3.002 -1 -3.104 -1 -3.26 -1 97
-3.182 -1 -3.044 -1 -3.088 -1 -3.228 -1 37
-3.158 -1 -3.06 -1 -3.102 -1 -3.234 -1 66
-3.168 -1 -3.066 -1 -3.068 -1 -3.292 -1 2
-3.18 -1 -3.024 -1 -3.104 -1 -3.384 -1 175
-3.244 -1 -3.072 -1 -3.11 -1 -3.264 -2 57
-3.187 -1 -3.078 -1 -3.082 -1 -3.246 -1 13
-3.164 -1 -3.054 -1 -3.048 -1 -3.256 -1 5
-3.152 -1 -3.022 -1 -3.09 -1 -3.314 -1 145
-3.202 -1 -3.098 -1 -3.2 -1 -3.38 -1 114
-3.29 -1 -3.158 -1 -3.21 -1 -3.326 -1 79
-3.268 -1 -3.172 -1 -3.288 -1 -3.34 -1 176
-3.314 -1 -3.172 -1 -3.202 -1 -3.336 -1 63
-3.269 -1 -3.164 -1 -3.234 -1 -3.326 -1 110
-3.28 -1 -3.144 -1 -3.188 -1 -3.284 -1 147
-3.236 -1 -3.108 -1 -3.162 -1 -3.266 -1 143
-3.214 -1 -3.1 -1 -3.166 -1 -3.34 -1 73
-3.253 -1 -3.102 -1 -3.19 -1 -3.308 -1 119
-3.249 -1 -3.098 -1 -3.18 -1 -3.278 -1 105
-3.229 -1 -3.126 -1 -3.182 -1 -3.292 -1 97
-3.237 -1 -3.092 -1 -3.184 -1 -3.356 -2 158
-3.27 -1 -3.17 -1 -3.254 -1 -3.386 -1 144
-3.32 -1 -3.142 -1 -3.204 -1 -3.318 -1 167
-3.261 -1 -3.174 -1 -3.196 -1 -3.346 -1 28
-3.271 -1 -3.184 -1 -3.204 -1 -3.358 -1 47
-3.281 -1 -3.12 -1 -3.162 -1 -3.33 -1 77
-3.246 -1 -3.112 -1 -3.188 -1 -3.338 -1 122
-3.263 -1 -3.164 -1 -3.21 -1 -3.276 -1 34
-3.243 -1 -3.12 -1 -3.142 -1 -3.264 -1 98
-3.203 -1 -3.062 -1 -3.196 -1 -3.346 -1 98
-3.271 -1 -3.21 -1 -3.22 -1 -3.296 -2 4
-3.258 -1 -3.144 -1 -3.264 -1 -3.428 -1 144
-3.346 -1 -3.234 -1 -3.246 -1 -3.43 -1 16
-3.338 -1 -3.188 -1 -3.264 -1 -3.422 -1 129
-3.343 -1 -3.224 -1 -3.344 -2 -3.458 -1 184
-3.401 -1 -3.258 -1 -3.316 -1 -3.498 -1 100
-3.407 -1 -3.254 -1 -3.322 -1 -3.396 -1 79
-3.359 -1 -3.23 -1 -3.262 -1 -3.332 -1 16
-3.297 -1 -3.094 -1 -3.114 -1 -3.326 -1 20
-3.22 -1 -3.078 -1 -3.178 -1 -3.304 -1 193
-3.241 -1 -3.158 -1 -3.242 -1 -3.448 -1 144
-3.345 -1 -3.23 -1 -3.34 -1 -3.434 -2 129
-3.387 -1 -3.25 -1 -3.298 -1 -3.452 -1 98
-3.375 -1 -3.232 -1 -3.25 -1 -3.406 -1 40
-3.328 -1 -3.208 -1 -3.292 -1 -3.394 -1 110
-3.343 -1 -3.228 -1 -3.27 -1 -3.386 -1 125
-3.328 -1 -3.164 -1 -3.22 -1 -3.356 -1 110
-3.288 -1 -3.16 -1 -3.27 -1 -3.368 -1 147
-3.319 -1 -3.152 -1 -3.216 -1 -3.32 -1 123
-3.268 -1 -3.176 -1 -3.224 -1 -3.37 -1 92
-3.297 -1 -3.158 -1 -3.282 -1 -3.434 -1 169
-3.358 -1 -3.242 -1 -3.306 -1 -3.408 -1 76
-3.357 -1 -3.194 -1 -3.302 -1 -3.426 -2 143
-3.364 -1 -3.258 -1 -3.27 -1 -3.39 -1 33
-3.33 -1 -3.228 -1 -3.228 -1 -3.422 -2 53
-3.325 -1 -3.184 -1 -3.218 -1 -3.336 -1 82
-3.277 -1 -3.168 -1 -3.276 -1 -3.41 -1 161
-3.343 -1 -3.174 -1 -3.218 -1 -3.354 -1 76
-3.286 -1 -3.098 -1 -3.114 -1 -3.262 -1 23
-3.188 -1 -3.044 -1 -3.048 -1 -3.302 -1 11
-3.175 -1 -3.106 -1 -3.126 -1 -3.324 -2 88
-3.225 -1 -3.088 -1 -3.164 -1 -3.296 -1 108
-3.23 -1 -3.114 -1 -3.158 -1 -3.318 -1 68
-3.238 -1 -3.112 -1 -3.122 -1 -3.25 -1 14
-3.186 -1 -3.072 -1 -3.16 -1 -3.362 -1 141
-3.261 -1 -3.188 -1 -3.216 -1 -3.348 -1 119
-3.282 -1 -3.118 -1 -3.204 -1 -3.312 -1 108
-3.258 -1 -3.19 -1 -3.202 -1 -3.39 -1 20
-3.296 -1 -3.174 -1 -3.224 -1 -3.346 -1 73
-3.285 -1 -3.146 -1 -3.214 -1 -3.404 -1 108
-3.309 -1 -3.126 -1 -3.138 -1 -3.344 -1 25
-3.241 -1 -3.102 -1 -3.184 -1 -3.28 -2 107
-3.232 -1 -3.104 -1 -3.176 -1 -3.354 -1 179
-3.265 -1 -3.18 -1 -3.23 -1 -3.396 -1 143
-3.313 -1 -3.2 -1 -3.202 -1 -3.372 -1 94
-3.287 -1 -3.182 -1 -3.26 -1 -3.32 -1 111
-3.29 -1 -3.14 -1 -3.214 -1 -3.432 -1 122
-3.323 -1 -3.158 -1 -3.156 -1 -3.324 -1 5
-3.24 -1 -3.134 -1 -3.184 -1 -3.322 -1 130
-3.253 -1 -3.132 -1 -3.232 -1 -3.42 -1 159
-3.326 -1 -3.114 -1 -3.214 -1 -3.368 -1 185
-3.291 -1 -3.17 -1 -3.192 -1 -3.396 -1 118
-3.294 -1 -3.15 -1 -3.24 -1 -3.394 -1 177
-3.317 -1 -3.214 -1 -3.3 -1 -3.478 -1 184
-3.389 -1 -3.252 -1 -3.288 -1 -3.408 -1 113
-3.348 -1 -3.254 -1 -3.342 -1 -3.45 -1 182
-3.396 -1 -3.246 -1 -3.296 -1 -3.454 -1 90
-3.375 -1 -3.198 -1 -3.236 -1 -3.43 -1 44
-3.333 -1 -3.194 -1 -3.276 -1 -3.348 -1 156
-3.312 -1 -3.17 -1 -3.256 -1 -3.432 -1 158
-3.344 -1 -3.254 -1 -3.262 -1 -3.398 -1 7
-3.33 -1 -3.208 -1 -3.24 -1 -3.332 -1 107
-3.286 -1 -3.148 -1 -3.152 -1 -3.356 -1 3
-3.254 -1 -3.14 -1 -3.222 -1 -3.34 -2 128
-3.281 -1 -3.126 -1 -3.208 -1 -3.304 -1 157
-3.256 -1 -3.182 -1 -3.254 -1 -3.422 -2 80
-3.338 -1 -3.158 -1 -3.162 -1 -3.348 -1 7
-3.255 -1 -3.16 -1 -3.168 -1 -3.338 -1 49
-3.253 -1 -3.106 -1 -3.118 -1 -3.318 -1 23
-3.218 -1 -3.136 -1 -3.18 -1 -3.374 -1 110
-3.277 -1 -3.15 -1 -3.15 -1 -3.336 -1 0
-3.243 -1 -3.104 -1 -3.142 -1 -3.312 -1 45
-3.227 -1 -3.082 -1 -3.196 -1 -3.358 -1 176
-3.277 -1 -3.164 -1 -3.258 -1 -3.376 -1 186
-3.317 -1 -3.156 -1 -3.258 -1 -3.362 -1 166
-3.31 -1 -3.172 -1 -3.198 -1 -3.304 -1 23
-3.251 -1 -3.174 -1 -3.182 -1 -3.334 -1 28
-3.258 -1 -3.144 -1 -3.17 -1 -3.356 -1 43
-3.263 -1 -3.106 -1 -3.142 -1 -3.342 -1 56
-3.242 -1 -3.124 -1 -3.148 -1 -3.34 -1 37
-3.244 -1 -3.144 -1 -3.208 -1 -3.322 -1 99
-3.265 -1 -3.06 -1 -3.116 -1 -3.302 -1 73
-3.209 -1 -3.07 -1 -3.1 -1 -3.276 -1 41
-3.188 -1 -3.096 -1 -3.122 -1 -3.348 -1 67
-3.235 -1 -3.066 -1 -3.156 -1 -3.28 -1 117
-3.218 -1 -3.04 -1 -3.11 -1 -3.328 -1 119
-3.219 -1 -3.074 -1 -3.186 -1 -3.33 -1 191
-3.258 -1 -3.148 -1 -3.238 -1 -3.262 -1 155
-3.25 -1 -3.088 -1 -3.162 -1 -3.294 -2 155
-3.228 -1 -3.068 -1 -3.118 -1 -3.326 -1 107
-3.222 -1 -3.094 -1 -3.158 -1 -3.26 -1 159
-3.209 -1 -3.068 -1 -3.116 -1 -3.298 -1 166
-3.207 -1 -3.094 -1 -3.094 -1 -3.314 -2 0
-3.204 -1 -3.044 -1 -3.082 -1 -3.316 -1 53
-3.199 -1 -3.068 -1 -3.148 -1 -3.352 -1 150
-3.25 -1 -3.11 -1 -3.212 -1 -3.362 -1 187
-3.287 -1 -3.188 -1 -3.24 -1 -3.378 -2 182
-3.309 -1 -3.198 -1 -3.294 -1 -3.376 -1 171
-3.335 -1 -3.228 -1 -3.274 -1 -3.456 -1 106
-3.365 -1 -3.232 -1 -3.24 -1 -3.484 -2 136
-3.362 -1 -3.236 -1 -3.254 -1 -3.386 -1 131
-3.32 -1 -3.148 -1 -3.218 -1 -3.33 -1 124
-3.274 -1 -3.142 -1 -3.23 -1 -3.324 -1 161
-3.277 -1 -3.09 -1 -3.122 -1 -3.302 -1 51
-3.212 -1 -3.058 -1 -3.07 -1 -3.338 -1 15
-3.204 -1 -3.126 -1 -3.184 -1 -3.336 -1 85
-3.26 -1 -3.12 -1 -3.184 -1 -3.348 -1 100
-3.266 -1 -3.114 -1 -3.15 -1 -3.352 -1 93
-3.251 -1 -3.07 -1 -3.116 -1 -3.302 -1 108
-3.209 -1 -3.112 -1 -3.168 -1 -3.374 -1 90
-3.271 -1 -3.124 -1 -3.226 -1 -3.424 -1 140
-3.325 -1 -3.156 -1 -3.166 -1 -3.366 -1 10
-3.266 -1 -3.144 -1 -3.214 -1 -3.316 -1 130
-3.265 -1 -3.066 -1 -3.096 -1 -3.27 -1 89
-3.183 -1 -3.042 -1 -3.044 -1 -3.254 -1 4
-3.149 -1 -3.056 -1 -3.112 -1 -3.256 -1 62
-3.184 -1 -3.018 -1 -3.158 -1 -3.278 -1 192
-3.218 -1 -3.13 -1 -3.244 -1 -3.41 -1 141
-3.327 -1 -3.21 -1 -3.236 -1 -3.31 -1 30
-3.273 -1 -3.122 -1 -3.184 -1 -3.338 -1 145
-3.261 -1 -3.068 -1 -3.166 -1 -3.326 -1 179
-3.246 -1 -3.136 -1 -3.172 -1 -3.332 -1 35
-3.252 -1 -3.122 -1 -3.18 -1 -3.324 -1 74
-3.252 -1 -3.094 -1 -3.2 -1 -3.328 -1 176
-3.264 -1 -3.098 -1 -3.166 -1 -3.244 -2 122
-3.205 -1 -3.062 -1 -3.118 -1 -3.306 -1 100
-3.212 -1 -3.072 -1 -3.094 -1 -3.31 -1 84
-3.202 -1 -3.056 -1 -3.06 -1 -3.196 -1 3
-3.128 -1 -3.042 -1 -3.048 -1 -3.214 -1 19
-3.131 -1 -3.052 -1 -3.114 -1 -3.358 -1 199
-3.236 -1 -3.108 -1 -3.2 -1 -3.358 -1 166
-3.279 -1 -3.184 -1 -3.292 -1 -3.4 -1 159
-3.346 -1 -3.132 -1 -3.188 -1 -3.378 -1 118
-3.283 -1 -3.162 -1 -3.206 -1 -3.384 -2 74
-3.295 -1 -3.218 -1 -3.24 -1 -3.318 -1 115
-3.279 -1 -3.15 -1 -3.232 -1 -3.378 -2 99
-3.305 -1 -3.104 -1 -3.186 -1 -3.334 -1 111
-3.26 -1 -3.114 -1 -3.216 -1 -3.374 -1 182
-3.295 -1 -3.146 -1 -3.184 -1 -3.35 -1 188
-3.267 -1 -3.126 -1 -3.206 -1 -3.366 -1 170
-3.286 -1 -3.16 -1 -3.228 -1 -3.312 -1 101
-3.27 -1 -3.082 -1 -3.14 -1 -3.32 -1 93
-3.23 -1 -3.11 -1 -3.186 -1 -3.334 -1 166
-3.26 -1 -3.154 -1 -3.17 -1 -3.37 -1 34
-3.27 -1 -3.168 -1 -3.2 -1 -3.362 -1 64
-3.281 -1 -3.198 -1 -3.262 -1 -3.402 -2 193
-3.332 -1 -3.206 -1 -3.262 -1 -3.394 -1 126
-3.328 -1 -3.22 -1 -3.238 -1 -3.412 -1 60
-3.325 -1 -3.166 -1 -3.19 -1 -3.394 -1 51
-3.292 -1 -3.16 -1 -3.234 -1 -3.36 -1 127
-3.297 -1 -3.172 -1 -3.244 -1 -3.384 -1 118
-3.314 -1 -3.202 -1 -3.312 -1 -3.412 -1 164
-3.362 -1 -3.222 -1 -3.216 -1 -3.382 -1 10
-3.299 -1 -3.142 -1 -3.19 -1 -3.336 -1 65
-3.263 -1 -3.134 -1 -3.154 -1 -3.296 -1 95
-3.225 -1 -3.076 -1 -3.18 -1 -3.288 -1 173
-3.234 -1 -3.092 -1 -3.1 -1 -3.316 -1 29
-3.208 -1 -3.088 -1 -3.094 -1 -3.312 -1 1
-3.203 -1 -3.044 -1 -3.056 -1 -3.212 -1 13
-3.134 -1 -3.048 -1 -3.192 -1 -3.338 -1 190
-3.265 -1 -3.092 -1 -3.198 -1 -3.354 -1 167
-3.276 -1 -3.138 -1 -3.256 -1 -3.43 -1 198
-3.343 -1 -3.206 -1 -3.252 -1 -3.382 -1 180
-3.317 -1 -3.164 -1 -3.2 -1 -3.352 -1 60
-3.276 -1 -3.118 -1 -3.128 -1 -3.37 -1 35
-3.249 -1 -3.168 -1 -3.168 -1 -3.322 -1 89
-3.245 -1 -3.098 -1 -3.134 -1 -3.29 -1 56
-3.212 -1 -3.078 -1 -3.096 -1 -3.322 -2 18
-3.209 -1 -3.044 -1 -3.078 -1 -3.26 -1 40
-3.169 -1 -3.028 -1 -3.04 -1 -3.256 -2 27
-3.148 -1 -3.036 -1 -3.054 -1 -3.25 -1 55
-3.152 -1 -3.042 -1 -3.088 -1 -3.244 -1 49
-3.166 -1 -3.02 -1 -3.078 -1 -3.25 -1 78
-3.164 -1 -3.064 -1 -3.156 -1 -3.328 -1 135
-3.242 -1 -3.176 -1 -3.24 -1 -3.35 -1 76
-3.295 -1 -3.142 -1 -3.25 -1 -3.412 -1 187
-3.331 -1 -3.24 -1 -3.28 -1 -3.394 -1 106
-3.337 -1 -3.142 -1 -3.252 -1 -3.338 -1 139
-3.295 -1 -3.154 -1 -3.242 -1 -3.42 -1 102
-3.331 -1 -3.242 -1 -3.266 -1 -3.394 -1 55
-3.33 -1 -3.186 -1 -3.236 -1 -3.498 -2 80
-3.367 -1 -3.236 -1 -3.292 -1 -3.416 -1 194
-3.354 -1 -3.222 -1 -3.278 -1 -3.39 -2 135
-3.334 -1 -3.208 -1 -3.244 -1 -3.336 -1 36
-3.29 -1 -3.202 -1 -3.234 -1 -3.47 -1 103
-3.352 -1 -3.216 -1 -3.29 -1 -3.416 -2 127
-3.353 -1 -3.26 -1 -3.284 -1 -3.398 -1 129
-3.341 -1 -3.222 -1 -3.216 -1 -3.406 -1 29
-3.311 -1 -3.214 -1 -3.246 -1 -3.38 -1 66
-3.313 -1 -3.17 -1 -3.216 -1 -3.334 -1 62
-3.275 -1 -3.158 -1 -3.212 -1 -3.378 -1 176
-3.295 -1 -3.162 -1 -3.278 -1 -3.396 -1 198
-3.337 -1 -3.186 -1 -3.2 -1 -3.426 -1 27
-3.313 -1 -3.152 -1 -3.208 -1 -3.384 -1 103
-3.296 -1 -3.174 -1 -3.25 -1 -3.408 -1 117
-3.329 -1 -3.178 -1 -3.182 -1 -3.388 -1 42
-3.285 -1 -3.13 -1 -3.208 -1 -3.378 -1 131
-3.293 -1 -3.142 -1 -3.218 -1 -3.338 -1 69
-3.278 -1 -3.068 -1 -3.09 -1 -3.348 -1 38
-3.219 -1 -3.08 -1 -3.106 -1 -3.296 -1 28
-3.201 -1 -3.062 -1 -3.108 -1 -3.29 -1 50
-3.199 -1 -3.072 -1 -3.12 -1 -3.348 -1 85
-3.234 -1 -3.106 -1 -3.18 -1 -3.338 -1 106
-3.259 -1 -3.13 -1 -3.136 -1 -3.402 -1 25
-3.269 -1 -3.084 -1 -3.164 -1 -3.344 -1 166
-3.254 -1 -3.162 -1 -3.2 -1 -3.432 -2 51
-3.316 -1 -3.166 -1 -3.236 -1 -3.34 -1 144
-3.288 -1 -3.172 -1 -3.22 -1 -3.376 -1 109
-3.298 -1 -3.114 -1 -3.166 -1 -3.28 -1 132
-3.223 -1 -3.142 -1 -3.242 -1 -3.32 -1 197
-3.281 -1 -3.11 -1 -3.12 -1 -3.288 -1 13
-3.204 -1 -3.034 -1 -3.1 -1 -3.3 -1 109
-3.2 -1 -3.06 -1 -3.156 -1 -3.372 -1 141
-3.264 -1 -3.098 -1 -3.264 -1 -3.39 -1 196
-3.327 -1 -3.124 -1 -3.198 -1 -3.346 -1 86
-3.272 -1 -3.136 -1 -3.258 -1 -3.402 -1 164
-3.33 -1 -3.188 -1 -3.198 -1 -3.318 -1 53
-3.258 -1 -3.062 -1 -3.17 -1 -3.356 -1 161
-3.263 -1 -3.062 -1 -3.07 -1 -3.268 -1 13
-3.169 -1 -3.066 -1 -3.08 -1 -3.348 -1 20
-3.214 -1 -3.13 -1 -3.266 -1 -3.376 -1 189
-3.321 -1 -3.192 -1 -3.19 -1 -3.352 -2 53
-3.271 -1 -3.138 -1 -3.128 -1 -3.228 -2 20
-3.178 -1 -3.074 -1 -3.172 -1 -3.256 -1 179
-3.214 -1 -3.1 -1 -3.202 -1 -3.362 -1 197
-3.282 -1 -3.16 -1 -3.204 -1 -3.258 -1 154
-3.231 -1 -3.13 -1 -3.224 -1 -3.374 -1 183
-3.299 -1 -3.172 -1 -3.282 -1 -3.354 -1 147
-3.318 -1 -3.248 -1 -3.26 -1 -3.368 -1 21
-3.314 -1 -3.164 -1 -3.2 -1 -3.358 -1 88
-3.279 -1 -3.164 -1 -3.242 -1 -3.394 -1 97
-3.318 -1 -3.188 -1 -3.26 -1 -3.378 -1 140
-3.319 -1 -3.19 -1 -3.296 -1 -3.386 -1 163
-3.341 -1 -3.186 -1 -3.2 -1 -3.378 -1 102
-3.289 -1 -3.088 -1 -3.11 -1 -3.31 -1 57
-3.21 -1 -3.086 -1 -3.174 -1 -3.4 -1 182
-3.287 -1 -3.178 -1 -3.194 -1 -3.388 -1 167
-3.291 -1 -3.13 -1 -3.136 -1 -3.278 -1 30
-3.207 -1 -3.13 -1 -3.174 -1 -3.326 -1 133
-3.25 -1 -3.116 -1 -3.156 -1 -3.342 -2 61
-3.249 -1 -3.172 -1 -3.23 -1 -3.304 -1 197
-3.267 -1 -3.16 -1 -3.218 -1 -3.382 -1 167
-3.3 -1 -3.186 -1 -3.25 -1 -3.338 -1 161
-3.294 -1 -3.106 -1 -3.162 -1 -3.364 -1 118
-3.263 -1 -3.142 -1 -3.134 -1 -3.334 -1 12
-3.234 -1 -3.12 -1 -3.14 -1 -3.312 -1 53
-3.226 -1 -3.086 -1 -3.138 -1 -3.28 -1 64
-3.209 -1 -3.094 -1 -3.232 -1 -3.372 -1 196
-3.302 -1 -3.136 -1 -3.152 -1 -3.346 -1 31
-3.249 -1 -3.092 -1 -3.138 -1 -3.322 -1 70
-3.23 -1 -3.104 -1 -3.264 -1 -3.388 -1 185
-3.326 -1 -3.242 -1 -3.302 -1 -3.47 -1 146
-3.386 -1 -3.22 -1 -3.254 -1 -3.464 -1 26
-3.359 -1 -3.2 -1 -3.274 -1 -3.396 -1 198
-3.335 -1 -3.198 -1 -3.272 -1 -3.366 -2 191
-3.319 -1 -3.144 -1 -3.232 -1 -3.316 -1 173
-3.274 -1 -3.136 -1 -3.176 -1 -3.292 -1 87
-3.234 -1 -3.056 -1 -3.152 -1 -3.28 -1 120
-3.216 -1 -3.096 -1 -3.146 -1 -3.348 -1 141
-3.247 -1 -3.084 -1 -3.102 -1 -3.302 -1 8
-3.202 -1 -3.068 -1 -3.158 -1 -3.366 -1 161
-3.262 -1 -3.136 -1 -3.134 -1 -3.306 -1 20
-3.22 -1 -3.058 -1 -3.112 -1 -3.26 -1 138
-3.186 -1 -3.07 -1 -3.084 -1 -3.284 -1 12
-3.184 -1 -3.036 -1 -3.118 -1 -3.238 -1 99
-3.178 -1 -3.074 -1 -3.156 -1 -3.35 -1 135
-3.253 -1 -3.136 -1 -3.146 -1 -3.296 -1 10
-3.221 -1 -3.066 -1 -3.146 -1 -3.318 -1 130
-3.232 -1 -3.05 -1 -3.124 -1 -3.266 -1 104
-3.195 -1 -3.048 -1 -3.112 -1 -3.282 -1 135
-3.197 -1 -3.068 -1 -3.126 -1 -3.286 -1 115
-3.206 -1 -3.096 -1 -3.152 -1 -3.264 -1 143
-3.208 -1 -3.064 -1 -3.154 -1 -3.328 -1 132
-3.241 -1 -3.07 -1 -3.17 -1 -3.314 -1 119
-3.242 -1 -3.138 -1 -3.182 -1 -3.368 -1 67
-3.275 -1 -3.152 -1 -3.216 -1 -3.37 -1 139
-3.293 -1 -3.138 -1 -3.146 -1 -3.328 -1 9
-3.237 -1 -3.124 -1 -3.13 -1 -3.332 -1 4
-3.231 -1 -3.108 -1 -3.17 -1 -3.33 -1 94
-3.25 -1 -3.15 -1 -3.202 -1 -3.428 -2 76
-3.315 -1 -3.15 -1 -3.162 -1 -3.312 -1 47
-3.237 -1 -3.08 -1 -3.134 -1 -3.256 -1 100
-3.195 -1 -3.12 -1 -3.182 -1 -3.398 -1 49
-3.29 -1 -3.142 -1 -3.142 -1 -3.318 -1 3
-3.23 -1 -3.108 -1 -3.128 -1 -3.254 -1 28
-3.191 -1 -3.092 -1 -3.1 -1 -3.254 -1 8
-3.177 -1 -3.07 -1 -3.108 -1 -3.3 -1 93
-3.204 -1 -3.062 -1 -3.156 -1 -3.304 -1 160
-3.23 -1 -3.056 -1 -3.06 -1 -3.266 -1 8
-3.163 -1 -3.03 -1 -3.03 -1 -3.284 -1 6
-3.157 -1 -3.028 -1 -3.108 -1 -3.308 -1 118
-3.208 -1 -3.082 -1 -3.232 -1 -3.364 -1 197
-3.298 -1 -3.13 -1 -3.156 -1 -3.316 -1 66
-3.236 -1 -3.074 -1 -3.18 -1 -3.336 -1 198
-3.258 -1 -3.09 -1 -3.1 -1 -3.292 -1 16
-3.196 -1 -3.098 -1 -3.108 -1 -3.268 -1 60
-3.188 -1 -3.15 -1 -3.174 -1 -3.34 -1 33
-3.257 -1 -3.134 -1 -3.192 -1 -3.308 -1 85
-3.25 -1 -3.138 -1 -3.23 -1 -3.338 -1 87
-3.284 -1 -3.164 -1 -3.176 -1 -3.352 -1 30
-3.264 -1 -3.144 -1 -3.224 -1 -3.346 -1 166
-3.285 -1 -3.108 -1 -3.138 -1 -3.354 -1 81
-3.246 -1 -3.172 -1 -3.176 -1 -3.302 -1 53
-3.239 -1 -3.1 -1 -3.13 -1 -3.29 -1 80
-3.21 -1 -3.064 -1 -3.112 -1 -3.276 -1 27
-3.194 -1 -3.036 -1 -3.13 -1 -3.332 -1 124
-3.231 -1 -3.104 -1 -3.152 -1 -3.334 -2 68
-3.243 -1 -3.112 -1 -3.16 -1 -3.322 -1 69
-3.241 -1 -3.158 -1 -3.176 -1 -3.3 -1 95
-3.238 -1 -3.046 -1 -3.166 -1 -3.33 -1 192
-3.248 -1 -3.144 -1 -3.194 -1 -3.28 -1 134
-3.237 -1 -3.138 -1 -3.16 -1 -3.356 -1 28
-3.258 -1 -3.166 -1 -3.176 -1 -3.266 -1 25
-3.221 -1 -3.05 -1 -3.078 -1 -3.276 -1 74
-3.177 -1 -3.058 -1 -3.14 -1 -3.318 -1 81
-3.229 -1 -3.05 -1 -3.142 -1 -3.298 -1 163
-3.22 -1 -3.11 -1 -3.168 -1 -3.284 -1 91
-3.226 -1 -3.114 -1 -3.13 -1 -3.296 -1 23
-3.213 -1 -3.014 -1 -3.116 -1 -3.34 -1 146
-3.228 -1 -3.068 -1 -3.176 -1 -3.342 -2 153
-3.259 -1 -3.102 -1 -3.106 -1 -3.302 -1 3
-3.204 -1 -3.098 -1 -3.158 -1 -3.244 -2 98
-3.201 -1 -3.066 -1 -3.068 -1 -3.222 -2 16
-3.145 -1 -3.018 -1 -3.1 -1 -3.262 -1 149
-3.181 -1 -3.122 -1 -3.204 -1 -3.34 -1 84
-3.272 -1 -3.172 -1 -3.174 -1 -3.28 -1 1
-3.227 -1 -3.106 -1 -3.106 -1 -3.286 -1 0
-3.196 -1 -3.096 -1 -3.168 -1 -3.382 -1 79
-3.275 -1 -3.164 -1 -3.198 -1 -3.354 -1 130
-3.276 -1 -3.094 -1 -3.214 -1 -3.344 -1 193
-3.279 -1 -3.192 -1 -3.234 -1 -3.414 -1 129
-3.324 -1 -3.222 -1 -3.28 -1 -3.366 -1 86
-3.323 -1 -3.196 -1 -3.214 -1 -3.328 -1 30
-3.271 -1 -3.182 -1 -3.21 -2 -3.392 -1 126
-3.301 -1 -3.232 -1 -3.294 -1 -3.418 -1 66
-3.356 -1 -3.204 -1 -3.232 -1 -3.368 -1 85
-3.3 -1 -3.12 -1 -3.19 -1 -3.318 -1 113
-3.254 -1 -3.1 -1 -3.208 -1 -3.372 -1 157
-3.29 -1 -3.152 -1 -3.18 -1 -3.35 -1 79
-3.265 -1 -3.132 -1 -3.176 -1 -3.342 -1 56
-3.259 -1 -3.136 -1 -3.148 -1 -3.346 -1 31
-3.247 -1 -3.068 -1 -3.16 -1 -3.3 -1 167
-3.23 -1 -3.1 -1 -3.13 -1 -3.364 -1 49
-3.247 -1 -3.168 -1 -3.25 -1 -3.388 -1 132
-3.319 -1 -3.212 -1 -3.284 -1 -3.386 -1 109
-3.335 -1 -3.21 -1 -3.248 -1 -3.386 -1 142
-3.317 -1 -3.2 -1 -3.226 -1 -3.334 -1 48
-3.28 -1 -3.144 -1 -3.216 -1 -3.332 -1 117
-3.274 -1 -3.114 -1 -3.142 -1 -3.32 -1 50
-3.231 -1 -3.088 -1 -3.122 -1 -3.314 -1 98
-3.218 -1 -3.068 -1 -3.19 -1 -3.368 -1 192
-3.279 -1 -3.182 -1 -3.22 -1 -3.312 -1 61
-3.266 -1 -3.176 -1 -3.294 -1 -3.386 -2 153
-3.34 -1 -3.22 -1 -3.242 -1 -3.368 -1 29
-3.305 -1 -3.208 -1 -3.24 -1 -3.346 -1 79
-3.293 -1 -3.066 -1 -3.16 -1 -3.29 -1 175
-3.225 -1 -3.088 -1 -3.16 -1 -3.286 -1 114
-3.223 -1 -3.082 -1 -3.14 -1 -3.334 -1 111
-3.237 -1 -3.094 -1 -3.136 -1 -3.274 -1 70
-3.205 -1 -3.074 -1 -3.11 -1 -3.26 -1 100
-3.185 -1 -3.066 -1 -3.08 -1 -3.258 -1 22
-3.169 -1 -3.046 -1 -3.1 -1 -3.284 -1 42
-3.192 -1 -3.012 -1 -3.1 -1 -3.246 -1 172
-3.173 -1 -3.022 -1 -3.16 -1 -3.348 -1 142
-3.254 -1 -3.094 -1 -3.126 -1 -3.32 -1 71
-3.223 -1 -3.052 -1 -3.054 -1 -3.272 -1 57
-3.163 -1 -2.996 -1 -3.038 -1 -3.31 -1 51
-3.174 -1 -3.02 -1 -3.144 -1 -3.33 -1 156
-3.237 -1 -3.126 -1 -3.234 -1 -3.388 -1 181
-3.311 -1 -3.146 -1 -3.158 -1 -3.286 -1 18
-3.222 -1 -3.056 -1 -3.084 -1 -3.26 -1 53
-3.172 -1 -3.046 -1 -3.178 -1 -3.324 -1 195
-3.251 -1 -3.108 -1 -3.182 -1 -3.308 -1 87
-3.245 -1 -3.056 -1 -3.16 -1 -3.404 -1 182
-3.282 -1 -3.172 -1 -3.238 -1 -3.374 -1 146
-3.306 -1 -3.232 -1 -3.276 -1 -3.422 -1 82
-3.349 -1 -3.178 -1 -3.2 -1 -3.418 -1 20
-3.309 -1 -3.186 -1 -3.19 -1 -3.346 -1 17
-3.268 -1 -3.15 -1 -3.206 -1 -3.33 -1 91
-3.268 -1 -3.158 -1 -3.2 -1 -3.356 -1 74
-3.278 -1 -3.11 -1 -3.212 -1 -3.344 -1 188
-3.278 -1 -3.132 -1 -3.202 -1 -3.316 -1 114
-3.259 -1 -3.128 -1 -3.176 -1 -3.308 -1 110
-3.242 -1 -3.16 -1 -3.226 -1 -3.338 -1 106
-3.282 -1 -3.112 -1 -3.196 -1 -3.414 -1 96
-3.305 -1 -3.18 -1 -3.33 -1 -3.474 -1 169
-3.402 -1 -3.314 -1 -3.356 -1 -3.476 -1 140
-3.416 -1 -3.338 -1 -3.356 -1 -3.482 -1 121
-3.419 -1 -3.302 -1 -3.342 -1 -3.46 -1 38
-3.401 -1 -3.3 -1 -3.3 -1 -3.382 -1 6
-3.341 -1 -3.238 -1 -3.312 -1 -3.38 -1 191
-3.346 -1 -3.2 -1 -3.228 -1 -3.37 -1 58
-3.299 -1 -3.146 -1 -3.22 -1 -3.348 -1 86
-3.284 -1 -3.182 -1 -3.244 -1 -3.382 -1 92
-3.313 -1 -3.2 -1 -3.26 -1 -3.424 -1 143
-3.342 -1 -3.17 -1 -3.198 -1 -3.384 -1 79
-3.291 -1 -3.154 -1 -3.192 -1 -3.33 -1 66
-3.261 -1 -3.176 -1 -3.266 -1 -3.456 -1 160
-3.361 -1 -3.224 -1 -3.304 -1 -3.384 -1 188
-3.344 -1 -3.172 -1 -3.25 -1 -3.272 -1 105
-3.261 -1 -3.166 -1 -3.198 -1 -3.234 -1 75
-3.216 -1 -3.12 -1 -3.168 -1 -3.32 -1 144
-3.244 -1 -3.164 -1 -3.17 -1 -3.374 -1 5
-3.272 -1 -3.112 -1 -3.142 -1 -3.316 -1 41
-3.229 -1 -3.118 -1 -3.152 -1 -3.306 -1 90
-3.229 -1 -3.098 -1 -3.16 -1 -3.314 -1 193
-3.237 -1 -3.106 -1 -3.108 -1 -3.22 -1 5
-3.164 -1 -2.994 -1 -3.02 -1 -3.242 -2 37
-3.131 -1 -3.008 -1 -3.06 -1 -3.17 -1 75
-3.115 -1 -2.974 -1 -3.058 -1 -3.284 -1 167
-3.171 -1 -3.034 -1 -3.084 -1 -3.314 -2 77
-3.199 -1 -3.02 -1 -3.084 -1 -3.326 -1 75
-3.205 -1 -3.068 -1 -3.082 -1 -3.264 -1 80
-3.173 -1 -3.03 -1 -3.13 -1 -3.382 -1 121
-3.256 -1 -3.09 -1 -3.116 -1 -3.268 -1 48
-3.192 -1 -3.066 -1 -3.19 -1 -3.382 -1 188
-3.286 -1 -3.174 -1 -3.228 -1 -3.388 -1 100
-3.308 -1 -3.152 -1 -3.202 -1 -3.372 -1 58
-3.287 -1 -3.21 -1 -3.232 -1 -3.302 -1 44
-3.267 -1 -3.114 -1 -3.192 -1 -3.322 -1 100
-3.257 -1 -3.094 -1 -3.194 -1 -3.38 -1 144
-3.287 -1 -3.132 -1 -3.296 -1 -3.422 -1 177
-3.359 -1 -3.228 -1 -3.31 -1 -3.444 -1 162
-3.377 -1 -3.174 -1 -3.22 -1 -3.348 -1 76
-3.284 -1 -3.144 -1 -3.186 -1 -3.262 -1 107
-3.224 -1 -3.12 -1 -3.188 -1 -3.354 -2 173
-3.271 -1 -3.184 -1 -3.26 -1 -3.406 -1 123
-3.333 -1 -3.24 -1 -3.302 -1 -3.344 -1 87
-3.323 -1 -3.176 -1 -3.262 -1 -3.356 -1 194
-3.309 -1 -3.166 -1 -3.222 -1 -3.338 -1 108
-3.28 -1 -3.148 -1 -3.196 -1 -3.356 -1 88
-3.276 -1 -3.122 -1 -3.244 -1 -3.366 -2 197
-3.305 -1 -3.164 -1 -3.172 -1 -3.3 -1 4
-3.236 -1 -3.126 -1 -3.21 -1 -3.384 -1 143
-3.297 -1 -3.202 -1 -3.262 -1 -3.37 -1 158
-3.316 -1 -3.26 -1 -3.268 -1 -3.408 -1 37
-3.338 -1 -3.204 -1 -3.284 -1 -3.398 -1 153
-3.341 -1 -3.21 -1 -3.268 -1 -3.39 -1 187
-3.329 -1 -3.196 -1 -3.236 -1 -3.416 -1 74
-3.326 -1 -3.216 -1 -3.236 -1 -3.312 -1 72
-3.274 -1 -3.132 -1 -3.15 -1 -3.298 -1 56
-3.224 -1 -3.06 -1 -3.058 -1 -3.3 -1 17
-3.179 -1 -3.078 -1 -3.216 -1 -3.342 -1 195
-3.279 -1 -3.122 -1 -3.204 -1 -3.272 -1 187
-3.238 -1 -3.092 -1 -3.11 -1 -3.31 -1 33
-3.21 -1 -3.106 -1 -3.106 -1 -3.28 -1 0
-3.193 -1 -3.104 -1 -3.162 -1 -3.26 -1 83
-3.211 -1 -3.07 -1 -3.11 -1 -3.372 -1 35
-3.241 -1 -3.082 -1 -3.144 -1 -3.296 -1 97
-3.22 -1 -3.106 -1 -3.198 -1 -3.32 -1 141
-3.259 -1 -3.1 -1 -3.154 -1 -3.374 -1 129
-3.264 -1 -3.182 -1 -3.226 -1 -3.352 -1 102
-3.289 -1 -3.162 -1 -3.226 -1 -3.356 -1 86
-3.291 -1 -3.132 -1 -3.136 -1 -3.272 -1 32
-3.204 -1 -3.042 -1 -3.188 -1 -3.346 -1 169
-3.267 -1 -3.144 -1 -3.216 -1 -3.386 -1 65
-3.301 -1 -3.16 -1 -3.214 -1 -3.308 -1 158
-3.261 -1 -3.142 -1 -3.228 -1 -3.312 -1 192
-3.27 -1 -3.152 -1 -3.162 -1 -3.316 -1 70
-3.239 -1 -3.09 -1 -3.164 -1 -3.324 -1 146
-3.244 -1 -3.148 -1 -3.174 -1 -3.34 -1 40
-3.257 -1 -3.094 -1 -3.094 -1 -3.306 -1 1
-3.2 -1 -3.064 -1 -3.182 -1 -3.38 -1 142
-3.281 -1 -3.138 -1 -3.148 -1 -3.308 -1 21
-3.228 -1 -3.182 -1 -3.254 -1 -3.492 -1 135
-3.373 -1 -3.174 -1 -3.296 -1 -3.408 -1 179
-3.352 -1 -3.182 -1 -3.2 -1 -3.39 -1 10
-3.295 -1 -3.15 -1 -3.228 -1 -3.378 -1 168
-3.303 -1 -3.16 -1 -3.272 -1 -3.436 -1 168
-3.354 -1 -3.184 -1 -3.212 -1 -3.322 -1 143
-3.267 -1 -3.142 -1 -3.206 -1 -3.362 -1 166
-3.284 -1 -3.154 -1 -3.212 -1 -3.298 -1 185
-3.255 -1 -3.124 -1 -3.266 -1 -3.404 -1 175
-3.335 -1 -3.21 -1 -3.214 -1 -3.372 -1 6
-3.293 -1 -3.138 -1 -3.158 -1 -3.414 -1 92
-3.286 -1 -3.2 -1 -3.2 -1 -3.364 -2 2
-3.282 -1 -3.156 -1 -3.164 -1 -3.31 -1 13
-3.237 -1 -3.072 -1 -3.11 -1 -3.242 -1 47
-3.176 -1 -3.054 -1 -3.064 -1 -3.264 -1 21
-3.164 -1 -2.978 -1 -3.082 -1 -3.306 -2 187
-3.194 -1 -3.042 -1 -3.07 -1 -3.208 -1 66
-3.139 -1 -3.03 -1 -3.146 -1 -3.31 -1 116
-3.228 -1 -3.086 -1 -3.192 -1 -3.332 -1 193
-3.262 -1 -3.13 -1 -3.226 -1 -3.354 -2 162
-3.29 -1 -3.11 -1 -3.156 -1 -3.286 -1 33
-3.221 -1 -3.092 -1 -3.162 -1 -3.372 -1 184
-3.267 -1 -3.078 -1 -3.1 -1 -3.286 -1 22
-3.193 -1 -3.056 -1 -3.132 -1 -3.384 -1 119
-3.258 -1 -3.128 -1 -3.158 -1 -3.336 -1 58
-3.247 -1 -3.076 -1 -3.148 -1 -3.4 -1 179
-3.274 -1 -3.158 -1 -3.274 -1 -3.402 -1 193
-3.338 -1 -3.186 -1 -3.214 -1 -3.296 -1 49
-3.255 -1 -3.156 -1 -3.268 -1 -3.312 -1 196
-3.29 -1 -3.15 -1 -3.18 -1 -3.3 -2 65
-3.24 -1 -3.138 -1 -3.178 -1 -3.326 -1 102
-3.252 -1 -3.074 -1 -3.078 -1 -3.26 -1 19
-3.169 -1 -3.05 -1 -3.068 -1 -3.3 -1 29
-3.184 -1 -3.082 -1 -3.172 -1 -3.322 -1 147
-3.247 -1 -3.086 -1 -3.092 -1 -3.272 -1 18
-3.182 -1 -3.082 -1 -3.082 -1 -3.248 -1 0
-3.165 -1 -3.048 -1 -3.064 -1 -3.224 -1 28
-3.144 -1 -2.996 -1 -3.01 -1 -3.216 -1 39
-3.113 -1 -2.982 -1 -3.108 -1 -3.322 -1 170
-3.215 -1 -3.064 -1 -3.174 -1 -3.286 -1 176
-3.23 -1 -3.13 -1 -3.134 -1 -3.308 -1 1
-3.221 -1 -3.104 -1 -3.104 -1 -3.232 -1 52
-3.168 -1 -3.008 -1 -3.176 -1 -3.36 -2 187
-3.268 -1 -3.102 -1 -3.214 -1 -3.374 -1 152
-3.294 -1 -3.106 -1 -3.114 -1 -3.288 -2 80
-3.201 -1 -3.054 -1 -3.068 -1 -3.374 -1 38
-3.221 -1 -3.09 -1 -3.154 -1 -3.292 -1 53
-3.223 -1 -3.088 -1 -3.098 -1 -3.21 -1 21
-3.154 -1 -3.028 -1 -3.066 -1 -3.234 -2 52
-3.15 -1 -3.004 -1 -3.06 -1 -3.294 -1 124
-3.177 -1 -3.058 -1 -3.12 -1 -3.324 -1 153
-3.222 -1 -3.102 -1 -3.218 -1 -3.33 -1 191
-3.274 -1 -3.15 -1 -3.192 -1 -3.414 -1 44
-3.303 -1 -3.18 -1 -3.246 -1 -3.384 -1 61
-3.315 -1 -3.16 -1 -3.234 -1 -3.376 -1 118
-3.305 -1 -3.156 -1 -3.19 -1 -3.302 -1 39
-3.246 -1 -3.068 -1 -3.068 -1 -3.276 -1 67
-3.172 -1 -3.042 -1 -3.06 -1 -3.254 -1 22
-3.157 -1 -3.048 -1 -3.078 -1 -3.33 -1 37
-3.204 -1 -3.064 -1 -3.1 -1 -3.212 -1 192
-3.156 -1 -3.05 -1 -3.056 -1 -3.244 -1 13
-3.15 -1 -3.054 -1 -3.178 -1 -3.312 -1 164
-3.245 -1 -3.14 -1 -3.148 -1 -3.324 -1 61
-3.236 -1 -3.182 -1 -3.23 -1 -3.334 -1 107
-3.282 -1 -3.148 -1 -3.2 -1 -3.378 -2 156
-3.289 -1 -3.146 -1 -3.208 -1 -3.342 -2 158
-3.275 -1 -3.166 -1 -3.184 -1 -3.428 -1 45
-3.306 -1 -3.156 -1 -3.236 -1 -3.32 -1 159
-3.278 -1 -3.144 -1 -3.178 -1 -3.346 -1 53
-3.262 -1 -3.128 -1 -3.178 -1 -3.354 -1 84
-3.266 -1 -3.136 -1 -3.188 -1 -3.342 -1 92
-3.265 -1 -3.134 -1 -3.2 -1 -3.41 -1 180
-3.305 -1 -3.128 -1 -3.144 -1 -3.318 -1 45
-3.231 -1 -3.046 -1 -3.108 -1 -3.282 -1 79
-3.195 -1 -3.102 -1 -3.208 -1 -3.362 -1 185
-3.285 -1 -3.138 -1 -3.178 -1 -3.324 -1 101
-3.251 -1 -3.098 -1 -3.164 -1 -3.396 -1 109
-3.28 -1 -3.124 -1 -3.256 -1 -3.412 -1 195
-3.334 -1 -3.162 -1 -3.23 -1 -3.354 -1 84
-3.292 -1 -3.19 -1 -3.292 -1 -3.43 -1 154
-3.361 -1 -3.21 -1 -3.292 -1 -3.388 -1 194
-3.34 -1 -3.25 -1 -3.284 -1 -3.406 -1 53
-3.345 -1 -3.208 -1 -3.3 -1 -3.33 -1 144
-3.315 -1 -3.156 -1 -3.188 -1 -3.35 -1 136
-3.269 -1 -3.182 -1 -3.262 -1 -3.412 -1 170
-3.337 -1 -3.196 -1 -3.3 -1 -3.382 -1 167
-3.341 -1 -3.162 -1 -3.188 -1 -3.32 -1 40
-3.254 -1 -3.116 -1 -3.158 -1 -3.246 -1 108
-3.202 -1 -3.066 -1 -3.098 -1 -3.292 -1 53
-3.195 -1 -3.076 -1 -3.134 -1 -3.33 -1 85
-3.232 -1 -3.066 -1 -3.068 -1 -3.272 -1 20
-3.17 -1 -3.026 -1 -3.138 -1 -3.256 -1 137
-3.197 -1 -3.046 -1 -3.054 -1 -3.276 -1 12
-3.165 -1 -3.04 -1 -3.126 -1 -3.336 -1 143
-3.231 -1 -3.104 -1 -3.108 -1 -3.306 -1 4
-3.207 -1 -3.054 -1 -3.148 -1 -3.284 -1 128
-3.216 -1 -3.058 -1 -3.148 -1 -3.264 -1 116
-3.206 -1 -3.098 -1 -3.228 -1 -3.406 -1 183
-3.317 -1 -3.232 -1 -3.29 -1 -3.368 -1 122
-3.329 -1 -3.222 -1 -3.296 -1 -3.458 -1 145
-3.377 -1 -3.284 -1 -3.286 -1 -3.376 -1 15
-3.331 -1 -3.184 -1 -3.248 -1 -3.324 -2 179
-3.286 -1 -3.13 -1 -3.196 -1 -3.358 -1 106
-3.277 -1 -3.144 -1 -3.206 -1 -3.362 -1 85
-3.284 -1 -3.15 -1 -3.184 -1 -3.34 -2 69
-3.262 -1 -3.136 -1 -3.24 -1 -3.316 -1 199
-3.278 -1 -3.164 -1 -3.156 -1 -3.294 -1 41
-3.225 -1 -3.072 -1 -3.124 -1 -3.252 -1 63
-3.188 -1 -3.098 -1 -3.156 -1 -3.268 -1 157
-3.212 -1 -3.066 -1 -3.158 -1 -3.272 -1 149
-3.215 -1 -3.052 -1 -3.166 -1 -3.33 -1 161
-3.248 -1 -3.138 -1 -3.188 -1 -3.312 -1 101
-3.25 -1 -3.1 -1 -3.152 -1 -3.322 -1 83
-3.237 -1 -3.106 -1 -3.108 -1 -3.326 -1 10
-3.217 -1 -3.11 -1 -3.222 -1 -3.332 -1 192
-3.277 -1 -3.152 -1 -3.226 -1 -3.302 -1 169
-3.264 -1 -3.148 -1 -3.176 -1 -3.406 -2 78
-3.291 -1 -3.192 -1 -3.294 -1 -3.35 -1 97
-3.322 -1 -3.198 -1 -3.304 -1 -3.39 -1 164
-3.347 -1 -3.18 -1 -3.184 -1 -3.384 -1 4
-3.284 -1 -3.14 -1 -3.164 -1 -3.334 -2 69
-3.249 -1 -3.084 -1 -3.164 -1 -3.42 -1 130
-3.292 -1 -3.178 -1 -3.224 -1 -3.472 -1 130
-3.348 -1 -3.23 -1 -3.268 -1 -3.474 -1 62
-3.371 -1 -3.264 -1 -3.358 -1 -3.498 -2 170
-3.428 -1 -3.288 -1 -3.364 -2 -3.39 -1 130
-3.377 -1 -3.258 -1 -3.258 -1 -3.456 -1 4
-3.357 -1 -3.206 -1 -3.272 -1 -3.428 -1 173
-3.35 -1 -3.216 -1 -3.248 -1 -3.448 -1 73
-3.348 -1 -3.176 -1 -3.288 -1 -3.416 -1 165
-3.352 -1 -3.228 -1 -3.264 -1 -3.374 -1 64
-3.319 -1 -3.124 -1 -3.15 -1 -3.384 -1 55
-3.267 -1 -3.088 -1 -3.168 -1 -3.35 -1 127
-3.259 -1 -3.126 -1 -3.186 -1 -3.304 -1 105
-3.245 -1 -3.174 -1 -3.22 -1 -3.35 -1 80
-3.285 -1 -3.11 -1 -3.202 -1 -3.354 -2 187
-3.278 -1 -3.132 -1 -3.156 -1 -3.348 -1 34
-3.252 -1 -3.138 -1 -3.14 -1 -3.312 -1 1
-3.226 -1 -3.168 -1 -3.174 -1 -3.314 -1 16
-3.244 -1 -3.126 -1 -3.218 -1 -3.306 -1 105
-3.262 -1 -3.126 -1 -3.168 -1 -3.366 -1 147
-3.267 -1 -3.194 -1 -3.194 -1 -3.4 -1 20
-3.297 -1 -3.176 -1 -3.196 -1 -3.346 -1 84
-3.271 -1 -3.16 -1 -3.272 -1 -3.382 -1 182
-3.327 -1 -3.186 -1 -3.216 -1 -3.346 -1 98
-3.281 -1 -3.124 -1 -3.212 -1 -3.34 -1 148
-3.276 -1 -3.098 -1 -3.128 -1 -3.336 -1 56
-3.232 -1 -3.1 -1 -3.158 -1 -3.28 -1 103
-3.219 -1 -3.076 -1 -3.078 -1 -3.222 -1 9
-3.15 -1 -3.008 -1 -3.06 -1 -3.226 -1 80
-3.143 -1 -3.018 -1 -3.034 -1 -3.238 -1 22
-3.136 -1 -3.008 -1 -3.072 -1 -3.288 -1 138
-3.18 -1 -3.06 -1 -3.114 -1 -3.28 -1 112
-3.197 -1 -3.072 -1 -3.088 -1 -3.26 -1 22
-3.174 -1 -3.042 -1 -3.128 -1 -3.274 -1 166
-3.201 -1 -3.072 -1 -3.264 -1 -3.432 -1 186
-3.348 -1 -3.254 -1 -3.324 -1 -3.418 -1 179
-3.371 -1 -3.218 -1 -3.284 -1 -3.368 -1 65
-3.326 -1 -3.206 -1 -3.236 -1 -3.342 -1 81
-3.289 -1 -3.14 -1 -3.148 -1 -3.294 -1 10
-3.221 -1 -3.09 -1 -3.146 -1 -3.302 -1 118
-3.224 -1 -3.082 -1 -3.124 -1 -3.294 -1 50
-3.209 -1 -3.062 -1 -3.136 -1 -3.304 -1 103
-3.22 -1 -3.088 -1 -3.118 -1 -3.326 -1 43
-3.222 -1 -3.114 -1 -3.114 -1 -3.3 -1 49
-3.207 -1 -3.096 -1 -3.134 -1 -3.28 -1 88
-3.207 -1 -3.08 -1 -3.146 -1 -3.234 -1 53
-3.19 -1 -3.054 -1 -3.136 -1 -3.322 -1 119
-3.229 -1 -3.114 -1 -3.168 -1 -3.294 -1 86
-3.231 -1 -3.124 -1 -3.216 -1 -3.334 -1 144
-3.275 -1 -3.106 -1 -3.14 -1 -3.324 -2 43
-3.232 -1 -3.132 -1 -3.162 -1 -3.33 -1 85
-3.246 -1 -3.142 -1 -3.228 -1 -3.342 -1 105
-3.285 -1 -3.16 -1 -3.162 -1 -3.278 -1 42
-3.22 -1 -3.112 -1 -3.144 -1 -3.268 -1 159
-3.206 -1 -3.042 -1 -3.114 -1 -3.382 -2 87
-3.248 -1 -3.096 -1 -3.212 -1 -3.408 -1 160
-3.31 -1 -3.164 -1 -3.238 -1 -3.328 -1 198
-3.283 -1 -3.13 -1 -3.21 -1 -3.342 -1 153
-3.276 -1 -3.12 -1 -3.196 -1 -3.36 -1 183
-3.278 -1 -3.16 -1 -3.19 -1 -3.336 -1 87
-3.263 -1 -3.028 -1 -3.104 -1 -3.348 -1 148
-3.226 -1 -3.17 -1 -3.196 -1 -3.362 -1 48
-3.279 -1 -3.112 -1 -3.146 -1 -3.282 -1 49
-3.214 -1 -3.076 -1 -3.112 -1 -3.312 -1 110
-3.212 -1 -3.076 -1 -3.146 -1 -3.27 -1 73
-3.208 -1 -3.132 -1 -3.192 -1 -3.34 -1 107
-3.266 -1 -3.146 -1 -3.154 -1 -3.332 -1 83
-3.243 -1 -3.126 -1 -3.208 -1 -3.356 -1 98
-3.282 -1 -3.152 -1 -3.182 -1 -3.364 -1 165
-3.273 -1 -3.124 -1 -3.19 -1 -3.378 -1 67
-3.284 -1 -3.186 -1 -3.262 -1 -3.388 -1 164
-3.325 -1 -3.198 -1 -3.302 -1 -3.366 -1 187
-3.334 -1 -3.25 -1 -3.302 -1 -3.434 -1 95
-3.368 -1 -3.226 -1 -3.266 -1 -3.406 -1 70
-3.336 -1 -3.172 -1 -3.262 -1 -3.44 -1 199
-3.351 -1 -3.25 -1 -3.298 -1 -3.4 -2 76
-3.349 -1 -3.236 -2 -3.244 -2 -3.378 -2 87
-3.311 -2 -3.188 -2 -3.282 -2 -3.394 -1 157
-3.338 -1 -3.162 -1 -3.248 -1 -3.36 -1 128
-3.304 -1 -3.184 -1 -3.202 -1 -3.344 -1 99
-3.273 -1 -3.138 -1 -3.152 -1 -3.334 -1 48
-3.243 -1 -3.094 -1 -3.164 -1 -3.408 -1 101
-3.286 -1 -3.122 -1 -3.208 -1 -3.448 -1 141
-3.328 -1 -3.228 -1 -3.304 -1 -3.376 -1 177
-3.34 -1 -3.252 -1 -3.304 -1 -3.466 -1 63
-3.385 -1 -3.276 -1 -3.298 -1 -3.396 -1 49
-3.347 -1 -3.208 -1 -3.33 -1 -3.396 -1 165
-3.363 -1 -3.274 -1 -3.276 -1 -3.366 -1 82
-3.321 -1 -3.184 -1 -3.228 -1 -3.402 -1 137
-3.315 -1 -3.236 -1 -3.254 -1 -3.35 -1 28
-3.302 -1 -3.168 -1 -3.202 -1 -3.378 -2 123
-3.29 -1 -3.136 -1 -3.252 -1 -3.376 -1 174
-3.314 -1 -3.206 -1 -3.248 -1 -3.378 -1 106
-3.313 -1 -3.216 -1 -3.326 -1 -3.402 -1 188
-3.364 -1 -3.256 -1 -3.292 -1 -3.446 -2 76
-3.369 -1 -3.212 -1 -3.26 -1 -3.41 -1 184
-3.335 -1 -3.162 -1 -3.212 -1 -3.342 -1 93
-3.277 -1 -3.142 -1 -3.202 -1 -3.34 -1 84
-3.271 -1 -3.128 -1 -3.152 -1 -3.334 -1 48
-3.243 -1 -3.084 -1 -3.176 -1 -3.396 -1 198
-3.286 -1 -3.142 -1 -3.198 -1 -3.368 -2 138
-3.283 -1 -3.16 -1 -3.254 -1 -3.35 -1 135
-3.302 -1 -3.236 -1 -3.314 -1 -3.412 -1 160
-3.363 -1 -3.242 -1 -3.302 -1 -3.398 -1 158
-3.35 -1 -3.226 -1 -3.3 -1 -3.4 -1 139
-3.35 -1 -3.218 -1 -3.23 -1 -3.388 -1 52
-3.309 -1 -3.174 -1 -3.26 -1 -3.42 -1 102
-3.34 -1 -3.252 -1 -3.324 -1 -3.466 -1 159
-3.395 -1 -3.23 -1 -3.262 -1 -3.436 -1 30
-3.349 -1 -3.19 -1 -3.216 -1 -3.356 -1 38
-3.286 -1 -3.138 -1 -3.212 -1 -3.388 -1 150
-3.3 -1 -3.154 -1 -3.256 -1 -3.318 -1 137
-3.287 -1 -3.122 -1 -3.134 -1 -3.314 -1 20
-3.224 -1 -3.044 -1 -3.16 -1 -3.322 -1 195
-3.241 -1 -3.072 -1 -3.132 -1 -3.302 -1 110
-3.217 -1 -3.1 -1 -3.138 -1 -3.348 -1 74
-3.243 -1 -3.12 -1 -3.18 -1 -3.268 -1 126
-3.224 -1 -3.126 -1 -3.172 -1 -3.358 -1 162
-3.265 -1 -3.174 -1 -3.234 -1 -3.37 -1 89
-3.302 -1 -3.156 -1 -3.158 -1 -3.358 -2 7
-3.258 -1 -3.198 -1 -3.234 -1 -3.37 -1 60
-3.302 -1 -3.17 -1 -3.206 -1 -3.408 -1 78
-3.307 -1 -3.198 -1 -3.218 -1 -3.272 -1 40
-3.245 -1 -3.178 -1 -3.268 -1 -3.374 -1 181
-3.321 -1 -3.14 -1 -3.178 -1 -3.344 -1 76
-3.261 -1 -3.13 -1 -3.188 -1 -3.268 -1 57
-3.228 -1 -3.094 -1 -3.158 -1 -3.322 -1 132
-3.24 -1 -3.11 -1 -3.174 -1 -3.36 -1 121
-3.267 -1 -3.13 -1 -3.16 -1 -3.334 -1 36
-3.247 -1 -3.122 -1 -3.17 -1 -3.334 -1 116
-3.252 -1 -3.134 -1 -3.186 -1 -3.31 -1 154
-3.248 -1 -3.102 -1 -3.168 -1 -3.344 -1 109
-3.256 -1 -3.124 -1 -3.188 -1 -3.378 -1 143
-3.283 -1 -3.11 -1 -3.16 -1 -3.308 -1 167
-3.234 -1 -3.102 -1 -3.138 -1 -3.292 -1 127
-3.215 -1 -3.07 -1 -3.156 -1 -3.394 -2 122
-3.275 -1 -3.142 -1 -3.176 -1 -3.292 -1 59
-3.234 -1 -3.124 -1 -3.188 -1 -3.298 -1 105
-3.243 -1 -3.124 -1 -3.2 -1 -3.35 -1 198
-3.275 -1 -3.124 -1 -3.144 -1 -3.35 -1 50
-3.247 -1 -3.14 -1 -3.188 -1 -3.328 -1 89
-3.258 -1 -3.18 -1 -3.234 -1 -3.442 -1 71
-3.338 -1 -3.246 -1 -3.246 -1 -3.342 -1 71
-3.294 -1 -3.144 -1 -3.19 -1 -3.444 -1 80
-3.317 -1 -3.2 -1 -3.25 -1 -3.428 -1 117
-3.339 -1 -3.214 -1 -3.246 -1 -3.346 -1 145
-3.296 -1 -3.224 -1 -3.266 -1 -3.364 -1 98
-3.315 -1 -3.204 -1 -3.212 -1 -3.38 -1 12
-3.296 -1 -3.178 -1 -3.238 -1 -3.44 -2 195
-3.339 -1 -3.258 -1 -3.284 -1 -3.382 -1 69
-3.333 -1 -3.224 -1 -3.236 -1 -3.37 -1 30
-3.303 -1 -3.178 -1 -3.194 -1 -3.33 -1 10
-3.262 -1 -3.152 -1 -3.23 -1 -3.384 -2 44
-3.307 -1 -3.146 -1 -3.198 -1 -3.356 -1 82
-3.277 -1 -3.156 -1 -3.194 -1 -3.3 -1 51
-3.247 -1 -3.128 -1 -3.232 -1 -3.38 -1 151
-3.306 -1 -3.182 -1 -3.206 -1 -3.378 -1 64
-3.292 -1 -3.16 -1 -3.186 -1 -3.304 -1 91
-3.245 -1 -3.076 -1 -3.164 -1 -3.344 -1 112
-3.254 -1 -3.09 -1 -3.174 -1 -3.36 -1 169
-3.267 -1 -3.108 -1 -3.184 -1 -3.352 -1 194
-3.268 -1 -3.106 -1 -3.158 -1 -3.298 -1 103
-3.228 -1 -3.134 -1 -3.148 -1 -3.248 -1 98
-3.198 -1 -3.026 -1 -3.13 -1 -3.314 -1 145
-3.222 -1 -3.124 -1 -3.172 -1 -3.328 -1 123
-3.25 -1 -3.124 -1 -3.212 -1 -3.318 -1 95
-3.265 -1 -3.122 -1 -3.128 -1 -3.276 -1 7
-3.202 -1 -3.062 -1 -3.066 -1 -3.25 -1 3
-3.158 -1 -3.01 -1 -3.026 -1 -3.332 -1 53
-3.179 -1 -3.064 -1 -3.066 -1 -3.208 -1 13
-3.137 -1 -3.024 -1 -3.026 -1 -3.188 -1 18
-3.107 -1 -3.01 -1 -3.094 -1 -3.186 -1 129
-3.14 -1 -2.966 -1 -3.042 -1 -3.258 -1 123
-3.15 -1 -3.026 -1 -3.19 -1 -3.408 -1 186
-3.299 -1 -3.16 -1 -3.202 -1 -3.326 -1 138
-3.264 -1 -3.13 -1 -3.18 -1 -3.354 -1 120
-3.267 -1 -3.172 -1 -3.178 -1 -3.324 -1 11
-3.251 -1 -3.118 -1 -3.136 -1 -3.258 -1 13
-3.197 -1 -3.098 -1 -3.196 -1 -3.354 -1 149
-3.275 -1 -3.098 -1 -3.102 -1 -3.282 -1 5
-3.192 -1 -3.08 -1 -3.182 -1 -3.396 -1 168
-3.289 -1 -3.122 -1 -3.15 -1 -3.418 -1 55
-3.284 -1 -3.148 -1 -3.26 -1 -3.312 -1 179
-3.286 -1 -3.17 -1 -3.254 -1 -3.34 -1 121
-3.297 -1 -3.214 -1 -3.304 -1 -3.346 -1 145
-3.325 -1 -3.178 -1 -3.254 -1 -3.398 -1 115
-3.326 -1 -3.204 -1 -3.324 -1 -3.318 -1 183
-3.321 -1 -3.154 -1 -3.22 -1 -3.382 -1 174
-3.301 -1 -3.12 -1 -3.134 -1 -3.316 -1 43
-3.225 -1 -3.08 -1 -3.098 -1 -3.248 -1 18
-3.173 -1 -3.012 -1 -3.03 -1 -3.272 -1 38
-3.151 -1 -3.032 -1 -3.112 -1 -3.326 -1 194
-3.219 -1 -3.124 -1 -3.164 -1 -3.308 -1 80
-3.236 -1 -3.138 -1 -3.154 -1 -3.294 -1 46
-3.224 -1 -3.08 -1 -3.092 -1 -3.342 -1 108
-3.217 -1 -3.06 -1 -3.192 -1 -3.318 -1 178
-3.255 -1 -3.072 -1 -3.13 -1 -3.296 -1 118
-3.213 -1 -3.074 -1 -3.13 -1 -3.3 -1 148
-3.215 -1 -3.064 -1 -3.136 -1 -3.296 -2 125
-3.216 -1 -3.052 -1 -3.062 -1 -3.226 -1 16
-3.144 -1 -2.986 -1 -3.028 -1 -3.278 -2 76
-3.153 -1 -3.016 -2 -3.03 -2 -3.222 -1 36
-3.126 -1 -3.026 -1 -3.07 -1 -3.226 -1 139
-3.148 -1 -3.052 -2 -3.058 -2 -3.246 -1 24
-3.152 -1 -3.052 -1 -3.092 -1 -3.27 -1 37
-3.181 -1 -3.116 -1 -3.212 -1 -3.368 -1 181
-3.29 -1 -3.122 -1 -3.224 -1 -3.34 -1 163
-3.282 -1 -3.122 -1 -3.154 -1 -3.3 -1 36
-3.227 -1 -3.132 -1 -3.128 -1 -3.328 -1 4
-3.228 -1 -3.072 -1 -3.086 -1 -3.284 -1 15
-3.185 -1 -3.028 -1 -3.046 -1 -3.258 -1 42
-3.152 -1 -3.036 -1 -3.072 -1 -3.302 -1 48
-3.187 -1 -3.04 -1 -3.086 -1 -3.282 -1 84
-3.184 -1 -3.122 -1 -3.16 -1 -3.24 -1 55
-3.2 -1 -3.112 -1 -3.18 -1 -3.294 -1 123
-3.237 -1 -3.08 -1 -3.124 -1 -3.292 -1 53
-3.208 -1 -3.044 -1 -3.082 -1 -3.282 -2 103
-3.182 -1 -3.07 -1 -3.184 -1 -3.344 -1 178
-3.264 -1 -3.15 -1 -3.192 -1 -3.352 -1 60
-3.272 -1 -3.148 -1 -3.174 -1 -3.326 -1 16
-3.25 -1 -3.118 -1 -3.148 -1 -3.284 -1 44
-3.216 -1 -3.08 -1 -3.152 -1 -3.354 -1 115
-3.253 -1 -3.134 -1 -3.174 -1 -3.388 -1 38
-3.281 -1 -3.126 -1 -3.15 -1 -3.314 -1 42
-3.232 -1 -3.1 -1 -3.13 -1 -3.284 -1 77
-3.207 -1 -3.08 -1 -3.146 -1 -3.288 -1 145
-3.217 -1 -3.048 -1 -3.04 -1 -3.276 -1 26
-3.158 -1 -3.034 -1 -3.036 -1 -3.308 -1 13
-3.172 -1 -3.05 -1 -3.188 -1 -3.352 -1 181
-3.27 -1 -3.148 -1 -3.218 -1 -3.346 -1 124
-3.282 -1 -3.164 -1 -3.242 -1 -3.336 -1 169
-3.289 -1 -3.134 -1 -3.168 -1 -3.246 -1 45
-3.207 -1 -3.074 -1 -3.116 -1 -3.316 -1 58
-3.216 -1 -3.128 -1 -3.158 -1 -3.342 -1 34
-3.25 -1 -3.154 -1 -3.232 -1 -3.364 -1 177
-3.298 -1 -3.178 -1 -3.27 -1 -3.442 -1 198
-3.356 -1 -3.208 -1 -3.234 -1 -3.41 -1 36
-3.322 -1 -3.188 -1 -3.248 -1 -3.408 -1 136
-3.328 -1 -3.21 -1 -3.262 -1 -3.354 -1 59
-3.308 -1 -3.15 -1 -3.2 -1 -3.328 -1 72
-3.264 -1 -3.154 -1 -3.196 -1 -3.336 -1 123
-3.266 -1 -3.134 -1 -3.186 -1 -3.354 -1 71
-3.27 -1 -3.124 -1 -3.192 -1 -3.374 -1 123
-3.283 -1 -3.172 -1 -3.19 -1 -3.274 -1 41
-3.232 -1 -3.128 -1 -3.178 -1 -3.352 -1 132
-3.265 -1 -3.134 -1 -3.196 -1 -3.286 -1 125
-3.241 -1 -3.132 -1 -3.204 -1 -3.386 -1 102
-3.295 -1 -3.162 -1 -3.248 -1 -3.402 -1 147
-3.325 -1 -3.234 -1 -3.286 -1 -3.378 -1 156
-3.332 -1 -3.216 -1 -3.272 -1 -3.44 -1 136
-3.356 -1 -3.238 -1 -3.26 -1 -3.346 -1 59
-3.303 -1 -3.174 -1 -3.184 -1 -3.328 -1 47
-3.256 -1 -3.102 -1 -3.138 -1 -3.282 -1 82
-3.21 -1 -3.052 -1 -3.138 -1 -3.356 -1 178
-3.247 -1 -3.086 -1 -3.152 -1 -3.282 -1 92
-3.217 -1 -3.096 -1 -3.106 -1 -3.24 -1 7
-3.173 -1 -3.048 -1 -3.136 -1 -3.288 -1 126
-3.212 -1 -3.014 -1 -3.032 -1 -3.202 -1 30
-3.117 -1 -2.966 -1 -3.05 -1 -3.284 -1 151
-3.167 -1 -3.044 -1 -3.098 -1 -3.278 -1 54
-3.188 -1 -3.056 -1 -3.08 -1 -3.288 -1 37
-3.184 -1 -3.096 -1 -3.196 -1 -3.358 -1 112
-3.277 -1 -3.172 -1 -3.224 -1 -3.382 -1 197
-3.303 -1 -3.176 -1 -3.274 -1 -3.4 -1 114
-3.337 -1 -3.182 -1 -3.188 -1 -3.352 -1 12
-3.27 -1 -3.144 -1 -3.198 -1 -3.392 -1 49
-3.295 -1 -3.184 -1 -3.208 -1 -3.416 -1 38
-3.312 -1 -3.106 -1 -3.172 -1 -3.352 -1 97
-3.262 -1 -3.094 -1 -3.102 -1 -3.284 -1 23
-3.193 -1 -3.014 -1 -3.118 -1 -3.298 -1 146
-3.208 -1 -3.116 -1 -3.204 -1 -3.284 -2 165
-3.244 -1 -3.128 -1 -3.184 -1 -3.254 -1 74
-3.219 -1 -3.07 -1 -3.212 -1 -3.364 -1 170
-3.288 -1 -3.16 -1 -3.16 -1 -3.28 -1 26
-3.22 -1 -3.122 -1 -3.166 -1 -3.338 -1 94
-3.252 -1 -3.11 -1 -3.22 -1 -3.37 -1 192
-3.295 -1 -3.12 -1 -3.122 -1 -3.404 -1 6
-3.263 -1 -3.146 -1 -3.182 -1 -3.332 -1 53
-3.257 -1 -3.122 -1 -3.194 -1 -3.326 -1 193
-3.26 -1 -3.136 -1 -3.132 -1 -3.326 -1 34
-3.229 -1 -3.046 -1 -3.09 -1 -3.24 -1 59
-3.165 -1 -3.028 -1 -3.04 -1 -3.244 -1 17
-3.142 -1 -3.096 -1 -3.132 -1 -3.276 -1 59
-3.204 -1 -3.078 -1 -3.188 -1 -3.368 -1 154
-3.278 -1 -3.17 -1 -3.198 -1 -3.348 -1 78
-3.273 -1 -3.074 -1 -3.15 -1 -3.352 -1 152
-3.251 -1 -3.148 -1 -3.214 -1 -3.326 -1 145
-3.27 -1 -3.148 -1 -3.164 -1 -3.336 -1 43
-3.25 -1 -3.13 -1 -3.13 -1 -3.342 -1 3
-3.236 -1 -3.106 -1 -3.124 -1 -3.324 -1 17
-3.224 -1 -3.076 -1 -3.166 -1 -3.356 -1 165
-3.261 -1 -3.136 -1 -3.216 -1 -3.302 -1 66
-3.259 -1 -3.128 -1 -3.152 -1 -3.292 -1 54
-3.222 -1 -3.154 -1 -3.228 -1 -3.336 -1 110
-3.282 -1 -3.15 -1 -3.15 -1 -3.264 -1 5
-3.207 -1 -3.094 -1 -3.182 -1 -3.372 -1 136
-3.277 -1 -3.17 -1 -3.278 -1 -3.384 -1 186
-3.331 -1 -3.2 -1 -3.246 -1 -3.312 -1 90
-3.279 -1 -3.096 -1 -3.144 -1 -3.364 -1 66
-3.254 -1 -3.122 -1 -3.182 -1 -3.34 -1 113
-3.261 -1 -3.162 -1 -3.268 -1 -3.392 -1 190
-3.33 -1 -3.258 -1 -3.31 -1 -3.402 -1 194
-3.356 -1 -3.206 -1 -3.206 -1 -3.364 -2 3
-3.285 -1 -3.2 -1 -3.21 -1 -3.378 -1 15
-3.294 -1 -3.226 -1 -3.248 -1 -3.448 -2 141
-3.348 -1 -3.202 -1 -3.272 -1 -3.432 -1 194
-3.352 -1 -3.178 -1 -3.226 -1 -3.384 -1 75
-3.305 -1 -3.174 -1 -3.23 -1 -3.35 -1 128
-3.29 -1 -3.086 -1 -3.11 -1 -3.368 -1 53
-3.239 -1 -3.132 -1 -3.18 -1 -3.376 -1 94
-3.278 -1 -3.094 -1 -3.188 -1 -3.388 -2 178
-3.288 -1 -3.198 -1 -3.222 -1 -3.354 -1 42
-3.288 -1 -3.13 -1 -3.21 -1 -3.354 -1 130
-3.282 -1 -3.134 -1 -3.17 -1 -3.328 -1 96
-3.249 -1 -3.08 -1 -3.112 -1 -3.35 -1 75
-3.231 -1 -3.12 -1 -3.196 -1 -3.4 -1 121
-3.298 -1 -3.152 -1 -3.166 -1 -3.328 -1 18
-3.247 -1 -3.086 -1 -3.146 -1 -3.282 -1 51
-3.214 -1 -3.07 -1 -3.186 -1 -3.354 -1 194
-3.27 -1 -3.12 -1 -3.216 -1 -3.362 -1 162
-3.289 -1 -3.114 -1 -3.166 -1 -3.342 -1 136
-3.254 -1 -3.118 -1 -3.25 -1 -3.39 -1 191
-3.32 -1 -3.174 -1 -3.238 -1 -3.394 -1 96
-3.316 -1 -3.246 -1 -3.252 -1 -3.318 -1 27
-3.285 -1 -3.15 -1 -3.15 -1 -3.364 -1 13
-3.257 -1 -3.138 -1 -3.166 -1 -3.356 -1 34
-3.261 -1 -3.09 -1 -3.16 -1 -3.314 -1 199
-3.237 -1 -3.08 -1 -3.122 -1 -3.328 -1 59
-3.225 -1 -3.116 -1 -3.224 -1 -3.376 -1 159
-3.3 -1 -3.126 -1 -3.164 -1 -3.348 -1 76
-3.256 -1 -3.092 -1 -3.158 -1 -3.302 -1 175
-3.23 -1 -3.1 -1 -3.176 -1 -3.308 -1 87
-3.242 -1 -3.054 -1 -3.084 -1 -3.246 -1 78
-3.165 -1 -3.046 -1 -3.158 -1 -3.3 -1 177
-3.229 -1 -3.124 -1 -3.178 -1 -3.32 -1 148
-3.249 -1 -3.114 -1 -3.17 -1 -3.324 -1 111
-3.247 -1 -3.168 -1 -3.21 -1 -3.28 -1 36
-3.245 -1 -3.1 -1 -3.138 -1 -3.248 -1 44
-3.193 -1 -3.044 -1 -3.09 -1 -3.312 -1 88
-3.201 -1 -3.008 -1 -3.13 -1 -3.298 -1 177
-3.214 -1 -3.122 -1 -3.152 -1 -3.352 -1 54
-3.252 -1 -3.102 -1 -3.106 -1 -3.25 -1 17
-3.178 -1 -3.048 -1 -3.13 -1 -3.36 -1 120
-3.245 -1 -3.122 -1 -3.15 -1 -3.31 -1 146
-3.23 -1 -3.092 -1 -3.122 -1 -3.274 -1 36
-3.198 -1 -3.048 -1 -3.056 -1 -3.326 -1 30
-3.191 -1 -3.072 -1 -3.088 -1 -3.354 -1 23
-3.221 -1 -3.064 -1 -3.098 -1 -3.242 -1 33
-3.17 -1 -3.05 -1 -3.116 -1 -3.348 -1 136
-3.232 -1 -3.09 -1 -3.106 -1 -3.312 -1 37
-3.209 -1 -3.086 -1 -3.134 -1 -3.294 -1 109
-3.214 -1 -3.022 -1 -3.06 -1 -3.318 -1 50
-3.189 -1 -3.052 -1 -3.056 -1 -3.302 -1 31
-3.179 -1 -3.01 -1 -3.142 -1 -3.264 -1 135
-3.203 -1 -3.112 -1 -3.144 -1 -3.266 -1 102
-3.205 -1 -3.106 -1 -3.152 -1 -3.234 -1 171
-3.193 -1 -3.066 -1 -3.096 -1 -3.208 -2 68
-3.152 -1 -2.988 -1 -3.084 -1 -3.268 -1 120
-3.176 -1 -3.036 -1 -3.054 -1 -3.292 -1 53
-3.173 -1 -3.05 -1 -3.068 -1 -3.336 -1 18
-3.202 -1 -3.052 -1 -3.072 -1 -3.228 -1 47
-3.15 -1 -3.018 -1 -3.058 -1 -3.238 -1 72
-3.148 -1 -3.006 -1 -3.076 -1 -3.23 -1 124
-3.153 -1 -3.032 -1 -3.166 -1 -3.32 -1 177
-3.243 -1 -3.164 -1 -3.186 -1 -3.276 -1 16
-3.231 -1 -3.07 -1 -3.1 -1 -3.314 -1 61
-3.207 -1 -3.052 -1 -3.174 -1 -3.29 -1 182
-3.232 -1 -3.114 -1 -3.178 -1 -3.3 -1 76
-3.239 -1 -3.15 -1 -3.232 -1 -3.358 -1 139
-3.295 -1 -3.16 -1 -3.186 -1 -3.314 -1 137
-3.25 -1 -3.112 -1 -3.162 -1 -3.318 -2 135
-3.24 -1 -3.104 -1 -3.184 -1 -3.416 -1 148
-3.3 -1 -3.148 -1 -3.198 -1 -3.368 -1 104
-3.283 -1 -3.156 -1 -3.17 -1 -3.352 -1 49
-3.261 -1 -3.12 -1 -3.248 -1 -3.318 -1 151
-3.283 -1 -3.168 -1 -3.272 -1 -3.41 -1 168
-3.341 -1 -3.208 -1 -3.264 -1 -3.264 -1 79
-3.264 -1 -3.114 -1 -3.234 -1 -3.394 -1 199
-3.314 -1 -3.19 -1 -3.272 -1 -3.34 -1 113
-3.306 -1 -3.176 -1 -3.268 -1 -3.382 -1 150
-3.325 -1 -3.222 -1 -3.302 -1 -3.458 -1 99
-3.38 -1 -3.26 -1 -3.32 -1 -3.422 -1 107
-3.371 -1 -3.246 -1 -3.296 -1 -3.302 -1 124
-3.299 -1 -3.156 -1 -3.166 -1 -3.346 -1 46
-3.256 -1 -3.124 -1 -3.25 -1 -3.436 -2 192
-3.343 -1 -3.238 -1 -3.27 -1 -3.4 -1 44
-3.335 -1 -3.19 -1 -3.286 -1 -3.418 -1 188
-3.352 -1 -3.214 -1 -3.23 -1 -3.342 -1 23
-3.286 -1 -3.152 -1 -3.194 -1 -3.434 -1 105
-3.314 -1 -3.176 -1 -3.214 -1 -3.34 -1 68
-3.277 -1 -3.18 -1 -3.172 -1 -3.3 -1 16
-3.236 -1 -3.106 -1 -3.128 -1 -3.226 -2 77
-3.177 -1 -3.08 -1 -3.14 -1 -3.318 -1 154
-3.229 -1 -3.08 -1 -3.122 -1 -3.322 -1 101
-3.222 -1 -3.12 -1 -3.174 -1 -3.368 -1 135
-3.271 -1 -3.198 -1 -3.264 -1 -3.418 -1 167
-3.341 -1 -3.192 -1 -3.198 -1 -3.332 -1 8
-3.265 -1 -3.166 -1 -3.22 -1 -3.362 -2 118
-3.291 -1 -3.196 -1 -3.226 -1 -3.354 -1 110
-3.29 -1 -3.156 -1 -3.184 -1 -3.354 -1 43
-3.269 -1 -3.14 -1 -3.248 -1 -3.394 -1 138
-3.321 -1 -3.206 -1 -3.296 -1 -3.43 -1 150
-3.363 -1 -3.222 -1 -3.29 -1 -3.424 -1 158
-3.357 -1 -3.238 -1 -3.298 -1 -3.438 -2 149
-3.368 -1 -3.196 -1 -3.242 -1 -3.394 -1 97
-3.318 -1 -3.174 -1 -3.218 -1 -3.376 -1 53
-3.297 -1 -3.174 -1 -3.266 -1 -3.448 -1 199
-3.357 -1 -3.202 -1 -3.25 -1 -3.436 -1 94
-3.343 -1 -3.212 -1 -3.218 -1 -3.284 -1 25
-3.251 -1 -3.084 -1 -3.194 -1 -3.302 -1 170
-3.248 -1 -3.184 -1 -3.206 -1 -3.378 -1 65
-3.292 -1 -3.152 -1 -3.174 -1 -3.326 -1 98
-3.25 -1 -3.088 -1 -3.158 -1 -3.33 -1 99
-3.244 -1 -3.112 -1 -3.2 -1 -3.346 -1 120
-3.273 -1 -3.138 -1 -3.152 -1 -3.354 -1 35
-3.253 -1 -3.102 -1 -3.188 -1 -3.3 -1 148
-3.244 -1 -3.082 -1 -3.1 -1 -3.344 -1 16
-3.222 -1 -3.066 -1 -3.064 -1 -3.256 -1 10
-3.16 -1 -3.076 -1 -3.104 -1 -3.294 -1 33
-3.199 -1 -3.118 -1 -3.118 -1 -3.304 -1 18
-3.211 -1 -3.098 -1 -3.1 -1 -3.336 -1 46
-3.218 -1 -3.092 -1 -3.21 -1 -3.398 -1 189
-3.304 -1 -3.162 -1 -3.31 -1 -3.442 -2 175
-3.376 -1 -3.238 -1 -3.242 -1 -3.384 -1 13
-3.313 -1 -3.214 -1 -3.31 -1 -3.38 -2 199
-3.345 -1 -3.214 -1 -3.238 -1 -3.426 -1 109
-3.332 -1 -3.266 -1 -3.284 -1 -3.464 -1 93
-3.374 -1 -3.226 -1 -3.308 -1 -3.396 -1 159
-3.352 -1 -3.172 -1 -3.206 -1 -3.394 -1 97
-3.3 -1 -3.176 -1 -3.194 -1 -3.44 -2 137
-3.317 -1 -3.182 -1 -3.202 -1 -3.412 -1 45
-3.307 -1 -3.19 -1 -3.286 -1 -3.388 -2 197
-3.337 -1 -3.198 -1 -3.196 -1 -3.294 -1 5
-3.245 -1 -3.116 -1 -3.158 -1 -3.32 -1 80
-3.239 -1 -3.114 -1 -3.13 -1 -3.394 -1 12
-3.262 -1 -3.148 -1 -3.19 -1 -3.36 -1 89
-3.275 -1 -3.136 -1 -3.176 -1 -3.328 -1 60
-3.252 -1 -3.176 -1 -3.206 -1 -3.3 -2 42
-3.253 -1 -3.084 -1 -3.164 -1 -3.348 -1 145
-3.256 -1 -3.104 -1 -3.176 -1 -3.342 -2 140
-3.259 -1 -3.098 -1 -3.206 -1 -3.376 -1 169
-3.291 -1 -3.18 -1 -3.168 -1 -3.328 -1 19
-3.248 -1 -3.13 -1 -3.266 -1 -3.35 -1 154
-3.308 -1 -3.144 -1 -3.174 -1 -3.318 -1 40
-3.246 -1 -3.122 -1 -3.172 -1 -3.39 -1 81
-3.281 -1 -3.128 -1 -3.154 -1 -3.356 -1 91
-3.255 -1 -3.096 -1 -3.12 -1 -3.266 -1 35
-3.193 -1 -3.07 -1 -3.162 -1 -3.312 -2 189
-3.237 -1 -3.034 -1 -3.058 -1 -3.282 -1 19
-3.17 -1 -3.048 -1 -3.086 -1 -3.244 -1 108
-3.165 -1 -3.034 -1 -3.036 -1 -3.22 -1 2
-3.128 -1 -2.956 -1 -3.022 -1 -3.222 -1 65
-3.122 -1 -3 -1 -3.07 -1 -3.298 -2 100
-3.184 -1 -3.012 -1 -3.088 -1 -3.248 -1 78
-3.168 -1 -3.096 -1 -3.102 -1 -3.268 -1 21
-3.185 -1 -3.02 -1 -3.088 -1 -3.252 -1 57
-3.17 -1 -3.058 -1 -3.156 -1 -3.324 -1 165
-3.24 -1 -3.09 -1 -3.136 -1 -3.29 -1 136
-3.213 -1 -3.118 -1 -3.2 -1 -3.316 -1 149
-3.258 -1 -3.12 -1 -3.118 -1 -3.354 -1 11
-3.236 -1 -3.098 -1 -3.176 -1 -3.376 -1 138
-3.276 -1 -3.184 -1 -3.27 -1 -3.428 -1 158
-3.349 -1 -3.178 -1 -3.168 -1 -3.384 -1 64
-3.276 -1 -3.184 -1 -3.182 -1 -3.332 -1 11
-3.257 -1 -3.086 -1 -3.11 -1 -3.334 -1 57
-3.222 -1 -3.13 -1 -3.234 -1 -3.364 -1 163
-3.299 -1 -3.138 -1 -3.14 -1 -3.28 -1 7
-3.21 -1 -3.058 -1 -3.158 -1 -3.31 -1 176
-3.234 -1 -3.16 -1 -3.17 -1 -3.29 -1 70
-3.23 -1 -3.102 -1 -3.148 -1 -3.31 -1 70
-3.229 -1 -3.158 -1 -3.224 -1 -3.36 -1 102
-3.292 -1 -3.196 -1 -3.286 -1 -3.334 -1 157
-3.31 -1 -3.188 -1 -3.3 -1 -3.382 -1 188
-3.341 -1 -3.23 -1 -3.24 -1 -3.33 -1 17
-3.285 -1 -3.152 -1 -3.154 -1 -3.292 -1 17
-3.223 -1 -3.048 -1 -3.14 -1 -3.274 -1 98
-3.207 -1 -3.114 -1 -3.176 -1 -3.352 -1 124
-3.264 -1 -3.18 -1 -3.224 -1 -3.312 -1 74
-3.268 -1 -3.122 -1 -3.204 -1 -3.356 -2 103
-3.28 -1 -3.148 -1 -3.202 -1 -3.414 -1 170
-3.308 -1 -3.212 -1 -3.286 -1 -3.426 -1 156
-3.356 -1 -3.198 -1 -3.214 -1 -3.432 -2 42
-3.323 -1 -3.196 -1 -3.252 -1 -3.362 -1 118
-3.307 -1 -3.174 -1 -3.202 -1 -3.38 -2 26
-3.291 -1 -3.23 -1 -3.212 -1 -3.38 -1 30
-3.296 -1 -3.174 -1 -3.24 -1 -3.372 -1 70
-3.306 -1 -3.192 -1 -3.212 -1 -3.386 -1 18
-3.299 -1 -3.198 -1 -3.202 -1 -3.36 -1 83
-3.281 -1 -3.122 -1 -3.198 -1 -3.312 -1 138
-3.255 -1 -3.114 -1 -3.122 -1 -3.33 -1 28
-3.226 -1 -3.086 -1 -3.19 -1 -3.372 -1 141
-3.281 -1 -3.148 -1 -3.224 -1 -3.332 -1 184
-3.278 -1 -3.154 -1 -3.22 -1 -3.376 -1 108
-3.298 -1 -3.146 -1 -3.15 -1 -3.34 -1 9
-3.245 -1 -3.08 -1 -3.172 -1 -3.312 -1 138
-3.242 -1 -3.134 -1 -3.234 -1 -3.424 -1 126
-3.329 -1 -3.206 -1 -3.218 -1 -3.364 -1 11
-3.291 -1 -3.184 -1 -3.264 -1 -3.336 -1 77
-3.3 -1 -3.144 -1 -3.236 -1 -3.344 -1 182
-3.29 -1 -3.09 -1 -3.122 -1 -3.358 -1 77
-3.24 -1 -3.112 -1 -3.13 -1 -3.304 -1 32
-3.217 -1 -3.086 -1 -3.138 -1 -3.272 -1 85
-3.205 -1 -3.1 -1 -3.21 -1 -3.344 -1 151
-3.277 -1 -3.146 -1 -3.23 -1 -3.378 -2 148
-3.304 -1 -3.136 -1 -3.192 -1 -3.346 -1 154
-3.269 -1 -3.104 -1 -3.102 -1 -3.274 -1 1
-3.188 -1 -3.048 -1 -3.154 -1 -3.328 -1 136
-3.241 -1 -3.112 -1 -3.212 -1 -3.318 -1 130
-3.265 -1 -3.116 -1 -3.184 -1 -3.362 -1 103
-3.273 -1 -3.124 -1 -3.19 -1 -3.356 -1 88
-3.273 -1 -3.116 -1 -3.14 -1 -3.328 -1 65
-3.234 -1 -3.094 -1 -3.098 -1 -3.316 -1 5
-3.207 -1 -3.09 -1 -3.09 -1 -3.286 -1 16
-3.188 -1 -3.072 -1 -3.094 -1 -3.252 -1 62
-3.173 -1 -3.038 -1 -3.16 -1 -3.33 -1 133
-3.245 -1 -3.078 -1 -3.174 -1 -3.32 -1 101
-3.247 -1 -3.138 -1 -3.188 -1 -3.328 -1 95
-3.258 -1 -3.108 -1 -3.204 -1 -3.34 -1 171
-3.272 -1 -3.114 -1 -3.246 -1 -3.34 -1 191
-3.293 -1 -3.152 -1 -3.246 -1 -3.354 -1 136
-3.3 -1 -3.126 -1 -3.214 -1 -3.322 -1 142
-3.268 -1 -3.152 -1 -3.238 -1 -3.436 -1 160
-3.337 -1 -3.172 -1 -3.16 -1 -3.248 -1 75
-3.204 -1 -3.078 -1 -3.12 -1 -3.38 -1 104
-3.25 -1 -3.098 -1 -3.192 -1 -3.346 -1 178
-3.269 -1 -3.156 -1 -3.222 -1 -3.368 -1 197
-3.295 -1 -3.138 -1 -3.168 -1 -3.346 -1 40
-3.257 -1 -3.112 -1 -3.202 -1 -3.366 -1 174
-3.284 -1 -3.158 -1 -3.168 -1 -3.308 -1 12
-3.238 -1 -3.092 -1 -3.15 -1 -3.324 -1 132
-3.237 -1 -3.108 -1 -3.118 -1 -3.356 -1 22
-3.237 -1 -3.116 -1 -3.2 -1 -3.344 -1 155
-3.272 -1 -3.132 -1 -3.186 -1 -3.31 -1 65
-3.248 -1 -3.156 -1 -3.238 -1 -3.396 -1 147
-3.317 -1 -3.158 -1 -3.224 -1 -3.392 -1 130
-3.308 -1 -3.172 -1 -3.178 -1 -3.342 -1 15
-3.26 -1 -3.078 -1 -3.066 -1 -3.282 -1 24
-3.174 -1 -3.052 -1 -3.096 -1 -3.262 -1 59
-3.179 -1 -3.054 -1 -3.072 -1 -3.234 -1 34
-3.153 -1 -3.068 -1 -3.138 -1 -3.254 -1 97
-3.196 -1 -3.074 -1 -3.146 -1 -3.29 -2 145
-3.218 -1 -3.122 -1 -3.2 -1 -3.39 -1 123
-3.295 -1 -3.21 -1 -3.268 -1 -3.402 -2 133
-3.335 -1 -3.222 -1 -3.268 -1 -3.41 -2 122
-3.339 -1 -3.222 -1 -3.226 -1 -3.434 -1 2
-3.33 -1 -3.206 -1 -3.286 -1 -3.452 -1 180
-3.369 -1 -3.246 -1 -3.3 -1 -3.436 -2 131
-3.368 -1 -3.248 -1 -3.308 -1 -3.394 -1 96
-3.351 -1 -3.202 -1 -3.244 -1 -3.346 -1 72
-3.295 -1 -3.176 -1 -3.294 -1 -3.374 -1 178
-3.334 -1 -3.22 -1 -3.262 -1 -3.428 -1 172
-3.345 -1 -3.184 -1 -3.224 -1 -3.372 -1 49
-3.298 -1 -3.184 -1 -3.274 -1 -3.414 -1 131
-3.344 -1 -3.184 -1 -3.252 -1 -3.352 -1 186
-3.302 -1 -3.178 -1 -3.174 -1 -3.31 -1 69
-3.242 -1 -3.132 -1 -3.136 -1 -3.3 -1 6
-3.218 -1 -3.066 -1 -3.174 -1 -3.324 -1 171
-3.249 -1 -3.094 -1 -3.112 -1 -3.318 -1 66
-3.215 -1 -3.068 -1 -3.104 -1 -3.278 -2 57
-3.191 -1 -3.09 -1 -3.2 -1 -3.318 -1 141
-3.259 -1 -3.15 -1 -3.18 -1 -3.416 -2 75
-3.298 -1 -3.14 -1 -3.24 -1 -3.322 -1 156
-3.281 -1 -3.1 -1 -3.12 -1 -3.304 -1 47
-3.212 -1 -3.114 -1 -3.152 -1 -3.306 -1 41
-3.229 -1 -3.1 -1 -3.164 -1 -3.324 -1 105
-3.244 -1 -3.15 -1 -3.164 -1 -3.32 -1 23
-3.242 -1 -3.148 -1 -3.168 -1 -3.27 -1 30
-3.219 -1 -3.064 -1 -3.104 -1 -3.394 -1 64
-3.249 -1 -3.092 -1 -3.182 -1 -3.37 -1 158
-3.276 -1 -3.094 -1 -3.162 -1 -3.364 -1 121
-3.263 -1 -3.172 -1 -3.272 -1 -3.358 -2 181
-3.315 -1 -3.216 -2 -3.306 -2 -3.424 -1 175
-3.365 -1 -3.248 -1 -3.26 -1 -3.51 -1 26
-3.385 -1 -3.234 -1 -3.31 -1 -3.38 -1 164
-3.345 -1 -3.238 -1 -3.268 -1 -3.438 -1 44
-3.353 -1 -3.228 -1 -3.318 -1 -3.354 -1 181
-3.336 -1 -3.238 -1 -3.29 -1 -3.398 -2 125
-3.344 -1 -3.222 -1 -3.246 -1 -3.426 -1 24
-3.336 -1 -3.214 -1 -3.308 -1 -3.332 -1 195
-3.32 -1 -3.2 -1 -3.284 -1 -3.456 -1 146
-3.37 -1 -3.238 -1 -3.252 -1 -3.438 -1 25
-3.345 -1 -3.194 -1 -3.284 -1 -3.41 -1 130
-3.347 -1 -3.2 -1 -3.232 -1 -3.474 -2 103
-3.353 -1 -3.188 -1 -3.224 -1 -3.396 -2 74
-3.31 -1 -3.182 -1 -3.218 -1 -3.374 -1 47
-3.296 -1 -3.194 -1 -3.228 -1 -3.366 -1 116
-3.297 -1 -3.182 -1 -3.242 -1 -3.324 -1 129
-3.283 -1 -3.136 -1 -3.164 -1 -3.406 -1 73
-3.285 -1 -3.164 -1 -3.196 -1 -3.342 -1 58
-3.269 -1 -3.102 -1 -3.162 -1 -3.346 -1 110
-3.254 -1 -3.154 -1 -3.206 -1 -3.4 -2 140
-3.303 -1 -3.196 -1 -3.28 -1 -3.426 -2 159
-3.353 -1 -3.216 -1 -3.252 -1 -3.386 -1 81
-3.319 -1 -3.192 -1 -3.306 -1 -3.404 -1 167
-3.355 -1 -3.27 -1 -3.264 -1 -3.38 -1 14
-3.322 -1 -3.166 -1 -3.232 -1 -3.398 -1 120
-3.315 -1 -3.178 -1 -3.23 -1 -3.458 -1 117
-3.344 -1 -3.212 -1 -3.282 -1 -3.412 -1 145
-3.347 -1 -3.208 -1 -3.288 -1 -3.394 -1 123
-3.341 -1 -3.248 -1 -3.292 -1 -3.356 -1 127
-3.324 -1 -3.19 -1 -3.232 -1 -3.416 -1 52
-3.324 -1 -3.182 -1 -3.234 -1 -3.334 -1 109
-3.284 -1 -3.194 -1 -3.304 -1 -3.426 -1 192
-3.365 -1 -3.186 -1 -3.19 -1 -3.372 -2 9
-3.281 -1 -3.156 -1 -3.174 -1 -3.424 -1 18
-3.299 -1 -3.166 -1 -3.19 -1 -3.386 -1 47
-3.288 -1 -3.14 -1 -3.25 -1 -3.372 -1 175
-3.311 -1 -3.262 -1 -3.294 -1 -3.372 -1 58
-3.333 -1 -3.244 -1 -3.242 -1 -3.412 -1 4
-3.327 -1 -3.198 -1 -3.258 -1 -3.4 -1 134
-3.329 -1 -3.196 -1 -3.25 -1 -3.408 -1 139
-3.329 -1 -3.234 -1 -3.294 -1 -3.36 -1 110
-3.327 -1 -3.202 -1 -3.202 -1 -3.338 -1 97
-3.27 -1 -3.154 -1 -3.24 -1 -3.36 -1 144
-3.3 -1 -3.17 -1 -3.252 -1 -3.424 -1 187
-3.338 -1 -3.182 -1 -3.224 -1 -3.4 -1 87
-3.312 -1 -3.2 -1 -3.204 -1 -3.388 -1 6
-3.296 -1 -3.154 -1 -3.206 -1 -3.318 -1 62
-3.262 -1 -3.164 -1 -3.238 -1 -3.346 -1 199
-3.292 -1 -3.118 -1 -3.118 -1 -3.37 -1 6
-3.244 -1 -3.146 -1 -3.252 -1 -3.366 -1 184
-3.309 -1 -3.152 -1 -3.25 -1 -3.366 -1 193
-3.308 -1 -3.174 -1 -3.176 -1 -3.396 -1 9
-3.286 -1 -3.134 -1 -3.194 -1 -3.432 -1 71
-3.313 -1 -3.192 -1 -3.256 -1 -3.422 -1 142
-3.339 -1 -3.204 -1 -3.294 -1 -3.426 -1 159
-3.36 -1 -3.226 -1 -3.304 -1 -3.448 -1 95
-3.376 -1 -3.238 -1 -3.254 -1 -3.492 -1 62
-3.373 -1 -3.242 -1 -3.264 -1 -3.342 -1 30
-3.303 -1 -3.114 -1 -3.168 -1 -3.298 -1 78
-3.233 -1 -3.138 -1 -3.138 -1 -3.272 -1 1
-3.205 -1 -3.082 -1 -3.136 -1 -3.254 -1 113
-3.195 -1 -3.096 -1 -3.124 -1 -3.298 -1 40
-3.211 -1 -3.136 -1 -3.256 -1 -3.44 -1 179
-3.348 -1 -3.258 -1 -3.248 -1 -3.392 -1 13
-3.32 -1 -3.214 -1 -3.286 -1 -3.442 -1 135
-3.364 -1 -3.204 -1 -3.23 -1 -3.412 -1 62
-3.321 -1 -3.162 -1 -3.158 -1 -3.354 -1 38
-3.256 -1 -3.164 -1 -3.18 -1 -3.328 -1 44
-3.254 -1 -3.134 -1 -3.176 -1 -3.374 -2 44
-3.275 -1 -3.15 -1 -3.162 -1 -3.26 -1 24
-3.211 -1 -3.118 -1 -3.128 -1 -3.322 -1 27
-3.225 -1 -3.126 -1 -3.158 -1 -3.356 -1 47
-3.257 -1 -3.166 -1 -3.24 -1 -3.384 -1 153
-3.312 -1 -3.186 -1 -3.206 -1 -3.358 -1 133
-3.282 -1 -3.158 -1 -3.202 -1 -3.428 -1 65
-3.315 -1 -3.206 -1 -3.278 -1 -3.464 -1 174
-3.371 -1 -3.208 -1 -3.246 -1 -3.316 -1 100
-3.281 -1 -3.2 -1 -3.298 -1 -3.496 -1 167
-3.397 -1 -3.288 -1 -3.33 -1 -3.412 -1 130
-3.371 -1 -3.234 -1 -3.33 -1 -3.468 -1 187
-3.399 -1 -3.256 -1 -3.254 -1 -3.436 -2 5
-3.345 -1 -3.194 -1 -3.272 -1 -3.394 -1 143
-3.333 -1 -3.18 -1 -3.238 -1 -3.386 -1 142
-3.312 -1 -3.14 -1 -3.214 -1 -3.368 -1 121
-3.291 -1 -3.19 -1 -3.244 -1 -3.422 -2 118
-3.333 -1 -3.28 -2 -3.308 -2 -3.466 -2 29
-3.387 -2 -3.252 -2 -3.348 -2 -3.386 -1 188
-3.367 -1 -3.24 -1 -3.25 -1 -3.434 -1 142
-3.342 -1 -3.166 -1 -3.232 -1 -3.31 -1 66
-3.271 -1 -3.124 -1 -3.226 -1 -3.392 -1 172
-3.309 -1 -3.204 -1 -3.278 -1 -3.426 -1 183
-3.352 -1 -3.22 -1 -3.28 -1 -3.384 -1 125
-3.332 -1 -3.134 -1 -3.158 -1 -3.342 -1 67
-3.25 -1 -3.158 -1 -3.172 -1 -3.374 -1 67
-3.273 -1 -3.16 -1 -3.16 -1 -3.384 -1 1
-3.272 -1 -3.108 -1 -3.178 -1 -3.362 -1 130
-3.27 -1 -3.096 -1 -3.196 -1 -3.378 -1 198
-3.287 -1 -3.152 -1 -3.206 -1 -3.346 -1 102
-3.276 -1 -3.128 -1 -3.148 -1 -3.338 -1 38
-3.243 -1 -3.068 -1 -3.164 -1 -3.314 -1 102
-3.239 -1 -3.076 -1 -3.13 -1 -3.354 -1 105
-3.242 -1 -3.11 -1 -3.112 -1 -3.284 -2 9
-3.198 -1 -3.1 -1 -3.154 -1 -3.334 -1 68
-3.244 -1 -3.122 -1 -3.186 -1 -3.318 -1 85
-3.252 -1 -3.126 -1 -3.178 -1 -3.398 -1 55
-3.288 -1 -3.194 -1 -3.254 -1 -3.39 -1 157
-3.322 -1 -3.214 -1 -3.25 -1 -3.338 -1 142
-3.294 -1 -3.146 -1 -3.24 -1 -3.362 -1 102
-3.301 -1 -3.202 -1 -3.284 -1 -3.404 -1 197
-3.344 -1 -3.202 -1 -3.292 -1 -3.396 -1 133
-3.344 -1 -3.208 -1 -3.258 -1 -3.414 -1 91
-3.336 -1 -3.214 -1 -3.256 -1 -3.352 -1 156
-3.304 -1 -3.156 -1 -3.21 -1 -3.362 -1 122
-3.286 -1 -3.122 -1 -3.116 -1 -3.358 -1 12
-3.237 -1 -3.136 -1 -3.246 -1 -3.292 -1 189
-3.269 -1 -3.166 -1 -3.22 -1 -3.314 -1 75
-3.267 -1 -3.104 -1 -3.138 -1 -3.326 -1 54
-3.232 -1 -3.042 -1 -3.054 -1 -3.258 -1 24
-3.156 -1 -3.09 -1 -3.178 -1 -3.334 -1 156
-3.256 -1 -3.112 -1 -3.18 -1 -3.386 -1 96
-3.283 -1 -3.124 -1 -3.13 -1 -3.296 -1 20
-3.213 -1 -3.092 -1 -3.172 -1 -3.398 -1 117
-3.285 -1 -3.108 -1 -3.116 -1 -3.296 -1 22
-3.206 -1 -3.098 -1 -3.184 -1 -3.376 -1 108
-3.28 -1 -3.102 -1 -3.178 -1 -3.376 -1 101
-3.277 -1 -3.126 -1 -3.142 -1 -3.286 -2 11
-3.214 -1 -3.08 -1 -3.14 -1 -3.306 -1 105
-3.223 -1 -3.072 -1 -3.068 -1 -3.336 -1 1
-3.202 -1 -3.024 -1 -3.122 -1 -3.29 -1 164
-3.206 -1 -3.098 -1 -3.186 -1 -3.376 -1 118
-3.281 -1 -3.186 -1 -3.208 -1 -3.382 -1 19
-3.295 -1 -3.168 -1 -3.23 -1 -3.39 -1 148
-3.31 -1 -3.142 -1 -3.268 -1 -3.416 -1 194
-3.342 -1 -3.214 -1 -3.214 -1 -3.304 -1 1
-3.259 -1 -3.104 -1 -3.178 -1 -3.352 -1 98
-3.265 -1 -3.102 -1 -3.102 -1 -3.294 -1 2
-3.198 -1 -3.084 -1 -3.192 -1 -3.33 -2 172
-3.261 -1 -3.138 -1 -3.198 -1 -3.296 -1 117
-3.247 -1 -3.126 -1 -3.152 -1 -3.378 -1 95
-3.265 -1 -3.126 -1 -3.208 -1 -3.37 -1 181
-3.289 -1 -3.138 -1 -3.202 -1 -3.41 -1 132
-3.306 -1 -3.158 -1 -3.204 -1 -3.356 -1 56
-3.28 -1 -3.214 -1 -3.31 -1 -3.42 -1 155
-3.365 -1 -3.254 -1 -3.334 -1 -3.438 -1 123
-3.386 -1 -3.248 -1 -3.26 -1 -3.418 -2 80
-3.339 -1 -3.3 -1 -3.326 -1 -3.42 -1 87
-3.373 -1 -3.222 -1 -3.24 -1 -3.356 -2 113
-3.298 -1 -3.156 -1 -3.234 -1 -3.462 -1 81
-3.348 -1 -3.206 -1 -3.274 -1 -3.45 -1 165
-3.362 -1 -3.282 -1 -3.312 -1 -3.434 -1 89
-3.373 -1 -3.308 -1 -3.362 -1 -3.466 -1 152
-3.414 -1 -3.282 -1 -3.364 -1 -3.464 -1 146
-3.414 -1 -3.226 -1 -3.276 -1 -3.486 -1 70
-3.381 -1 -3.2 -1 -3.28 -1 -3.474 -1 186
-3.377 -1 -3.204 -1 -3.218 -1 -3.396 -1 12
-3.307 -1 -3.174 -1 -3.23 -1 -3.368 -1 66
-3.299 -1 -3.172 -1 -3.224 -1 -3.438 -1 59
-3.331 -1 -3.244 -1 -3.242 -1 -3.386 -1 74
-3.314 -1 -3.184 -1 -3.282 -1 -3.422 -1 191
-3.352 -1 -3.256 -1 -3.27 -1 -3.374 -1 10
-3.322 -1 -3.186 -1 -3.194 -1 -3.322 -1 7
-3.258 -1 -3.086 -1 -3.134 -1 -3.346 -1 54
-3.24 -1 -3.152 -1 -3.236 -1 -3.358 -1 177
-3.297 -1 -3.136 -1 -3.166 -1 -3.302 -1 71
-3.234 -1 -3.118 -1 -3.118 -1 -3.31 -1 17
-3.214 -1 -3.104 -1 -3.132 -1 -3.334 -1 31
-3.233 -1 -3.142 -1 -3.246 -1 -3.358 -2 146
-3.302 -1 -3.148 -1 -3.208 -1 -3.328 -1 115
-3.268 -1 -3.164 -1 -3.28 -1 -3.356 -1 137
-3.318 -1 -3.168 -1 -3.184 -1 -3.382 -1 137
-3.283 -1 -3.138 -1 -3.254 -1 -3.43 -2 181
-3.342 -1 -3.198 -1 -3.278 -1 -3.458 -1 159
-3.368 -1 -3.202 -1 -3.284 -1 -3.416 -1 149
-3.35 -1 -3.234 -1 -3.24 -1 -3.408 -1 35
-3.324 -1 -3.184 -1 -3.206 -1 -3.384 -1 84
-3.295 -1 -3.14 -1 -3.134 -1 -3.312 -1 22
-3.223 -1 -3.046 -1 -3.118 -1 -3.284 -1 126
-3.201 -1 -3.092 -1 -3.092 -1 -3.262 -1 28
-3.177 -1 -3.104 -1 -3.116 -1 -3.394 -1 54
-3.255 -1 -3.07 -1 -3.098 -1 -3.246 -1 20
-3.172 -1 -3.068 -1 -3.168 -1 -3.342 -1 142
-3.255 -1 -3.128 -1 -3.19 -1 -3.38 -1 104
-3.285 -1 -3.182 -1 -3.206 -1 -3.34 -1 168
-3.273 -1 -3.136 -1 -3.256 -1 -3.32 -1 172
-3.288 -1 -3.146 -1 -3.2 -1 -3.296 -1 135
-3.248 -1 -3.106 -1 -3.164 -1 -3.338 -1 169
-3.251 -1 -3.128 -1 -3.152 -1 -3.396 -1 43
-3.274 -1 -3.122 -1 -3.218 -1 -3.38 -1 165
-3.299 -1 -3.192 -1 -3.2 -1 -3.382 -1 96
-3.291 -1 -3.164 -1 -3.258 -1 -3.422 -1 198
-3.34 -1 -3.214 -1 -3.218 -1 -3.278 -1 2
-3.248 -1 -3.114 -1 -3.158 -1 -3.306 -1 83
-3.232 -1 -3.124 -1 -3.228 -1 -3.368 -1 144
-3.298 -1 -3.18 -1 -3.184 -1 -3.348 -1 36
-3.266 -1 -3.152 -1 -3.16 -1 -3.414 -2 13
-3.287 -1 -3.178 -1 -3.208 -2 -3.392 -1 192
-3.3 -1 -3.146 -2 -3.148 -2 -3.34 -1 10
-3.244 -1 -3.096 -1 -3.14 -1 -3.316 -1 37
-3.228 -1 -3.108 -1 -3.164 -1 -3.316 -1 125
-3.24 -1 -3.144 -1 -3.186 -1 -3.272 -1 101
-3.229 -1 -3.058 -1 -3.19 -1 -3.33 -1 184
-3.26 -1 -3.186 -1 -3.182 -1 -3.352 -1 47
-3.267 -1 -3.202 -1 -3.21 -1 -3.294 -1 42
-3.252 -1 -3.094 -1 -3.156 -1 -3.376 -1 70
-3.266 -1 -3.138 -1 -3.226 -1 -3.382 -1 154
-3.304 -1 -3.186 -1 -3.278 -1 -3.434 -1 168
-3.356 -1 -3.198 -1 -3.264 -1 -3.394 -1 122
-3.329 -1 -3.212 -1 -3.244 -1 -3.392 -1 47
-3.318 -1 -3.154 -1 -3.154 -1 -3.372 -2 11
-3.263 -1 -3.162 -1 -3.242 -1 -3.374 -1 170
-3.308 -1 -3.204 -1 -3.218 -1 -3.372 -1 5
-3.295 -1 -3.168 -1 -3.252 -1 -3.396 -1 143
-3.324 -1 -3.226 -1 -3.25 -1 -3.332 -1 92
-3.291 -1 -3.168 -1 -3.26 -1 -3.456 -1 137
-3.358 -1 -3.25 -1 -3.262 -1 -3.388 -1 185
-3.325 -1 -3.218 -1 -3.3 -1 -3.36 -1 178
-3.33 -1 -3.164 -1 -3.196 -1 -3.348 -1 45
-3.272 -1 -3.104 -1 -3.174 -1 -3.352 -1 107
-3.263 -1 -3.142 -1 -3.18 -1 -3.266 -1 62
-3.223 -1 -3.146 -1 -3.178 -1 -3.334 -1 38
-3.256 -1 -3.08 -1 -3.16 -1 -3.376 -1 134
-3.268 -1 -3.152 -1 -3.248 -1 -3.432 -1 169
-3.34 -1 -3.176 -1 -3.224 -1 -3.334 -1 61
-3.279 -1 -3.108 -1 -3.12 -1 -3.296 -1 24
-3.208 -1 -3.108 -1 -3.138 -1 -3.292 -1 72
-3.215 -1 -3.078 -1 -3.21 -1 -3.412 -1 175
-3.311 -1 -3.148 -1 -3.158 -1 -3.262 -1 43
-3.21 -1 -3.084 -1 -3.132 -1 -3.246 -1 78
-3.189 -1 -3.022 -1 -3.15 -1 -3.44 -1 175
-3.295 -1 -3.158 -1 -3.22 -1 -3.4 -1 79
-3.31 -1 -3.172 -1 -3.172 -1 -3.348 -1 0
-3.26 -1 -3.166 -1 -3.212 -1 -3.296 -1 96
-3.254 -1 -3.082 -1 -3.096 -1 -3.268 -1 63
-3.182 -1 -3.094 -1 -3.132 -1 -3.28 -1 98
-3.206 -1 -3.092 -1 -3.152 -1 -3.306 -1 76
-3.229 -1 -3.068 -1 -3.096 -1 -3.252 -1 65
-3.174 -1 -3.078 -1 -3.094 -1 -3.266 -1 24
-3.18 -1 -3.044 -1 -3.17 -1 -3.328 -1 180
-3.249 -1 -3.114 -1 -3.198 -1 -3.302 -1 145
-3.25 -1 -3.152 -1 -3.218 -1 -3.364 -1 125
-3.291 -1 -3.114 -1 -3.156 -1 -3.306 -1 46
-3.231 -1 -3.04 -1 -3.058 -1 -3.27 -1 18
-3.164 -1 -3.002 -1 -3.034 -1 -3.266 -1 32
-3.15 -1 -2.98 -1 -3.062 -1 -3.29 -1 145
-3.176 -1 -3.072 -1 -3.076 -1 -3.184 -1 4
-3.13 -1 -2.992 -1 -3.14 -1 -3.32 -1 162
-3.23 -1 -3.108 -1 -3.114 -1 -3.222 -1 49
-3.168 -1 -3.032 -1 -3.144 -1 -3.328 -1 177
-3.236 -1 -3.092 -1 -3.126 -1 -3.278 -1 50
-3.202 -1 -3.014 -1 -3.122 -1 -3.314 -2 138
-3.218 -1 -3.106 -1 -3.14 -1 -3.354 -1 71
-3.247 -1 -3.162 -1 -3.216 -1 -3.41 -2 75
-3.313 -1 -3.216 -1 -3.218 -1 -3.392 -1 8
-3.305 -1 -3.2 -1 -3.232 -1 -3.324 -1 75
-3.278 -1 -3.128 -1 -3.19 -1 -3.304 -1 44
-3.247 -1 -3.116 -1 -3.19 -1 -3.406 -1 193
-3.298 -1 -3.184 -1 -3.224 -1 -3.386 -1 72
-3.305 -1 -3.168 -1 -3.174 -1 -3.344 -1 5
-3.259 -1 -3.124 -1 -3.16 -1 -3.35 -1 157
-3.255 -1 -3.116 -1 -3.12 -1 -3.286 -1 13
-3.203 -1 -3.094 -1 -3.18 -1 -3.35 -2 170
-3.265 -1 -3.148 -1 -3.26 -1 -3.398 -1 183
-3.329 -1 -3.18 -1 -3.278 -1 -3.404 -2 182
-3.341 -1 -3.16 -2 -3.234 -2 -3.362 -1 127
-3.298 -1 -3.162 -1 -3.178 -1 -3.332 -1 11
-3.255 -1 -3.132 -1 -3.194 -1 -3.364 -1 147
-3.279 -1 -3.108 -1 -3.134 -1 -3.314 -2 67
-3.224 -1 -3.1 -1 -3.17 -1 -3.372 -1 160
-3.271 -1 -3.156 -1 -3.25 -1 -3.38 -1 189
-3.315 -1 -3.154 -1 -3.248 -1 -3.362 -2 197
-3.305 -1 -3.158 -1 -3.188 -1 -3.342 -1 74
-3.265 -1 -3.154 -1 -3.214 -1 -3.322 -1 169
-3.268 -1 -3.156 -1 -3.214 -1 -3.388 -1 180
-3.301 -1 -3.222 -1 -3.28 -1 -3.406 -1 187
-3.343 -1 -3.202 -1 -3.236 -1 -3.36 -1 117
-3.298 -1 -3.192 -1 -3.182 -1 -3.438 -1 17
-3.31 -1 -3.192 -1 -3.256 -1 -3.424 -1 151
-3.34 -1 -3.244 -1 -3.268 -1 -3.366 -1 53
-3.317 -1 -3.162 -1 -3.218 -1 -3.382 -1 69
-3.3 -1 -3.2 -1 -3.234 -1 -3.294 -1 54
-3.264 -1 -3.11 -1 -3.154 -1 -3.328 -1 52
-3.241 -1 -3.12 -1 -3.15 -1 -3.322 -1 45
-3.236 -1 -3.098 -1 -3.176 -1 -3.344 -1 96
-3.26 -1 -3.11 -1 -3.132 -1 -3.29 -1 40
-3.211 -1 -3.008 -1 -3.06 -1 -3.236 -1 88
-3.148 -1 -3.004 -1 -3.18 -1 -3.324 -1 172
-3.252 -1 -3.092 -1 -3.132 -1 -3.33 -1 66
-3.231 -1 -3.094 -1 -3.1 -1 -3.264 -1 4
-3.182 -1 -3.018 -1 -3.064 -1 -3.254 -1 98
-3.159 -1 -3.042 -1 -3.132 -1 -3.248 -1 108
-3.19 -1 -3.072 -1 -3.124 -1 -3.324 -1 97
-3.224 -1 -3.104 -1 -3.242 -1 -3.392 -1 185
-3.317 -1 -3.16 -1 -3.196 -1 -3.42 -1 83
-3.308 -1 -3.162 -1 -3.226 -1 -3.366 -1 106
-3.296 -1 -3.2 -1 -3.262 -1 -3.39 -1 119
-3.326 -1 -3.238 -1 -3.248 -1 -3.348 -1 24
-3.298 -1 -3.192 -1 -3.192 -1 -3.328 -1 16
-3.26 -1 -3.154 -1 -3.214 -1 -3.392 -2 88
-3.303 -1 -3.172 -1 -3.262 -1 -3.306 -1 160
-3.284 -1 -3.134 -1 -3.168 -1 -3.382 -1 50
-3.275 -1 -3.14 -1 -3.166 -1 -3.31 -2 95
-3.238 -1 -3.052 -1 -3.178 -1 -3.354 -1 150
-3.266 -1 -3.126 -1 -3.138 -1 -3.28 -1 85
-3.209 -1 -3.104 -1 -3.188 -1 -3.372 -1 148
-3.28 -1 -3.154 -1 -3.234 -1 -3.386 -1 107
-3.31 -1 -3.174 -1 -3.188 -1 -3.306 -1 50
-3.247 -1 -3.098 -1 -3.19 -1 -3.38 -1 178
-3.285 -1 -3.168 -1 -3.212 -1 -3.348 -1 62
-3.28 -1 -3.112 -1 -3.258 -1 -3.408 -1 183
-3.333 -1 -3.174 -1 -3.206 -1 -3.36 -1 104
-3.283 -1 -3.144 -1 -3.246 -1 -3.428 -1 157
-3.337 -1 -3.222 -1 -3.238 -1 -3.398 -1 57
-3.318 -1 -3.202 -1 -3.228 -1 -3.368 -2 51
-3.298 -1 -3.228 -1 -3.226 -1 -3.482 -1 1
-3.354 -1 -3.184 -1 -3.324 -1 -3.418 -1 195
-3.371 -1 -3.232 -1 -3.262 -1 -3.452 -1 99
-3.357 -1 -3.166 -1 -3.214 -1 -3.426 -1 45
-3.32 -1 -3.118 -1 -3.254 -1 -3.358 -2 185
-3.306 -1 -3.136 -1 -3.186 -1 -3.382 -1 72
-3.284 -1 -3.142 -1 -3.168 -1 -3.43 -1 39
-3.299 -1 -3.132 -1 -3.168 -1 -3.314 -1 69
-3.241 -1 -3.112 -1 -3.112 -1 -3.336 -1 2
-3.224 -1 -3.136 -1 -3.158 -1 -3.334 -1 44
-3.246 -1 -3.11 -1 -3.162 -1 -3.364 -1 80
-3.263 -1 -3.122 -1 -3.248 -1 -3.39 -1 174
-3.319 -1 -3.214 -1 -3.23 -1 -3.336 -2 113
-3.283 -1 -3.158 -1 -3.256 -1 -3.36 -2 148
-3.308 -1 -3.164 -1 -3.162 -1 -3.34 -1 16
-3.251 -1 -3.13 -1 -3.164 -1 -3.356 -1 61
-3.26 -1 -3.218 -1 -3.216 -1 -3.444 -1 11
-3.33 -1 -3.182 -1 -3.26 -1 -3.37 -1 95
-3.315 -1 -3.198 -1 -3.196 -1 -3.36 -1 32
-3.278 -1 -3.12 -1 -3.206 -1 -3.336 -1 168
-3.271 -1 -3.1 -1 -3.19 -1 -3.336 -1 197
-3.263 -1 -3.186 -1 -3.248 -1 -3.434 -1 145
-3.341 -1 -3.248 -1 -3.278 -1 -3.354 -1 92
-3.316 -1 -3.142 -1 -3.162 -1 -3.374 -1 45
-3.268 -1 -3.16 -1 -3.242 -1 -3.354 -1 166
-3.298 -1 -3.198 -1 -3.272 -1 -3.396 -1 149
-3.334 -1 -3.212 -1 -3.254 -1 -3.398 -1 62
-3.326 -1 -3.188 -1 -3.274 -1 -3.388 -1 171
-3.331 -1 -3.208 -1 -3.272 -1 -3.364 -1 82
-3.318 -1 -3.148 -1 -3.202 -1 -3.336 -1 59
-3.269 -1 -3.174 -1 -3.21 -1 -3.364 -1 124
-3.287 -1 -3.114 -1 -3.144 -1 -3.32 -1 73
-3.232 -1 -3.146 -1 -3.212 -1 -3.328 -1 94
-3.27 -1 -3.152 -1 -3.194 -1 -3.386 -1 159
-3.29 -1 -3.144 -1 -3.194 -1 -3.278 -1 92
-3.236 -1 -3.112 -1 -3.174 -1 -3.28 -1 111
-3.227 -1 -3.078 -1 -3.114 -1 -3.236 -1 45
-3.175 -1 -3.026 -1 -3.046 -1 -3.288 -1 40
-3.167 -1 -3.026 -1 -3.092 -1 -3.27 -1 91
-3.181 -1 -3.042 -1 -3.13 -1 -3.314 -1 142
-3.222 -1 -3.126 -1 -3.206 -1 -3.34 -1 123
-3.273 -1 -3.19 -1 -3.238 -1 -3.392 -1 66
-3.315 -1 -3.184 -1 -3.218 -1 -3.378 -1 36
-3.298 -1 -3.142 -1 -3.216 -1 -3.364 -1 103
-3.29 -1 -3.158 -1 -3.242 -1 -3.398 -2 116
-3.32 -1 -3.174 -1 -3.202 -1 -3.398 -1 24
-3.3 -1 -3.164 -1 -3.19 -1 -3.34 -1 42
-3.265 -1 -3.148 -1 -3.186 -1 -3.346 -2 60
-3.266 -1 -3.148 -1 -3.176 -1 -3.328 -1 167
-3.252 -1 -3.142 -1 -3.15 -1 -3.322 -1 20
-3.236 -1 -3.118 -1 -3.218 -1 -3.45 -1 194
-3.334 -1 -3.186 -1 -3.194 -1 -3.338 -1 31
-3.266 -1 -3.162 -1 -3.244 -1 -3.436 -1 132
-3.34 -1 -3.254 -1 -3.276 -1 -3.386 -1 28
-3.331 -1 -3.13 -1 -3.188 -1 -3.392 -2 108
-3.29 -1 -3.226 -1 -3.26 -1 -3.378 -1 137
-3.319 -1 -3.24 -1 -3.314 -1 -3.462 -1 111
-3.388 -1 -3.264 -1 -3.32 -1 -3.448 -2 94
-3.384 -1 -3.224 -1 -3.31 -1 -3.462 -1 167
-3.386 -1 -3.232 -1 -3.304 -1 -3.4 -1 165
-3.352 -1 -3.238 -1 -3.25 -1 -3.41 -1 53
-3.33 -1 -3.192 -1 -3.29 -1 -3.512 -1 101
-3.401 -1 -3.25 -1 -3.346 -1 -3.426 -2 199
-3.386 -1 -3.228 -1 -3.326 -1 -3.398 -1 189
-3.362 -1 -3.276 -1 -3.28 -1 -3.416 -1 1
-3.348 -1 -3.17 -1 -3.226 -1 -3.402 -1 101
-3.314 -1 -3.17 -1 -3.174 -1 -3.334 -1 32
-3.254 -1 -3.122 -1 -3.152 -1 -3.306 -1 50
-3.229 -1 -3.094 -1 -3.134 -1 -3.328 -1 77
-3.231 -1 -3.192 -1 -3.282 -1 -3.372 -1 151
-3.327 -1 -3.26 -1 -3.3 -1 -3.402 -1 72
-3.351 -1 -3.178 -1 -3.264 -1 -3.322 -1 124
-3.293 -1 -3.132 -1 -3.222 -1 -3.362 -1 151
-3.292 -1 -3.21 -1 -3.214 -1 -3.402 -1 24
-3.308 -1 -3.218 -1 -3.26 -1 -3.392 -1 194
-3.326 -1 -3.222 -1 -3.38 -1 -3.412 -1 152
-3.396 -1 -3.228 -1 -3.256 -1 -3.368 -1 169
-3.312 -1 -3.158 -1 -3.17 -1 -3.36 -2 23
-3.265 -1 -3.146 -1 -3.228 -1 -3.426 -2 102
-3.327 -1 -3.224 -1 -3.236 -1 -3.358 -1 141
-3.297 -1 -3.142 -1 -3.214 -1 -3.338 -1 163
-3.276 -1 -3.164 -1 -3.188 -1 -3.338 -1 120
-3.263 -1 -3.132 -1 -3.15 -1 -3.3 -1 54
-3.225 -1 -3.094 -1 -3.162 -1 -3.346 -1 171
-3.254 -1 -3.126 -1 -3.224 -1 -3.394 -1 139
-3.309 -1 -3.196 -1 -3.248 -1 -3.362 -1 72
-3.305 -1 -3.128 -1 -3.216 -1 -3.354 -1 156
-3.285 -1 -3.158 -1 -3.184 -1 -3.374 -1 42
-3.279 -1 -3.132 -1 -3.132 -1 -3.286 -1 6
-3.209 -1 -3.056 -1 -3.12 -1 -3.258 -1 63
-3.189 -1 -3.084 -1 -3.148 -1 -3.296 -1 118
-3.222 -1 -3.102 -1 -3.162 -1 -3.344 -1 100
-3.253 -1 -3.102 -1 -3.22 -1 -3.346 -1 153
-3.283 -1 -3.16 -1 -3.206 -1 -3.42 -1 96
-3.313 -1 -3.184 -1 -3.29 -1 -3.442 -2 182
-3.366 -1 -3.208 -1 -3.298 -1 -3.39 -1 88
-3.344 -1 -3.194 -1 -3.266 -1 -3.424 -1 151
-3.345 -1 -3.268 -1 -3.294 -1 -3.386 -1 107
-3.34 -1 -3.212 -1 -3.292 -1 -3.374 -1 198
-3.333 -1 -3.164 -1 -3.182 -1 -3.34 -1 37
-3.261 -1 -3.13 -1 -3.144 -1 -3.322 -1 56
-3.233 -1 -3.104 -1 -3.138 -1 -3.244 -1 61
-3.191 -1 -3.116 -1 -3.172 -1 -3.374 -1 100
-3.273 -1 -3.15 -1 -3.154 -1 -3.29 -2 13
-3.222 -1 -3.136 -1 -3.19 -1 -3.342 -1 130
-3.266 -1 -3.112 -1 -3.18 -1 -3.36 -2 101
-3.27 -1 -3.142 -1 -3.172 -1 -3.35 -2 58
-3.261 -1 -3.162 -1 -3.204 -1 -3.344 -1 103
-3.274 -1 -3.136 -1 -3.164 -1 -3.324 -2 56
-3.244 -1 -3.092 -1 -3.118 -1 -3.324 -1 101
-3.221 -1 -3.112 -1 -3.154 -1 -3.378 -1 129
-3.266 -1 -3.162 -1 -3.246 -1 -3.402 -1 182
-3.324 -1 -3.178 -1 -3.246 -1 -3.378 -1 75
-3.312 -1 -3.156 -1 -3.174 -1 -3.394 -1 45
-3.284 -1 -3.124 -1 -3.204 -1 -3.344 -2 117
-3.274 -1 -3.156 -1 -3.168 -1 -3.338 -1 28
-3.253 -1 -3.114 -1 -3.124 -1 -3.294 -1 22
-3.209 -1 -3.106 -1 -3.114 -1 -3.244 -1 36
-3.179 -1 -3.064 -1 -3.146 -1 -3.324 -1 163
-3.235 -1 -3.13 -1 -3.236 -1 -3.348 -1 192
-3.292 -1 -3.146 -1 -3.21 -1 -3.29 -1 95
-3.25 -1 -3.182 -1 -3.196 -1 -3.324 -1 22
-3.26 -1 -3.136 -1 -3.172 -1 -3.374 -1 63
-3.273 -1 -3.168 -1 -3.194 -1 -3.308 -1 70
-3.251 -1 -3.12 -1 -3.234 -1 -3.374 -1 180
-3.304 -1 -3.228 -1 -3.33 -1 -3.386 -1 192
-3.358 -1 -3.218 -1 -3.298 -1 -3.484 -2 154
-3.391 -1 -3.31 -1 -3.31 -1 -3.394 -1 1
-3.352 -1 -3.226 -1 -3.246 -1 -3.36 -1 165
-3.303 -1 -3.184 -1 -3.212 -1 -3.388 -1 35
-3.3 -1 -3.198 -1 -3.206 -1 -3.392 -1 69
-3.299 -1 -3.208 -1 -3.244 -1 -3.34 -1 73
-3.292 -1 -3.182 -1 -3.276 -1 -3.422 -1 193
-3.349 -1 -3.224 -1 -3.256 -1 -3.42 -1 91
-3.338 -1 -3.208 -1 -3.21 -1 -3.366 -1 7
-3.288 -1 -3.12 -1 -3.162 -1 -3.328 -1 64
-3.245 -1 -3.104 -1 -3.16 -1 -3.338 -1 141
-3.249 -1 -3.054 -1 -3.122 -1 -3.264 -1 184
-3.193 -1 -3.098 -1 -3.142 -1 -3.246 -1 56
-3.194 -1 -3.072 -1 -3.104 -1 -3.252 -1 81
-3.178 -1 -3.046 -1 -3.138 -1 -3.376 -1 171
-3.257 -1 -3.12 -1 -3.23 -1 -3.41 -1 183
-3.32 -1 -3.198 -1 -3.234 -1 -3.38 -2 99
-3.307 -1 -3.188 -1 -3.226 -1 -3.35 -1 147
-3.288 -1 -3.134 -1 -3.216 -1 -3.376 -1 159
-3.296 -1 -3.172 -1 -3.232 -1 -3.402 -1 149
-3.317 -1 -3.108 -1 -3.22 -1 -3.362 -1 195
-3.291 -1 -3.136 -1 -3.218 -1 -3.424 -2 127
-3.321 -1 -3.134 -1 -3.214 -1 -3.402 -1 162
-3.308 -1 -3.144 -1 -3.186 -1 -3.326 -1 119
-3.256 -1 -3.146 -1 -3.212 -1 -3.382 -1 79
-3.297 -1 -3.132 -1 -3.19 -1 -3.386 -1 50
-3.288 -1 -3.17 -1 -3.168 -1 -3.314 -1 14
-3.241 -1 -3.128 -1 -3.206 -1 -3.388 -1 151
-3.297 -1 -3.22 -1 -3.24 -1 -3.36 -1 41
-3.3 -1 -3.134 -1 -3.146 -1 -3.308 -1 40
-3.227 -1 -3.14 -1 -3.234 -1 -3.39 -2 149
-3.312 -1 -3.222 -1 -3.246 -1 -3.382 -1 78
-3.314 -1 -3.184 -1 -3.28 -1 -3.4 -1 161
-3.34 -1 -3.184 -1 -3.232 -1 -3.43 -1 82
-3.331 -1 -3.216 -1 -3.256 -1 -3.37 -1 103
-3.313 -1 -3.19 -1 -3.242 -1 -3.404 -1 82
-3.323 -1 -3.222 -1 -3.296 -1 -3.49 -1 106
-3.393 -1 -3.29 -1 -3.374 -1 -3.442 -1 153
-3.408 -1 -3.294 -1 -3.308 -1 -3.436 -1 5
-3.372 -1 -3.204 -1 -3.224 -1 -3.412 -1 60
-3.318 -1 -3.142 -1 -3.142 -1 -3.306 -1 3
-3.224 -1 -3.098 -1 -3.166 -1 -3.338 -1 75
-3.252 -1 -3.164 -1 -3.162 -1 -3.358 -1 60
-3.26 -1 -3.086 -1 -3.106 -1 -3.274 -1 14
-3.19 -1 -3.03 -1 -3.084 -1 -3.272 -1 81
-3.178 -1 -3.048 -1 -3.074 -1 -3.31 -1 56
-3.192 -1 -3.066 -1 -3.096 -1 -3.27 -1 60
-3.183 -1 -3.13 -1 -3.168 -1 -3.304 -1 70
-3.236 -1 -3.076 -1 -3.19 -1 -3.376 -1 152
-3.283 -1 -3.126 -1 -3.16 -1 -3.312 -1 65
-3.236 -1 -3.054 -1 -3.116 -1 -3.338 -1 120
-3.227 -1 -3.054 -1 -3.092 -1 -3.332 -1 42
-3.212 -1 -3.092 -1 -3.144 -1 -3.298 -1 116
-3.221 -1 -3.138 -1 -3.196 -1 -3.356 -1 182
-3.276 -1 -3.13 -1 -3.246 -1 -3.388 -1 184
-3.317 -1 -3.126 -1 -3.194 -1 -3.3 -1 143
-3.247 -1 -3.118 -1 -3.238 -1 -3.33 -1 163
-3.284 -1 -3.132 -1 -3.198 -1 -3.344 -1 143
-3.271 -1 -3.178 -1 -3.192 -1 -3.316 -1 25
-3.254 -1 -3.05 -1 -3.07 -1 -3.316 -1 50
-3.193 -1 -3.078 -1 -3.202 -1 -3.328 -1 137
-3.265 -1 -3.12 -1 -3.184 -1 -3.304 -1 146
-3.244 -1 -3.126 -1 -3.24 -1 -3.308 -1 160
-3.274 -1 -3.09 -1 -3.126 -1 -3.316 -1 49
-3.221 -1 -3.102 -1 -3.184 -1 -3.314 -1 136
-3.249 -1 -3.112 -1 -3.134 -1 -3.294 -1 23
-3.214 -1 -3.078 -1 -3.106 -1 -3.314 -1 97
-3.21 -1 -3.104 -1 -3.142 -1 -3.254 -1 44
-3.198 -1 -3.006 -1 -3.172 -1 -3.33 -1 170
-3.251 -1 -3.062 -1 -3.12 -1 -3.262 -1 58
-3.191 -1 -3.046 -1 -3.078 -1 -3.292 -1 24
-3.185 -1 -3.102 -1 -3.188 -1 -3.346 -1 94
-3.267 -1 -3.156 -1 -3.166 -1 -3.272 -1 33
-3.219 -1 -3.066 -1 -3.144 -1 -3.292 -1 134
-3.218 -1 -3.092 -1 -3.148 -1 -3.358 -1 112
-3.253 -1 -3.132 -1 -3.138 -1 -3.304 -1 11
-3.221 -1 -3.08 -1 -3.102 -1 -3.304 -1 24
-3.203 -1 -3.048 -1 -3.084 -1 -3.278 -1 88
-3.181 -1 -3.032 -1 -3.2 -1 -3.334 -1 194
-3.267 -1 -3.15 -1 -3.15 -1 -3.266 -1 4
-3.208 -1 -3.078 -1 -3.084 -1 -3.268 -1 11
-3.176 -1 -3.05 -1 -3.05 -1 -3.254 -1 1
-3.152 -1 -3.038 -1 -3.118 -1 -3.278 -1 117
-3.198 -1 -3.046 -1 -3.124 -1 -3.244 -1 125
-3.184 -1 -3.11 -1 -3.18 -1 -3.324 -1 146
-3.252 -1 -3.098 -1 -3.158 -1 -3.298 -1 156
-3.228 -1 -3.082 -1 -3.184 -1 -3.308 -1 152
-3.246 -1 -3.12 -1 -3.218 -1 -3.342 -1 158
-3.28 -1 -3.152 -1 -3.186 -1 -3.306 -1 65
-3.246 -1 -3.156 -1 -3.19 -1 -3.376 -1 107
-3.283 -1 -3.154 -1 -3.188 -1 -3.36 -1 108
-3.274 -1 -3.138 -1 -3.24 -1 -3.364 -1 163
-3.302 -1 -3.168 -1 -3.264 -1 -3.392 -1 155
-3.328 -1 -3.23 -1 -3.264 -1 -3.334 -1 55
-3.299 -1 -3.17 -1 -3.292 -1 -3.414 -1 179
-3.353 -1 -3.248 -1 -3.304 -1 -3.38 -1 164
-3.342 -1 -3.152 -1 -3.206 -1 -3.362 -1 51
-3.284 -1 -3.17 -1 -3.172 -1 -3.362 -2 4
-3.267 -1 -3.206 -1 -3.276 -1 -3.406 -1 159
-3.341 -1 -3.226 -1 -3.274 -1 -3.44 -1 146
-3.357 -1 -3.222 -1 -3.266 -1 -3.314 -1 35
-3.29 -1 -3.192 -1 -3.282 -1 -3.4 -1 168
-3.341 -1 -3.152 -1 -3.178 -1 -3.35 -1 115
-3.264 -1 -3.15 -1 -3.222 -1 -3.384 -1 140
-3.303 -1 -3.208 -1 -3.212 -1 -3.352 -1 5
-3.282 -1 -3.164 -1 -3.192 -1 -3.35 -2 61
-3.271 -1 -3.17 -1 -3.3 -1 -3.442 -1 190
-3.371 -1 -3.22 -1 -3.29 -1 -3.434 -1 123
-3.362 -1 -3.234 -1 -3.28 -1 -3.386 -1 172
-3.333 -1 -3.196 -1 -3.238 -1 -3.388 -1 99
-3.313 -1 -3.13 -1 -3.14 -1 -3.354 -1 5
-3.247 -1 -3.106 -1 -3.158 -1 -3.276 -1 59
-3.217 -1 -3.126 -1 -3.148 -1 -3.344 -2 28
-3.246 -1 -3.14 -1 -3.194 -1 -3.312 -1 116
-3.253 -1 -3.118 -1 -3.188 -1 -3.376 -1 110
-3.282 -1 -3.156 -1 -3.16 -1 -3.334 -2 14
-3.247 -1 -3.06 -1 -3.104 -1 -3.32 -1 49
-3.212 -1 -3.048 -1 -3.148 -1 -3.326 -1 155
-3.237 -1 -3.128 -1 -3.154 -1 -3.264 -1 57
-3.209 -1 -3.114 -1 -3.114 -1 -3.284 -1 13
-3.199 -1 -3.108 -1 -3.11 -1 -3.264 -1 5
-3.187 -1 -3.06 -1 -3.18 -1 -3.31 -1 142
-3.245 -1 -3.14 -1 -3.164 -1 -3.304 -1 30
-3.234 -1 -3.09 -1 -3.096 -1 -3.27 -1 7
-3.183 -1 -3.064 -1 -3.128 -1 -3.236 -1 102
-3.182 -1 -2.984 -1 -2.988 -1 -3.252 -1 10
-3.12 -1 -2.986 -1 -3.096 -1 -3.312 -1 189
-3.204 -1 -3.07 -1 -3.11 -1 -3.284 -1 20
-3.197 -1 -3.058 -1 -3.088 -1 -3.268 -1 21
-3.178 -1 -3.036 -1 -3.084 -1 -3.342 -1 95
-3.213 -1 -3.044 -1 -3.074 -1 -3.306 -1 79
-3.19 -1 -3.058 -1 -3.132 -1 -3.356 -1 124
-3.244 -1 -3.092 -1 -3.16 -1 -3.29 -1 89
-3.225 -1 -3.148 -1 -3.18 -1 -3.294 -1 64
-3.237 -1 -3.154 -1 -3.236 -1 -3.292 -1 95
-3.264 -1 -3.148 -1 -3.208 -1 -3.442 -1 144
-3.325 -1 -3.258 -1 -3.294 -1 -3.44 -1 117
-3.367 -1 -3.22 -1 -3.31 -1 -3.422 -1 181
-3.366 -1 -3.208 -1 -3.23 -1 -3.294 -1 100
-3.262 -1 -3.088 -1 -3.092 -1 -3.332 -1 46
-3.212 -1 -3.082 -1 -3.146 -1 -3.41 -1 95
-3.278 -1 -3.106 -1 -3.132 -1 -3.284 -1 62
-3.208 -1 -3.044 -1 -3.128 -1 -3.262 -1 80
-3.195 -1 -3.042 -1 -3.05 -1 -3.256 -1 33
-3.153 -1 -3.046 -1 -3.076 -1 -3.29 -1 27
-3.183 -1 -3.054 -1 -3.066 -1 -3.226 -1 6
-3.146 -1 -3.06 -1 -3.082 -1 -3.274 -1 57
-3.178 -1 -3.032 -1 -3.074 -1 -3.19 -1 85
-3.132 -1 -3.012 -1 -3.058 -1 -3.28 -1 70
-3.169 -1 -3.01 -1 -3.072 -1 -3.264 -1 177
-3.168 -1 -3.054 -1 -3.152 -1 -3.322 -1 171
-3.237 -1 -3.106 -1 -3.164 -1 -3.288 -1 120
-3.226 -1 -3.142 -1 -3.134 -1 -3.264 -1 19
-3.199 -1 -3.092 -1 -3.112 -1 -3.306 -1 22
-3.209 -1 -3.082 -1 -3.128 -1 -3.34 -1 64
-3.234 -1 -3.12 -1 -3.212 -1 -3.396 -1 134
-3.304 -1 -3.17 -1 -3.234 -1 -3.366 -1 67
-3.3 -1 -3.154 -1 -3.156 -1 -3.278 -1 21
-3.217 -1 -3.058 -1 -3.11 -1 -3.298 -1 78
-3.204 -1 -3.056 -1 -3.108 -1 -3.312 -1 129
-3.21 -1 -3.068 -1 -3.076 -1 -3.322 -1 44
-3.199 -1 -3.082 -1 -3.138 -1 -3.372 -1 99
-3.255 -1 -3.12 -1 -3.156 -1 -3.362 -1 73
-3.259 -1 -3.126 -1 -3.148 -1 -3.378 -1 30
-3.263 -1 -3.158 -1 -3.254 -1 -3.394 -1 159
-3.324 -1 -3.15 -1 -3.18 -1 -3.354 -1 27
-3.267 -1 -3.12 -1 -3.25 -1 -3.396 -2 194
-3.323 -1 -3.156 -1 -3.252 -1 -3.446 -2 158
-3.349 -1 -3.212 -1 -3.228 -1 -3.344 -1 24
-3.286 -1 -3.17 -1 -3.252 -1 -3.396 -2 159
-3.324 -1 -3.164 -1 -3.206 -1 -3.36 -1 71
-3.283 -1 -3.148 -1 -3.176 -1 -3.35 -1 99
-3.263 -1 -3.124 -1 -3.166 -1 -3.248 -1 52
-3.207 -1 -3.062 -1 -3.18 -1 -3.374 -1 194
-3.277 -1 -3.134 -1 -3.188 -1 -3.294 -1 76
-3.241 -1 -3.094 -1 -3.144 -1 -3.278 -1 64
-3.211 -1 -3.088 -1 -3.134 -1 -3.362 -1 163
-3.248 -1 -3.114 -1 -3.116 -1 -3.326 -1 2
-3.221 -1 -3.106 -1 -3.178 -1 -3.32 -1 108
-3.249 -1 -3.078 -1 -3.098 -1 -3.248 -1 112
-3.173 -1 -3.068 -1 -3.11 -1 -3.238 -1 116
-3.174 -1 -3.042 -1 -3.092 -1 -3.226 -1 69
-3.159 -1 -3.076 -1 -3.194 -1 -3.324 -1 164
-3.259 -1 -3.092 -1 -3.188 -1 -3.348 -1 153
-3.268 -1 -3.136 -1 -3.208 -1 -3.378 -2 140
-3.293 -1 -3.128 -1 -3.17 -1 -3.36 -1 58
-3.265 -1 -3.128 -1 -3.152 -1 -3.302 -1 43
-3.227 -1 -3.08 -1 -3.13 -1 -3.304 -1 98
-3.217 -1 -3.052 -1 -3.178 -1 -3.36 -2 155
-3.269 -1 -3.2 -1 -3.206 -1 -3.348 -1 37
-3.277 -1 -3.16 -1 -3.224 -1 -3.492 -1 169
-3.358 -1 -3.282 -1 -3.3 -1 -3.408 -1 185
-3.354 -1 -3.234 -1 -3.316 -1 -3.374 -1 195
-3.345 -1 -3.218 -1 -3.318 -1 -3.43 -1 155
-3.374 -1 -3.22 -1 -3.224 -1 -3.354 -1 105
-3.289 -1 -3.128 -1 -3.194 -1 -3.428 -1 59
-3.311 -1 -3.144 -1 -3.222 -1 -3.352 -1 125
-3.287 -1 -3.116 -1 -3.122 -1 -3.332 -1 14
-3.227 -1 -3.096 -1 -3.128 -1 -3.298 -1 73
-3.213 -1 -3.068 -1 -3.084 -1 -3.27 -1 46
-3.177 -1 -3.038 -1 -3.038 -1 -3.22 -1 0
-3.129 -1 -3.02 -1 -3.11 -1 -3.3 -2 95
-3.205 -1 -3.078 -1 -3.144 -1 -3.342 -1 106
-3.243 -1 -3.066 -1 -3.162 -1 -3.252 -1 196
-3.207 -1 -3.062 -1 -3.096 -1 -3.282 -1 71
-3.189 -1 -3.082 -1 -3.14 -1 -3.324 -1 115
-3.232 -1 -3.12 -1 -3.176 -1 -3.352 -1 162
-3.264 -1 -3.202 -1 -3.236 -1 -3.404 -2 51
-3.32 -1 -3.194 -1 -3.248 -1 -3.39 -1 188
-3.319 -1 -3.19 -1 -3.248 -1 -3.346 -1 133
-3.297 -1 -3.124 -1 -3.19 -1 -3.328 -1 106
-3.259 -1 -3.156 -1 -3.176 -1 -3.304 -2 27
-3.24 -1 -3.108 -1 -3.108 -1 -3.27 -1 46
-3.189 -1 -3.036 -1 -3.034 -1 -3.2 -1 23
-3.117 -1 -2.974 -1 -3.012 -1 -3.226 -1 99
-3.119 -1 -3.01 -1 -3.12 -1 -3.218 -1 127
-3.169 -1 -2.994 -1 -3.106 -1 -3.254 -1 193
-3.18 -1 -3.084 -1 -3.17 -1 -3.308 -1 132
-3.239 -1 -3.098 -1 -3.184 -1 -3.358 -1 177
-3.271 -1 -3.114 -1 -3.17 -1 -3.342 -1 97
-3.256 -1 -3.102 -1 -3.164 -1 -3.278 -2 65
-3.221 -1 -3.112 -1 -3.166 -1 -3.35 -1 86
-3.258 -1 -3.144 -1 -3.18 -1 -3.36 -1 72
-3.27 -1 -3.178 -1 -3.254 -1 -3.392 -1 103
-3.323 -1 -3.204 -1 -3.262 -1 -3.36 -2 105
-3.311 -1 -3.186 -1 -3.19 -1 -3.358 -1 27
-3.274 -1 -3.138 -1 -3.138 -1 -3.37 -2 0
-3.254 -1 -3.14 -1 -3.202 -1 -3.344 -1 95
-3.273 -1 -3.142 -1 -3.222 -1 -3.31 -1 169
-3.266 -1 -3.124 -1 -3.16 -1 -3.388 -1 72
-3.274 -1 -3.154 -1 -3.224 -1 -3.332 -1 131
-3.278 -1 -3.126 -1 -3.196 -1 -3.33 -1 99
-3.263 -1 -3.108 -1 -3.234 -1 -3.4 -1 199
-3.317 -1 -3.208 -1 -3.262 -1 -3.414 -1 124
-3.338 -1 -3.166 -1 -3.24 -1 -3.352 -1 164
-3.296 -1 -3.082 -1 -3.192 -1 -3.344 -1 176
-3.268 -1 -3.186 -1 -3.186 -1 -3.312 -1 11
-3.249 -1 -3.156 -1 -3.252 -1 -3.46 -1 198
-3.356 -1 -3.182 -1 -3.24 -1 -3.378 -1 148
-3.309 -1 -3.154 -1 -3.23 -1 -3.46 -1 164
-3.345 -1 -3.224 -1 -3.224 -1 -3.322 -1 1
-3.273 -1 -3.104 -1 -3.21 -1 -3.364 -1 151
-3.287 -1 -3.212 -1 -3.228 -1 -3.348 -1 27
-3.288 -1 -3.194 -1 -3.27 -1 -3.392 -1 56
-3.331 -1 -3.23 -1 -3.254 -1 -3.38 -2 101
-3.317 -1 -3.164 -1 -3.232 -1 -3.398 -1 108
-3.315 -1 -3.172 -1 -3.202 -1 -3.368 -1 91
-3.285 -1 -3.184 -1 -3.26 -1 -3.35 -1 159
-3.305 -1 -3.162 -1 -3.178 -1 -3.34 -1 18
-3.259 -1 -3.094 -1 -3.156 -1 -3.326 -1 141
-3.241 -1 -3.11 -1 -3.166 -1 -3.374 -1 100
-3.27 -1 -3.184 -1 -3.234 -1 -3.34 -1 86
-3.287 -1 -3.148 -1 -3.21 -1 -3.37 -1 70
-3.29 -1 -3.194 -1 -3.294 -1 -3.432 -1 99
-3.363 -1 -3.256 -1 -3.318 -1 -3.438 -1 104
-3.378 -1 -3.206 -1 -3.272 -1 -3.422 -1 105
-3.347 -1 -3.174 -1 -3.262 -1 -3.378 -1 159
-3.32 -1 -3.196 -1 -3.198 -1 -3.348 -1 4
-3.273 -1 -3.146 -1 -3.178 -1 -3.372 -1 98
-3.275 -1 -3.144 -1 -3.226 -1 -3.434 -1 118
-3.33 -1 -3.184 -1 -3.236 -1 -3.4 -1 118
-3.318 -1 -3.174 -1 -3.228 -1 -3.37 -1 172
-3.299 -1 -3.218 -1 -3.264 -1 -3.368 -1 141
-3.316 -1 -3.208 -1 -3.204 -1 -3.402 -1 23
-3.303 -1 -3.19 -1 -3.25 -1 -3.398 -1 123
-3.324 -1 -3.162 -1 -3.172 -1 -3.294 -1 7
-3.233 -1 -3.088 -1 -3.192 -1 -3.418 -1 179
-3.305 -1 -3.164 -1 -3.254 -1 -3.398 -1 145
-3.326 -1 -3.224 -1 -3.262 -1 -3.312 -1 113
-3.287 -1 -3.17 -1 -3.184 -1 -3.344 -1 43
-3.264 -1 -3.116 -1 -3.19 -1 -3.322 -1 157
-3.256 -1 -3.098 -1 -3.116 -1 -3.252 -1 55
-3.184 -1 -3.032 -1 -3.076 -1 -3.32 -1 50
-3.198 -1 -3.048 -1 -3.136 -1 -3.3 -1 149
-3.218 -1 -3.094 -1 -3.192 -1 -3.396 -1 145
-3.294 -1 -3.148 -1 -3.154 -1 -3.35 -1 17
-3.252 -1 -3.132 -1 -3.15 -1 -3.32 -1 28
-3.235 -1 -3.138 -1 -3.17 -1 -3.302 -1 163
-3.236 -1 -3.08 -1 -3.166 -1 -3.344 -1 148
-3.255 -1 -3.136 -1 -3.194 -1 -3.328 -1 117
-3.261 -1 -3.094 -1 -3.166 -1 -3.282 -1 61
-3.224 -1 -3.088 -1 -3.208 -1 -3.384 -1 123
-3.296 -1 -3.162 -1 -3.222 -1 -3.344 -1 144
-3.283 -1 -3.11 -1 -3.228 -1 -3.444 -1 179
-3.336 -1 -3.214 -1 -3.322 -1 -3.394 -1 199
-3.358 -1 -3.19 -1 -3.212 -1 -3.404 -1 43
-3.308 -1 -3.182 -1 -3.188 -1 -3.348 -1 14
-3.268 -1 -3.07 -1 -3.114 -1 -3.314 -1 35
-3.214 -1 -3.064 -1 -3.058 -1 -3.336 -1 23
-3.197 -1 -3.084 -1 -3.124 -1 -3.314 -1 109
-3.219 -1 -3.106 -1 -3.17 -1 -3.382 -1 138
-3.276 -1 -3.138 -1 -3.178 -1 -3.264 -1 99
-3.221 -1 -3.094 -1 -3.098 -1 -3.244 -1 9
-3.171 -1 -3.03 -1 -3.046 -1 -3.228 -1 18
-3.137 -1 -3.014 -1 -3.1 -1 -3.28 -1 197
-3.19 -1 -3.002 -1 -3.1 -1 -3.338 -1 148
-3.219 -1 -3.122 -1 -3.142 -1 -3.352 -2 26
-3.247 -1 -3.078 -1 -3.094 -1 -3.29 -1 17
-3.192 -1 -3.034 -1 -3.052 -1 -3.226 -1 18
-3.139 -1 -3.024 -1 -3.098 -1 -3.272 -1 167
-3.185 -1 -3.072 -1 -3.118 -1 -3.296 -1 73
-3.207 -1 -3.008 -1 -3.098 -1 -3.306 -1 85
-3.202 -1 -3.104 -1 -3.148 -1 -3.398 -1 67
-3.273 -1 -3.136 -1 -3.222 -1 -3.344 -1 172
-3.283 -1 -3.204 -1 -3.238 -1 -3.358 -1 57
-3.298 -1 -3.16 -1 -3.208 -1 -3.378 -1 49
-3.293 -1 -3.17 -1 -3.226 -1 -3.356 -1 86
-3.291 -1 -3.164 -1 -3.214 -1 -3.402 -1 116
-3.308 -1 -3.172 -1 -3.208 -1 -3.332 -1 86
-3.27 -1 -3.114 -1 -3.228 -1 -3.384 -1 152
-3.306 -1 -3.176 -1 -3.202 -1 -3.364 -1 17
-3.283 -1 -3.126 -1 -3.212 -1 -3.416 -1 165
-3.314 -1 -3.204 -1 -3.292 -1 -3.42 -1 175
-3.356 -1 -3.226 -1 -3.286 -1 -3.37 -1 165
-3.328 -1 -3.2 -1 -3.228 -1 -3.378 -1 52
-3.303 -1 -3.156 -1 -3.166 -1 -3.352 -1 11
-3.259 -1 -3.122 -1 -3.122 -1 -3.32 -1 0
-3.221 -1 -3.064 -1 -3.08 -1 -3.292 -1 39
-3.186 -1 -3.05 -1 -3.058 -1 -3.24 -1 11
-3.149 -1 -2.976 -1 -3.05 -1 -3.262 -1 188
-3.156 -1 -3.01 -1 -3.112 -1 -3.258 -1 127
-3.185 -1 -3.064 -1 -3.25 -1 -3.372 -1 199
-3.311 -1 -3.182 -1 -3.24 -1 -3.378 -1 76
-3.309 -1 -3.186 -1 -3.214 -1 -3.262 -1 35
-3.238 -1 -3.13 -1 -3.152 -1 -3.386 -2 66
-3.269 -1 -3.194 -1 -3.21 -1 -3.406 -1 103
-3.308 -1 -3.172 -1 -3.264 -1 -3.436 -1 136
-3.35 -1 -3.224 -1 -3.276 -1 -3.364 -1 182
-3.32 -1 -3.204 -1 -3.332 -1 -3.42 -1 145
-3.376 -1 -3.25 -1 -3.264 -1 -3.396 -1 111
-3.33 -1 -3.224 -1 -3.25 -1 -3.372 -1 138
-3.311 -1 -3.198 -1 -3.202 -1 -3.308 -1 14
-3.255 -1 -3.1 -1 -3.13 -1 -3.35 -1 66
-3.24 -1 -3.2 -1 -3.262 -1 -3.354 -1 130
-3.308 -1 -3.198 -1 -3.244 -1 -3.44 -1 70
-3.342 -1 -3.196 -1 -3.234 -1 -3.486 -1 66
-3.36 -1 -3.25 -1 -3.262 -1 -3.36 -1 42
-3.311 -1 -3.162 -1 -3.226 -1 -3.4 -1 162
-3.313 -1 -3.164 -1 -3.178 -1 -3.276 -1 19
-3.227 -1 -3.098 -1 -3.156 -1 -3.298 -1 90
-3.227 -1 -3.094 -1 -3.196 -1 -3.294 -1 138
-3.245 -1 -3.09 -1 -3.168 -1 -3.356 -1 134
-3.262 -1 -3.122 -1 -3.128 -1 -3.356 -1 24
-3.242 -1 -3.106 -1 -3.186 -1 -3.38 -1 170
-3.283 -1 -3.192 -1 -3.206 -1 -3.352 -1 154
-3.279 -1 -3.142 -1 -3.164 -1 -3.308 -1 33
-3.236 -1 -3.092 -1 -3.172 -1 -3.298 -1 159
-3.235 -1 -3.148 -1 -3.17 -1 -3.248 -1 47
-3.209 -1 -3.072 -1 -3.222 -1 -3.394 -1 156
-3.308 -1 -3.158 -1 -3.176 -1 -3.306 -1 9
-3.241 -1 -3.112 -1 -3.176 -1 -3.33 -1 171
-3.253 -1 -3.112 -1 -3.108 -1 -3.266 -1 23
-3.187 -1 -3.034 -1 -3.108 -1 -3.306 -1 98
-3.207 -1 -3.022 -1 -3.11 -1 -3.266 -1 91
-3.188 -1 -3.016 -1 -3.112 -1 -3.316 -1 157
-3.214 -1 -3.1 -1 -3.13 -1 -3.268 -1 49
-3.199 -1 -3.106 -1 -3.198 -1 -3.396 -1 183
-3.297 -1 -3.202 -1 -3.2 -1 -3.32 -1 42
-3.26 -1 -3.15 -1 -3.238 -1 -3.364 -1 105
-3.301 -1 -3.162 -1 -3.172 -1 -3.374 -1 22
-3.273 -1 -3.14 -1 -3.21 -1 -3.31 -1 118
-3.26 -1 -3.084 -1 -3.134 -1 -3.35 -1 118
-3.242 -1 -3.15 -1 -3.192 -1 -3.308 -1 72
-3.25 -1 -3.15 -1 -3.192 -1 -3.356 0 91
