10 1000 0.4 4 213 0 0 0 0
-3.786 -1 -3.406 -1 -3.484 -2 -3.564 -1 187
-3.524 -1 -3.162 -1 -3.19 -1 -3.558 -2 29
-3.374 -1 -3.038 -1 -3.122 -2 -3.462 -1 94
-3.292 -1 -2.988 -1 -3.02 -1 -3.324 -1 24
-3.172 -1 -2.834 -1 -3.054 -1 -3.39 -2 159
-3.222 -1 -2.92 -1 -3.1 -1 -3.376 -1 128
-3.238 -1 -2.894 -1 -3.006 -1 -3.342 -1 142
-3.174 -1 -2.806 -1 -2.92 -1 -3.242 -1 106
-3.081 -1 -2.75 -1 -2.904 -1 -3.232 -1 142
-3.068 -1 -2.74 -1 -2.778 -1 -3.198 -1 44
-2.988 -1 -2.65 -1 -2.78 -1 -3.144 -1 76
-2.962 -1 -2.632 -1 -2.774 -1 -3.17 -1 104
-2.972 -1 -2.654 -1 -2.928 -1 -3.24 -1 198
-3.084 -1 -2.778 -1 -2.816 -1 -3.158 -1 34
-2.987 -1 -2.686 -1 -2.7 -1 -3.114 -1 20
-2.907 -1 -2.586 -1 -2.632 -1 -3.056 -1 40
-2.844 -1 -2.55 -1 -2.642 -1 -3.076 -1 62
-2.859 -1 -2.568 -1 -2.654 -1 -3.132 -1 72
-2.893 -1 -2.55 -1 -2.708 -1 -3.078 -1 107
-2.893 -1 -2.576 -1 -2.69 -1 -3.14 -1 91
-2.915 -1 -2.598 -1 -2.724 -1 -3.13 -1 112
-2.927 -1 -2.602 -1 -2.86 -1 -3.192 -1 174
-3.026 -1 -2.656 -1 -2.698 -1 -3.112 -1 23
-2.905 -1 -2.57 -1 -2.788 -1 -3.174 -1 165
-2.981 -1 -2.646 -1 -2.748 -1 -3.122 -1 68
-2.935 -1 -2.618 -1 -2.644 -1 -3.088 -1 37
-2.866 -1 -2.544 -1 -2.728 -1 -3.092 -1 154
-2.91 -1 -2.562 -1 -2.604 -1 -3.022 -1 27
-2.813 -1 -2.482 -1 -2.558 -1 -2.982 -1 58
-2.77 -1 -2.446 -1 -2.49 -1 -2.924 -1 44
-2.707 -1 -2.408 -1 -2.592 -1 -3.03 -1 107
-2.811 -1 -2.508 -1 -2.654 -1 -3.11 -1 96
-2.882 -1 -2.522 -1 -2.626 -1 -3.042 -1 48
-2.834 -1 -2.488 -1 -2.662 -1 -3.168 -1 104
-2.915 -1 -2.546 -1 -2.584 -1 -3.078 -1 26
-2.831 -1 -2.498 -1 -2.792 -1 -3.198 -1 190
-2.995 -1 -2.632 -1 -2.81 -1 -3.202 -1 158
-3.006 -1 -2.616 -1 -2.772 -1 -3.116 -1 114
-2.944 -1 -2.592 -1 -2.796 -1 -3.154 -1 185
-2.975 -1 -2.602 -1 -2.624 -1 -3.068 -1 28
-2.846 -1 -2.544 -1 -2.716 -1 -3.176 -1 138
-2.946 -1 -2.586 -1 -2.624 -1 -3.096 -1 23
-2.86 -1 -2.514 -1 -2.606 -1 -3.052 -1 87
-2.829 -1 -2.518 -1 -2.736 -1 -3.1 -1 151
-2.918 -1 -2.494 -1 -2.578 -1 -2.992 -1 62
-2.785 -1 -2.48 -1 -2.666 -1 -3.108 -1 126
-2.887 -1 -2.55 -1 -2.708 -1 -3.02 -1 108
-2.864 -1 -2.546 -1 -2.71 -1 -3.092 -1 118
-2.901 -1 -2.554 -1 -2.772 -1 -3.216 -1 150
-2.994 -1 -2.622 -1 -2.772 -1 -3.08 -1 134
-2.926 -1 -2.552 -1 -2.698 -1 -3.082 -1 122
-2.89 -1 -2.552 -1 -2.778 -1 -3.118 -1 195
-2.948 -1 -2.576 -1 -2.64 -1 -3.028 -1 44
-2.834 -1 -2.524 -1 -2.708 -1 -3.156 -1 136
-2.932 -1 -2.546 -1 -2.612 -1 -3.078 -1 39
-2.845 -1 -2.56 -1 -2.658 -1 -2.996 -1 72
-2.827 -1 -2.534 -1 -2.832 -1 -3.208 -1 198
-3.02 -1 -2.636 -1 -2.892 -1 -3.186 -1 191
-3.039 -1 -2.71 -1 -2.826 -1 -3.262 -1 97
-3.044 -1 -2.654 -1 -2.804 -1 -3.234 -1 142
-3.019 -1 -2.688 -1 -2.92 -1 -3.224 -1 197
-3.072 -1 -2.746 -1 -2.97 -1 -3.24 -1 174
-3.105 -1 -2.736 -1 -2.912 -1 -3.182 -1 175
-3.047 -1 -2.712 -1 -2.882 -1 -3.236 -1 152
-3.059 -1 -2.654 -1 -2.712 -1 -3.138 -1 52
-2.925 -1 -2.59 -1 -2.828 -1 -3.156 -1 158
-2.992 -1 -2.662 -1 -2.83 -1 -3.148 -1 111
-2.989 -1 -2.662 -1 -2.68 -1 -3.1 -1 15
-2.89 -1 -2.572 -1 -2.708 -1 -3.032 -1 113
-2.87 -1 -2.53 -1 -2.572 -1 -3.008 -1 27
-2.79 -1 -2.492 -1 -2.726 -1 -3.064 -1 158
-2.895 -1 -2.508 -1 -2.682 -1 -3.078 -1 108
-2.88 -1 -2.526 -1 -2.788 -1 -3.164 -1 169
-2.976 -1 -2.624 -1 -2.8 -1 -3.164 -1 153
-2.982 -1 -2.642 -1 -2.644 -1 -3.052 -1 3
-2.848 -1 -2.554 -1 -2.792 -1 -3.152 -1 194
-2.972 -1 -2.646 -1 -2.716 -1 -3.104 -1 69
-2.91 -1 -2.532 -1 -2.672 -1 -3.064 -1 71
-2.868 -1 -2.49 -1 -2.698 -1 -3.048 -1 113
-2.873 -1 -2.548 -1 -2.572 -1 -2.912 -1 18
-2.742 -1 -2.42 -1 -2.664 -1 -3.124 -1 157
-2.894 -1 -2.562 -1 -2.676 -1 -3.032 -1 79
-2.854 -1 -2.542 -1 -2.682 -1 -3.088 -1 97
-2.885 -1 -2.548 -1 -2.796 -1 -3.188 -1 199
-2.992 -1 -2.628 -1 -2.646 -1 -3 -1 14
-2.823 -1 -2.502 -1 -2.684 -1 -3.02 -1 148
-2.852 -1 -2.514 -1 -2.654 -1 -3.016 -1 90
-2.835 -1 -2.492 -1 -2.514 -1 -2.986 -1 13
-2.75 -1 -2.45 -1 -2.71 -1 -3.092 -1 160
-2.901 -1 -2.55 -1 -2.6 -1 -3.002 -1 46
-2.801 -1 -2.47 -1 -2.484 -1 -2.932 -1 11
-2.708 -1 -2.44 -1 -2.632 -1 -3.072 -1 140
-2.852 -1 -2.486 -1 -2.64 -1 -3.036 -1 117
-2.838 -1 -2.486 -1 -2.686 -1 -3.042 -1 166
-2.864 -1 -2.508 -1 -2.722 -1 -2.996 -1 144
-2.859 -1 -2.496 -1 -2.65 -1 -2.986 -1 103
-2.818 -1 -2.444 -1 -2.72 -1 -3.124 -1 189
-2.922 -1 -2.524 -1 -2.546 -1 -2.982 -1 32
-2.764 -1 -2.468 -1 -2.676 -1 -2.992 -1 139
-2.834 -1 -2.458 -1 -2.674 -1 -3.044 -1 149
-2.859 -1 -2.45 -1 -2.626 -1 -2.994 -1 131
-2.81 -1 -2.49 -1 -2.524 -1 -2.974 -1 22
-2.749 -1 -2.462 -1 -2.732 -1 -3.13 -1 184
-2.931 -1 -2.552 -1 -2.77 -1 -3.122 -1 160
-2.946 -1 -2.598 -1 -2.878 -1 -3.16 -1 197
-3.019 -1 -2.604 -1 -2.804 -1 -3.128 -1 164
-2.966 -1 -2.592 -1 -2.764 -1 -3.17 -1 115
-2.967 -1 -2.602 -1 -2.638 -1 -3.018 -1 36
-2.828 -1 -2.516 -1 -2.768 -1 -3.056 -1 163
-2.912 -1 -2.584 -1 -2.782 -1 -3.166 -1 172
-2.974 -1 -2.58 -1 -2.698 -1 -3.018 -1 90
-2.858 -1 -2.56 -1 -2.73 -1 -3.086 -1 119
-2.908 -1 -2.524 -1 -2.652 -1 -3.116 -1 103
-2.884 -1 -2.578 -1 -2.77 -1 -3.142 -1 133
-2.956 -1 -2.612 -1 -2.662 -1 -3.054 -1 40
-2.858 -1 -2.574 -1 -2.762 -1 -3.178 -1 125
-2.97 -1 -2.586 -1 -2.7 -1 -3.078 -1 78
-2.889 -1 -2.516 -1 -2.758 -1 -3.09 -1 186
-2.924 -1 -2.562 -1 -2.718 -1 -3.062 -1 121
-2.89 -1 -2.548 -1 -2.824 -1 -3.074 -1 183
-2.949 -1 -2.554 -1 -2.624 -1 -3.058 -1 45
-2.841 -1 -2.504 -1 -2.532 -1 -2.954 -1 26
-2.743 -1 -2.474 -1 -2.654 -1 -2.988 -1 112
-2.821 -1 -2.448 -1 -2.644 -1 -3.026 -1 94
-2.835 -1 -2.468 -1 -2.652 -1 -3.064 -1 105
-2.858 -1 -2.52 -1 -2.73 -1 -3.082 -1 168
-2.906 -1 -2.556 -1 -2.648 -1 -3.016 -1 68
-2.832 -1 -2.516 -1 -2.8 -1 -3.07 -1 194
-2.935 -1 -2.612 -1 -2.898 -1 -3.162 -1 192
-3.03 -1 -2.632 -1 -2.858 -1 -3.174 -1 195
-3.016 -1 -2.664 -1 -2.882 -1 -3.178 -1 189
-3.03 -1 -2.636 -1 -2.84 -1 -3.202 -1 170
-3.021 -1 -2.694 -1 -2.836 -1 -3.164 -1 108
-3 -1 -2.642 -1 -2.852 -1 -3.23 -1 123
-3.041 -1 -2.72 -1 -2.72 -1 -3.044 -1 3
-2.882 -1 -2.57 -1 -2.788 -1 -3.092 -1 140
-2.94 -1 -2.572 -1 -2.64 -1 -2.99 -1 43
-2.815 -1 -2.448 -1 -2.588 -1 -2.96 -1 77
-2.774 -1 -2.48 -1 -2.58 -1 -2.972 -1 50
-2.776 -1 -2.44 -1 -2.67 -1 -3.068 -1 135
-2.869 -1 -2.514 -1 -2.598 -1 -3.026 -1 82
-2.812 -1 -2.462 -1 -2.586 -1 -2.934 -1 82
-2.76 -1 -2.446 -1 -2.476 -1 -2.924 -1 25
-2.7 -1 -2.404 -1 -2.482 -1 -2.89 -1 50
-2.686 -1 -2.37 -1 -2.65 -1 -2.984 -1 174
-2.817 -1 -2.448 -1 -2.686 -1 -3.034 -1 140
-2.86 -1 -2.486 -1 -2.678 -1 -3.116 -1 162
-2.897 -1 -2.472 -1 -2.616 -1 -3 -1 90
-2.808 -1 -2.454 -1 -2.52 -1 -2.938 -1 40
-2.729 -1 -2.414 -1 -2.476 -1 -2.908 -1 49
-2.692 -1 -2.382 -1 -2.424 -1 -2.802 -1 19
-2.613 -1 -2.304 -1 -2.374 -1 -2.818 -1 37
-2.596 -1 -2.294 -1 -2.59 -1 -2.976 -1 161
-2.783 -1 -2.424 -1 -2.424 -1 -2.85 -1 0
-2.637 -1 -2.284 -1 -2.64 -1 -3.044 -1 192
-2.842 -1 -2.466 -1 -2.706 -1 -3.016 -1 187
-2.861 -1 -2.49 -1 -2.5 -1 -2.892 -1 6
-2.696 -1 -2.348 -1 -2.512 -1 -2.894 -1 90
-2.703 -1 -2.412 -1 -2.636 -1 -2.968 -1 137
-2.802 -1 -2.448 -1 -2.664 -1 -3.026 -1 182
-2.845 -1 -2.496 -1 -2.556 -1 -2.928 -1 39
-2.742 -1 -2.432 -1 -2.51 -1 -2.884 -1 52
-2.697 -1 -2.34 -1 -2.616 -1 -2.908 -1 143
-2.762 -1 -2.416 -1 -2.422 -1 -2.836 -1 4
-2.629 -1 -2.318 -1 -2.426 -1 -2.864 -1 66
-2.645 -1 -2.282 -1 -2.574 -1 -3.016 -1 177
-2.795 -1 -2.41 -1 -2.48 -1 -2.872 -1 41
-2.676 -1 -2.352 -1 -2.676 -1 -3.066 -1 195
-2.871 -1 -2.508 -1 -2.656 -1 -3.002 -1 99
-2.829 -1 -2.492 -1 -2.724 -1 -3.092 -1 167
-2.908 -1 -2.536 -1 -2.586 -1 -2.974 -1 37
-2.78 -1 -2.444 -1 -2.718 -1 -3.01 -1 194
-2.864 -1 -2.466 -1 -2.588 -1 -3.034 -1 88
-2.811 -1 -2.426 -1 -2.44 -1 -2.924 -1 6
-2.682 -1 -2.388 -1 -2.52 -1 -2.878 -1 83
-2.699 -1 -2.402 -1 -2.704 -1 -3.022 -1 193
-2.863 -1 -2.504 -1 -2.762 -1 -3.03 -1 175
-2.896 -1 -2.542 -1 -2.566 -1 -2.95 -1 29
-2.758 -1 -2.436 -1 -2.55 -1 -2.978 -1 82
-2.764 -1 -2.446 -1 -2.51 -1 -2.916 -1 37
-2.713 -1 -2.384 -1 -2.486 -1 -2.934 -1 75
-2.71 -1 -2.426 -1 -2.514 -1 -2.9 -1 76
-2.707 -1 -2.362 -1 -2.48 -1 -2.864 -1 64
-2.672 -1 -2.33 -1 -2.576 -1 -2.936 -1 171
-2.756 -1 -2.376 -1 -2.664 -1 -3.008 -1 174
-2.836 -1 -2.414 -1 -2.482 -1 -2.92 -1 61
-2.701 -1 -2.394 -1 -2.404 -1 -2.898 -1 9
-2.651 -1 -2.358 -1 -2.576 -1 -2.878 -1 115
-2.727 -1 -2.312 -1 -2.356 -1 -2.776 -1 30
-2.566 -1 -2.262 -1 -2.39 -1 -2.78 -1 75
-2.585 -1 -2.24 -1 -2.482 -1 -2.846 -1 135
-2.664 -1 -2.318 -1 -2.58 -1 -2.89 -1 161
-2.735 -1 -2.378 -1 -2.646 -1 -2.92 -1 164
-2.783 -1 -2.44 -1 -2.698 -1 -3.01 -1 157
-2.854 -1 -2.49 -1 -2.526 -1 -2.842 -1 38
-2.684 -1 -2.334 -1 -2.46 -1 -2.792 -1 77
-2.626 -1 -2.3 -1 -2.438 -1 -2.802 -1 101
-2.62 -1 -2.28 -1 -2.362 -1 -2.718 -1 38
-2.54 -1 -2.23 -1 -2.448 -1 -2.744 -1 129
-2.596 -1 -2.28 -1 -2.554 -1 -2.908 -1 175
-2.731 -1 -2.32 -1 -2.64 -1 -2.914 -1 192
-2.777 -1 -2.358 -1 -2.582 -1 -2.9 -1 126
-2.741 -1 -2.328 -1 -2.522 -1 -2.83 -1 113
-2.676 -1 -2.282 -1 -2.298 -1 -2.726 -1 6
-2.512 -1 -2.18 -1 -2.386 -1 -2.778 -1 110
-2.582 -1 -2.238 -1 -2.534 -1 -2.854 -1 170
-2.694 -1 -2.288 -1 -2.374 -1 -2.718 -1 53
-2.546 -1 -2.222 -1 -2.312 -1 -2.648 -1 43
-2.48 -1 -2.122 -1 -2.158 -1 -2.532 -1 19
-2.345 -1 -2.002 -1 -2.002 -1 -2.42 -1 4
-2.211 -1 -1.892 -1 -2.064 -1 -2.392 -1 79
-2.228 -1 -1.892 -1 -2.156 -1 -2.504 -1 117
-2.33 -1 -1.926 -1 -1.978 -1 -2.328 0 18
