8 1000 0.4 10 23 0 0 0 0
-3.447 -1 -2.978 -1 -3.08 -1 -3.284 -1 164
-3.182 -1 -2.702 -1 -2.76 -1 -3.118 -1 71
-2.939 -1 -2.52 -1 -2.694 -1 -3.144 -1 184
-2.919 -1 -2.46 -1 -2.606 -1 -3 -1 174
-2.803 -1 -2.418 -1 -2.58 -1 -2.948 -1 143
-2.764 -1 -2.372 -1 -2.378 -1 -2.912 -1 6
-2.645 -1 -2.284 -1 -2.506 -1 -2.916 -1 164
-2.711 -1 -2.292 -1 -2.46 -1 -2.896 -1 148
-2.678 -1 -2.244 -1 -2.346 -1 -2.802 -1 67
-2.574 -1 -2.206 -1 -2.246 -1 -2.866 -1 37
-2.556 -1 -2.188 -1 -2.19 -1 -2.738 -1 1
-2.464 -1 -2.128 -1 -2.332 -1 -2.788 -1 141
-2.56 -1 -2.154 -1 -2.246 -1 -2.798 -1 51
-2.522 -1 -2.136 -1 -2.294 -1 -2.772 -1 107
-2.533 -1 -2.158 -1 -2.404 -1 -2.836 -1 170
-2.62 -1 -2.204 -1 -2.224 -1 -2.75 -1 24
-2.487 -1 -2.124 -1 -2.308 -1 -2.758 -1 101
-2.533 -1 -2.124 -1 -2.334 -1 -2.724 -1 156
-2.529 -1 -2.126 -1 -2.332 -1 -2.778 -1 149
-2.555 -1 -2.15 -1 -2.248 -1 -2.746 -1 51
-2.497 -1 -2.074 -1 -2.356 -1 -2.768 -1 179
-2.562 -1 -2.116 -1 -2.386 -1 -2.832 -1 166
-2.609 -1 -2.208 -1 -2.212 -1 -2.66 0 4
