7 1000 0.6 2 23 0 0 0 0
-3.24 -1 -3.028 -1 -3.04 -1 -3.17 -1 86
-3.105 -1 -2.878 -1 -2.9 -1 -3.05 -1 61
-2.975 -1 -2.744 -1 -2.906 -1 -3.026 -1 247
-2.966 -1 -2.748 -1 -2.826 -1 -3.022 -1 241
-2.924 -1 -2.712 -1 -2.76 -1 -2.916 -1 90
-2.838 -1 -2.646 -1 -2.74 -1 -2.968 -1 159
-2.854 -1 -2.634 -1 -2.696 -1 -2.92 -1 128
-2.808 -1 -2.578 -1 -2.598 -1 -2.864 -1 25
-2.731 -1 -2.548 -1 -2.636 -1 -2.904 -1 120
-2.77 -1 -2.548 -1 -2.732 -1 -2.912 -1 263
-2.822 -1 -2.624 -1 -2.678 -1 -2.94 -1 75
-2.809 -1 -2.56 -1 -2.62 -1 -2.878 -1 123
-2.749 -1 -2.564 -1 -2.746 -1 -2.952 -1 280
-2.849 -1 -2.636 -1 -2.81 -1 -2.968 -1 268
-2.889 -1 -2.664 -1 -2.784 -1 -2.95 -1 173
-2.867 -1 -2.61 -1 -2.62 -1 -2.92 -1 24
-2.77 -1 -2.538 -1 -2.708 -1 -2.984 -1 286
-2.846 -1 -2.598 -1 -2.682 -1 -2.928 -1 129
-2.805 -1 -2.584 -1 -2.812 -1 -2.97 -1 258
-2.891 -1 -2.61 -1 -2.632 -1 -2.91 -1 41
-2.771 -1 -2.534 -1 -2.596 -1 -2.888 -1 64
-2.742 -1 -2.48 -1 -2.602 -1 -2.88 -1 140
-2.741 -1 -2.548 -1 -2.59 -1 -2.918 0 55
