9 1000 0 7 25 0 0 0 0
-3.648 -1 -3.158 -1 -3.158 -1 -3.4 -1 0
-3.279 -1 -2.834 -1 -2.834 -1 -3.196 -1 0
-3.015 -1 -2.68 -1 -2.68 -1 -3.142 -1 0
-2.911 -1 -2.56 -1 -2.56 -1 -3.038 -1 0
-2.799 -1 -2.438 -1 -2.438 -1 -3.03 -1 0
-2.734 -1 -2.38 -1 -2.38 -1 -2.934 -1 0
-2.657 -1 -2.342 -1 -2.342 -1 -2.89 -1 0
-2.616 -1 -2.294 -1 -2.294 -1 -2.93 -1 0
-2.612 -1 -2.314 -1 -2.314 -1 -2.864 -1 0
-2.589 -1 -2.276 -1 -2.276 -1 -2.864 -1 0
-2.57 -1 -2.262 -1 -2.262 -1 -2.796 -1 0
-2.529 -1 -2.194 -1 -2.194 -1 -2.796 -1 0
-2.495 -1 -2.18 -1 -2.18 -1 -2.74 -1 0
-2.46 -1 -2.152 -1 -2.152 -1 -2.76 -1 0
-2.456 -1 -2.158 -1 -2.158 -1 -2.716 -1 0
-2.437 -1 -2.104 -1 -2.104 -1 -2.66 -1 0
-2.382 -1 -2.088 -1 -2.088 -1 -2.694 -1 0
-2.391 -1 -2.1 -1 -2.1 -1 -2.718 -1 0
-2.409 -1 -2.098 -1 -2.098 -1 -2.63 -1 0
-2.364 -1 -2.06 -1 -2.06 -1 -2.636 -1 0
-2.348 -1 -2.04 -1 -2.04 -1 -2.606 -1 0
-2.323 -1 -1.996 -1 -1.996 -1 -2.566 -1 0
-2.281 -1 -1.95 -1 -1.95 -1 -2.59 -1 0
-2.27 -1 -1.976 -1 -1.976 -1 -2.572 -1 0
-2.274 -1 -1.96 -1 -1.96 -1 -2.546 0 0
