9 1000 0.4 7 438 0 0 0 0
-3.601 -1 -3.116 -1 -3.222 -1 -3.356 -1 140
-3.289 -1 -2.914 -1 -2.982 -1 -3.32 -1 98
-3.151 -1 -2.754 -1 -2.91 -1 -3.25 -1 131
-3.08 -1 -2.648 -1 -2.798 -1 -3.126 -1 141
-2.962 -1 -2.572 -1 -2.658 -1 -3.132 -2 83
-2.895 -1 -2.518 -1 -2.546 -1 -2.996 -1 22
-2.771 -1 -2.416 -1 -2.446 -1 -2.872 -1 16
-2.659 -1 -2.326 -1 -2.364 -1 -2.86 -1 25
-2.612 -1 -2.282 -1 -2.486 -1 -2.884 -1 141
-2.685 -1 -2.314 -1 -2.538 -1 -2.926 -1 169
-2.732 -1 -2.324 -1 -2.47 -1 -2.944 -1 103
-2.707 -1 -2.358 -1 -2.622 -1 -2.97 -1 199
-2.796 -1 -2.388 -1 -2.518 -1 -2.936 -1 89
-2.727 -1 -2.372 -1 -2.466 -1 -2.952 -1 64
-2.709 -1 -2.356 -1 -2.408 -1 -2.894 -1 28
-2.651 -1 -2.308 -1 -2.61 -1 -2.992 -1 197
-2.801 -1 -2.398 -1 -2.606 -1 -2.996 -1 150
-2.801 -1 -2.42 -1 -2.614 -1 -2.962 -1 121
-2.788 -1 -2.374 -1 -2.566 -1 -3.036 -1 156
-2.801 -1 -2.38 -1 -2.448 -1 -2.912 -1 62
-2.68 -1 -2.336 -1 -2.384 -1 -2.832 -1 27
-2.608 -1 -2.246 -1 -2.306 -1 -2.818 -1 31
-2.562 -1 -2.24 -1 -2.462 -1 -2.898 -1 152
-2.68 -1 -2.26 -1 -2.534 -1 -2.94 -1 194
-2.737 -1 -2.336 -1 -2.47 -1 -2.93 -1 87
-2.7 -1 -2.34 -1 -2.446 -1 -2.926 -1 78
-2.686 -1 -2.326 -1 -2.496 -1 -2.918 -1 114
-2.707 -1 -2.316 -1 -2.474 -1 -2.906 -1 105
-2.69 -1 -2.304 -1 -2.494 -1 -2.966 -1 136
-2.73 -1 -2.324 -1 -2.558 -1 -2.95 -1 170
-2.754 -1 -2.372 -1 -2.496 -1 -2.93 -1 101
-2.713 -1 -2.298 -1 -2.564 -1 -2.934 -1 191
-2.749 -1 -2.378 -1 -2.546 -1 -2.92 -1 141
-2.733 -1 -2.32 -1 -2.348 -1 -2.792 -1 19
-2.57 -1 -2.244 -1 -2.284 -1 -2.826 -1 25
-2.555 -1 -2.238 -1 -2.5 -1 -2.93 -1 180
-2.715 -1 -2.336 -1 -2.398 -1 -2.792 -1 37
-2.595 -1 -2.244 -1 -2.376 -1 -2.786 -1 89
-2.581 -1 -2.252 -1 -2.502 -1 -2.978 -1 177
-2.74 -1 -2.368 -1 -2.45 -1 -2.888 -1 50
-2.669 -1 -2.314 -1 -2.358 -1 -2.776 -1 45
-2.567 -1 -2.208 -1 -2.292 -1 -2.814 -1 43
-2.553 -1 -2.19 -1 -2.268 -1 -2.792 -1 37
-2.53 -1 -2.192 -1 -2.444 -1 -2.88 -1 142
-2.662 -1 -2.288 -1 -2.382 -1 -2.948 -1 50
-2.665 -1 -2.318 -1 -2.358 -1 -2.864 -1 20
-2.611 -1 -2.242 -1 -2.446 -1 -2.822 -1 107
-2.634 -1 -2.262 -1 -2.326 -1 -2.814 -1 38
-2.57 -1 -2.192 -1 -2.448 -1 -2.936 -1 156
-2.692 -1 -2.288 -1 -2.374 -1 -2.712 -1 72
-2.543 -1 -2.188 -1 -2.428 -1 -2.83 -1 148
-2.629 -1 -2.25 -1 -2.468 -1 -2.834 -1 145
-2.651 -1 -2.236 -1 -2.284 -1 -2.76 -1 24
-2.522 -1 -2.212 -1 -2.444 -1 -2.83 -1 161
-2.637 -1 -2.25 -1 -2.32 -1 -2.812 -1 33
-2.566 -1 -2.186 -1 -2.388 -1 -2.77 -1 133
-2.579 -1 -2.17 -1 -2.436 -1 -2.838 -1 150
-2.637 -1 -2.222 -1 -2.404 -1 -2.822 -1 128
-2.613 -1 -2.194 -1 -2.432 -1 -2.822 -1 140
-2.627 -1 -2.234 -1 -2.528 -1 -2.902 -1 196
-2.715 -1 -2.256 -1 -2.326 -1 -2.82 -1 64
-2.573 -1 -2.178 -1 -2.374 -1 -2.84 -1 113
-2.607 -1 -2.222 -1 -2.458 -1 -2.828 -1 172
-2.643 -1 -2.236 -1 -2.318 -1 -2.782 -1 49
-2.55 -1 -2.172 -1 -2.35 -1 -2.736 -1 110
-2.543 -1 -2.138 -1 -2.288 -1 -2.692 -1 106
-2.49 -1 -2.076 -1 -2.414 -1 -2.772 -1 164
-2.593 -1 -2.174 -1 -2.174 -1 -2.676 -1 0
-2.425 -1 -2.062 -1 -2.064 -1 -2.632 -1 5
-2.348 -1 -2.038 -1 -2.08 -1 -2.598 -1 30
-2.339 -1 -1.952 -1 -2.106 -1 -2.568 -1 86
-2.337 -1 -1.986 -1 -2.07 -1 -2.48 -1 37
-2.275 -1 -1.856 -1 -1.912 -1 -2.354 -1 27
-2.133 -1 -1.794 -1 -1.958 -1 -2.422 -1 78
-2.19 -1 -1.796 -1 -1.904 -1 -2.38 -1 61
-2.142 -1 -1.774 -1 -2.234 -1 -2.546 -1 195
-2.39 -1 -1.92 -1 -1.944 -1 -2.39 -1 18
-2.167 -1 -1.816 -1 -2.068 -1 -2.454 -1 128
-2.261 -1 -1.852 -1 -2.166 -1 -2.554 -1 176
-2.36 -1 -1.898 -1 -2.014 -1 -2.398 -1 55
-2.206 -1 -1.778 -1 -1.958 -1 -2.318 -1 97
-2.138 -1 -1.712 -1 -1.966 -1 -2.318 -1 127
-2.142 -1 -1.726 -1 -1.89 -1 -2.258 -1 96
-2.074 -1 -1.684 -1 -2.008 -1 -2.36 -1 158
-2.184 -1 -1.74 -1 -2.032 -1 -2.374 -1 130
-2.203 -1 -1.758 -1 -1.916 -1 -2.298 -1 71
-2.107 -1 -1.664 -1 -1.964 -1 -2.28 -1 136
-2.122 -1 -1.698 -1 -2.056 -1 -2.398 -1 174
-2.227 -1 -1.736 -1 -1.734 -1 -2.216 -1 1
-1.975 -1 -1.598 -1 -1.836 -1 -2.22 -1 92
-2.028 -1 -1.6 -1 -1.622 -1 -1.986 -1 9
-1.804 -1 -1.456 -1 -1.528 -1 -1.862 -1 27
-1.695 -1 -1.358 -1 -1.682 -1 -1.984 -1 119
-1.833 -1 -1.44 -1 -1.9 -1 -2.168 -1 197
-2.034 -1 -1.594 -1 -1.714 -1 -2.104 -1 46
-1.909 -1 -1.51 -1 -1.88 -1 -2.188 -1 143
-2.034 -1 -1.572 -1 -1.61 -1 -1.894 -1 9
-1.752 -1 -1.39 -1 -1.562 -1 -1.814 -1 63
-1.688 -1 -1.316 -1 -1.808 -1 -2.056 -1 174
-1.932 -1 -1.448 -1 -1.866 -1 -2.062 -1 157
-1.964 -1 -1.47 -1 -1.538 -1 -1.752 -1 30
-1.645 -1 -1.276 -1 -1.654 -1 -1.904 -1 128
-1.779 -1 -1.378 -1 -1.568 -1 -1.752 -1 64
-1.66 -1 -1.288 -1 -1.3 -1 -1.478 -1 5
-1.389 -1 -1.14 -1 -1.424 -1 -1.624 -1 91
-1.524 -1 -1.206 -1 -1.61 -1 -1.846 -1 149
-1.728 -1 -1.34 -1 -1.672 -1 -1.846 -1 127
-1.759 -1 -1.37 -1 -1.754 -1 -1.982 -1 136
-1.868 -1 -1.402 -1 -1.634 -1 -1.824 -1 86
-1.729 -1 -1.344 -1 -1.386 -1 -1.596 -1 14
-1.491 -1 -1.188 -1 -1.514 -1 -1.766 -1 138
-1.64 -1 -1.29 -1 -1.578 -1 -1.798 -1 99
-1.688 -1 -1.304 -1 -1.834 -1 -2.006 -1 190
-1.92 -1 -1.48 -1 -1.744 -1 -1.918 -1 111
-1.831 -1 -1.406 -1 -1.76 -1 -1.974 -1 134
-1.867 -1 -1.446 -1 -1.896 -1 -2.108 -1 191
-2.002 -1 -1.558 -1 -1.626 -1 -1.81 -1 26
-1.718 -1 -1.36 -1 -1.508 -1 -1.674 -1 60
-1.591 -1 -1.254 -1 -1.494 -1 -1.642 -1 88
-1.568 -1 -1.214 -1 -1.452 -1 -1.69 -1 94
-1.571 -1 -1.218 -1 -1.726 -1 -1.922 -1 186
-1.824 -1 -1.392 -1 -1.598 -1 -1.814 -1 79
-1.706 -1 -1.318 -1 -1.716 -1 -1.91 -1 147
-1.813 -1 -1.402 -1 -1.56 -1 -1.734 -1 65
-1.647 -1 -1.29 -1 -1.72 -1 -1.946 -1 160
-1.833 -1 -1.398 -1 -1.56 -1 -1.71 -1 64
-1.635 -1 -1.284 -1 -1.714 -1 -1.906 -1 175
-1.81 -1 -1.36 -1 -1.558 -1 -1.734 -1 74
-1.646 -1 -1.284 -1 -1.722 -1 -1.876 -1 150
-1.799 -1 -1.354 -1 -1.66 -1 -1.83 -1 104
-1.745 -1 -1.328 -1 -1.67 -1 -1.886 -1 124
-1.778 -1 -1.36 -1 -1.764 -1 -1.966 -1 163
-1.865 -1 -1.394 -1 -1.738 -1 -1.908 -1 132
-1.823 -1 -1.392 -1 -1.648 -1 -1.882 -1 96
-1.765 -1 -1.33 -1 -1.388 -1 -1.6 -1 22
-1.494 -1 -1.202 -1 -1.578 -1 -1.756 -1 130
-1.667 -1 -1.286 -1 -1.604 -1 -1.75 -1 105
-1.677 -1 -1.3 -1 -1.742 -1 -1.934 -1 158
-1.838 -1 -1.386 -1 -1.54 -1 -1.758 -1 52
-1.649 -1 -1.288 -1 -1.584 -1 -1.766 -1 118
-1.675 -1 -1.286 -1 -1.682 -1 -1.902 -1 148
-1.792 -1 -1.358 -1 -1.518 -1 -1.682 -1 63
-1.6 -1 -1.25 -1 -1.658 -1 -1.866 -1 143
-1.762 -1 -1.304 -1 -1.818 -1 -2.06 -1 184
-1.939 -1 -1.464 -1 -1.832 -1 -2.06 -1 161
-1.946 -1 -1.452 -1 -1.474 -1 -1.63 -1 5
-1.552 -1 -1.266 -1 -1.532 -1 -1.71 -1 94
-1.621 -1 -1.248 -1 -1.27 -1 -1.372 -1 5
-1.321 -1 -1.104 -1 -1.268 -1 -1.372 -1 46
-1.32 -1 -1.102 -1 -1.196 -1 -1.304 -1 30
-1.25 -1 -1.076 -1 -1.264 -1 -1.378 -1 62
-1.321 -1 -1.096 -1 -1.49 -1 -1.704 -1 127
-1.597 -1 -1.248 -1 -1.68 -1 -1.832 -1 190
-1.756 -1 -1.338 -1 -1.466 -1 -1.57 -1 43
-1.518 -1 -1.208 -1 -1.616 -1 -1.778 -1 153
-1.697 -1 -1.31 -1 -1.694 -1 -1.862 -1 154
-1.778 -1 -1.35 -1 -1.658 -1 -1.822 -1 119
-1.74 -1 -1.316 -1 -1.744 -1 -1.918 -1 171
-1.831 -1 -1.38 -1 -1.836 -1 -2.014 -1 182
-1.925 -1 -1.464 -1 -1.654 -1 -1.846 -1 71
-1.75 -1 -1.352 -1 -1.662 -1 -1.85 -1 131
-1.756 -1 -1.322 -1 -1.672 -1 -1.838 -1 137
-1.755 -1 -1.35 -1 -1.478 -1 -1.618 -1 43
-1.548 -1 -1.222 -1 -1.724 -1 -1.884 -1 188
-1.804 -1 -1.334 -1 -1.544 -1 -1.73 -1 73
-1.637 -1 -1.3 -1 -1.368 -1 -1.474 -1 25
-1.421 -1 -1.17 -1 -1.466 -1 -1.596 -1 95
-1.531 -1 -1.192 -1 -1.21 -1 -1.302 -1 6
-1.256 -1 -1.066 -1 -1.244 -1 -1.362 -1 60
-1.303 -1 -1.104 -1 -1.24 -1 -1.32 -1 48
-1.28 -1 -1.086 -1 -1.686 -1 -1.794 -1 186
-1.74 -1 -1.288 -1 -1.42 -1 -1.538 -1 50
-1.479 -1 -1.2 -1 -1.292 -1 -1.37 -1 25
-1.331 -1 -1.12 -1 -1.29 -1 -1.404 -1 49
-1.347 -1 -1.128 -1 -1.608 -1 -1.718 -1 158
-1.663 -1 -1.292 -1 -1.328 -1 -1.426 -1 10
-1.377 -1 -1.12 -1 -1.35 -1 -1.444 -1 69
-1.397 -1 -1.144 -1 -1.566 -1 -1.684 -1 154
-1.625 -1 -1.254 -1 -1.62 -1 -1.828 -1 143
-1.724 -1 -1.298 -1 -1.684 -1 -1.916 -1 158
-1.8 -1 -1.388 -1 -1.792 -1 -1.96 -1 148
-1.876 -1 -1.446 -1 -1.774 -1 -1.938 -1 111
-1.856 -1 -1.384 -1 -1.466 -1 -1.582 -1 41
-1.524 -1 -1.23 -1 -1.624 -1 -1.798 -1 148
-1.711 -1 -1.34 -1 -1.512 -1 -1.682 -1 57
-1.597 -1 -1.25 -1 -1.528 -1 -1.676 -1 85
-1.602 -1 -1.228 -1 -1.55 -1 -1.648 -1 114
-1.599 -1 -1.256 -1 -1.65 -1 -1.804 -1 142
-1.727 -1 -1.344 -1 -1.44 -1 -1.62 -1 33
-1.53 -1 -1.194 -1 -1.588 -1 -1.704 -1 142
-1.646 -1 -1.262 -1 -1.736 -1 -1.918 -1 183
-1.827 -1 -1.36 -1 -1.502 -1 -1.644 -1 52
-1.573 -1 -1.21 -1 -1.51 -1 -1.68 -1 98
-1.595 -1 -1.246 -1 -1.554 -1 -1.732 -1 125
-1.643 -1 -1.292 -1 -1.458 -1 -1.582 -1 52
-1.52 -1 -1.174 -1 -1.494 -1 -1.668 -1 109
-1.581 -1 -1.234 -1 -1.634 -1 -1.798 -1 154
-1.716 -1 -1.296 -1 -1.33 -1 -1.474 -1 14
-1.402 -1 -1.148 -1 -1.312 -1 -1.47 -1 53
-1.391 -1 -1.134 -1 -1.564 -1 -1.736 -1 152
-1.65 -1 -1.256 -1 -1.628 -1 -1.806 -1 120
-1.717 -1 -1.322 -1 -1.534 -1 -1.658 -1 68
-1.596 -1 -1.26 -1 -1.738 -1 -1.962 -1 191
-1.85 -1 -1.394 -1 -1.484 -1 -1.594 -1 31
-1.539 -1 -1.254 -1 -1.63 -1 -1.8 -1 139
-1.715 -1 -1.356 -1 -1.416 -1 -1.528 -1 23
-1.472 -1 -1.174 -1 -1.408 -1 -1.516 -1 87
-1.462 -1 -1.152 -1 -1.702 -1 -1.798 -1 196
-1.75 -1 -1.352 -1 -1.378 -1 -1.552 -1 11
-1.465 -1 -1.188 -1 -1.556 -1 -1.72 -1 142
-1.638 -1 -1.294 -1 -1.372 -1 -1.474 -1 24
-1.423 -1 -1.154 -1 -1.57 -1 -1.722 -1 133
-1.646 -1 -1.266 -1 -1.356 -1 -1.496 -1 25
-1.426 -1 -1.124 -1 -1.218 -1 -1.34 -1 32
-1.279 -1 -1.092 -1 -1.282 -1 -1.404 -1 70
-1.343 -1 -1.12 -1 -1.228 -1 -1.316 -1 29
-1.272 -1 -1.072 -1 -1.258 -1 -1.382 -1 68
-1.32 -1 -1.108 -1 -1.476 -1 -1.588 -1 125
-1.532 -1 -1.19 -1 -1.448 -1 -1.572 -1 96
-1.51 -1 -1.182 -1 -1.51 -1 -1.678 -1 113
-1.594 -1 -1.236 -1 -1.724 -1 -1.938 -1 184
-1.831 -1 -1.412 -1 -1.43 -1 -1.588 -1 7
-1.509 -1 -1.216 -1 -1.752 -1 -1.932 -1 185
-1.842 -1 -1.374 -1 -1.514 -1 -1.686 -1 65
-1.6 -1 -1.212 -1 -1.474 -1 -1.658 -1 101
-1.566 -1 -1.266 -1 -1.68 -1 -1.854 -1 164
-1.767 -1 -1.362 -1 -1.758 -1 -1.952 -1 149
-1.855 -1 -1.396 -1 -1.654 -1 -1.844 -1 99
-1.749 -1 -1.34 -1 -1.568 -1 -1.726 -1 78
-1.647 -1 -1.28 -1 -1.642 -1 -1.84 -1 115
-1.741 -1 -1.294 -1 -1.332 -1 -1.476 -1 12
-1.404 -1 -1.15 -1 -1.382 -1 -1.486 -1 74
-1.434 -1 -1.142 -1 -1.65 -1 -1.818 -1 177
-1.734 -1 -1.282 -1 -1.504 -1 -1.616 -1 78
-1.56 -1 -1.21 -1 -1.6 -1 -1.754 -1 137
-1.677 -1 -1.33 -1 -1.828 -1 -2.01 -1 175
-1.919 -1 -1.476 -1 -1.894 -1 -2.028 -1 172
-1.961 -1 -1.482 -1 -1.766 -1 -1.982 -1 112
-1.874 -1 -1.406 -1 -1.498 -1 -1.688 -1 37
-1.593 -1 -1.24 -1 -1.574 -1 -1.724 -1 119
-1.649 -1 -1.248 -1 -1.356 -1 -1.53 -1 34
-1.443 -1 -1.166 -1 -1.362 -1 -1.472 -1 63
-1.417 -1 -1.13 -1 -1.396 -1 -1.538 -1 88
-1.467 -1 -1.184 -1 -1.656 -1 -1.77 -1 152
-1.713 -1 -1.26 -1 -1.722 -1 -1.888 -1 186
-1.805 -1 -1.354 -1 -1.574 -1 -1.75 -1 70
-1.662 -1 -1.274 -1 -1.628 -1 -1.818 -1 136
-1.723 -1 -1.298 -1 -1.424 -1 -1.578 -1 43
-1.501 -1 -1.212 -1 -1.26 -1 -1.356 -1 15
-1.308 -1 -1.094 -1 -1.526 -1 -1.64 -1 148
-1.583 -1 -1.26 -1 -1.508 -1 -1.652 -1 98
-1.58 -1 -1.24 -1 -1.392 -1 -1.51 -1 46
-1.451 -1 -1.154 -1 -1.178 -1 -1.274 -1 13
-1.226 -1 -1.052 -1 -1.378 -1 -1.51 -1 99
-1.444 -1 -1.172 -1 -1.402 -1 -1.508 -1 68
-1.455 -1 -1.136 -1 -1.492 -1 -1.608 -1 120
-1.55 -1 -1.202 -1 -1.434 -1 -1.502 -1 78
-1.468 -1 -1.178 -1 -1.512 -1 -1.67 -1 120
-1.591 -1 -1.238 -1 -1.286 -1 -1.372 -1 17
-1.329 -1 -1.088 -1 -1.524 -1 -1.638 -1 149
-1.581 -1 -1.224 -1 -1.772 -1 -1.9 -1 176
-1.836 -1 -1.388 -1 -1.844 -1 -2.002 -1 158
-1.923 -1 -1.428 -1 -1.812 -1 -2.008 -1 147
-1.91 -1 -1.492 -1 -1.878 -1 -2.098 -1 166
-1.988 -1 -1.49 -1 -1.844 -1 -1.958 -1 136
-1.901 -1 -1.448 -1 -1.668 -1 -1.882 -1 86
-1.775 -1 -1.35 -1 -1.408 -1 -1.572 -1 22
-1.49 -1 -1.184 -1 -1.496 -1 -1.614 -1 118
-1.555 -1 -1.242 -1 -1.696 -1 -1.866 -1 158
-1.781 -1 -1.338 -1 -1.446 -1 -1.62 -1 43
-1.533 -1 -1.206 -1 -1.634 -1 -1.822 -1 138
-1.728 -1 -1.29 -1 -1.294 -1 -1.408 -1 2
-1.351 -1 -1.12 -1 -1.42 -1 -1.562 -1 97
-1.491 -1 -1.168 -1 -1.258 -1 -1.368 -1 28
-1.313 -1 -1.082 -1 -1.392 -1 -1.52 -1 109
-1.456 -1 -1.182 -1 -1.518 -1 -1.658 -1 113
-1.588 -1 -1.246 -1 -1.314 -1 -1.44 -1 31
-1.377 -1 -1.144 -1 -1.636 -1 -1.73 -1 166
-1.683 -1 -1.274 -1 -1.374 -1 -1.482 -1 30
-1.428 -1 -1.156 -1 -1.156 -1 -1.226 -1 1
-1.191 -1 -1.052 -1 -1.422 -1 -1.51 -1 119
-1.466 -1 -1.186 -1 -1.726 -1 -1.888 -1 197
-1.807 -1 -1.402 -1 -1.792 -1 -1.964 -1 159
-1.878 -1 -1.376 -1 -1.748 -1 -1.92 -1 145
-1.834 -1 -1.36 -1 -1.588 -1 -1.768 -1 78
-1.678 -1 -1.314 -1 -1.728 -1 -1.918 -1 135
-1.823 -1 -1.378 -1 -1.654 -1 -1.752 -1 98
-1.703 -1 -1.3 -1 -1.594 -1 -1.762 -1 115
-1.678 -1 -1.292 -1 -1.49 -1 -1.676 -1 77
-1.583 -1 -1.232 -1 -1.704 -1 -1.92 -1 171
-1.812 -1 -1.356 -1 -1.658 -1 -1.808 -1 106
-1.733 -1 -1.358 -1 -1.368 -1 -1.544 -1 4
-1.456 -1 -1.176 -1 -1.528 -1 -1.674 -1 127
-1.601 -1 -1.222 -1 -1.398 -1 -1.536 -1 59
-1.467 -1 -1.186 -1 -1.492 -1 -1.61 -1 109
-1.551 -1 -1.2 -1 -1.598 -1 -1.796 -1 152
-1.697 -1 -1.306 -1 -1.586 -1 -1.74 -1 95
-1.663 -1 -1.254 -1 -1.264 -1 -1.368 -1 2
-1.316 -1 -1.086 -1 -1.564 -1 -1.698 -1 153
-1.631 -1 -1.25 -1 -1.436 -1 -1.586 -1 65
-1.511 -1 -1.182 -1 -1.47 -1 -1.558 -1 93
-1.514 -1 -1.174 -1 -1.722 -1 -1.872 -1 170
-1.797 -1 -1.362 -1 -1.774 -1 -1.928 -1 161
-1.851 -1 -1.4 -1 -1.434 -1 -1.538 -1 13
-1.486 -1 -1.194 -1 -1.444 -1 -1.576 -1 102
-1.51 -1 -1.186 -1 -1.27 -1 -1.4 -1 24
-1.335 -1 -1.13 -1 -1.174 -1 -1.258 -1 12
-1.216 -1 -1.054 -1 -1.468 -1 -1.612 -1 135
-1.54 -1 -1.186 -1 -1.272 -1 -1.392 -1 21
-1.332 -1 -1.088 -1 -1.462 -1 -1.584 -1 120
-1.523 -1 -1.158 -1 -1.602 -1 -1.758 -1 151
-1.68 -1 -1.258 -1 -1.768 -1 -1.942 -1 184
-1.855 -1 -1.4 -1 -1.868 -1 -2.048 -1 182
-1.958 -1 -1.48 -1 -1.484 -1 -1.622 -1 3
-1.553 -1 -1.224 -1 -1.56 -1 -1.706 -1 110
-1.633 -1 -1.246 -1 -1.58 -1 -1.734 -1 104
-1.657 -1 -1.278 -1 -1.72 -1 -1.954 -1 166
-1.837 -1 -1.35 -1 -1.836 -1 -1.952 -1 186
-1.894 -1 -1.442 -1 -1.512 -1 -1.638 -1 23
-1.575 -1 -1.232 -1 -1.726 -1 -1.904 -1 178
-1.815 -1 -1.37 -1 -1.648 -1 -1.856 -1 90
-1.752 -1 -1.332 -1 -1.666 -1 -1.84 -1 118
-1.753 -1 -1.354 -1 -1.654 -1 -1.812 -1 108
-1.733 -1 -1.35 -1 -1.474 -1 -1.632 -1 47
-1.553 -1 -1.236 -1 -1.352 -1 -1.478 -1 48
-1.415 -1 -1.142 -1 -1.158 -1 -1.274 -1 6
-1.216 -1 -1.056 -1 -1.182 -1 -1.3 -1 42
-1.241 -1 -1.07 -1 -1.316 -1 -1.418 -1 64
-1.367 -1 -1.122 -1 -1.472 -1 -1.586 -1 114
-1.529 -1 -1.212 -1 -1.578 -1 -1.748 -1 135
-1.663 -1 -1.258 -1 -1.62 -1 -1.8 -1 139
-1.71 -1 -1.334 -1 -1.63 -1 -1.79 -1 116
-1.71 -1 -1.3 -1 -1.738 -1 -1.944 -1 164
-1.841 -1 -1.404 -1 -1.876 -1 -2.066 -1 180
-1.971 -1 -1.532 -1 -1.918 -1 -2.08 -1 185
-1.999 -1 -1.528 -1 -1.67 -1 -1.876 -1 72
-1.773 -1 -1.396 -1 -1.992 -1 -2.172 -1 194
-2.082 -1 -1.52 -1 -1.824 -1 -2.046 -1 117
-1.935 -1 -1.46 -1 -1.824 -1 -2.038 -1 158
-1.931 -1 -1.496 -1 -1.714 -1 -1.938 -1 91
-1.826 -1 -1.4 -1 -1.888 -1 -2.058 -1 180
-1.973 -1 -1.494 -1 -1.528 -1 -1.742 -1 15
-1.635 -1 -1.294 -1 -1.672 -1 -1.816 -1 134
-1.744 -1 -1.34 -1 -1.466 -1 -1.62 -1 44
-1.543 -1 -1.186 -1 -1.524 -1 -1.714 -1 125
-1.619 -1 -1.25 -1 -1.466 -1 -1.652 -1 65
-1.559 -1 -1.206 -1 -1.58 -1 -1.776 -1 132
-1.678 -1 -1.298 -1 -1.628 -1 -1.812 -1 123
-1.72 -1 -1.296 -1 -1.666 -1 -1.888 -1 134
-1.777 -1 -1.318 -1 -1.76 -1 -1.924 -1 143
-1.842 -1 -1.394 -1 -1.502 -1 -1.676 -1 45
-1.589 -1 -1.252 -1 -1.324 -1 -1.488 -1 28
-1.406 -1 -1.166 -1 -1.628 -1 -1.794 -1 170
-1.711 -1 -1.304 -1 -1.37 -1 -1.506 -1 23
-1.438 -1 -1.174 -1 -1.634 -1 -1.88 -1 160
-1.757 -1 -1.272 -1 -1.656 -1 -1.78 -1 140
-1.718 -1 -1.294 -1 -1.558 -1 -1.734 -1 117
-1.646 -1 -1.288 -1 -1.524 -1 -1.718 -1 70
-1.621 -1 -1.274 -1 -1.69 -1 -1.838 -1 139
-1.764 -1 -1.376 -1 -1.718 -1 -1.892 -1 117
-1.805 -1 -1.338 -1 -1.49 -1 -1.636 -1 54
-1.563 -1 -1.26 -1 -1.478 -1 -1.64 -1 69
-1.559 -1 -1.176 -1 -1.488 -1 -1.606 -1 122
-1.547 -1 -1.208 -1 -1.494 -1 -1.724 -1 104
-1.609 -1 -1.23 -1 -1.452 -1 -1.596 -1 79
-1.524 -1 -1.21 -1 -1.344 -1 -1.5 -1 50
-1.422 -1 -1.138 -1 -1.694 -1 -1.878 -1 199
-1.786 -1 -1.39 -1 -1.654 -1 -1.828 -1 103
-1.741 -1 -1.3 -1 -1.688 -1 -1.868 -1 143
-1.778 -1 -1.38 -1 -1.45 -1 -1.59 -1 24
-1.52 -1 -1.244 -1 -1.498 -1 -1.648 -1 86
-1.573 -1 -1.222 -1 -1.27 -1 -1.368 -1 16
-1.319 -1 -1.088 -1 -1.57 -1 -1.728 -1 166
-1.649 -1 -1.268 -1 -1.316 -1 -1.458 -1 18
-1.387 -1 -1.132 -1 -1.416 -1 -1.528 -1 89
-1.472 -1 -1.156 -1 -1.292 -1 -1.414 -1 54
-1.353 -1 -1.112 -1 -1.45 -1 -1.566 -1 120
-1.508 -1 -1.208 -1 -1.758 -1 -1.938 -1 181
-1.848 -1 -1.384 -1 -1.65 -1 -1.784 -1 97
-1.717 -1 -1.306 -1 -1.764 -1 -1.87 -1 175
-1.817 -1 -1.368 -1 -1.678 -1 -1.89 -1 100
-1.784 -1 -1.334 -1 -1.476 -1 -1.642 -1 53
-1.559 -1 -1.242 -1 -1.664 -1 -1.848 -1 152
-1.756 -1 -1.356 -1 -1.886 -1 -2.086 -1 198
-1.986 -1 -1.5 -1 -1.73 -1 -1.928 -1 82
-1.829 -1 -1.39 -1 -1.894 -1 -2.106 -1 186
-2 -1 -1.494 -1 -1.766 -1 -1.896 -1 114
-1.831 -1 -1.382 -1 -1.84 -1 -2.048 -1 171
-1.944 -1 -1.44 -1 -1.456 -1 -1.602 -1 10
-1.529 -1 -1.238 -1 -1.768 -1 -1.928 -1 174
-1.848 -1 -1.368 -1 -1.65 -1 -1.816 -1 105
-1.733 -1 -1.31 -1 -1.806 -1 -2.034 -1 177
-1.92 -1 -1.434 -1 -1.536 -1 -1.732 -1 38
-1.634 -1 -1.262 -1 -1.738 -1 -1.9 -1 183
-1.819 -1 -1.42 -1 -1.832 -1 -2.042 -1 181
-1.937 -1 -1.48 -1 -1.774 -1 -2.002 -1 129
-1.888 -1 -1.46 -1 -1.87 -1 -2.068 -1 189
-1.969 -1 -1.48 -1 -1.932 -1 -2.116 -1 199
-2.024 -1 -1.49 -1 -1.996 -1 -2.162 -1 178
-2.079 -1 -1.542 -1 -1.714 -1 -1.922 -1 67
-1.818 -1 -1.428 -1 -1.466 -1 -1.646 -1 14
-1.556 -1 -1.24 -1 -1.684 -1 -1.812 -1 176
-1.748 -1 -1.322 -1 -1.422 -1 -1.616 -1 34
-1.519 -1 -1.204 -1 -1.578 -1 -1.746 -1 137
-1.662 -1 -1.28 -1 -1.78 -1 -1.976 -1 179
-1.878 -1 -1.368 -1 -1.786 -1 -1.93 -1 172
-1.858 -1 -1.392 -1 -1.596 -1 -1.794 -1 77
-1.695 -1 -1.33 -1 -1.706 -1 -1.93 -1 157
-1.818 -1 -1.388 -1 -1.472 -1 -1.636 -1 21
-1.554 -1 -1.24 -1 -1.586 -1 -1.752 -1 112
-1.669 -1 -1.264 -1 -1.442 -1 -1.636 -1 59
-1.539 -1 -1.212 -1 -1.536 -1 -1.682 -1 113
-1.609 -1 -1.21 -1 -1.364 -1 -1.518 -1 59
-1.441 -1 -1.172 -1 -1.362 -1 -1.462 -1 70
-1.412 -1 -1.142 -1 -1.15 -1 -1.262 -1 4
-1.206 -1 -1.062 -1 -1.446 -1 -1.598 -1 126
-1.522 -1 -1.214 -1 -1.726 -1 -1.9 -1 189
-1.813 -1 -1.358 -1 -1.62 -1 -1.786 -1 109
-1.703 -1 -1.284 -1 -1.492 -1 -1.692 -1 78
-1.592 -1 -1.234 -1 -1.47 -1 -1.644 -1 79
-1.557 -1 -1.21 -1 -1.264 -1 -1.386 -1 17
-1.325 -1 -1.092 -1 -1.48 -1 -1.62 -1 125
-1.55 -1 -1.186 -1 -1.46 -1 -1.616 -1 109
-1.538 -1 -1.204 -1 -1.672 -1 -1.85 -1 170
-1.761 -1 -1.314 -1 -1.346 -1 -1.492 -1 9
-1.419 -1 -1.154 -1 -1.62 -1 -1.772 -1 154
-1.696 -1 -1.314 -1 -1.65 -1 -1.88 -1 113
-1.765 -1 -1.374 -1 -1.494 -1 -1.66 -1 38
-1.577 -1 -1.192 -1 -1.592 -1 -1.788 -1 142
-1.69 -1 -1.264 -1 -1.5 -1 -1.642 -1 89
-1.571 -1 -1.216 -1 -1.362 -1 -1.506 -1 46
-1.434 -1 -1.174 -1 -1.47 -1 -1.638 -1 104
-1.554 -1 -1.24 -1 -1.318 -1 -1.462 -1 28
-1.39 -1 -1.132 -1 -1.214 -1 -1.354 -1 24
-1.284 -1 -1.104 -1 -1.652 -1 -1.848 -1 181
-1.75 -1 -1.28 -1 -1.81 -1 -1.972 -1 198
-1.891 -1 -1.406 -1 -1.74 -1 -1.918 -1 124
-1.829 -1 -1.348 -1 -1.528 -1 -1.722 0 70
