6 1000 1 4 22 0 0 0 0
-3.032 -1 -2.678 -1 -2.68 -1 -2.866 -1 36
-2.773 -1 -2.44 -1 -2.556 -1 -2.848 -1 167
-2.702 -1 -2.38 -1 -2.574 -1 -2.746 -1 373
-2.66 -1 -2.328 -1 -2.624 -1 -2.83 -1 467
-2.727 -1 -2.398 -1 -2.632 -1 -2.808 -1 328
-2.72 -1 -2.346 -1 -2.484 -1 -2.77 -1 225
-2.627 -1 -2.258 -1 -2.384 -1 -2.704 -1 204
-2.544 -1 -2.208 -1 -2.35 -1 -2.744 -1 159
-2.547 -1 -2.234 -1 -2.51 -1 -2.776 -1 372
-2.643 -1 -2.282 -1 -2.532 -1 -2.762 -1 383
-2.647 -1 -2.314 -1 -2.482 -1 -2.72 -1 252
-2.601 -1 -2.286 -1 -2.554 -1 -2.7 -1 446
-2.627 -1 -2.248 -1 -2.294 -1 -2.638 -1 57
-2.466 -1 -2.14 -1 -2.392 -1 -2.742 -1 329
-2.567 -1 -2.206 -1 -2.5 -1 -2.69 -1 365
-2.595 -1 -2.214 -1 -2.348 -1 -2.634 -1 244
-2.491 -1 -2.13 -1 -2.354 -1 -2.668 -1 261
-2.511 -1 -2.148 -1 -2.338 -1 -2.67 -1 221
-2.504 -1 -2.184 -1 -2.48 -1 -2.774 -1 368
-2.627 -1 -2.274 -1 -2.37 -1 -2.714 -1 240
-2.542 -1 -2.19 -1 -2.34 -1 -2.656 -1 170
-2.498 -1 -2.142 -1 -2.174 -1 -2.558 0 27
