9 1000 0.6 5 61 0 0 0 0
-3.586 -1 -3.148 -1 -3.342 -1 -3.504 -1 253
-3.423 -1 -3.028 -1 -3.068 -1 -3.322 -1 44
-3.195 -1 -2.796 -1 -3.032 -1 -3.328 -1 285
-3.18 -1 -2.774 -1 -2.864 -1 -3.154 -1 69
-3.009 -1 -2.622 -1 -2.644 -1 -3.064 -1 24
-2.854 -1 -2.502 -1 -2.75 -1 -3.116 -1 243
-2.933 -1 -2.532 -1 -2.598 -1 -3.076 -1 69
-2.837 -1 -2.492 -1 -2.564 -1 -3.022 -1 63
-2.793 -1 -2.454 -1 -2.664 -1 -3.046 -1 200
-2.855 -1 -2.478 -1 -2.576 -1 -2.986 -1 57
-2.781 -1 -2.442 -1 -2.588 -1 -2.968 -1 109
-2.778 -1 -2.412 -1 -2.474 -1 -2.912 -1 37
-2.693 -1 -2.34 -1 -2.662 -1 -3.026 -1 197
-2.844 -1 -2.456 -1 -2.736 -1 -3.138 -1 244
-2.937 -1 -2.534 -1 -2.7 -1 -3.054 -1 133
-2.877 -1 -2.496 -1 -2.688 -1 -3.1 -1 141
-2.894 -1 -2.482 -1 -2.718 -1 -3.076 -1 220
-2.897 -1 -2.472 -1 -2.704 -1 -3.086 -1 202
-2.895 -1 -2.512 -1 -2.554 -1 -2.972 -1 51
-2.763 -1 -2.424 -1 -2.75 -1 -3.116 -1 267
-2.933 -1 -2.518 -1 -2.81 -1 -3.086 -1 261
-2.948 -1 -2.53 -1 -2.786 -1 -3.18 -1 218
-2.983 -1 -2.568 -1 -2.826 -1 -3.2 -1 199
-3.013 -1 -2.666 -1 -2.754 -1 -3.158 -1 87
-2.956 -1 -2.628 -1 -2.744 -1 -3.148 -1 102
-2.946 -1 -2.61 -1 -2.884 -1 -3.15 -1 272
-3.017 -1 -2.624 -1 -2.904 -1 -3.218 -1 255
-3.061 -1 -2.694 -1 -2.704 -1 -3.014 -1 30
-2.859 -1 -2.538 -1 -2.658 -1 -3.05 -1 84
-2.854 -1 -2.536 -1 -2.618 -1 -3.026 -1 46
-2.822 -1 -2.472 -1 -2.56 -1 -2.964 -1 75
-2.762 -1 -2.426 -1 -2.67 -1 -3.048 -1 187
-2.859 -1 -2.48 -1 -2.518 -1 -3.002 -1 28
-2.76 -1 -2.426 -1 -2.788 -1 -3.134 -1 299
-2.961 -1 -2.54 -1 -2.748 -1 -3.054 -1 203
-2.901 -1 -2.51 -1 -2.64 -1 -2.96 -1 108
-2.8 -1 -2.442 -1 -2.844 -1 -3.132 -1 266
-2.988 -1 -2.556 -1 -2.716 -1 -3.044 -1 167
-2.88 -1 -2.508 -1 -2.612 -1 -3.014 -1 90
-2.813 -1 -2.46 -1 -2.69 -1 -3.11 -1 154
-2.9 -1 -2.506 -1 -2.784 -1 -3.128 -1 283
-2.956 -1 -2.556 -1 -2.734 -1 -3.068 -1 165
-2.901 -1 -2.484 -1 -2.616 -1 -2.972 -1 95
-2.794 -1 -2.42 -1 -2.542 -1 -3.012 -1 84
-2.777 -1 -2.418 -1 -2.62 -1 -3.008 -1 140
-2.814 -1 -2.388 -1 -2.75 -1 -3.036 -1 228
-2.893 -1 -2.468 -1 -2.662 -1 -2.986 -1 128
-2.824 -1 -2.442 -1 -2.556 -1 -2.974 -1 78
-2.765 -1 -2.39 -1 -2.622 -1 -3.052 -1 202
-2.837 -1 -2.442 -1 -2.764 -1 -3.102 -1 266
-2.933 -1 -2.508 -1 -2.52 -1 -3.004 -1 14
-2.762 -1 -2.438 -1 -2.678 -1 -3.1 -1 199
-2.889 -1 -2.532 -1 -2.566 -1 -2.962 -1 21
-2.764 -1 -2.386 -1 -2.616 -1 -3.054 -1 162
-2.835 -1 -2.462 -1 -2.596 -1 -3.05 -1 86
-2.823 -1 -2.44 -1 -2.572 -1 -2.972 -1 108
-2.772 -1 -2.396 -1 -2.69 -1 -3.114 -1 229
-2.902 -1 -2.494 -1 -2.578 -1 -3.03 -1 54
-2.804 -1 -2.45 -1 -2.74 -1 -3.07 -1 256
-2.905 -1 -2.546 -1 -2.838 -1 -3.088 -1 298
-2.963 -1 -2.604 -1 -2.71 -1 -3.07 0 96
