10 1000 0.6 5 774 0 0 0 0
-3.782 -2 -3.334 -2 -3.392 -2 -3.542 -1 126
-3.467 -1 -3.106 -1 -3.21 -1 -3.48 -2 146
-3.345 -1 -2.978 -1 -3.148 -1 -3.418 -1 178
-3.283 -1 -2.89 -1 -3.116 -1 -3.442 -1 263
-3.279 -1 -2.858 -1 -3.122 -1 -3.42 -2 252
-3.271 -1 -2.9 -1 -3.008 -1 -3.304 -1 143
-3.156 -1 -2.79 -1 -3.014 -1 -3.392 -2 216
-3.203 -1 -2.846 -1 -2.958 -1 -3.284 -1 139
-3.121 -1 -2.766 -1 -3.042 -1 -3.408 -2 233
-3.225 -1 -2.858 -1 -2.918 -1 -3.238 -1 40
-3.078 -1 -2.738 -1 -2.776 -1 -3.242 -1 28
-3.009 -1 -2.654 -1 -2.95 -1 -3.272 -1 265
-3.111 -1 -2.726 -1 -2.748 -1 -3.19 -1 11
-2.969 -1 -2.624 -1 -2.882 -1 -3.24 -1 214
-3.061 -1 -2.674 -1 -2.774 -1 -3.188 -1 72
-2.981 -1 -2.632 -1 -2.708 -1 -3.166 -1 55
-2.937 -1 -2.596 -1 -2.628 -1 -3.13 -1 24
-2.879 -1 -2.554 -1 -2.812 -1 -3.184 -1 222
-2.998 -1 -2.63 -1 -2.69 -1 -3.11 -1 48
-2.9 -1 -2.58 -1 -2.638 -1 -3.01 -1 32
-2.824 -1 -2.526 -1 -2.97 -1 -3.34 -1 269
-3.155 -1 -2.696 -1 -2.754 -1 -3.144 -1 43
-2.949 -1 -2.538 -1 -2.866 -1 -3.172 -1 254
-3.019 -1 -2.608 -1 -2.688 -1 -3.084 -1 89
-2.886 -1 -2.53 -1 -2.782 -1 -3.236 -1 164
-3.009 -1 -2.62 -1 -2.716 -1 -3.156 -1 71
-2.936 -1 -2.596 -1 -2.76 -1 -3.17 -1 117
-2.965 -1 -2.59 -1 -2.892 -1 -3.23 -1 187
-3.061 -1 -2.678 -1 -2.762 -1 -3.118 -1 84
-2.94 -1 -2.604 -1 -2.68 -1 -3.166 -1 59
-2.923 -1 -2.574 -1 -2.646 -1 -3.094 -1 36
-2.87 -1 -2.476 -1 -2.712 -1 -3.162 -1 207
-2.937 -1 -2.52 -1 -2.702 -1 -3.1 -1 118
-2.901 -1 -2.484 -1 -2.786 -1 -3.212 -1 226
-2.999 -1 -2.562 -1 -2.744 -1 -3.202 -1 137
-2.973 -1 -2.61 -1 -2.854 -1 -3.206 -1 214
-3.03 -1 -2.642 -1 -2.752 -1 -3.176 -1 75
-2.964 -1 -2.582 -1 -2.906 -1 -3.23 -1 275
-3.068 -1 -2.65 -1 -2.842 -1 -3.268 -1 160
-3.055 -1 -2.654 -1 -2.882 -1 -3.204 -1 186
-3.043 -1 -2.678 -1 -2.694 -1 -3.08 -1 6
-2.887 -1 -2.528 -1 -2.738 -1 -3.082 -1 150
-2.91 -1 -2.52 -1 -2.806 -1 -3.23 -1 203
-3.018 -1 -2.64 -1 -2.96 -1 -3.272 -1 278
-3.116 -1 -2.708 -1 -2.956 -1 -3.228 -1 250
-3.092 -1 -2.692 -1 -2.758 -1 -3.07 -1 58
-2.914 -1 -2.61 -1 -2.846 -1 -3.27 -1 184
-3.058 -1 -2.666 -1 -2.93 -1 -3.29 -1 231
-3.11 -1 -2.708 -1 -2.8 -1 -3.17 -1 110
-2.985 -1 -2.612 -1 -2.784 -1 -3.13 -1 95
-2.957 -1 -2.58 -1 -2.808 -1 -3.222 -1 162
-3.015 -1 -2.626 -1 -2.864 -1 -3.242 -1 156
-3.053 -1 -2.622 -1 -2.894 -1 -3.172 -1 167
-3.033 -1 -2.646 -1 -2.898 -1 -3.21 -1 240
-3.054 -1 -2.652 -1 -2.862 -1 -3.248 -1 220
-3.055 -1 -2.658 -1 -2.968 -1 -3.262 -1 251
-3.115 -1 -2.718 -1 -2.94 -1 -3.316 -1 200
-3.128 -1 -2.754 -1 -2.968 -1 -3.306 -1 203
-3.137 -1 -2.774 -1 -2.87 -1 -3.258 -1 88
-3.064 -1 -2.67 -1 -2.8 -1 -3.1 -1 97
-2.95 -1 -2.552 -1 -2.812 -1 -3.172 -1 188
-2.992 -1 -2.604 -1 -2.772 -1 -3.124 -1 125
-2.948 -1 -2.598 -1 -2.662 -1 -3.132 -1 57
-2.897 -1 -2.586 -1 -2.704 -1 -3.11 -1 109
-2.907 -1 -2.516 -1 -2.66 -1 -3.078 -1 99
-2.869 -1 -2.494 -1 -2.582 -1 -3.054 -1 56
-2.818 -1 -2.47 -1 -2.642 -1 -3.066 -1 102
-2.854 -1 -2.486 -1 -2.872 -1 -3.198 -1 257
-3.035 -1 -2.628 -1 -2.826 -1 -3.188 -1 111
-3.007 -1 -2.562 -1 -2.682 -1 -3.056 -1 65
-2.869 -1 -2.526 -1 -2.654 -1 -3.034 -1 95
-2.844 -1 -2.482 -1 -2.486 -1 -3.024 -1 3
-2.755 -1 -2.444 -1 -2.594 -1 -3.15 -1 91
-2.872 -1 -2.506 -1 -2.87 -1 -3.248 -1 243
-3.059 -1 -2.676 -1 -2.95 -1 -3.236 -1 255
-3.093 -1 -2.708 -1 -2.844 -1 -3.24 -1 115
-3.042 -1 -2.698 -1 -2.976 -1 -3.252 -1 230
-3.114 -1 -2.696 -1 -2.924 -1 -3.216 -1 222
-3.07 -1 -2.644 -1 -2.924 -1 -3.264 -1 219
-3.094 -1 -2.69 -1 -3.008 -1 -3.332 -2 292
-3.17 -1 -2.764 -1 -2.904 -1 -3.232 -1 118
-3.068 -1 -2.694 -1 -3.038 -1 -3.338 -2 271
-3.188 -1 -2.762 -1 -3.048 -1 -3.382 -1 261
-3.215 -1 -2.848 -1 -2.936 -1 -3.306 -2 72
-3.121 -1 -2.75 -1 -2.93 -1 -3.254 -1 144
-3.092 -1 -2.712 -1 -2.838 -1 -3.21 -1 92
-3.024 -1 -2.662 -1 -2.864 -1 -3.298 -1 131
-3.081 -1 -2.684 -1 -2.87 -1 -3.276 -1 143
-3.073 -1 -2.688 -1 -2.97 -1 -3.298 -1 279
-3.134 -1 -2.748 -1 -2.778 -1 -3.164 -1 28
-2.971 -1 -2.6 -1 -2.678 -1 -3.088 -1 51
-2.883 -1 -2.54 -1 -2.67 -1 -3.032 -1 107
-2.851 -1 -2.49 -1 -2.754 -1 -3.218 -1 168
-2.986 -1 -2.618 -1 -2.922 -1 -3.216 -1 234
-3.069 -1 -2.678 -1 -2.698 -1 -3.114 -1 11
-2.906 -1 -2.58 -1 -2.844 -1 -3.236 -1 240
-3.04 -1 -2.686 -1 -2.694 -1 -3.142 -1 3
-2.918 -1 -2.614 -1 -2.864 -1 -3.204 -1 212
-3.034 -1 -2.642 -1 -2.692 -1 -3.146 -1 43
-2.919 -1 -2.546 -1 -2.612 -1 -3.066 -1 54
-2.839 -1 -2.52 -1 -2.762 -1 -3.168 -1 168
-2.965 -1 -2.592 -1 -2.926 -1 -3.26 -1 214
-3.093 -1 -2.706 -1 -2.98 -1 -3.308 -1 287
-3.144 -1 -2.698 -1 -2.96 -1 -3.318 -1 279
-3.139 -1 -2.766 -1 -3.036 -1 -3.336 -1 274
-3.186 -1 -2.784 -1 -2.89 -1 -3.254 -1 83
-3.072 -1 -2.708 -1 -3.068 -1 -3.4 -1 293
-3.234 -1 -2.778 -1 -2.948 -1 -3.272 -1 162
-3.11 -1 -2.736 -1 -2.74 -1 -3.208 -2 9
-2.974 -1 -2.62 -1 -2.766 -1 -3.212 -1 114
-2.989 -1 -2.64 -1 -2.958 -1 -3.234 -1 260
-3.096 -1 -2.732 -1 -2.884 -1 -3.222 -1 109
-3.053 -1 -2.692 -1 -2.836 -1 -3.224 -1 155
-3.03 -1 -2.616 -1 -2.926 -1 -3.292 -1 272
-3.109 -1 -2.708 -1 -2.994 -1 -3.274 -1 202
-3.134 -1 -2.75 -1 -2.77 -1 -3.196 -1 13
-2.983 -1 -2.64 -1 -2.96 -1 -3.298 -1 290
-3.129 -1 -2.682 -1 -2.814 -1 -3.166 -1 71
-2.99 -1 -2.582 -1 -2.736 -1 -3.156 -1 125
-2.946 -1 -2.588 -1 -2.764 -1 -3.208 -1 153
-2.986 -1 -2.614 -1 -2.63 -1 -3.13 -1 8
-2.88 -1 -2.546 -1 -2.648 -1 -3.068 -1 74
-2.858 -1 -2.51 -1 -2.848 -1 -3.192 -1 213
-3.02 -1 -2.644 -1 -2.654 -1 -3.06 -1 12
-2.857 -1 -2.504 -1 -2.716 -1 -3.144 -1 164
-2.93 -1 -2.558 -1 -2.878 -1 -3.254 -1 229
-3.066 -1 -2.674 -1 -2.85 -1 -3.162 -1 114
-3.006 -1 -2.662 -1 -2.716 -1 -3.14 -1 47
-2.928 -1 -2.534 -1 -2.766 -1 -3.164 -1 137
-2.965 -1 -2.578 -1 -2.77 -1 -3.176 -1 149
-2.973 -1 -2.632 -1 -2.728 -1 -3.076 -1 63
-2.902 -1 -2.54 -1 -2.75 -1 -3.074 -1 161
-2.912 -1 -2.53 -1 -2.822 -1 -3.166 -1 212
-2.994 -1 -2.554 -1 -2.778 -1 -3.112 -1 182
-2.945 -1 -2.538 -1 -2.93 -1 -3.172 -1 272
-3.051 -1 -2.694 -1 -2.696 -1 -3.114 -1 16
-2.905 -1 -2.538 -1 -2.538 -1 -3.076 -1 1
-2.807 -1 -2.49 -1 -2.574 -1 -3.018 -1 48
-2.796 -1 -2.47 -1 -2.712 -1 -3.166 -1 165
-2.939 -1 -2.574 -1 -2.876 -1 -3.206 -1 223
-3.041 -1 -2.598 -1 -2.722 -1 -3.12 -1 96
-2.921 -1 -2.556 -1 -2.812 -1 -3.198 -1 177
-3.005 -1 -2.614 -1 -2.68 -1 -3.162 -1 44
-2.921 -1 -2.544 -1 -2.634 -1 -3.026 -1 55
-2.83 -1 -2.512 -1 -2.88 -1 -3.13 -1 268
-3.005 -1 -2.582 -1 -2.74 -1 -3.116 -1 122
-2.928 -1 -2.54 -1 -2.766 -1 -3.104 -1 158
-2.935 -1 -2.542 -1 -2.714 -1 -3.154 -1 141
-2.934 -1 -2.538 -1 -2.924 -1 -3.262 -1 280
-3.093 -1 -2.688 -1 -2.998 -1 -3.26 -1 253
-3.129 -1 -2.73 -1 -2.984 -1 -3.286 -1 206
-3.135 -1 -2.704 -1 -3.104 -1 -3.364 -1 279
-3.234 -1 -2.786 -1 -2.912 -1 -3.228 -1 97
-3.07 -1 -2.676 -1 -2.97 -1 -3.28 -1 226
-3.125 -1 -2.704 -1 -3.002 -1 -3.31 -1 255
-3.156 -1 -2.722 -1 -2.85 -1 -3.22 -1 81
-3.035 -1 -2.672 -1 -2.916 -1 -3.198 -1 214
-3.057 -1 -2.674 -1 -2.724 -1 -3.134 -1 47
-2.929 -1 -2.578 -1 -2.786 -1 -3.126 -1 137
-2.956 -1 -2.62 -1 -2.834 -1 -3.192 -1 167
-3.013 -1 -2.616 -1 -2.678 -1 -3.164 -1 68
-2.921 -1 -2.584 -1 -2.818 -1 -3.188 -1 141
-3.003 -1 -2.64 -1 -2.912 -1 -3.23 -1 213
-3.071 -1 -2.69 -1 -3.068 -1 -3.376 -1 282
-3.222 -1 -2.774 -1 -3.044 -1 -3.352 -1 206
-3.198 -1 -2.786 -1 -3.016 -1 -3.384 -1 221
-3.2 -1 -2.792 -1 -2.84 -1 -3.266 -2 60
-3.053 -1 -2.728 -1 -2.92 -1 -3.222 -1 151
-3.071 -1 -2.702 -1 -2.902 -1 -3.306 -1 171
-3.104 -1 -2.724 -1 -2.822 -1 -3.21 -1 69
-3.016 -1 -2.638 -1 -2.836 -1 -3.222 -1 182
-3.029 -1 -2.706 -1 -2.848 -1 -3.184 -1 114
-3.016 -1 -2.622 -1 -2.878 -1 -3.252 -1 229
-3.065 -1 -2.652 -1 -2.708 -1 -3.118 -1 34
-2.913 -1 -2.582 -1 -2.73 -1 -3.152 -1 123
-2.941 -1 -2.56 -1 -2.668 -1 -3.078 -1 74
-2.873 -1 -2.51 -1 -2.794 -1 -3.184 -1 281
-2.989 -1 -2.572 -1 -2.72 -1 -3.14 -1 123
-2.93 -1 -2.54 -1 -2.55 -1 -2.986 -1 8
-2.768 -1 -2.454 -1 -2.64 -1 -2.99 -1 102
-2.815 -1 -2.48 -1 -2.778 -1 -3.144 -1 226
-2.961 -1 -2.56 -1 -2.906 -1 -3.308 -1 291
-3.107 -1 -2.674 -1 -2.854 -1 -3.18 -1 115
-3.017 -1 -2.648 -1 -2.674 -1 -3.1 -1 13
-2.887 -1 -2.532 -1 -2.754 -1 -3.164 -1 152
-2.959 -1 -2.582 -1 -2.758 -1 -3.138 -2 152
-2.948 -1 -2.634 -1 -2.798 -1 -3.186 -1 112
-2.992 -1 -2.628 -1 -3.034 -1 -3.312 -2 280
-3.173 -1 -2.74 -1 -2.838 -1 -3.184 -1 92
-3.011 -1 -2.654 -1 -2.736 -1 -3.144 -1 75
-2.94 -1 -2.592 -1 -2.792 -1 -3.17 -1 202
-2.981 -1 -2.622 -1 -2.666 -1 -3.066 -1 37
-2.866 -1 -2.502 -1 -2.508 -1 -2.96 -1 5
-2.734 -1 -2.438 -1 -2.77 -1 -3.144 -1 255
-2.957 -1 -2.556 -1 -2.754 -1 -3.172 -1 143
-2.963 -1 -2.586 -1 -2.906 -1 -3.226 -1 220
-3.066 -1 -2.668 -1 -2.814 -1 -3.248 -1 97
-3.031 -1 -2.648 -1 -2.674 -1 -3.112 -1 23
-2.893 -1 -2.532 -1 -2.582 -1 -3.028 -1 30
-2.805 -1 -2.498 -1 -2.74 -1 -3.152 -1 177
-2.946 -1 -2.544 -1 -2.624 -1 -2.99 -1 50
-2.807 -1 -2.452 -1 -2.846 -1 -3.246 -1 292
-3.046 -1 -2.616 -1 -2.884 -1 -3.254 -1 227
-3.069 -1 -2.678 -1 -2.692 -1 -3.074 -1 17
-2.883 -1 -2.518 -1 -2.638 -1 -3.096 -1 77
-2.867 -1 -2.51 -1 -2.83 -1 -3.254 -1 271
-3.042 -1 -2.666 -1 -2.874 -1 -3.16 -1 153
-3.017 -1 -2.636 -1 -2.87 -1 -3.2 -1 186
-3.035 -1 -2.666 -1 -2.94 -1 -3.284 -1 263
-3.112 -1 -2.704 -1 -2.794 -1 -3.206 -1 70
-3 -1 -2.654 -1 -2.764 -1 -3.154 -1 107
-2.959 -1 -2.57 -1 -2.872 -1 -3.264 -1 214
-3.068 -1 -2.648 -1 -2.736 -1 -3.148 -1 70
-2.942 -1 -2.6 -1 -2.796 -1 -3.184 -1 186
-2.99 -1 -2.598 -1 -2.878 -1 -3.212 -1 249
-3.045 -1 -2.636 -1 -2.686 -1 -3.198 -1 39
-2.942 -1 -2.594 -1 -2.958 -1 -3.272 -1 240
-3.115 -1 -2.716 -1 -2.794 -1 -3.18 -1 81
-2.987 -1 -2.624 -1 -2.642 -1 -3.094 -1 26
-2.868 -1 -2.502 -1 -2.884 -1 -3.2 -1 287
-3.042 -1 -2.672 -1 -2.85 -1 -3.146 -1 174
-2.998 -1 -2.57 -1 -2.61 -1 -3.124 -1 26
-2.867 -1 -2.534 -1 -2.912 -1 -3.23 -1 287
-3.071 -1 -2.678 -1 -3.022 -1 -3.294 -1 280
-3.158 -1 -2.78 -1 -2.804 -1 -3.206 -1 11
-3.005 -1 -2.652 -1 -2.852 -1 -3.188 -1 175
-3.02 -1 -2.642 -1 -2.734 -1 -3.204 -2 90
-2.969 -1 -2.596 -1 -2.824 -1 -3.216 -1 184
-3.02 -1 -2.668 -1 -2.774 -1 -3.1 -1 70
-2.937 -1 -2.544 -1 -2.942 -1 -3.23 -1 283
-3.086 -1 -2.68 -1 -2.704 -1 -3.11 -1 10
-2.907 -1 -2.544 -1 -2.588 -1 -3.1 -1 23
-2.844 -1 -2.514 -1 -2.824 -1 -3.208 -1 216
-3.016 -1 -2.59 -1 -2.95 -1 -3.286 -1 248
-3.118 -1 -2.726 -1 -2.916 -1 -3.23 -1 140
-3.073 -1 -2.658 -1 -2.848 -1 -3.188 -1 153
-3.018 -1 -2.612 -1 -2.918 -1 -3.262 -1 261
-3.09 -1 -2.718 -1 -2.746 -1 -3.17 -1 18
-2.958 -1 -2.612 -1 -2.708 -1 -3.102 -1 75
-2.905 -1 -2.564 -1 -2.84 -1 -3.222 -1 226
-3.031 -1 -2.64 -1 -2.848 -1 -3.194 -1 160
-3.021 -1 -2.634 -1 -2.648 -1 -3.074 -1 17
-2.861 -1 -2.508 -1 -2.748 -1 -3.156 -1 145
-2.952 -1 -2.548 -1 -2.804 -1 -3.18 -1 178
-2.992 -1 -2.592 -1 -2.606 -1 -3.058 -1 11
-2.832 -1 -2.53 -1 -2.602 -1 -3.056 -1 44
-2.829 -1 -2.5 -1 -2.732 -1 -3.146 -1 139
-2.939 -1 -2.542 -1 -2.904 -1 -3.27 -1 275
-3.087 -1 -2.686 -1 -2.822 -1 -3.172 -1 109
-2.997 -1 -2.64 -1 -2.712 -1 -3.13 -1 55
-2.921 -1 -2.568 -1 -2.57 -1 -3.026 -1 1
-2.798 -1 -2.444 -1 -2.54 -1 -3.006 -1 52
-2.773 -1 -2.454 -1 -2.762 -1 -3.096 -1 254
-2.929 -1 -2.526 -1 -2.77 -1 -3.156 -1 201
-2.963 -1 -2.536 -1 -2.734 -1 -3.14 -1 237
-2.937 -1 -2.558 -1 -2.84 -1 -3.244 -1 214
-3.042 -1 -2.658 -1 -2.898 -1 -3.186 -1 202
-3.042 -1 -2.68 -1 -2.752 -1 -3.158 -1 50
-2.955 -1 -2.578 -1 -2.828 -1 -3.206 -1 194
-3.017 -1 -2.62 -1 -2.722 -1 -3.164 -1 81
-2.943 -1 -2.592 -1 -2.682 -1 -3.096 -1 62
-2.889 -1 -2.558 -1 -2.802 -1 -3.202 -1 158
-3.002 -1 -2.62 -1 -2.854 -1 -3.194 -1 166
-3.024 -1 -2.65 -1 -2.972 -1 -3.3 -1 263
-3.136 -1 -2.76 -1 -2.826 -1 -3.146 -1 51
-2.986 -1 -2.606 -1 -2.608 -1 -3.108 -1 2
-2.858 -1 -2.508 -1 -2.532 -1 -3.02 -1 13
-2.776 -1 -2.464 -1 -2.67 -1 -3.082 -1 154
-2.876 -1 -2.548 -1 -2.77 -1 -3.152 -1 177
-2.961 -1 -2.556 -1 -2.82 -1 -3.166 -1 181
-2.993 -1 -2.586 -1 -2.856 -1 -3.242 -1 223
-3.049 -1 -2.666 -1 -2.866 -1 -3.21 -1 199
-3.038 -1 -2.638 -1 -2.686 -1 -3.058 -1 38
-2.872 -1 -2.55 -1 -2.676 -1 -3.138 -1 96
-2.907 -1 -2.574 -1 -2.764 -1 -3.174 -1 144
-2.969 -1 -2.57 -1 -2.86 -1 -3.254 -1 270
-3.057 -1 -2.608 -1 -2.652 -1 -3.066 -1 41
-2.859 -1 -2.542 -1 -2.674 -1 -3.108 -1 83
-2.891 -1 -2.494 -1 -2.528 -1 -2.936 -1 26
-2.732 -1 -2.38 -1 -2.438 -1 -2.932 -1 31
-2.685 -1 -2.42 -1 -2.808 -1 -3.132 -1 277
-2.97 -1 -2.574 -1 -2.954 -1 -3.25 -1 284
-3.102 -1 -2.684 -1 -3.014 -1 -3.264 -1 296
-3.139 -1 -2.768 -1 -2.818 -1 -3.172 -1 40
-2.995 -1 -2.606 -1 -2.838 -1 -3.13 -1 169
-2.984 -1 -2.616 -1 -2.64 -1 -3.038 -1 25
-2.839 -1 -2.532 -1 -2.624 -1 -3.034 -1 73
-2.829 -1 -2.48 -1 -2.664 -1 -3.096 -1 121
-2.88 -1 -2.512 -1 -2.57 -1 -3.074 -1 59
-2.822 -1 -2.472 -1 -2.7 -1 -3.112 -1 162
-2.906 -1 -2.536 -1 -2.782 -1 -3.122 -1 196
-2.952 -1 -2.63 -1 -2.69 -1 -3.104 -1 67
-2.897 -1 -2.538 -1 -2.614 -1 -3.034 -1 51
-2.824 -1 -2.472 -1 -2.836 -1 -3.142 -1 282
-2.989 -1 -2.544 -1 -2.862 -1 -3.18 -1 227
-3.021 -1 -2.64 -1 -2.708 -1 -3.1 -1 66
-2.904 -1 -2.552 -1 -2.766 -1 -3.118 -1 164
-2.942 -1 -2.596 -1 -2.836 -1 -3.118 -1 180
-2.977 -1 -2.6 -1 -2.756 -1 -3.058 -1 124
-2.907 -1 -2.516 -1 -2.742 -1 -3.126 -1 170
-2.934 -1 -2.546 -1 -2.81 -1 -3.248 -1 232
-3.029 -1 -2.614 -1 -2.674 -1 -3.152 -1 59
-2.913 -1 -2.56 -1 -2.588 -1 -3.064 -1 21
-2.826 -1 -2.5 -1 -2.788 -1 -3.172 -1 203
-2.98 -1 -2.586 -1 -2.916 -1 -3.26 -1 275
-3.088 -1 -2.718 -1 -2.85 -1 -3.076 -1 132
-2.963 -1 -2.604 -1 -2.7 -1 -3.072 -2 56
-2.886 -1 -2.52 -1 -2.9 -1 -3.202 -1 295
-3.051 -1 -2.666 -1 -2.89 -1 -3.226 -1 174
-3.058 -1 -2.674 -1 -2.812 -1 -3.15 -1 120
-2.981 -1 -2.592 -1 -2.598 -1 -3.09 -1 4
-2.844 -1 -2.488 -1 -2.8 -1 -3.144 -1 240
-2.972 -1 -2.626 -1 -2.732 -1 -3.142 -1 78
-2.937 -1 -2.602 -1 -2.814 -1 -3.188 -1 177
-3.001 -1 -2.65 -1 -2.718 -1 -3.166 -1 51
-2.942 -1 -2.558 -1 -2.702 -1 -3.086 -1 110
-2.894 -1 -2.548 -1 -2.604 -1 -3.044 -1 52
-2.824 -1 -2.508 -1 -2.512 -1 -2.938 -1 11
-2.725 -1 -2.43 -1 -2.864 -1 -3.214 -1 297
-3.039 -1 -2.628 -1 -2.874 -1 -3.216 -1 171
-3.045 -1 -2.672 -1 -2.878 -1 -3.178 -1 123
-3.028 -1 -2.654 -1 -2.898 -1 -3.232 -1 199
-3.065 -1 -2.71 -1 -2.734 -1 -3.112 -1 29
-2.923 -1 -2.554 -1 -2.582 -1 -3.046 -1 26
-2.814 -1 -2.47 -1 -2.522 -1 -2.984 -1 29
-2.753 -1 -2.444 -1 -2.654 -1 -3.106 -1 183
-2.88 -1 -2.514 -1 -2.512 -1 -2.978 -1 1
-2.745 -1 -2.432 -1 -2.45 -1 -2.89 -1 18
-2.67 -1 -2.376 -1 -2.56 -1 -2.972 -1 144
-2.766 -1 -2.436 -1 -2.636 -1 -3.06 -1 135
-2.848 -1 -2.486 -1 -2.854 -1 -3.234 -1 284
-3.044 -1 -2.672 -1 -2.836 -1 -3.152 -1 168
-2.994 -1 -2.604 -1 -2.636 -1 -3.1 -1 30
-2.868 -1 -2.506 -1 -2.646 -1 -3.08 -1 85
-2.863 -1 -2.528 -1 -2.654 -1 -3.076 -1 85
-2.865 -1 -2.532 -1 -2.952 -1 -3.254 -1 286
-3.103 -1 -2.666 -1 -2.762 -1 -3.124 -1 73
-2.943 -1 -2.57 -1 -2.712 -1 -3.15 -1 93
-2.931 -1 -2.56 -1 -2.74 -1 -3.088 -1 158
-2.914 -1 -2.524 -1 -2.588 -1 -3.002 -1 47
-2.795 -1 -2.482 -1 -2.558 -1 -3.038 -1 42
-2.798 -1 -2.46 -1 -2.856 -1 -3.23 -1 278
-3.043 -1 -2.622 -1 -2.9 -1 -3.248 -1 197
-3.074 -1 -2.706 -1 -2.95 -1 -3.294 -1 261
-3.122 -1 -2.766 -1 -2.91 -1 -3.2 -2 133
-3.055 -1 -2.71 -1 -2.95 -1 -3.216 -1 242
-3.083 -1 -2.664 -1 -2.86 -1 -3.25 -1 201
-3.055 -1 -2.698 -1 -2.722 -1 -3.084 -1 14
-2.903 -1 -2.55 -1 -2.692 -1 -3.018 -1 81
-2.855 -1 -2.496 -1 -2.87 -1 -3.248 -1 256
-3.059 -1 -2.672 -1 -2.728 -1 -3.058 -1 48
-2.893 -1 -2.54 -1 -2.86 -1 -3.228 -1 219
-3.044 -1 -2.638 -1 -2.798 -1 -3.12 -1 104
-2.959 -1 -2.594 -1 -2.612 -1 -3.074 -1 20
-2.843 -1 -2.496 -1 -2.816 -1 -3.184 -1 246
-3 -1 -2.616 -1 -2.986 -1 -3.226 -1 295
-3.106 -1 -2.67 -1 -2.752 -1 -3.106 -1 46
-2.929 -1 -2.574 -1 -2.63 -1 -3.032 -1 35
-2.831 -1 -2.498 -1 -2.726 -1 -3.184 -1 148
-2.955 -1 -2.568 -1 -2.844 -1 -3.262 -1 189
-3.053 -1 -2.654 -1 -2.774 -1 -3.028 -1 76
-2.901 -1 -2.55 -1 -2.826 -1 -3.16 -1 193
-2.993 -1 -2.584 -1 -2.644 -1 -3.09 -1 42
-2.867 -1 -2.522 -1 -2.794 -1 -3.144 -1 222
-2.969 -1 -2.59 -1 -2.902 -1 -3.162 -1 224
-3.032 -1 -2.602 -1 -2.69 -1 -3.096 -1 74
-2.893 -1 -2.534 -1 -2.782 -1 -3.184 -1 162
-2.983 -1 -2.6 -1 -2.772 -1 -3.148 -1 113
-2.96 -1 -2.592 -1 -2.61 -1 -3.038 -1 14
-2.824 -1 -2.494 -1 -2.876 -1 -3.208 -1 272
-3.042 -1 -2.69 -1 -2.832 -1 -3.188 -1 113
-3.01 -1 -2.58 -1 -2.966 -1 -3.216 -1 256
-3.091 -1 -2.67 -1 -2.756 -1 -3.112 -1 63
-2.934 -1 -2.586 -1 -2.786 -1 -3.19 -1 151
-2.988 -1 -2.586 -1 -2.796 -1 -3.172 -1 169
-2.984 -1 -2.616 -1 -2.808 -1 -3.202 -1 151
-3.005 -1 -2.61 -1 -2.698 -1 -3.084 -1 58
-2.891 -1 -2.514 -1 -2.59 -1 -3.012 -1 59
-2.801 -1 -2.474 -1 -2.548 -1 -3.01 -1 44
-2.779 -1 -2.428 -1 -2.56 -1 -2.914 -1 88
-2.737 -1 -2.384 -1 -2.756 -1 -3.126 -1 282
-2.941 -1 -2.526 -1 -2.758 -1 -3.092 -1 155
-2.925 -1 -2.55 -1 -2.706 -1 -3.116 -1 130
-2.911 -1 -2.56 -1 -2.872 -1 -3.24 -1 264
-3.056 -1 -2.654 -1 -2.996 -1 -3.302 -1 279
-3.149 -1 -2.726 -1 -2.972 -1 -3.298 -1 206
-3.135 -1 -2.67 -1 -2.824 -1 -3.102 -1 133
-2.963 -1 -2.57 -1 -2.914 -1 -3.16 -1 275
-3.037 -1 -2.61 -1 -2.964 -1 -3.25 -1 260
-3.107 -1 -2.672 -1 -2.982 -1 -3.302 -1 287
-3.142 -1 -2.732 -1 -2.794 -1 -3.234 -1 53
-3.014 -1 -2.7 -1 -2.996 -1 -3.236 -2 291
-3.116 -1 -2.74 -1 -2.75 -1 -3.112 -1 10
-2.931 -1 -2.596 -1 -2.62 -1 -3.022 -1 25
-2.821 -1 -2.496 -1 -2.72 -1 -3.082 -1 141
-2.901 -1 -2.552 -1 -2.578 -1 -3.008 -1 19
-2.793 -1 -2.46 -1 -2.506 -1 -2.866 -1 30
-2.686 -1 -2.33 -1 -2.748 -1 -3.174 -1 278
-2.961 -1 -2.516 -1 -2.79 -1 -3.17 -2 215
-2.98 -1 -2.58 -1 -2.906 -1 -3.202 -1 243
-3.054 -1 -2.656 -1 -2.794 -1 -3.176 -1 113
-2.985 -1 -2.634 -1 -2.796 -1 -3.178 -1 118
-2.987 -1 -2.628 -1 -2.852 -1 -3.194 -1 173
-3.023 -1 -2.602 -1 -2.794 -1 -3.114 -1 157
-2.954 -1 -2.57 -1 -2.88 -1 -3.294 -1 229
-3.087 -1 -2.674 -1 -2.978 -1 -3.204 -1 239
-3.091 -1 -2.708 -1 -2.82 -1 -3.21 -1 138
-3.015 -1 -2.646 -1 -2.932 -1 -3.228 -1 224
-3.08 -1 -2.652 -1 -2.792 -1 -3.152 -1 114
-2.972 -1 -2.582 -1 -2.882 -1 -3.258 -1 244
-3.07 -1 -2.69 -1 -2.908 -1 -3.22 -1 170
-3.064 -1 -2.652 -1 -2.676 -1 -3.06 -1 23
-2.868 -1 -2.532 -1 -2.884 -1 -3.26 -1 283
-3.072 -1 -2.658 -1 -2.958 -1 -3.27 -1 223
-3.114 -1 -2.702 -1 -2.832 -1 -3.216 -1 93
-3.024 -1 -2.65 -1 -2.746 -1 -3.168 -1 112
-2.957 -1 -2.65 -1 -2.714 -1 -3.044 -1 40
-2.879 -1 -2.544 -1 -2.806 -1 -3.112 -1 197
-2.959 -1 -2.568 -1 -2.9 -1 -3.256 -1 283
-3.078 -1 -2.634 -1 -2.944 -1 -3.262 -1 282
-3.103 -1 -2.69 -1 -3 -1 -3.336 -1 283
-3.168 -1 -2.748 -1 -2.954 -1 -3.23 -1 143
-3.092 -1 -2.738 -1 -2.95 -1 -3.298 -1 202
-3.124 -1 -2.772 -1 -2.894 -1 -3.224 -1 90
-3.059 -1 -2.672 -1 -2.704 -1 -3.138 -1 14
-2.921 -1 -2.562 -1 -2.966 -1 -3.212 -1 295
-3.089 -1 -2.696 -1 -2.898 -1 -3.26 -1 154
-3.079 -1 -2.714 -1 -2.978 -1 -3.258 -1 246
-3.118 -1 -2.748 -1 -2.814 -1 -3.172 -1 68
-2.993 -1 -2.628 -1 -2.894 -1 -3.25 -1 215
-3.072 -1 -2.652 -1 -2.816 -1 -3.218 -1 136
-3.017 -1 -2.674 -1 -2.888 -1 -3.238 -1 150
-3.063 -1 -2.684 -1 -2.842 -1 -3.232 -1 145
-3.037 -1 -2.688 -1 -2.892 -1 -3.21 -1 199
-3.051 -1 -2.666 -1 -2.92 -1 -3.252 -1 245
-3.086 -1 -2.69 -1 -2.81 -1 -3.188 -1 89
-2.999 -1 -2.622 -1 -2.646 -1 -3.086 -1 23
-2.866 -1 -2.538 -1 -2.768 -1 -3.188 -1 173
-2.978 -1 -2.618 -1 -2.686 -1 -3.084 -1 48
-2.885 -1 -2.558 -1 -2.784 -1 -3.222 -1 171
-3.003 -1 -2.634 -1 -2.824 -1 -3.164 -1 159
-2.994 -1 -2.632 -1 -2.836 -1 -3.17 -1 167
-3.003 -1 -2.622 -1 -2.636 -1 -3.112 -1 12
-2.874 -1 -2.5 -1 -2.632 -1 -3.064 -1 95
-2.848 -1 -2.506 -1 -2.686 -1 -3.114 -1 141
-2.9 -1 -2.582 -1 -2.824 -1 -3.178 -1 190
-3.001 -1 -2.594 -1 -2.934 -1 -3.21 -1 256
-3.072 -1 -2.698 -1 -2.826 -1 -3.17 -1 143
-2.998 -1 -2.628 -1 -2.694 -1 -3.098 -1 39
-2.896 -1 -2.48 -1 -2.776 -1 -3.212 -1 188
-2.994 -1 -2.596 -1 -2.918 -1 -3.256 -1 274
-3.087 -1 -2.644 -1 -2.85 -1 -3.22 -1 133
-3.035 -1 -2.64 -1 -2.73 -1 -3.13 -1 58
-2.93 -1 -2.576 -1 -2.642 -1 -3.094 -1 74
-2.868 -1 -2.538 -1 -2.618 -1 -3 -1 62
-2.809 -1 -2.498 -1 -2.702 -1 -3.18 -1 130
-2.941 -1 -2.554 -1 -2.848 -1 -3.132 -1 181
-2.99 -1 -2.604 -1 -2.874 -1 -3.266 -1 268
-3.07 -1 -2.718 -1 -2.728 -1 -3.128 -1 6
-2.928 -1 -2.592 -1 -2.814 -1 -3.124 -1 159
-2.969 -1 -2.6 -1 -2.892 -1 -3.21 -1 224
-3.051 -1 -2.648 -1 -2.806 -1 -3.148 -1 145
-2.977 -1 -2.594 -1 -2.726 -1 -3.086 -1 111
-2.906 -1 -2.54 -1 -2.54 -1 -3.036 -1 0
-2.788 -1 -2.494 -1 -2.85 -1 -3.246 -1 223
-3.048 -1 -2.676 -1 -2.834 -1 -3.212 -1 137
-3.023 -1 -2.65 -1 -2.874 -1 -3.16 -1 169
-3.017 -1 -2.65 -1 -2.762 -1 -3.19 -1 105
-2.976 -1 -2.618 -1 -2.792 -1 -3.212 -1 107
-3.002 -1 -2.63 -1 -2.668 -1 -3.116 -1 20
-2.892 -1 -2.552 -1 -2.77 -1 -3.132 -1 141
-2.951 -1 -2.54 -1 -2.666 -1 -3.038 -1 97
-2.852 -1 -2.524 -1 -2.564 -1 -2.96 -1 42
-2.762 -1 -2.414 -1 -2.42 -1 -3.002 -1 6
-2.711 -1 -2.414 -1 -2.466 -1 -3.012 -1 33
-2.739 -1 -2.404 -1 -2.45 -1 -2.97 -1 35
-2.71 -1 -2.412 -1 -2.74 -1 -3.11 -1 185
-2.925 -1 -2.528 -1 -2.828 -1 -3.202 -1 235
-3.015 -1 -2.616 -1 -2.724 -1 -3.07 -1 78
-2.897 -1 -2.536 -1 -2.802 -1 -3.166 -1 191
-2.984 -1 -2.568 -1 -2.586 -1 -3.004 -1 11
-2.795 -1 -2.448 -1 -2.522 -1 -3 -1 62
-2.761 -1 -2.428 -1 -2.798 -1 -3.158 -1 246
-2.978 -1 -2.564 -1 -2.752 -1 -3.076 -1 132
-2.914 -1 -2.502 -1 -2.57 -1 -3.076 -1 53
-2.823 -1 -2.484 -1 -2.668 -1 -3.06 -1 111
-2.864 -1 -2.456 -1 -2.576 -1 -3.048 -1 76
-2.812 -1 -2.466 -1 -2.638 -1 -3.052 -1 118
-2.845 -1 -2.452 -1 -2.74 -1 -3.144 -1 226
-2.942 -1 -2.57 -1 -2.616 -1 -3.058 -1 25
-2.837 -1 -2.488 -1 -2.652 -1 -2.994 -1 100
-2.823 -1 -2.466 -1 -2.55 -1 -2.982 -1 54
-2.766 -1 -2.414 -1 -2.478 -1 -2.876 -1 43
-2.677 -1 -2.374 -1 -2.584 -1 -3.05 -1 107
-2.817 -1 -2.48 -1 -2.578 -1 -3.038 -1 62
-2.808 -1 -2.444 -1 -2.732 -1 -3.104 -1 182
-2.918 -1 -2.492 -1 -2.636 -1 -3.022 -1 92
-2.829 -1 -2.482 -1 -2.568 -1 -2.968 -1 58
-2.768 -1 -2.448 -1 -2.734 -1 -3.054 -1 166
-2.894 -1 -2.514 -1 -2.844 -1 -3.138 -1 263
-2.991 -1 -2.564 -1 -2.726 -1 -3.144 -1 120
-2.935 -1 -2.56 -1 -2.64 -1 -3.07 -1 46
-2.855 -1 -2.5 -1 -2.738 -1 -3.11 -1 141
-2.924 -1 -2.508 -1 -2.598 -1 -3.014 -1 56
-2.806 -1 -2.44 -1 -2.73 -1 -3.136 -1 238
-2.933 -1 -2.548 -1 -2.582 -1 -3.022 -1 39
-2.802 -1 -2.516 -1 -2.88 -1 -3.254 -1 292
-3.067 -1 -2.692 -1 -2.858 -1 -3.248 -1 147
-3.053 -1 -2.654 -1 -2.918 -1 -3.242 -1 218
-3.08 -1 -2.71 -1 -2.978 -1 -3.222 -1 182
-3.1 -1 -2.712 -1 -2.766 -1 -3.136 -1 45
-2.951 -1 -2.612 -1 -2.688 -1 -3.118 -1 68
-2.903 -1 -2.564 -1 -2.838 -1 -3.192 -1 196
-3.015 -1 -2.622 -1 -2.746 -1 -3.25 -1 114
-2.998 -1 -2.65 -1 -2.774 -1 -3.166 -1 111
-2.97 -1 -2.61 -1 -2.906 -1 -3.178 -1 212
-3.042 -1 -2.628 -1 -2.822 -1 -3.192 -1 147
-3.007 -1 -2.624 -1 -2.748 -1 -3.14 -1 102
-2.944 -1 -2.578 -1 -2.794 -1 -3.23 -1 145
-3.012 -1 -2.65 -1 -2.698 -1 -3.15 -2 39
-2.924 -1 -2.596 -1 -2.754 -1 -3.094 -1 87
-2.924 -1 -2.54 -1 -2.692 -1 -3.022 -1 135
-2.857 -1 -2.45 -1 -2.596 -1 -3.084 -1 70
-2.84 -1 -2.498 -1 -2.772 -1 -3.116 -1 214
-2.944 -1 -2.562 -1 -2.812 -1 -3.186 -1 185
-2.999 -1 -2.632 -1 -2.934 -1 -3.246 -1 222
-3.09 -1 -2.708 -1 -2.934 -1 -3.344 -1 228
-3.139 -1 -2.736 -1 -2.808 -1 -3.164 -1 74
-2.986 -1 -2.65 -1 -2.68 -1 -3.094 -1 35
-2.887 -1 -2.576 -1 -2.774 -1 -3.2 -1 158
-2.987 -1 -2.656 -1 -2.846 -1 -3.134 -1 119
-2.99 -1 -2.604 -1 -2.614 -1 -3.004 -1 12
-2.809 -1 -2.472 -1 -2.548 -1 -3.054 -1 48
-2.801 -1 -2.516 -1 -2.654 -1 -3.086 -1 85
-2.87 -1 -2.49 -1 -2.704 -1 -3.14 -1 172
-2.922 -1 -2.544 -1 -2.732 -1 -3.092 -1 129
-2.912 -1 -2.536 -1 -2.696 -1 -3.094 -1 97
-2.895 -1 -2.574 -1 -2.712 -1 -3.14 -1 102
-2.926 -1 -2.582 -1 -2.782 -1 -3.11 -1 127
-2.946 -1 -2.564 -1 -2.742 -1 -3.16 -2 120
-2.951 -1 -2.604 -1 -2.75 -1 -3.176 -1 92
-2.963 -1 -2.586 -1 -2.79 -1 -3.152 -1 105
-2.971 -1 -2.584 -1 -2.766 -1 -3.18 -1 111
-2.973 -1 -2.606 -1 -2.932 -1 -3.266 -1 270
-3.099 -1 -2.742 -1 -2.91 -1 -3.2 -1 137
-3.055 -1 -2.694 -1 -2.956 -1 -3.3 -1 204
-3.128 -1 -2.762 -1 -2.872 -1 -3.22 -1 100
-3.046 -1 -2.666 -1 -2.93 -1 -3.26 -1 274
-3.095 -1 -2.716 -1 -2.72 -1 -3.17 -1 3
-2.945 -1 -2.596 -1 -2.66 -1 -3.076 -1 40
-2.868 -1 -2.482 -1 -2.528 -1 -2.964 -1 21
-2.746 -1 -2.44 -1 -2.87 -1 -3.188 -1 287
-3.029 -1 -2.616 -1 -2.716 -1 -3.134 -1 80
-2.925 -1 -2.572 -1 -2.796 -1 -3.128 -1 160
-2.962 -1 -2.618 -1 -2.87 -1 -3.194 -1 211
-3.032 -1 -2.652 -1 -2.74 -1 -3.174 -1 69
-2.957 -1 -2.592 -1 -2.848 -1 -3.226 -1 210
-3.037 -1 -2.608 -1 -2.798 -1 -3.17 -1 178
-2.984 -1 -2.598 -1 -2.702 -1 -3.056 -1 60
-2.879 -1 -2.516 -1 -2.634 -1 -3.082 -1 81
-2.858 -1 -2.468 -1 -2.608 -1 -3.05 -1 89
-2.829 -1 -2.47 -1 -2.538 -1 -3.09 -1 38
-2.814 -1 -2.48 -1 -2.542 -1 -2.982 -1 37
-2.762 -1 -2.426 -1 -2.616 -1 -3.078 -1 122
-2.847 -1 -2.47 -1 -2.682 -1 -3.122 -1 125
-2.902 -1 -2.51 -1 -2.64 -1 -3.068 -1 82
-2.854 -1 -2.522 -1 -2.86 -1 -3.242 -2 279
-3.051 -1 -2.63 -1 -2.796 -1 -3.128 -1 105
-2.962 -1 -2.616 -1 -2.98 -1 -3.306 -1 277
-3.143 -1 -2.666 -1 -2.838 -1 -3.168 -1 146
-3.003 -1 -2.624 -1 -2.822 -1 -3.2 -1 132
-3.011 -1 -2.658 -1 -2.66 -1 -3.076 -1 1
-2.868 -1 -2.588 -1 -2.856 -1 -3.246 -1 203
-3.051 -1 -2.648 -1 -2.71 -1 -3.166 -1 59
-2.938 -1 -2.606 -1 -2.636 -1 -3.05 -1 21
-2.843 -1 -2.52 -1 -2.636 -1 -3.102 -1 76
-2.869 -1 -2.498 -1 -2.776 -1 -3.09 -1 167
-2.933 -1 -2.56 -1 -2.568 -1 -3.03 -1 7
-2.799 -1 -2.488 -1 -2.666 -1 -3.096 -1 125
-2.881 -1 -2.55 -1 -2.586 -1 -2.976 -1 20
-2.781 -1 -2.446 -1 -2.85 -1 -3.26 -2 276
-3.055 -1 -2.62 -1 -2.66 -1 -3.068 -1 26
-2.864 -1 -2.496 -1 -2.878 -1 -3.22 -1 279
-3.049 -1 -2.648 -1 -2.812 -1 -3.19 -1 91
-3.001 -1 -2.656 -1 -2.98 -1 -3.326 -1 267
-3.153 -1 -2.756 -1 -2.886 -1 -3.202 -1 92
-3.044 -1 -2.658 -1 -2.902 -1 -3.232 -1 213
-3.067 -1 -2.67 -1 -2.866 -1 -3.178 -1 194
-3.022 -1 -2.656 -1 -2.816 -1 -3.192 -2 107
-3.004 -1 -2.656 -1 -2.778 -1 -3.208 -1 85
-2.993 -1 -2.662 -1 -3.014 -1 -3.26 -1 295
-3.137 -1 -2.756 -1 -2.794 -1 -3.21 -1 44
-3.002 -1 -2.63 -1 -2.854 -1 -3.25 -1 161
-3.052 -1 -2.718 -1 -2.856 -1 -3.312 -1 120
-3.084 -1 -2.68 -1 -2.686 -1 -3.092 -1 11
-2.889 -1 -2.554 -1 -2.62 -1 -3.086 -1 52
-2.853 -1 -2.534 -1 -2.858 -1 -3.216 -1 244
-3.037 -1 -2.66 -1 -2.906 -1 -3.234 -1 166
-3.07 -1 -2.652 -1 -2.844 -1 -3.188 -1 169
-3.016 -1 -2.634 -1 -2.76 -1 -3.156 -1 95
-2.958 -1 -2.59 -1 -2.87 -1 -3.256 -1 253
-3.063 -1 -2.656 -1 -2.76 -1 -3.132 -1 71
-2.946 -1 -2.6 -1 -2.826 -1 -3.192 -1 181
-3.009 -1 -2.638 -1 -2.816 -1 -3.132 -1 136
-2.974 -1 -2.584 -1 -2.804 -1 -3.158 -1 138
-2.981 -1 -2.59 -1 -2.858 -1 -3.186 -1 218
-3.022 -1 -2.634 -1 -2.956 -1 -3.238 -1 242
-3.097 -1 -2.752 -1 -2.888 -1 -3.294 -1 126
-3.091 -1 -2.67 -1 -2.834 -1 -3.22 -1 126
-3.027 -1 -2.628 -1 -2.672 -1 -3.108 -1 43
-2.89 -1 -2.596 -1 -2.652 -1 -3.05 -1 51
-2.851 -1 -2.484 -1 -2.504 -1 -2.968 -1 10
-2.736 -1 -2.388 -1 -2.394 -1 -2.894 -1 12
-2.644 -1 -2.344 -1 -2.416 -1 -2.956 -1 90
-2.686 -1 -2.346 -1 -2.532 -1 -2.976 -1 105
-2.754 -1 -2.424 -1 -2.688 -1 -3.116 -1 171
-2.902 -1 -2.508 -1 -2.516 -1 -2.968 -1 18
-2.742 -1 -2.38 -1 -2.692 -1 -3.056 -1 191
-2.874 -1 -2.494 -1 -2.676 -1 -3.126 -1 148
-2.901 -1 -2.464 -1 -2.674 -1 -3.148 -1 124
-2.911 -1 -2.518 -1 -2.742 -1 -3.186 -1 197
-2.964 -1 -2.574 -1 -2.574 -1 -3.1 -1 1
-2.837 -1 -2.496 -1 -2.876 -1 -3.226 -1 273
-3.051 -1 -2.636 -1 -2.652 -1 -3.016 -1 22
-2.834 -1 -2.49 -1 -2.796 -1 -3.22 -1 205
-3.008 -1 -2.59 -1 -2.708 -1 -3.112 -1 76
-2.91 -1 -2.552 -1 -2.73 -1 -3.088 -1 117
-2.909 -1 -2.542 -1 -2.578 -1 -3.06 -1 19
-2.819 -1 -2.488 -1 -2.774 -1 -3.104 -1 183
-2.939 -1 -2.552 -1 -2.59 -1 -2.992 -1 31
-2.791 -1 -2.45 -1 -2.602 -1 -2.996 -1 91
-2.799 -1 -2.456 -1 -2.53 -1 -2.934 -1 51
-2.732 -1 -2.402 -1 -2.462 -1 -2.962 -1 37
-2.712 -1 -2.396 -1 -2.484 -1 -2.918 -1 56
-2.701 -1 -2.392 -1 -2.774 -1 -3.156 -1 268
-2.965 -1 -2.576 -1 -2.952 -1 -3.268 -1 291
-3.11 -1 -2.692 -1 -2.788 -1 -3.124 -1 76
-2.956 -1 -2.578 -1 -2.862 -1 -3.234 -1 198
-3.048 -1 -2.688 -1 -2.9 -1 -3.224 -1 206
-3.062 -1 -2.682 -1 -2.722 -1 -3.158 -1 17
-2.94 -1 -2.628 -1 -2.822 -1 -3.152 -1 154
-2.987 -1 -2.556 -1 -2.57 -1 -3.082 -1 6
-2.826 -1 -2.494 -1 -2.522 -1 -3.03 -1 22
-2.776 -1 -2.438 -1 -2.66 -1 -3.08 -1 134
-2.87 -1 -2.514 -1 -2.764 -1 -3.13 -1 201
-2.947 -1 -2.536 -1 -2.622 -1 -3.046 -1 59
-2.834 -1 -2.48 -1 -2.488 -1 -2.998 -1 5
-2.743 -1 -2.45 -1 -2.69 -1 -3.088 -1 162
-2.889 -1 -2.504 -1 -2.786 -1 -3.13 -1 172
-2.958 -1 -2.608 -1 -2.91 -1 -3.286 -1 258
-3.098 -1 -2.72 -1 -2.954 -1 -3.214 -1 199
-3.084 -1 -2.688 -1 -2.91 -1 -3.17 -1 224
-3.04 -1 -2.666 -1 -2.924 -1 -3.256 -1 169
-3.09 -1 -2.73 -1 -3.044 -1 -3.288 -1 235
-3.166 -1 -2.78 -1 -3.066 -1 -3.312 -1 272
-3.189 -1 -2.768 -1 -3.062 -1 -3.326 -1 278
-3.194 -1 -2.76 -1 -2.96 -1 -3.316 -1 238
-3.138 -1 -2.788 -1 -2.948 -1 -3.286 -2 112
-3.117 -1 -2.756 -1 -3.022 -1 -3.284 -1 259
-3.153 -1 -2.74 -1 -2.96 -1 -3.284 -1 229
-3.122 -1 -2.76 -1 -2.884 -1 -3.258 -1 95
-3.071 -1 -2.646 -1 -2.972 -1 -3.264 -1 241
-3.118 -1 -2.666 -1 -3.098 -1 -3.358 -1 279
-3.228 -1 -2.78 -1 -3.06 -1 -3.408 -1 236
-3.234 -1 -2.816 -1 -2.916 -1 -3.318 -1 58
-3.117 -1 -2.72 -1 -2.864 -1 -3.194 -1 100
-3.029 -1 -2.662 -1 -2.91 -1 -3.23 -1 180
-3.07 -1 -2.706 -1 -3.042 -1 -3.332 -1 279
-3.187 -1 -2.806 -1 -3.066 -1 -3.428 -2 197
-3.247 -1 -2.84 -1 -3.07 -1 -3.316 -2 250
-3.193 -1 -2.794 -1 -2.832 -1 -3.21 -1 28
-3.021 -1 -2.702 -1 -2.958 -1 -3.248 -1 215
-3.103 -1 -2.7 -1 -2.834 -1 -3.296 -1 135
-3.065 -1 -2.698 -1 -2.828 -1 -3.226 -1 95
-3.027 -1 -2.666 -1 -2.966 -1 -3.32 -1 249
-3.143 -1 -2.698 -1 -2.824 -1 -3.228 -1 113
-3.026 -1 -2.658 -1 -2.718 -1 -3.196 -1 59
-2.957 -1 -2.648 -1 -2.942 -1 -3.272 -1 262
-3.107 -1 -2.686 -1 -2.898 -1 -3.18 -1 159
-3.039 -1 -2.662 -1 -2.91 -1 -3.274 -1 212
-3.092 -1 -2.722 -1 -2.936 -1 -3.294 -1 227
-3.115 -1 -2.77 -1 -3.004 -1 -3.342 -1 187
-3.173 -1 -2.824 -1 -2.998 -1 -3.348 -1 162
-3.173 -1 -2.77 -1 -2.912 -1 -3.23 -1 128
-3.071 -1 -2.696 -1 -2.89 -1 -3.248 -1 189
-3.069 -1 -2.736 -1 -2.892 -1 -3.298 -1 105
-3.095 -1 -2.71 -1 -2.776 -1 -3.156 -1 41
-2.966 -1 -2.64 -1 -2.702 -1 -3.108 -2 60
-2.905 -1 -2.576 -1 -2.902 -1 -3.306 -2 277
-3.104 -1 -2.716 -1 -2.954 -1 -3.288 -1 213
-3.121 -1 -2.714 -1 -3.002 -1 -3.368 -1 268
-3.185 -1 -2.772 -1 -3.02 -1 -3.31 -1 297
-3.165 -1 -2.77 -1 -2.966 -1 -3.268 -1 181
-3.117 -1 -2.678 -1 -3.002 -1 -3.308 -1 298
-3.155 -1 -2.708 -1 -3.01 -1 -3.37 -1 241
-3.19 -1 -2.794 -1 -3.126 -1 -3.392 -1 293
-3.259 -1 -2.82 -1 -3.022 -1 -3.354 -1 202
-3.188 -1 -2.792 -1 -2.936 -1 -3.28 -1 113
-3.108 -1 -2.752 -1 -2.76 -1 -3.186 -1 9
-2.973 -1 -2.648 -1 -2.922 -1 -3.288 -1 233
-3.105 -1 -2.688 -1 -3.052 -1 -3.422 -1 265
-3.237 -1 -2.82 -1 -2.874 -1 -3.186 -1 66
-3.03 -1 -2.696 -1 -2.976 -1 -3.328 -1 226
-3.152 -1 -2.766 -1 -2.766 -1 -3.21 -1 1
-2.988 -1 -2.638 -1 -3.014 -1 -3.304 -1 297
-3.159 -1 -2.758 -1 -2.98 -1 -3.31 -1 267
-3.145 -1 -2.758 -1 -2.852 -1 -3.208 -1 69
-3.03 -1 -2.654 -1 -2.654 -1 -3.112 -1 1
-2.883 -1 -2.562 -1 -2.89 -1 -3.262 -1 288
-3.076 -1 -2.726 -1 -2.958 -1 -3.288 -2 163
-3.123 -1 -2.748 -1 -3.006 -1 -3.318 -1 243
-3.162 -1 -2.758 -1 -3.002 -1 -3.3 -1 234
-3.151 -1 -2.726 -1 -2.84 -1 -3.228 -1 77
-3.034 -1 -2.654 -1 -2.952 -1 -3.326 -1 289
-3.139 -1 -2.738 -1 -2.928 -1 -3.232 -1 189
-3.08 -1 -2.708 -1 -2.9 -1 -3.256 -1 168
-3.078 -1 -2.64 -1 -2.934 -1 -3.194 -1 252
-3.064 -1 -2.69 -1 -2.942 -1 -3.302 -1 245
-3.122 -1 -2.732 -1 -2.804 -1 -3.156 -1 91
-2.98 -1 -2.628 -1 -2.878 -1 -3.192 -2 186
-3.035 -1 -2.622 -1 -2.91 -1 -3.276 -1 228
-3.093 -1 -2.7 -1 -2.952 -1 -3.272 -1 244
-3.112 -1 -2.722 -1 -2.84 -1 -3.324 -1 112
-3.082 -1 -2.716 -1 -2.876 -1 -3.234 -1 113
-3.055 -1 -2.666 -1 -2.992 -1 -3.214 -1 290
-3.103 -1 -2.716 -1 -3.046 -1 -3.302 -1 251
-3.174 -1 -2.772 -1 -2.836 -1 -3.142 -1 51
-2.989 -1 -2.594 -1 -2.75 -1 -3.15 -1 153
-2.95 -1 -2.6 -1 -2.716 -1 -3.15 -1 86
-2.933 -1 -2.59 -1 -2.892 -1 -3.206 -1 259
-3.049 -1 -2.652 -1 -2.928 -1 -3.222 -1 222
-3.075 -1 -2.692 -1 -2.87 -1 -3.202 -1 159
-3.036 -1 -2.644 -1 -2.708 -1 -3.144 -1 34
-2.926 -1 -2.528 -1 -2.602 -1 -3.05 -1 58
-2.826 -1 -2.504 -1 -2.768 -1 -3.124 -1 174
-2.946 -1 -2.584 -1 -2.76 -1 -3.146 -1 129
-2.953 -1 -2.574 -1 -2.938 -1 -3.16 -1 275
-3.049 -1 -2.616 -1 -2.7 -1 -3.138 -1 52
-2.919 -1 -2.534 -1 -2.634 -1 -3.034 -1 63
-2.834 -1 -2.488 -1 -2.768 -1 -3.138 -1 213
-2.953 -1 -2.562 -1 -2.752 -1 -3.108 -1 130
-2.93 -1 -2.556 -1 -2.67 -1 -3.084 -1 63
-2.877 -1 -2.48 -1 -2.668 -1 -3.056 -1 121
-2.862 -1 -2.488 -1 -2.756 -1 -3.064 -1 205
-2.91 -1 -2.528 -1 -2.864 -1 -3.162 -1 271
-3.013 -1 -2.61 -1 -2.822 -1 -3.184 -1 142
-3.003 -1 -2.596 -1 -2.886 -1 -3.198 -1 249
-3.042 -1 -2.634 -1 -2.776 -1 -3.162 -1 138
-2.969 -1 -2.62 -1 -2.632 -1 -3.012 -1 9
-2.822 -1 -2.482 -1 -2.796 -1 -3.14 -1 236
-2.968 -1 -2.552 -1 -2.866 -1 -3.212 -1 213
-3.039 -1 -2.624 -1 -2.91 -1 -3.274 -1 223
-3.092 -1 -2.716 -1 -2.878 -1 -3.248 -1 170
-3.063 -1 -2.714 -1 -2.916 -1 -3.216 -1 138
-3.066 -1 -2.662 -1 -2.84 -1 -3.15 -1 162
-2.995 -1 -2.598 -1 -2.864 -1 -3.256 -1 190
-3.06 -1 -2.646 -1 -2.83 -1 -3.16 -1 145
-2.995 -1 -2.636 -1 -2.778 -1 -3.136 -1 95
-2.957 -1 -2.588 -1 -2.73 -1 -3.076 -1 88
-2.903 -1 -2.534 -1 -2.734 -1 -3.126 -1 140
-2.93 -1 -2.584 -1 -2.806 -1 -3.246 -1 179
-3.026 -1 -2.626 -1 -2.656 -1 -3.04 -1 29
-2.848 -1 -2.496 -1 -2.844 -1 -3.21 -1 219
-3.027 -1 -2.636 -1 -2.832 -1 -3.152 -1 140
-2.992 -1 -2.582 -1 -2.694 -1 -3.102 -1 77
-2.898 -1 -2.544 -1 -2.698 -1 -3.146 -1 113
-2.922 -1 -2.564 -1 -2.712 -1 -3.156 -1 111
-2.934 -1 -2.562 -1 -2.944 -1 -3.266 -1 296
-3.105 -1 -2.694 -1 -2.824 -1 -3.132 -1 117
-2.978 -1 -2.594 -1 -2.808 -1 -3.158 -1 199
-2.983 -1 -2.542 -1 -2.752 -1 -3.198 -1 149
-2.975 -1 -2.554 -1 -2.922 -1 -3.226 -1 290
-3.074 -1 -2.654 -1 -2.77 -1 -3.226 -1 78
-2.998 -1 -2.624 -1 -2.688 -1 -3.124 0 70
