8 1000 0.4 5 13 0 0 0 0
-3.473 -1 -3.022 -1 -3.032 -1 -3.286 -1 13
-3.159 -1 -2.846 -1 -2.87 -1 -3.136 -1 53
-3.003 -1 -2.668 -1 -2.696 -1 -3.094 -1 26
-2.895 -1 -2.54 -1 -2.642 -1 -3.042 -1 104
-2.842 -1 -2.482 -1 -2.562 -1 -2.968 -1 78
-2.765 -1 -2.44 -1 -2.518 -1 -2.922 -1 59
-2.72 -1 -2.404 -1 -2.53 -1 -2.972 -1 111
-2.751 -1 -2.412 -1 -2.532 -1 -2.93 -1 120
-2.731 -1 -2.362 -1 -2.464 -1 -2.826 -1 89
-2.645 -1 -2.292 -1 -2.408 -1 -2.868 -1 73
-2.638 -1 -2.272 -1 -2.492 -1 -2.904 -1 143
-2.698 -1 -2.32 -1 -2.372 -1 -2.82 -1 33
-2.596 -1 -2.24 -1 -2.326 -1 -2.756 0 72
