9 1000 0.6 7 51 0 0 0 0
-3.689 -1 -3.254 -1 -3.33 -2 -3.462 -1 192
-3.396 -1 -2.992 -1 -3.238 -2 -3.456 -2 277
-3.347 -2 -2.958 -2 -3.112 -2 -3.386 -1 216
-3.249 -1 -2.834 -1 -2.966 -2 -3.282 -1 213
-3.124 -1 -2.738 -1 -2.946 -1 -3.244 -1 214
-3.095 -1 -2.662 -1 -2.772 -1 -3.082 -1 97
-2.927 -1 -2.562 -1 -2.656 -1 -3.048 -1 91
-2.852 -1 -2.474 -1 -2.692 -1 -3.07 -1 172
-2.881 -1 -2.514 -1 -2.618 -1 -3.082 -1 66
-2.85 -1 -2.454 -1 -2.806 -1 -3.088 -1 284
-2.947 -1 -2.496 -1 -2.818 -1 -3.158 -1 271
-2.988 -1 -2.582 -1 -2.842 -1 -3.204 -1 218
-3.023 -1 -2.594 -1 -2.858 -1 -3.18 -1 232
-3.019 -1 -2.594 -1 -2.836 -1 -3.076 -1 239
-2.956 -1 -2.544 -1 -2.642 -1 -3.062 -1 91
-2.852 -1 -2.466 -1 -2.698 -1 -3.06 -1 214
-2.879 -1 -2.492 -1 -2.798 -1 -3.084 -1 251
-2.941 -1 -2.498 -1 -2.748 -1 -3.092 -1 226
-2.92 -1 -2.5 -1 -2.706 -1 -3.108 -1 190
-2.907 -1 -2.524 -1 -2.67 -1 -3.11 -1 102
-2.89 -1 -2.478 -1 -2.662 -1 -3.082 -1 135
-2.872 -1 -2.458 -1 -2.636 -1 -3.06 -1 143
-2.848 -1 -2.462 -1 -2.778 -1 -3.132 -1 293
-2.955 -1 -2.568 -1 -2.776 -1 -3.168 -1 153
-2.972 -1 -2.52 -1 -2.534 -1 -3.008 -1 18
-2.771 -1 -2.436 -1 -2.484 -1 -2.928 -1 34
-2.706 -1 -2.352 -1 -2.478 -1 -2.962 -1 80
-2.72 -1 -2.354 -1 -2.51 -1 -2.956 -1 121
-2.733 -1 -2.346 -1 -2.542 -1 -2.97 -1 121
-2.756 -1 -2.366 -1 -2.432 -1 -2.894 -1 24
-2.663 -1 -2.28 -1 -2.384 -1 -2.852 -1 62
-2.618 -1 -2.246 -1 -2.576 -1 -2.98 -1 190
-2.778 -1 -2.36 -1 -2.662 -1 -2.978 -1 196
-2.82 -1 -2.346 -1 -2.566 -1 -2.942 -1 160
-2.754 -1 -2.344 -1 -2.668 -1 -3.028 -1 231
-2.848 -1 -2.434 -1 -2.456 -1 -2.842 -1 13
-2.649 -1 -2.29 -1 -2.554 -1 -2.916 -1 213
-2.735 -1 -2.324 -1 -2.454 -1 -2.878 -1 98
-2.666 -1 -2.292 -1 -2.51 -1 -2.902 -1 153
-2.706 -1 -2.31 -1 -2.698 -1 -3.058 -1 274
-2.878 -1 -2.428 -1 -2.556 -1 -2.986 -1 112
-2.771 -1 -2.322 -1 -2.632 -1 -2.978 -1 215
-2.805 -1 -2.366 -1 -2.572 -1 -3 -1 163
-2.786 -1 -2.406 -1 -2.62 -1 -2.982 -1 199
-2.801 -1 -2.388 -1 -2.642 -1 -3.022 -1 200
-2.832 -1 -2.43 -1 -2.624 -1 -2.968 -1 143
-2.796 -1 -2.378 -1 -2.51 -1 -2.986 -1 72
-2.748 -1 -2.356 -1 -2.44 -1 -2.854 -1 51
-2.647 -1 -2.254 -1 -2.648 -1 -2.948 -1 249
-2.798 -1 -2.39 -1 -2.416 -1 -2.89 -1 21
-2.653 -1 -2.284 -1 -2.55 0 -2.944 -1 232
