8 1000 0.1 5 39 0 0 0 0
-3.523 -1 -3.07 -1 -3.076 -1 -3.268 -1 11
-3.172 -1 -2.814 -1 -2.83 -1 -3.064 -1 15
-2.947 -1 -2.6 -1 -2.628 -1 -2.958 -1 31
-2.793 -1 -2.442 -1 -2.462 -1 -2.874 -1 18
-2.668 -1 -2.36 -1 -2.398 -1 -2.876 -1 41
-2.637 -1 -2.314 -1 -2.37 -1 -2.876 -1 46
-2.623 -1 -2.328 -1 -2.378 -1 -2.896 -1 32
-2.637 -1 -2.302 -1 -2.316 -1 -2.78 -1 8
-2.548 -1 -2.236 -1 -2.26 -1 -2.794 -1 19
-2.527 -1 -2.222 -1 -2.268 -1 -2.708 -1 23
-2.488 -1 -2.176 -1 -2.214 -1 -2.692 -1 24
-2.453 -1 -2.14 -1 -2.19 -1 -2.69 -1 38
-2.44 -1 -2.116 -1 -2.142 -1 -2.64 -1 16
-2.391 -1 -2.096 -1 -2.112 -1 -2.606 -1 26
-2.359 -1 -2.034 -1 -2.102 -1 -2.682 -1 42
-2.392 -1 -2.052 -1 -2.132 -1 -2.664 -1 42
-2.398 -1 -2.048 -1 -2.06 -1 -2.64 -1 20
-2.35 -1 -2.02 -1 -2.088 -1 -2.582 -1 38
-2.335 -1 -1.974 -1 -2.038 -1 -2.588 -1 47
-2.313 -1 -1.996 -1 -2.038 -1 -2.57 -1 27
-2.304 -1 -1.99 -1 -2.01 -1 -2.584 -1 15
-2.297 -1 -1.998 -1 -2.006 -1 -2.542 -1 5
-2.274 -1 -1.984 -1 -2.042 -1 -2.534 -1 32
-2.288 -1 -1.98 -1 -2.004 -1 -2.54 -1 13
-2.272 -1 -1.976 -1 -2.02 -1 -2.556 -1 17
-2.288 -1 -1.942 -1 -1.996 -1 -2.514 -1 22
-2.255 -1 -1.932 -1 -2 -1 -2.518 -1 44
-2.259 -1 -1.93 -1 -2.006 -1 -2.468 -1 49
-2.237 -1 -1.908 -1 -1.94 -1 -2.466 -1 21
-2.203 -1 -1.88 -1 -1.91 -1 -2.462 -1 19
-2.186 -1 -1.876 -1 -1.89 -1 -2.508 -1 8
-2.199 -1 -1.928 -1 -1.98 -1 -2.51 -1 34
-2.245 -1 -1.922 -1 -1.958 -1 -2.438 -1 17
-2.198 -1 -1.94 -1 -2.01 -1 -2.518 -1 46
-2.264 -1 -1.926 -1 -1.98 -1 -2.518 -1 44
-2.249 -1 -1.924 -1 -1.956 -1 -2.48 -1 16
-2.218 -1 -1.886 -1 -1.952 -1 -2.45 -1 47
-2.201 -1 -1.9 -1 -1.904 -1 -2.432 -1 1
-2.168 -1 -1.88 -1 -1.914 -1 -2.42 0 15
