8 1000 0.7 4 26 0 0 0 0
-3.417 -1 -3.034 -1 -3.132 -1 -3.232 -1 151
-3.182 -1 -2.806 -1 -2.922 -1 -3.232 -1 170
-3.077 -1 -2.774 -1 -2.896 -1 -3.126 -1 140
-3.011 -1 -2.72 -1 -2.724 -1 -3.036 -1 14
-2.88 -1 -2.556 -1 -2.6 -1 -2.968 -1 53
-2.784 -1 -2.488 -1 -2.624 -1 -2.92 -1 99
-2.772 -1 -2.434 -1 -2.658 -1 -3.016 -1 199
-2.837 -1 -2.496 -1 -2.716 -1 -3 -1 179
-2.858 -1 -2.514 -1 -2.652 -1 -2.9 -1 130
-2.776 -1 -2.452 -1 -2.558 -1 -2.918 -1 100
-2.738 -1 -2.398 -1 -2.588 -1 -2.932 -1 156
-2.76 -1 -2.422 -1 -2.684 -1 -3.034 -1 230
-2.859 -1 -2.534 -1 -2.748 -1 -3.024 -1 224
-2.886 -1 -2.532 -1 -2.732 -1 -3.072 -1 190
-2.902 -1 -2.556 -1 -2.728 -1 -2.994 -1 173
-2.861 -1 -2.532 -1 -2.794 -1 -3.078 -1 343
-2.936 -1 -2.56 -1 -2.596 -1 -3.002 -1 44
-2.799 -1 -2.476 -1 -2.518 -1 -2.918 -1 36
-2.718 -1 -2.386 -1 -2.7 -1 -2.962 -1 303
-2.831 -1 -2.45 -1 -2.744 -1 -2.982 -1 233
-2.863 -1 -2.49 -1 -2.608 -1 -2.906 -1 131
-2.757 -1 -2.4 -1 -2.696 -1 -3.018 -1 296
-2.857 -1 -2.528 -1 -2.592 -1 -2.97 -1 41
-2.781 -1 -2.424 -1 -2.464 -1 -2.946 -1 47
-2.705 -1 -2.378 -1 -2.456 -1 -2.922 -1 55
-2.689 -1 -2.37 -1 -2.662 -1 -2.94 0 238
