10 1000 1 6 885 0 0 0 0
-3.82 -2 -3.322 -2 -3.622 -2 -3.63 -1 497
-3.626 -1 -3.214 -1 -3.45 -1 -3.572 -2 336
-3.511 -1 -3.066 -1 -3.384 -1 -3.528 -1 439
-3.456 -1 -3.06 -1 -3.08 -1 -3.402 -2 8
-3.241 -1 -2.852 -1 -2.962 -1 -3.396 -2 89
-3.179 -1 -2.844 -1 -3.176 -1 -3.47 -2 400
-3.323 -1 -2.93 -1 -3.272 -1 -3.418 -1 410
-3.345 -1 -2.918 -1 -3.108 -1 -3.382 -1 207
-3.245 -1 -2.85 -1 -3.02 -1 -3.404 -2 160
-3.212 -1 -2.856 -1 -2.9 -1 -3.238 -1 84
-3.069 -1 -2.702 -1 -3.062 -1 -3.318 -2 335
-3.19 -1 -2.838 -1 -2.996 -1 -3.332 -1 165
-3.164 -1 -2.782 -1 -2.87 -1 -3.23 -1 53
-3.05 -1 -2.654 -1 -2.894 -1 -3.184 -1 211
-3.039 -1 -2.648 -1 -3.114 -1 -3.452 -1 436
-3.283 -1 -2.864 -1 -3.07 -1 -3.33 -1 210
-3.2 -1 -2.804 -1 -3.268 -1 -3.51 -1 491
-3.389 -1 -2.954 -1 -3.292 -1 -3.514 -1 367
-3.403 -1 -2.956 -1 -3.292 -1 -3.504 -1 368
-3.398 -1 -2.952 -1 -3.174 -1 -3.44 -1 198
-3.307 -1 -2.918 -1 -2.98 -1 -3.36 -1 57
-3.17 -1 -2.792 -1 -3.08 -1 -3.404 -1 222
-3.242 -1 -2.794 -1 -3.122 -1 -3.426 -1 325
-3.274 -1 -2.826 -1 -2.978 -1 -3.32 -2 142
-3.149 -1 -2.752 -1 -3.114 -2 -3.396 -1 431
-3.255 -1 -2.832 -1 -3.074 -1 -3.342 -1 255
-3.208 -1 -2.81 -1 -3.006 -1 -3.342 -1 175
-3.174 -1 -2.73 -1 -2.732 -1 -3.202 -1 7
-2.967 -1 -2.572 -1 -2.974 -1 -3.35 -1 316
-3.162 -1 -2.77 -1 -3.23 -1 -3.452 -1 447
-3.341 -1 -2.902 -1 -3.05 -1 -3.318 -1 161
-3.184 -1 -2.776 -1 -3.096 -1 -3.338 -1 253
-3.217 -1 -2.756 -1 -2.792 -1 -3.21 -1 40
-3.001 -1 -2.604 -1 -2.81 -1 -3.144 -1 146
-2.977 -1 -2.576 -1 -3.068 -1 -3.328 -1 414
-3.198 -1 -2.742 -1 -2.81 -1 -3.18 -1 64
-2.995 -1 -2.61 -1 -2.85 -1 -3.18 -1 203
-3.015 -1 -2.608 -1 -2.666 -1 -3.144 -1 39
-2.905 -1 -2.52 -1 -3.122 -1 -3.402 -1 473
-3.262 -1 -2.782 -1 -3.184 -1 -3.432 -1 442
-3.308 -1 -2.868 -1 -3.288 -1 -3.474 -1 482
-3.381 -1 -2.948 -1 -3.1 -1 -3.394 -2 193
-3.247 -1 -2.836 -1 -3.252 -1 -3.412 -1 441
-3.332 -1 -2.918 -1 -3.298 -1 -3.448 -1 479
-3.373 -1 -2.952 -1 -2.976 -1 -3.264 -2 25
-3.12 -1 -2.722 -1 -2.84 -1 -3.228 -1 99
-3.034 -1 -2.67 -1 -2.83 -1 -3.17 -1 121
-3 -1 -2.634 -1 -3.018 -2 -3.33 -2 307
-3.174 -2 -2.744 -2 -2.81 -2 -3.228 -1 89
-3.019 -1 -2.62 -1 -3.17 -1 -3.39 -1 492
-3.28 -1 -2.844 -1 -3.036 -1 -3.384 -1 191
-3.21 -1 -2.806 -1 -3.16 -2 -3.386 -1 311
-3.273 -1 -2.882 -1 -3.236 -2 -3.478 -1 380
-3.357 -1 -2.906 -1 -3.3 -1 -3.542 -1 427
-3.421 -1 -2.962 -1 -3.21 -1 -3.468 -2 281
-3.339 -1 -2.924 -1 -3.23 -1 -3.442 -1 365
-3.336 -1 -2.892 -1 -2.942 -1 -3.294 -1 53
-3.118 -1 -2.724 -1 -3.156 -2 -3.364 -1 422
-3.26 -1 -2.846 -1 -2.918 -1 -3.25 -1 58
-3.084 -1 -2.69 -1 -2.866 -1 -3.266 -1 136
-3.066 -1 -2.634 -1 -3.046 -1 -3.364 -1 314
-3.205 -1 -2.776 -1 -3.136 -1 -3.4 -1 400
-3.268 -1 -2.862 -1 -3.188 -2 -3.44 -2 409
-3.314 -2 -2.882 -2 -3.06 -2 -3.374 -1 205
-3.217 -1 -2.806 -1 -3.014 -1 -3.306 -1 173
-3.16 -1 -2.754 -1 -3.07 -1 -3.41 -1 329
-3.24 -1 -2.83 -1 -3.25 -1 -3.476 -1 456
-3.363 -1 -2.938 -1 -3.198 -1 -3.442 -1 266
-3.32 -1 -2.884 -1 -2.912 -1 -3.242 -1 28
-3.077 -1 -2.686 -1 -3.168 -1 -3.418 -1 444
-3.293 -1 -2.86 -1 -3.228 -1 -3.474 -1 396
-3.351 -1 -2.934 -1 -3.05 -1 -3.332 -1 71
-3.191 -1 -2.81 -1 -3.084 -1 -3.37 -1 223
-3.227 -1 -2.852 -1 -2.992 -1 -3.28 -1 111
-3.136 -1 -2.738 -1 -3.266 -1 -3.46 -1 485
-3.363 -1 -2.928 -1 -3.016 -1 -3.304 -1 103
-3.16 -1 -2.752 -1 -3.188 -1 -3.438 -2 483
-3.313 -1 -2.902 -1 -3.252 -2 -3.45 -1 414
-3.351 -1 -2.916 -1 -3.202 -1 -3.402 -2 352
-3.302 -1 -2.882 -1 -3.222 -1 -3.414 -1 485
-3.318 -1 -2.882 -1 -3.332 -1 -3.582 -1 461
-3.457 -1 -3.026 -1 -3.026 -1 -3.326 -1 1
-3.176 -1 -2.784 -1 -3.24 -1 -3.48 -1 419
-3.36 -1 -2.908 -1 -3.17 -1 -3.4 -1 337
-3.285 -1 -2.86 -1 -3.12 -1 -3.408 -1 253
-3.264 -1 -2.846 -1 -3.206 -1 -3.492 -1 468
-3.349 -1 -2.926 -1 -3.256 -1 -3.45 -1 483
-3.353 -1 -2.914 -1 -3.246 -1 -3.398 -1 330
-3.322 -1 -2.89 -1 -2.908 -1 -3.29 -1 15
-3.099 -1 -2.712 -1 -3.028 -1 -3.364 -2 280
-3.196 -1 -2.738 -1 -3.002 -1 -3.348 -1 253
-3.175 -1 -2.776 -1 -3.088 -1 -3.34 -1 318
-3.214 -1 -2.806 -1 -3.038 -1 -3.354 -1 261
-3.196 -1 -2.784 -1 -3.19 -1 -3.434 -1 492
-3.312 -1 -2.868 -1 -2.972 -1 -3.314 -1 76
-3.143 -1 -2.718 -1 -2.92 -1 -3.226 -1 155
-3.073 -1 -2.69 -1 -2.86 -1 -3.25 -1 110
-3.055 -1 -2.656 -1 -3.026 -1 -3.362 -2 309
-3.194 -1 -2.766 -1 -3.022 -1 -3.298 -1 290
-3.16 -1 -2.736 -1 -2.988 -1 -3.288 -1 233
-3.138 -1 -2.7 -1 -3.15 -1 -3.386 -2 451
-3.268 -1 -2.81 -1 -3.07 -1 -3.402 -1 255
-3.236 -1 -2.8 -1 -3.206 -1 -3.45 -1 386
-3.328 -1 -2.916 -1 -3.362 -1 -3.532 -1 479
-3.447 -1 -3.01 -1 -3.31 -1 -3.484 -1 371
-3.397 -1 -2.958 -1 -3.328 -1 -3.492 -1 465
-3.41 -1 -3.008 -1 -3.2 -1 -3.454 -1 205
-3.327 -1 -2.884 -1 -3.172 -1 -3.506 -1 328
-3.339 -1 -2.912 -1 -2.936 -1 -3.272 -1 20
-3.104 -1 -2.75 -1 -2.94 -1 -3.332 -1 160
-3.136 -1 -2.768 -1 -2.912 -1 -3.282 -2 117
-3.097 -1 -2.704 -1 -3.178 -1 -3.496 -1 435
-3.337 -1 -2.85 -1 -3.018 -1 -3.352 -1 159
-3.185 -1 -2.762 -1 -3.176 -1 -3.394 -1 454
-3.285 -1 -2.818 -1 -3.108 -1 -3.384 -1 308
-3.246 -1 -2.796 -1 -3.178 -1 -3.422 -1 318
-3.3 -1 -2.942 -1 -3.168 -1 -3.386 -1 228
-3.277 -1 -2.848 -1 -3.03 -1 -3.398 -1 185
-3.214 -1 -2.84 -1 -3.254 -1 -3.502 -1 457
-3.378 -1 -2.95 -1 -3.33 -1 -3.488 -1 439
-3.409 -1 -2.932 -1 -2.944 -1 -3.342 -1 16
-3.143 -1 -2.746 -1 -3.044 -1 -3.282 -1 229
-3.163 -1 -2.76 -1 -3.222 -1 -3.442 -1 495
-3.332 -1 -2.898 -1 -3.224 -1 -3.438 -1 436
-3.331 -1 -2.892 -1 -3.096 -1 -3.378 -2 192
-3.237 -1 -2.842 -1 -3.138 -1 -3.366 -1 402
-3.252 -1 -2.82 -1 -3.108 -1 -3.422 -2 277
-3.265 -1 -2.874 -1 -3.144 -1 -3.422 -2 285
-3.283 -1 -2.852 -1 -3.32 -2 -3.462 -1 460
-3.391 -1 -2.92 -1 -3.186 -1 -3.384 -1 350
-3.285 -1 -2.826 -1 -3.19 -1 -3.428 -2 410
-3.309 -1 -2.842 -1 -3.234 -1 -3.404 -1 436
-3.319 -1 -2.886 -1 -3.006 -1 -3.398 -2 204
-3.202 -1 -2.758 -1 -3.248 -1 -3.45 -2 486
-3.349 -1 -2.93 -1 -3.274 -1 -3.402 -1 430
-3.338 -1 -2.94 -1 -3.25 -1 -3.456 -1 462
-3.353 -1 -2.934 -1 -3.304 -1 -3.564 -2 482
-3.434 -1 -2.978 -1 -3.23 -1 -3.5 -2 291
-3.365 -1 -2.962 -1 -2.974 -1 -3.31 -1 25
-3.142 -1 -2.808 -1 -3.242 -1 -3.412 -1 424
-3.327 -1 -2.9 -1 -3.27 -1 -3.404 -1 362
-3.337 -1 -2.918 -1 -3.208 -1 -3.362 -1 346
-3.285 -1 -2.824 -1 -3.182 -1 -3.388 -2 368
-3.285 -1 -2.896 -1 -3.048 -1 -3.29 -1 171
-3.169 -1 -2.746 -1 -2.824 -1 -3.302 -1 65
-3.063 -1 -2.714 -1 -3.086 -1 -3.446 -2 361
-3.266 -1 -2.836 -1 -2.978 -1 -3.334 -1 156
-3.156 -1 -2.768 -1 -3.052 -1 -3.27 -1 240
-3.161 -1 -2.75 -1 -2.92 -1 -3.218 -2 128
-3.069 -1 -2.64 -1 -2.99 -1 -3.242 -1 259
-3.116 -1 -2.678 -1 -2.83 -1 -3.202 -1 118
-3.016 -1 -2.648 -1 -2.888 -1 -3.244 -1 173
-3.066 -1 -2.676 -1 -3.118 -1 -3.428 -1 454
-3.273 -1 -2.822 -1 -3.182 -1 -3.412 -1 465
-3.297 -1 -2.876 -1 -3.02 -1 -3.336 -1 156
-3.178 -1 -2.754 -1 -3.032 -1 -3.38 -1 280
-3.206 -1 -2.81 -1 -3.318 -2 -3.504 -1 492
-3.411 -1 -2.936 -1 -3.354 -1 -3.482 -1 491
-3.418 -1 -3 -1 -3 -1 -3.308 -1 2
-3.154 -1 -2.76 -1 -3.18 -1 -3.514 -1 477
-3.347 -1 -2.936 -1 -3.094 -1 -3.374 -1 193
-3.234 -1 -2.854 -1 -3.094 -1 -3.412 -1 238
-3.253 -1 -2.836 -1 -2.87 -1 -3.19 -1 31
-3.03 -1 -2.688 -1 -2.828 -1 -3.21 -1 96
-3.019 -1 -2.656 -1 -2.882 -1 -3.268 -1 162
-3.075 -1 -2.646 -1 -2.928 -1 -3.172 -1 198
-3.05 -1 -2.642 -1 -3.114 -1 -3.432 -2 433
-3.273 -1 -2.804 -1 -2.856 -1 -3.23 -2 33
-3.043 -1 -2.654 -1 -2.78 -1 -3.15 -1 93
-2.965 -1 -2.624 -1 -2.804 -1 -3.196 -2 139
-3 -1 -2.64 -1 -3.136 -1 -3.4 -2 483
-3.268 -1 -2.83 -1 -3.124 -1 -3.35 -1 368
-3.237 -1 -2.836 -1 -2.928 -1 -3.29 -1 64
-3.109 -1 -2.744 -1 -3.06 -1 -3.312 -1 297
-3.186 -1 -2.774 -1 -3.198 -1 -3.448 -1 490
-3.323 -1 -2.906 -1 -3.212 -1 -3.488 -1 413
-3.35 -1 -2.938 -1 -3.05 -1 -3.306 -1 117
-3.178 -1 -2.764 -1 -2.764 -1 -3.114 -1 0
-2.939 -1 -2.55 -1 -3.034 -1 -3.37 -1 395
-3.202 -1 -2.736 -1 -3.138 -1 -3.388 -1 452
-3.263 -1 -2.81 -1 -2.936 -1 -3.314 -1 106
-3.125 -1 -2.744 -1 -3.082 -1 -3.376 -1 340
-3.229 -1 -2.832 -1 -3.182 -1 -3.402 -1 409
-3.292 -1 -2.892 -1 -3.238 -1 -3.464 -2 382
-3.351 -1 -2.938 -1 -3.028 -1 -3.358 -1 70
-3.193 -1 -2.816 -1 -3.174 -1 -3.372 -1 401
-3.273 -1 -2.816 -1 -3.136 -1 -3.422 -1 370
-3.279 -1 -2.844 -1 -2.988 -1 -3.274 -1 168
-3.131 -1 -2.728 -1 -2.846 -1 -3.214 -1 124
-3.03 -1 -2.64 -1 -2.756 -1 -3.248 -1 92
-3.002 -1 -2.626 -1 -2.968 -1 -3.292 -1 270
-3.13 -1 -2.694 -1 -3.184 -1 -3.372 -1 484
-3.278 -1 -2.824 -1 -3.22 -2 -3.43 -1 461
-3.325 -1 -2.86 -1 -2.898 -1 -3.288 -2 24
-3.093 -1 -2.742 -1 -3.076 -1 -3.426 -1 341
-3.251 -1 -2.802 -1 -3.206 -1 -3.458 -2 463
-3.332 -1 -2.886 -1 -3.092 -1 -3.378 -1 250
-3.235 -1 -2.822 -1 -2.992 -1 -3.264 -1 129
-3.128 -1 -2.712 -1 -3.028 -1 -3.31 -1 325
-3.169 -1 -2.77 -1 -3.21 -1 -3.442 -2 456
-3.326 -1 -2.876 -1 -3.16 -1 -3.4 -2 332
-3.28 -1 -2.86 -1 -3.082 -1 -3.336 -1 263
-3.209 -1 -2.784 -1 -2.808 -1 -3.218 -1 33
-3.013 -1 -2.646 -1 -2.816 -1 -3.27 -2 137
-3.043 -1 -2.668 -1 -3.156 -1 -3.432 -1 438
-3.294 -1 -2.822 -1 -3.292 -1 -3.484 -1 398
-3.388 -1 -2.896 -1 -3.114 -1 -3.382 -1 268
-3.248 -1 -2.836 -1 -3.302 -1 -3.482 -1 487
-3.392 -1 -2.894 -1 -2.906 -1 -3.312 -1 11
-3.109 -1 -2.744 -1 -3.1 -1 -3.366 -1 317
-3.233 -1 -2.806 -1 -2.976 -1 -3.27 -1 177
-3.123 -1 -2.728 -1 -2.742 -1 -3.256 -1 9
-2.999 -1 -2.626 -1 -3.054 -1 -3.416 -1 431
-3.235 -1 -2.786 -1 -3.196 -1 -3.446 -1 363
-3.321 -1 -2.884 -1 -3.184 -1 -3.454 -1 289
-3.319 -1 -2.91 -1 -3.134 -1 -3.42 -2 274
-3.277 -1 -2.838 -1 -2.868 -1 -3.16 -1 17
-3.014 -1 -2.684 -1 -2.706 -1 -3.118 -1 28
-2.912 -1 -2.614 -1 -3.128 -1 -3.404 -1 464
-3.266 -1 -2.8 -1 -2.908 -1 -3.242 -1 122
-3.075 -1 -2.624 -1 -2.628 -1 -3.098 -1 7
-2.863 -1 -2.484 -1 -2.648 -1 -3.052 -1 111
-2.85 -1 -2.476 -1 -3.038 -1 -3.29 -1 481
-3.164 -1 -2.738 -1 -3.142 -1 -3.382 -1 390
-3.262 -1 -2.814 -1 -3.198 -1 -3.438 -1 395
-3.318 -1 -2.9 -1 -3.054 -1 -3.416 -2 136
-3.235 -1 -2.834 -1 -2.946 -1 -3.19 -1 129
-3.068 -1 -2.696 -1 -2.996 -1 -3.384 -1 240
-3.19 -1 -2.766 -1 -3.116 -1 -3.352 -2 317
-3.234 -1 -2.792 -1 -3.148 -1 -3.462 -1 433
-3.305 -1 -2.834 -1 -2.952 -1 -3.294 -1 123
-3.123 -1 -2.742 -1 -2.768 -1 -3.232 -1 29
-3 -1 -2.63 -1 -2.848 -1 -3.238 -1 186
-3.043 -1 -2.64 -1 -3.194 -1 -3.414 -1 491
-3.304 -1 -2.878 -1 -3.036 -1 -3.298 -1 168
-3.167 -1 -2.71 -1 -3.208 -1 -3.48 -2 443
-3.344 -1 -2.912 -1 -2.954 -1 -3.354 -1 40
-3.154 -1 -2.778 -1 -2.832 -1 -3.186 -1 71
-3.009 -1 -2.652 -1 -3.03 -1 -3.374 -2 379
-3.202 -1 -2.816 -1 -3.146 -1 -3.428 -1 418
-3.287 -1 -2.868 -1 -3.272 -1 -3.456 -1 485
-3.364 -1 -2.908 -1 -3.106 -1 -3.304 -1 233
-3.205 -1 -2.762 -1 -2.798 -1 -3.25 -2 61
-3.024 -1 -2.694 -1 -2.854 -1 -3.168 -1 145
-3.011 -1 -2.638 -1 -3.1 -1 -3.412 -1 480
-3.256 -1 -2.814 -1 -3.044 -1 -3.35 -1 221
-3.197 -1 -2.812 -1 -3.18 -1 -3.422 -1 380
-3.301 -1 -2.846 -1 -3.004 -1 -3.356 -2 161
-3.18 -1 -2.766 -1 -3.088 -1 -3.39 -2 342
-3.239 -1 -2.826 -1 -3.066 -1 -3.402 -1 254
-3.234 -1 -2.862 -1 -2.988 -1 -3.306 -1 89
-3.147 -1 -2.732 -1 -3.154 -1 -3.4 -1 449
-3.277 -1 -2.846 -1 -3.224 -1 -3.494 -1 457
-3.359 -1 -2.952 -1 -3.19 -1 -3.448 -2 252
-3.319 -1 -2.92 -1 -3.268 -1 -3.434 -2 481
-3.351 -1 -2.88 -1 -2.962 -1 -3.27 -1 68
-3.116 -1 -2.756 -1 -3.152 -2 -3.434 -1 395
-3.293 -1 -2.872 -1 -3.182 -1 -3.396 -2 343
-3.289 -1 -2.878 -1 -3.108 -2 -3.43 -1 288
-3.269 -1 -2.858 -1 -2.986 -1 -3.34 -1 118
-3.163 -1 -2.804 -1 -2.808 -1 -3.226 -1 1
-3.017 -1 -2.682 -1 -2.748 -1 -3.1 -1 50
-2.924 -1 -2.566 -1 -2.806 -1 -3.238 -2 199
-3.022 -1 -2.612 -1 -2.97 -1 -3.262 -1 276
-3.116 -1 -2.68 -1 -3.038 -1 -3.358 -1 310
-3.198 -1 -2.762 -1 -3.222 -1 -3.374 -1 417
-3.298 -1 -2.832 -1 -3.17 -1 -3.456 -1 394
-3.313 -1 -2.896 -1 -2.998 -1 -3.256 -1 93
-3.127 -1 -2.74 -1 -2.976 -1 -3.298 -1 180
-3.137 -1 -2.734 -1 -2.838 -1 -3.232 -1 94
-3.035 -1 -2.67 -1 -3.214 -1 -3.522 -1 483
-3.368 -1 -2.924 -1 -3.216 -1 -3.498 -1 369
-3.357 -1 -2.874 -1 -3.18 -1 -3.502 -1 278
-3.341 -1 -2.89 -1 -2.992 -1 -3.35 -1 104
-3.171 -1 -2.732 -1 -2.922 -1 -3.35 -2 164
-3.136 -1 -2.738 -1 -3.162 -1 -3.43 -2 476
-3.296 -1 -2.834 -1 -3.192 -1 -3.434 -1 374
-3.313 -1 -2.906 -1 -3.254 -1 -3.472 -2 344
-3.363 -1 -2.95 -1 -3.086 -1 -3.394 -1 141
-3.24 -1 -2.834 -1 -2.844 -1 -3.256 -1 8
-3.05 -1 -2.708 -1 -2.98 -1 -3.27 -1 271
-3.125 -1 -2.732 -1 -3.208 -1 -3.448 -1 431
-3.328 -1 -2.856 -1 -3.106 -1 -3.368 -1 329
-3.237 -1 -2.834 -1 -2.974 -1 -3.26 -1 100
-3.117 -1 -2.768 -1 -2.79 -1 -3.172 -1 31
-2.981 -1 -2.604 -1 -2.668 -1 -3.086 -1 63
-2.877 -1 -2.542 -1 -2.986 -1 -3.262 -1 322
-3.124 -1 -2.696 -1 -2.824 -1 -3.206 -1 125
-3.015 -1 -2.632 -1 -2.93 -1 -3.218 -1 237
-3.074 -1 -2.66 -1 -2.784 -1 -3.204 -1 105
-2.994 -1 -2.568 -1 -3.11 -1 -3.322 -1 481
-3.216 -1 -2.746 -1 -2.958 -1 -3.28 -1 190
-3.119 -1 -2.712 -1 -2.774 -1 -3.2 -1 40
-2.987 -1 -2.616 -1 -2.98 -1 -3.348 -1 290
-3.164 -1 -2.708 -1 -3.008 -1 -3.276 -1 258
-3.142 -1 -2.71 -1 -3.188 -1 -3.38 -1 466
-3.284 -1 -2.828 -1 -3.092 -1 -3.42 -1 269
-3.256 -1 -2.832 -1 -3.01 -1 -3.36 -2 174
-3.185 -1 -2.738 -1 -3.186 -1 -3.504 -2 452
-3.345 -1 -2.918 -1 -3.248 -1 -3.434 -1 412
-3.341 -1 -2.91 -1 -3.24 -1 -3.424 -1 426
-3.332 -1 -2.876 -1 -2.92 -1 -3.278 -1 43
-3.099 -1 -2.724 -1 -3.046 -1 -3.434 -1 232
-3.24 -1 -2.796 -1 -2.962 -1 -3.26 -1 164
-3.111 -1 -2.688 -1 -2.982 -1 -3.284 -1 241
-3.133 -1 -2.744 -1 -3.288 -2 -3.474 -1 494
-3.381 -1 -2.904 -1 -3.298 -1 -3.448 -1 430
-3.373 -1 -2.96 -1 -3.322 -1 -3.49 -2 418
-3.406 -1 -3 -1 -3.22 -2 -3.494 -2 241
-3.357 -2 -2.908 -2 -3.138 -2 -3.414 -2 262
-3.276 -2 -2.892 -2 -3.286 -2 -3.446 -2 437
-3.366 -2 -2.96 -2 -3.272 -2 -3.444 -1 396
-3.358 -1 -2.944 -1 -3.304 -1 -3.506 -1 460
-3.405 -1 -2.952 -1 -3.162 -1 -3.466 -1 323
-3.314 -1 -2.874 -1 -3.126 -1 -3.418 -1 274
-3.272 -1 -2.826 -1 -2.924 -1 -3.338 -1 99
-3.131 -1 -2.788 -1 -3.122 -1 -3.44 -1 374
-3.281 -1 -2.88 -1 -2.94 -1 -3.288 -1 45
-3.114 -1 -2.75 -1 -3.118 -1 -3.296 -1 330
-3.207 -1 -2.77 -1 -3.04 -1 -3.304 -1 232
-3.172 -1 -2.742 -1 -2.764 -1 -3.214 -1 15
-2.989 -1 -2.656 -1 -2.946 -1 -3.328 -1 274
-3.137 -1 -2.694 -1 -2.752 -1 -3.192 -1 40
-2.972 -1 -2.6 -1 -3.046 -1 -3.28 -1 411
-3.163 -1 -2.722 -1 -3.084 -1 -3.394 -1 316
-3.239 -1 -2.8 -1 -2.81 -1 -3.25 -1 7
-3.03 -1 -2.658 -1 -2.778 -1 -3.208 -1 108
-2.993 -1 -2.618 -1 -2.928 -1 -3.27 -1 232
-3.099 -1 -2.682 -1 -2.728 -1 -3.154 -1 69
-2.941 -1 -2.572 -1 -2.6 -1 -3.126 -1 21
-2.863 -1 -2.53 -1 -3.08 -1 -3.282 -1 476
-3.181 -1 -2.732 -1 -3 -1 -3.234 -1 293
-3.117 -1 -2.682 -1 -2.968 -1 -3.274 -1 249
-3.121 -1 -2.682 -1 -2.684 -1 -3.142 -1 3
-2.913 -1 -2.57 -1 -2.74 -1 -3.136 -1 110
-2.938 -1 -2.576 -1 -2.624 -1 -3.086 -1 43
-2.855 -1 -2.488 -1 -3.08 -1 -3.38 -1 472
-3.23 -1 -2.758 -1 -2.866 -1 -3.254 -2 135
-3.06 -1 -2.712 -1 -3.066 -1 -3.334 -1 310
-3.2 -1 -2.756 -1 -2.816 -1 -3.196 -1 44
-3.006 -1 -2.636 -1 -3.1 -1 -3.404 -1 395
-3.252 -1 -2.816 -1 -3.246 -1 -3.408 -1 454
-3.327 -1 -2.882 -1 -3.158 -1 -3.4 -1 296
-3.279 -1 -2.842 -1 -2.964 -1 -3.284 -1 112
-3.124 -1 -2.71 -1 -2.954 -1 -3.292 -1 212
-3.123 -1 -2.742 -1 -3.084 -1 -3.33 -1 312
-3.207 -1 -2.774 -1 -3.174 -1 -3.362 -1 454
-3.268 -1 -2.82 -1 -2.912 -1 -3.254 -1 86
-3.083 -1 -2.674 -1 -2.746 -1 -3.232 -1 55
-2.989 -1 -2.636 -1 -3.14 -1 -3.43 -1 419
-3.285 -1 -2.852 -1 -3.04 -1 -3.364 -1 198
-3.202 -1 -2.776 -1 -3.226 -1 -3.46 -1 486
-3.343 -1 -2.834 -1 -3.08 -1 -3.41 -2 320
-3.245 -1 -2.798 -1 -2.8 -1 -3.178 -1 2
-2.989 -1 -2.624 -1 -2.83 -1 -3.23 -1 168
-3.03 -1 -2.65 -1 -2.664 -1 -3.19 -2 10
-2.927 -1 -2.58 -1 -2.86 -1 -3.218 -1 226
-3.039 -1 -2.63 -1 -2.902 -1 -3.268 -1 210
-3.085 -1 -2.628 -1 -2.896 -1 -3.296 -1 243
-3.096 -1 -2.678 -1 -2.718 -1 -3.164 -1 33
-2.941 -1 -2.566 -1 -2.78 -1 -3.148 -2 161
-2.964 -1 -2.578 -1 -2.976 -1 -3.31 -1 302
-3.143 -1 -2.696 -1 -2.776 -1 -3.15 -1 74
-2.963 -1 -2.59 -1 -2.774 -1 -3.158 -1 178
-2.966 -1 -2.576 -1 -2.956 -1 -3.276 -2 265
-3.116 -1 -2.69 -1 -2.944 -1 -3.326 -1 210
-3.135 -1 -2.756 -1 -3.148 -1 -3.432 -1 418
-3.29 -1 -2.844 -1 -3.07 -1 -3.366 -1 232
-3.218 -1 -2.82 -1 -2.958 -1 -3.25 -1 92
-3.104 -1 -2.696 -1 -3.144 -1 -3.37 -1 433
-3.257 -1 -2.77 -1 -3.124 -1 -3.458 -1 371
-3.291 -1 -2.868 -1 -2.89 -1 -3.258 -2 18
-3.074 -1 -2.704 -1 -2.742 -1 -3.19 -1 45
-2.966 -1 -2.618 -1 -2.93 -1 -3.274 -1 283
-3.102 -1 -2.724 -1 -3.056 -1 -3.366 -2 329
-3.211 -1 -2.762 -1 -3.244 -1 -3.478 -1 494
-3.361 -1 -2.91 -1 -3.212 -1 -3.472 -1 280
-3.342 -1 -2.896 -1 -3.238 -1 -3.516 -1 421
-3.377 -1 -2.932 -1 -2.944 -1 -3.262 -1 32
-3.103 -1 -2.708 -1 -2.856 -1 -3.214 -2 150
-3.035 -1 -2.698 -1 -2.796 -1 -3.22 -1 86
-3.008 -1 -2.612 -1 -3.052 -1 -3.368 -1 422
-3.21 -1 -2.764 -1 -2.91 -1 -3.26 -1 137
-3.085 -1 -2.732 -1 -3.044 -1 -3.314 -1 244
-3.179 -1 -2.788 -1 -2.864 -1 -3.232 -1 42
-3.048 -1 -2.682 -1 -3.124 -1 -3.368 -1 400
-3.246 -1 -2.82 -1 -2.82 -1 -3.246 -1 3
-3.033 -1 -2.65 -1 -3.062 -1 -3.35 -1 440
-3.206 -1 -2.768 -1 -2.85 -1 -3.256 -1 87
-3.053 -1 -2.69 -1 -3.18 -1 -3.322 -1 495
-3.251 -1 -2.834 -1 -3.094 -2 -3.352 -2 414
-3.223 -2 -2.772 -2 -3.226 -2 -3.422 -1 388
-3.324 -1 -2.866 -1 -3.132 -2 -3.414 -2 268
-3.273 -2 -2.858 -2 -3.066 -2 -3.334 -1 206
-3.2 -1 -2.796 -1 -2.984 -1 -3.278 -1 207
-3.131 -1 -2.754 -1 -3.242 -1 -3.484 -1 499
-3.363 -1 -2.894 -1 -2.922 -1 -3.28 -1 44
-3.101 -1 -2.69 -1 -3.056 -1 -3.344 -1 340
-3.2 -1 -2.764 -1 -3.038 -1 -3.36 -1 263
-3.199 -1 -2.748 -1 -3.214 -1 -3.43 -1 437
-3.322 -1 -2.846 -1 -2.972 -1 -3.292 -1 108
-3.132 -1 -2.744 -1 -3.082 -1 -3.348 -1 371
-3.215 -1 -2.786 -1 -2.894 -1 -3.274 -1 92
-3.084 -1 -2.684 -1 -2.726 -1 -3.118 -1 26
-2.922 -1 -2.542 -1 -3.092 -1 -3.374 -1 461
-3.233 -1 -2.812 -1 -3.12 -1 -3.456 -2 281
-3.288 -1 -2.846 -1 -2.988 -1 -3.332 -1 171
-3.16 -1 -2.77 -1 -3.014 -1 -3.358 -1 303
-3.186 -1 -2.762 -1 -3.19 -1 -3.396 -1 485
-3.293 -1 -2.82 -1 -2.998 -1 -3.336 -1 203
-3.167 -1 -2.758 -1 -2.952 -1 -3.308 -1 145
-3.13 -1 -2.696 -1 -2.948 -1 -3.338 -1 244
-3.143 -1 -2.696 -1 -3.046 -1 -3.282 -1 301
-3.164 -1 -2.708 -1 -3.112 -1 -3.42 -1 472
-3.266 -1 -2.846 -1 -3.18 -1 -3.436 -2 324
-3.308 -1 -2.9 -1 -3.002 -1 -3.336 -1 118
-3.169 -1 -2.806 -1 -3.262 -1 -3.456 -1 459
-3.359 -1 -2.924 -1 -3.186 -1 -3.456 -1 319
-3.321 -1 -2.896 -1 -3.074 -1 -3.352 -1 198
-3.213 -1 -2.792 -1 -3.046 -1 -3.364 -1 187
-3.205 -1 -2.802 -1 -3.152 -1 -3.464 -1 399
-3.308 -1 -2.874 -1 -2.958 -1 -3.322 -1 85
-3.14 -1 -2.694 -1 -2.774 -1 -3.16 -1 61
-2.967 -1 -2.636 -1 -2.866 -1 -3.21 -1 183
-3.038 -1 -2.638 -1 -3.114 -1 -3.4 -1 454
-3.257 -1 -2.852 -1 -2.958 -1 -3.228 -1 67
-3.093 -1 -2.688 -1 -3.23 -1 -3.452 -1 472
-3.341 -1 -2.922 -1 -3.176 -1 -3.418 -2 310
-3.297 -1 -2.89 -1 -3.282 -1 -3.48 -1 474
-3.381 -1 -2.878 -1 -3.194 -1 -3.44 -1 387
-3.317 -1 -2.844 -1 -2.956 -1 -3.278 -1 103
-3.117 -1 -2.77 -1 -2.848 -1 -3.246 -1 85
-3.047 -1 -2.69 -1 -3.13 -1 -3.428 -1 433
-3.279 -1 -2.856 -1 -2.954 -1 -3.248 -2 64
-3.101 -1 -2.696 -1 -2.774 -1 -3.146 -1 58
-2.96 -1 -2.6 -1 -3.108 -1 -3.384 -1 400
-3.246 -1 -2.824 -1 -2.986 -1 -3.292 -1 159
-3.139 -1 -2.724 -1 -3.112 -1 -3.36 -1 338
-3.236 -1 -2.818 -1 -2.982 -1 -3.24 -1 140
-3.111 -1 -2.67 -1 -3.178 -1 -3.384 -1 461
-3.281 -1 -2.818 -1 -3.23 -1 -3.408 -1 466
-3.319 -1 -2.892 -1 -3.188 -1 -3.48 -2 371
-3.334 -1 -2.892 -1 -3.028 -1 -3.286 -1 128
-3.157 -1 -2.786 -1 -2.926 -1 -3.294 -1 146
-3.11 -1 -2.696 -1 -2.764 -1 -3.19 -1 64
-2.977 -1 -2.628 -1 -2.76 -1 -3.198 -1 105
-2.979 -1 -2.588 -1 -2.742 -1 -3.216 -1 107
-2.979 -1 -2.606 -1 -2.676 -1 -3.098 -1 57
-2.887 -1 -2.506 -1 -2.512 -1 -3.03 -1 4
-2.771 -1 -2.416 -1 -2.67 -1 -3.138 -1 163
-2.904 -1 -2.49 -1 -2.794 -1 -3.186 -1 243
-2.99 -1 -2.594 -1 -2.626 -1 -3.112 -1 29
-2.869 -1 -2.514 -1 -3.002 -1 -3.354 -1 426
-3.178 -1 -2.71 -1 -3.164 -1 -3.386 -1 363
-3.275 -1 -2.806 -1 -3.204 -1 -3.394 -1 433
-3.299 -1 -2.884 -1 -3.068 -1 -3.298 -1 154
-3.183 -1 -2.786 -1 -3.134 -1 -3.37 -1 332
-3.252 -1 -2.842 -1 -3.206 -1 -3.388 -1 413
-3.297 -1 -2.834 -1 -3.256 -1 -3.458 -1 452
-3.357 -1 -2.902 -1 -3.062 -1 -3.356 -1 152
-3.209 -1 -2.776 -1 -3.054 -1 -3.376 -1 270
-3.215 -1 -2.816 -1 -3.026 -1 -3.366 -1 204
-3.196 -1 -2.82 -1 -3.02 -1 -3.256 -1 161
-3.138 -1 -2.734 -1 -3.016 -1 -3.46 -2 238
-3.238 -1 -2.808 -1 -2.894 -1 -3.27 -2 91
-3.082 -1 -2.71 -1 -3.048 -1 -3.302 -1 316
-3.175 -1 -2.768 -1 -2.794 -1 -3.154 -1 10
-2.974 -1 -2.564 -1 -3 -1 -3.362 -1 340
-3.181 -1 -2.744 -1 -2.942 -1 -3.18 -1 205
-3.061 -1 -2.674 -1 -3.118 -1 -3.396 -1 379
-3.257 -1 -2.804 -1 -3.112 -1 -3.332 -1 283
-3.222 -1 -2.772 -1 -3.156 -1 -3.38 -2 390
-3.268 -1 -2.842 -1 -2.954 -1 -3.246 -1 89
-3.1 -1 -2.706 -1 -3.168 -1 -3.35 -1 445
-3.259 -1 -2.82 -1 -2.952 -1 -3.254 -1 131
-3.103 -1 -2.69 -1 -3.018 -1 -3.38 -1 326
-3.199 -1 -2.748 -1 -2.83 -1 -3.298 -1 84
-3.064 -1 -2.682 -1 -2.932 -1 -3.292 -1 239
-3.112 -1 -2.668 -1 -2.906 -1 -3.25 -1 190
-3.078 -1 -2.65 -1 -3.086 -1 -3.368 -1 383
-3.227 -1 -2.8 -1 -2.83 -1 -3.196 -1 22
-3.013 -1 -2.592 -1 -2.882 -1 -3.236 -1 250
-3.059 -1 -2.648 -1 -3.072 -1 -3.292 -1 479
-3.182 -1 -2.726 -1 -3.174 -1 -3.384 -2 482
-3.279 -1 -2.866 -1 -2.93 -1 -3.302 -1 48
-3.116 -1 -2.768 -1 -3.11 -1 -3.442 -1 361
-3.276 -1 -2.816 -1 -2.926 -1 -3.222 -1 114
-3.074 -1 -2.652 -1 -2.974 -1 -3.316 -1 233
-3.145 -1 -2.686 -1 -3.088 -1 -3.38 -2 484
-3.234 -1 -2.828 -1 -3.304 -1 -3.468 -1 467
-3.386 -1 -2.9 -1 -2.992 -1 -3.264 -1 101
-3.128 -1 -2.738 -1 -3.084 -1 -3.326 -1 303
-3.205 -1 -2.792 -1 -2.828 -1 -3.234 -1 45
-3.031 -1 -2.656 -1 -2.992 -1 -3.296 -1 347
-3.144 -1 -2.714 -1 -2.976 -1 -3.372 -1 219
-3.174 -1 -2.756 -1 -2.89 -1 -3.24 -1 83
-3.065 -1 -2.7 -1 -3.086 -1 -3.364 -1 323
-3.225 -1 -2.798 -1 -3.012 -1 -3.284 -1 200
-3.148 -1 -2.748 -1 -3.256 -1 -3.4 -2 440
-3.328 -1 -2.914 -1 -2.994 -1 -3.316 -1 69
-3.155 -1 -2.744 -1 -2.868 -1 -3.242 -1 94
-3.055 -1 -2.616 -1 -2.682 -1 -3.086 -1 40
-2.884 -1 -2.564 -1 -3.022 -1 -3.322 -1 363
-3.172 -1 -2.744 -1 -3.104 -1 -3.438 -1 328
-3.271 -1 -2.844 -1 -2.916 -1 -3.188 -1 71
-3.052 -1 -2.684 -1 -2.696 -1 -3.168 -1 4
-2.932 -1 -2.56 -1 -3.01 -1 -3.322 -1 362
-3.166 -1 -2.736 -1 -3.104 -1 -3.33 -1 363
-3.217 -1 -2.778 -1 -3.016 -1 -3.288 -1 218
-3.152 -1 -2.698 -1 -2.706 -1 -3.148 -1 15
-2.927 -1 -2.596 -1 -2.682 -1 -3.12 -1 79
-2.901 -1 -2.526 -1 -2.636 -1 -3.084 -1 74
-2.86 -1 -2.55 -1 -3.022 -1 -3.272 -1 404
-3.147 -1 -2.688 -1 -3.022 -1 -3.308 -2 289
-3.165 -1 -2.738 -1 -2.966 -1 -3.316 -1 225
-3.141 -1 -2.768 -1 -3.124 -1 -3.418 -2 366
-3.271 -1 -2.862 -1 -3.02 -1 -3.312 -1 138
-3.166 -1 -2.758 -1 -2.86 -1 -3.318 -1 78
-3.089 -1 -2.724 -1 -2.874 -1 -3.184 -1 124
-3.029 -1 -2.622 -1 -2.876 -1 -3.252 -1 213
-3.064 -1 -2.658 -1 -2.852 -1 -3.238 -1 146
-3.045 -1 -2.664 -1 -3.038 -1 -3.308 -1 315
-3.173 -1 -2.744 -1 -3.16 -1 -3.35 -1 374
-3.255 -1 -2.814 -1 -2.82 -1 -3.226 -1 12
-3.023 -1 -2.622 -1 -2.898 -1 -3.288 -1 221
-3.093 -1 -2.726 -1 -3.192 -1 -3.364 -1 442
-3.278 -1 -2.808 -1 -3.152 -1 -3.43 -2 410
-3.291 -1 -2.904 -1 -3.284 -1 -3.496 -2 472
-3.39 -1 -2.936 -1 -3.334 -2 -3.458 -2 422
-3.396 -2 -2.982 -2 -3.246 -2 -3.51 -1 355
-3.378 -1 -2.924 -1 -3.288 -2 -3.44 -1 358
-3.364 -1 -2.948 -1 -3.168 -1 -3.396 -1 242
-3.282 -1 -2.896 -1 -3.14 -1 -3.408 -1 290
-3.274 -1 -2.834 -1 -2.86 -1 -3.204 -1 16
-3.032 -1 -2.652 -1 -3.096 -1 -3.35 -1 436
-3.223 -1 -2.81 -1 -2.86 -1 -3.208 -1 52
-3.034 -1 -2.63 -1 -3.064 -1 -3.418 -1 363
-3.241 -1 -2.808 -1 -3.022 -1 -3.324 -1 197
-3.173 -1 -2.738 -1 -3.068 -1 -3.336 -1 300
-3.202 -1 -2.736 -1 -3.084 -1 -3.336 -1 244
-3.21 -1 -2.792 -1 -2.91 -1 -3.37 -1 122
-3.14 -1 -2.728 -1 -3.128 -1 -3.46 -1 358
-3.294 -1 -2.844 -1 -3.146 -1 -3.454 -1 295
-3.3 -1 -2.83 -1 -3.21 -1 -3.446 -1 440
-3.328 -1 -2.896 -1 -3.31 -1 -3.478 -1 405
-3.394 -1 -2.952 -1 -3.172 -1 -3.36 -2 238
-3.266 -1 -2.848 -1 -2.932 -1 -3.228 -1 76
-3.08 -1 -2.698 -1 -3.172 -1 -3.46 -1 451
-3.316 -1 -2.848 -1 -3.022 -1 -3.35 -1 184
-3.186 -1 -2.756 -1 -3.066 -1 -3.324 -1 346
-3.195 -1 -2.788 -1 -3.052 -1 -3.38 -1 228
-3.216 -1 -2.81 -1 -3.176 -1 -3.342 -1 379
-3.259 -1 -2.85 -1 -3.018 -1 -3.35 -1 167
-3.184 -1 -2.748 -1 -3.004 -1 -3.26 -1 240
-3.132 -1 -2.714 -1 -3.136 -1 -3.42 -1 373
-3.278 -1 -2.858 -1 -2.93 -1 -3.406 -1 103
-3.168 -1 -2.792 -1 -3.06 -1 -3.326 -1 280
-3.193 -1 -2.752 -1 -3.112 -1 -3.356 -2 375
-3.234 -1 -2.794 -1 -3.07 -1 -3.302 -1 253
-3.186 -1 -2.728 -1 -3.224 -2 -3.402 -1 474
-3.313 -1 -2.914 -1 -3.3 -1 -3.478 -1 472
-3.389 -1 -2.956 -1 -3.134 -1 -3.366 -1 162
-3.25 -1 -2.792 -1 -3.234 -1 -3.448 -1 441
-3.341 -1 -2.866 -1 -3.108 -1 -3.31 -1 305
-3.209 -1 -2.796 -1 -3.212 -1 -3.428 -2 413
-3.32 -1 -2.882 -1 -2.994 -1 -3.3 -1 148
-3.147 -1 -2.76 -1 -3.086 -1 -3.412 -1 261
-3.249 -1 -2.824 -1 -3.03 -1 -3.406 -1 237
-3.218 -1 -2.804 -1 -2.912 -1 -3.334 -1 104
-3.123 -1 -2.682 -1 -2.688 -1 -3.168 -1 5
-2.928 -1 -2.588 -1 -2.746 -1 -3.152 -1 187
-2.949 -1 -2.58 -1 -2.696 -1 -3.134 -1 84
-2.915 -1 -2.554 -1 -2.836 -1 -3.284 -1 227
-3.06 -1 -2.664 -1 -2.936 -1 -3.304 -1 238
-3.12 -1 -2.714 -1 -3.148 -1 -3.348 -2 377
-3.248 -1 -2.844 -1 -3.196 -1 -3.446 -1 386
-3.321 -1 -2.886 -1 -3.198 -1 -3.438 -2 411
-3.318 -1 -2.882 -1 -3.266 -2 -3.45 -1 477
-3.358 -1 -2.904 -1 -3.174 -1 -3.478 -1 337
-3.326 -1 -2.89 -1 -3.13 -1 -3.338 -2 203
-3.234 -1 -2.836 -1 -3.258 -1 -3.474 -2 495
-3.366 -1 -2.926 -1 -3.016 -1 -3.318 -1 85
-3.167 -1 -2.788 -1 -3.072 -1 -3.382 -1 290
-3.227 -1 -2.834 -1 -2.986 -1 -3.328 -1 149
-3.157 -1 -2.76 -1 -3.018 -1 -3.37 -1 250
-3.194 -1 -2.76 -1 -2.832 -1 -3.232 -1 71
-3.032 -1 -2.672 -1 -2.826 -1 -3.166 -1 146
-2.996 -1 -2.634 -1 -2.928 -1 -3.308 -1 264
-3.118 -1 -2.688 -1 -3.226 -1 -3.466 -1 477
-3.346 -1 -2.854 -1 -3.2 -1 -3.4 -1 476
-3.3 -1 -2.904 -1 -3.144 -1 -3.48 -1 261
-3.312 -1 -2.9 -1 -3.226 -1 -3.462 -1 402
-3.344 -1 -2.882 -1 -3.342 -1 -3.52 -1 497
-3.431 -1 -2.978 -1 -3.042 -1 -3.364 -1 96
-3.203 -1 -2.834 -1 -2.856 -1 -3.248 -1 28
-3.052 -1 -2.674 -1 -3.006 -1 -3.342 -1 324
-3.174 -1 -2.774 -1 -2.998 -1 -3.354 -1 304
-3.176 -1 -2.758 -1 -2.896 -1 -3.354 -1 136
-3.125 -1 -2.714 -1 -2.988 -1 -3.346 -1 253
-3.167 -1 -2.726 -1 -3.194 -1 -3.434 -1 446
-3.314 -1 -2.87 -1 -3.146 -1 -3.4 -1 269
-3.273 -1 -2.8 -1 -2.892 -1 -3.27 -1 80
-3.081 -1 -2.708 -1 -2.734 -1 -3.184 -1 46
-2.959 -1 -2.614 -1 -2.656 -1 -3.088 -1 21
-2.872 -1 -2.522 -1 -2.66 -1 -3.118 -1 90
-2.889 -1 -2.532 -1 -3.072 -1 -3.336 -1 468
-3.204 -1 -2.772 -1 -2.868 -1 -3.256 -1 81
-3.062 -1 -2.654 -1 -2.756 -1 -3.218 -1 94
-2.987 -1 -2.604 -1 -2.686 -1 -3.104 -1 79
-2.895 -1 -2.538 -1 -2.54 -1 -3.01 -1 4
-2.775 -1 -2.442 -1 -2.484 -1 -3.02 -1 44
-2.752 -1 -2.418 -1 -2.682 -1 -3.09 -1 147
-2.886 -1 -2.47 -1 -2.742 -1 -3.26 -1 203
-3.001 -1 -2.63 -1 -3.146 -1 -3.324 -1 488
-3.235 -1 -2.752 -1 -3.048 -1 -3.31 -2 276
-3.179 -1 -2.778 -1 -3.09 -1 -3.418 -2 259
-3.254 -1 -2.832 -1 -3.032 -2 -3.32 -1 174
-3.176 -1 -2.778 -1 -2.832 -1 -3.23 -1 52
-3.031 -1 -2.668 -1 -2.862 -1 -3.22 -1 134
-3.041 -1 -2.678 -1 -2.738 -1 -3.172 -1 56
-2.955 -1 -2.616 -1 -3.03 -1 -3.306 -1 355
-3.168 -1 -2.744 -1 -2.82 -1 -3.24 -1 56
-3.03 -1 -2.62 -1 -2.916 -1 -3.314 -1 222
-3.115 -1 -2.686 -1 -2.976 -1 -3.26 -2 247
-3.118 -1 -2.708 -1 -3.096 -1 -3.322 -1 438
-3.209 -1 -2.818 -1 -2.998 -1 -3.31 -1 158
-3.154 -1 -2.74 -1 -2.924 -1 -3.354 -1 157
-3.139 -1 -2.71 -1 -2.77 -1 -3.166 -1 43
-2.968 -1 -2.604 -1 -2.724 -1 -3.186 -1 96
-2.955 -1 -2.61 -1 -2.916 -1 -3.25 -1 264
-3.083 -1 -2.704 -1 -2.936 -1 -3.278 -1 199
-3.107 -1 -2.706 -1 -2.724 -1 -3.182 -1 22
-2.953 -1 -2.626 -1 -3.008 -1 -3.252 -1 374
-3.13 -1 -2.75 -1 -3.026 -1 -3.316 -1 319
-3.171 -1 -2.724 -1 -2.792 -1 -3.214 -1 50
-3.003 -1 -2.626 -1 -3.022 -1 -3.302 -1 337
-3.162 -1 -2.728 -1 -2.766 -1 -3.222 -1 45
-2.994 -1 -2.6 -1 -2.79 -1 -3.25 -1 104
-3.02 -1 -2.638 -1 -2.808 -1 -3.244 -1 129
-3.026 -1 -2.638 -1 -2.85 -1 -3.25 -2 181
-3.05 -1 -2.654 -1 -2.762 -1 -3.194 -1 77
-2.978 -1 -2.626 -1 -2.882 -1 -3.218 -1 186
-3.05 -1 -2.636 -1 -3.072 -1 -3.33 -1 480
-3.201 -1 -2.772 -1 -3.092 -1 -3.276 -1 284
-3.184 -1 -2.762 -1 -2.874 -1 -3.208 -1 76
-3.041 -1 -2.654 -1 -2.944 -1 -3.248 -1 287
-3.096 -1 -2.686 -1 -3.092 -1 -3.382 -1 353
-3.237 -1 -2.828 -1 -3.032 -1 -3.344 -1 220
-3.188 -1 -2.738 -1 -2.89 -1 -3.236 -1 173
-3.063 -1 -2.638 -1 -2.87 -1 -3.216 -1 171
-3.043 -1 -2.654 -1 -2.828 -1 -3.242 -1 133
-3.035 -1 -2.62 -1 -2.808 -1 -3.22 -1 123
-3.014 -1 -2.612 -1 -3.032 -1 -3.314 -1 397
-3.173 -1 -2.726 -1 -3.002 -1 -3.304 -1 257
-3.153 -1 -2.72 -1 -2.816 -1 -3.256 -1 69
-3.036 -1 -2.616 -1 -2.854 -1 -3.184 -1 210
-3.019 -1 -2.638 -1 -3.168 -1 -3.39 -1 470
-3.279 -1 -2.836 -1 -3.004 -1 -3.338 -2 145
-3.171 -1 -2.762 -1 -3.002 -1 -3.35 -1 209
-3.176 -1 -2.75 -1 -2.808 -1 -3.168 -1 44
-2.988 -1 -2.604 -1 -3.002 -1 -3.308 -1 374
-3.155 -1 -2.724 -1 -3.2 -1 -3.454 -1 484
-3.327 -1 -2.854 -1 -3.202 -1 -3.45 -1 455
-3.326 -1 -2.86 -1 -3.106 -1 -3.394 -2 252
-3.25 -1 -2.84 -1 -2.96 -1 -3.274 -1 99
-3.117 -1 -2.726 -1 -3.024 -1 -3.396 -1 278
-3.21 -1 -2.824 -1 -3.122 -1 -3.47 -1 356
-3.296 -1 -2.862 -1 -3.244 -1 -3.502 -1 422
-3.373 -1 -2.93 -1 -3.13 -1 -3.364 -1 167
-3.247 -1 -2.838 -1 -2.872 -1 -3.288 -1 24
-3.08 -1 -2.686 -1 -3.094 -1 -3.434 -1 390
-3.264 -1 -2.79 -1 -3.022 -1 -3.412 -1 218
-3.217 -1 -2.808 -1 -3.026 -1 -3.408 -1 183
-3.217 -1 -2.752 -1 -3.122 -1 -3.38 -1 417
-3.251 -1 -2.808 -1 -2.898 -1 -3.24 -1 98
-3.069 -1 -2.652 -1 -2.93 -1 -3.308 -1 320
-3.119 -1 -2.68 -1 -2.798 -1 -3.19 -1 110
-2.994 -1 -2.604 -1 -2.912 -1 -3.228 -1 249
-3.07 -1 -2.64 -1 -2.906 -1 -3.362 -1 172
-3.134 -1 -2.696 -1 -2.716 -1 -3.118 -1 15
-2.917 -1 -2.55 -1 -2.852 -1 -3.172 -1 221
-3.012 -1 -2.564 -1 -3.064 -1 -3.346 -1 457
-3.205 -1 -2.768 -1 -3.166 -1 -3.436 -2 376
-3.301 -1 -2.832 -1 -3.156 -2 -3.436 -1 365
-3.296 -1 -2.84 -1 -3.088 -1 -3.388 -1 233
-3.238 -1 -2.814 -1 -2.852 -1 -3.28 -1 34
-3.066 -1 -2.666 -1 -3.08 -1 -3.404 -2 342
-3.242 -1 -2.81 -1 -3.202 -1 -3.392 -1 381
-3.297 -1 -2.892 -1 -3.138 -1 -3.352 -1 218
-3.245 -1 -2.818 -1 -3.174 -1 -3.414 -1 424
-3.294 -1 -2.838 -1 -3.22 -1 -3.468 -1 446
-3.344 -1 -2.974 -1 -3.286 -1 -3.452 -1 351
-3.369 -1 -2.906 -1 -3.086 -1 -3.416 -2 190
-3.251 -1 -2.814 -1 -3.156 -1 -3.444 -1 384
-3.3 -1 -2.868 -1 -2.908 -1 -3.266 -1 52
-3.087 -1 -2.682 -1 -3.152 -1 -3.474 -1 415
-3.313 -1 -2.924 -1 -3.256 -1 -3.462 -2 389
-3.359 -1 -2.972 -1 -3.236 -1 -3.45 -1 406
-3.343 -1 -2.918 -1 -3.194 -1 -3.454 -1 304
-3.324 -1 -2.886 -1 -2.98 -1 -3.366 -1 88
-3.173 -1 -2.798 -1 -3.212 -1 -3.404 -1 457
-3.308 -1 -2.88 -1 -3.196 -1 -3.428 -1 353
-3.312 -1 -2.878 -1 -2.884 -1 -3.254 -1 7
-3.069 -1 -2.68 -1 -3 -1 -3.322 -1 263
-3.161 -1 -2.72 -1 -3.106 -1 -3.462 -1 366
-3.284 -1 -2.826 -1 -3.056 -1 -3.35 -1 220
-3.203 -1 -2.758 -1 -2.932 -1 -3.336 -1 155
-3.134 -1 -2.744 -1 -3.004 -1 -3.274 -1 248
-3.139 -1 -2.746 -1 -3.192 -1 -3.374 -2 478
-3.283 -1 -2.828 -1 -2.876 -1 -3.25 -1 25
-3.063 -1 -2.668 -1 -3.066 -2 -3.336 -1 406
-3.201 -1 -2.802 -1 -3.196 -1 -3.404 -1 382
-3.3 -1 -2.89 -1 -3.228 -1 -3.478 -1 426
-3.353 -1 -2.896 -1 -3.01 -1 -3.278 -1 113
-3.144 -1 -2.726 -1 -3.124 -1 -3.404 -1 395
-3.264 -1 -2.84 -1 -3.272 -1 -3.488 -1 478
-3.38 -1 -2.94 -1 -3.224 -1 -3.464 -1 286
-3.344 -1 -2.91 -1 -3.316 -1 -3.47 -1 457
-3.393 -1 -2.944 -1 -3.148 -1 -3.354 -2 239
-3.251 -1 -2.842 -1 -3.014 -1 -3.384 -1 168
-3.199 -1 -2.79 -1 -2.922 -1 -3.292 -1 136
-3.107 -1 -2.71 -1 -2.986 -1 -3.294 -2 230
-3.14 -1 -2.736 -1 -3.18 -1 -3.402 -1 474
-3.291 -1 -2.88 -1 -2.956 -1 -3.224 -2 90
-3.09 -1 -2.67 -1 -2.97 -1 -3.332 -1 231
-3.151 -1 -2.764 -1 -3.056 -1 -3.33 -1 240
-3.193 -1 -2.776 -1 -3.024 -1 -3.31 -1 323
-3.167 -1 -2.724 -1 -2.928 -1 -3.242 -1 209
-3.085 -1 -2.69 -1 -3.162 -1 -3.436 -1 372
-3.299 -1 -2.844 -1 -2.956 -1 -3.316 -1 85
-3.136 -1 -2.784 -1 -2.914 -1 -3.266 -1 132
-3.09 -1 -2.684 -1 -2.976 -1 -3.334 -1 314
-3.155 -1 -2.714 -1 -2.914 -1 -3.256 -1 141
-3.085 -1 -2.674 -1 -2.934 -1 -3.32 -1 218
-3.127 -1 -2.69 -1 -2.87 -1 -3.268 -1 130
-3.069 -1 -2.66 -1 -2.954 -1 -3.246 -1 232
-3.1 -1 -2.674 -1 -3.204 -1 -3.412 -1 493
-3.308 -1 -2.832 -1 -2.998 -1 -3.36 -2 184
-3.179 -1 -2.762 -1 -3.014 -1 -3.366 -1 231
-3.19 -1 -2.758 -1 -2.824 -1 -3.236 -1 62
-3.03 -1 -2.636 -1 -3.06 -1 -3.304 -1 373
-3.182 -1 -2.784 -1 -2.796 -1 -3.212 -1 12
-3.004 -1 -2.632 -1 -3.058 -1 -3.262 -1 353
-3.16 -1 -2.694 -1 -3.164 -1 -3.402 -1 495
-3.283 -1 -2.802 -1 -2.842 -1 -3.218 -1 18
-3.03 -1 -2.656 -1 -3.184 -1 -3.392 -1 458
-3.288 -1 -2.83 -1 -3.004 -1 -3.342 -1 154
-3.173 -1 -2.75 -1 -3.158 -1 -3.408 -2 394
-3.283 -1 -2.86 -1 -3.246 -1 -3.486 -2 435
-3.366 -1 -2.924 -1 -3.038 -1 -3.372 -1 102
-3.205 -1 -2.83 -1 -3.236 -1 -3.476 -2 459
-3.356 -1 -2.91 -1 -3.028 -1 -3.346 -2 89
-3.187 -1 -2.786 -1 -3.032 -2 -3.356 -1 207
-3.194 -1 -2.792 -1 -3.168 -1 -3.43 -2 488
-3.299 -1 -2.868 -1 -3.124 -1 -3.476 -1 249
-3.3 -1 -2.924 -1 -3.262 -1 -3.502 -1 343
-3.382 -1 -2.964 -1 -3.214 -1 -3.404 -2 347
-3.309 -1 -2.904 -1 -2.956 -1 -3.332 -1 37
-3.144 -1 -2.78 -1 -3.062 -1 -3.318 -1 303
-3.19 -1 -2.748 -1 -2.808 -1 -3.182 -1 63
-2.995 -1 -2.626 -1 -3.106 -1 -3.41 -1 428
-3.258 -1 -2.754 -1 -3.114 -1 -3.434 -1 322
-3.274 -1 -2.834 -1 -2.904 -1 -3.368 -1 92
-3.136 -1 -2.762 -1 -3.138 -1 -3.474 -1 395
-3.306 -1 -2.878 -1 -3.108 -1 -3.322 -1 208
-3.215 -1 -2.802 -1 -3.054 -1 -3.344 -1 252
-3.199 -1 -2.756 -1 -2.782 -1 -3.232 -1 39
-3.007 -1 -2.656 -1 -3.104 -1 -3.386 -1 382
-3.245 -1 -2.798 -1 -3.032 -1 -3.304 -1 229
-3.168 -1 -2.73 -1 -2.762 -1 -3.204 -1 19
-2.983 -1 -2.624 -1 -2.81 -1 -3.174 -1 133
-2.992 -1 -2.638 -1 -2.966 -1 -3.298 -1 281
-3.132 -1 -2.676 -1 -2.94 -1 -3.264 -1 231
-3.102 -1 -2.678 -1 -3.092 -1 -3.39 -1 365
-3.241 -1 -2.794 -1 -2.876 -1 -3.198 -1 50
-3.037 -1 -2.632 -1 -2.842 -1 -3.178 -1 156
-3.01 -1 -2.622 -1 -3.166 -1 -3.344 -2 477
-3.255 -1 -2.818 -1 -2.948 -1 -3.334 -1 121
-3.141 -1 -2.752 -1 -3.042 -1 -3.362 -2 263
-3.202 -1 -2.816 -1 -2.966 -1 -3.27 -1 134
-3.118 -1 -2.718 -1 -2.722 -1 -3.16 -1 5
-2.941 -1 -2.584 -1 -2.826 -1 -3.206 -1 189
-3.016 -1 -2.626 -1 -2.886 -1 -3.356 -1 257
-3.121 -1 -2.666 -1 -3.054 -1 -3.348 -1 353
-3.201 -1 -2.766 -1 -3.158 -1 -3.414 -1 394
-3.286 -1 -2.794 -1 -2.794 -1 -3.302 -1 2
-3.048 -1 -2.616 -1 -2.908 -1 -3.322 -1 227
-3.115 -1 -2.694 -1 -3.182 -1 -3.342 -1 455
-3.262 -1 -2.852 -1 -3.242 -1 -3.486 -1 367
-3.364 -1 -2.924 -1 -3.068 -1 -3.41 -1 136
-3.239 -1 -2.838 -1 -3.224 -1 -3.4 -1 406
-3.312 -1 -2.902 -1 -3.186 -1 -3.412 -1 296
-3.299 -1 -2.85 -1 -2.872 -1 -3.224 -1 26
-3.048 -1 -2.664 -1 -3.138 -1 -3.372 -1 485
-3.255 -1 -2.816 -1 -2.914 -1 -3.262 -1 77
-3.088 -1 -2.686 -1 -2.738 -1 -3.16 -1 40
-2.949 -1 -2.62 -1 -2.724 -1 -3.132 -1 99
-2.928 -1 -2.55 -1 -2.594 -1 -3.046 -1 22
-2.82 -1 -2.476 -1 -2.574 -1 -3.012 -1 49
-2.793 -1 -2.428 -1 -2.476 -1 -2.976 -1 51
-2.726 -1 -2.394 -1 -2.774 -1 -3.228 -1 277
-3.001 -1 -2.606 -1 -2.984 -1 -3.268 -1 321
-3.126 -1 -2.728 -1 -2.976 -1 -3.228 -1 224
-3.102 -1 -2.662 -1 -2.912 -1 -3.226 -1 203
-3.069 -1 -2.666 -1 -2.866 -1 -3.226 -1 144
-3.046 -1 -2.624 -1 -2.796 -1 -3.172 -1 111
-2.984 -1 -2.628 -1 -2.85 -1 -3.2 -1 189
-3.025 -1 -2.612 -1 -2.696 -1 -3.058 -1 59
-2.877 -1 -2.462 -1 -2.536 -1 -3 -1 68
-2.768 -1 -2.442 -1 -3.088 -1 -3.422 -1 464
-3.255 -1 -2.792 -1 -2.984 -1 -3.252 -1 183
-3.118 -1 -2.684 -1 -3.04 -1 -3.352 -2 299
-3.196 -1 -2.774 -1 -3.174 -1 -3.292 -1 429
-3.233 -1 -2.826 -1 -3.062 -1 -3.342 -1 300
-3.202 -1 -2.756 -1 -3.026 -1 -3.388 -2 268
-3.207 -1 -2.764 -1 -2.848 -1 -3.222 -2 72
-3.035 -1 -2.622 -1 -2.814 -1 -3.224 -1 163
-3.019 -1 -2.62 -1 -2.796 -1 -3.14 -1 132
-2.968 -1 -2.58 -1 -2.79 -1 -3.224 -1 153
-3.007 -1 -2.63 -1 -2.696 -1 -3.046 -1 41
-2.871 -1 -2.508 -1 -2.568 -1 -3.08 -1 62
-2.824 -1 -2.494 -1 -2.556 -1 -3.026 -1 39
-2.791 -1 -2.442 -1 -2.47 -1 -3.008 -1 12
-2.739 -1 -2.446 -1 -2.786 -1 -3.144 -1 268
-2.965 -1 -2.552 -1 -2.948 -1 -3.276 -1 271
-3.112 -1 -2.66 -1 -3.184 -1 -3.41 -2 497
-3.297 -1 -2.886 -1 -3.226 -1 -3.47 -1 392
-3.348 -1 -2.908 -1 -3.016 -1 -3.324 -1 120
-3.17 -1 -2.786 -1 -2.81 -1 -3.2 -1 36
-3.005 -1 -2.646 -1 -3.174 -1 -3.37 -1 448
-3.272 -1 -2.872 -1 -2.91 -1 -3.344 -2 27
-3.127 -1 -2.742 -1 -2.954 -1 -3.296 -1 164
-3.125 -1 -2.7 -1 -2.832 -1 -3.198 -1 137
-3.015 -1 -2.68 -1 -2.94 -1 -3.328 -1 188
-3.134 -1 -2.7 -1 -3.08 -1 -3.38 -1 365
-3.23 -1 -2.8 -1 -3.216 -1 -3.44 -1 460
-3.328 -1 -2.88 -1 -3.264 -1 -3.496 -1 417
-3.38 -1 -2.924 -1 -2.98 -1 -3.284 -1 54
-3.132 -1 -2.782 -1 -2.832 -1 -3.244 -1 38
-3.038 -1 -2.63 -1 -2.94 -1 -3.276 -1 241
-3.108 -1 -2.698 -1 -2.946 -1 -3.368 -1 195
-3.157 -1 -2.732 -1 -2.928 -1 -3.302 -1 146
-3.115 -1 -2.75 -1 -2.82 -1 -3.22 -1 44
-3.02 -1 -2.672 -1 -3.062 -1 -3.29 -1 300
-3.176 -1 -2.752 -1 -3.172 -1 -3.468 -1 460
-3.32 -1 -2.882 -1 -3.222 -1 -3.462 -1 395
-3.342 -1 -2.902 -1 -3.29 -1 -3.468 -1 403
-3.379 -1 -2.948 -1 -3.056 -1 -3.338 -1 114
-3.197 -1 -2.802 -1 -3.1 -1 -3.402 -1 323
-3.251 -1 -2.828 -1 -3.106 -1 -3.38 -1 257
-3.243 -1 -2.83 -1 -3.146 -1 -3.434 -1 319
-3.29 -1 -2.854 -1 -3.1 -1 -3.326 -2 234
-3.213 -1 -2.814 -1 -2.814 -1 -3.236 -1 2
-3.025 -1 -2.654 -1 -3.018 -1 -3.324 -1 281
-3.171 -1 -2.746 -1 -2.784 -1 -3.2 -1 19
-2.992 -1 -2.574 -1 -2.818 -1 -3.244 -1 199
-3.031 -1 -2.676 -1 -2.738 -1 -3.148 -1 47
-2.943 -1 -2.56 -1 -2.972 -1 -3.268 -1 321
-3.12 -1 -2.698 -1 -3.002 -1 -3.336 -1 294
-3.169 -1 -2.69 -1 -2.988 -1 -3.352 -1 216
-3.17 -1 -2.742 -1 -2.854 -1 -3.23 -1 96
-3.042 -1 -2.654 -1 -2.956 -1 -3.318 -1 264
-3.137 -1 -2.718 -1 -2.806 -1 -3.174 -1 83
-2.99 -1 -2.636 -1 -2.762 -1 -3.164 -1 96
-2.963 -1 -2.562 -1 -2.692 -1 -3.122 -1 80
-2.907 -1 -2.526 -1 -3.076 -1 -3.296 -1 423
-3.186 -1 -2.692 -1 -3.154 -1 -3.366 -1 454
-3.26 -1 -2.834 -1 -2.992 -1 -3.358 -2 159
-3.175 -1 -2.784 -1 -3.12 -1 -3.406 -1 420
-3.263 -1 -2.878 -1 -3.2 -1 -3.484 -2 431
-3.342 -1 -2.892 -1 -3.136 -1 -3.394 -1 291
-3.265 -1 -2.794 -1 -3.018 -1 -3.422 -1 223
-3.22 -1 -2.828 -1 -3.196 -1 -3.452 -1 498
-3.324 -1 -2.902 -1 -3.216 -1 -3.396 -1 385
-3.306 -1 -2.86 -1 -3.09 -1 -3.386 -1 250
-3.238 -1 -2.814 -1 -2.962 -1 -3.278 -1 128
-3.12 -1 -2.738 -1 -2.752 -1 -3.196 -1 10
-2.974 -1 -2.626 -1 -3.176 -1 -3.408 -1 459
-3.292 -1 -2.906 -1 -3.17 -1 -3.39 -1 290
-3.28 -1 -2.878 -1 -3.286 -1 -3.466 -1 459
-3.376 -1 -2.992 -1 -3.21 -1 -3.394 -1 181
-3.302 -1 -2.876 -1 -3.088 -1 -3.394 -1 206
-3.241 -1 -2.824 -1 -3.192 -1 -3.436 -1 378
-3.314 -1 -2.888 -1 -3.174 -1 -3.478 -1 343
-3.326 -1 -2.878 -1 -3.062 -1 -3.424 0 166
