8 1000 0.2 9 12 0 0 0 0
-3.478 -1 -2.982 -1 -3.03 -1 -3.22 -1 98
-3.125 -1 -2.704 -1 -2.706 -1 -3.124 -1 3
-2.915 -1 -2.506 -1 -2.61 -1 -2.982 -1 90
-2.796 -1 -2.418 -1 -2.432 -1 -2.848 -1 9
-2.64 -1 -2.28 -1 -2.404 -1 -2.926 -1 98
-2.665 -1 -2.308 -1 -2.394 -1 -2.822 -1 70
-2.608 -1 -2.272 -1 -2.414 -1 -2.874 -1 96
-2.644 -1 -2.248 -1 -2.386 -1 -2.85 -1 85
-2.618 -1 -2.204 -1 -2.334 -1 -2.798 -1 89
-2.566 -1 -2.182 -1 -2.308 -1 -2.854 -1 74
-2.581 -1 -2.212 -1 -2.286 -1 -2.82 -1 70
-2.553 -1 -2.16 -1 -2.166 -1 -2.798 0 13
