9 1000 0.2 8 161 0 0 0 0
-3.638 -1 -3.132 -1 -3.18 -1 -3.386 -2 92
-3.283 -1 -2.878 -1 -2.9 -1 -3.292 -1 37
-3.096 -1 -2.668 -1 -2.712 -1 -3.104 -1 44
-2.908 -1 -2.522 -1 -2.588 -1 -3.034 -1 48
-2.811 -1 -2.444 -1 -2.504 -1 -2.982 -1 33
-2.743 -1 -2.382 -1 -2.538 -1 -2.958 -1 82
-2.748 -1 -2.362 -1 -2.382 -1 -2.894 -1 17
-2.638 -1 -2.292 -1 -2.394 -1 -2.896 -1 50
-2.645 -1 -2.31 -1 -2.32 -1 -2.912 -1 7
-2.616 -1 -2.318 -1 -2.416 -1 -2.888 -1 64
-2.652 -1 -2.29 -1 -2.458 -1 -2.952 -1 97
-2.705 -1 -2.294 -1 -2.312 -1 -2.866 -1 10
-2.589 -1 -2.252 -1 -2.328 -1 -2.864 -1 47
-2.596 -1 -2.258 -1 -2.376 -1 -2.842 -1 90
-2.609 -1 -2.266 -1 -2.388 -1 -2.842 -1 77
-2.615 -1 -2.272 -1 -2.316 -1 -2.82 -1 35
-2.568 -1 -2.218 -1 -2.366 -1 -2.872 -1 97
-2.619 -1 -2.272 -1 -2.298 -1 -2.782 -1 27
-2.54 -1 -2.234 -1 -2.29 -1 -2.83 -1 26
-2.56 -1 -2.22 -1 -2.242 -1 -2.834 -1 12
-2.538 -1 -2.21 -1 -2.35 -1 -2.792 -1 82
-2.571 -1 -2.218 -1 -2.34 -1 -2.742 -1 65
-2.541 -1 -2.188 -1 -2.26 -1 -2.72 -1 24
-2.49 -1 -2.128 -1 -2.128 -1 -2.66 -1 2
-2.394 -1 -2.064 -1 -2.086 -1 -2.596 -1 14
-2.341 -1 -2.022 -1 -2.184 -1 -2.69 -1 77
-2.437 -1 -2.082 -1 -2.104 -1 -2.644 -1 12
-2.374 -1 -2.032 -1 -2.054 -1 -2.576 -1 8
-2.315 -1 -2.014 -1 -2.174 -1 -2.688 -1 95
-2.431 -1 -2.074 -1 -2.092 -1 -2.636 -1 4
-2.364 -1 -2.036 -1 -2.092 -1 -2.636 -1 28
-2.364 -1 -2.024 -1 -2.186 -1 -2.67 -1 89
-2.428 -1 -2.056 -1 -2.064 -1 -2.592 -1 4
-2.328 -1 -2.004 -1 -2.096 -1 -2.586 -1 35
-2.341 -1 -2.016 -1 -2.09 -1 -2.566 -1 42
-2.328 -1 -2.006 -1 -2.074 -1 -2.552 -1 31
-2.313 -1 -1.976 -1 -2.084 -1 -2.518 -1 43
-2.301 -1 -1.956 -1 -2.018 -1 -2.522 -1 20
-2.27 -1 -1.942 -1 -1.968 -1 -2.5 -1 14
-2.234 -1 -1.87 -1 -1.938 -1 -2.428 -1 31
-2.183 -1 -1.846 -1 -1.874 -1 -2.398 -1 8
-2.136 -1 -1.82 -1 -1.95 -1 -2.414 -1 64
-2.182 -1 -1.824 -1 -1.93 -1 -2.44 -1 55
-2.185 -1 -1.802 -1 -1.964 -1 -2.458 -1 67
-2.211 -1 -1.816 -1 -1.864 -1 -2.282 -1 20
-2.073 -1 -1.728 -1 -1.78 -1 -2.312 -1 24
-2.046 -1 -1.704 -1 -1.704 -1 -2.154 -1 1
-1.929 -1 -1.614 -1 -1.686 -1 -2.112 -1 30
-1.899 -1 -1.53 -1 -1.752 -1 -2.138 -1 99
-1.945 -1 -1.578 -1 -1.666 -1 -2.108 -1 33
-1.887 -1 -1.52 -1 -1.698 -1 -2.104 -1 69
-1.901 -1 -1.528 -1 -1.564 -1 -1.982 -1 18
-1.773 -1 -1.448 -1 -1.674 -1 -2.038 -1 93
-1.856 -1 -1.472 -1 -1.718 -1 -2.058 -1 85
-1.888 -1 -1.524 -1 -1.77 -1 -2.112 -1 95
-1.941 -1 -1.526 -1 -1.76 -1 -2.072 -1 89
-1.916 -1 -1.47 -1 -1.632 -1 -1.912 -1 61
-1.772 -1 -1.396 -1 -1.584 -1 -1.87 -1 67
-1.727 -1 -1.35 -1 -1.472 -1 -1.74 -1 45
-1.606 -1 -1.248 -1 -1.41 -1 -1.722 -1 53
-1.566 -1 -1.258 -1 -1.402 -1 -1.696 -1 43
-1.549 -1 -1.242 -1 -1.452 -1 -1.688 -1 82
-1.57 -1 -1.23 -1 -1.384 -1 -1.602 -1 54
-1.493 -1 -1.186 -1 -1.464 -1 -1.678 -1 91
-1.571 -1 -1.226 -1 -1.478 -1 -1.68 -1 90
-1.579 -1 -1.198 -1 -1.352 -1 -1.54 -1 58
-1.446 -1 -1.148 -1 -1.326 -1 -1.488 -1 61
-1.407 -1 -1.138 -1 -1.198 -1 -1.344 -1 24
-1.271 -1 -1.084 -1 -1.298 -1 -1.442 -1 66
-1.37 -1 -1.11 -1 -1.374 -1 -1.496 -1 73
-1.435 -1 -1.15 -1 -1.476 -1 -1.652 -1 99
-1.564 -1 -1.202 -1 -1.47 -1 -1.65 -1 86
-1.56 -1 -1.236 -1 -1.426 -1 -1.554 -1 62
-1.49 -1 -1.178 -1 -1.478 -1 -1.606 -1 91
-1.542 -1 -1.212 -1 -1.376 -1 -1.518 -1 59
-1.447 -1 -1.17 -1 -1.31 -1 -1.414 -1 44
-1.362 -1 -1.13 -1 -1.242 -1 -1.342 -1 38
-1.292 -1 -1.096 -1 -1.218 -1 -1.322 -1 40
-1.27 -1 -1.078 -1 -1.372 -1 -1.474 -1 93
-1.423 -1 -1.146 -1 -1.368 -1 -1.5 -1 68
-1.434 -1 -1.152 -1 -1.16 -1 -1.26 -1 2
-1.21 -1 -1.046 -1 -1.158 -1 -1.246 -1 35
-1.202 -1 -1.054 -1 -1.198 -1 -1.284 -1 44
-1.241 -1 -1.07 -1 -1.3 -1 -1.4 -1 82
-1.35 -1 -1.14 -1 -1.428 -1 -1.596 -1 94
-1.512 -1 -1.174 -1 -1.426 -1 -1.528 -1 78
-1.477 -1 -1.174 -1 -1.33 -1 -1.434 -1 64
-1.382 -1 -1.118 -1 -1.224 -1 -1.348 -1 36
-1.286 -1 -1.088 -1 -1.328 -1 -1.408 -1 88
-1.368 -1 -1.126 -1 -1.244 -1 -1.328 -1 39
-1.286 -1 -1.066 -1 -1.148 -1 -1.214 -1 28
-1.181 -1 -1.042 -1 -1.148 -1 -1.222 -1 27
-1.185 -1 -1.054 -1 -1.14 -1 -1.228 -1 22
-1.184 -1 -1.05 -1 -1.176 -1 -1.254 -1 37
-1.215 -1 -1.062 -1 -1.178 -1 -1.258 -1 44
-1.218 -1 -1.052 -1 -1.162 -1 -1.23 -1 35
-1.196 -1 -1.046 -1 -1.222 -1 -1.32 -1 54
-1.271 -1 -1.096 -1 -1.208 -1 -1.29 -1 40
-1.249 -1 -1.08 -1 -1.276 -1 -1.366 -1 65
-1.321 -1 -1.088 -1 -1.316 -1 -1.4 -1 76
-1.358 -1 -1.12 -1 -1.246 -1 -1.34 -1 42
-1.293 -1 -1.084 -1 -1.242 -1 -1.33 -1 55
-1.286 -1 -1.074 -1 -1.162 -1 -1.202 -1 22
-1.182 -1 -1.052 -1 -1.256 -1 -1.346 -1 63
-1.301 -1 -1.082 -1 -1.278 -1 -1.366 -1 62
-1.322 -1 -1.112 -1 -1.146 -1 -1.202 -1 10
-1.174 -1 -1.03 -1 -1.154 -1 -1.246 -1 40
-1.2 -1 -1.068 -1 -1.162 -1 -1.252 -1 33
-1.207 -1 -1.07 -1 -1.156 -1 -1.222 -1 23
-1.189 -1 -1.052 -1 -1.254 -1 -1.324 -1 66
-1.289 -1 -1.108 -1 -1.316 -1 -1.416 -1 68
-1.366 -1 -1.118 -1 -1.154 -1 -1.208 -1 17
-1.181 -1 -1.052 -1 -1.286 -1 -1.372 -1 66
-1.329 -1 -1.1 -1 -1.276 -1 -1.358 -1 47
-1.317 -1 -1.098 -1 -1.376 -1 -1.496 -1 87
-1.436 -1 -1.158 -1 -1.404 -1 -1.506 -1 79
-1.455 -1 -1.146 -1 -1.174 -1 -1.274 -1 9
-1.224 -1 -1.054 -1 -1.22 -1 -1.298 -1 56
-1.259 -1 -1.08 -1 -1.088 -1 -1.13 -1 2
-1.109 -1 -1.014 -1 -1.178 -1 -1.246 -1 61
-1.212 -1 -1.06 -1 -1.132 -1 -1.182 -1 23
-1.157 -1 -1.038 -1 -1.202 -1 -1.272 -1 54
-1.237 -1 -1.074 -1 -1.166 -1 -1.224 -1 27
-1.195 -1 -1.06 -1 -1.124 -1 -1.172 -1 21
-1.148 -1 -1.018 -1 -1.076 -1 -1.112 -1 17
-1.094 -1 -1.022 -1 -1.198 -1 -1.278 -1 49
-1.238 -1 -1.062 -1 -1.18 -1 -1.246 -1 37
-1.213 -1 -1.068 -1 -1.294 -1 -1.368 -1 71
-1.331 -1 -1.084 -1 -1.196 -1 -1.254 -1 39
-1.225 -1 -1.066 -1 -1.374 -1 -1.454 -1 94
-1.414 -1 -1.12 -1 -1.426 -1 -1.552 -1 95
-1.489 -1 -1.206 -1 -1.32 -1 -1.426 -1 54
-1.373 -1 -1.124 -1 -1.348 -1 -1.454 -1 80
-1.401 -1 -1.13 -1 -1.25 -1 -1.322 -1 36
-1.286 -1 -1.088 -1 -1.334 -1 -1.446 -1 94
-1.39 -1 -1.13 -1 -1.274 -1 -1.348 -1 53
-1.311 -1 -1.078 -1 -1.324 -1 -1.412 -1 72
-1.368 -1 -1.116 -1 -1.144 -1 -1.196 -1 8
-1.17 -1 -1.04 -1 -1.112 -1 -1.178 -1 17
-1.145 -1 -1.038 -1 -1.198 -1 -1.256 -1 52
-1.227 -1 -1.05 -1 -1.132 -1 -1.21 -1 30
-1.171 -1 -1.03 -1 -1.286 -1 -1.382 -1 83
-1.334 -1 -1.118 -1 -1.322 -1 -1.416 -1 65
-1.369 -1 -1.102 -1 -1.162 -1 -1.206 -1 17
-1.184 -1 -1.062 -1 -1.15 -1 -1.202 -1 34
-1.176 -1 -1.036 -1 -1.122 -1 -1.186 -1 22
-1.154 -1 -1.038 -1 -1.058 -1 -1.088 -1 5
-1.073 -1 -1.014 -1 -1.026 -1 -1.048 -1 3
-1.037 -1 -1.008 -1 -1.286 -1 -1.386 -1 96
-1.336 -1 -1.104 -1 -1.302 -1 -1.394 -1 65
-1.348 -1 -1.122 -1 -1.144 -1 -1.192 -1 7
-1.168 -1 -1.036 -1 -1.19 -1 -1.272 -1 60
-1.231 -1 -1.056 -1 -1.17 -1 -1.222 -1 28
-1.196 -1 -1.05 -1 -1.27 -1 -1.368 -1 67
-1.319 -1 -1.096 -1 -1.372 -1 -1.454 -1 99
-1.413 -1 -1.15 -1 -1.364 -1 -1.5 -1 70
-1.432 -1 -1.166 -1 -1.384 -1 -1.5 -1 85
-1.442 -1 -1.184 -1 -1.372 -1 -1.494 -1 56
-1.433 -1 -1.14 -1 -1.414 -1 -1.53 -1 94
-1.472 -1 -1.166 -1 -1.262 -1 -1.326 -1 35
-1.294 -1 -1.088 -1 -1.374 -1 -1.456 0 83
