9 1000 0.8 10 294 0 0 0 0
-3.648 -1 -3.12 -1 -3.168 -1 -3.404 -1 103
-3.286 -1 -2.818 -1 -2.896 -1 -3.202 -1 111
-3.049 -1 -2.64 -1 -2.934 -1 -3.202 -1 294
-3.068 -1 -2.576 -1 -2.824 -1 -3.206 -1 199
-3.015 -1 -2.602 -1 -2.728 -1 -3.094 -1 102
-2.911 -1 -2.486 -1 -2.548 -1 -3.09 -1 36
-2.819 -1 -2.424 -1 -2.846 -1 -3.23 -1 355
-3.038 -1 -2.59 -1 -2.798 -1 -3.11 -1 215
-2.954 -1 -2.522 -1 -2.716 -1 -3.206 -1 161
-2.961 -1 -2.52 -1 -2.636 -1 -3.094 -1 85
-2.865 -1 -2.494 -1 -2.57 -1 -3.028 -1 58
-2.799 -1 -2.396 -1 -2.866 -1 -3.14 -1 386
-3.003 -1 -2.516 -1 -2.866 -1 -3.17 -1 362
-3.018 -1 -2.536 -1 -2.97 -1 -3.286 -2 385
-3.128 -1 -2.63 -1 -2.96 -1 -3.142 -1 354
-3.051 -1 -2.578 -1 -2.87 -1 -3.228 -1 305
-3.049 -1 -2.596 -1 -2.952 -1 -3.198 -1 322
-3.075 -1 -2.636 -1 -3 -1 -3.204 -1 306
-3.102 -1 -2.626 -1 -2.894 -1 -3.21 -1 210
-3.052 -1 -2.586 -1 -2.83 -1 -3.142 -1 232
-2.986 -1 -2.53 -1 -2.896 -1 -3.172 -1 326
-3.034 -1 -2.562 -1 -2.968 -1 -3.278 -1 347
-3.123 -1 -2.664 -1 -2.694 -1 -3.07 -1 16
-2.882 -1 -2.47 -1 -2.552 -1 -3.046 -1 44
-2.799 -1 -2.438 -1 -2.886 -1 -3.122 -1 355
-3.004 -1 -2.516 -1 -2.936 -1 -3.17 -1 390
-3.053 -1 -2.596 -1 -2.984 -1 -3.258 -1 382
-3.121 -1 -2.662 -1 -2.862 -1 -3.122 -1 182
-2.992 -1 -2.546 -1 -2.986 -1 -3.202 -1 375
-3.094 -1 -2.654 -1 -2.99 -1 -3.19 -1 357
-3.09 -1 -2.66 -1 -3.002 -1 -3.246 -1 324
-3.124 -1 -2.642 -1 -2.732 -1 -3.082 -1 64
-2.907 -1 -2.52 -1 -2.822 -1 -3.148 -1 253
-2.985 -1 -2.546 -1 -2.906 -1 -3.184 -1 319
-3.045 -1 -2.618 -1 -2.934 -1 -3.236 -1 265
-3.085 -1 -2.594 -1 -2.8 -1 -3.102 -1 164
-2.951 -1 -2.564 -1 -2.638 -1 -3.04 -1 61
-2.839 -1 -2.472 -1 -2.8 -1 -3.13 -1 256
-2.965 -1 -2.552 -1 -2.664 -1 -3.048 -1 121
-2.856 -1 -2.466 -1 -2.614 -1 -3.02 -1 127
-2.817 -1 -2.44 -1 -2.65 -1 -3.086 -1 198
-2.868 -1 -2.458 -1 -2.782 -1 -3.128 -1 246
-2.955 -1 -2.532 -1 -2.778 -1 -3.19 -1 181
-2.984 -1 -2.562 -1 -2.616 -1 -2.998 -1 34
-2.807 -1 -2.378 -1 -2.546 -1 -2.95 -1 137
-2.748 -1 -2.362 -1 -2.628 -1 -3.028 -1 208
-2.828 -1 -2.394 -1 -2.698 -1 -3.006 -1 248
-2.852 -1 -2.37 -1 -2.57 -1 -3.006 -1 160
-2.788 -1 -2.364 -1 -2.798 -1 -3.026 -1 319
-2.912 -1 -2.452 -1 -2.934 -1 -3.162 -1 386
-3.048 -1 -2.568 -1 -2.958 -1 -3.25 -1 385
-3.104 -1 -2.662 -1 -2.732 -1 -3.152 -1 61
-2.942 -1 -2.492 -1 -2.896 -1 -3.21 -1 334
-3.053 -1 -2.594 -1 -2.896 -1 -3.212 -1 316
-3.054 -1 -2.594 -1 -2.902 -1 -3.166 -1 376
-3.034 -1 -2.598 -1 -2.616 -1 -3.082 -1 27
-2.849 -1 -2.482 -1 -2.82 -1 -3.118 -1 317
-2.969 -1 -2.512 -1 -2.52 -1 -3.028 -1 3
-2.774 -1 -2.39 -1 -2.724 -1 -3.098 -1 220
-2.911 -1 -2.462 -1 -2.622 -1 -3.036 -1 117
-2.829 -1 -2.456 -1 -2.62 -1 -3.062 -1 156
-2.841 -1 -2.436 -1 -2.55 -1 -2.934 -1 99
-2.742 -1 -2.328 -1 -2.572 -1 -2.97 -1 152
-2.771 -1 -2.338 -1 -2.784 -1 -3.13 -1 306
-2.957 -1 -2.434 -1 -2.858 -1 -3.19 -1 369
-3.024 -1 -2.546 -1 -2.576 -1 -3.05 -1 18
-2.813 -1 -2.41 -1 -2.622 -1 -3.07 -1 123
-2.846 -1 -2.434 -1 -2.624 -1 -2.986 -1 123
-2.805 -1 -2.394 -1 -2.552 -1 -3.004 -1 142
-2.778 -1 -2.386 -1 -2.594 -1 -2.99 -1 175
-2.792 -1 -2.378 -1 -2.4 -1 -2.934 -1 23
-2.667 -1 -2.304 -1 -2.344 -1 -2.858 -1 20
-2.601 -1 -2.252 -1 -2.568 -1 -2.95 -1 232
-2.759 -1 -2.276 -1 -2.458 -1 -2.932 -1 134
-2.695 -1 -2.294 -1 -2.732 -1 -3.084 -1 312
-2.908 -1 -2.458 -1 -2.85 -1 -3.17 -1 341
-3.01 -1 -2.542 -1 -2.932 -1 -3.224 -1 371
-3.078 -1 -2.608 -1 -2.984 -1 -3.284 -1 379
-3.134 -1 -2.662 -1 -2.862 -1 -3.144 -1 182
-3.003 -1 -2.586 -1 -2.83 -1 -3.104 -1 211
-2.967 -1 -2.55 -1 -2.722 -1 -3.09 -1 132
-2.906 -1 -2.47 -1 -2.566 -1 -3 -1 67
-2.783 -1 -2.386 -1 -2.556 -1 -2.972 -1 128
-2.764 -1 -2.394 -1 -2.702 -1 -3.096 -1 255
-2.899 -1 -2.474 -1 -2.626 -1 -3.012 -1 121
-2.819 -1 -2.402 -1 -2.594 -1 -2.998 -1 163
-2.796 -1 -2.378 -1 -2.794 -1 -3.1 -1 268
-2.947 -1 -2.452 -1 -2.724 -1 -3.06 -2 205
-2.892 -1 -2.478 -1 -2.89 -1 -3.184 -1 337
-3.037 -1 -2.58 -1 -2.828 -1 -3.086 -1 180
-2.957 -1 -2.504 -1 -2.55 -1 -3.072 -1 30
-2.811 -1 -2.422 -1 -2.86 -1 -3.128 -1 336
-2.994 -1 -2.524 -1 -2.818 -1 -3.212 -1 303
-3.015 -1 -2.542 -1 -2.634 -1 -3.05 -1 92
-2.842 -1 -2.434 -1 -2.462 -1 -2.93 -1 16
-2.696 -1 -2.374 -1 -2.548 -1 -2.97 -1 119
-2.759 -1 -2.348 -1 -2.828 -1 -3.194 -1 335
-3.011 -1 -2.556 -1 -2.9 -1 -3.222 -1 279
-3.061 -1 -2.616 -1 -2.984 -1 -3.224 -1 365
-3.104 -1 -2.63 -1 -2.63 -1 -2.966 -1 0
-2.798 -1 -2.41 -1 -2.722 -1 -3.092 -1 252
-2.907 -1 -2.476 -1 -2.746 -1 -3.088 -1 225
-2.917 -1 -2.444 -1 -2.832 -1 -3.158 -1 329
-2.995 -1 -2.568 -1 -2.872 -1 -3.176 -1 246
-3.024 -1 -2.556 -1 -2.81 -1 -3.098 -1 219
-2.954 -1 -2.526 -1 -2.576 -1 -2.904 -1 39
-2.74 -1 -2.344 -1 -2.57 -1 -2.978 -1 150
-2.774 -1 -2.326 -1 -2.532 -1 -2.986 -1 120
-2.759 -1 -2.334 -1 -2.604 -1 -3.01 -1 184
-2.807 -1 -2.37 -1 -2.706 -1 -3.06 -1 244
-2.883 -1 -2.416 -1 -2.83 -1 -3.112 -1 349
-2.971 -1 -2.474 -1 -2.656 -1 -3.084 -1 166
-2.87 -1 -2.418 -1 -2.698 -1 -3.13 -1 211
-2.914 -1 -2.484 -1 -2.866 -1 -3.254 -1 367
-3.06 -1 -2.58 -1 -2.68 -1 -3.024 -1 64
-2.852 -1 -2.42 -1 -2.692 -1 -3.048 -1 203
-2.87 -1 -2.434 -1 -2.436 -1 -2.922 -1 5
-2.679 -1 -2.344 -1 -2.468 -1 -2.96 -1 79
-2.714 -1 -2.316 -1 -2.724 -1 -3.064 -1 281
-2.894 -1 -2.418 -1 -2.616 -1 -3.058 -1 157
-2.837 -1 -2.412 -1 -2.728 -1 -3.11 -1 253
-2.919 -1 -2.49 -1 -2.852 -1 -3.108 -1 301
-2.98 -1 -2.46 -1 -2.922 -1 -3.236 -1 375
-3.079 -1 -2.56 -1 -2.644 -1 -3.058 -1 81
-2.851 -1 -2.418 -1 -2.512 -1 -3.016 -1 64
-2.764 -1 -2.382 -1 -2.69 -1 -3.028 -1 228
-2.859 -1 -2.428 -1 -2.794 -1 -3.156 -1 313
-2.975 -1 -2.506 -1 -2.552 -1 -3.062 -1 38
-2.807 -1 -2.37 -1 -2.524 -1 -3.006 -1 106
-2.765 -1 -2.374 -1 -2.65 -1 -3.038 -1 208
-2.844 -1 -2.428 -1 -2.672 -1 -3.068 -1 179
-2.87 -1 -2.454 -1 -2.834 -1 -3.14 -1 366
-2.987 -1 -2.534 -1 -2.714 -1 -3.072 -1 148
-2.893 -1 -2.464 -1 -2.772 -1 -3.112 -1 262
-2.942 -1 -2.484 -1 -2.812 -1 -3.202 -1 314
-3.007 -1 -2.534 -1 -2.87 -1 -3.144 -1 332
-3.007 -1 -2.512 -1 -2.722 -1 -3.082 -1 182
-2.902 -1 -2.48 -1 -2.644 -1 -3.072 -1 104
-2.858 -1 -2.434 -1 -2.526 -1 -2.958 -1 56
-2.742 -1 -2.354 -1 -2.652 -1 -3.106 -1 159
-2.879 -1 -2.416 -1 -2.606 -1 -2.982 -1 119
-2.794 -1 -2.402 -1 -2.528 -1 -2.98 -1 86
-2.754 -1 -2.338 -1 -2.474 -1 -2.936 -1 83
-2.705 -1 -2.332 -1 -2.348 -1 -2.898 -1 7
-2.623 -1 -2.27 -1 -2.772 -1 -3.114 -1 388
-2.943 -1 -2.474 -1 -2.57 -1 -3.07 -1 84
-2.82 -1 -2.382 -1 -2.556 -1 -3.01 -1 113
-2.783 -1 -2.358 -1 -2.728 -1 -3.108 -1 231
-2.918 -1 -2.454 -1 -2.628 -1 -3.136 -2 112
-2.882 -1 -2.456 -1 -2.644 -1 -3.092 -1 130
-2.868 -1 -2.43 -1 -2.752 -1 -3.08 -1 254
-2.916 -1 -2.456 -1 -2.84 -1 -3.192 -1 385
-3.016 -1 -2.572 -1 -2.928 -1 -3.144 -1 337
-3.036 -1 -2.556 -1 -2.68 -1 -3.038 -1 100
-2.859 -1 -2.406 -1 -2.844 -1 -3.176 -1 365
-3.01 -1 -2.55 -1 -2.758 -1 -3.096 -1 168
-2.927 -1 -2.464 -1 -2.82 -1 -3.184 -1 303
-3.002 -1 -2.54 -1 -2.752 -1 -3.11 -1 207
-2.931 -1 -2.476 -1 -2.818 -1 -3.068 -1 249
-2.943 -1 -2.508 -1 -2.902 -1 -3.236 -1 358
-3.069 -1 -2.584 -1 -2.816 -1 -3.238 -1 251
-3.027 -1 -2.558 -1 -2.866 -1 -3.136 -1 337
-3.001 -1 -2.55 -1 -2.836 -1 -3.136 -1 293
-2.986 -1 -2.552 -1 -2.746 -1 -3.08 -1 192
-2.913 -1 -2.476 -1 -2.73 -1 -3.064 -1 211
-2.897 -1 -2.462 -1 -2.464 -1 -2.948 -1 11
-2.706 -1 -2.344 -1 -2.694 -1 -3.09 -1 255
-2.892 -1 -2.504 -1 -2.734 -1 -3.144 -1 187
-2.939 -1 -2.498 -1 -2.686 -1 -3.096 -1 172
-2.891 -1 -2.5 -1 -2.64 -1 -3.072 -1 83
-2.856 -1 -2.412 -1 -2.674 -1 -3.138 -1 213
-2.906 -1 -2.478 -1 -2.6 -1 -3.082 -1 83
-2.841 -1 -2.458 -1 -2.882 -1 -3.204 -1 362
-3.043 -1 -2.574 -1 -2.936 -1 -3.224 -1 385
-3.08 -1 -2.614 -1 -2.882 -1 -3.228 -1 246
-3.055 -1 -2.598 -1 -2.912 -1 -3.19 -1 349
-3.051 -1 -2.588 -1 -2.72 -1 -3.088 -1 103
-2.904 -1 -2.46 -1 -2.604 -1 -3.002 -1 99
-2.803 -1 -2.39 -1 -2.648 -1 -3.034 -1 172
-2.841 -1 -2.4 -1 -2.478 -1 -2.956 -1 37
-2.717 -1 -2.34 -1 -2.34 -1 -2.876 -1 2
-2.608 -1 -2.292 -1 -2.6 -1 -3.04 -1 200
-2.82 -1 -2.402 -1 -2.402 -1 -2.904 -1 0
-2.653 -1 -2.3 -1 -2.514 -1 -3.022 -1 143
-2.768 -1 -2.324 -1 -2.41 -1 -2.942 -1 45
-2.676 -1 -2.314 -1 -2.578 -1 -2.994 -1 199
-2.786 -1 -2.36 -1 -2.788 -1 -3.078 -1 364
-2.933 -1 -2.46 -1 -2.85 -1 -3.192 -1 386
-3.021 -1 -2.566 -1 -2.798 -1 -3.124 -1 277
-2.961 -1 -2.536 -1 -2.66 -1 -3.036 -1 90
-2.848 -1 -2.454 -1 -2.818 -1 -3.164 -1 289
-2.991 -1 -2.516 -1 -2.544 -1 -2.968 -1 17
-2.756 -1 -2.376 -1 -2.558 -1 -2.996 -1 165
-2.777 -1 -2.362 -1 -2.586 -1 -3.052 -1 152
-2.819 -1 -2.424 -1 -2.622 -1 -3.006 -1 166
-2.814 -1 -2.4 -1 -2.762 -1 -3.136 -1 289
-2.949 -1 -2.478 -1 -2.662 -1 -3.038 -1 150
-2.85 -1 -2.426 -1 -2.796 -1 -3.18 -1 286
-2.988 -1 -2.506 -1 -2.814 -1 -3.192 -1 230
-3.003 -1 -2.536 -1 -2.858 -1 -3.162 -1 295
-3.01 -1 -2.532 -1 -2.536 -1 -2.986 -1 9
-2.761 -1 -2.366 -1 -2.632 -1 -3.052 -1 171
-2.842 -1 -2.41 -1 -2.79 -1 -3.178 -1 316
-2.984 -1 -2.494 -1 -2.566 -1 -3.056 -1 54
-2.811 -1 -2.448 -1 -2.762 -1 -3.094 -1 295
-2.928 -1 -2.468 -1 -2.852 -1 -3.086 -1 274
-2.969 -1 -2.514 -1 -2.61 -1 -2.97 -1 68
-2.79 -1 -2.392 -1 -2.862 -1 -3.126 -1 341
-2.994 -1 -2.496 -1 -2.934 -1 -3.136 -1 361
-3.035 -1 -2.548 -1 -2.574 -1 -3.01 -1 22
-2.792 -1 -2.382 -1 -2.606 -1 -3.06 -1 164
-2.833 -1 -2.394 -1 -2.764 -1 -3.126 -1 248
-2.945 -1 -2.486 -1 -2.798 -1 -3.19 -1 271
-2.994 -1 -2.538 -1 -2.578 -1 -2.974 -1 27
-2.776 -1 -2.392 -1 -2.424 -1 -2.878 -1 32
-2.651 -1 -2.29 -1 -2.392 -1 -2.94 -1 79
-2.666 -1 -2.288 -1 -2.706 -1 -3.112 -1 271
-2.909 -1 -2.448 -1 -2.742 -1 -3.076 -1 258
-2.909 -1 -2.476 -1 -2.6 -1 -3.016 -1 110
-2.808 -1 -2.406 -1 -2.438 -1 -2.924 -1 19
-2.681 -1 -2.308 -1 -2.418 -1 -2.896 -1 60
-2.657 -1 -2.282 -1 -2.782 -1 -3.076 -1 384
-2.929 -1 -2.474 -1 -2.874 -1 -3.226 -1 383
-3.05 -1 -2.572 -1 -2.688 -1 -3.042 -1 138
-2.865 -1 -2.432 -1 -2.794 -1 -3.162 -2 253
-2.978 -1 -2.532 -1 -2.906 -1 -3.23 -1 357
-3.068 -1 -2.652 -1 -2.918 -1 -3.198 -1 281
-3.058 -1 -2.65 -1 -2.944 -1 -3.206 -1 326
-3.075 -1 -2.624 -1 -2.894 -1 -3.218 -1 263
-3.056 -1 -2.568 -1 -2.952 -1 -3.218 -1 353
-3.085 -1 -2.642 -1 -2.814 -1 -3.114 -1 157
-2.964 -1 -2.522 -1 -2.558 -1 -3 -1 25
-2.779 -1 -2.378 -1 -2.796 -1 -3.13 -1 377
-2.963 -1 -2.488 -1 -2.592 -1 -3.048 -1 104
-2.82 -1 -2.408 -1 -2.646 -1 -3.058 -1 214
-2.852 -1 -2.43 -1 -2.718 -1 -3.136 -1 236
-2.927 -1 -2.484 -1 -2.574 -1 -3.056 -1 73
-2.815 -1 -2.442 -1 -2.51 -1 -2.968 -1 56
-2.739 -1 -2.356 -1 -2.71 -1 -3.098 -1 289
-2.904 -1 -2.47 -1 -2.832 -1 -3.148 -1 319
-2.99 -1 -2.552 -1 -2.556 -1 -2.966 -1 3
-2.761 -1 -2.372 -1 -2.468 -1 -2.946 -1 68
-2.707 -1 -2.326 -1 -2.792 -1 -3.156 -1 339
-2.974 -1 -2.556 -1 -2.692 -1 -3.054 -1 98
-2.873 -1 -2.442 -1 -2.726 -1 -3.1 -1 190
-2.913 -1 -2.478 -1 -2.566 -1 -2.95 -1 75
-2.758 -1 -2.384 -1 -2.646 -1 -3.052 -1 207
-2.849 -1 -2.4 -1 -2.49 -1 -2.94 -1 71
-2.715 -1 -2.302 -1 -2.61 -1 -3.022 -1 230
-2.816 -1 -2.4 -1 -2.68 -1 -3.062 -1 228
-2.871 -1 -2.426 -1 -2.818 -1 -3.082 -1 333
-2.95 -1 -2.516 -1 -2.826 -1 -3.046 -1 307
-2.936 -1 -2.47 -1 -2.906 -1 -3.096 -1 322
-3.001 -1 -2.508 -1 -2.808 -1 -3.164 -1 327
-2.986 -1 -2.5 -1 -2.712 -1 -3.076 -1 199
-2.894 -1 -2.452 -1 -2.578 -1 -3.008 -1 76
-2.793 -1 -2.398 -1 -2.872 -1 -3.128 -1 358
-3 -1 -2.518 -1 -2.904 -1 -3.112 -1 355
-3.008 -1 -2.54 -1 -2.58 -1 -2.972 -1 37
-2.776 -1 -2.378 -1 -2.396 -1 -2.92 -1 14
-2.658 -1 -2.298 -1 -2.65 -1 -3.004 -1 238
-2.827 -1 -2.42 -1 -2.498 -1 -2.988 -1 53
-2.743 -1 -2.34 -1 -2.724 -1 -3.06 -1 266
-2.892 -1 -2.414 -1 -2.658 -1 -3.002 -1 176
-2.83 -1 -2.426 -1 -2.84 -1 -3.19 -1 361
-3.015 -1 -2.566 -1 -2.862 -1 -3.18 -1 272
-3.021 -1 -2.542 -1 -2.75 -1 -3.182 -1 165
-2.966 -1 -2.504 -1 -2.892 -1 -3.164 -1 381
-3.028 -1 -2.554 -1 -2.764 -1 -3.08 -1 194
-2.922 -1 -2.456 -1 -2.638 -1 -3.046 -1 128
-2.842 -1 -2.4 -1 -2.73 -1 -3.132 -1 246
-2.931 -1 -2.48 -1 -2.558 -1 -2.976 -1 32
-2.767 -1 -2.388 -1 -2.652 -1 -2.972 -1 208
-2.812 -1 -2.426 -1 -2.666 -1 -3.072 -1 215
-2.869 -1 -2.43 -1 -2.774 -1 -3.074 -1 283
-2.924 -1 -2.45 -1 -2.686 -1 -3.046 -1 173
-2.866 -1 -2.416 -1 -2.714 -1 -3.094 -1 222
-2.904 -1 -2.444 -1 -2.742 -1 -3.04 -1 267
-2.891 -1 -2.458 -1 -2.806 -1 -3.152 -1 282
-2.979 -1 -2.506 -1 -2.864 -1 -3.204 -1 281
-3.034 -1 -2.514 -1 -2.564 -1 -3.002 -1 34
-2.783 -1 -2.408 -1 -2.712 -1 -3.05 -1 253
-2.881 -1 -2.446 -1 -2.766 -1 -3.08 -1 248
-2.923 -1 -2.528 -1 -2.612 -1 -2.964 -1 69
-2.788 -1 -2.378 -1 -2.602 -1 -2.98 -1 165
-2.791 -1 -2.386 -1 -2.722 -1 -3.094 -1 244
-2.908 -1 -2.464 -1 -2.916 -1 -3.196 -1 398
-3.056 -1 -2.566 -1 -2.596 -1 -2.988 -1 16
-2.792 -1 -2.392 -1 -2.788 -1 -3.132 -1 308
-2.96 -1 -2.506 -1 -2.724 -1 -3.056 -1 144
-2.89 -1 -2.452 -1 -2.8 -1 -3.194 -1 281
-2.997 -1 -2.544 -1 -2.94 -1 -3.16 -1 334
-3.05 -1 -2.548 -1 -2.826 -1 -3.152 -1 212
-2.989 -1 -2.508 -1 -2.622 -1 -3.074 0 83
