9 1000 0.1 1 60 0 0 0 0
-3.67 -1 -3.546 -1 -3.55 -1 -3.604 -1 3
-3.577 -1 -3.456 -1 -3.464 -1 -3.594 -1 5
-3.529 -1 -3.414 -1 -3.418 -1 -3.53 -1 8
-3.474 -1 -3.336 -1 -3.346 -1 -3.55 -1 13
-3.448 -1 -3.368 -1 -3.37 -1 -3.478 -1 8
-3.424 -1 -3.314 -1 -3.348 -1 -3.45 -2 17
-3.399 -1 -3.264 -1 -3.276 -1 -3.41 -1 44
-3.343 -1 -3.268 -1 -3.27 -1 -3.472 -1 21
-3.371 -1 -3.204 -1 -3.22 -1 -3.34 -1 10
-3.28 -1 -3.118 -1 -3.126 -1 -3.352 -1 22
-3.239 -1 -3.086 -1 -3.112 -1 -3.358 -1 27
-3.235 -1 -3.086 -1 -3.088 -1 -3.358 -1 21
-3.223 -1 -3.102 -1 -3.132 -1 -3.276 -1 28
-3.204 -1 -3.082 -1 -3.098 -1 -3.252 -1 39
-3.175 -1 -3.054 -1 -3.082 -1 -3.318 -1 40
-3.2 -1 -3.044 -1 -3.086 -1 -3.292 -1 47
-3.189 -1 -3.048 -1 -3.058 -1 -3.224 -1 12
-3.141 -1 -3.016 -1 -3.034 -1 -3.272 -1 21
-3.153 -1 -3.034 -1 -3.04 -1 -3.23 -1 7
-3.135 -1 -3.02 -1 -3.064 -1 -3.236 -1 41
-3.15 -1 -3.006 -1 -3.012 -1 -3.284 -1 39
-3.148 -1 -3.034 -1 -3.054 -1 -3.252 -1 32
-3.153 -1 -3.016 -1 -3.044 -1 -3.17 -1 27
-3.107 -1 -2.968 -1 -3.002 -1 -3.182 -1 23
-3.092 -1 -2.97 -1 -2.972 -1 -3.19 -1 17
-3.081 -1 -2.938 -1 -2.986 -1 -3.258 -1 26
-3.122 -1 -2.986 -1 -3.014 -1 -3.278 -1 49
-3.146 -1 -3.036 -1 -3.038 -1 -3.2 -1 16
-3.119 -1 -3.022 -1 -3.042 -1 -3.224 -1 10
-3.133 -1 -3.032 -1 -3.036 -1 -3.278 -1 6
-3.157 -1 -3.04 -1 -3.036 -1 -3.264 -1 10
-3.15 -1 -2.982 -1 -2.982 -1 -3.154 -1 1
-3.068 -1 -2.946 -1 -2.946 -1 -3.218 -1 2
-3.082 -1 -2.932 -1 -2.946 -1 -3.166 -1 10
-3.056 -1 -2.916 -1 -2.922 -1 -3.2 -1 20
-3.061 -1 -2.924 -1 -2.93 -1 -3.14 -1 4
-3.035 -1 -2.902 -1 -2.948 -1 -3.156 -1 44
-3.052 -1 -2.956 -1 -2.952 -1 -3.124 -1 1
-3.038 -1 -2.898 -1 -2.942 -1 -3.188 -1 37
-3.065 -1 -2.88 -1 -2.916 -1 -3.136 -1 22
-3.026 -1 -2.898 -1 -2.926 -1 -3.144 -1 43
-3.035 -1 -2.922 -1 -2.974 -1 -3.176 -1 47
-3.075 -1 -2.96 -1 -2.966 -1 -3.218 -1 3
-3.092 -1 -2.922 -1 -2.93 -1 -3.224 -1 26
-3.077 -1 -2.944 -1 -2.986 -1 -3.138 -1 44
-3.062 -1 -2.918 -1 -2.964 -1 -3.19 -1 41
-3.077 -1 -2.96 -1 -2.974 -1 -3.186 -1 28
-3.08 -1 -2.972 -1 -3.026 -1 -3.186 -1 41
-3.106 -1 -2.966 -1 -2.98 -1 -3.142 -1 25
-3.061 -1 -2.92 -1 -2.93 -1 -3.144 -1 9
-3.037 -1 -2.908 -1 -2.956 -1 -3.198 -1 32
-3.077 -1 -2.926 -1 -2.938 -1 -3.116 -1 9
-3.027 -1 -2.928 -1 -2.964 -1 -3.178 -1 32
-3.071 -1 -2.92 -1 -2.922 -1 -3.154 -1 11
-3.038 -1 -2.878 -1 -2.9 -1 -3.154 -1 7
-3.027 -1 -2.842 -1 -2.882 -1 -3.114 -1 34
-2.998 -1 -2.864 -1 -2.888 -1 -3.08 -1 22
-2.984 -1 -2.86 -1 -2.91 -1 -3.114 -1 41
-3.012 -1 -2.9 -1 -2.938 -1 -3.12 -1 38
-3.029 -1 -2.88 -1 -2.878 -1 -3.074 0 15
