10 1000 0 4 45 0 0 0 0
-3.786 -2 -3.414 -2 -3.414 -2 -3.606 -2 0
-3.51 -2 -3.126 -2 -3.126 -2 -3.472 -2 0
-3.299 -2 -2.998 -2 -2.998 -2 -3.302 -1 0
-3.15 -1 -2.844 -1 -2.844 -1 -3.246 -1 0
-3.045 -1 -2.762 -1 -2.762 -1 -3.218 -1 0
-2.99 -1 -2.658 -1 -2.658 -1 -3.126 -1 0
-2.892 -1 -2.596 -1 -2.596 -1 -3.026 -1 0
-2.811 -1 -2.54 -1 -2.54 -1 -3.066 -1 0
-2.803 -1 -2.536 -1 -2.536 -1 -3.01 -1 0
-2.773 -1 -2.49 -1 -2.49 -1 -3.028 -1 0
-2.759 -1 -2.45 -1 -2.45 -1 -2.924 -1 0
-2.687 -1 -2.44 -1 -2.44 -1 -2.902 -1 0
-2.671 -1 -2.404 -1 -2.404 -1 -2.896 -1 0
-2.65 -1 -2.396 -1 -2.396 -1 -2.866 -1 0
-2.631 -1 -2.362 -1 -2.362 -1 -2.88 -1 0
-2.621 -1 -2.346 -1 -2.346 -1 -2.768 -1 0
-2.557 -1 -2.29 -1 -2.29 -1 -2.872 -1 0
-2.581 -1 -2.306 -1 -2.306 -1 -2.81 -1 0
-2.558 -1 -2.302 -1 -2.302 -1 -2.82 -1 0
-2.561 -1 -2.256 -1 -2.256 -1 -2.818 -1 0
-2.537 -1 -2.244 -1 -2.244 -1 -2.772 -1 0
-2.508 -1 -2.238 -1 -2.238 -1 -2.816 -1 0
-2.527 -1 -2.28 -1 -2.28 -1 -2.854 -1 0
-2.567 -1 -2.264 -1 -2.264 -1 -2.84 -1 0
-2.552 -1 -2.3 -1 -2.3 -1 -2.738 -1 0
-2.519 -1 -2.202 -1 -2.202 -1 -2.67 -1 0
-2.436 -1 -2.142 -1 -2.142 -1 -2.624 -1 0
-2.383 -1 -2.116 -1 -2.116 -1 -2.628 -1 0
-2.372 -1 -2.138 -1 -2.138 -1 -2.606 -1 0
-2.372 -1 -2.104 -1 -2.104 -1 -2.672 -1 0
-2.388 -1 -2.154 -1 -2.154 -1 -2.648 -1 0
-2.401 -1 -2.122 -1 -2.122 -1 -2.642 -1 0
-2.382 -1 -2.102 -1 -2.102 -1 -2.532 -1 0
-2.317 -1 -2.084 -1 -2.084 -1 -2.544 -1 0
-2.314 -1 -2.064 -1 -2.064 -1 -2.586 -1 0
-2.325 -1 -2.054 -1 -2.054 -1 -2.56 -1 0
-2.307 -1 -2.032 -1 -2.032 -1 -2.534 -1 0
-2.283 -1 -1.998 -1 -1.998 -1 -2.438 -1 0
-2.218 -1 -1.952 -1 -1.952 -1 -2.418 -1 0
-2.185 -1 -1.884 -1 -1.884 -1 -2.386 -1 0
-2.135 -1 -1.85 -1 -1.85 -1 -2.294 -1 0
-2.072 -1 -1.8 -1 -1.8 -1 -2.238 -1 0
-2.019 -1 -1.756 -1 -1.756 -1 -2.244 -1 0
-2 -1 -1.732 -1 -1.732 -1 -2.126 -1 0
-1.929 -1 -1.666 -1 -1.666 -1 -2.108 0 0
