7 1000 1 10 20 0 0 0 0
-3.226 -1 -2.71 -1 -2.854 -1 -3.108 -1 266
-2.981 -1 -2.574 -1 -2.65 -1 -2.95 -1 127
-2.8 -1 -2.37 -1 -2.604 -1 -2.912 -1 223
-2.758 -1 -2.342 -1 -2.568 -1 -2.85 -1 237
-2.709 -1 -2.308 -1 -2.314 -1 -2.684 -1 7
-2.499 -1 -2.144 -1 -2.554 -1 -2.834 -1 325
-2.694 -1 -2.264 -1 -2.71 -1 -2.92 -1 498
-2.815 -1 -2.372 -1 -2.642 -1 -2.888 -1 313
-2.765 -1 -2.33 -1 -2.588 -1 -2.828 -1 291
-2.708 -1 -2.276 -1 -2.556 -1 -2.85 -1 277
-2.703 -1 -2.222 -1 -2.668 -1 -2.896 -1 480
-2.782 -1 -2.35 -1 -2.6 -1 -2.828 -1 252
-2.714 -1 -2.282 -1 -2.344 -1 -2.71 -1 75
-2.527 -1 -2.142 -1 -2.502 -1 -2.85 -1 406
-2.676 -1 -2.246 -1 -2.666 -1 -2.894 -1 406
-2.78 -1 -2.326 -1 -2.716 -1 -2.894 -1 454
-2.805 -1 -2.324 -1 -2.548 -1 -2.866 -1 219
-2.707 -1 -2.274 -1 -2.562 -1 -2.864 -1 247
-2.713 -1 -2.31 -1 -2.36 -1 -2.756 -1 52
-2.558 -1 -2.164 -1 -2.394 -1 -2.712 0 202
