10 1000 0.2 1 268 0 0 0 0
-3.754 -1 -3.566 -1 -3.562 -1 -3.662 -1 50
-3.612 -1 -3.482 -1 -3.484 -1 -3.682 -1 28
-3.583 -1 -3.436 -1 -3.454 -1 -3.534 -1 20
-3.494 -1 -3.42 -1 -3.418 -1 -3.614 -1 63
-3.516 -1 -3.378 -1 -3.4 -1 -3.528 -1 42
-3.464 -1 -3.34 -1 -3.38 -1 -3.556 -1 79
-3.468 -1 -3.344 -1 -3.346 -1 -3.5 -1 8
-3.423 -1 -3.228 -1 -3.24 -1 -3.502 -2 11
-3.371 -1 -3.216 -1 -3.276 -1 -3.464 -1 92
-3.37 -1 -3.226 -1 -3.306 -1 -3.534 -1 78
-3.42 -1 -3.274 -1 -3.358 -1 -3.534 -2 93
-3.446 -1 -3.302 -1 -3.316 -1 -3.47 -1 81
-3.393 -1 -3.216 -1 -3.224 -1 -3.5 -1 18
-3.362 -1 -3.214 -1 -3.28 -1 -3.452 -1 66
-3.366 -1 -3.224 -1 -3.23 -1 -3.428 -1 3
-3.329 -1 -3.214 -1 -3.228 -1 -3.316 -1 11
-3.272 -1 -3.152 -1 -3.214 -1 -3.392 -1 48
-3.303 -1 -3.228 -1 -3.254 -1 -3.456 -1 27
-3.355 -1 -3.234 -1 -3.268 -1 -3.44 -1 88
-3.354 -1 -3.246 -1 -3.294 -1 -3.426 -1 35
-3.36 -1 -3.228 -1 -3.228 -1 -3.404 -1 0
-3.316 -1 -3.212 -1 -3.246 -1 -3.434 -1 34
-3.34 -1 -3.224 -1 -3.246 -1 -3.416 -1 18
-3.331 -1 -3.162 -1 -3.186 -1 -3.398 -1 55
-3.292 -1 -3.156 -1 -3.21 -1 -3.41 -1 89
-3.31 -1 -3.194 -1 -3.232 -1 -3.416 -1 83
-3.324 -1 -3.204 -1 -3.23 -1 -3.414 -1 41
-3.322 -1 -3.202 -1 -3.23 -1 -3.374 -1 37
-3.302 -1 -3.186 -1 -3.238 -1 -3.388 -1 66
-3.313 -1 -3.144 -1 -3.2 -1 -3.39 -1 82
-3.295 -1 -3.142 -1 -3.144 -1 -3.362 -1 15
-3.253 -1 -3.122 -2 -3.182 -2 -3.378 -1 59
-3.28 -1 -3.158 -1 -3.192 -1 -3.358 -2 60
-3.275 -1 -3.166 -2 -3.202 -2 -3.458 -1 49
-3.33 -1 -3.222 -1 -3.208 -1 -3.428 -1 18
-3.318 -1 -3.17 -1 -3.214 -1 -3.318 -2 66
-3.266 -1 -3.146 -1 -3.186 -1 -3.448 -1 68
-3.317 -1 -3.21 -1 -3.248 -1 -3.422 -1 40
-3.335 -1 -3.206 -1 -3.292 -1 -3.454 -1 98
-3.373 -1 -3.234 -1 -3.248 -1 -3.454 -2 29
-3.351 -1 -3.23 -1 -3.286 -1 -3.532 -1 84
-3.409 -1 -3.284 -1 -3.338 -1 -3.47 -1 84
-3.404 -1 -3.25 -1 -3.284 -1 -3.486 -1 93
-3.385 -1 -3.228 -1 -3.244 -1 -3.466 -1 28
-3.355 -1 -3.232 -1 -3.278 -1 -3.422 -1 92
-3.35 -1 -3.232 -1 -3.302 -1 -3.496 -1 62
-3.399 -1 -3.28 -1 -3.284 -1 -3.416 -1 13
-3.35 -1 -3.24 -1 -3.292 -1 -3.5 -1 74
-3.396 -1 -3.232 -1 -3.272 -1 -3.412 -1 64
-3.342 -1 -3.242 -1 -3.288 -1 -3.49 -1 72
-3.389 -1 -3.268 -1 -3.332 -1 -3.458 -1 49
-3.395 -1 -3.286 -1 -3.342 -1 -3.502 -1 94
-3.422 -1 -3.292 -1 -3.306 -1 -3.51 -1 24
-3.408 -1 -3.324 -1 -3.33 -1 -3.518 -1 7
-3.424 -1 -3.28 -1 -3.286 -1 -3.488 -1 3
-3.387 -1 -3.238 -1 -3.252 -1 -3.434 -1 31
-3.343 -1 -3.166 -1 -3.21 -1 -3.364 -1 40
-3.287 -1 -3.086 -1 -3.108 -1 -3.288 -1 27
-3.198 -1 -3.082 -1 -3.128 -1 -3.344 -1 71
-3.236 -1 -3.112 -1 -3.164 -1 -3.38 -1 55
-3.272 -1 -3.126 -1 -3.184 -1 -3.368 -1 97
-3.276 -1 -3.1 -1 -3.112 -1 -3.414 -1 26
-3.263 -1 -3.146 -1 -3.144 -1 -3.44 -1 1
-3.292 -1 -3.15 -1 -3.216 -1 -3.364 -1 69
-3.29 -1 -3.174 -1 -3.17 -1 -3.306 -1 14
-3.238 -1 -3.094 -1 -3.112 -1 -3.392 -1 20
-3.252 -1 -3.106 -1 -3.144 -1 -3.324 -1 78
-3.234 -1 -3.106 -1 -3.106 -1 -3.326 -1 1
-3.216 -1 -3.058 -1 -3.072 -1 -3.284 -1 10
-3.178 -1 -3.002 -1 -3.036 -1 -3.252 -1 39
-3.144 -1 -2.986 -1 -3.046 -1 -3.364 -1 45
-3.205 -1 -3.044 -1 -3.11 -1 -3.332 -1 86
-3.221 -1 -3.108 -1 -3.108 -1 -3.352 -2 22
-3.23 -1 -3.062 -1 -3.096 -1 -3.404 -2 60
-3.25 -1 -3.106 -1 -3.106 -1 -3.34 -1 0
-3.223 -1 -3.112 -1 -3.164 -1 -3.386 -1 45
-3.275 -1 -3.146 -1 -3.198 -1 -3.3 -1 84
-3.249 -1 -3.208 -1 -3.218 -1 -3.4 -1 43
-3.309 -1 -3.172 -1 -3.238 -1 -3.464 -2 85
-3.351 -1 -3.292 -1 -3.316 -1 -3.498 -1 35
-3.407 -1 -3.256 -1 -3.28 -1 -3.454 -2 52
-3.367 -1 -3.236 -1 -3.292 -1 -3.474 -1 66
-3.383 -1 -3.21 -1 -3.24 -1 -3.388 -1 74
-3.314 -1 -3.154 -1 -3.174 -1 -3.442 -2 71
-3.308 -1 -3.154 -1 -3.164 -1 -3.334 -1 53
-3.249 -1 -3.084 -1 -3.144 -1 -3.474 -1 96
-3.309 -1 -3.184 -1 -3.2 -1 -3.37 -1 8
-3.285 -1 -3.15 -1 -3.19 -1 -3.41 -1 83
-3.3 -1 -3.162 -1 -3.216 -1 -3.368 -1 83
-3.292 -1 -3.206 -1 -3.216 -1 -3.44 -1 13
-3.328 -1 -3.156 -1 -3.176 -1 -3.394 -1 34
-3.285 -1 -3.178 -1 -3.212 -1 -3.378 -1 69
-3.295 -1 -3.21 -1 -3.25 -1 -3.324 -1 73
-3.287 -1 -3.186 -1 -3.216 -1 -3.36 -1 33
-3.288 -1 -3.136 -1 -3.21 -1 -3.35 -1 98
-3.28 -1 -3.112 -1 -3.188 -1 -3.396 -1 79
-3.292 -1 -3.13 -1 -3.188 -1 -3.4 -1 77
-3.294 -1 -3.214 -1 -3.218 -1 -3.416 -1 8
-3.317 -1 -3.184 -1 -3.232 -1 -3.416 -1 45
-3.324 -1 -3.186 -1 -3.23 -1 -3.466 -1 97
-3.348 -1 -3.222 -1 -3.286 -1 -3.422 -1 53
-3.354 -1 -3.22 -1 -3.242 -1 -3.328 -1 24
-3.285 -1 -3.154 -1 -3.17 -1 -3.36 -1 74
-3.265 -1 -3.104 -1 -3.106 -1 -3.396 -1 16
-3.251 -1 -3.062 -1 -3.108 -1 -3.38 -2 60
-3.244 -1 -3.158 -1 -3.192 -1 -3.402 -1 45
-3.297 -1 -3.156 -1 -3.208 -1 -3.4 -1 73
-3.304 -1 -3.126 -1 -3.156 -1 -3.348 -1 47
-3.252 -1 -3.114 -1 -3.162 -1 -3.344 -2 67
-3.253 -1 -3.17 -1 -3.196 -1 -3.286 -1 71
-3.241 -1 -3.054 -1 -3.056 -1 -3.362 -1 3
-3.209 -1 -3.092 -1 -3.098 -1 -3.336 -1 5
-3.217 -1 -3.038 -1 -3.13 -1 -3.342 -1 96
-3.236 -1 -3.106 -1 -3.176 -1 -3.356 -1 84
-3.266 -1 -3.124 -1 -3.172 -1 -3.36 -1 91
-3.266 -1 -3.134 -1 -3.148 -1 -3.328 -1 22
-3.238 -1 -3.092 -1 -3.116 -1 -3.376 -2 66
-3.246 -1 -3.09 -1 -3.14 -1 -3.282 -1 52
-3.211 -1 -3.12 -1 -3.2 -1 -3.394 -1 86
-3.297 -1 -3.156 -1 -3.17 -1 -3.32 -2 12
-3.245 -1 -3.138 -1 -3.176 -1 -3.334 -1 36
-3.255 -1 -3.142 -1 -3.198 -1 -3.474 -1 49
-3.336 -1 -3.22 -1 -3.226 -1 -3.396 -1 6
-3.311 -1 -3.164 -1 -3.174 -1 -3.41 -1 82
-3.292 -1 -3.152 -1 -3.17 -1 -3.398 -1 32
-3.284 -1 -3.142 -1 -3.196 -1 -3.404 -1 97
-3.3 -1 -3.152 -1 -3.186 -1 -3.448 -2 41
-3.317 -1 -3.202 -1 -3.25 -1 -3.388 -1 87
-3.319 -1 -3.148 -1 -3.186 -1 -3.398 -2 53
-3.292 -1 -3.176 -1 -3.198 -1 -3.336 -1 15
-3.267 -1 -3.138 -1 -3.17 -1 -3.362 -1 34
-3.266 -1 -3.126 -1 -3.128 -1 -3.272 -2 3
-3.2 -1 -3.104 -1 -3.104 -1 -3.362 -1 5
-3.233 -1 -3.104 -1 -3.156 -1 -3.346 -1 86
-3.251 -1 -3.092 -1 -3.18 -1 -3.416 -1 96
-3.298 -1 -3.174 -1 -3.19 -1 -3.4 -1 32
-3.295 -1 -3.18 -1 -3.204 -1 -3.406 -1 62
-3.305 -1 -3.184 -1 -3.198 -1 -3.348 -1 15
-3.273 -1 -3.136 -1 -3.152 -1 -3.316 -1 7
-3.234 -1 -3.104 -1 -3.116 -1 -3.36 -1 10
-3.238 -1 -3.116 -1 -3.152 -1 -3.426 -1 67
-3.289 -1 -3.08 -1 -3.156 -1 -3.298 -1 85
-3.227 -1 -3.078 -1 -3.118 -1 -3.344 -1 87
-3.231 -1 -3.114 -1 -3.168 -1 -3.244 -1 70
-3.206 -1 -3.056 -1 -3.072 -1 -3.33 -1 22
-3.201 -1 -3.024 -1 -3.044 -1 -3.222 -1 11
-3.133 -1 -3.012 -1 -3.018 -1 -3.314 -1 5
-3.166 -1 -3 -1 -3.006 -1 -3.26 -1 9
-3.133 -1 -3.044 -1 -3.052 -1 -3.22 -1 19
-3.136 -1 -3.02 -1 -3.062 -1 -3.232 -1 43
-3.147 -1 -3.032 -1 -3.094 -1 -3.318 -1 59
-3.206 -1 -3.13 -1 -3.208 -1 -3.422 -1 90
-3.315 -1 -3.17 -1 -3.204 -1 -3.466 -1 71
-3.335 -1 -3.194 -1 -3.246 -1 -3.42 -1 77
-3.333 -1 -3.184 -1 -3.212 -1 -3.404 -1 19
-3.308 -1 -3.182 -1 -3.192 -1 -3.382 -1 12
-3.287 -1 -3.162 -1 -3.182 -1 -3.382 -1 41
-3.282 -1 -3.116 -1 -3.122 -1 -3.34 -1 5
-3.231 -1 -3.104 -1 -3.142 -1 -3.386 -1 50
-3.264 -1 -3.11 -1 -3.12 -1 -3.318 -1 42
-3.219 -1 -3.074 -1 -3.076 -1 -3.346 -1 6
-3.211 -1 -3.056 -1 -3.066 -1 -3.246 -1 23
-3.156 -1 -2.99 -1 -3.042 -1 -3.282 -2 30
-3.162 -1 -3.048 -1 -3.052 -1 -3.266 -1 11
-3.159 -1 -3.076 -1 -3.146 -1 -3.39 -2 88
-3.268 -1 -3.168 -1 -3.228 -1 -3.398 -1 44
-3.313 -1 -3.184 -1 -3.188 -1 -3.28 -1 7
-3.234 -1 -3.08 -1 -3.1 -1 -3.28 -1 35
-3.19 -1 -3.062 -1 -3.074 -1 -3.352 -1 30
-3.213 -1 -3.11 -1 -3.112 -1 -3.31 -1 27
-3.211 -1 -3.03 -1 -3.052 -1 -3.22 -1 54
-3.136 -1 -3.028 -1 -3.072 -1 -3.29 -1 34
-3.181 -1 -3.014 -1 -3.062 -1 -3.284 -1 43
-3.173 -1 -3.104 -1 -3.126 -1 -3.37 -1 11
-3.248 -1 -3.126 -1 -3.128 -1 -3.292 -1 5
-3.21 -1 -3.024 -1 -3.024 -1 -3.274 -1 0
-3.149 -1 -2.928 -1 -3.028 -1 -3.232 -1 95
-3.13 -1 -3.042 -1 -3.106 -1 -3.27 -1 40
-3.188 -1 -3.046 -1 -3.054 -1 -3.252 -2 21
-3.153 -1 -3.066 -1 -3.104 -1 -3.322 -1 51
-3.213 -1 -3.076 -1 -3.088 -1 -3.288 -1 45
-3.188 -1 -3.024 -1 -3.102 -1 -3.402 -1 90
-3.252 -1 -3.084 -1 -3.148 -1 -3.388 -1 71
-3.268 -1 -3.084 -1 -3.17 -1 -3.378 -1 91
-3.274 -1 -3.128 -1 -3.15 -1 -3.374 -1 47
-3.262 -1 -3.168 -1 -3.214 -1 -3.326 -1 85
-3.27 -1 -3.128 -1 -3.122 -1 -3.39 -1 13
-3.256 -1 -3.154 -1 -3.25 -1 -3.424 -1 90
-3.337 -1 -3.192 -1 -3.22 -1 -3.412 -1 63
-3.316 -1 -3.22 -1 -3.282 -1 -3.442 -1 70
-3.362 -1 -3.174 -1 -3.22 -1 -3.372 -1 72
-3.296 -1 -3.198 -1 -3.204 -1 -3.326 -1 24
-3.265 -1 -3.124 -1 -3.154 -1 -3.382 -1 30
-3.268 -1 -3.198 -1 -3.244 -1 -3.39 -1 81
-3.317 -1 -3.176 -1 -3.216 -1 -3.39 -1 27
-3.303 -1 -3.188 -1 -3.2 -1 -3.368 -1 26
-3.284 -1 -3.13 -1 -3.132 -1 -3.372 -1 2
-3.252 -1 -3.088 -1 -3.088 -1 -3.284 -1 9
-3.186 -1 -3.068 -1 -3.13 -1 -3.272 -1 82
-3.201 -1 -3.034 -1 -3.118 -1 -3.374 -2 90
-3.246 -1 -3.13 -1 -3.198 -1 -3.35 -1 97
-3.274 -1 -3.178 -1 -3.198 -1 -3.406 -2 26
-3.302 -1 -3.18 -1 -3.182 -1 -3.418 -1 10
-3.3 -1 -3.19 -1 -3.27 -1 -3.372 -1 79
-3.321 -1 -3.19 -1 -3.21 -1 -3.372 -1 13
-3.291 -1 -3.198 -1 -3.216 -1 -3.388 -1 18
-3.302 -1 -3.204 -1 -3.214 -1 -3.412 -1 7
-3.313 -1 -3.188 -1 -3.248 -1 -3.432 -1 51
-3.34 -1 -3.184 -1 -3.25 -1 -3.366 -1 84
-3.308 -1 -3.174 -1 -3.18 -1 -3.428 -1 21
-3.304 -1 -3.148 -1 -3.17 -1 -3.35 -1 52
-3.26 -1 -3.122 -1 -3.144 -1 -3.276 -2 34
-3.21 -1 -3.056 -1 -3.072 -1 -3.322 -1 22
-3.197 -1 -3.052 -1 -3.14 -1 -3.362 -2 91
-3.251 -1 -3.114 -1 -3.114 -1 -3.362 -1 0
-3.238 -1 -3.136 -1 -3.202 -1 -3.34 -1 89
-3.271 -1 -3.114 -1 -3.136 -1 -3.39 -1 78
-3.263 -1 -3.136 -1 -3.144 -1 -3.336 -1 14
-3.24 -1 -3.104 -1 -3.14 -1 -3.374 -1 33
-3.257 -1 -3.132 -1 -3.16 -1 -3.372 -2 60
-3.266 -1 -3.134 -1 -3.148 -1 -3.274 -1 30
-3.211 -1 -3.058 -1 -3.078 -1 -3.27 -1 42
-3.174 -1 -3.046 -1 -3.058 -1 -3.286 -1 15
-3.172 -1 -3.048 -1 -3.072 -1 -3.292 -1 51
-3.182 -1 -3.054 -1 -3.074 -1 -3.262 -1 40
-3.168 -1 -3.008 -1 -3.042 -1 -3.338 -1 70
-3.19 -1 -3.078 -1 -3.11 -1 -3.296 -1 58
-3.203 -1 -3.08 -1 -3.078 -1 -3.278 -1 17
-3.178 -1 -3.032 -1 -3.102 -1 -3.334 -1 62
-3.218 -1 -3.124 -1 -3.142 -1 -3.358 -1 39
-3.25 -1 -3.168 -1 -3.174 -1 -3.328 -1 42
-3.251 -1 -3.096 -1 -3.14 -1 -3.378 -1 74
-3.259 -1 -3.102 -1 -3.108 -1 -3.33 -1 16
-3.219 -1 -3.048 -1 -3.064 -1 -3.312 -1 17
-3.188 -1 -3.064 -1 -3.064 -1 -3.316 -1 0
-3.19 -1 -3.08 -1 -3.142 -1 -3.356 -1 59
-3.249 -1 -3.112 -1 -3.116 -1 -3.328 -1 12
-3.222 -1 -3.076 -1 -3.122 -1 -3.354 -2 66
-3.238 -1 -3.156 -1 -3.178 -2 -3.318 -1 29
-3.248 -1 -3.158 -1 -3.208 -1 -3.396 -2 49
-3.302 -1 -3.174 -1 -3.206 -1 -3.348 -1 57
-3.277 -1 -3.144 -1 -3.14 -1 -3.378 -1 21
-3.259 -1 -3.148 -1 -3.194 -1 -3.32 -1 58
-3.257 -1 -3.132 -1 -3.142 -1 -3.316 -1 19
-3.229 -1 -3.074 -1 -3.104 -1 -3.408 -1 38
-3.256 -1 -3.128 -1 -3.144 -1 -3.348 -1 32
-3.246 -1 -3.14 -1 -3.218 -1 -3.348 -1 92
-3.283 -1 -3.124 -1 -3.188 -1 -3.334 -1 88
-3.261 -1 -3.076 -1 -3.074 -1 -3.268 -1 1
-3.171 -1 -3.018 -1 -3.022 -1 -3.292 -1 1
-3.157 -1 -3.026 -1 -3.054 -1 -3.274 -1 46
-3.164 -1 -3.074 -1 -3.13 -1 -3.356 -1 59
-3.243 -1 -3.11 -1 -3.148 -1 -3.288 -1 50
-3.218 -1 -3.114 -1 -3.168 -1 -3.376 -1 64
-3.272 -1 -3.114 -1 -3.156 -1 -3.346 -1 71
-3.251 -1 -3.116 -1 -3.182 -1 -3.374 -1 90
-3.278 -1 -3.178 -1 -3.182 -1 -3.382 -1 15
-3.282 -1 -3.12 -1 -3.122 -1 -3.284 -1 2
-3.203 -1 -3.08 -1 -3.106 -1 -3.274 -1 27
-3.19 -1 -3.082 -1 -3.126 -1 -3.352 -1 64
-3.239 -1 -3.122 -1 -3.164 -1 -3.396 -1 81
-3.28 -1 -3.118 -1 -3.12 -1 -3.392 -1 1
-3.256 -1 -3.168 -1 -3.204 -1 -3.328 -2 58
-3.266 -1 -3.116 -2 -3.134 -2 -3.35 -1 31
-3.242 -1 -3.138 -1 -3.17 -1 -3.352 -1 54
-3.261 -1 -3.176 -1 -3.21 -1 -3.374 -1 57
-3.292 -1 -3.168 -1 -3.214 -1 -3.384 -1 65
-3.299 -1 -3.15 -1 -3.188 -1 -3.298 0 67
