7 1000 0.2 7 19 0 0 0 0
-3.304 -1 -2.824 -1 -2.864 -1 -3.1 -1 99
-2.982 -1 -2.58 -1 -2.594 -1 -2.932 -1 16
-2.763 -1 -2.43 -1 -2.448 -1 -2.78 -1 24
-2.614 -1 -2.272 -1 -2.294 -1 -2.776 -1 12
-2.535 -1 -2.194 -1 -2.196 -1 -2.682 -1 3
-2.439 -1 -2.116 -1 -2.206 -1 -2.752 -1 98
-2.479 -1 -2.136 -1 -2.278 -1 -2.72 -1 97
-2.499 -1 -2.128 -1 -2.202 -1 -2.722 -1 71
-2.462 -1 -2.122 -1 -2.124 -1 -2.618 -1 11
-2.371 -1 -2.08 -1 -2.178 -1 -2.59 -1 87
-2.384 -1 -2.046 -1 -2.058 -1 -2.518 -1 9
-2.288 -1 -1.956 -1 -1.976 -1 -2.53 -1 13
-2.253 -1 -1.896 -1 -1.984 -1 -2.5 -1 56
-2.242 -1 -1.89 -1 -1.966 -1 -2.482 -1 53
-2.224 -1 -1.876 -1 -1.93 -1 -2.482 -1 49
-2.206 -1 -1.86 -1 -1.878 -1 -2.506 -1 10
-2.192 -1 -1.878 -1 -1.902 -1 -2.416 -1 12
-2.159 -1 -1.83 -1 -1.87 -1 -2.386 -1 26
-2.128 -1 -1.798 -1 -1.862 -1 -2.416 0 36
