9 1000 0.9 6 57 0 0 0 0
-3.637 -1 -3.206 -1 -3.298 -1 -3.468 -1 241
-3.383 -1 -2.948 -1 -3.056 -1 -3.334 -1 119
-3.195 -1 -2.78 -1 -2.986 -1 -3.278 -1 278
-3.132 -1 -2.702 -1 -2.984 -1 -3.252 -1 247
-3.118 -1 -2.696 -1 -3.102 -1 -3.348 -1 433
-3.225 -1 -2.826 -1 -2.98 -1 -3.254 -1 161
-3.117 -1 -2.708 -1 -2.74 -1 -3.216 -1 34
-2.978 -1 -2.596 -1 -2.8 -1 -3.146 -1 190
-2.973 -1 -2.6 -1 -2.976 -1 -3.262 -1 368
-3.119 -1 -2.672 -1 -2.682 -1 -3.07 -1 16
-2.876 -1 -2.506 -1 -2.672 -1 -3.062 -1 130
-2.867 -1 -2.496 -1 -2.74 -1 -3.102 -1 191
-2.921 -1 -2.562 -1 -2.762 -1 -3.18 -1 159
-2.971 -1 -2.544 -1 -2.856 -1 -3.148 -1 301
-3.002 -1 -2.608 -1 -2.9 -1 -3.152 -1 304
-3.026 -1 -2.612 -1 -2.914 -1 -3.328 -1 259
-3.121 -1 -2.73 -1 -2.752 -1 -3.056 -1 44
-2.904 -1 -2.508 -1 -2.512 -1 -2.926 -1 4
-2.719 -1 -2.384 -1 -2.492 -1 -2.872 -1 47
-2.682 -1 -2.306 -1 -2.714 -1 -3.012 -1 287
-2.863 -1 -2.458 -1 -2.648 -1 -3.018 -1 137
-2.833 -1 -2.454 -1 -2.53 -1 -2.956 -1 47
-2.743 -1 -2.376 -1 -2.87 -1 -3.184 -1 386
-3.027 -1 -2.6 -1 -2.788 -1 -3.12 -1 146
-2.954 -1 -2.486 -1 -2.542 -1 -2.968 -1 40
-2.755 -1 -2.4 -1 -2.858 -1 -3.118 -1 379
-2.988 -1 -2.56 -1 -2.992 -1 -3.288 -1 405
-3.14 -1 -2.714 -1 -2.996 -1 -3.21 -1 255
-3.103 -1 -2.694 -1 -2.942 -1 -3.218 -1 254
-3.08 -1 -2.676 -1 -2.788 -1 -3.116 -1 173
-2.952 -1 -2.57 -1 -2.894 -1 -3.164 -1 350
-3.029 -1 -2.63 -1 -2.95 -1 -3.156 -1 287
-3.053 -1 -2.626 -1 -2.996 -1 -3.254 -1 441
-3.125 -1 -2.678 -1 -2.998 -1 -3.256 -1 347
-3.127 -1 -2.644 -1 -2.794 -1 -3.168 -1 144
-2.981 -1 -2.596 -1 -2.878 -1 -3.248 -1 253
-3.063 -1 -2.668 -1 -3 -1 -3.296 -1 306
-3.148 -1 -2.71 -1 -2.786 -1 -3.168 -1 65
-2.977 -1 -2.612 -1 -2.948 -1 -3.218 -1 372
-3.083 -1 -2.682 -1 -3.012 -1 -3.256 -1 360
-3.134 -1 -2.69 -1 -2.808 -1 -3.144 -2 112
-2.976 -1 -2.61 -1 -2.962 -1 -3.27 -1 267
-3.116 -1 -2.65 -1 -2.688 -1 -3.106 -1 28
-2.897 -1 -2.536 -1 -2.834 -1 -3.218 -1 306
-3.026 -1 -2.62 -1 -2.87 -1 -3.138 -1 281
-3.004 -1 -2.62 -1 -2.906 -1 -3.26 -1 263
-3.083 -1 -2.648 -1 -3.104 -1 -3.308 -1 409
-3.206 -1 -2.73 -1 -2.734 -1 -3.116 -1 7
-2.925 -1 -2.542 -1 -2.542 -1 -3.014 -1 2
-2.778 -1 -2.438 -1 -2.88 -1 -3.172 -1 355
-3.026 -1 -2.62 -1 -2.846 -1 -3.178 -1 190
-3.012 -1 -2.602 -1 -2.752 -1 -3.038 -1 139
-2.895 -1 -2.52 -1 -2.636 -1 -3.028 -1 95
-2.832 -1 -2.488 -1 -2.592 -1 -3.024 -1 94
-2.808 -1 -2.452 -1 -2.458 -1 -2.96 -1 5
-2.709 -1 -2.32 -1 -2.746 -1 -3.062 -1 330
-2.904 -1 -2.492 -1 -2.566 -1 -3.006 0 71
