6 1000 0.1 9 12 0 0 0 0
-3.018 -1 -2.54 -1 -2.566 -1 -2.85 -1 33
-2.708 -1 -2.296 -1 -2.298 -1 -2.66 -1 1
-2.479 -1 -2.118 -1 -2.128 -1 -2.546 -1 17
-2.337 -1 -1.994 -1 -2.004 -1 -2.574 -1 21
-2.289 -1 -1.968 -1 -2.032 -1 -2.458 -1 44
-2.245 -1 -1.906 -1 -1.934 -1 -2.414 -1 29
-2.174 -1 -1.822 -1 -1.828 -1 -2.386 -1 3
-2.107 -1 -1.82 -1 -1.872 -1 -2.44 -1 24
-2.156 -1 -1.82 -1 -1.84 -1 -2.346 -1 31
-2.093 -1 -1.758 -1 -1.83 -1 -2.37 -1 43
-2.1 -1 -1.77 -1 -1.816 -1 -2.286 -1 36
-2.051 -1 -1.694 -1 -1.7 -1 -2.252 0 4
