8 1000 0.8 5 56 0 0 0 0
-3.455 -1 -3.018 -1 -3.114 -1 -3.242 -1 240
-3.178 -1 -2.782 -1 -3.102 -1 -3.226 -1 360
-3.164 -1 -2.786 -1 -2.816 -1 -3.136 -1 97
-2.976 -1 -2.584 -1 -2.656 -1 -3.014 -1 75
-2.835 -1 -2.48 -1 -2.588 -1 -3.016 -1 81
-2.802 -1 -2.434 -1 -2.708 -1 -3.016 -1 233
-2.862 -1 -2.512 -1 -2.514 -1 -2.87 -1 3
-2.692 -1 -2.42 -1 -2.546 -1 -2.908 -1 101
-2.727 -1 -2.358 -1 -2.656 -1 -2.942 -1 302
-2.799 -1 -2.396 -1 -2.654 -1 -2.998 -1 215
-2.826 -1 -2.404 -1 -2.666 -1 -3.002 -1 230
-2.834 -1 -2.442 -1 -2.626 -1 -2.97 -1 169
-2.798 -1 -2.396 -1 -2.758 -1 -3.06 -1 308
-2.909 -1 -2.504 -1 -2.624 -1 -2.93 -1 154
-2.777 -1 -2.388 -1 -2.658 -1 -2.968 -1 232
-2.813 -1 -2.42 -1 -2.754 -1 -3.054 -1 318
-2.904 -1 -2.524 -1 -2.774 -1 -3.032 -1 256
-2.903 -1 -2.506 -1 -2.7 -1 -3.028 -1 199
-2.864 -1 -2.474 -1 -2.82 -1 -3.064 -1 357
-2.942 -1 -2.574 -1 -2.598 -1 -2.974 -1 33
-2.786 -1 -2.442 -1 -2.656 -1 -3.008 -1 208
-2.832 -1 -2.406 -1 -2.764 -1 -3.004 -1 332
-2.884 -1 -2.466 -1 -2.512 -1 -2.914 -1 35
-2.713 -1 -2.376 -1 -2.74 -1 -2.946 -1 358
-2.843 -1 -2.416 -1 -2.558 -1 -2.87 -1 170
-2.714 -1 -2.344 -1 -2.636 -1 -3.054 -1 296
-2.845 -1 -2.446 -1 -2.856 -1 -3.108 -1 377
-2.982 -1 -2.564 -1 -2.714 -1 -3 -1 135
-2.857 -1 -2.472 -1 -2.666 -1 -2.92 -1 201
-2.793 -1 -2.398 -1 -2.548 -1 -2.988 -1 123
-2.768 -1 -2.41 -1 -2.514 -1 -2.906 -1 107
-2.71 -1 -2.344 -1 -2.528 -1 -2.938 -1 209
-2.733 -1 -2.37 -1 -2.588 -1 -2.894 -1 217
-2.741 -1 -2.362 -1 -2.422 -1 -2.856 -1 40
-2.639 -1 -2.318 -1 -2.51 -1 -2.886 -1 168
-2.698 -1 -2.316 -1 -2.384 -1 -2.808 -1 50
-2.596 -1 -2.266 -1 -2.392 -1 -2.86 -1 80
-2.626 -1 -2.3 -1 -2.758 -1 -2.934 -1 376
-2.846 -1 -2.438 -1 -2.606 -1 -2.984 -1 160
-2.795 -1 -2.438 -1 -2.614 -1 -2.908 -1 167
-2.761 -1 -2.382 -1 -2.706 -1 -3.056 -1 249
-2.881 -1 -2.482 -1 -2.496 -1 -2.876 -1 12
-2.686 -1 -2.334 -1 -2.642 -1 -3 -1 234
-2.821 -1 -2.44 -1 -2.794 -1 -3.028 -1 364
-2.911 -1 -2.544 -1 -2.912 -1 -3.146 -1 386
-3.029 -1 -2.642 -1 -2.928 -1 -3.146 -1 362
-3.037 -1 -2.622 -1 -2.822 -1 -3.008 -1 245
-2.915 -1 -2.54 -1 -2.62 -1 -2.908 -1 93
-2.764 -1 -2.34 -1 -2.524 -1 -2.92 -1 164
-2.722 -1 -2.37 -1 -2.44 -1 -2.888 -1 45
-2.664 -1 -2.306 -1 -2.564 -1 -2.922 -1 251
-2.743 -1 -2.354 -1 -2.486 -1 -2.864 -1 82
-2.675 -1 -2.3 -1 -2.62 -1 -2.98 -1 268
-2.8 -1 -2.466 -1 -2.69 -1 -2.988 -1 267
-2.839 -1 -2.468 -1 -2.492 -1 -2.83 -1 16
-2.661 -1 -2.316 -1 -2.47 -1 -2.906 0 137
