7 1000 0.9 9 14 0 0 0 0
-3.277 -1 -2.83 -1 -2.946 -1 -3.114 -1 301
-3.03 -1 -2.62 -1 -2.854 -1 -3.048 -1 376
-2.951 -1 -2.504 -1 -2.634 -1 -2.892 -1 163
-2.763 -1 -2.338 -1 -2.392 -1 -2.808 -1 70
-2.6 -1 -2.236 -1 -2.396 -1 -2.824 -1 111
-2.61 -1 -2.234 -1 -2.502 -1 -2.812 -1 230
-2.657 -1 -2.248 -1 -2.498 -1 -2.902 -1 276
-2.7 -1 -2.27 -1 -2.364 -1 -2.824 -1 86
-2.594 -1 -2.228 -1 -2.514 -1 -2.9 -1 325
-2.707 -1 -2.278 -1 -2.376 -1 -2.71 -1 73
-2.543 -1 -2.172 -1 -2.274 -1 -2.738 -1 87
-2.506 -1 -2.122 -1 -2.306 -1 -2.712 -1 190
-2.509 -1 -2.114 -1 -2.496 -1 -2.836 -1 324
-2.666 -1 -2.212 -1 -2.404 -1 -2.748 0 149
