10 1000 0 7 28 0 0 0 0
-3.848 -2 -3.348 -2 -3.348 -2 -3.546 -1 0
-3.447 -1 -3.008 -1 -3.008 -1 -3.412 -2 0
-3.21 -1 -2.836 -1 -2.836 -1 -3.224 -1 0
-3.03 -1 -2.66 -1 -2.66 -1 -3.206 -1 0
-2.933 -1 -2.596 -1 -2.596 -1 -3.09 -1 0
-2.843 -1 -2.506 -1 -2.506 -1 -3.108 -1 0
-2.807 -1 -2.498 -1 -2.498 -1 -3.038 -1 0
-2.768 -1 -2.436 -1 -2.436 -1 -2.968 -1 0
-2.702 -1 -2.394 -1 -2.394 -1 -3.016 -1 0
-2.705 -1 -2.386 -1 -2.386 -1 -2.9 -1 0
-2.643 -1 -2.32 -1 -2.32 -1 -2.962 -1 0
-2.641 -1 -2.312 -1 -2.312 -1 -2.896 -1 0
-2.604 -1 -2.298 -1 -2.298 -1 -2.904 -1 0
-2.601 -1 -2.288 -1 -2.288 -1 -2.834 -1 0
-2.561 -1 -2.264 -1 -2.264 -1 -2.776 -1 0
-2.52 -1 -2.206 -1 -2.206 -1 -2.818 -1 0
-2.512 -1 -2.214 -1 -2.214 -1 -2.78 -1 0
-2.497 -1 -2.21 -1 -2.21 -1 -2.822 -1 0
-2.516 -1 -2.198 -1 -2.198 -1 -2.698 -1 0
-2.448 -1 -2.156 -1 -2.156 -1 -2.714 -1 0
-2.435 -1 -2.158 -1 -2.158 -1 -2.67 -1 0
-2.414 -1 -2.108 -1 -2.108 -1 -2.728 -1 0
-2.418 -1 -2.102 -1 -2.102 -1 -2.668 -1 0
-2.385 -1 -2.068 -1 -2.068 -1 -2.708 -1 0
-2.388 -1 -2.092 -1 -2.092 -1 -2.706 -1 0
-2.399 -1 -2.082 -1 -2.082 -1 -2.668 -1 0
-2.375 -1 -2.066 -1 -2.066 -1 -2.664 -1 0
-2.365 -1 -2.058 -1 -2.058 -1 -2.61 0 0
