8 1000 0.6 9 18 0 0 0 0
-3.469 -1 -3.008 -1 -3.104 -1 -3.312 -1 295
-3.208 -1 -2.73 -1 -2.884 -1 -3.164 -1 231
-3.024 -1 -2.584 -1 -2.866 -1 -3.128 -1 274
-2.997 -1 -2.55 -1 -2.696 -1 -3.052 -1 158
-2.874 -1 -2.446 -1 -2.674 -1 -3.034 -1 168
-2.854 -1 -2.422 -1 -2.494 -1 -2.91 -1 46
-2.702 -1 -2.338 -1 -2.408 -1 -2.848 -1 53
-2.628 -1 -2.276 -1 -2.604 -1 -3.02 -1 270
-2.812 -1 -2.39 -1 -2.604 -1 -2.966 -1 205
-2.785 -1 -2.368 -1 -2.542 -1 -2.94 -1 158
-2.741 -1 -2.306 -1 -2.322 -1 -2.736 -1 18
-2.529 -1 -2.184 -1 -2.26 -1 -2.74 -1 68
-2.5 -1 -2.146 -1 -2.15 -1 -2.722 -1 12
-2.436 -1 -2.066 -1 -2.412 -1 -2.79 -1 282
-2.601 -1 -2.176 -1 -2.232 -1 -2.728 -1 46
-2.48 -1 -2.138 -1 -2.548 -1 -2.97 -1 289
-2.759 -1 -2.314 -1 -2.448 -1 -2.82 -1 99
-2.634 -1 -2.21 -1 -2.226 -1 -2.714 0 10
