8 1000 0.8 3 47 0 0 0 0
-3.438 -1 -3.094 -1 -3.092 -1 -3.332 -1 12
-3.212 -1 -2.984 -1 -3.066 -1 -3.22 -1 205
-3.143 -1 -2.854 -1 -3.108 -1 -3.27 -1 323
-3.189 -1 -2.898 -1 -2.964 -1 -3.198 -2 106
-3.081 -1 -2.774 -1 -2.814 -1 -3.106 -1 39
-2.96 -1 -2.672 -1 -2.938 -1 -3.176 -1 337
-3.057 -1 -2.748 -1 -2.876 -1 -3.114 -1 186
-2.995 -1 -2.73 -1 -2.838 -1 -3.11 -1 142
-2.974 -1 -2.676 -1 -2.694 -1 -3.036 -1 17
-2.865 -1 -2.608 -1 -2.928 -1 -3.154 -1 385
-3.041 -1 -2.726 -1 -2.908 -1 -3.12 -1 271
-3.014 -1 -2.674 -1 -2.876 -1 -3.132 -1 174
-3.004 -1 -2.68 -1 -2.68 -1 -3.038 -1 0
-2.859 -1 -2.554 -1 -2.636 -1 -2.992 -1 69
-2.814 -1 -2.512 -1 -2.88 -1 -3.152 -1 381
-3.016 -1 -2.672 -1 -2.858 -1 -3.098 -1 223
-2.978 -1 -2.664 -1 -2.668 -1 -2.964 -1 5
-2.816 -1 -2.542 -1 -2.858 -1 -3.09 -1 383
-2.974 -1 -2.668 -1 -2.878 -1 -3.066 -1 264
-2.972 -1 -2.658 -1 -2.806 -1 -3.03 -1 214
-2.918 -1 -2.638 -1 -2.758 -1 -3.068 -1 163
-2.913 -1 -2.608 -1 -2.646 -1 -3.008 -1 50
-2.827 -1 -2.546 -1 -2.818 -1 -3.066 -1 266
-2.942 -1 -2.662 -1 -2.876 -1 -3.156 -1 253
-3.016 -1 -2.692 -1 -2.912 -1 -3.088 -1 236
-3 -1 -2.662 -1 -2.89 -1 -3.088 -1 367
-2.989 -1 -2.608 -1 -2.738 -1 -3.046 -1 146
-2.892 -1 -2.562 -1 -2.804 -1 -3.052 -1 270
-2.928 -1 -2.628 -1 -2.746 -1 -3.034 -1 165
-2.89 -1 -2.588 -1 -2.872 -1 -3.108 -1 357
-2.99 -1 -2.662 -1 -2.718 -1 -3.022 -1 43
-2.87 -1 -2.55 -1 -2.682 -1 -2.984 -1 116
-2.833 -1 -2.532 -1 -2.856 -1 -3.07 -1 396
-2.963 -1 -2.65 -1 -2.652 -1 -3.008 -1 3
-2.83 -1 -2.534 -1 -2.716 -1 -3.03 -1 173
-2.873 -1 -2.568 -1 -2.776 -1 -3.048 -1 197
-2.912 -1 -2.6 -1 -2.82 -1 -3.088 -1 245
-2.954 -1 -2.646 -1 -2.718 -1 -3.076 -1 65
-2.897 -1 -2.588 -1 -2.754 -1 -3.01 -1 200
-2.882 -1 -2.54 -1 -2.568 -1 -2.942 -1 48
-2.755 -1 -2.422 -1 -2.674 -1 -3.02 -1 202
-2.847 -1 -2.496 -1 -2.79 -1 -3.104 -1 261
-2.947 -1 -2.63 -1 -2.712 -1 -2.988 -1 58
-2.85 -1 -2.488 -1 -2.82 -1 -3.094 -1 374
-2.957 -1 -2.658 -1 -2.88 -1 -3.174 -1 374
-3.027 -1 -2.704 -1 -2.716 -1 -2.98 -1 21
-2.848 -1 -2.612 -1 -2.802 -1 -3.03 0 293
