8 1000 0.5 2 111 0 0 0 0
-3.45 -1 -3.28 -1 -3.282 -1 -3.358 -1 5
-3.32 -1 -3.096 -1 -3.142 -1 -3.306 -1 48
-3.224 -1 -2.944 -1 -2.984 -1 -3.252 -1 124
-3.118 -1 -2.878 -1 -2.968 -1 -3.112 -1 159
-3.04 -1 -2.77 -1 -2.872 -1 -3.18 -1 147
-3.026 -1 -2.756 -1 -2.762 -1 -3.086 -1 8
-2.924 -1 -2.742 -1 -2.836 -1 -3.052 -1 154
-2.944 -1 -2.758 -1 -2.92 -1 -3.2 -1 191
-3.06 -1 -2.834 -1 -2.86 -1 -3.162 -1 33
-3.011 -1 -2.796 -1 -2.828 -1 -3.126 -1 33
-2.977 -1 -2.754 -1 -2.896 -1 -3.124 -1 154
-3.01 -1 -2.822 -1 -2.85 -1 -3.016 -1 62
-2.933 -1 -2.696 -1 -2.914 -1 -3.104 -1 242
-3.009 -1 -2.756 -1 -2.82 -1 -3.128 -1 79
-2.974 -1 -2.694 -1 -2.742 -1 -3.092 -1 40
-2.917 -1 -2.682 -1 -2.696 -1 -2.984 -1 25
-2.84 -1 -2.66 -1 -2.75 -1 -3.012 -1 124
-2.881 -1 -2.65 -1 -2.858 -1 -3.116 -1 249
-2.987 -1 -2.728 -1 -2.844 -1 -3.132 -1 196
-2.988 -1 -2.73 -1 -2.73 -1 -3.086 -1 1
-2.908 -1 -2.694 -1 -2.726 -1 -2.988 -1 37
-2.857 -1 -2.642 -1 -2.814 -1 -3.108 -1 213
-2.961 -1 -2.69 -1 -2.72 -1 -2.97 -1 49
-2.845 -1 -2.658 -1 -2.77 -1 -3.084 -1 129
-2.927 -1 -2.682 -1 -2.806 -1 -3.022 -1 128
-2.914 -1 -2.688 -1 -2.852 -1 -3.134 -1 184
-2.993 -1 -2.74 -1 -2.822 -1 -3.092 -1 138
-2.957 -1 -2.686 -1 -2.834 -1 -3.02 -1 214
-2.927 -1 -2.698 -1 -2.978 -1 -3.134 -1 220
-3.056 -1 -2.83 -1 -2.848 -1 -3.022 -1 16
-2.935 -1 -2.704 -1 -2.702 -1 -3.044 -1 5
-2.873 -1 -2.668 -1 -2.722 -1 -3.034 -1 83
-2.878 -1 -2.654 -1 -2.754 -1 -3.034 -1 105
-2.894 -1 -2.664 -1 -2.79 -1 -3.068 -1 162
-2.929 -1 -2.724 -1 -2.788 -1 -3.002 -1 66
-2.895 -1 -2.7 -1 -2.892 -1 -3.08 -1 248
-2.986 -1 -2.754 -1 -2.832 -1 -3.068 -1 80
-2.95 -1 -2.672 -1 -2.818 -1 -3.094 -1 225
-2.956 -1 -2.704 -1 -2.762 -1 -3.034 -1 38
-2.898 -1 -2.648 -1 -2.726 -1 -2.954 -1 66
-2.84 -1 -2.6 -1 -2.782 -1 -3.06 -1 186
-2.921 -1 -2.67 -1 -2.72 -1 -2.974 -1 74
-2.847 -1 -2.658 -1 -2.852 -1 -3.082 -1 231
-2.967 -1 -2.718 -1 -2.746 -1 -2.99 -1 75
-2.868 -1 -2.608 -1 -2.838 -1 -3.066 -1 221
-2.952 -1 -2.676 -1 -2.82 -1 -3.104 -1 171
-2.962 -1 -2.68 -1 -2.698 -1 -3.024 -1 9
-2.861 -1 -2.622 -1 -2.648 -1 -3 -1 32
-2.824 -1 -2.614 -1 -2.632 -1 -2.95 -1 21
-2.791 -1 -2.602 -1 -2.762 -1 -3.026 -1 192
-2.894 -1 -2.634 -1 -2.71 -1 -3.028 -1 88
-2.869 -1 -2.642 -1 -2.86 -1 -3.09 -1 227
-2.975 -1 -2.738 -1 -2.824 -1 -3.01 -1 101
-2.917 -1 -2.742 -1 -2.918 -1 -3.144 -1 210
-3.031 -1 -2.77 -1 -2.896 -1 -3.142 -1 151
-3.019 -1 -2.75 -1 -2.836 -1 -3.1 -1 104
-2.968 -1 -2.778 -1 -2.868 -1 -3.122 -1 112
-2.995 -1 -2.742 -1 -2.752 -1 -2.986 -1 31
-2.869 -1 -2.642 -1 -2.724 -1 -2.966 -1 63
-2.845 -1 -2.578 -1 -2.734 -1 -3.094 -1 167
-2.914 -1 -2.682 -1 -2.754 -1 -3.018 -1 77
-2.886 -1 -2.64 -1 -2.654 -1 -3.064 -1 31
-2.859 -1 -2.616 -1 -2.802 -1 -3.01 -1 238
-2.906 -1 -2.662 -1 -2.784 -1 -2.942 -1 135
-2.863 -1 -2.622 -1 -2.676 -1 -2.924 -1 74
-2.8 -1 -2.544 -1 -2.616 -1 -2.904 -1 34
-2.76 -1 -2.534 -1 -2.738 -1 -3.036 -1 249
-2.887 -1 -2.646 -1 -2.722 -1 -2.916 -1 76
-2.819 -1 -2.61 -1 -2.802 -1 -3.04 -1 190
-2.921 -1 -2.636 -1 -2.846 -1 -3.064 -1 248
-2.955 -1 -2.698 -1 -2.852 -1 -3.104 -1 202
-2.978 -1 -2.722 -1 -2.804 -1 -3.05 -1 75
-2.927 -1 -2.67 -1 -2.742 -1 -2.944 -1 65
-2.843 -1 -2.584 -1 -2.622 -1 -2.968 -1 37
-2.795 -1 -2.544 -1 -2.584 -1 -2.978 -1 50
-2.781 -1 -2.544 -1 -2.652 -1 -3.012 -1 87
-2.832 -1 -2.614 -1 -2.658 -1 -2.968 -1 41
-2.813 -1 -2.566 -1 -2.686 -1 -3 -1 143
-2.843 -1 -2.582 -1 -2.71 -1 -2.994 -1 124
-2.852 -1 -2.59 -1 -2.694 -1 -2.986 -1 112
-2.84 -1 -2.632 -1 -2.784 -1 -2.974 -1 171
-2.879 -1 -2.626 -1 -2.706 -1 -2.942 -1 93
-2.824 -1 -2.618 -1 -2.744 -1 -3.052 -1 133
-2.898 -1 -2.638 -1 -2.666 -1 -2.924 -1 28
-2.795 -1 -2.588 -1 -2.68 -1 -2.944 -1 111
-2.812 -1 -2.6 -1 -2.752 -1 -3.024 -1 195
-2.888 -1 -2.676 -1 -2.712 -1 -2.972 -1 47
-2.842 -1 -2.624 -1 -2.654 -1 -2.908 -1 71
-2.781 -1 -2.584 -1 -2.784 -1 -3.014 -1 198
-2.899 -1 -2.634 -1 -2.862 -1 -3.072 -1 240
-2.967 -1 -2.74 -1 -2.9 -1 -3.11 -1 226
-3.005 -1 -2.748 -1 -2.83 -1 -3.04 -1 85
-2.935 -1 -2.694 -1 -2.876 -1 -3.098 -1 223
-2.987 -1 -2.76 -1 -2.902 -1 -3.166 -1 202
-3.034 -1 -2.698 -1 -2.882 -1 -3.126 -1 229
-3.004 -1 -2.728 -1 -2.852 -1 -3.066 -1 138
-2.959 -1 -2.672 -1 -2.854 -1 -3.124 -1 239
-2.989 -1 -2.7 -1 -2.704 -1 -3.012 -1 4
-2.858 -1 -2.636 -1 -2.804 -1 -3.058 -1 203
-2.931 -1 -2.606 -1 -2.822 -1 -3.09 -1 229
-2.956 -1 -2.712 -1 -2.76 -1 -3.072 -1 107
-2.916 -1 -2.69 -1 -2.772 -1 -3.076 -1 125
-2.924 -1 -2.67 -1 -2.762 -1 -3.07 -1 185
-2.916 -1 -2.666 -1 -2.874 -1 -3.098 -1 239
-2.986 -1 -2.742 -1 -2.862 -1 -3.1 -1 118
-2.981 -1 -2.71 -1 -2.832 -1 -3.086 -1 162
-2.959 -1 -2.68 -1 -2.706 -1 -3.04 -1 46
-2.873 -1 -2.638 -1 -2.782 -1 -3.078 -1 129
-2.93 -1 -2.716 -1 -2.876 -1 -3.072 -1 159
-2.974 -1 -2.718 -1 -2.788 -1 -2.996 -1 104
-2.892 -1 -2.626 -1 -2.758 -1 -3.044 0 184
