8 1000 0.3 7 23 0 0 0 0
-3.465 -1 -2.988 -1 -3.018 -1 -3.172 -1 36
-3.095 -1 -2.69 -1 -2.702 -1 -3.058 -1 22
-2.88 -1 -2.528 -1 -2.59 -1 -2.984 -1 71
-2.787 -1 -2.4 -1 -2.458 -1 -2.876 -1 47
-2.667 -1 -2.314 -1 -2.432 -1 -2.926 -1 95
-2.679 -1 -2.32 -1 -2.422 -1 -2.884 -1 71
-2.653 -1 -2.328 -1 -2.418 -1 -2.882 -1 56
-2.65 -1 -2.276 -1 -2.298 -1 -2.73 -1 20
-2.514 -1 -2.162 -1 -2.21 -1 -2.676 -1 46
-2.443 -1 -2.118 -1 -2.126 -1 -2.748 -1 7
-2.437 -1 -2.098 -1 -2.136 -1 -2.67 -1 19
-2.403 -1 -2.07 -1 -2.07 -1 -2.61 -1 0
-2.34 -1 -1.984 -1 -2.096 -1 -2.682 -1 57
-2.389 -1 -2.024 -1 -2.066 -1 -2.618 -1 33
-2.342 -1 -2.01 -1 -2.234 -1 -2.664 -1 138
-2.449 -1 -2.038 -1 -2.23 -1 -2.712 -1 114
-2.471 -1 -2.092 -1 -2.15 -1 -2.634 -1 28
-2.392 -1 -2.012 -1 -2.09 -1 -2.682 -1 37
-2.386 -1 -2.05 -1 -2.272 -1 -2.68 -1 131
-2.476 -1 -2.098 -1 -2.114 -1 -2.642 -1 10
-2.378 -1 -2.03 -1 -2.236 -1 -2.706 -1 123
-2.471 -1 -2.106 -1 -2.172 -1 -2.682 -1 60
-2.427 -1 -2.06 -1 -2.206 -1 -2.674 0 125
