8 1000 0.3 2 29 0 0 0 0
-3.441 -1 -3.17 -1 -3.168 -1 -3.296 -1 10
-3.232 -1 -2.986 -1 -3.01 -1 -3.144 -1 57
-3.077 -1 -2.886 -1 -2.932 -1 -3.18 -1 62
-3.056 -1 -2.812 -1 -2.862 -1 -3.126 -1 70
-2.994 -1 -2.784 -1 -2.83 -1 -3.084 -1 53
-2.957 -1 -2.732 -1 -2.804 -1 -3.122 -1 96
-2.963 -1 -2.698 -1 -2.828 -1 -3.15 -1 131
-2.989 -1 -2.728 -1 -2.822 -1 -3.094 -1 99
-2.958 -1 -2.734 -1 -2.836 -1 -3.178 -1 106
-3.007 -1 -2.788 -1 -2.862 -1 -3.132 -1 117
-2.997 -1 -2.724 -1 -2.836 -1 -3.058 -1 76
-2.947 -1 -2.742 -1 -2.802 -1 -3.114 -1 82
-2.958 -1 -2.756 -1 -2.838 -1 -3.116 -1 115
-2.977 -1 -2.722 -1 -2.722 -1 -3.014 -1 0
-2.868 -1 -2.656 -1 -2.712 -1 -2.99 -1 73
-2.851 -1 -2.656 -1 -2.662 -1 -3.052 -1 26
-2.857 -1 -2.622 -1 -2.708 -1 -2.998 -1 90
-2.853 -1 -2.608 -1 -2.746 -1 -3.026 -1 101
-2.886 -1 -2.624 -1 -2.64 -1 -2.974 -1 6
-2.807 -1 -2.604 -1 -2.648 -1 -2.97 -1 41
-2.809 -1 -2.57 -1 -2.648 -1 -2.946 -1 82
-2.797 -1 -2.582 -1 -2.66 -1 -2.97 -1 80
-2.815 -1 -2.576 -1 -2.67 -1 -2.92 -1 106
-2.795 -1 -2.592 -1 -2.68 -1 -3.002 -1 100
-2.841 -1 -2.65 -1 -2.728 -1 -2.982 -1 63
-2.855 -1 -2.664 -1 -2.74 -1 -2.986 -1 110
-2.863 -1 -2.676 -1 -2.724 -1 -3.018 -1 37
-2.871 -1 -2.676 -1 -2.752 -1 -3.01 -1 122
-2.881 -1 -2.578 -1 -2.674 -1 -2.908 0 89
