8 1000 0.4 8 32 0 0 0 0
-3.46 -1 -2.94 -1 -3.042 -1 -3.206 -1 152
-3.124 -1 -2.696 -1 -2.766 -1 -3.084 -1 76
-2.925 -1 -2.562 -1 -2.724 -1 -3.168 -1 196
-2.946 -1 -2.57 -1 -2.724 -1 -2.97 -1 118
-2.847 -1 -2.468 -1 -2.512 -1 -3.02 -1 39
-2.766 -1 -2.396 -1 -2.516 -1 -2.93 -1 99
-2.723 -1 -2.344 -1 -2.502 -1 -2.9 -1 139
-2.701 -1 -2.298 -1 -2.492 -1 -2.896 -1 162
-2.694 -1 -2.308 -1 -2.472 -1 -2.92 -1 129
-2.696 -1 -2.298 -1 -2.532 -1 -2.942 -1 175
-2.737 -1 -2.336 -1 -2.58 -1 -2.984 -1 186
-2.782 -1 -2.36 -1 -2.574 -1 -2.968 -1 192
-2.771 -1 -2.356 -1 -2.402 -1 -2.834 -1 42
-2.618 -1 -2.256 -1 -2.306 -1 -2.818 -1 51
-2.562 -1 -2.236 -1 -2.372 -1 -2.83 -1 95
-2.601 -1 -2.256 -1 -2.372 -1 -2.764 -1 63
-2.568 -1 -2.168 -1 -2.27 -1 -2.82 -1 76
-2.545 -1 -2.162 -1 -2.214 -1 -2.722 -1 44
-2.468 -1 -2.112 -1 -2.304 -1 -2.756 -1 141
-2.53 -1 -2.19 -1 -2.272 -1 -2.786 -1 52
-2.529 -1 -2.152 -1 -2.384 -1 -2.838 -1 181
-2.611 -1 -2.218 -1 -2.234 -1 -2.738 -1 12
-2.486 -1 -2.152 -1 -2.32 -1 -2.772 -1 114
-2.546 -1 -2.174 -1 -2.248 -1 -2.716 -1 51
-2.482 -1 -2.132 -1 -2.356 -1 -2.738 -1 122
-2.547 -1 -2.122 -1 -2.336 -1 -2.828 -1 142
-2.582 -1 -2.156 -1 -2.224 -1 -2.696 -1 43
-2.46 -1 -2.116 -1 -2.222 -1 -2.632 -1 96
-2.427 -1 -2.044 -1 -2.154 -1 -2.72 -1 64
-2.437 -1 -2.084 -1 -2.144 -1 -2.608 -1 36
-2.376 -1 -2.032 -1 -2.12 -1 -2.606 -1 50
-2.363 -1 -2.03 -1 -2.234 -1 -2.778 0 116
