9 1000 0.2 9 35 0 0 0 0
-3.602 -1 -3.07 -1 -3.122 -1 -3.328 -2 92
-3.225 -1 -2.834 -1 -2.858 -1 -3.23 -1 40
-3.044 -1 -2.658 -1 -2.694 -1 -3.15 -2 29
-2.922 -1 -2.592 -1 -2.596 -1 -3.01 -1 3
-2.803 -1 -2.456 -1 -2.544 -1 -3 -1 74
-2.772 -1 -2.428 -1 -2.55 -1 -3.01 -1 88
-2.78 -1 -2.42 -1 -2.428 -1 -2.888 -1 6
-2.658 -1 -2.332 -1 -2.492 -1 -2.956 -1 86
-2.724 -1 -2.374 -1 -2.472 -1 -2.904 -1 72
-2.688 -1 -2.29 -1 -2.348 -1 -2.848 -1 42
-2.598 -1 -2.24 -1 -2.25 -1 -2.806 -1 8
-2.528 -1 -2.198 -1 -2.324 -1 -2.818 -1 93
-2.571 -1 -2.196 -1 -2.29 -1 -2.754 -1 61
-2.522 -1 -2.202 -1 -2.21 -1 -2.752 -1 6
-2.481 -1 -2.168 -1 -2.23 -1 -2.756 -1 28
-2.493 -1 -2.152 -1 -2.234 -1 -2.788 -1 48
-2.511 -1 -2.14 -1 -2.204 -1 -2.77 -1 49
-2.487 -1 -2.148 -1 -2.356 -1 -2.856 -1 93
-2.606 -1 -2.238 -1 -2.374 -1 -2.816 -1 81
-2.595 -1 -2.176 -1 -2.224 -1 -2.756 -1 37
-2.49 -1 -2.148 -1 -2.254 -1 -2.842 -1 68
-2.548 -1 -2.194 -1 -2.302 -1 -2.738 -1 69
-2.52 -1 -2.154 -1 -2.198 -1 -2.74 -1 26
-2.469 -1 -2.146 -1 -2.206 -1 -2.694 -1 37
-2.45 -1 -2.114 -1 -2.304 -1 -2.792 -1 98
-2.548 -1 -2.156 -1 -2.19 -1 -2.738 -1 16
-2.464 -1 -2.11 -1 -2.114 -1 -2.63 -1 9
-2.372 -1 -2.052 -1 -2.164 -1 -2.726 -1 46
-2.445 -1 -2.07 -1 -2.132 -1 -2.626 -1 35
-2.379 -1 -2.026 -1 -2.182 -1 -2.658 -1 91
-2.42 -1 -2.012 -1 -2.138 -1 -2.686 -1 73
-2.412 -1 -2.042 -1 -2.096 -1 -2.616 -1 28
-2.356 -1 -2.024 -1 -2.12 -1 -2.568 -1 52
-2.344 -1 -1.982 -1 -2.028 -1 -2.618 -1 32
-2.323 -1 -1.976 -1 -2.108 -1 -2.664 0 67
