6 1000 0.6 1 16 0 0 0 0
-2.961 -1 -2.848 -1 -2.838 -1 -2.838 -1 113
-2.838 -1 -2.76 -1 -2.886 -1 -2.952 -1 269
-2.919 -1 -2.792 -1 -2.798 -1 -2.93 -1 17
-2.864 -1 -2.738 -1 -2.818 -1 -2.914 -1 222
-2.866 -1 -2.75 -1 -2.744 -1 -2.868 -1 11
-2.806 -1 -2.67 -1 -2.67 -1 -2.892 -1 54
-2.781 -1 -2.654 -1 -2.666 -1 -2.802 -1 70
-2.734 -1 -2.608 -1 -2.654 -1 -2.862 -1 62
-2.758 -1 -2.658 -1 -2.744 -1 -2.868 -1 290
-2.806 -1 -2.728 -1 -2.756 -1 -2.904 -1 103
-2.83 -1 -2.7 -1 -2.726 -1 -2.902 -1 61
-2.814 -1 -2.734 -1 -2.75 -1 -2.822 -1 88
-2.786 -1 -2.66 -1 -2.66 -1 -2.804 -1 0
-2.732 -1 -2.62 -1 -2.636 -1 -2.804 -1 150
-2.72 -1 -2.534 -1 -2.58 -1 -2.704 -1 102
-2.642 -1 -2.518 -1 -2.55 0 -2.74 -1 77
