10 1000 1 10 567 0 0 0 0
-3.821 -1 -3.288 -1 -3.436 -2 -3.49 -1 198
-3.463 -1 -2.96 -1 -3.022 -1 -3.35 -1 79
-3.186 -1 -2.752 -1 -2.774 -1 -3.27 -1 16
-3.022 -1 -2.606 -1 -2.662 -1 -3.13 -1 41
-2.896 -1 -2.504 -1 -2.67 -1 -3.146 -1 120
-2.908 -1 -2.52 -1 -2.806 -1 -3.22 -1 205
-3.013 -1 -2.552 -1 -3.098 -1 -3.416 -1 471
-3.257 -1 -2.728 -1 -3.13 -1 -3.412 -1 395
-3.271 -1 -2.756 -1 -3.144 -1 -3.352 -1 400
-3.248 -1 -2.78 -1 -2.902 -1 -3.23 -1 146
-3.066 -1 -2.694 -1 -2.726 -1 -3.196 -1 23
-2.961 -1 -2.572 -1 -2.592 -1 -3.082 -1 19
-2.837 -1 -2.452 -1 -2.732 -1 -3.238 -1 188
-2.985 -1 -2.556 -1 -2.938 -1 -3.286 -1 298
-3.112 -1 -2.654 -1 -2.742 -1 -3.126 -1 74
-2.934 -1 -2.52 -1 -2.792 -1 -3.238 -1 226
-3.015 -1 -2.58 -1 -3.03 -1 -3.338 -1 351
-3.184 -1 -2.692 -1 -3.136 -1 -3.39 -1 367
-3.263 -1 -2.778 -1 -3.23 -1 -3.45 -1 429
-3.34 -1 -2.83 -1 -2.968 -1 -3.308 -1 129
-3.138 -1 -2.668 -1 -3.098 -1 -3.37 -1 403
-3.234 -1 -2.762 -1 -2.856 -1 -3.188 -1 81
-3.022 -1 -2.63 -1 -3.07 -1 -3.382 -2 411
-3.226 -1 -2.764 -1 -2.978 -1 -3.322 -1 189
-3.15 -1 -2.68 -1 -2.84 -1 -3.15 -1 151
-2.995 -1 -2.584 -1 -2.836 -1 -3.196 -1 203
-3.016 -1 -2.554 -1 -2.788 -1 -3.27 -1 190
-3.029 -1 -2.562 -1 -3.162 -1 -3.416 -1 450
-3.289 -1 -2.748 -1 -2.868 -1 -3.27 -1 93
-3.069 -1 -2.622 -1 -3.16 -1 -3.422 -2 496
-3.291 -1 -2.824 -1 -2.984 -1 -3.328 -1 164
-3.156 -1 -2.686 -1 -2.766 -1 -3.212 -1 71
-2.989 -1 -2.584 -1 -2.904 -1 -3.228 -1 234
-3.066 -1 -2.612 -1 -2.874 -1 -3.29 -2 213
-3.082 -1 -2.656 -1 -2.764 -1 -3.164 -1 100
-2.964 -1 -2.542 -1 -2.922 -1 -3.27 -2 309
-3.096 -1 -2.624 -1 -3.106 -1 -3.36 -2 448
-3.233 -1 -2.77 -1 -3.082 -1 -3.312 -2 326
-3.197 -1 -2.732 -1 -3.15 -1 -3.454 -1 436
-3.302 -1 -2.816 -1 -3.232 -1 -3.494 -1 391
-3.363 -1 -2.85 -1 -3.076 -1 -3.406 -2 239
-3.241 -1 -2.79 -1 -2.79 -1 -3.212 -1 1
-3.001 -1 -2.624 -1 -2.8 -1 -3.204 -1 135
-3.002 -1 -2.594 -1 -2.78 -1 -3.272 -1 120
-3.026 -1 -2.624 -1 -2.996 -1 -3.334 -1 305
-3.165 -1 -2.708 -1 -2.882 -1 -3.226 -1 140
-3.054 -1 -2.598 -1 -2.928 -1 -3.222 -1 285
-3.075 -1 -2.614 -1 -3.098 -1 -3.418 -1 425
-3.258 -1 -2.744 -1 -3.16 -1 -3.356 -1 355
-3.258 -1 -2.764 -1 -2.764 -1 -3.222 -1 1
-2.993 -1 -2.602 -1 -2.66 -1 -3.174 -1 55
-2.917 -1 -2.54 -1 -2.972 -1 -3.286 -1 351
-3.129 -1 -2.658 -1 -3.16 -1 -3.4 -1 436
-3.28 -1 -2.744 -1 -3.104 -1 -3.394 -1 339
-3.249 -1 -2.77 -1 -2.914 -1 -3.338 -2 145
-3.126 -1 -2.672 -1 -3.056 -1 -3.382 -1 393
-3.219 -1 -2.744 -1 -3.16 -1 -3.412 -2 359
-3.286 -1 -2.826 -1 -3.242 -1 -3.446 -1 429
-3.344 -1 -2.878 -1 -3.21 -1 -3.408 -1 399
-3.309 -1 -2.838 -1 -3.134 -1 -3.438 -1 248
-3.286 -1 -2.81 -1 -2.962 -1 -3.306 -1 126
-3.134 -1 -2.7 -1 -2.856 -1 -3.288 -1 96
-3.072 -1 -2.65 -1 -2.744 -1 -3.222 -2 61
-2.983 -1 -2.598 -1 -3.002 -1 -3.3 -1 379
-3.151 -1 -2.698 -1 -2.99 -1 -3.338 -1 261
-3.164 -1 -2.7 -1 -3.166 -1 -3.496 -1 437
-3.331 -1 -2.82 -1 -3.03 -1 -3.344 -2 188
-3.187 -1 -2.728 -1 -3.17 -1 -3.478 -1 423
-3.324 -1 -2.858 -1 -3.104 -1 -3.436 -2 276
-3.27 -1 -2.82 -1 -2.87 -1 -3.26 -1 57
-3.065 -1 -2.67 -1 -3.012 -1 -3.376 -2 393
-3.194 -1 -2.71 -1 -3.016 -1 -3.316 -1 291
-3.166 -1 -2.714 -1 -2.872 -1 -3.34 -2 96
-3.106 -1 -2.67 -1 -2.706 -1 -3.134 -1 23
-2.92 -1 -2.562 -1 -2.626 -1 -3.138 -1 42
-2.882 -1 -2.536 -1 -2.866 -1 -3.202 -1 251
-3.034 -1 -2.534 -1 -2.574 -1 -3.048 -1 20
-2.811 -1 -2.44 -1 -2.562 -1 -3.112 -1 74
-2.837 -1 -2.436 -1 -2.976 -1 -3.294 -1 384
-3.135 -1 -2.6 -1 -2.89 -1 -3.266 -1 215
-3.078 -1 -2.606 -1 -2.996 -1 -3.302 -1 322
-3.149 -1 -2.654 -1 -3.088 -1 -3.3 -1 341
-3.194 -1 -2.694 -1 -2.804 -1 -3.202 -1 92
-3.003 -1 -2.582 -1 -3.028 -1 -3.28 -2 449
-3.154 -1 -2.656 -1 -2.896 -1 -3.278 -2 197
-3.087 -1 -2.63 -1 -2.654 -1 -3.118 -1 21
-2.886 -1 -2.526 -1 -2.94 -1 -3.252 -1 371
-3.096 -1 -2.652 -1 -2.838 -1 -3.238 -1 139
-3.038 -1 -2.61 -1 -2.894 -1 -3.206 -1 156
-3.05 -1 -2.584 -1 -2.692 -1 -3.154 -1 98
-2.923 -1 -2.518 -1 -2.862 -1 -3.196 -1 228
-3.029 -1 -2.554 -1 -2.636 -1 -3.066 -1 50
-2.851 -1 -2.404 -1 -2.91 -1 -3.3 -1 335
-3.105 -1 -2.608 -1 -2.766 -1 -3.2 -1 110
-2.983 -1 -2.552 -1 -2.812 -1 -3.096 -1 170
-2.954 -1 -2.548 -1 -2.582 -1 -2.994 -1 19
-2.788 -1 -2.362 -1 -2.5 -1 -2.988 -1 88
-2.744 -1 -2.372 -1 -2.814 -1 -3.184 -1 308
-2.999 -1 -2.524 -1 -3.044 -1 -3.312 -1 491
-3.178 -1 -2.716 -1 -3.036 -1 -3.334 -1 324
-3.185 -1 -2.712 -1 -3.22 -1 -3.428 -1 490
-3.324 -1 -2.828 -1 -2.888 -1 -3.23 -1 59
-3.059 -1 -2.62 -1 -3.062 -1 -3.382 -1 409
-3.222 -1 -2.75 -1 -3.086 -1 -3.356 -1 272
-3.221 -1 -2.768 -1 -3.038 -1 -3.314 -1 221
-3.176 -1 -2.71 -1 -2.996 -1 -3.346 -1 309
-3.171 -1 -2.706 -1 -3.012 -1 -3.372 -1 251
-3.192 -1 -2.762 -1 -3.18 -1 -3.458 -1 360
-3.319 -1 -2.83 -1 -3.028 -1 -3.364 -1 216
-3.196 -1 -2.716 -1 -2.738 -1 -3.174 -1 28
-2.956 -1 -2.548 -1 -3.07 -1 -3.37 -1 491
-3.22 -1 -2.734 -1 -2.772 -1 -3.208 -1 42
-2.99 -1 -2.556 -1 -2.954 -1 -3.31 -1 374
-3.132 -1 -2.664 -1 -2.968 -1 -3.344 -1 268
-3.156 -1 -2.698 -1 -2.896 -1 -3.31 -1 164
-3.103 -1 -2.674 -1 -3.088 -1 -3.364 -2 319
-3.226 -1 -2.75 -1 -3.182 -2 -3.432 -1 444
-3.307 -1 -2.812 -1 -2.88 -1 -3.236 -1 77
-3.058 -1 -2.682 -1 -2.784 -1 -3.224 -1 61
-3.004 -1 -2.578 -1 -2.586 -1 -3.162 -1 6
-2.874 -1 -2.524 -1 -2.724 -1 -3.164 -1 148
-2.944 -1 -2.534 -1 -2.986 -1 -3.3 -1 395
-3.143 -1 -2.678 -1 -3.112 -1 -3.402 -1 371
-3.257 -1 -2.816 -1 -3.062 -1 -3.33 -1 249
-3.196 -1 -2.712 -1 -2.828 -1 -3.206 -1 153
-3.017 -1 -2.588 -1 -2.742 -1 -3.274 -2 114
-3.008 -1 -2.58 -1 -3.058 -1 -3.322 -1 435
-3.19 -1 -2.73 -1 -3.162 -1 -3.448 -1 385
-3.305 -1 -2.82 -1 -3.128 -1 -3.396 -2 333
-3.262 -1 -2.786 -1 -3.024 -1 -3.34 -2 201
-3.182 -1 -2.75 -1 -2.918 -1 -3.26 -2 174
-3.089 -1 -2.666 -1 -2.856 -1 -3.158 -1 138
-3.007 -1 -2.558 -1 -2.694 -1 -3.058 -1 89
-2.876 -1 -2.47 -1 -2.848 -1 -3.272 -1 289
-3.06 -1 -2.602 -1 -2.84 -1 -3.226 -1 232
-3.033 -1 -2.586 -1 -2.832 -1 -3.268 -1 180
-3.05 -1 -2.602 -1 -3.028 -1 -3.264 -1 405
-3.146 -1 -2.662 -1 -2.972 -1 -3.28 -1 282
-3.126 -1 -2.694 -1 -2.836 -1 -3.22 -1 79
-3.028 -1 -2.606 -1 -3.104 -1 -3.352 -1 464
-3.228 -1 -2.724 -1 -2.972 -1 -3.27 -1 229
-3.121 -1 -2.672 -1 -3.048 -1 -3.332 -1 280
-3.19 -1 -2.71 -1 -2.92 -1 -3.266 -1 163
-3.093 -1 -2.644 -1 -3.056 -1 -3.32 -1 341
-3.188 -1 -2.704 -1 -3.052 -1 -3.346 -1 332
-3.199 -1 -2.716 -1 -3.052 -1 -3.4 -1 285
-3.226 -1 -2.776 -1 -3.018 -1 -3.294 -1 218
-3.156 -1 -2.69 -1 -2.924 -1 -3.294 -1 247
-3.109 -1 -2.664 -1 -3.072 -1 -3.34 -1 379
-3.206 -1 -2.766 -1 -2.77 -1 -3.134 -1 8
-2.952 -1 -2.534 -1 -3.022 -1 -3.266 -2 467
-3.144 -1 -2.67 -1 -2.986 -1 -3.33 -1 296
-3.158 -1 -2.708 -1 -3.15 -2 -3.374 -2 389
-3.262 -2 -2.794 -2 -2.888 -2 -3.296 -2 84
-3.092 -2 -2.658 -2 -2.91 -2 -3.248 -1 188
-3.079 -1 -2.65 -1 -2.794 -1 -3.228 -2 115
-3.011 -1 -2.614 -1 -3.15 -1 -3.398 -1 474
-3.274 -1 -2.812 -1 -3.162 -1 -3.382 -2 361
-3.272 -1 -2.806 -1 -3.02 -1 -3.282 -1 236
-3.151 -1 -2.732 -1 -3.008 -1 -3.328 -1 226
-3.168 -1 -2.724 -1 -3.014 -1 -3.266 -1 247
-3.14 -1 -2.674 -1 -3.074 -1 -3.392 -1 398
-3.233 -1 -2.78 -1 -3.134 -1 -3.416 -1 338
-3.275 -1 -2.774 -1 -2.774 -1 -3.184 -1 4
-2.979 -1 -2.598 -1 -2.842 -1 -3.29 -1 178
-3.066 -1 -2.634 -1 -2.894 -1 -3.3 -1 201
-3.097 -1 -2.648 -1 -3.02 -1 -3.322 -2 336
-3.171 -1 -2.708 -1 -2.774 -1 -3.232 -1 65
-3.003 -1 -2.58 -1 -2.886 -1 -3.268 -1 282
-3.077 -1 -2.64 -1 -2.714 -1 -3.192 -1 68
-2.953 -1 -2.544 -1 -2.922 -1 -3.294 -1 280
-3.108 -1 -2.644 -1 -2.906 -1 -3.266 -1 220
-3.086 -1 -2.644 -1 -3.04 -1 -3.35 -1 359
-3.195 -1 -2.7 -1 -2.706 -1 -3.162 -1 13
-2.934 -1 -2.522 -1 -2.684 -1 -3.112 -1 107
-2.898 -1 -2.478 -1 -2.952 -1 -3.292 -1 340
-3.122 -1 -2.638 -1 -3.146 -1 -3.434 -1 389
-3.29 -1 -2.824 -1 -3.158 -1 -3.374 -1 348
-3.266 -1 -2.78 -1 -2.99 -1 -3.336 -2 210
-3.163 -1 -2.734 -1 -2.954 -1 -3.342 -1 229
-3.148 -1 -2.682 -1 -3.102 -1 -3.386 -1 426
-3.244 -1 -2.748 -1 -3.206 -1 -3.402 -1 446
-3.304 -1 -2.832 -1 -3.122 -1 -3.396 -1 253
-3.259 -1 -2.796 -1 -3.034 -1 -3.386 -1 232
-3.21 -1 -2.794 -1 -2.914 -1 -3.308 -1 121
-3.111 -1 -2.688 -1 -3.104 -1 -3.38 -1 391
-3.242 -1 -2.762 -1 -2.904 -1 -3.284 -1 143
-3.094 -1 -2.682 -1 -3.112 -1 -3.426 -1 452
-3.269 -1 -2.776 -1 -2.888 -1 -3.262 -1 85
-3.075 -1 -2.666 -1 -2.828 -1 -3.15 -1 131
-2.989 -1 -2.584 -1 -2.804 -1 -3.226 -1 186
-3.015 -1 -2.566 -1 -2.892 -1 -3.262 -1 271
-3.077 -1 -2.642 -1 -2.706 -1 -3.09 -1 56
-2.898 -1 -2.528 -1 -2.97 -1 -3.28 -1 369
-3.125 -1 -2.644 -1 -2.81 -1 -3.216 -1 140
-3.013 -1 -2.578 -1 -2.896 -1 -3.216 -1 234
-3.056 -1 -2.544 -1 -3.014 -1 -3.268 -1 386
-3.141 -1 -2.612 -1 -2.728 -1 -3.13 -1 99
-2.929 -1 -2.538 -1 -2.616 -1 -3.136 -1 52
-2.876 -1 -2.486 -1 -2.616 -1 -3.06 -1 80
-2.838 -1 -2.456 -1 -2.716 -1 -3.242 -1 156
-2.979 -1 -2.554 -1 -2.608 -1 -3.14 -1 40
-2.874 -1 -2.5 -1 -2.864 -1 -3.216 -1 289
-3.04 -1 -2.618 -1 -2.95 -1 -3.288 -1 320
-3.119 -1 -2.63 -1 -2.816 -1 -3.262 -1 158
-3.039 -1 -2.582 -1 -3.126 -1 -3.42 -1 462
-3.273 -1 -2.788 -1 -2.998 -1 -3.416 -1 160
-3.207 -1 -2.742 -1 -2.968 -1 -3.3 -1 209
-3.134 -1 -2.694 -1 -3.192 -1 -3.474 -1 487
-3.333 -1 -2.874 -1 -3.03 -1 -3.374 -2 132
-3.202 -1 -2.754 -1 -2.888 -1 -3.196 -1 104
-3.042 -1 -2.6 -1 -2.696 -1 -3.136 -1 68
-2.916 -1 -2.506 -1 -2.618 -1 -3.072 -1 87
-2.845 -1 -2.458 -1 -2.68 -1 -3.148 -1 160
-2.914 -1 -2.476 -1 -2.832 -1 -3.156 -1 223
-2.994 -1 -2.538 -1 -3.1 -1 -3.358 -1 401
-3.229 -1 -2.746 -1 -2.858 -1 -3.232 -2 113
-3.045 -1 -2.594 -1 -2.756 -1 -3.152 -1 111
-2.954 -1 -2.554 -1 -2.708 -1 -3.114 -1 104
-2.911 -1 -2.514 -1 -2.806 -1 -3.182 -1 226
-2.994 -1 -2.53 -1 -2.752 -1 -3.152 -1 156
-2.952 -1 -2.532 -1 -2.69 -1 -3.072 -1 108
-2.881 -1 -2.466 -1 -3.034 -1 -3.308 -1 467
-3.171 -1 -2.654 -1 -2.904 -1 -3.256 -1 220
-3.08 -1 -2.622 -1 -2.832 -1 -3.204 -1 151
-3.018 -1 -2.598 -1 -2.764 -1 -3.144 -1 139
-2.954 -1 -2.534 -1 -2.798 -1 -3.208 -1 220
-3.003 -1 -2.518 -1 -2.574 -1 -2.996 -1 34
-2.785 -1 -2.382 -1 -2.942 -1 -3.284 -1 473
-3.113 -1 -2.606 -1 -3.074 -1 -3.314 -1 399
-3.194 -1 -2.706 -1 -3.19 -1 -3.418 -1 473
-3.304 -1 -2.798 -1 -3.204 -1 -3.394 -1 388
-3.299 -1 -2.82 -1 -3.022 -1 -3.41 -1 267
-3.216 -1 -2.772 -1 -3.186 -1 -3.402 -1 430
-3.294 -1 -2.794 -1 -3.218 -1 -3.456 -2 496
-3.337 -1 -2.86 -1 -3.09 -1 -3.38 -1 256
-3.235 -1 -2.77 -1 -2.882 -1 -3.21 -1 128
-3.046 -1 -2.616 -1 -2.904 -1 -3.286 -1 267
-3.095 -1 -2.67 -1 -2.92 -1 -3.274 -1 223
-3.097 -1 -2.66 -1 -3.17 -1 -3.41 -1 450
-3.29 -1 -2.8 -1 -3.26 -1 -3.46 -1 464
-3.36 -1 -2.884 -1 -3.102 -1 -3.362 -2 244
-3.232 -1 -2.768 -1 -3.158 -1 -3.402 -2 369
-3.28 -1 -2.816 -1 -3.122 -1 -3.376 -1 286
-3.249 -1 -2.79 -1 -3.186 -1 -3.402 -2 400
-3.294 -1 -2.81 -1 -3.078 -1 -3.368 -1 233
-3.223 -1 -2.766 -1 -2.842 -1 -3.218 -1 71
-3.03 -1 -2.654 -1 -3.202 -1 -3.398 -1 451
-3.3 -1 -2.804 -1 -3.126 -1 -3.408 -2 407
-3.267 -1 -2.784 -1 -3.154 -1 -3.446 -1 392
-3.3 -1 -2.804 -1 -2.902 -1 -3.21 -1 79
-3.056 -1 -2.648 -1 -3.152 -1 -3.434 -1 468
-3.293 -1 -2.788 -1 -2.976 -1 -3.38 -1 191
-3.178 -1 -2.714 -1 -2.826 -1 -3.212 -1 99
-3.019 -1 -2.602 -1 -2.754 -1 -3.202 -1 135
-2.978 -1 -2.554 -1 -2.848 -1 -3.232 -1 253
-3.04 -1 -2.602 -1 -2.914 -1 -3.322 -2 218
-3.118 -1 -2.67 -1 -3.06 -1 -3.398 -1 379
-3.229 -1 -2.772 -1 -3.108 -1 -3.412 -1 430
-3.26 -1 -2.786 -1 -3.148 -1 -3.422 -2 399
-3.285 -1 -2.77 -1 -2.826 -1 -3.162 -2 47
-2.994 -1 -2.59 -1 -2.708 -1 -3.114 -1 80
-2.911 -1 -2.496 -1 -3 -1 -3.368 -1 440
-3.184 -1 -2.676 -1 -2.746 -1 -3.124 -1 53
-2.935 -1 -2.502 -1 -3.066 -1 -3.29 -1 462
-3.178 -1 -2.67 -1 -3.14 -1 -3.39 -1 406
-3.265 -1 -2.75 -1 -2.978 -1 -3.314 -1 208
-3.146 -1 -2.702 -1 -3.136 -1 -3.35 -1 396
-3.243 -1 -2.754 -1 -2.866 -1 -3.31 -1 130
-3.088 -1 -2.672 -1 -2.816 -1 -3.238 -1 109
-3.027 -1 -2.62 -1 -2.976 -1 -3.258 -1 259
-3.117 -1 -2.642 -1 -2.84 -1 -3.208 -1 146
-3.024 -1 -2.582 -1 -2.9 -1 -3.276 -1 256
-3.088 -1 -2.606 -1 -2.854 -1 -3.25 -1 175
-3.052 -1 -2.58 -1 -2.928 -1 -3.276 -1 293
-3.102 -1 -2.636 -1 -2.868 -1 -3.216 -1 167
-3.042 -1 -2.6 -1 -3.028 -1 -3.392 -1 356
-3.21 -1 -2.696 -1 -2.776 -1 -3.216 -1 47
-2.996 -1 -2.596 -1 -2.622 -1 -3.136 -1 23
-2.879 -1 -2.518 -1 -2.674 -1 -3.032 -1 99
-2.853 -1 -2.444 -1 -3.024 -1 -3.294 -1 463
-3.159 -1 -2.66 -1 -3.024 -1 -3.29 -1 290
-3.157 -1 -2.682 -1 -2.762 -1 -3.162 -1 49
-2.962 -1 -2.514 -1 -2.758 -1 -3.128 -1 158
-2.943 -1 -2.52 -1 -2.664 -1 -3.076 -1 122
-2.87 -1 -2.464 -1 -2.914 -1 -3.268 -1 365
-3.091 -1 -2.602 -1 -2.742 -1 -3.188 -1 106
-2.965 -1 -2.534 -1 -2.542 -1 -2.982 -1 17
-2.762 -1 -2.418 -1 -2.66 -1 -3.156 -1 161
-2.908 -1 -2.478 -1 -3.038 -1 -3.346 -1 434
-3.192 -1 -2.67 -1 -2.668 -1 -3.1 -1 1
-2.884 -1 -2.5 -1 -2.504 -1 -2.968 -1 8
-2.736 -1 -2.386 -1 -2.79 -1 -3.176 -1 349
-2.983 -1 -2.508 -1 -2.646 -1 -3.092 -1 97
-2.869 -1 -2.438 -1 -2.974 -1 -3.26 -1 372
-3.117 -1 -2.63 -1 -2.702 -1 -3.144 -1 63
-2.923 -1 -2.494 -1 -2.794 -1 -3.154 -1 228
-2.974 -1 -2.496 -1 -3.024 -1 -3.324 -1 431
-3.174 -1 -2.674 -1 -2.692 -1 -3.136 -1 14
-2.914 -1 -2.504 -1 -2.814 -1 -3.168 -1 222
-2.991 -1 -2.556 -1 -2.67 -1 -3.112 -1 80
-2.891 -1 -2.482 -1 -2.648 -1 -3.102 -1 133
-2.875 -1 -2.488 -1 -2.748 -1 -3.126 -1 164
-2.937 -1 -2.522 -1 -3.1 -1 -3.372 -1 445
-3.236 -1 -2.734 -1 -2.742 -1 -3.166 -1 6
-2.954 -1 -2.556 -1 -2.622 -1 -3.15 -1 45
-2.886 -1 -2.518 -1 -2.916 -1 -3.27 -1 331
-3.093 -1 -2.616 -1 -2.77 -1 -3.186 -1 113
-2.978 -1 -2.56 -1 -3.034 -1 -3.306 -1 372
-3.17 -1 -2.7 -1 -3.164 -1 -3.424 -2 383
-3.294 -1 -2.798 -1 -3.138 -1 -3.428 -1 367
-3.283 -1 -2.802 -1 -3.22 -1 -3.404 -2 371
-3.312 -1 -2.888 -1 -3.108 -1 -3.382 -1 406
-3.245 -1 -2.728 -1 -3.194 -1 -3.428 -2 448
-3.311 -1 -2.804 -1 -2.98 -1 -3.274 -1 164
-3.127 -1 -2.664 -1 -2.944 -1 -3.276 -1 228
-3.11 -1 -2.652 -1 -3.162 -1 -3.402 -1 438
-3.282 -1 -2.814 -1 -3.162 -1 -3.416 -1 373
-3.289 -1 -2.84 -1 -3 -1 -3.278 -1 216
-3.139 -1 -2.702 -1 -2.946 -1 -3.262 -1 251
-3.104 -1 -2.684 -1 -2.922 -1 -3.246 -1 201
-3.084 -1 -2.644 -1 -2.976 -1 -3.302 -1 364
-3.139 -1 -2.654 -1 -3.15 -1 -3.414 -1 425
-3.282 -1 -2.794 -1 -2.972 -1 -3.27 -1 176
-3.121 -1 -2.664 -1 -2.922 -1 -3.322 -1 248
-3.122 -1 -2.682 -1 -2.892 -1 -3.246 -1 166
-3.069 -1 -2.65 -1 -3.018 -1 -3.306 -1 329
-3.162 -1 -2.708 -1 -3.082 -1 -3.314 -1 295
-3.198 -1 -2.742 -1 -3.182 -1 -3.412 -2 430
-3.297 -1 -2.818 -1 -2.99 -1 -3.344 -2 235
-3.167 -1 -2.726 -1 -3.138 -1 -3.444 -1 429
-3.291 -1 -2.818 -1 -2.818 -1 -3.24 -1 1
-3.029 -1 -2.63 -1 -3.062 -1 -3.352 -1 383
-3.207 -1 -2.734 -1 -3.194 -1 -3.462 -1 405
-3.328 -1 -2.848 -1 -2.984 -1 -3.254 -1 144
-3.119 -1 -2.68 -1 -3.076 -1 -3.408 -2 332
-3.242 -1 -2.796 -1 -3.13 -1 -3.318 -1 360
-3.224 -1 -2.754 -1 -2.842 -1 -3.276 -1 80
-3.059 -1 -2.648 -1 -3.146 -1 -3.352 -1 457
-3.249 -1 -2.816 -1 -3.194 -1 -3.394 -1 396
-3.294 -1 -2.752 -1 -3.186 -1 -3.434 -1 462
-3.31 -1 -2.836 -1 -3.156 -1 -3.416 -1 373
-3.286 -1 -2.802 -1 -3.002 -1 -3.322 -1 219
-3.162 -1 -2.736 -1 -2.874 -1 -3.198 -1 96
-3.036 -1 -2.642 -1 -3 -1 -3.266 -2 360
-3.133 -1 -2.674 -1 -3.232 -1 -3.43 -2 496
-3.331 -1 -2.836 -1 -2.914 -1 -3.254 -2 67
-3.084 -1 -2.68 -1 -3 -1 -3.306 -1 280
-3.153 -1 -2.73 -1 -3.156 -1 -3.406 -1 444
-3.281 -1 -2.778 -1 -3.212 -1 -3.462 -1 415
-3.337 -1 -2.86 -1 -3.204 -1 -3.414 -1 420
-3.309 -1 -2.83 -1 -3.07 -1 -3.396 -2 221
-3.233 -1 -2.794 -1 -2.808 -1 -3.288 -2 29
-3.048 -1 -2.664 -1 -3.08 -2 -3.394 -2 335
-3.237 -2 -2.794 -2 -3.096 -1 -3.426 -1 265
-3.261 -1 -2.782 -1 -2.974 -1 -3.258 -1 201
-3.116 -1 -2.652 -1 -2.912 -1 -3.262 -1 220
-3.087 -1 -2.638 -1 -2.768 -1 -3.218 -1 97
-2.993 -1 -2.564 -1 -2.878 -1 -3.266 -1 224
-3.072 -1 -2.626 -1 -2.85 -1 -3.23 -1 190
-3.04 -1 -2.576 -1 -3.104 -1 -3.366 -1 471
-3.235 -1 -2.748 -1 -3.154 -1 -3.456 -1 395
-3.305 -1 -2.812 -1 -3.21 -1 -3.468 -2 450
-3.339 -1 -2.818 -1 -2.958 -1 -3.308 -1 119
-3.133 -1 -2.706 -1 -2.76 -1 -3.22 -1 39
-2.99 -1 -2.614 -1 -2.802 -1 -3.23 -1 117
-3.016 -1 -2.572 -1 -3.218 -1 -3.424 -1 490
-3.321 -1 -2.834 -1 -2.978 -1 -3.362 -2 122
-3.17 -1 -2.744 -1 -3.126 -1 -3.39 -1 346
-3.258 -1 -2.788 -1 -2.934 -1 -3.274 -1 132
-3.104 -1 -2.688 -1 -3.184 -1 -3.392 -1 464
-3.288 -1 -2.812 -1 -3.022 -1 -3.344 -1 184
-3.183 -1 -2.756 -1 -2.986 -1 -3.342 -1 216
-3.164 -1 -2.7 -1 -3.06 -1 -3.298 -1 285
-3.179 -1 -2.684 -1 -3.058 -1 -3.326 -1 355
-3.192 -1 -2.73 -1 -3.088 -1 -3.34 -1 358
-3.214 -1 -2.776 -1 -3.088 -1 -3.338 -1 226
-3.213 -1 -2.732 -1 -3.028 -1 -3.388 -2 245
-3.208 -1 -2.736 -1 -3.022 -1 -3.296 -1 282
-3.159 -1 -2.712 -1 -2.72 -1 -3.108 -2 3
-2.914 -1 -2.536 -1 -3.06 -1 -3.378 -1 444
-3.219 -1 -2.734 -1 -2.83 -1 -3.24 -1 86
-3.035 -1 -2.626 -1 -2.786 -1 -3.186 -1 132
-2.986 -1 -2.54 -1 -2.564 -1 -3.15 -1 19
-2.857 -1 -2.458 -1 -2.89 -1 -3.318 -1 292
-3.104 -1 -2.672 -1 -3.1 -1 -3.352 -1 445
-3.226 -1 -2.76 -1 -3.192 -1 -3.392 -1 427
-3.292 -1 -2.792 -1 -2.812 -1 -3.246 -1 26
-3.029 -1 -2.62 -1 -2.818 -1 -3.268 -1 190
-3.043 -1 -2.596 -1 -2.722 -1 -3.25 -1 73
-2.986 -1 -2.526 -1 -2.88 -1 -3.268 -1 332
-3.074 -1 -2.644 -1 -3.114 -1 -3.41 -1 373
-3.262 -1 -2.756 -1 -2.788 -1 -3.15 -1 18
-2.969 -1 -2.568 -1 -2.656 -1 -3.216 -2 52
-2.936 -1 -2.558 -1 -2.878 -1 -3.294 -1 263
-3.086 -1 -2.61 -1 -3.12 -1 -3.36 -2 454
-3.24 -1 -2.768 -1 -2.944 -1 -3.274 -1 196
-3.109 -1 -2.666 -1 -2.7 -1 -3.156 -2 14
-2.928 -1 -2.562 -1 -3.066 -1 -3.312 -1 432
-3.189 -1 -2.736 -1 -2.856 -1 -3.244 -1 109
-3.05 -1 -2.628 -1 -3.048 -1 -3.368 -1 376
-3.208 -1 -2.728 -1 -2.85 -1 -3.25 -1 108
-3.05 -1 -2.622 -1 -2.832 -1 -3.184 -1 152
-3.008 -1 -2.592 -1 -2.886 -1 -3.29 -1 244
-3.088 -1 -2.612 -1 -3.218 -1 -3.434 -1 489
-3.326 -1 -2.886 -1 -2.994 -1 -3.278 -2 112
-3.136 -1 -2.698 -1 -2.714 -1 -3.14 -1 17
-2.927 -1 -2.56 -1 -2.894 -1 -3.26 -1 212
-3.077 -1 -2.608 -1 -2.904 -1 -3.282 -1 232
-3.093 -1 -2.65 -1 -3.01 -1 -3.274 -2 275
-3.142 -1 -2.68 -1 -3.19 -1 -3.462 -1 463
-3.326 -1 -2.808 -1 -3.162 -1 -3.4 -2 356
-3.281 -1 -2.742 -1 -2.958 -1 -3.298 -1 151
-3.128 -1 -2.656 -1 -2.654 -1 -3.112 -1 3
-2.883 -1 -2.51 -1 -2.886 -1 -3.224 -1 281
-3.055 -1 -2.63 -1 -3.082 -1 -3.436 -1 461
-3.259 -1 -2.782 -1 -3.158 -1 -3.446 -1 372
-3.302 -1 -2.81 -1 -2.826 -1 -3.278 -1 20
-3.052 -1 -2.632 -1 -3.152 -1 -3.44 -1 495
-3.296 -1 -2.806 -1 -3.346 -1 -3.52 -1 484
-3.433 -1 -2.904 -1 -3.282 -1 -3.488 -2 418
-3.385 -1 -2.882 -1 -3.316 -1 -3.578 -1 481
-3.447 -1 -2.976 -1 -3.082 -1 -3.354 -1 176
-3.218 -1 -2.776 -1 -3.152 -1 -3.35 -1 375
-3.251 -1 -2.8 -1 -2.986 -1 -3.314 -1 187
-3.15 -1 -2.728 -1 -2.742 -1 -3.248 -1 15
-2.995 -1 -2.596 -1 -2.864 -1 -3.272 -1 252
-3.068 -1 -2.648 -1 -2.826 -1 -3.258 -1 159
-3.042 -1 -2.61 -1 -3.11 -1 -3.422 -1 415
-3.266 -1 -2.776 -1 -3.106 -1 -3.358 -1 350
-3.232 -1 -2.754 -1 -3.258 -1 -3.48 -1 484
-3.369 -1 -2.904 -1 -3.03 -1 -3.396 -1 107
-3.213 -1 -2.804 -1 -3.068 -1 -3.38 -1 300
-3.224 -1 -2.774 -1 -3.194 -1 -3.382 -2 435
-3.288 -1 -2.834 -1 -3.18 -1 -3.392 -1 402
-3.286 -1 -2.814 -1 -3.208 -2 -3.436 -1 453
-3.322 -1 -2.84 -1 -2.854 -1 -3.25 -1 8
-3.052 -1 -2.672 -1 -3.202 -1 -3.484 -1 489
-3.343 -1 -2.852 -1 -3.018 -1 -3.364 -1 218
-3.191 -1 -2.74 -1 -3.18 -1 -3.444 -1 445
-3.312 -1 -2.814 -1 -2.82 -1 -3.196 -1 1
-3.008 -1 -2.592 -1 -2.622 -1 -3.066 -1 32
-2.844 -1 -2.488 -1 -2.832 -1 -3.158 -1 242
-2.995 -1 -2.544 -1 -2.92 -1 -3.248 -1 324
-3.084 -1 -2.602 -1 -2.994 -1 -3.33 -1 342
-3.162 -1 -2.704 -1 -3.136 -1 -3.398 -1 456
-3.267 -1 -2.782 -1 -3.18 -1 -3.354 -1 400
-3.267 -1 -2.784 -1 -3.248 -1 -3.466 -1 456
-3.357 -1 -2.89 -1 -3.126 -1 -3.39 -1 240
-3.258 -1 -2.778 -1 -3.188 -1 -3.474 -1 465
-3.331 -1 -2.832 -1 -3.156 -1 -3.4 -1 327
-3.278 -1 -2.822 -1 -2.87 -1 -3.286 -1 48
-3.078 -1 -2.684 -1 -2.992 -1 -3.342 -2 306
-3.167 -1 -2.698 -1 -3.14 -1 -3.4 -1 444
-3.27 -1 -2.774 -1 -2.862 -1 -3.264 -1 66
-3.063 -1 -2.64 -1 -2.724 -1 -3.206 -1 66
-2.965 -1 -2.556 -1 -2.662 -1 -3.102 -1 66
-2.882 -1 -2.524 -1 -2.936 -1 -3.242 -1 312
-3.089 -1 -2.628 -1 -2.702 -1 -3.142 -1 62
-2.922 -1 -2.53 -1 -2.872 -1 -3.218 -1 257
-3.045 -1 -2.604 -1 -2.76 -1 -3.228 -1 103
-2.994 -1 -2.538 -1 -2.594 -1 -3.074 -1 47
-2.834 -1 -2.426 -1 -2.992 -1 -3.258 -1 491
-3.125 -1 -2.626 -1 -2.644 -1 -3.1 -1 17
-2.872 -1 -2.51 -1 -2.854 -1 -3.176 -1 255
-3.015 -1 -2.594 -1 -2.896 -1 -3.218 -1 246
-3.057 -1 -2.584 -1 -2.75 -1 -3.144 -1 90
-2.947 -1 -2.522 -1 -2.936 -1 -3.202 -1 261
-3.069 -1 -2.596 -1 -2.672 -1 -3.094 -1 63
-2.883 -1 -2.472 -1 -2.582 -1 -3.034 -1 58
-2.808 -1 -2.434 -1 -2.684 -1 -3.092 -1 165
-2.888 -1 -2.492 -1 -2.93 -1 -3.284 -1 344
-3.107 -1 -2.62 -1 -3.034 -1 -3.29 -1 310
-3.162 -1 -2.664 -1 -2.934 -1 -3.272 -1 243
-3.103 -1 -2.614 -1 -2.978 -1 -3.246 -2 335
-3.112 -1 -2.668 -1 -3.01 -1 -3.28 -1 291
-3.145 -1 -2.662 -1 -2.972 -1 -3.376 -1 246
-3.174 -1 -2.702 -1 -3.138 -1 -3.38 -2 381
-3.259 -1 -2.798 -1 -2.968 -1 -3.284 -1 177
-3.126 -1 -2.686 -1 -3.138 -1 -3.44 -1 452
-3.289 -1 -2.752 -1 -3.114 -1 -3.44 -1 316
-3.277 -1 -2.814 -1 -3.206 -1 -3.492 -1 390
-3.349 -1 -2.844 -1 -3.124 -1 -3.476 -1 306
-3.3 -1 -2.822 -1 -2.928 -1 -3.296 -1 97
-3.112 -1 -2.684 -1 -3.024 -1 -3.35 -1 318
-3.187 -1 -2.71 -1 -2.974 -1 -3.272 -1 234
-3.123 -1 -2.654 -1 -3.04 -1 -3.356 -1 374
-3.198 -1 -2.71 -1 -2.812 -1 -3.248 -1 72
-3.03 -1 -2.63 -1 -3.022 -1 -3.282 -1 317
-3.152 -1 -2.674 -1 -2.698 -1 -3.116 -1 31
-2.907 -1 -2.506 -1 -2.854 -1 -3.234 -1 278
-3.044 -1 -2.606 -1 -2.904 -1 -3.246 -1 257
-3.075 -1 -2.622 -1 -2.862 -1 -3.234 -1 172
-3.048 -1 -2.64 -1 -2.742 -1 -3.12 -1 58
-2.931 -1 -2.51 -1 -2.866 -1 -3.244 -1 241
-3.055 -1 -2.634 -1 -3.128 -1 -3.378 -1 417
-3.253 -1 -2.76 -1 -2.792 -1 -3.174 -1 24
-2.983 -1 -2.544 -1 -2.76 -1 -3.13 -1 191
-2.945 -1 -2.516 -1 -3.066 -1 -3.336 -1 443
-3.201 -1 -2.716 -1 -2.816 -1 -3.23 -1 77
-3.023 -1 -2.588 -1 -3.096 -1 -3.426 -1 440
-3.261 -1 -2.75 -1 -3.008 -1 -3.342 -1 224
-3.175 -1 -2.73 -1 -3.128 -1 -3.386 -1 347
-3.257 -1 -2.81 -1 -2.978 -1 -3.32 -1 152
-3.149 -1 -2.696 -1 -3.118 -1 -3.378 -1 362
-3.248 -1 -2.78 -1 -3.062 -1 -3.326 -1 264
-3.194 -1 -2.738 -1 -3.152 -1 -3.436 -1 380
-3.294 -1 -2.838 -1 -3.166 -1 -3.466 -1 367
-3.316 -1 -2.84 -1 -3.21 -1 -3.488 -1 385
-3.349 -1 -2.856 -1 -3.028 -1 -3.396 -1 162
-3.212 -1 -2.768 -1 -2.782 -1 -3.286 -2 10
-3.034 -1 -2.628 -1 -3.134 -1 -3.442 -1 445
-3.288 -1 -2.776 -1 -3.178 -1 -3.296 -1 335
-3.237 -1 -2.772 -1 -2.932 -1 -3.288 -1 127
-3.11 -1 -2.662 -1 -2.816 -1 -3.238 -1 140
-3.027 -1 -2.612 -1 -2.962 -1 -3.304 -2 280
-3.133 -1 -2.64 -1 -2.716 -1 -3.22 -1 53
-2.968 -1 -2.556 -1 -2.752 -1 -3.156 -1 139
-2.954 -1 -2.534 -1 -2.888 -1 -3.204 -1 300
-3.046 -1 -2.58 -1 -2.858 -1 -3.244 -1 199
-3.051 -1 -2.63 -1 -3.014 -1 -3.304 -1 369
-3.159 -1 -2.662 -1 -2.976 -1 -3.21 -1 258
-3.093 -1 -2.668 -1 -3.11 -1 -3.418 -1 427
-3.264 -1 -2.808 -1 -3.166 -1 -3.426 -1 376
-3.296 -1 -2.794 -1 -2.808 -1 -3.238 -2 10
-3.023 -1 -2.582 -1 -2.872 -1 -3.232 -1 205
-3.052 -1 -2.61 -1 -2.926 -1 -3.25 -1 251
-3.088 -1 -2.64 -1 -2.984 -1 -3.318 -1 291
-3.151 -1 -2.722 -1 -3.068 -1 -3.296 -1 321
-3.182 -1 -2.732 -1 -3.138 -1 -3.388 -1 446
-3.263 -1 -2.776 -1 -3.182 -1 -3.436 -1 412
-3.309 -1 -2.786 -1 -3.166 -1 -3.432 -1 324
-3.299 -1 -2.858 -1 -3.278 -1 -3.47 -1 455
-3.374 -1 -2.894 -1 -2.968 -1 -3.328 -2 90
-3.148 -1 -2.792 -1 -3.112 -1 -3.388 -2 278
-3.25 -1 -2.804 -1 -3.24 -1 -3.524 -1 446
-3.382 -1 -2.928 -1 -3.03 -1 -3.312 -1 92
-3.171 -1 -2.74 -1 -3.166 -1 -3.424 -1 385
-3.295 -1 -2.838 -1 -2.996 -1 -3.286 -1 112
-3.141 -1 -2.716 -1 -3.116 -1 -3.398 -1 451
-3.257 -1 -2.784 -1 -2.852 -1 -3.27 -1 106
-3.061 -1 -2.666 -1 -2.776 -1 -3.24 -1 80
-3.008 -1 -2.596 -1 -2.782 -1 -3.128 -1 129
-2.955 -1 -2.504 -1 -2.756 -1 -3.19 -1 175
-2.973 -1 -2.558 -1 -2.854 -1 -3.204 -1 208
-3.029 -1 -2.58 -1 -2.778 -1 -3.084 -1 134
-2.931 -1 -2.518 -1 -3.008 -1 -3.366 -1 436
-3.187 -1 -2.706 -1 -2.97 -1 -3.33 -1 204
-3.15 -1 -2.694 -1 -2.792 -1 -3.118 -1 82
-2.955 -1 -2.55 -1 -3.12 -1 -3.288 -1 471
-3.204 -1 -2.766 -1 -3.088 -1 -3.43 -1 248
-3.259 -1 -2.774 -1 -2.934 -1 -3.23 -1 133
-3.082 -1 -2.656 -1 -2.706 -1 -3.162 -1 54
-2.934 -1 -2.558 -1 -2.748 -1 -3.198 -1 141
-2.973 -1 -2.54 -1 -2.678 -1 -3.114 -1 86
-2.896 -1 -2.478 -1 -3.012 -1 -3.29 -1 429
-3.151 -1 -2.634 -1 -2.976 -1 -3.29 -1 334
-3.133 -1 -2.662 -1 -2.988 -1 -3.302 -1 279
-3.145 -1 -2.682 -1 -3.07 -1 -3.398 -1 366
-3.234 -1 -2.744 -1 -3.064 -1 -3.314 -1 295
-3.189 -1 -2.71 -1 -3.036 -1 -3.348 -1 240
-3.192 -1 -2.728 -1 -3.224 -2 -3.41 -1 496
-3.317 -1 -2.834 -1 -2.972 -1 -3.3 -1 138
-3.136 -1 -2.702 -1 -3.014 -1 -3.25 -1 264
-3.132 -1 -2.696 -1 -2.902 -1 -3.364 -1 197
-3.133 -1 -2.662 -1 -2.958 -1 -3.26 -1 206
-3.109 -1 -2.67 -1 -2.834 0 -3.222 -1 159
