9 1000 0.5 6 90 0 0 0 0
-3.612 -1 -3.126 -1 -3.212 -1 -3.4 -1 146
-3.306 -1 -2.896 -1 -3.082 -1 -3.3 -1 226
-3.191 -1 -2.78 -1 -2.996 -1 -3.278 -1 233
-3.137 -1 -2.746 -1 -2.854 -1 -3.172 -1 83
-3.013 -1 -2.622 -1 -2.71 -1 -3.042 -1 76
-2.876 -1 -2.518 -1 -2.758 -1 -3.212 -1 228
-2.985 -1 -2.55 -1 -2.578 -1 -3.036 -1 36
-2.807 -1 -2.444 -1 -2.64 -1 -3.12 -1 145
-2.88 -1 -2.454 -1 -2.632 -1 -3.062 -1 138
-2.847 -1 -2.412 -1 -2.658 -1 -3.03 -1 169
-2.844 -1 -2.45 -1 -2.476 -1 -3.004 -1 16
-2.74 -1 -2.394 -1 -2.476 -1 -3.016 -1 36
-2.746 -1 -2.37 -1 -2.53 -1 -2.944 -1 134
-2.737 -1 -2.314 -1 -2.406 -1 -2.892 -1 47
-2.649 -1 -2.296 -1 -2.478 -1 -2.962 -1 119
-2.72 -1 -2.35 -1 -2.53 -1 -2.906 -1 122
-2.718 -1 -2.32 -1 -2.352 -1 -2.852 -1 13
-2.602 -1 -2.258 -1 -2.416 -1 -2.884 -1 101
-2.65 -1 -2.288 -1 -2.572 -1 -2.972 -1 183
-2.772 -1 -2.352 -1 -2.464 -1 -2.914 -1 78
-2.689 -1 -2.296 -1 -2.55 -1 -3.002 -1 202
-2.776 -1 -2.378 -1 -2.46 -1 -2.896 -1 82
-2.678 -1 -2.332 -1 -2.512 -1 -2.908 -1 122
-2.71 -1 -2.342 -1 -2.616 -1 -3.046 -1 223
-2.831 -1 -2.408 -1 -2.42 -1 -2.906 -1 5
-2.663 -1 -2.35 -1 -2.366 -1 -2.762 -1 11
-2.564 -1 -2.222 -1 -2.458 -1 -2.796 -1 132
-2.627 -1 -2.224 -1 -2.564 -1 -2.966 -1 221
-2.765 -1 -2.358 -1 -2.506 -1 -2.926 -1 132
-2.716 -1 -2.312 -1 -2.562 -1 -2.966 -1 155
-2.764 -1 -2.352 -1 -2.482 -1 -2.902 -1 77
-2.692 -1 -2.312 -1 -2.642 -1 -3.044 -1 240
-2.843 -1 -2.446 -1 -2.614 -1 -3.006 -1 152
-2.81 -1 -2.44 -1 -2.452 -1 -2.89 -1 10
-2.671 -1 -2.286 -1 -2.334 -1 -2.802 -1 37
-2.568 -1 -2.222 -1 -2.302 -1 -2.772 -1 58
-2.537 -1 -2.186 -1 -2.496 -1 -2.912 -1 206
-2.704 -1 -2.282 -1 -2.592 -1 -3.022 -1 247
-2.807 -1 -2.402 -1 -2.462 -1 -2.938 -1 44
-2.7 -1 -2.358 -1 -2.546 -1 -2.932 -1 145
-2.739 -1 -2.358 -1 -2.476 -1 -2.926 -1 83
-2.701 -1 -2.334 -1 -2.51 -1 -2.992 -1 123
-2.751 -1 -2.392 -1 -2.466 -1 -2.846 -1 58
-2.656 -1 -2.28 -1 -2.312 -1 -2.796 -1 26
-2.554 -1 -2.206 -1 -2.494 -1 -2.898 -1 170
-2.696 -1 -2.324 -1 -2.5 -1 -2.884 -1 134
-2.692 -1 -2.292 -1 -2.534 -1 -2.984 -1 174
-2.759 -1 -2.38 -1 -2.662 -1 -2.974 -1 215
-2.818 -1 -2.456 -1 -2.53 -1 -2.946 -1 52
-2.738 -1 -2.368 -1 -2.532 -1 -2.954 -1 103
-2.743 -1 -2.38 -1 -2.624 -1 -3.018 -1 186
-2.821 -1 -2.476 -1 -2.736 -1 -3.076 -1 222
-2.906 -1 -2.522 -1 -2.82 -1 -3.092 -1 235
-2.956 -1 -2.54 -1 -2.696 -1 -3.03 -1 154
-2.863 -1 -2.478 -1 -2.564 -1 -2.966 -1 84
-2.765 -1 -2.4 -1 -2.564 -1 -2.938 -1 113
-2.751 -1 -2.312 -1 -2.634 -1 -3.016 -1 217
-2.825 -1 -2.418 -1 -2.426 -1 -2.848 -1 6
-2.637 -1 -2.308 -1 -2.474 -1 -2.944 -1 123
-2.709 -1 -2.318 -1 -2.46 -1 -2.876 -1 77
-2.668 -1 -2.294 -1 -2.434 -1 -2.946 -1 80
-2.69 -1 -2.332 -1 -2.596 -1 -2.966 -1 178
-2.781 -1 -2.406 -1 -2.458 -1 -2.876 -1 33
-2.667 -1 -2.328 -1 -2.384 -1 -2.844 -1 45
-2.614 -1 -2.292 -1 -2.54 -1 -2.964 -1 164
-2.752 -1 -2.316 -1 -2.654 -1 -3.026 -1 193
-2.84 -1 -2.426 -1 -2.584 -1 -2.902 -1 130
-2.743 -1 -2.372 -1 -2.728 -1 -3.082 -1 249
-2.905 -1 -2.456 -1 -2.578 -1 -3.016 -1 98
-2.797 -1 -2.41 -1 -2.482 -1 -2.858 -1 32
-2.67 -1 -2.338 -1 -2.346 -1 -2.894 -1 9
-2.62 -1 -2.302 -1 -2.42 -1 -2.87 -1 76
-2.645 -1 -2.276 -1 -2.398 -1 -2.866 -1 93
-2.632 -1 -2.288 -1 -2.368 -1 -2.798 -1 47
-2.583 -1 -2.25 -1 -2.6 -1 -2.994 -1 226
-2.797 -1 -2.39 -1 -2.566 -1 -2.9 -1 121
-2.733 -1 -2.362 -1 -2.676 -1 -2.994 -1 231
-2.835 -1 -2.388 -1 -2.642 -1 -3.052 -1 244
-2.847 -1 -2.446 -1 -2.728 -1 -3.054 -1 213
-2.891 -1 -2.456 -1 -2.634 -1 -3.002 -1 172
-2.818 -1 -2.412 -1 -2.508 -1 -2.902 -1 78
-2.705 -1 -2.35 -1 -2.674 -1 -3.012 -1 247
-2.843 -1 -2.436 -1 -2.648 -1 -3.066 -1 144
-2.857 -1 -2.452 -1 -2.528 -1 -2.942 -1 67
-2.735 -1 -2.352 -1 -2.702 -1 -3.03 -1 234
-2.866 -1 -2.436 -1 -2.694 -1 -3.032 -1 194
-2.863 -1 -2.486 -1 -2.55 -1 -2.93 -1 35
-2.74 -1 -2.356 -1 -2.462 -1 -2.886 -1 53
-2.674 -1 -2.348 -1 -2.394 -1 -2.814 -1 38
-2.604 -1 -2.244 -1 -2.436 -1 -2.89 0 141
