8 1000 0.9 4 21 0 0 0 0
-3.456 -1 -3.07 -1 -3.11 -1 -3.268 -1 143
-3.189 -1 -2.846 -1 -2.948 -1 -3.216 -1 135
-3.082 -1 -2.742 -1 -2.828 -1 -3.086 -1 132
-2.957 -1 -2.614 -1 -2.664 -1 -3.032 -1 89
-2.848 -1 -2.54 -1 -2.602 -1 -2.93 -1 43
-2.766 -1 -2.482 -1 -2.816 -1 -3.096 -1 349
-2.956 -1 -2.608 -1 -2.996 -1 -3.192 -1 422
-3.094 -1 -2.754 -1 -2.824 -1 -3.144 -1 106
-2.984 -1 -2.632 -1 -2.918 -1 -3.222 -1 322
-3.07 -1 -2.706 -1 -2.868 -1 -3.142 -1 186
-3.005 -1 -2.658 -1 -2.752 -1 -3.042 -1 129
-2.897 -1 -2.548 -1 -2.938 -1 -3.11 -1 416
-3.024 -1 -2.616 -1 -2.706 -1 -3.018 -1 139
-2.862 -1 -2.518 -1 -2.518 -1 -2.942 -1 1
-2.73 -1 -2.41 -1 -2.77 -1 -3.05 -1 385
-2.91 -1 -2.564 -1 -2.678 -1 -3.06 -1 110
-2.869 -1 -2.532 -1 -2.598 -1 -2.934 -1 70
-2.766 -1 -2.41 -1 -2.612 -1 -2.932 -1 186
-2.772 -1 -2.402 -1 -2.548 -1 -2.954 -1 149
-2.751 -1 -2.422 -1 -2.608 -1 -2.99 -1 157
-2.799 -1 -2.472 -1 -2.784 -1 -3.022 0 345
