8 1000 0 2 30 0 0 0 0
-3.433 -1 -3.198 -1 -3.198 -1 -3.354 -1 0
-3.276 -1 -3.054 -1 -3.054 -1 -3.216 -1 0
-3.135 -1 -2.878 -1 -2.878 -1 -3.1 -1 0
-2.989 -1 -2.806 -1 -2.806 -1 -3.096 -1 0
-2.951 -1 -2.712 -1 -2.712 -1 -3.014 -1 0
-2.863 -1 -2.66 -1 -2.66 -1 -2.998 -1 0
-2.829 -1 -2.64 -1 -2.64 -1 -2.966 -1 0
-2.803 -1 -2.562 -1 -2.562 -1 -2.91 -1 0
-2.736 -1 -2.522 -1 -2.522 -1 -2.864 -1 0
-2.693 -1 -2.53 -1 -2.53 -1 -2.888 -1 0
-2.709 -1 -2.502 -1 -2.502 -1 -2.784 -1 0
-2.643 -1 -2.446 -1 -2.446 -1 -2.8 -1 0
-2.623 -1 -2.456 -1 -2.456 -1 -2.81 -1 0
-2.633 -1 -2.408 -1 -2.408 -1 -2.844 -1 0
-2.626 -1 -2.402 -1 -2.402 -1 -2.748 -1 0
-2.575 -1 -2.378 -1 -2.378 -1 -2.746 -1 0
-2.562 -1 -2.346 -1 -2.346 -1 -2.75 -1 0
-2.548 -1 -2.334 -1 -2.334 -1 -2.682 -1 0
-2.508 -1 -2.262 -1 -2.262 -1 -2.686 -1 0
-2.474 -1 -2.23 -1 -2.23 -1 -2.69 -1 0
-2.46 -1 -2.258 -1 -2.258 -1 -2.604 -1 0
-2.431 -1 -2.246 -1 -2.246 -1 -2.58 -1 0
-2.413 -1 -2.174 -1 -2.174 -1 -2.596 -1 0
-2.385 -1 -2.16 -1 -2.16 -1 -2.59 -1 0
-2.375 -1 -2.206 -1 -2.206 -1 -2.562 -1 0
-2.384 -1 -2.182 -1 -2.182 -1 -2.534 -1 0
-2.358 -1 -2.164 -1 -2.164 -1 -2.504 -1 0
-2.334 -1 -2.136 -1 -2.136 -1 -2.52 -1 0
-2.328 -1 -2.128 -1 -2.128 -1 -2.536 -1 0
-2.332 -1 -2.132 -1 -2.132 -1 -2.5 0 0
