9 1000 0.6 6 68 0 0 0 0
-3.691 -1 -3.22 -1 -3.302 -1 -3.462 -1 223
-3.382 -1 -2.986 -1 -3.024 -1 -3.342 -2 72
-3.183 -1 -2.822 -1 -2.932 -1 -3.246 -1 105
-3.089 -1 -2.716 -1 -2.732 -1 -3.162 -1 25
-2.947 -1 -2.56 -1 -2.594 -1 -3.074 -1 25
-2.834 -1 -2.508 -1 -2.774 -1 -3.116 -1 203
-2.945 -1 -2.514 -1 -2.772 -1 -3.078 -1 191
-2.925 -1 -2.492 -1 -2.514 -1 -2.976 -1 21
-2.745 -1 -2.376 -1 -2.684 -1 -3.058 -1 226
-2.871 -1 -2.424 -1 -2.738 -1 -3.108 -1 274
-2.923 -1 -2.498 -1 -2.75 -1 -3.028 -1 183
-2.889 -1 -2.48 -1 -2.568 -1 -3.04 -1 60
-2.804 -1 -2.418 -1 -2.666 -1 -3.066 -1 233
-2.866 -1 -2.428 -1 -2.814 -1 -3.134 -1 271
-2.974 -1 -2.522 -1 -2.716 -1 -3.112 -1 152
-2.914 -1 -2.488 -1 -2.702 -1 -3.068 -1 167
-2.885 -1 -2.468 -1 -2.782 -1 -3.172 -1 244
-2.977 -1 -2.566 -1 -2.62 -1 -3.05 -1 35
-2.835 -1 -2.456 -1 -2.778 -1 -3.096 -1 299
-2.937 -1 -2.54 -1 -2.78 -1 -3.132 -1 181
-2.956 -1 -2.544 -1 -2.754 -1 -3.104 -1 219
-2.929 -1 -2.52 -1 -2.754 -1 -3.096 -1 218
-2.925 -1 -2.526 -1 -2.554 -1 -3.01 -1 20
-2.782 -1 -2.426 -1 -2.504 -1 -2.962 -1 70
-2.733 -1 -2.374 -1 -2.456 -1 -2.934 -1 63
-2.695 -1 -2.35 -1 -2.596 -1 -3.038 -1 154
-2.817 -1 -2.416 -1 -2.64 -1 -3.012 -1 161
-2.826 -1 -2.448 -1 -2.854 -1 -3.144 -1 297
-2.999 -1 -2.518 -1 -2.732 -1 -3.122 -1 198
-2.927 -1 -2.522 -1 -2.604 -1 -2.97 -1 73
-2.787 -1 -2.422 -1 -2.558 -1 -2.998 -1 84
-2.778 -1 -2.396 -1 -2.582 -1 -3.006 -1 131
-2.794 -1 -2.43 -1 -2.702 -1 -3.024 -1 204
-2.863 -1 -2.438 -1 -2.63 -1 -3.02 -1 187
-2.825 -1 -2.414 -1 -2.752 -1 -3.162 -1 270
-2.957 -1 -2.52 -1 -2.794 -1 -3.088 -1 257
-2.941 -1 -2.548 -1 -2.874 -1 -3.144 -1 295
-3.009 -1 -2.624 -1 -2.894 -1 -3.198 -1 226
-3.046 -1 -2.59 -1 -2.974 -1 -3.248 -1 297
-3.111 -1 -2.652 -1 -2.834 -1 -3.102 -1 139
-2.968 -1 -2.584 -1 -2.748 -1 -3.038 -1 141
-2.893 -1 -2.52 -1 -2.616 -1 -3.06 -1 114
-2.838 -1 -2.476 -1 -2.584 -1 -3.056 -2 82
-2.82 -1 -2.46 -1 -2.724 -1 -3.098 -2 182
-2.911 -1 -2.554 -1 -2.66 -1 -3.114 -1 125
-2.887 -1 -2.53 -1 -2.652 -1 -3.028 -1 100
-2.84 -1 -2.468 -1 -2.684 -1 -3.058 -1 146
-2.871 -1 -2.51 -1 -2.562 -1 -2.984 -1 43
-2.773 -1 -2.414 -1 -2.802 -1 -3.108 -1 271
-2.955 -1 -2.556 -1 -2.648 -1 -3.074 -1 127
-2.861 -1 -2.468 -1 -2.63 -1 -3.09 -1 134
-2.86 -1 -2.486 -1 -2.85 -1 -3.142 -1 292
-2.996 -1 -2.572 -1 -2.768 -1 -3.094 -1 158
-2.931 -1 -2.536 -1 -2.61 -1 -3.056 -1 49
-2.833 -1 -2.456 -1 -2.54 -1 -2.892 -1 89
-2.716 -1 -2.348 -1 -2.518 -1 -2.956 -1 166
-2.737 -1 -2.38 -1 -2.542 -1 -2.984 -1 107
-2.763 -1 -2.384 -1 -2.724 -1 -3.124 -1 296
-2.924 -1 -2.536 -1 -2.574 -1 -2.998 -1 26
-2.786 -1 -2.408 -1 -2.478 -1 -2.884 -1 79
-2.681 -1 -2.336 -1 -2.48 -1 -2.922 -1 90
-2.701 -1 -2.34 -1 -2.53 -1 -2.982 -1 134
-2.756 -1 -2.394 -1 -2.716 -1 -3.09 -1 248
-2.903 -1 -2.528 -1 -2.714 -1 -3.096 -1 179
-2.905 -1 -2.52 -1 -2.82 -1 -3.142 -1 236
-2.981 -1 -2.556 -1 -2.568 -1 -3.014 -1 8
-2.791 -1 -2.446 -1 -2.81 -1 -3.132 -1 299
-2.971 -1 -2.548 -1 -2.83 -1 -3.146 0 262
