7 1000 0.3 3 16 0 0 0 0
-3.261 -1 -2.912 -1 -2.944 -1 -3.068 -1 61
-3.006 -1 -2.694 -1 -2.772 -1 -3.016 -1 121
-2.894 -1 -2.57 -1 -2.604 -1 -2.88 -1 29
-2.742 -1 -2.474 -1 -2.602 -1 -2.894 -1 148
-2.748 -1 -2.454 -1 -2.602 -1 -2.858 -1 137
-2.73 -1 -2.448 -1 -2.506 -1 -2.822 -1 63
-2.664 -1 -2.406 -1 -2.47 -1 -2.72 -1 104
-2.595 -1 -2.336 -1 -2.34 -1 -2.768 -1 10
-2.554 -1 -2.31 -1 -2.42 -1 -2.796 -1 106
-2.608 -1 -2.292 -1 -2.326 -1 -2.632 -1 27
-2.479 -1 -2.212 -1 -2.328 -1 -2.724 -1 125
-2.526 -1 -2.26 -1 -2.408 -1 -2.75 -1 145
-2.579 -1 -2.266 -1 -2.382 -1 -2.674 -1 142
-2.528 -1 -2.23 -1 -2.268 -1 -2.752 -1 22
-2.51 -1 -2.216 -1 -2.28 -1 -2.75 -1 46
-2.515 -1 -2.232 -1 -2.38 -1 -2.73 0 145
