8 1000 0.2 1 122 0 0 0 0
-3.462 -1 -3.282 -1 -3.292 -1 -3.312 -1 96
-3.302 -1 -3.162 -1 -3.18 -1 -3.31 -1 66
-3.245 -1 -3.17 -1 -3.188 -1 -3.274 -1 54
-3.231 -1 -3.118 -1 -3.142 -1 -3.252 -1 63
-3.197 -1 -3.056 -1 -3.078 -1 -3.268 -1 73
-3.173 -1 -3.006 -1 -3.066 -1 -3.248 -1 59
-3.157 -1 -3.002 -1 -3.026 -1 -3.224 -1 27
-3.125 -1 -3.058 -1 -3.106 -1 -3.218 -1 94
-3.162 -1 -3.018 -1 -3.03 -1 -3.222 -1 58
-3.126 -1 -2.986 -1 -2.986 -1 -3.132 -1 2
-3.059 -1 -2.936 -1 -2.948 -1 -3.08 -1 59
-3.014 -1 -2.864 -1 -2.87 -1 -3.12 -1 6
-2.995 -1 -2.9 -1 -2.952 -1 -3.136 -1 65
-3.044 -1 -2.954 -1 -3.012 -1 -3.132 -1 61
-3.072 -1 -2.948 -1 -2.984 -1 -3.224 -1 30
-3.104 -1 -2.996 -1 -3.05 -1 -3.152 -1 91
-3.101 -1 -2.934 -1 -2.948 -1 -3.092 -1 9
-3.02 -1 -2.868 -1 -2.914 -1 -3.102 -1 72
-3.008 -1 -2.904 -1 -2.922 -1 -3.114 -1 34
-3.018 -1 -2.888 -1 -2.96 -1 -3.12 -1 99
-3.04 -1 -2.95 -1 -2.972 -1 -3.122 -1 33
-3.047 -1 -2.92 -1 -2.956 -1 -3.108 -1 70
-3.032 -1 -2.93 -1 -2.972 -1 -3.198 -1 83
-3.085 -1 -2.942 -1 -2.99 -1 -3.122 -1 59
-3.056 -1 -2.96 -1 -2.98 -1 -3.184 -1 35
-3.082 -1 -2.97 -1 -3.018 -1 -3.176 -1 83
-3.097 -1 -3.004 -1 -3.014 -1 -3.168 -1 46
-3.091 -1 -2.988 -1 -3.02 -1 -3.162 -1 28
-3.091 -1 -2.952 -1 -2.982 -1 -3.108 -1 91
-3.045 -1 -2.89 -1 -2.914 -1 -3.106 -1 28
-3.01 -1 -2.844 -1 -2.91 -1 -3.078 -1 80
-2.994 -1 -2.874 -1 -2.922 -1 -3.17 -1 94
-3.046 -1 -2.86 -1 -2.866 -1 -3.102 -1 9
-2.984 -1 -2.884 -1 -2.91 -1 -3.122 -1 57
-3.016 -1 -2.888 -1 -2.91 -1 -3.062 -1 50
-2.986 -1 -2.876 -1 -2.904 -1 -3.138 -1 17
-3.021 -1 -2.888 -1 -2.918 -1 -3.134 -1 51
-3.026 -1 -2.886 -1 -2.902 -1 -3.08 -1 52
-2.991 -1 -2.872 -1 -2.884 -1 -3.132 -1 53
-3.008 -1 -2.902 -1 -2.932 -1 -3.116 -1 53
-3.024 -1 -2.92 -1 -2.972 -1 -3.054 -1 80
-3.013 -1 -2.86 -1 -2.906 -1 -3.134 -1 56
-3.02 -1 -2.914 -1 -2.964 -1 -3.226 -1 79
-3.095 -1 -3.018 -1 -3.016 -1 -3.204 -1 47
-3.11 -1 -2.972 -1 -3.02 -1 -3.16 -1 64
-3.09 -1 -2.982 -1 -2.988 -1 -3.154 -1 63
-3.071 -1 -2.938 -1 -2.94 -1 -3.038 -1 36
-2.989 -1 -2.906 -1 -2.96 -1 -3.054 -1 80
-3.007 -1 -2.854 -1 -2.93 -1 -3.146 -1 68
-3.038 -1 -2.96 -1 -2.97 -1 -3.186 -1 64
-3.078 -1 -2.958 -1 -3.002 -1 -3.21 -1 54
-3.106 -1 -2.904 -1 -2.906 -1 -3.062 -1 42
-2.984 -1 -2.818 -1 -2.826 -1 -3.07 -1 5
-2.948 -1 -2.838 -1 -2.874 -1 -3.092 -1 27
-2.983 -1 -2.876 -1 -2.916 -1 -3.158 -1 34
-3.037 -1 -2.908 -1 -2.96 -1 -3.11 -1 58
-3.035 -1 -2.896 -1 -2.944 -1 -3.148 -1 65
-3.046 -1 -2.918 -1 -2.956 -1 -3.104 -1 99
-3.03 -1 -2.896 -1 -2.9 -1 -3.068 -1 6
-2.984 -1 -2.898 -1 -2.94 -1 -3.122 -1 42
-3.031 -1 -2.898 -1 -2.914 -1 -3.162 -1 15
-3.038 -1 -2.886 -1 -2.912 -1 -3.1 -1 47
-3.006 -1 -2.874 -1 -2.87 -1 -2.99 -1 17
-2.93 -1 -2.782 -1 -2.834 -1 -2.982 -1 73
-2.908 -1 -2.758 -1 -2.758 -1 -3.004 -1 7
-2.881 -1 -2.72 -1 -2.818 -1 -3.058 -1 61
-2.938 -1 -2.822 -1 -2.842 -1 -3.118 -1 40
-2.98 -1 -2.83 -1 -2.872 -1 -3.13 -1 71
-3.001 -1 -2.862 -1 -2.904 -1 -3.152 -1 50
-3.028 -1 -2.884 -1 -2.952 -1 -3.12 -1 68
-3.036 -1 -2.888 -1 -2.912 -1 -3.05 -1 62
-2.981 -1 -2.838 -1 -2.886 -1 -3.04 -1 51
-2.963 -1 -2.786 -1 -2.796 -1 -3.04 -1 12
-2.918 -1 -2.798 -1 -2.838 -1 -3.016 -1 81
-2.927 -1 -2.776 -1 -2.79 -1 -3.012 -1 7
-2.901 -1 -2.738 -1 -2.76 -1 -3.052 -1 62
-2.906 -1 -2.756 -1 -2.798 -1 -2.988 -1 85
-2.893 -1 -2.784 -1 -2.862 -1 -3.074 -1 91
-2.968 -1 -2.834 -1 -2.864 -1 -3.072 -1 26
-2.968 -1 -2.81 -1 -2.822 -1 -3.03 -1 11
-2.926 -1 -2.816 -1 -2.884 -1 -3.034 -1 78
-2.959 -1 -2.814 -1 -2.878 -1 -3.08 -1 64
-2.979 -1 -2.832 -1 -2.87 -1 -3.1 -1 93
-2.985 -1 -2.872 -1 -2.88 -1 -3.092 -1 14
-2.986 -1 -2.896 -1 -2.898 -1 -3.122 -1 42
-3.01 -1 -2.894 -1 -2.902 -1 -3.048 -1 68
-2.975 -1 -2.828 -1 -2.834 -1 -3.034 -1 14
-2.934 -1 -2.838 -1 -2.874 -1 -3.03 -1 28
-2.952 -1 -2.872 -1 -2.91 -1 -3.102 -1 42
-3.006 -1 -2.87 -1 -2.9 -1 -3.076 -1 20
-2.988 -1 -2.884 -1 -2.95 -1 -3.086 -1 80
-3.018 -1 -2.858 -1 -2.892 -1 -3.106 -1 47
-2.999 -1 -2.888 -1 -2.928 -1 -3.108 -1 79
-3.018 -1 -2.874 -1 -2.906 -1 -3.16 -1 87
-3.033 -1 -2.86 -1 -2.886 -1 -3.104 -1 58
-2.995 -1 -2.832 -1 -2.846 -1 -3.008 -1 24
-2.927 -1 -2.782 -1 -2.796 -1 -2.99 -1 7
-2.893 -1 -2.806 -1 -2.886 -1 -3.066 -1 98
-2.976 -1 -2.83 -1 -2.844 -1 -2.974 -1 13
-2.909 -1 -2.76 -1 -2.798 -1 -3.03 -1 76
-2.914 -1 -2.79 -1 -2.822 -1 -3.054 -1 45
-2.938 -1 -2.772 -1 -2.772 -1 -3.032 -1 18
-2.902 -1 -2.816 -1 -2.846 -1 -3.064 -1 40
-2.955 -1 -2.844 -1 -2.926 -1 -3.116 -1 96
-3.021 -1 -2.894 -1 -2.922 -1 -3.064 -1 83
-2.993 -1 -2.836 -1 -2.87 -1 -3.088 -1 35
-2.979 -1 -2.864 -1 -2.926 -1 -3.154 -1 60
-3.04 -1 -2.922 -1 -2.99 -1 -3.176 -1 61
-3.083 -1 -2.936 -1 -2.932 -1 -3.074 -1 5
-3.003 -1 -2.838 -1 -2.906 -1 -3.066 -1 84
-2.986 -1 -2.884 -1 -2.904 -1 -3.078 -1 9
-2.991 -1 -2.878 -1 -2.896 -1 -3.058 -1 58
-2.977 -1 -2.752 -1 -2.758 -1 -3.068 -1 46
-2.913 -1 -2.772 -1 -2.808 -1 -3.058 -1 63
-2.933 -1 -2.77 -1 -2.788 -1 -3.084 -1 72
-2.936 -1 -2.79 -1 -2.86 -1 -3.114 -1 58
-2.987 -1 -2.854 -1 -2.858 -1 -3.09 -1 6
-2.974 -1 -2.78 -1 -2.836 -1 -3.054 -1 73
-2.945 -1 -2.812 -1 -2.818 -1 -3.056 -1 17
-2.937 -1 -2.836 -1 -2.9 -1 -3.094 -1 85
-2.997 -1 -2.892 -1 -2.932 -1 -3.082 -1 86
-3.007 -1 -2.83 -1 -2.848 -1 -3.142 0 35
