9 1000 0.2 4 782 0 0 0 0
-3.664 -1 -3.254 -1 -3.284 -1 -3.442 -1 79
-3.363 -1 -3 -1 -3.042 -1 -3.298 -1 62
-3.17 -1 -2.826 -1 -2.89 -1 -3.226 -1 69
-3.058 -1 -2.752 -1 -2.798 -1 -3.148 -1 51
-2.973 -1 -2.648 -1 -2.766 -1 -3.148 -1 83
-2.957 -1 -2.634 -1 -2.704 -1 -3.112 -1 87
-2.908 -1 -2.61 -1 -2.642 -1 -3.046 -1 34
-2.844 -1 -2.508 -1 -2.564 -1 -3.018 -1 68
-2.791 -1 -2.516 -1 -2.538 -1 -2.942 -1 25
-2.74 -1 -2.43 -1 -2.432 -1 -2.94 -1 10
-2.686 -1 -2.39 -1 -2.39 -1 -2.882 -1 0
-2.636 -1 -2.358 -1 -2.406 -1 -2.87 -1 28
-2.638 -1 -2.344 -1 -2.354 -1 -2.86 -1 11
-2.607 -1 -2.35 -1 -2.358 -1 -2.79 -1 13
-2.574 -1 -2.328 -1 -2.338 -1 -2.776 -1 6
-2.557 -1 -2.272 -1 -2.416 -1 -2.848 -1 87
-2.632 -1 -2.282 -1 -2.372 -1 -2.86 -1 69
-2.616 -1 -2.318 -1 -2.424 -1 -2.816 -1 62
-2.62 -1 -2.304 -1 -2.306 -1 -2.834 -1 5
-2.57 -1 -2.312 -1 -2.346 -1 -2.786 -1 25
-2.566 -1 -2.282 -1 -2.282 -1 -2.74 -1 1
-2.511 -1 -2.238 -1 -2.394 -1 -2.864 -1 98
-2.629 -1 -2.298 -1 -2.398 -1 -2.834 -1 65
-2.616 -1 -2.324 -1 -2.406 -1 -2.832 -1 65
-2.619 -1 -2.34 -1 -2.47 -1 -2.872 -1 73
-2.671 -1 -2.358 -1 -2.438 -1 -2.858 -1 66
-2.648 -1 -2.334 -1 -2.474 -1 -2.824 -1 90
-2.649 -1 -2.318 -1 -2.49 -1 -2.91 -1 81
-2.7 -1 -2.364 -1 -2.46 -1 -2.91 -1 86
-2.685 -1 -2.356 -1 -2.41 -1 -2.904 -1 33
-2.657 -1 -2.382 -1 -2.414 -1 -2.868 -1 17
-2.641 -1 -2.336 -1 -2.38 -1 -2.78 -1 35
-2.58 -1 -2.298 -1 -2.422 -1 -2.918 -1 66
-2.67 -1 -2.372 -1 -2.484 -1 -2.884 -1 80
-2.684 -1 -2.35 -1 -2.416 -1 -2.85 -1 45
-2.633 -1 -2.292 -1 -2.424 -1 -2.838 -1 92
-2.631 -1 -2.306 -1 -2.41 -1 -2.874 -1 68
-2.642 -1 -2.33 -1 -2.372 -1 -2.764 -1 31
-2.568 -1 -2.276 -1 -2.452 -1 -2.878 -1 95
-2.665 -1 -2.298 -1 -2.404 -1 -2.86 -1 82
-2.632 -1 -2.346 -1 -2.43 -1 -2.784 -1 51
-2.607 -1 -2.306 -1 -2.34 -1 -2.804 -1 26
-2.572 -1 -2.234 -1 -2.32 -1 -2.722 -1 56
-2.521 -1 -2.186 -1 -2.278 -1 -2.654 -1 50
-2.466 -1 -2.176 -1 -2.188 -1 -2.596 -1 5
-2.392 -1 -2.126 -1 -2.256 -1 -2.764 -1 72
-2.51 -1 -2.16 -1 -2.222 -1 -2.69 -1 48
-2.456 -1 -2.112 -1 -2.146 -1 -2.576 -1 11
-2.361 -1 -2.074 -1 -2.176 -1 -2.63 -1 44
-2.403 -1 -2.032 -1 -2.066 -1 -2.56 -1 20
-2.313 -1 -2.016 -1 -2.096 -1 -2.55 -1 37
-2.323 -1 -2.012 -1 -2.072 -1 -2.598 -1 24
-2.335 -1 -2.026 -1 -2.12 -1 -2.494 -1 52
-2.307 -1 -2.002 -1 -2.142 -1 -2.588 -1 72
-2.365 -1 -2.012 -1 -2.052 -1 -2.54 -1 44
-2.296 -1 -2.01 -1 -2.094 -1 -2.528 -1 34
-2.311 -1 -1.948 -1 -1.964 -1 -2.452 -1 9
-2.208 -1 -1.918 -1 -2.002 -1 -2.388 -1 51
-2.195 -1 -1.886 -1 -1.896 -1 -2.296 -1 3
-2.096 -1 -1.81 -1 -1.91 -1 -2.424 -1 51
-2.167 -1 -1.858 -1 -2.05 -1 -2.414 -1 92
-2.232 -1 -1.852 -1 -1.906 -1 -2.378 -1 18
-2.142 -1 -1.81 -1 -1.918 -1 -2.292 -1 68
-2.105 -1 -1.796 -1 -1.81 -1 -2.196 -1 7
-2.003 -1 -1.704 -1 -1.794 -1 -2.182 -1 47
-1.988 -1 -1.692 -1 -1.74 -1 -2.162 -1 23
-1.951 -1 -1.672 -1 -1.828 -1 -2.256 -1 67
-2.042 -1 -1.718 -1 -1.818 -1 -2.176 -1 39
-1.997 -1 -1.642 -1 -1.834 -1 -2.182 -1 93
-2.008 -1 -1.628 -1 -1.766 -1 -2.122 -1 53
-1.944 -1 -1.588 -1 -1.804 -1 -2.126 -1 84
-1.965 -1 -1.582 -1 -1.612 -1 -1.974 -1 8
-1.793 -1 -1.502 -1 -1.684 -1 -2.014 -1 79
-1.849 -1 -1.502 -1 -1.512 -1 -1.83 -1 6
-1.671 -1 -1.372 -1 -1.62 -1 -1.954 -1 91
-1.787 -1 -1.432 -1 -1.482 -1 -1.756 -1 17
-1.619 -1 -1.348 -1 -1.488 -1 -1.832 -1 57
-1.66 -1 -1.338 -1 -1.408 -1 -1.746 -1 18
-1.577 -1 -1.308 -1 -1.536 -1 -1.856 -1 86
-1.696 -1 -1.378 -1 -1.578 -1 -1.87 -1 79
-1.724 -1 -1.338 -1 -1.474 -1 -1.752 -1 49
-1.613 -1 -1.28 -1 -1.316 -1 -1.6 -1 13
-1.458 -1 -1.214 -1 -1.262 -1 -1.5 -1 13
-1.381 -1 -1.162 -1 -1.454 -1 -1.702 -1 95
-1.578 -1 -1.304 -1 -1.518 -1 -1.792 -1 84
-1.655 -1 -1.306 -1 -1.31 -1 -1.488 -1 2
-1.399 -1 -1.148 -1 -1.36 -1 -1.594 -1 72
-1.477 -1 -1.22 -1 -1.394 -1 -1.604 -1 51
-1.499 -1 -1.242 -1 -1.442 -1 -1.672 -1 60
-1.557 -1 -1.232 -1 -1.298 -1 -1.522 -1 20
-1.41 -1 -1.174 -1 -1.412 -1 -1.61 -1 91
-1.511 -1 -1.234 -1 -1.356 -1 -1.542 -1 54
-1.449 -1 -1.18 -1 -1.43 -1 -1.656 -1 80
-1.543 -1 -1.24 -1 -1.482 -1 -1.71 -1 77
-1.596 -1 -1.288 -1 -1.494 -1 -1.672 -1 72
-1.583 -1 -1.232 -1 -1.304 -1 -1.464 -1 25
-1.384 -1 -1.154 -1 -1.178 -1 -1.332 -1 10
-1.255 -1 -1.094 -1 -1.306 -1 -1.462 -1 65
-1.384 -1 -1.134 -1 -1.45 -1 -1.568 -1 96
-1.509 -1 -1.212 -1 -1.316 -1 -1.378 -1 29
-1.347 -1 -1.122 -1 -1.274 -1 -1.406 -1 56
-1.34 -1 -1.142 -1 -1.166 -1 -1.232 -1 6
-1.199 -1 -1.044 -1 -1.198 -1 -1.282 -1 39
-1.24 -1 -1.078 -1 -1.31 -1 -1.41 -1 76
-1.36 -1 -1.106 -1 -1.298 -1 -1.402 -1 52
-1.35 -1 -1.104 -1 -1.36 -1 -1.454 -1 87
-1.407 -1 -1.136 -1 -1.342 -1 -1.438 -1 63
-1.39 -1 -1.142 -1 -1.384 -1 -1.5 -1 70
-1.442 -1 -1.196 -1 -1.508 -1 -1.648 -1 91
-1.578 -1 -1.212 -1 -1.33 -1 -1.42 -1 48
-1.375 -1 -1.134 -1 -1.388 -1 -1.51 -1 82
-1.449 -1 -1.19 -1 -1.49 -1 -1.566 -1 93
-1.528 -1 -1.166 -1 -1.436 -1 -1.622 -1 83
-1.529 -1 -1.214 -1 -1.392 -1 -1.484 -1 55
-1.438 -1 -1.138 -1 -1.406 -1 -1.546 -1 93
-1.476 -1 -1.204 -1 -1.298 -1 -1.358 -1 39
-1.328 -1 -1.122 -1 -1.328 -1 -1.416 -1 67
-1.372 -1 -1.138 -1 -1.424 -1 -1.554 -1 93
-1.489 -1 -1.2 -1 -1.284 -1 -1.384 -1 24
-1.334 -1 -1.094 -1 -1.326 -1 -1.448 -1 77
-1.387 -1 -1.152 -1 -1.372 -1 -1.514 -1 73
-1.443 -1 -1.186 -1 -1.404 -1 -1.498 -1 81
-1.451 -1 -1.202 -1 -1.308 -1 -1.438 -1 41
-1.373 -1 -1.156 -1 -1.182 -1 -1.262 -1 8
-1.222 -1 -1.076 -1 -1.31 -1 -1.404 -1 84
-1.357 -1 -1.14 -1 -1.374 -1 -1.504 -1 77
-1.439 -1 -1.174 -1 -1.312 -1 -1.42 -1 43
-1.366 -1 -1.15 -1 -1.394 -1 -1.484 -1 72
-1.439 -1 -1.174 -1 -1.206 -1 -1.27 -1 8
-1.238 -1 -1.098 -1 -1.098 -1 -1.122 -1 1
-1.11 -1 -1.026 -1 -1.212 -1 -1.302 -1 57
-1.257 -1 -1.084 -1 -1.106 -1 -1.174 -1 7
-1.14 -1 -1.034 -1 -1.346 -1 -1.422 -1 88
-1.384 -1 -1.13 -1 -1.152 -1 -1.196 -1 4
-1.174 -1 -1.038 -1 -1.114 -1 -1.166 -1 25
-1.14 -1 -1.04 -1 -1.046 -1 -1.078 -1 1
-1.062 -1 -1.008 -1 -1.148 -1 -1.212 -1 43
-1.18 -1 -1.074 -1 -1.304 -1 -1.412 -1 86
-1.358 -1 -1.168 -1 -1.368 -1 -1.45 -1 65
-1.409 -1 -1.15 -1 -1.446 -1 -1.544 -1 97
-1.495 -1 -1.176 -1 -1.264 -1 -1.368 -1 26
-1.316 -1 -1.1 -1 -1.238 -1 -1.312 -1 42
-1.275 -1 -1.112 -1 -1.154 -1 -1.206 -1 10
-1.18 -1 -1.058 -1 -1.2 -1 -1.258 -1 36
-1.229 -1 -1.07 -1 -1.07 -1 -1.126 -1 0
-1.098 -1 -1.024 -1 -1.366 -1 -1.484 -1 99
-1.425 -1 -1.158 -1 -1.39 -1 -1.504 -1 76
-1.447 -1 -1.16 -1 -1.214 -1 -1.29 -1 24
-1.252 -1 -1.07 -1 -1.098 -1 -1.142 -1 8
-1.12 -1 -1.026 -1 -1.158 -1 -1.218 -1 34
-1.188 -1 -1.058 -1 -1.39 -1 -1.49 -1 97
-1.44 -1 -1.186 -1 -1.414 -1 -1.488 -1 79
-1.451 -1 -1.154 -1 -1.316 -1 -1.394 -1 51
-1.355 -1 -1.114 -1 -1.352 -1 -1.476 -1 75
-1.414 -1 -1.166 -1 -1.238 -1 -1.292 -1 23
-1.265 -1 -1.116 -1 -1.348 -1 -1.43 -1 80
-1.389 -1 -1.162 -1 -1.264 -1 -1.328 -1 36
-1.296 -1 -1.094 -1 -1.218 -1 -1.262 -1 37
-1.24 -1 -1.054 -1 -1.344 -1 -1.448 -1 96
-1.396 -1 -1.168 -1 -1.418 -1 -1.518 -1 81
-1.468 -1 -1.178 -1 -1.384 -1 -1.498 -1 59
-1.441 -1 -1.16 -1 -1.44 -1 -1.544 -1 85
-1.492 -1 -1.182 -1 -1.226 -1 -1.278 -1 12
-1.252 -1 -1.106 -1 -1.248 -1 -1.35 -1 48
-1.299 -1 -1.086 -1 -1.3 -1 -1.372 -1 72
-1.336 -1 -1.118 -1 -1.29 -1 -1.374 -1 62
-1.332 -1 -1.112 -1 -1.442 -1 -1.562 -1 97
-1.502 -1 -1.2 -1 -1.286 -1 -1.372 -1 37
-1.329 -1 -1.09 -1 -1.168 -1 -1.25 -1 20
-1.209 -1 -1.066 -1 -1.14 -1 -1.208 -1 19
-1.174 -1 -1.056 -1 -1.15 -1 -1.218 -1 28
-1.184 -1 -1.054 -1 -1.26 -1 -1.342 -1 57
-1.301 -1 -1.102 -1 -1.35 -1 -1.45 -1 78
-1.4 -1 -1.152 -1 -1.44 -1 -1.518 -1 90
-1.479 -1 -1.164 -1 -1.254 -1 -1.334 -1 27
-1.294 -1 -1.09 -1 -1.34 -1 -1.444 -1 77
-1.392 -1 -1.142 -1 -1.148 -1 -1.192 -1 2
-1.17 -1 -1.056 -1 -1.058 -1 -1.096 -1 1
-1.077 -1 -1.018 -1 -1.344 -1 -1.446 -1 85
-1.395 -1 -1.134 -1 -1.41 -1 -1.53 -1 82
-1.47 -1 -1.186 -1 -1.432 -1 -1.568 -1 91
-1.5 -1 -1.208 -1 -1.384 -1 -1.464 -1 62
-1.424 -1 -1.152 -1 -1.438 -1 -1.524 -1 96
-1.481 -1 -1.186 -1 -1.21 -1 -1.274 -1 8
-1.242 -1 -1.082 -1 -1.354 -1 -1.458 -1 89
-1.406 -1 -1.16 -1 -1.208 -1 -1.304 -1 12
-1.256 -1 -1.088 -1 -1.394 -1 -1.538 -1 87
-1.466 -1 -1.168 -1 -1.218 -1 -1.262 -1 19
-1.24 -1 -1.076 -1 -1.246 -1 -1.306 -1 44
-1.276 -1 -1.072 -1 -1.24 -1 -1.326 -1 45
-1.283 -1 -1.1 -1 -1.408 -1 -1.522 -1 98
-1.465 -1 -1.178 -1 -1.268 -1 -1.352 -1 36
-1.31 -1 -1.12 -1 -1.246 -1 -1.358 -1 45
-1.302 -1 -1.118 -1 -1.334 -1 -1.412 -1 55
-1.373 -1 -1.108 -1 -1.404 -1 -1.508 -1 92
-1.456 -1 -1.176 -1 -1.232 -1 -1.304 -1 13
-1.268 -1 -1.088 -1 -1.12 -1 -1.19 -1 15
-1.155 -1 -1.04 -1 -1.104 -1 -1.176 -1 23
-1.14 -1 -1.026 -1 -1.192 -1 -1.266 -1 50
-1.229 -1 -1.064 -1 -1.164 -1 -1.234 -1 33
-1.199 -1 -1.072 -1 -1.244 -1 -1.338 -1 45
-1.291 -1 -1.088 -1 -1.158 -1 -1.224 -1 15
-1.191 -1 -1.06 -1 -1.068 -1 -1.14 -1 3
-1.104 -1 -1.022 -1 -1.184 -1 -1.25 -1 59
-1.217 -1 -1.062 -1 -1.206 -1 -1.262 -1 45
-1.234 -1 -1.056 -1 -1.16 -1 -1.216 -1 28
-1.188 -1 -1.044 -1 -1.33 -1 -1.402 -1 87
-1.366 -1 -1.154 -1 -1.324 -1 -1.444 -1 51
-1.384 -1 -1.164 -1 -1.41 -1 -1.536 -1 91
-1.473 -1 -1.212 -1 -1.22 -1 -1.294 -1 5
-1.257 -1 -1.098 -1 -1.346 -1 -1.484 -1 86
-1.415 -1 -1.158 -1 -1.29 -1 -1.386 -1 43
-1.338 -1 -1.118 -1 -1.392 -1 -1.466 -1 89
-1.429 -1 -1.174 -1 -1.208 -1 -1.288 -1 10
-1.248 -1 -1.096 -1 -1.31 -1 -1.378 -1 68
-1.344 -1 -1.104 -1 -1.13 -1 -1.198 -1 18
-1.164 -1 -1.054 -1 -1.13 -1 -1.196 -1 24
-1.163 -1 -1.05 -1 -1.286 -1 -1.372 -1 84
-1.329 -1 -1.124 -1 -1.146 -1 -1.208 -1 9
-1.177 -1 -1.062 -1 -1.256 -1 -1.344 -1 53
-1.3 -1 -1.092 -1 -1.258 -1 -1.35 -1 54
-1.304 -1 -1.108 -1 -1.368 -1 -1.46 -1 80
-1.414 -1 -1.156 -1 -1.208 -1 -1.294 -1 14
-1.251 -1 -1.084 -1 -1.104 -1 -1.162 -1 5
-1.133 -1 -1.044 -1 -1.232 -1 -1.292 -1 59
-1.262 -1 -1.09 -1 -1.35 -1 -1.45 -1 84
-1.4 -1 -1.154 -1 -1.284 -1 -1.318 -1 44
-1.301 -1 -1.098 -1 -1.124 -1 -1.168 -1 7
-1.146 -1 -1.028 -1 -1.238 -1 -1.316 -1 68
-1.277 -1 -1.096 -1 -1.314 -1 -1.406 -1 70
-1.36 -1 -1.134 -1 -1.322 -1 -1.414 -1 61
-1.368 -1 -1.13 -1 -1.426 -1 -1.536 -1 95
-1.481 -1 -1.182 -1 -1.362 -1 -1.488 -1 51
-1.425 -1 -1.168 -1 -1.388 -1 -1.458 -1 72
-1.423 -1 -1.122 -1 -1.338 -1 -1.42 -1 68
-1.379 -1 -1.12 -1 -1.334 -1 -1.404 -1 61
-1.369 -1 -1.1 -1 -1.218 -1 -1.308 -1 35
-1.263 -1 -1.09 -1 -1.394 -1 -1.49 -1 94
-1.442 -1 -1.15 -1 -1.172 -1 -1.232 -1 8
-1.202 -1 -1.064 -1 -1.166 -1 -1.25 -1 35
-1.208 -1 -1.064 -1 -1.22 -1 -1.296 -1 51
-1.258 -1 -1.094 -1 -1.132 -1 -1.2 -1 15
-1.166 -1 -1.058 -1 -1.058 -1 -1.096 -1 0
-1.077 -1 -1.016 -1 -1.056 -1 -1.104 -1 14
-1.08 -1 -1.028 -1 -1.212 -1 -1.278 -1 59
-1.245 -1 -1.074 -1 -1.332 -1 -1.428 -1 81
-1.38 -1 -1.122 -1 -1.278 -1 -1.352 -1 56
-1.315 -1 -1.112 -1 -1.398 -1 -1.542 -1 87
-1.47 -1 -1.192 -1 -1.222 -1 -1.258 -1 8
-1.24 -1 -1.066 -1 -1.316 -1 -1.39 -1 82
-1.353 -1 -1.13 -1 -1.192 -1 -1.286 -1 31
-1.239 -1 -1.076 -1 -1.156 -1 -1.19 -1 28
-1.173 -1 -1.058 -1 -1.086 -1 -1.12 -1 10
-1.103 -1 -1.016 -1 -1.172 -1 -1.21 -1 49
-1.191 -1 -1.076 -1 -1.17 -1 -1.232 -1 27
-1.201 -1 -1.07 -1 -1.248 -1 -1.31 -1 49
-1.279 -1 -1.11 -1 -1.224 -1 -1.29 -1 30
-1.257 -1 -1.06 -1 -1.27 -1 -1.344 -1 67
-1.307 -1 -1.116 -1 -1.208 -1 -1.266 -1 33
-1.237 -1 -1.08 -1 -1.12 -1 -1.164 -1 11
-1.142 -1 -1.036 -1 -1.138 -1 -1.2 -1 34
-1.169 -1 -1.066 -1 -1.134 -1 -1.17 -1 16
-1.152 -1 -1.05 -1 -1.186 -1 -1.252 -1 40
-1.219 -1 -1.064 -1 -1.088 -1 -1.11 -1 11
-1.099 -1 -1.022 -1 -1.276 -1 -1.394 -1 92
-1.335 -1 -1.148 -1 -1.194 -1 -1.238 -1 15
-1.216 -1 -1.064 -1 -1.164 -1 -1.218 -1 21
-1.191 -1 -1.06 -1 -1.226 -1 -1.318 -1 49
-1.272 -1 -1.078 -1 -1.212 -1 -1.256 -1 38
-1.234 -1 -1.064 -1 -1.228 -1 -1.298 -1 55
-1.263 -1 -1.084 -1 -1.162 -1 -1.214 -1 22
-1.188 -1 -1.06 -1 -1.164 -1 -1.212 -1 36
-1.188 -1 -1.056 -1 -1.066 -1 -1.106 -1 3
-1.086 -1 -1.024 -1 -1.112 -1 -1.166 -1 25
-1.139 -1 -1.044 -1 -1.182 -1 -1.244 -1 45
-1.213 -1 -1.072 -1 -1.34 -1 -1.446 -1 91
-1.393 -1 -1.164 -1 -1.17 -1 -1.218 -1 2
-1.194 -1 -1.06 -1 -1.34 -1 -1.418 -1 83
-1.379 -1 -1.136 -1 -1.236 -1 -1.324 -1 31
-1.28 -1 -1.104 -1 -1.382 -1 -1.478 -1 79
-1.43 -1 -1.158 -1 -1.434 -1 -1.55 -1 98
-1.492 -1 -1.156 -1 -1.408 -1 -1.512 -1 80
-1.46 -1 -1.174 -1 -1.402 -1 -1.484 -1 73
-1.443 -1 -1.172 -1 -1.486 -1 -1.542 -1 90
-1.514 -1 -1.224 -1 -1.39 -1 -1.476 -1 58
-1.433 -1 -1.148 -1 -1.32 -1 -1.418 -1 67
-1.369 -1 -1.156 -1 -1.412 -1 -1.556 -1 86
-1.484 -1 -1.19 -1 -1.352 -1 -1.442 -1 53
-1.397 -1 -1.138 -1 -1.324 -1 -1.43 -1 66
-1.377 -1 -1.162 -1 -1.232 -1 -1.322 -1 20
-1.277 -1 -1.106 -1 -1.124 -1 -1.174 -1 6
-1.149 -1 -1.04 -1 -1.162 -1 -1.218 -1 41
-1.19 -1 -1.06 -1 -1.318 -1 -1.384 -1 82
-1.351 -1 -1.144 -1 -1.37 -1 -1.506 -1 68
-1.438 -1 -1.182 -1 -1.2 -1 -1.254 -1 4
-1.227 -1 -1.072 -1 -1.352 -1 -1.446 -1 96
-1.399 -1 -1.136 -1 -1.144 -1 -1.23 -1 2
-1.187 -1 -1.068 -1 -1.17 -1 -1.208 -1 28
-1.189 -1 -1.072 -1 -1.222 -1 -1.322 -1 50
-1.272 -1 -1.08 -1 -1.21 -1 -1.29 -1 31
-1.25 -1 -1.074 -1 -1.236 -1 -1.308 -1 57
-1.272 -1 -1.1 -1 -1.216 -1 -1.298 -1 39
-1.257 -1 -1.078 -1 -1.198 -1 -1.246 -1 38
-1.222 -1 -1.052 -1 -1.224 -1 -1.274 -1 51
-1.249 -1 -1.084 -1 -1.318 -1 -1.438 -1 66
-1.378 -1 -1.112 -1 -1.406 -1 -1.516 -1 99
-1.461 -1 -1.154 -1 -1.166 -1 -1.214 -1 3
-1.19 -1 -1.05 -1 -1.332 -1 -1.426 -1 86
-1.379 -1 -1.124 -1 -1.224 -1 -1.3 -1 31
-1.262 -1 -1.05 -1 -1.256 -1 -1.358 -1 69
-1.307 -1 -1.102 -1 -1.212 -1 -1.29 -1 40
-1.251 -1 -1.08 -1 -1.306 -1 -1.446 -1 80
-1.376 -1 -1.154 -1 -1.414 -1 -1.47 -1 90
-1.442 -1 -1.152 -1 -1.228 -1 -1.306 -1 30
-1.267 -1 -1.096 -1 -1.224 -1 -1.294 -1 39
-1.259 -1 -1.09 -1 -1.342 -1 -1.43 -1 83
-1.386 -1 -1.152 -1 -1.276 -1 -1.392 -1 49
-1.334 -1 -1.134 -1 -1.338 -1 -1.456 -1 75
-1.397 -1 -1.166 -1 -1.28 -1 -1.366 -1 37
-1.323 -1 -1.078 -1 -1.104 -1 -1.124 -1 6
-1.114 -1 -1.03 -1 -1.302 -1 -1.416 -1 99
-1.359 -1 -1.172 -1 -1.244 -1 -1.34 -1 23
-1.292 -1 -1.086 -1 -1.13 -1 -1.176 -1 13
-1.153 -1 -1.046 -1 -1.274 -1 -1.322 -1 74
-1.298 -1 -1.096 -1 -1.116 -1 -1.174 -1 8
-1.145 -1 -1.024 -1 -1.278 -1 -1.384 -1 81
-1.331 -1 -1.128 -1 -1.342 -1 -1.432 -1 71
-1.387 -1 -1.136 -1 -1.24 -1 -1.314 -1 43
-1.277 -1 -1.094 -1 -1.11 -1 -1.172 -1 4
-1.141 -1 -1.052 -1 -1.23 -1 -1.28 -1 57
-1.255 -1 -1.082 -1 -1.228 -1 -1.288 -1 43
-1.258 -1 -1.094 -1 -1.25 -1 -1.33 -1 46
-1.29 -1 -1.102 -1 -1.272 -1 -1.35 -1 55
-1.311 -1 -1.12 -1 -1.36 -1 -1.436 -1 82
-1.398 -1 -1.138 -1 -1.314 -1 -1.43 -1 67
-1.372 -1 -1.162 -1 -1.356 -1 -1.486 -1 70
-1.421 -1 -1.164 -1 -1.228 -1 -1.28 -1 22
-1.254 -1 -1.092 -1 -1.218 -1 -1.27 -1 37
-1.244 -1 -1.058 -1 -1.2 -1 -1.234 -1 48
-1.217 -1 -1.062 -1 -1.334 -1 -1.452 -1 93
-1.393 -1 -1.144 -1 -1.284 -1 -1.374 -1 46
-1.329 -1 -1.124 -1 -1.182 -1 -1.252 -1 18
-1.217 -1 -1.086 -1 -1.276 -1 -1.336 -1 55
-1.306 -1 -1.084 -1 -1.212 -1 -1.3 -1 37
-1.256 -1 -1.094 -1 -1.222 -1 -1.274 -1 37
-1.248 -1 -1.08 -1 -1.188 -1 -1.24 -1 34
-1.214 -1 -1.048 -1 -1.054 -1 -1.104 -1 2
-1.079 -1 -1.016 -1 -1.108 -1 -1.162 -1 27
-1.135 -1 -1.038 -1 -1.134 -1 -1.196 -1 33
-1.165 -1 -1.04 -1 -1.142 -1 -1.204 -1 26
-1.173 -1 -1.06 -1 -1.286 -1 -1.364 -1 77
-1.325 -1 -1.096 -1 -1.332 -1 -1.438 -1 70
-1.385 -1 -1.136 -1 -1.354 -1 -1.444 -1 63
-1.399 -1 -1.142 -1 -1.352 -1 -1.49 -1 70
-1.421 -1 -1.168 -1 -1.454 -1 -1.604 -1 99
-1.529 -1 -1.232 -1 -1.374 -1 -1.504 -1 46
-1.439 -1 -1.166 -1 -1.202 -1 -1.268 -1 11
-1.235 -1 -1.06 -1 -1.318 -1 -1.388 -1 78
-1.353 -1 -1.132 -1 -1.422 -1 -1.576 -1 96
-1.499 -1 -1.204 -1 -1.398 -1 -1.53 -1 64
-1.464 -1 -1.184 -1 -1.356 -1 -1.48 -1 64
-1.418 -1 -1.13 -1 -1.176 -1 -1.246 -1 14
-1.211 -1 -1.064 -1 -1.13 -1 -1.18 -1 18
-1.155 -1 -1.044 -1 -1.304 -1 -1.426 -1 92
-1.365 -1 -1.14 -1 -1.142 -1 -1.216 -1 2
-1.179 -1 -1.048 -1 -1.152 -1 -1.198 -1 32
-1.175 -1 -1.048 -1 -1.218 -1 -1.306 -1 51
-1.262 -1 -1.104 -1 -1.302 -1 -1.406 -1 60
-1.354 -1 -1.106 -1 -1.264 -1 -1.326 -1 46
-1.295 -1 -1.096 -1 -1.226 -1 -1.274 -1 45
-1.25 -1 -1.074 -1 -1.338 -1 -1.42 -1 78
-1.379 -1 -1.146 -1 -1.384 -1 -1.478 -1 62
-1.431 -1 -1.154 -1 -1.186 -1 -1.28 -1 17
-1.233 -1 -1.088 -1 -1.266 -1 -1.364 -1 54
-1.315 -1 -1.112 -1 -1.298 -1 -1.386 -1 58
-1.342 -1 -1.11 -1 -1.11 -1 -1.164 -1 1
-1.137 -1 -1.038 -1 -1.236 -1 -1.308 -1 68
-1.272 -1 -1.086 -1 -1.242 -1 -1.324 -1 42
-1.283 -1 -1.104 -1 -1.14 -1 -1.204 -1 10
-1.172 -1 -1.05 -1 -1.266 -1 -1.33 -1 64
-1.298 -1 -1.092 -1 -1.162 -1 -1.238 -1 24
-1.2 -1 -1.068 -1 -1.092 -1 -1.124 -1 4
-1.108 -1 -1.028 -1 -1.196 -1 -1.294 -1 49
-1.245 -1 -1.094 -1 -1.298 -1 -1.394 -1 67
-1.346 -1 -1.122 -1 -1.372 -1 -1.47 -1 82
-1.421 -1 -1.162 -1 -1.27 -1 -1.362 -1 33
-1.316 -1 -1.114 -1 -1.152 -1 -1.226 -1 9
-1.189 -1 -1.062 -1 -1.298 -1 -1.386 -1 77
-1.342 -1 -1.122 -1 -1.35 -1 -1.456 -1 66
-1.403 -1 -1.134 -1 -1.386 -1 -1.524 -1 82
-1.455 -1 -1.204 -1 -1.326 -1 -1.422 -1 56
-1.374 -1 -1.132 -1 -1.296 -1 -1.396 -1 57
-1.346 -1 -1.134 -1 -1.166 -1 -1.266 -1 9
-1.216 -1 -1.078 -1 -1.086 -1 -1.138 -1 2
-1.112 -1 -1.036 -1 -1.276 -1 -1.394 -1 79
-1.335 -1 -1.118 -1 -1.294 -1 -1.358 -1 57
-1.326 -1 -1.082 -1 -1.176 -1 -1.222 -1 34
-1.199 -1 -1.06 -1 -1.07 -1 -1.108 -1 4
-1.089 -1 -1.018 -1 -1.09 -1 -1.148 -1 21
-1.119 -1 -1.028 -1 -1.06 -1 -1.09 -1 12
-1.075 -1 -1.02 -1 -1.184 -1 -1.246 -1 43
-1.215 -1 -1.076 -1 -1.312 -1 -1.438 -1 76
-1.375 -1 -1.13 -1 -1.35 -1 -1.458 -1 74
-1.404 -1 -1.148 -1 -1.274 -1 -1.346 -1 36
-1.31 -1 -1.098 -1 -1.16 -1 -1.212 -1 18
-1.186 -1 -1.046 -1 -1.336 -1 -1.486 -1 95
-1.411 -1 -1.17 -1 -1.188 -1 -1.272 -1 5
-1.23 -1 -1.056 -1 -1.318 -1 -1.414 -1 92
-1.366 -1 -1.132 -1 -1.31 -1 -1.412 -1 56
-1.361 -1 -1.13 -1 -1.146 -1 -1.182 -1 8
-1.164 -1 -1.05 -1 -1.188 -1 -1.284 -1 41
-1.236 -1 -1.078 -1 -1.334 -1 -1.42 -1 84
-1.377 -1 -1.134 -1 -1.134 -1 -1.236 -1 0
-1.185 -1 -1.07 -1 -1.19 -1 -1.276 -1 33
-1.233 -1 -1.07 -1 -1.256 -1 -1.33 -1 53
-1.293 -1 -1.09 -1 -1.22 -1 -1.278 -1 44
-1.249 -1 -1.076 -1 -1.15 -1 -1.208 -1 21
-1.179 -1 -1.06 -1 -1.29 -1 -1.434 -1 69
-1.362 -1 -1.134 -1 -1.184 -1 -1.256 -1 17
-1.22 -1 -1.082 -1 -1.352 -1 -1.48 -1 81
-1.416 -1 -1.176 -1 -1.388 -1 -1.478 -1 76
-1.433 -1 -1.188 -1 -1.386 -1 -1.534 -1 70
-1.46 -1 -1.194 -1 -1.442 -1 -1.57 -1 87
-1.506 -1 -1.178 -1 -1.28 -1 -1.34 -1 34
-1.31 -1 -1.096 -1 -1.34 -1 -1.472 -1 70
-1.406 -1 -1.142 -1 -1.154 -1 -1.238 -1 5
-1.196 -1 -1.052 -1 -1.174 -1 -1.242 -1 36
-1.208 -1 -1.056 -1 -1.134 -1 -1.206 -1 27
-1.17 -1 -1.038 -1 -1.292 -1 -1.378 -1 71
-1.335 -1 -1.132 -1 -1.296 -1 -1.366 -1 53
-1.331 -1 -1.102 -1 -1.2 -1 -1.262 -1 29
-1.231 -1 -1.068 -1 -1.182 -1 -1.25 -1 39
-1.216 -1 -1.076 -1 -1.304 -1 -1.402 -1 75
-1.353 -1 -1.12 -1 -1.188 -1 -1.228 -1 19
-1.208 -1 -1.054 -1 -1.104 -1 -1.144 -1 13
-1.124 -1 -1.03 -1 -1.134 -1 -1.176 -1 26
-1.155 -1 -1.034 -1 -1.052 -1 -1.082 -1 6
-1.067 -1 -1.014 -1 -1.094 -1 -1.13 -1 19
-1.112 -1 -1.02 -1 -1.37 -1 -1.482 -1 98
-1.426 -1 -1.178 -1 -1.504 -1 -1.612 -1 97
-1.558 -1 -1.21 -1 -1.41 -1 -1.474 -1 71
-1.442 -1 -1.164 -1 -1.252 -1 -1.348 -1 31
-1.3 -1 -1.104 -1 -1.316 -1 -1.394 -1 67
-1.355 -1 -1.138 -1 -1.148 -1 -1.208 -1 4
-1.178 -1 -1.058 -1 -1.078 -1 -1.104 -1 8
-1.091 -1 -1.022 -1 -1.14 -1 -1.188 -1 32
-1.164 -1 -1.062 -1 -1.252 -1 -1.304 -1 74
-1.278 -1 -1.106 -1 -1.202 -1 -1.282 -1 34
-1.242 -1 -1.082 -1 -1.192 -1 -1.268 -1 29
-1.23 -1 -1.08 -1 -1.316 -1 -1.394 -1 79
-1.355 -1 -1.116 -1 -1.396 -1 -1.532 -1 91
-1.464 -1 -1.188 -1 -1.266 -1 -1.32 -1 27
-1.293 -1 -1.106 -1 -1.234 -1 -1.28 -1 41
-1.257 -1 -1.09 -1 -1.334 -1 -1.426 -1 79
-1.38 -1 -1.098 -1 -1.24 -1 -1.304 -1 38
-1.272 -1 -1.114 -1 -1.256 -1 -1.332 -1 49
-1.294 -1 -1.096 -1 -1.216 -1 -1.31 -1 38
-1.263 -1 -1.088 -1 -1.352 -1 -1.446 -1 85
-1.399 -1 -1.146 -1 -1.39 -1 -1.486 -1 68
-1.438 -1 -1.172 -1 -1.288 -1 -1.364 -1 43
-1.326 -1 -1.11 -1 -1.354 -1 -1.43 -1 81
-1.392 -1 -1.15 -1 -1.29 -1 -1.396 -1 51
-1.343 -1 -1.14 -1 -1.14 -1 -1.204 -1 0
-1.172 -1 -1.056 -1 -1.246 -1 -1.338 -1 57
-1.292 -1 -1.092 -1 -1.338 -1 -1.428 -1 68
-1.383 -1 -1.144 -1 -1.252 -1 -1.31 -1 27
-1.281 -1 -1.082 -1 -1.156 -1 -1.206 -1 26
-1.181 -1 -1.056 -1 -1.222 -1 -1.276 -1 56
-1.249 -1 -1.092 -1 -1.206 -1 -1.288 -1 38
-1.247 -1 -1.084 -1 -1.324 -1 -1.434 -1 81
-1.379 -1 -1.15 -1 -1.326 -1 -1.422 -1 52
-1.374 -1 -1.146 -1 -1.248 -1 -1.32 -1 32
-1.284 -1 -1.092 -1 -1.146 -1 -1.196 -1 18
-1.171 -1 -1.048 -1 -1.048 -1 -1.09 -1 0
-1.069 -1 -1.018 -1 -1.288 -1 -1.386 -1 93
-1.337 -1 -1.108 -1 -1.116 -1 -1.168 -1 4
-1.142 -1 -1.048 -1 -1.322 -1 -1.408 -1 84
-1.365 -1 -1.138 -1 -1.398 -1 -1.51 -1 94
-1.454 -1 -1.13 -1 -1.254 -1 -1.332 -1 40
-1.293 -1 -1.106 -1 -1.106 -1 -1.162 -1 0
-1.134 -1 -1.044 -1 -1.116 -1 -1.144 -1 23
-1.13 -1 -1.026 -1 -1.114 -1 -1.158 -1 26
-1.136 -1 -1.03 -1 -1.158 -1 -1.202 -1 40
-1.18 -1 -1.054 -1 -1.098 -1 -1.156 -1 17
-1.127 -1 -1.05 -1 -1.226 -1 -1.29 -1 54
-1.258 -1 -1.07 -1 -1.132 -1 -1.168 -1 14
-1.15 -1 -1.052 -1 -1.156 -1 -1.214 -1 34
-1.185 -1 -1.072 -1 -1.304 -1 -1.428 -1 78
-1.366 -1 -1.136 -1 -1.462 -1 -1.556 -1 89
-1.509 -1 -1.198 -1 -1.22 -1 -1.262 -1 8
-1.241 -1 -1.072 -1 -1.104 -1 -1.148 -1 10
-1.126 -1 -1.03 -1 -1.222 -1 -1.284 -1 65
-1.253 -1 -1.09 -1 -1.302 -1 -1.404 -1 58
-1.353 -1 -1.126 -1 -1.44 -1 -1.558 -1 99
-1.499 -1 -1.228 -1 -1.318 -1 -1.406 -1 30
-1.362 -1 -1.144 -1 -1.372 -1 -1.472 -1 81
-1.422 -1 -1.144 -1 -1.188 -1 -1.224 -1 12
-1.206 -1 -1.056 -1 -1.324 -1 -1.436 -1 87
-1.38 -1 -1.14 -1 -1.382 -1 -1.488 -1 78
-1.435 -1 -1.182 -1 -1.46 -1 -1.614 -1 86
-1.537 -1 -1.24 -1 -1.404 -1 -1.514 -1 58
-1.459 -1 -1.174 -1 -1.372 -1 -1.51 -1 59
-1.441 -1 -1.154 -1 -1.33 -1 -1.418 -1 68
-1.374 -1 -1.126 -1 -1.32 -1 -1.418 -1 59
-1.369 -1 -1.142 -1 -1.314 -1 -1.404 -1 61
-1.359 -1 -1.118 -1 -1.118 -1 -1.182 -1 2
-1.15 -1 -1.038 -1 -1.192 -1 -1.264 -1 48
-1.228 -1 -1.08 -1 -1.254 -1 -1.354 -1 62
-1.304 -1 -1.11 -1 -1.36 -1 -1.492 -1 91
-1.426 -1 -1.15 -1 -1.364 -1 -1.45 -1 72
-1.407 -1 -1.126 -1 -1.214 -1 -1.268 -1 27
-1.241 -1 -1.068 -1 -1.126 -1 -1.188 -1 13
-1.157 -1 -1.05 -1 -1.294 -1 -1.37 -1 72
-1.332 -1 -1.118 -1 -1.256 -1 -1.352 -1 42
-1.304 -1 -1.116 -1 -1.202 -1 -1.3 -1 32
-1.251 -1 -1.07 -1 -1.232 -1 -1.304 -1 45
-1.268 -1 -1.076 -1 -1.38 -1 -1.446 -1 95
-1.413 -1 -1.138 -1 -1.35 -1 -1.408 -1 65
-1.379 -1 -1.154 -1 -1.352 -1 -1.446 -1 55
-1.399 -1 -1.13 -1 -1.374 -1 -1.444 -1 72
-1.409 -1 -1.134 -1 -1.256 -1 -1.332 -1 45
-1.294 -1 -1.108 -1 -1.18 -1 -1.268 -1 22
-1.224 -1 -1.06 -1 -1.106 -1 -1.164 -1 11
-1.135 -1 -1.056 -1 -1.268 -1 -1.358 -1 67
-1.313 -1 -1.104 -1 -1.39 -1 -1.494 -1 96
-1.442 -1 -1.13 -1 -1.398 -1 -1.5 -1 76
-1.449 -1 -1.128 -1 -1.136 -1 -1.172 -1 4
-1.154 -1 -1.04 -1 -1.228 -1 -1.286 -1 54
-1.257 -1 -1.104 -1 -1.316 -1 -1.41 -1 66
-1.363 -1 -1.138 -1 -1.156 -1 -1.206 -1 4
-1.181 -1 -1.04 -1 -1.072 -1 -1.108 -1 11
-1.09 -1 -1.02 -1 -1.15 -1 -1.228 -1 37
-1.189 -1 -1.046 -1 -1.048 -1 -1.076 -1 1
-1.062 -1 -1.018 -1 -1.278 -1 -1.364 -1 85
-1.321 -1 -1.114 -1 -1.384 -1 -1.446 -1 95
-1.415 -1 -1.134 -1 -1.21 -1 -1.274 -1 30
-1.242 -1 -1.05 -1 -1.248 -1 -1.358 -1 64
-1.303 -1 -1.09 -1 -1.13 -1 -1.166 -1 14
-1.148 -1 -1.054 -1 -1.078 -1 -1.122 -1 9
-1.1 -1 -1.038 -1 -1.098 -1 -1.146 -1 15
-1.122 -1 -1.032 -1 -1.046 -1 -1.078 -1 3
-1.062 -1 -1.014 -1 -1.196 -1 -1.278 -1 66
-1.237 -1 -1.082 -1 -1.216 -1 -1.274 -1 38
-1.245 -1 -1.1 -1 -1.338 -1 -1.474 -1 79
-1.406 -1 -1.16 -1 -1.408 -1 -1.51 -1 78
-1.459 -1 -1.186 -1 -1.232 -1 -1.288 -1 23
-1.26 -1 -1.076 -1 -1.148 -1 -1.198 -1 18
-1.173 -1 -1.036 -1 -1.178 -1 -1.256 -1 43
-1.217 -1 -1.08 -1 -1.126 -1 -1.156 -1 18
-1.141 -1 -1.03 -1 -1.328 -1 -1.434 -1 93
-1.381 -1 -1.136 -1 -1.158 -1 -1.182 -1 5
-1.17 -1 -1.066 -1 -1.316 -1 -1.414 -1 84
-1.365 -1 -1.116 -1 -1.198 -1 -1.27 -1 25
-1.234 -1 -1.076 -1 -1.11 -1 -1.152 -1 8
-1.131 -1 -1.036 -1 -1.124 -1 -1.154 -1 29
-1.139 -1 -1.032 -1 -1.282 -1 -1.374 -1 69
-1.328 -1 -1.106 -1 -1.42 -1 -1.522 -1 98
-1.471 -1 -1.176 -1 -1.406 -1 -1.506 -1 67
-1.456 -1 -1.208 -1 -1.454 -1 -1.594 -1 88
-1.524 -1 -1.218 -1 -1.238 -1 -1.292 -1 7
-1.265 -1 -1.096 -1 -1.3 -1 -1.37 -1 71
-1.335 -1 -1.146 -1 -1.272 -1 -1.35 -1 38
-1.311 -1 -1.128 -1 -1.312 -1 -1.404 -1 68
-1.358 -1 -1.156 -1 -1.434 -1 -1.582 -1 97
-1.508 -1 -1.162 -1 -1.28 -1 -1.384 -1 45
-1.332 -1 -1.126 -1 -1.144 -1 -1.198 -1 5
-1.171 -1 -1.038 -1 -1.18 -1 -1.248 -1 47
-1.214 -1 -1.048 -1 -1.356 -1 -1.454 -1 94
-1.405 -1 -1.146 -1 -1.296 -1 -1.35 -1 37
-1.323 -1 -1.104 -1 -1.24 -1 -1.31 -1 43
-1.275 -1 -1.104 -1 -1.42 -1 -1.522 -1 96
-1.471 -1 -1.17 -1 -1.46 -1 -1.6 -1 96
-1.53 -1 -1.188 -1 -1.38 -1 -1.486 -1 63
-1.433 -1 -1.186 -1 -1.39 -1 -1.482 -1 78
-1.436 -1 -1.146 -1 -1.452 -1 -1.58 -1 93
-1.516 -1 -1.216 -1 -1.276 -1 -1.388 -1 21
-1.332 -1 -1.124 -1 -1.312 -1 -1.362 -1 66
-1.337 -1 -1.124 -1 -1.318 -1 -1.428 -1 70
-1.373 -1 -1.138 -1 -1.222 -1 -1.28 -1 26
-1.251 -1 -1.094 -1 -1.338 -1 -1.46 -1 80
-1.399 -1 -1.154 -1 -1.366 -1 -1.436 -1 70
-1.401 -1 -1.142 -1 -1.296 -1 -1.368 -1 59
-1.332 -1 -1.104 -1 -1.412 -1 -1.542 -1 96
-1.477 -1 -1.186 -1 -1.234 -1 -1.34 -1 18
-1.287 -1 -1.084 -1 -1.084 -1 -1.13 -1 2
-1.107 -1 -1.016 -1 -1.276 -1 -1.358 -1 78
-1.317 -1 -1.122 -1 -1.186 -1 -1.23 -1 20
-1.208 -1 -1.06 -1 -1.212 -1 -1.308 -1 48
-1.26 -1 -1.076 -1 -1.1 -1 -1.148 -1 11
-1.124 -1 -1.028 -1 -1.048 -1 -1.082 -1 4
-1.065 -1 -1.018 -1 -1.134 -1 -1.194 -1 36
-1.164 -1 -1.044 -1 -1.118 -1 -1.16 -1 19
-1.139 -1 -1.032 -1 -1.242 -1 -1.336 -1 58
-1.289 -1 -1.104 -1 -1.418 -1 -1.532 -1 98
-1.475 -1 -1.18 -1 -1.362 -1 -1.436 -1 54
-1.399 -1 -1.15 -1 -1.408 -1 -1.53 -1 78
-1.469 -1 -1.188 -1 -1.478 -1 -1.624 -1 94
-1.551 -1 -1.206 -1 -1.49 -1 -1.618 -1 98
-1.554 -1 -1.236 -1 -1.266 -1 -1.334 -1 10
-1.3 -1 -1.106 -1 -1.292 -1 -1.42 -1 50
-1.356 -1 -1.114 -1 -1.146 -1 -1.19 -1 16
-1.168 -1 -1.05 -1 -1.298 -1 -1.362 -1 78
-1.33 -1 -1.126 -1 -1.242 -1 -1.34 -1 43
-1.291 -1 -1.102 -1 -1.23 -1 -1.306 -1 43
-1.268 -1 -1.104 -1 -1.24 -1 -1.336 -1 45
-1.288 -1 -1.102 -1 -1.388 -1 -1.486 -1 89
-1.437 -1 -1.146 -1 -1.278 -1 -1.348 -1 46
-1.313 -1 -1.11 -1 -1.136 -1 -1.186 -1 9
-1.161 -1 -1.04 -1 -1.074 -1 -1.096 -1 11
-1.085 -1 -1.012 -1 -1.248 -1 -1.322 -1 80
-1.285 -1 -1.094 -1 -1.264 -1 -1.342 -1 52
-1.303 -1 -1.124 -1 -1.34 -1 -1.432 -1 68
-1.386 -1 -1.152 -1 -1.41 -1 -1.524 -1 83
-1.467 -1 -1.186 -1 -1.37 -1 -1.456 -1 74
-1.413 -1 -1.146 -1 -1.382 -1 -1.544 -1 81
-1.463 -1 -1.182 -1 -1.462 -1 -1.58 -1 91
-1.521 -1 -1.198 -1 -1.416 -1 -1.488 -1 56
-1.452 -1 -1.16 -1 -1.248 -1 -1.328 -1 23
-1.288 -1 -1.07 -1 -1.256 -1 -1.382 -1 65
-1.319 -1 -1.13 -1 -1.15 -1 -1.22 -1 6
-1.185 -1 -1.048 -1 -1.168 -1 -1.254 -1 39
-1.211 -1 -1.082 -1 -1.124 -1 -1.164 -1 10
-1.144 -1 -1.042 -1 -1.3 -1 -1.374 -1 84
-1.337 -1 -1.118 -1 -1.138 -1 -1.178 -1 7
-1.158 -1 -1.03 -1 -1.312 -1 -1.386 -1 98
-1.349 -1 -1.12 -1 -1.24 -1 -1.344 -1 33
-1.292 -1 -1.112 -1 -1.124 -1 -1.182 -1 7
-1.153 -1 -1.038 -1 -1.088 -1 -1.136 -1 15
-1.112 -1 -1.022 -1 -1.058 -1 -1.114 -1 12
-1.086 -1 -1.018 -1 -1.27 -1 -1.378 -1 75
-1.324 -1 -1.096 -1 -1.346 -1 -1.458 -1 70
-1.402 -1 -1.142 -1 -1.288 -1 -1.374 -1 52
-1.331 -1 -1.128 -1 -1.172 -1 -1.214 -1 16
-1.193 -1 -1.068 -1 -1.272 -1 -1.356 -1 67
-1.314 -1 -1.094 -1 -1.304 -1 -1.368 -1 70
-1.336 -1 -1.108 -1 -1.334 -1 -1.41 -1 69
-1.372 -1 -1.098 -1 -1.356 -1 -1.428 -1 75
-1.392 -1 -1.162 -1 -1.224 -1 -1.328 -1 23
-1.276 -1 -1.106 -1 -1.264 -1 -1.354 -1 48
-1.309 -1 -1.116 -1 -1.364 -1 -1.468 -1 80
-1.416 -1 -1.146 -1 -1.194 -1 -1.262 -1 15
-1.228 -1 -1.064 -1 -1.354 -1 -1.508 -1 88
-1.431 -1 -1.15 -1 -1.35 -1 -1.44 -1 74
-1.395 -1 -1.136 -1 -1.324 -1 -1.408 -1 57
-1.366 -1 -1.128 -1 -1.332 -1 -1.444 -1 65
-1.388 -1 -1.146 -1 -1.338 -1 -1.458 -1 58
-1.398 -1 -1.174 -1 -1.254 -1 -1.326 -1 29
-1.29 -1 -1.108 -1 -1.14 -1 -1.2 -1 7
-1.17 -1 -1.052 -1 -1.176 -1 -1.242 -1 33
-1.209 -1 -1.06 -1 -1.25 -1 -1.342 -1 60
-1.296 -1 -1.112 -1 -1.112 -1 -1.146 -1 0
-1.129 -1 -1.02 -1 -1.164 -1 -1.244 -1 51
-1.204 -1 -1.094 -1 -1.34 -1 -1.436 -1 82
-1.388 -1 -1.154 -1 -1.444 -1 -1.546 -1 93
-1.495 -1 -1.196 -1 -1.24 -1 -1.308 -1 17
-1.274 -1 -1.088 -1 -1.268 -1 -1.316 -1 56
-1.292 -1 -1.094 -1 -1.1 -1 -1.138 -1 3
-1.119 -1 -1.042 -1 -1.118 -1 -1.18 -1 21
-1.149 -1 -1.046 -1 -1.122 -1 -1.162 -1 25
-1.142 -1 -1.04 -1 -1.124 -1 -1.176 -1 25
-1.15 -1 -1.046 -1 -1.062 -1 -1.084 -1 4
-1.073 -1 -1.014 -1 -1.332 -1 -1.426 -1 98
-1.379 -1 -1.132 -1 -1.434 -1 -1.506 -1 91
-1.47 -1 -1.178 -1 -1.344 -1 -1.478 -1 55
-1.411 -1 -1.17 -1 -1.28 -1 -1.344 -1 35
-1.312 -1 -1.112 -1 -1.224 -1 -1.27 -1 35
-1.247 -1 -1.078 -1 -1.104 -1 -1.154 -1 6
-1.129 -1 -1.024 -1 -1.26 -1 -1.302 -1 71
-1.281 -1 -1.058 -1 -1.104 -1 -1.124 -1 13
-1.114 -1 -1.028 -1 -1.03 -1 -1.068 -1 2
-1.049 -1 -1.004 -1 -1.338 -1 -1.424 -1 92
-1.381 -1 -1.152 -1 -1.394 -1 -1.47 -1 76
-1.432 -1 -1.18 -1 -1.314 -1 -1.408 -1 50
-1.361 -1 -1.114 -1 -1.236 -1 -1.338 -1 33
-1.287 -1 -1.094 -1 -1.204 -1 -1.256 -1 29
-1.23 -1 -1.066 -1 -1.296 -1 -1.374 -1 73
-1.335 -1 -1.116 -1 -1.36 -1 -1.47 -1 79
-1.415 -1 -1.17 -1 -1.376 -1 -1.524 -1 66
-1.45 -1 -1.18 -1 -1.358 -1 -1.472 -1 74
-1.415 -1 -1.164 -1 -1.38 -1 -1.474 -1 67
-1.427 -1 -1.166 -1 -1.174 -1 -1.226 -1 2
-1.2 -1 -1.048 -1 -1.102 -1 -1.168 -1 18
-1.135 -1 -1.036 -1 -1.162 -1 -1.232 -1 40
-1.197 -1 -1.062 -1 -1.292 -1 -1.328 -1 65
-1.31 -1 -1.084 -1 -1.256 -1 -1.354 -1 51
-1.305 -1 -1.106 -1 -1.24 -1 -1.322 -1 50
-1.281 -1 -1.096 -1 -1.356 -1 -1.44 -1 87
-1.398 -1 -1.164 -1 -1.216 -1 -1.272 -1 19
-1.244 -1 -1.072 -1 -1.168 -1 -1.22 -1 32
-1.194 -1 -1.068 -1 -1.146 -1 -1.212 -1 29
-1.179 -1 -1.066 -1 -1.366 -1 -1.48 -1 91
-1.423 -1 -1.15 -1 -1.242 -1 -1.326 -1 34
-1.284 -1 -1.112 -1 -1.392 -1 -1.482 -1 99
-1.437 -1 -1.164 -1 -1.28 -1 -1.33 -1 37
-1.305 -1 -1.072 -1 -1.144 -1 -1.21 -1 24
-1.177 -1 -1.052 -1 -1.13 -1 -1.174 -1 24
-1.152 -1 -1.056 -1 -1.276 -1 -1.358 -1 69
-1.317 -1 -1.13 -1 -1.352 -1 -1.482 -1 69
-1.417 -1 -1.194 -1 -1.26 -1 -1.346 -1 27
-1.303 -1 -1.112 -1 -1.354 -1 -1.476 -1 76
-1.415 -1 -1.138 -1 -1.288 -1 -1.4 -1 51
-1.344 -1 -1.098 -1 -1.098 -1 -1.156 -1 0
-1.127 -1 -1.034 -1 -1.164 -1 -1.22 -1 50
-1.192 -1 -1.05 -1 -1.288 -1 -1.39 -1 67
-1.339 -1 -1.138 -1 -1.398 -1 -1.472 -1 80
-1.435 -1 -1.15 -1 -1.406 -1 -1.528 -1 91
-1.467 -1 -1.208 -1 -1.368 -1 -1.528 -1 52
-1.448 -1 -1.186 -1 -1.272 -1 -1.356 -1 27
-1.314 -1 -1.09 -1 -1.326 -1 -1.44 -1 84
-1.383 -1 -1.15 -1 -1.208 -1 -1.304 -1 20
-1.256 -1 -1.094 -1 -1.33 -1 -1.436 -1 80
-1.383 -1 -1.15 -1 -1.154 -1 -1.182 -1 3
-1.168 -1 -1.02 -1 -1.256 -1 -1.358 -1 83
-1.307 -1 -1.104 -1 -1.232 -1 -1.298 -1 43
-1.265 -1 -1.086 -1 -1.322 -1 -1.394 -1 77
-1.358 -1 -1.114 -1 -1.148 -1 -1.228 -1 12
-1.188 -1 -1.052 -1 -1.244 -1 -1.338 -1 54
-1.291 -1 -1.09 -1 -1.244 -1 -1.332 -1 40
-1.288 -1 -1.09 -1 -1.25 -1 -1.328 -1 50
-1.289 -1 -1.12 -1 -1.186 -1 -1.232 -1 23
-1.209 -1 -1.064 -1 -1.272 -1 -1.362 -1 76
-1.317 -1 -1.114 -1 -1.118 -1 -1.168 -1 3
-1.143 -1 -1.04 -1 -1.062 -1 -1.11 -1 7
-1.086 -1 -1.024 -1 -1.198 -1 -1.288 -1 57
-1.243 -1 -1.104 -1 -1.344 -1 -1.456 -1 73
-1.4 -1 -1.162 -1 -1.184 -1 -1.252 -1 7
-1.218 -1 -1.058 -1 -1.058 -1 -1.098 -1 0
-1.078 -1 -1.016 -1 -1.026 -1 -1.066 -1 3
-1.046 -1 -1.012 -1 -1.068 -1 -1.118 -1 14
-1.093 -1 -1.022 -1 -1.196 -1 -1.276 -1 47
-1.236 -1 -1.062 -1 -1.332 -1 -1.436 -1 84
-1.384 -1 -1.124 -1 -1.39 -1 -1.488 -1 92
-1.439 -1 -1.174 -1 -1.428 -1 -1.532 -1 87
-1.48 -1 -1.188 -1 -1.486 -1 -1.626 -1 91
-1.556 -1 -1.27 -1 -1.408 -1 -1.482 -1 57
-1.445 -1 -1.172 -1 -1.202 -1 -1.282 -1 10
-1.242 -1 -1.094 -1 -1.308 -1 -1.406 -1 73
-1.357 -1 -1.122 -1 -1.262 -1 -1.342 -1 45
-1.302 -1 -1.084 -1 -1.148 -1 -1.192 -1 15
-1.17 -1 -1.048 -1 -1.122 -1 -1.174 -1 18
-1.148 -1 -1.052 -1 -1.23 -1 -1.284 -1 54
-1.257 -1 -1.116 -1 -1.142 -1 -1.222 -1 11
-1.182 -1 -1.06 -1 -1.18 -1 -1.228 -1 29
-1.204 -1 -1.058 -1 -1.058 -1 -1.108 -1 1
-1.083 -1 -1.02 -1 -1.31 -1 -1.398 -1 77
-1.354 -1 -1.136 -1 -1.258 -1 -1.332 -1 36
-1.295 -1 -1.086 -1 -1.154 -1 -1.218 -1 20
-1.186 -1 -1.052 -1 -1.394 -1 -1.512 -1 98
-1.453 -1 -1.196 -1 -1.38 -1 -1.452 -1 65
-1.416 -1 -1.164 -1 -1.262 -1 -1.336 -1 37
-1.299 -1 -1.11 -1 -1.378 -1 -1.492 -1 89
-1.435 -1 -1.168 -1 -1.182 -1 -1.228 -1 3
-1.205 -1 -1.07 -1 -1.28 -1 -1.412 -1 73
-1.346 -1 -1.114 -1 -1.118 -1 -1.186 -1 1
-1.152 -1 -1.046 -1 -1.052 -1 -1.084 -1 1
-1.068 -1 -1.016 -1 -1.124 -1 -1.172 -1 34
-1.148 -1 -1.044 -1 -1.36 -1 -1.438 -1 98
-1.399 -1 -1.152 -1 -1.41 -1 -1.538 -1 86
-1.474 -1 -1.204 -1 -1.272 -1 -1.348 -1 26
-1.31 -1 -1.094 -1 -1.254 -1 -1.318 -1 43
-1.286 -1 -1.098 -1 -1.378 -1 -1.476 -1 87
-1.427 -1 -1.144 -1 -1.262 -1 -1.358 -1 42
-1.31 -1 -1.116 -1 -1.332 -1 -1.442 -1 76
-1.387 -1 -1.152 -1 -1.284 -1 -1.384 -1 39
-1.334 -1 -1.112 -1 -1.314 -1 -1.394 -1 70
-1.354 -1 -1.12 -1 -1.302 -1 -1.396 -1 60
-1.349 -1 -1.126 -1 -1.29 -1 -1.354 -1 49
-1.322 -1 -1.094 -1 -1.114 -1 -1.16 -1 10
-1.137 -1 -1.044 -1 -1.298 -1 -1.384 -1 86
-1.341 -1 -1.128 -1 -1.202 -1 -1.266 -1 32
-1.234 -1 -1.084 -1 -1.176 -1 -1.246 -1 34
-1.211 -1 -1.056 -1 -1.202 -1 -1.288 -1 42
-1.245 -1 -1.08 -1 -1.288 -1 -1.386 -1 69
-1.337 -1 -1.108 -1 -1.372 -1 -1.498 -1 91
-1.435 -1 -1.128 -1 -1.304 -1 -1.406 -1 54
-1.355 -1 -1.118 -1 -1.15 -1 -1.2 -1 19
-1.175 -1 -1.068 -1 -1.12 -1 -1.154 -1 17
-1.137 -1 -1.032 -1 -1.294 -1 -1.384 -1 81
-1.339 -1 -1.126 -1 -1.272 -1 -1.4 -1 50
-1.336 -1 -1.142 -1 -1.39 -1 -1.48 -1 82
-1.435 -1 -1.2 -1 -1.494 -1 -1.656 -1 99
-1.575 -1 -1.238 -1 -1.526 -1 -1.634 0 88
