10 1000 0.5 7 1155 0 0 0 0
-3.739 -1 -3.288 -1 -3.316 -1 -3.544 -1 30
-3.43 -1 -2.964 -1 -3.032 -1 -3.364 -1 83
-3.198 -1 -2.772 -1 -2.91 -1 -3.326 -1 150
-3.118 -1 -2.742 -1 -2.772 -1 -3.176 -1 22
-2.974 -1 -2.618 -1 -2.69 -1 -3.128 -1 47
-2.909 -1 -2.552 -1 -2.698 -1 -3.168 -1 84
-2.933 -1 -2.58 -1 -2.746 -1 -3.152 -1 143
-2.949 -1 -2.57 -1 -2.842 -1 -3.226 -1 216
-3.034 -1 -2.592 -1 -2.712 -1 -3.12 -1 86
-2.916 -1 -2.528 -1 -2.88 -1 -3.258 -2 233
-3.069 -1 -2.622 -1 -2.828 -1 -3.172 -1 165
-3 -1 -2.6 -1 -2.778 -1 -3.178 -1 186
-2.978 -1 -2.532 -1 -2.696 -1 -3.19 -1 116
-2.943 -1 -2.578 -1 -2.838 -1 -3.156 -1 240
-2.997 -1 -2.572 -1 -2.702 -1 -3.146 -1 115
-2.924 -1 -2.556 -1 -2.782 -1 -3.176 -1 181
-2.979 -1 -2.582 -1 -2.766 -1 -3.166 -1 183
-2.966 -1 -2.562 -1 -2.618 -1 -3.062 -1 28
-2.84 -1 -2.46 -1 -2.786 -1 -3.21 -1 246
-2.998 -1 -2.552 -1 -2.772 -1 -3.172 -1 160
-2.972 -1 -2.558 -1 -2.73 -1 -3.098 -1 105
-2.914 -1 -2.516 -1 -2.724 -1 -3.156 -1 152
-2.94 -1 -2.56 -1 -2.616 -1 -3.058 -1 65
-2.837 -1 -2.438 -1 -2.486 -1 -3.006 -1 34
-2.746 -1 -2.418 -1 -2.552 -1 -3.026 -1 72
-2.789 -1 -2.412 -1 -2.76 -1 -3.128 -1 242
-2.944 -1 -2.496 -1 -2.564 -1 -3.016 -1 39
-2.79 -1 -2.394 -1 -2.762 -1 -3.102 -1 243
-2.932 -1 -2.49 -1 -2.506 -1 -2.996 -1 6
-2.751 -1 -2.438 -1 -2.508 -1 -3.012 -1 38
-2.76 -1 -2.414 -1 -2.614 -1 -3.122 -1 130
-2.868 -1 -2.468 -1 -2.602 -1 -3.03 -1 100
-2.816 -1 -2.416 -1 -2.546 -1 -2.97 -1 81
-2.758 -1 -2.414 -1 -2.478 -1 -2.952 -1 46
-2.715 -1 -2.358 -1 -2.548 -1 -3.01 -1 119
-2.779 -1 -2.398 -1 -2.688 -1 -3.082 -1 191
-2.885 -1 -2.47 -1 -2.586 -1 -2.97 -1 64
-2.778 -1 -2.39 -1 -2.538 -1 -3.028 -1 94
-2.783 -1 -2.432 -1 -2.664 -1 -3.078 -1 153
-2.871 -1 -2.462 -1 -2.496 -1 -2.942 -1 30
-2.719 -1 -2.354 -1 -2.508 -1 -2.916 -1 102
-2.712 -1 -2.336 -1 -2.604 -1 -3.078 -1 173
-2.841 -1 -2.43 -1 -2.702 -1 -3.112 -1 202
-2.907 -1 -2.478 -1 -2.58 -1 -2.984 -1 63
-2.782 -1 -2.4 -1 -2.584 -1 -3.028 -1 106
-2.806 -1 -2.414 -1 -2.588 -1 -3.068 -1 111
-2.828 -1 -2.414 -1 -2.438 -1 -2.908 -1 22
-2.673 -1 -2.328 -1 -2.548 -1 -2.998 -1 144
-2.773 -1 -2.316 -1 -2.432 -1 -2.91 -1 70
-2.671 -1 -2.288 -1 -2.6 -1 -3.06 -1 187
-2.83 -1 -2.398 -1 -2.586 -1 -3.082 -1 143
-2.834 -1 -2.438 -1 -2.666 -1 -3.012 -1 169
-2.839 -1 -2.428 -1 -2.678 -1 -3.136 -1 202
-2.907 -1 -2.48 -1 -2.498 -1 -2.942 -1 5
-2.72 -1 -2.378 -1 -2.64 -1 -2.97 -1 156
-2.805 -1 -2.414 -1 -2.628 -1 -3.006 -1 143
-2.817 -1 -2.42 -1 -2.74 -1 -3.11 -1 235
-2.925 -1 -2.468 -1 -2.626 -1 -3.116 -1 90
-2.871 -1 -2.462 -1 -2.78 -1 -3.2 -1 232
-2.99 -1 -2.572 -1 -2.674 -1 -3.106 -1 98
-2.89 -1 -2.518 -1 -2.526 -1 -3.026 -1 15
-2.776 -1 -2.444 -1 -2.522 -1 -2.972 -1 47
-2.747 -1 -2.382 -1 -2.54 -1 -3.014 -1 110
-2.777 -1 -2.428 -1 -2.636 -1 -3.064 -1 117
-2.85 -1 -2.446 -1 -2.7 -1 -3.104 -1 182
-2.902 -1 -2.476 -1 -2.494 -1 -3.012 -1 18
-2.753 -1 -2.388 -1 -2.67 -1 -3.078 -1 201
-2.874 -1 -2.484 -1 -2.604 -1 -3.01 -1 74
-2.807 -1 -2.416 -1 -2.43 -1 -2.918 -1 3
-2.674 -1 -2.344 -1 -2.612 -1 -3.016 -1 153
-2.814 -1 -2.42 -1 -2.456 -1 -2.916 -1 21
-2.686 -1 -2.312 -1 -2.644 -1 -3.068 -1 236
-2.856 -1 -2.432 -1 -2.706 -1 -3.07 -1 175
-2.888 -1 -2.466 -1 -2.668 -1 -3.208 -1 146
-2.938 -1 -2.546 -1 -2.6 -1 -3.028 -1 30
-2.814 -1 -2.452 -1 -2.544 -1 -2.974 -1 48
-2.759 -1 -2.4 -1 -2.72 -1 -3.116 -1 216
-2.918 -1 -2.504 -1 -2.546 -1 -2.978 -1 24
-2.762 -1 -2.372 -1 -2.718 -1 -3.106 -1 192
-2.912 -1 -2.442 -1 -2.494 -1 -2.978 -1 23
-2.736 -1 -2.384 -1 -2.57 -1 -2.926 -1 112
-2.748 -1 -2.368 -1 -2.47 -1 -2.968 -1 44
-2.719 -1 -2.324 -1 -2.444 -1 -2.894 -1 75
-2.669 -1 -2.3 -1 -2.56 -1 -2.974 -1 168
-2.767 -1 -2.382 -1 -2.628 -1 -3.072 -1 159
-2.85 -1 -2.44 -1 -2.462 -1 -2.974 -1 11
-2.718 -1 -2.376 -1 -2.536 -1 -2.954 -1 99
-2.745 -1 -2.36 -1 -2.68 -1 -3.106 -1 202
-2.893 -1 -2.43 -1 -2.576 -1 -3.024 -1 89
-2.8 -1 -2.398 -1 -2.65 -1 -2.978 -1 174
-2.814 -1 -2.436 -1 -2.58 -1 -3.004 -1 81
-2.792 -1 -2.394 -1 -2.702 -1 -3.022 -1 222
-2.862 -1 -2.44 -1 -2.59 -1 -3.09 -1 81
-2.84 -1 -2.422 -1 -2.762 -1 -3.166 -1 227
-2.964 -1 -2.508 -1 -2.756 -1 -3.072 -1 182
-2.914 -1 -2.54 -1 -2.872 -1 -3.194 -1 231
-3.033 -1 -2.616 -1 -2.77 -1 -3.164 -1 101
-2.967 -1 -2.58 -1 -2.772 -1 -3.122 -1 151
-2.947 -1 -2.55 -1 -2.608 -1 -3.032 -1 54
-2.82 -1 -2.432 -1 -2.51 -1 -2.976 -1 45
-2.743 -1 -2.358 -1 -2.5 -1 -2.992 -1 94
-2.746 -1 -2.406 -1 -2.652 -1 -3.076 -1 160
-2.864 -1 -2.46 -1 -2.746 -1 -3.118 -1 211
-2.932 -1 -2.502 -1 -2.772 -1 -3.108 -1 234
-2.94 -1 -2.506 -1 -2.678 -1 -3.092 -1 165
-2.885 -1 -2.49 -1 -2.812 -1 -3.226 -1 242
-3.019 -1 -2.564 -1 -2.726 -1 -3.108 -1 128
-2.917 -1 -2.52 -1 -2.676 -1 -3.114 -1 103
-2.895 -1 -2.472 -1 -2.484 -1 -2.976 -1 11
-2.73 -1 -2.362 -1 -2.534 -1 -2.982 -1 107
-2.758 -1 -2.384 -1 -2.416 -1 -2.922 -1 12
-2.669 -1 -2.31 -1 -2.538 -1 -2.96 -1 123
-2.749 -1 -2.354 -1 -2.672 -1 -3.076 -1 212
-2.874 -1 -2.436 -1 -2.722 -1 -3.136 -1 187
-2.929 -1 -2.482 -1 -2.774 -1 -3.136 -1 180
-2.955 -1 -2.554 -1 -2.828 -1 -3.188 -1 179
-3.008 -1 -2.574 -1 -2.722 -1 -3.15 -1 81
-2.936 -1 -2.546 -1 -2.808 -1 -3.19 -1 195
-2.999 -1 -2.562 -1 -2.616 -1 -3.056 -1 28
-2.836 -1 -2.478 -1 -2.618 -1 -3.094 -1 110
-2.856 -1 -2.476 -1 -2.666 -1 -3.064 -1 134
-2.865 -1 -2.462 -1 -2.756 -1 -3.154 -1 214
-2.955 -1 -2.518 -1 -2.73 -1 -3.072 -1 158
-2.901 -1 -2.536 -1 -2.674 -1 -3.088 -1 102
-2.881 -1 -2.502 -1 -2.596 -1 -3.118 -1 55
-2.857 -1 -2.492 -1 -2.492 -1 -3.014 -1 2
-2.753 -1 -2.384 -1 -2.566 -1 -2.948 -1 128
-2.757 -1 -2.364 -1 -2.384 -1 -2.922 -1 13
-2.653 -1 -2.352 -1 -2.584 -1 -2.958 -1 151
-2.771 -1 -2.368 -1 -2.708 -1 -3.116 -1 246
-2.912 -1 -2.486 -1 -2.606 -1 -3.05 -1 73
-2.828 -1 -2.418 -1 -2.596 -1 -3.05 -1 105
-2.823 -1 -2.438 -1 -2.468 -1 -2.992 -1 15
-2.73 -1 -2.388 -1 -2.484 -1 -2.928 -1 52
-2.706 -1 -2.354 -1 -2.552 -1 -3.016 -1 115
-2.784 -1 -2.428 -1 -2.632 -1 -3.062 -1 113
-2.847 -1 -2.428 -1 -2.704 -1 -3.086 -1 194
-2.895 -1 -2.48 -1 -2.56 -1 -2.972 -1 73
-2.766 -1 -2.342 -1 -2.648 -1 -3.116 -1 183
-2.882 -1 -2.484 -1 -2.754 -1 -3.076 -1 211
-2.915 -1 -2.492 -1 -2.726 -1 -3.178 -1 157
-2.952 -1 -2.538 -1 -2.816 -1 -3.158 -1 247
-2.987 -1 -2.54 -1 -2.85 -1 -3.222 -1 221
-3.036 -1 -2.592 -1 -2.956 -1 -3.218 -1 243
-3.087 -1 -2.648 -1 -2.862 -1 -3.206 -1 167
-3.034 -1 -2.598 -1 -2.682 -1 -3.118 -1 73
-2.9 -1 -2.502 -1 -2.856 -1 -3.15 -1 239
-3.003 -1 -2.582 -1 -2.59 -1 -3.084 -1 3
-2.837 -1 -2.422 -1 -2.494 -1 -2.914 -1 46
-2.704 -1 -2.324 -1 -2.516 -1 -2.976 -1 123
-2.746 -1 -2.32 -1 -2.454 -1 -2.97 -1 56
-2.712 -1 -2.314 -1 -2.674 -1 -3.102 -1 234
-2.888 -1 -2.448 -1 -2.506 -1 -2.992 -1 37
-2.749 -1 -2.338 -1 -2.554 -1 -3.026 -1 110
-2.79 -1 -2.374 -1 -2.572 -1 -2.918 -1 132
-2.745 -1 -2.358 -1 -2.486 -1 -2.936 -1 67
-2.711 -1 -2.322 -1 -2.356 -1 -2.898 -1 22
-2.627 -1 -2.29 -1 -2.598 -1 -3.062 -1 203
-2.83 -1 -2.424 -1 -2.578 -1 -2.976 -1 120
-2.777 -1 -2.41 -1 -2.736 -1 -3.186 -1 220
-2.961 -1 -2.468 -1 -2.76 -1 -3.122 -1 187
-2.941 -1 -2.5 -1 -2.856 -1 -3.202 -1 232
-3.029 -1 -2.548 -1 -2.71 -1 -3.134 -1 134
-2.922 -1 -2.53 -1 -2.838 -1 -3.138 -1 218
-2.988 -1 -2.574 -1 -2.822 -1 -3.18 -1 200
-3.001 -1 -2.542 -1 -2.636 -1 -3.048 -1 60
-2.842 -1 -2.456 -1 -2.564 -1 -3.016 -1 58
-2.79 -1 -2.432 -1 -2.524 -1 -2.936 -1 67
-2.73 -1 -2.38 -1 -2.514 -1 -2.902 -1 94
-2.708 -1 -2.328 -1 -2.504 -1 -2.956 -1 91
-2.73 -1 -2.334 -1 -2.722 -1 -3.066 -1 244
-2.894 -1 -2.464 -1 -2.712 -1 -3.098 -1 158
-2.905 -1 -2.468 -1 -2.682 -1 -3.042 -1 148
-2.862 -1 -2.428 -1 -2.598 -1 -3.078 -1 128
-2.838 -1 -2.432 -1 -2.786 -1 -3.196 -1 227
-2.991 -1 -2.552 -1 -2.706 -1 -3.08 -1 128
-2.893 -1 -2.494 -1 -2.7 -1 -3.084 -1 117
-2.892 -1 -2.484 -1 -2.83 -1 -3.18 -1 234
-3.005 -1 -2.548 -1 -2.706 -1 -3.094 -1 105
-2.9 -1 -2.502 -1 -2.812 -1 -3.134 -1 209
-2.973 -1 -2.532 -1 -2.86 -1 -3.214 -1 211
-3.037 -1 -2.602 -1 -2.742 -1 -3.12 -2 146
-2.931 -1 -2.522 -1 -2.764 -1 -3.214 -1 184
-2.989 -1 -2.586 -1 -2.752 -1 -3.11 -1 118
-2.931 -1 -2.56 -1 -2.856 -1 -3.164 -1 218
-3.01 -1 -2.59 -1 -2.738 -1 -3.104 -1 103
-2.921 -1 -2.524 -1 -2.798 -1 -3.188 -1 200
-2.993 -1 -2.554 -1 -2.662 -1 -3.092 -1 67
-2.877 -1 -2.502 -1 -2.708 -1 -3.06 -1 145
-2.884 -1 -2.508 -1 -2.64 -1 -2.994 -1 94
-2.817 -1 -2.394 -1 -2.706 -1 -3.088 -1 211
-2.897 -1 -2.46 -1 -2.748 -1 -3.036 -1 171
-2.892 -1 -2.472 -1 -2.628 -1 -2.966 -1 105
-2.797 -1 -2.408 -1 -2.69 -1 -3.056 -1 200
-2.873 -1 -2.464 -1 -2.53 -1 -2.942 -1 48
-2.736 -1 -2.362 -1 -2.728 -1 -3.108 -1 215
-2.918 -1 -2.456 -1 -2.502 -1 -2.916 -1 37
-2.709 -1 -2.312 -1 -2.59 -1 -2.976 -1 163
-2.783 -1 -2.354 -1 -2.672 -1 -3.106 -1 196
-2.889 -1 -2.432 -1 -2.656 -1 -3.078 -1 150
-2.867 -1 -2.46 -1 -2.484 -1 -2.972 -1 21
-2.728 -1 -2.348 -1 -2.388 -1 -2.934 -1 38
-2.661 -1 -2.302 -1 -2.386 -1 -2.932 -1 57
-2.659 -1 -2.244 -1 -2.494 -1 -2.962 -1 170
-2.728 -1 -2.352 -1 -2.392 -1 -2.876 -1 37
-2.634 -1 -2.268 -1 -2.334 -1 -2.848 -1 47
-2.591 -1 -2.23 -1 -2.374 -1 -2.87 -1 83
-2.622 -1 -2.302 -1 -2.374 -1 -2.86 -1 38
-2.617 -1 -2.25 -1 -2.584 -1 -2.994 -1 176
-2.789 -1 -2.38 -1 -2.64 -1 -2.982 -1 176
-2.811 -1 -2.376 -1 -2.52 -1 -2.872 -1 96
-2.696 -1 -2.292 -1 -2.43 -1 -2.896 -1 79
-2.663 -1 -2.268 -1 -2.53 -1 -2.874 -1 149
-2.702 -1 -2.318 -1 -2.372 -1 -2.79 -1 31
-2.581 -1 -2.23 -1 -2.56 -1 -2.956 -1 188
-2.758 -1 -2.312 -1 -2.35 -1 -2.802 -1 27
-2.576 -1 -2.242 -1 -2.334 -1 -2.834 -1 46
-2.584 -1 -2.224 -1 -2.238 -1 -2.694 -1 14
-2.466 -1 -2.118 -1 -2.13 -1 -2.668 -1 8
-2.399 -1 -2.11 -1 -2.13 -1 -2.64 -1 5
-2.385 -1 -2.068 -1 -2.538 -1 -2.864 -1 242
-2.701 -1 -2.236 -1 -2.398 -1 -2.772 -1 88
-2.585 -1 -2.192 -1 -2.418 -1 -2.788 -1 121
-2.603 -1 -2.166 -1 -2.428 -1 -2.802 -1 152
-2.615 -1 -2.18 -1 -2.48 -1 -2.906 -1 174
-2.693 -1 -2.228 -1 -2.662 -1 -2.996 -1 224
-2.829 -1 -2.36 -1 -2.434 -1 -2.846 -1 39
-2.64 -1 -2.27 -1 -2.558 -1 -2.916 -1 182
-2.737 -1 -2.282 -1 -2.322 -1 -2.842 -1 25
-2.582 -1 -2.2 -1 -2.242 -1 -2.684 -1 22
-2.463 -1 -2.088 -1 -2.432 -1 -2.848 -1 216
-2.64 -1 -2.218 -1 -2.528 -1 -2.892 -1 215
-2.71 -1 -2.274 -1 -2.52 -1 -2.852 -1 168
-2.686 -1 -2.234 -1 -2.472 -1 -2.872 -1 128
-2.672 -1 -2.224 -1 -2.638 -1 -3.006 -1 246
-2.822 -1 -2.382 -1 -2.498 -1 -2.922 -1 75
-2.71 -1 -2.292 -1 -2.566 -1 -2.882 -1 192
-2.724 -1 -2.302 -1 -2.722 -1 -3.034 -1 225
-2.878 -1 -2.398 -1 -2.432 -1 -2.834 -1 19
-2.633 -1 -2.242 -1 -2.51 -1 -2.898 -1 166
-2.704 -1 -2.312 -1 -2.57 -1 -2.946 -1 191
-2.758 -1 -2.356 -1 -2.432 -1 -2.838 -1 60
-2.635 -1 -2.266 -1 -2.52 -1 -2.942 -1 177
-2.731 -1 -2.272 -1 -2.62 -1 -2.964 -1 182
-2.792 -1 -2.364 -1 -2.646 -1 -3.058 -1 190
-2.852 -1 -2.412 -1 -2.452 -1 -2.862 -1 30
-2.657 -1 -2.266 -1 -2.534 -1 -2.98 -1 176
-2.757 -1 -2.344 -1 -2.382 -1 -2.798 -1 22
-2.59 -1 -2.236 -1 -2.288 -1 -2.664 -1 30
-2.476 -1 -2.09 -1 -2.136 -1 -2.604 -1 21
-2.37 -1 -2.004 -1 -2.424 -1 -2.75 -1 219
-2.587 -1 -2.138 -1 -2.488 -1 -2.858 -1 205
-2.673 -1 -2.198 -1 -2.376 -1 -2.786 -1 98
-2.581 -1 -2.144 -1 -2.19 -1 -2.594 -1 21
-2.392 -1 -2.04 -1 -2.116 -1 -2.484 -1 38
-2.3 -1 -1.94 -1 -2.214 -1 -2.604 -1 156
-2.409 -1 -1.98 -1 -2.15 -1 -2.58 -1 72
-2.365 -1 -1.958 -1 -2.462 -1 -2.758 -1 246
-2.61 -1 -2.096 -1 -2.212 -1 -2.608 -1 62
-2.41 -1 -1.952 -1 -2.182 -1 -2.514 -1 116
-2.348 -1 -1.924 -1 -2.184 -1 -2.574 -1 134
-2.379 -1 -1.924 -1 -2.102 -1 -2.518 -1 74
-2.31 -1 -1.88 -1 -1.906 -1 -2.36 -1 15
-2.133 -1 -1.768 -1 -1.778 -1 -2.166 -1 5
-1.972 -1 -1.66 -1 -2.07 -1 -2.404 -1 164
-2.237 -1 -1.77 -1 -2.168 -1 -2.486 -1 164
-2.327 -1 -1.816 -1 -2.354 -1 -2.682 -1 230
-2.518 -1 -2 -1 -2.35 -1 -2.616 -1 178
-2.483 -1 -2.022 -1 -2.442 -1 -2.71 -1 199
-2.576 -1 -2.058 -1 -2.118 -1 -2.488 -1 21
-2.303 -1 -1.932 -1 -2.37 -1 -2.758 -1 225
-2.564 -1 -2.054 -1 -2.386 -1 -2.764 -1 182
-2.575 -1 -2.082 -1 -2.1 -1 -2.418 -1 6
-2.259 -1 -1.882 -1 -2.394 -1 -2.722 -1 237
-2.558 -1 -2.074 -1 -2.26 -1 -2.564 -1 91
-2.412 -1 -1.924 -1 -2.19 -1 -2.614 -1 129
-2.402 -1 -1.93 -1 -1.994 -1 -2.306 -1 30
-2.15 -1 -1.734 -1 -2.198 -1 -2.474 -1 187
-2.336 -1 -1.886 -1 -1.972 -1 -2.286 -1 45
-2.129 -1 -1.716 -1 -2.166 -1 -2.462 -1 182
-2.314 -1 -1.826 -1 -2.01 -1 -2.336 -1 90
-2.173 -1 -1.698 -1 -2.07 -1 -2.394 -1 161
-2.232 -1 -1.768 -1 -2.032 -1 -2.3 -1 126
-2.166 -1 -1.712 -1 -2.098 -1 -2.434 -1 189
-2.266 -1 -1.768 -1 -1.92 -1 -2.18 -1 71
-2.05 -1 -1.624 -1 -1.656 -1 -1.926 -1 19
-1.791 -1 -1.426 -1 -1.896 -1 -2.23 -1 179
-2.063 -1 -1.616 -1 -1.682 -1 -1.91 -1 21
-1.796 -1 -1.39 -1 -1.668 -1 -1.924 -1 110
-1.796 -1 -1.392 -1 -1.41 -1 -1.674 -1 7
-1.542 -1 -1.262 -1 -1.49 -1 -1.716 -1 71
-1.603 -1 -1.252 -1 -1.524 -1 -1.742 -1 100
-1.633 -1 -1.254 -1 -1.742 -1 -1.954 -1 172
-1.848 -1 -1.388 -1 -1.852 -1 -2.034 -1 160
-1.943 -1 -1.478 -1 -1.91 -1 -2.086 -1 165
-1.998 -1 -1.502 -1 -2.072 -1 -2.268 -1 239
-2.17 -1 -1.636 -1 -1.758 -1 -2.002 -1 45
-1.88 -1 -1.462 -1 -1.6 -1 -1.78 -1 40
-1.69 -1 -1.334 -1 -1.368 -1 -1.526 -1 11
-1.447 -1 -1.188 -1 -1.728 -1 -1.944 -1 178
-1.836 -1 -1.376 -1 -1.602 -1 -1.784 -1 67
-1.693 -1 -1.292 -1 -1.572 -1 -1.736 -1 83
-1.654 -1 -1.272 -1 -1.558 -1 -1.728 -1 93
-1.643 -1 -1.28 -1 -1.594 -1 -1.738 -1 105
-1.666 -1 -1.326 -1 -1.452 -1 -1.608 -1 31
-1.53 -1 -1.2 -1 -1.702 -1 -1.826 -1 169
-1.764 -1 -1.34 -1 -1.57 -1 -1.752 -1 85
-1.661 -1 -1.276 -1 -1.902 -1 -2.116 -1 217
-2.009 -1 -1.53 -1 -1.642 -1 -1.866 -1 58
-1.754 -1 -1.36 -1 -1.712 -1 -1.878 -1 119
-1.795 -1 -1.364 -1 -1.704 -1 -1.826 -1 111
-1.765 -1 -1.368 -1 -1.598 -1 -1.806 -1 74
-1.702 -1 -1.296 -1 -1.818 -1 -2.06 -1 171
-1.939 -1 -1.446 -1 -1.902 -1 -2.116 -1 172
-2.009 -1 -1.484 -1 -1.606 -1 -1.818 -1 58
-1.712 -1 -1.336 -1 -1.958 -1 -2.122 -1 235
-2.04 -1 -1.566 -1 -1.778 -1 -1.992 -1 84
-1.885 -1 -1.412 -1 -1.738 -1 -1.912 -1 126
-1.825 -1 -1.41 -1 -1.538 -1 -1.702 -1 49
-1.62 -1 -1.294 -1 -1.42 -1 -1.564 -1 42
-1.492 -1 -1.184 -1 -1.4 -1 -1.542 -1 73
-1.471 -1 -1.182 -1 -1.488 -1 -1.658 -1 101
-1.573 -1 -1.222 -1 -1.556 -1 -1.65 -1 108
-1.603 -1 -1.236 -1 -1.536 -1 -1.71 -1 122
-1.623 -1 -1.278 -1 -1.86 -1 -2.052 -1 223
-1.956 -1 -1.454 -1 -1.984 -1 -2.158 -1 213
-2.071 -1 -1.576 -1 -1.7 -1 -1.916 -1 41
-1.808 -1 -1.438 -1 -1.92 -1 -2.178 -1 184
-2.049 -1 -1.526 -1 -2.116 -1 -2.318 -1 236
-2.217 -1 -1.68 -1 -1.792 -1 -1.99 -1 44
-1.891 -1 -1.476 -1 -2.09 -1 -2.292 -1 245
-2.191 -1 -1.65 -1 -1.884 -1 -2.136 -1 103
-2.01 -1 -1.548 -1 -1.768 -1 -1.938 -1 84
-1.853 -1 -1.434 -1 -1.766 -1 -1.932 -1 111
-1.849 -1 -1.408 -1 -1.906 -1 -2.146 -1 196
-2.026 -1 -1.528 -1 -1.966 -1 -2.194 -1 188
-2.08 -1 -1.578 -1 -1.698 -1 -1.936 -1 48
-1.817 -1 -1.434 -1 -2.082 -1 -2.286 -1 222
-2.184 -1 -1.59 -1 -2.096 -1 -2.28 -1 218
-2.188 -1 -1.672 -1 -2.126 -1 -2.298 -1 172
-2.212 -1 -1.676 -1 -1.844 -1 -2.01 -1 74
-1.927 -1 -1.49 -1 -2.01 -1 -2.212 -1 208
-2.111 -1 -1.636 -1 -1.808 -1 -2.03 -1 66
-1.919 -1 -1.506 -1 -2.072 -1 -2.252 -1 219
-2.162 -1 -1.664 -1 -2.012 -1 -2.192 -1 131
-2.102 -1 -1.59 -1 -1.844 -1 -2.12 -1 111
-1.982 -1 -1.552 -1 -2.13 -1 -2.378 -1 223
-2.254 -1 -1.748 -1 -1.97 -1 -2.208 -1 91
-2.089 -1 -1.61 -1 -2.06 -1 -2.348 -1 185
-2.204 -1 -1.688 -1 -1.712 -1 -1.902 -1 10
-1.807 -1 -1.426 -1 -2.04 -1 -2.254 -1 241
-2.147 -1 -1.6 -1 -2.028 -1 -2.254 -1 198
-2.141 -1 -1.672 -1 -1.978 -1 -2.22 -1 109
-2.099 -1 -1.604 -1 -1.984 -1 -2.282 -1 175
-2.133 -1 -1.642 -1 -1.658 -1 -1.876 -1 7
-1.767 -1 -1.34 -1 -1.382 -1 -1.548 -1 14
-1.465 -1 -1.16 -1 -1.428 -1 -1.614 -1 86
-1.521 -1 -1.226 -1 -1.578 -1 -1.744 -1 104
-1.661 -1 -1.266 -1 -1.718 -1 -1.902 -1 171
-1.81 -1 -1.304 -1 -1.686 -1 -1.832 -1 130
-1.759 -1 -1.338 -1 -1.702 -1 -1.912 -1 119
-1.807 -1 -1.366 -1 -1.54 -1 -1.678 -1 69
-1.609 -1 -1.248 -1 -1.648 -1 -1.848 -1 120
-1.748 -1 -1.362 -1 -1.704 -1 -1.908 -1 131
-1.806 -1 -1.384 -1 -1.68 -1 -1.836 -1 108
-1.758 -1 -1.334 -1 -1.584 -1 -1.722 -1 76
-1.653 -1 -1.266 -1 -1.354 -1 -1.492 -1 30
-1.423 -1 -1.162 -1 -1.604 -1 -1.74 -1 148
-1.672 -1 -1.28 -1 -1.75 -1 -1.938 -1 170
-1.844 -1 -1.354 -1 -1.924 -1 -2.148 -1 227
-2.036 -1 -1.554 -1 -1.624 -1 -1.81 -1 21
-1.717 -1 -1.332 -1 -1.65 -1 -1.876 -1 114
-1.763 -1 -1.33 -1 -1.642 -1 -1.786 -1 93
-1.714 -1 -1.282 -1 -1.524 -1 -1.68 -1 86
-1.602 -1 -1.232 -1 -1.41 -1 -1.524 -1 46
-1.467 -1 -1.17 -1 -1.56 -1 -1.756 -1 128
-1.658 -1 -1.284 -1 -1.868 -1 -2.02 -1 204
-1.944 -1 -1.46 -1 -1.63 -1 -1.776 -1 56
-1.703 -1 -1.268 -1 -1.416 -1 -1.564 -1 58
-1.49 -1 -1.212 -1 -1.63 -1 -1.776 -1 141
-1.703 -1 -1.324 -1 -1.458 -1 -1.596 -1 42
-1.527 -1 -1.178 -1 -1.648 -1 -1.852 -1 157
-1.75 -1 -1.348 -1 -1.912 -1 -2.054 -1 206
-1.983 -1 -1.502 -1 -1.744 -1 -1.932 -1 90
-1.838 -1 -1.458 -1 -1.908 -1 -2.132 -1 164
-2.02 -1 -1.586 -1 -2.07 -1 -2.272 -1 214
-2.171 -1 -1.59 -1 -1.612 -1 -1.78 -1 8
-1.696 -1 -1.334 -1 -1.612 -1 -1.83 -1 89
-1.721 -1 -1.352 -1 -1.906 -1 -2.178 -1 190
-2.042 -1 -1.522 -1 -1.936 -1 -2.11 -1 191
-2.023 -1 -1.53 -1 -2.042 -1 -2.232 -1 240
-2.137 -1 -1.652 -1 -1.88 -1 -2.08 -1 80
-1.98 -1 -1.548 -1 -2.102 -1 -2.29 -1 236
-2.196 -1 -1.66 -1 -1.786 -1 -2.016 -1 39
-1.901 -1 -1.482 -1 -2.092 -1 -2.336 -1 249
-2.214 -1 -1.666 -1 -2.024 -1 -2.266 -1 144
-2.145 -1 -1.68 -1 -1.872 -1 -2.132 -1 68
-2.002 -1 -1.528 -1 -1.616 -1 -1.792 -1 34
-1.704 -1 -1.332 -1 -1.89 -1 -2.058 -1 214
-1.974 -1 -1.51 -1 -1.878 -1 -2.026 -1 155
-1.952 -1 -1.49 -1 -1.664 -1 -1.912 -1 63
-1.788 -1 -1.354 -1 -1.91 -1 -2.068 -1 194
-1.989 -1 -1.504 -1 -1.816 -1 -2.012 -1 120
-1.914 -1 -1.464 -1 -1.52 -1 -1.714 -1 11
-1.617 -1 -1.282 -1 -1.676 -1 -1.848 -1 142
-1.762 -1 -1.366 -1 -1.642 -1 -1.804 -1 101
-1.723 -1 -1.346 -1 -1.346 -1 -1.514 -1 0
-1.43 -1 -1.16 -1 -1.352 -1 -1.488 -1 54
-1.42 -1 -1.156 -1 -1.224 -1 -1.322 -1 23
-1.273 -1 -1.084 -1 -1.556 -1 -1.706 -1 160
-1.631 -1 -1.278 -1 -1.314 -1 -1.422 -1 15
-1.368 -1 -1.112 -1 -1.624 -1 -1.762 -1 179
-1.693 -1 -1.272 -1 -1.578 -1 -1.758 -1 104
-1.668 -1 -1.28 -1 -1.634 -1 -1.836 -1 139
-1.735 -1 -1.302 -1 -1.972 -1 -2.178 -1 234
-2.075 -1 -1.518 -1 -2.106 -1 -2.252 -1 210
-2.179 -1 -1.658 -1 -1.882 -1 -2.07 -1 98
-1.976 -1 -1.53 -1 -1.724 -1 -1.908 -1 75
-1.816 -1 -1.412 -1 -1.484 -1 -1.656 -1 26
-1.57 -1 -1.254 -1 -1.384 -1 -1.496 -1 43
-1.44 -1 -1.186 -1 -1.704 -1 -1.882 -1 177
-1.793 -1 -1.35 -1 -1.41 -1 -1.55 -1 27
-1.48 -1 -1.184 -1 -1.356 -1 -1.496 -1 55
-1.426 -1 -1.206 -1 -1.378 -1 -1.548 -1 51
-1.463 -1 -1.166 -1 -1.596 -1 -1.754 -1 167
-1.675 -1 -1.268 -1 -1.756 -1 -1.972 -1 172
-1.864 -1 -1.348 -1 -1.95 -1 -2.12 -1 226
-2.035 -1 -1.552 -1 -2.056 -1 -2.314 -1 218
-2.185 -1 -1.668 -1 -1.928 -1 -2.15 -1 96
-2.039 -1 -1.526 -1 -1.546 -1 -1.726 -1 11
-1.636 -1 -1.29 -1 -1.956 -1 -2.16 -1 232
-2.058 -1 -1.504 -1 -1.93 -1 -2.152 -1 176
-2.041 -1 -1.562 -1 -1.88 -1 -2.064 -1 112
-1.972 -1 -1.51 -1 -1.852 -1 -2.048 -1 128
-1.95 -1 -1.48 -1 -1.532 -1 -1.746 -1 17
-1.639 -1 -1.298 -1 -1.634 -1 -1.816 -1 100
-1.725 -1 -1.308 -1 -1.376 -1 -1.57 -1 23
-1.473 -1 -1.2 -1 -1.658 -1 -1.83 -1 154
-1.744 -1 -1.322 -1 -1.712 -1 -1.876 -1 125
-1.794 -1 -1.332 -1 -1.928 -1 -2.08 -1 228
-2.004 -1 -1.486 -1 -1.604 -1 -1.818 -1 42
-1.711 -1 -1.318 -1 -1.578 -1 -1.752 -1 93
-1.665 -1 -1.252 -1 -1.47 -1 -1.68 -1 73
-1.575 -1 -1.254 -1 -1.442 -1 -1.61 -1 64
-1.526 -1 -1.18 -1 -1.912 -1 -2.09 -1 243
-2.001 -1 -1.464 -1 -1.71 -1 -1.914 -1 92
-1.812 -1 -1.348 -1 -1.76 -1 -1.88 -1 137
-1.82 -1 -1.394 -1 -1.7 -1 -1.876 -1 82
-1.788 -1 -1.322 -1 -1.388 -1 -1.562 -1 19
-1.475 -1 -1.156 -1 -1.46 -1 -1.606 -1 116
-1.533 -1 -1.182 -1 -1.374 -1 -1.528 -1 59
-1.451 -1 -1.176 -1 -1.364 -1 -1.492 -1 57
-1.428 -1 -1.146 -1 -1.264 -1 -1.388 -1 36
-1.326 -1 -1.104 -1 -1.118 -1 -1.162 -1 4
-1.14 -1 -1.036 -1 -1.488 -1 -1.62 -1 140
-1.554 -1 -1.164 -1 -1.776 -1 -1.954 -1 235
-1.865 -1 -1.406 -1 -1.804 -1 -1.958 -1 124
-1.881 -1 -1.396 -1 -1.938 -1 -2.134 -1 211
-2.036 -1 -1.54 -1 -1.638 -1 -1.804 -1 32
-1.721 -1 -1.332 -1 -1.838 -1 -2.008 -1 208
-1.923 -1 -1.454 -1 -1.634 -1 -1.79 -1 58
-1.712 -1 -1.328 -1 -1.644 -1 -1.834 -1 112
-1.739 -1 -1.32 -1 -1.586 -1 -1.75 -1 93
-1.668 -1 -1.25 -1 -1.446 -1 -1.606 -1 69
-1.526 -1 -1.206 -1 -1.374 -1 -1.53 -1 47
-1.452 -1 -1.162 -1 -1.43 -1 -1.52 -1 89
-1.475 -1 -1.172 -1 -1.674 -1 -1.846 -1 184
-1.76 -1 -1.284 -1 -1.338 -1 -1.462 -1 18
-1.4 -1 -1.12 -1 -1.644 -1 -1.79 -1 169
-1.717 -1 -1.288 -1 -1.844 -1 -2.01 -1 191
-1.927 -1 -1.452 -1 -1.632 -1 -1.79 -1 76
-1.711 -1 -1.304 -1 -1.616 -1 -1.766 -1 116
-1.691 -1 -1.304 -1 -1.684 -1 -1.778 -1 104
-1.731 -1 -1.308 -1 -1.668 -1 -1.842 -1 142
-1.755 -1 -1.32 -1 -1.718 -1 -1.886 -1 142
-1.802 -1 -1.36 -1 -1.524 -1 -1.702 -1 66
-1.613 -1 -1.278 -1 -1.866 -1 -2.048 -1 215
-1.957 -1 -1.47 -1 -1.632 -1 -1.83 -1 75
-1.731 -1 -1.366 -1 -1.922 -1 -2.05 -1 176
-1.986 -1 -1.476 -1 -1.878 -1 -2.04 -1 140
-1.959 -1 -1.438 -1 -1.682 -1 -1.874 -1 80
-1.778 -1 -1.39 -1 -1.43 -1 -1.57 -1 19
-1.5 -1 -1.194 -1 -1.306 -1 -1.464 -1 37
-1.385 -1 -1.118 -1 -1.686 -1 -1.864 -1 180
-1.775 -1 -1.334 -1 -1.414 -1 -1.586 -1 25
-1.5 -1 -1.206 -1 -1.53 -1 -1.668 -1 118
-1.599 -1 -1.248 -1 -1.374 -1 -1.488 -1 36
-1.431 -1 -1.158 -1 -1.792 -1 -1.972 -1 249
-1.882 -1 -1.446 -1 -1.466 -1 -1.622 -1 7
-1.544 -1 -1.23 -1 -1.784 -1 -1.978 -1 193
-1.881 -1 -1.378 -1 -1.574 -1 -1.752 -1 60
-1.663 -1 -1.26 -1 -1.326 -1 -1.45 -1 20
-1.388 -1 -1.112 -1 -1.62 -1 -1.744 -1 161
-1.682 -1 -1.27 -1 -1.384 -1 -1.47 -1 31
-1.427 -1 -1.13 -1 -1.63 -1 -1.776 -1 156
-1.703 -1 -1.286 -1 -1.468 -1 -1.616 -1 65
-1.542 -1 -1.196 -1 -1.334 -1 -1.456 -1 43
-1.395 -1 -1.158 -1 -1.566 -1 -1.724 -1 131
-1.645 -1 -1.286 -1 -1.382 -1 -1.508 -1 33
-1.445 -1 -1.172 -1 -1.682 -1 -1.84 -1 172
-1.761 -1 -1.326 -1 -1.386 -1 -1.56 -1 16
-1.473 -1 -1.16 -1 -1.402 -1 -1.516 -1 81
-1.459 -1 -1.156 -1 -1.342 -1 -1.47 -1 63
-1.406 -1 -1.152 -1 -1.254 -1 -1.376 -1 31
-1.315 -1 -1.122 -1 -1.748 -1 -1.87 -1 222
-1.809 -1 -1.376 -1 -1.972 -1 -2.21 -1 249
-2.091 -1 -1.56 -1 -1.81 -1 -1.99 -1 94
-1.9 -1 -1.422 -1 -1.474 -1 -1.668 -1 20
-1.571 -1 -1.258 -1 -1.802 -1 -2.018 -1 207
-1.91 -1 -1.442 -1 -1.754 -1 -1.906 -1 117
-1.83 -1 -1.376 -1 -1.626 -1 -1.768 -1 81
-1.697 -1 -1.316 -1 -1.948 -1 -2.188 -1 233
-2.068 -1 -1.534 -1 -2.076 -1 -2.29 -1 237
-2.183 -1 -1.642 -1 -1.882 -1 -2.088 -1 99
-1.985 -1 -1.518 -1 -1.69 -1 -1.914 -1 71
-1.802 -1 -1.386 -1 -1.936 -1 -2.1 -1 194
-2.018 -1 -1.52 -1 -1.868 -1 -2.102 -1 123
-1.985 -1 -1.484 -1 -1.65 -1 -1.848 -1 68
-1.749 -1 -1.358 -1 -1.462 -1 -1.662 -1 42
-1.562 -1 -1.254 -1 -1.768 -1 -1.918 -1 170
-1.843 -1 -1.336 -1 -1.9 -1 -2.134 -1 221
-2.017 -1 -1.544 -1 -2.09 -1 -2.224 -1 208
-2.157 -1 -1.598 -1 -2.162 -1 -2.322 -1 241
-2.242 -1 -1.686 -1 -1.73 -1 -1.934 -1 18
-1.832 -1 -1.4 -1 -1.454 -1 -1.584 -1 16
-1.519 -1 -1.208 -1 -1.382 -1 -1.57 -1 60
-1.476 -1 -1.19 -1 -1.428 -1 -1.612 -1 80
-1.52 -1 -1.204 -1 -1.532 -1 -1.736 -1 112
-1.634 -1 -1.268 -1 -1.34 -1 -1.476 -1 21
-1.408 -1 -1.138 -1 -1.552 -1 -1.714 -1 141
-1.633 -1 -1.264 -1 -1.778 -1 -1.91 -1 201
-1.844 -1 -1.386 -1 -1.864 -1 -2.062 -1 182
-1.963 -1 -1.446 -1 -1.8 -1 -1.99 -1 130
-1.895 -1 -1.468 -1 -1.616 -1 -1.84 -1 57
-1.728 -1 -1.334 -1 -1.884 -1 -2.098 -1 210
-1.991 -1 -1.49 -1 -1.636 -1 -1.834 -1 49
-1.735 -1 -1.35 -1 -1.526 -1 -1.704 -1 58
-1.615 -1 -1.264 -1 -1.714 -1 -1.896 -1 159
-1.805 -1 -1.372 -1 -1.59 -1 -1.772 -1 77
-1.681 -1 -1.298 -1 -1.788 -1 -1.928 -1 164
-1.858 -1 -1.4 -1 -1.548 -1 -1.72 -1 47
-1.634 -1 -1.288 -1 -1.356 -1 -1.492 -1 31
-1.424 -1 -1.154 -1 -1.602 -1 -1.792 -1 158
-1.697 -1 -1.292 -1 -1.99 -1 -2.196 -1 244
-2.093 -1 -1.594 -1 -2.062 -1 -2.256 -1 193
-2.159 -1 -1.676 -1 -1.986 -1 -2.144 -1 116
-2.065 -1 -1.528 -1 -1.866 -1 -2.07 -1 137
-1.968 -1 -1.44 -1 -1.944 -1 -2.16 -1 193
-2.052 -1 -1.548 -1 -1.782 -1 -1.982 -1 83
-1.882 -1 -1.428 -1 -1.442 -1 -1.588 -1 6
-1.515 -1 -1.184 -1 -1.652 -1 -1.866 -1 166
-1.759 -1 -1.348 -1 -1.616 -1 -1.796 -1 97
-1.706 -1 -1.354 -1 -1.494 -1 -1.662 -1 45
-1.578 -1 -1.244 -1 -1.838 -1 -2.066 -1 215
-1.952 -1 -1.448 -1 -1.758 -1 -1.974 -1 117
-1.866 -1 -1.448 -1 -1.736 -1 -1.908 -1 103
-1.822 -1 -1.37 -1 -2.02 -1 -2.178 -1 223
-2.099 -1 -1.576 -1 -1.852 -1 -2.024 -1 106
-1.938 -1 -1.48 -1 -1.814 -1 -2.014 -1 141
-1.914 -1 -1.454 -1 -1.74 -1 -1.98 -1 105
-1.86 -1 -1.434 -1 -1.904 -1 -2.074 -1 169
-1.989 -1 -1.518 -1 -1.854 -1 -2.084 -1 128
-1.969 -1 -1.526 -1 -1.68 -1 -1.882 -1 51
-1.781 -1 -1.388 -1 -1.566 -1 -1.746 -1 54
-1.656 -1 -1.29 -1 -1.652 -1 -1.868 -1 131
-1.76 -1 -1.346 -1 -1.704 -1 -1.918 -1 112
-1.811 -1 -1.362 -1 -1.624 -1 -1.798 -1 90
-1.711 -1 -1.318 -1 -1.442 -1 -1.626 -1 33
-1.534 -1 -1.21 -1 -1.678 -1 -1.84 -1 156
-1.759 -1 -1.334 -1 -1.372 -1 -1.496 -1 11
-1.434 -1 -1.174 -1 -1.71 -1 -1.852 -1 204
-1.781 -1 -1.36 -1 -1.47 -1 -1.648 -1 37
-1.559 -1 -1.236 -1 -1.724 -1 -1.936 -1 169
-1.83 -1 -1.36 -1 -1.39 -1 -1.53 -1 12
-1.46 -1 -1.178 -1 -1.42 -1 -1.566 -1 68
-1.493 -1 -1.172 -1 -1.848 -1 -2.046 -1 248
-1.947 -1 -1.464 -1 -1.956 -1 -2.174 -1 229
-2.065 -1 -1.516 -1 -2.086 -1 -2.314 -1 228
-2.2 -1 -1.714 -1 -1.84 -1 -2.034 -1 61
-1.937 -1 -1.474 -1 -1.528 -1 -1.69 -1 20
-1.609 -1 -1.286 -1 -1.402 -1 -1.56 -1 45
-1.481 -1 -1.202 -1 -1.58 -1 -1.726 -1 140
-1.653 -1 -1.266 -1 -1.474 -1 -1.632 -1 80
-1.553 -1 -1.232 -1 -1.796 -1 -2.01 -1 214
-1.903 -1 -1.396 -1 -1.836 -1 -2.038 -1 164
-1.937 -1 -1.462 -1 -1.812 -1 -2.01 -1 117
-1.911 -1 -1.436 -1 -1.914 -1 -2.148 -1 191
-2.031 -1 -1.512 -1 -2.074 -1 -2.252 -1 237
-2.163 -1 -1.62 -1 -2.158 -1 -2.3 -1 224
-2.229 -1 -1.674 -1 -2.038 -1 -2.288 -1 164
-2.163 -1 -1.652 -1 -1.756 -1 -1.916 -1 37
-1.836 -1 -1.402 -1 -2.05 -1 -2.192 -1 222
-2.121 -1 -1.608 -1 -2.164 -1 -2.39 -1 222
-2.277 -1 -1.724 -1 -2.088 -1 -2.304 -1 163
-2.196 -1 -1.672 -1 -2.022 -1 -2.222 -1 151
-2.122 -1 -1.618 -1 -1.824 -1 -2.07 -1 81
-1.947 -1 -1.536 -1 -1.922 -1 -2.118 -1 138
-2.02 -1 -1.56 -1 -1.964 -1 -2.208 -1 178
-2.086 -1 -1.608 -1 -1.69 -1 -1.952 -1 35
-1.821 -1 -1.434 -1 -1.698 -1 -1.888 -1 112
-1.793 -1 -1.36 -1 -1.564 -1 -1.798 -1 71
-1.681 -1 -1.36 -1 -1.568 -1 -1.73 -1 74
-1.649 -1 -1.27 -1 -1.936 -1 -2.128 -1 239
-2.032 -1 -1.498 -1 -1.514 -1 -1.632 -1 4
-1.573 -1 -1.29 -1 -1.85 -1 -2.032 -1 198
-1.941 -1 -1.402 -1 -2.056 -1 -2.268 -1 236
-2.162 -1 -1.59 -1 -2.124 -1 -2.334 -1 207
-2.229 -1 -1.656 -1 -2.034 -1 -2.27 -1 170
-2.152 -1 -1.612 -1 -2.042 -1 -2.258 -1 183
-2.15 -1 -1.6 -1 -1.802 -1 -2.012 -1 83
-1.907 -1 -1.468 -1 -1.884 -1 -2.082 -1 151
-1.983 -1 -1.464 -1 -1.48 -1 -1.698 -1 7
-1.589 -1 -1.268 -1 -1.412 -1 -1.624 -1 45
-1.518 -1 -1.19 -1 -1.748 -1 -2.03 -1 212
-1.889 -1 -1.402 -1 -1.854 -1 -2.082 -1 189
-1.968 -1 -1.504 -1 -1.74 -1 -1.894 -1 93
-1.817 -1 -1.352 -1 -1.352 -1 -1.546 -1 0
-1.449 -1 -1.162 -1 -1.72 -1 -1.906 -1 192
-1.813 -1 -1.386 -1 -1.408 -1 -1.554 -1 7
-1.481 -1 -1.192 -1 -1.7 -1 -1.918 -1 176
-1.809 -1 -1.38 -1 -1.898 -1 -2.096 -1 213
-1.997 -1 -1.494 -1 -2.022 -1 -2.174 -1 228
-2.098 -1 -1.604 -1 -1.844 -1 -2.106 -1 98
-1.975 -1 -1.524 -1 -1.902 -1 -2.126 -1 164
-2.014 -1 -1.49 -1 -1.57 -1 -1.79 -1 26
-1.68 -1 -1.324 -1 -1.666 -1 -1.868 -1 136
-1.767 -1 -1.376 -1 -1.544 -1 -1.7 -1 62
-1.622 -1 -1.31 -1 -1.7 -1 -1.904 -1 154
-1.802 -1 -1.38 -1 -1.464 -1 -1.624 -1 23
-1.544 -1 -1.204 -1 -1.648 -1 -1.814 -1 145
-1.731 -1 -1.288 -1 -1.896 -1 -2.078 -1 226
-1.987 -1 -1.474 -1 -1.746 -1 -1.96 -1 87
-1.853 -1 -1.414 -1 -1.43 -1 -1.582 -1 5
-1.506 -1 -1.21 -1 -1.394 -1 -1.54 -1 56
-1.467 -1 -1.188 -1 -1.274 -1 -1.388 -1 18
-1.331 -1 -1.114 -1 -1.598 -1 -1.84 -1 150
-1.719 -1 -1.296 -1 -1.756 -1 -1.916 -1 164
-1.836 -1 -1.374 -1 -1.628 -1 -1.736 -1 78
-1.682 -1 -1.292 -1 -1.402 -1 -1.526 -1 37
-1.464 -1 -1.16 -1 -1.278 -1 -1.414 -1 40
-1.346 -1 -1.126 -1 -1.65 -1 -1.804 -1 167
-1.727 -1 -1.33 -1 -1.356 -1 -1.482 -1 12
-1.419 -1 -1.154 -1 -1.536 -1 -1.712 -1 130
-1.624 -1 -1.252 -1 -1.64 -1 -1.822 -1 131
-1.731 -1 -1.342 -1 -1.464 -1 -1.672 -1 39
-1.568 -1 -1.22 -1 -1.87 -1 -1.996 -1 207
-1.933 -1 -1.442 -1 -1.788 -1 -1.922 -1 109
-1.855 -1 -1.394 -1 -1.578 -1 -1.738 -1 59
-1.658 -1 -1.296 -1 -1.534 -1 -1.642 -1 86
-1.588 -1 -1.236 -1 -1.474 -1 -1.678 -1 82
-1.576 -1 -1.212 -1 -1.812 -1 -1.972 -1 184
-1.892 -1 -1.378 -1 -1.378 -1 -1.508 -1 2
-1.443 -1 -1.162 -1 -1.322 -1 -1.43 -1 49
-1.376 -1 -1.126 -1 -1.594 -1 -1.778 -1 182
-1.686 -1 -1.322 -1 -1.84 -1 -1.962 -1 172
-1.901 -1 -1.42 -1 -1.584 -1 -1.754 -1 47
-1.669 -1 -1.274 -1 -1.756 -1 -1.924 -1 158
-1.84 -1 -1.392 -1 -1.844 -1 -1.978 -1 177
-1.911 -1 -1.412 -1 -1.712 -1 -1.888 -1 104
-1.8 -1 -1.376 -1 -1.632 -1 -1.802 -1 99
-1.717 -1 -1.324 -1 -1.51 -1 -1.656 -1 56
-1.583 -1 -1.206 -1 -1.464 -1 -1.57 -1 78
-1.517 -1 -1.188 -1 -1.726 -1 -1.87 -1 176
-1.798 -1 -1.342 -1 -1.504 -1 -1.624 -1 45
-1.564 -1 -1.214 -1 -1.736 -1 -1.93 -1 184
-1.833 -1 -1.386 -1 -1.752 -1 -1.93 -1 157
-1.841 -1 -1.372 -1 -1.586 -1 -1.76 -1 70
-1.673 -1 -1.286 -1 -1.622 -1 -1.804 -1 113
-1.713 -1 -1.318 -1 -1.622 -1 -1.822 -1 108
-1.722 -1 -1.282 -1 -1.768 -1 -1.944 -1 182
-1.856 -1 -1.374 -1 -1.45 -1 -1.584 -1 35
-1.517 -1 -1.2 -1 -1.61 -1 -1.774 -1 120
-1.692 -1 -1.286 -1 -1.58 -1 -1.742 -1 107
-1.661 -1 -1.294 -1 -1.784 -1 -1.936 -1 154
-1.86 -1 -1.37 -1 -1.626 -1 -1.78 -1 93
-1.703 -1 -1.29 -1 -1.756 -1 -1.954 -1 161
-1.855 -1 -1.406 -1 -1.468 -1 -1.59 -1 19
-1.529 -1 -1.198 -1 -1.454 -1 -1.58 -1 88
-1.517 -1 -1.218 -1 -1.314 -1 -1.42 -1 34
-1.367 -1 -1.126 -1 -1.642 -1 -1.778 -1 173
-1.71 -1 -1.31 -1 -1.39 -1 -1.536 -1 31
-1.463 -1 -1.178 -1 -1.76 -1 -1.936 -1 210
-1.848 -1 -1.382 -1 -1.574 -1 -1.728 -1 74
-1.651 -1 -1.266 -1 -1.48 -1 -1.638 -1 93
-1.559 -1 -1.254 -1 -1.648 -1 -1.792 -1 147
-1.72 -1 -1.292 -1 -1.596 -1 -1.766 -1 106
-1.681 -1 -1.258 -1 -1.854 -1 -1.992 -1 225
-1.923 -1 -1.436 -1 -1.898 -1 -2.098 -1 189
-1.998 -1 -1.504 -1 -1.56 -1 -1.734 -1 18
-1.647 -1 -1.334 -1 -1.478 -1 -1.568 -1 57
-1.523 -1 -1.164 -1 -1.704 -1 -1.882 -1 170
-1.793 -1 -1.336 -1 -1.404 -1 -1.514 -1 17
-1.459 -1 -1.156 -1 -1.78 -1 -1.952 -1 206
-1.866 -1 -1.378 -1 -1.974 -1 -2.19 -1 213
-2.082 -1 -1.572 -1 -1.724 -1 -1.916 -1 65
-1.82 -1 -1.4 -1 -1.89 -1 -2.084 -1 176
-1.987 -1 -1.506 -1 -1.854 -1 -2.054 -1 148
-1.954 -1 -1.484 -1 -1.6 -1 -1.766 -1 44
-1.683 -1 -1.302 -1 -1.354 -1 -1.47 -1 16
-1.412 -1 -1.134 -1 -1.646 -1 -1.84 -1 177
-1.743 -1 -1.328 -1 -1.904 -1 -2.134 -1 217
-2.019 -1 -1.514 -1 -1.584 -1 -1.796 -1 26
-1.69 -1 -1.32 -1 -1.888 -1 -2.096 -1 220
-1.992 -1 -1.508 -1 -1.658 -1 -1.838 -1 62
-1.748 -1 -1.344 -1 -1.356 -1 -1.498 -1 6
-1.427 -1 -1.134 -1 -1.726 -1 -1.894 -1 212
-1.81 -1 -1.38 -1 -1.706 -1 -1.914 -1 122
-1.81 -1 -1.354 -1 -1.7 -1 -1.852 -1 126
-1.776 -1 -1.334 -1 -1.564 -1 -1.74 -1 99
-1.652 -1 -1.276 -1 -1.79 -1 -1.924 -1 190
-1.857 -1 -1.41 -1 -1.412 -1 -1.544 -1 1
-1.478 -1 -1.182 -1 -1.774 -1 -1.924 -1 191
-1.849 -1 -1.418 -1 -1.508 -1 -1.66 -1 31
-1.584 -1 -1.23 -1 -1.308 -1 -1.44 -1 26
-1.374 -1 -1.124 -1 -1.646 -1 -1.808 -1 165
-1.727 -1 -1.342 -1 -1.752 -1 -1.914 -1 155
-1.833 -1 -1.384 -1 -1.668 -1 -1.878 -1 103
-1.773 -1 -1.348 -1 -1.548 -1 -1.736 -1 71
-1.642 -1 -1.302 -1 -1.734 -1 -1.926 -1 165
-1.83 -1 -1.382 -1 -1.796 -1 -1.97 -1 135
-1.883 -1 -1.452 -1 -1.544 -1 -1.736 -1 31
-1.64 -1 -1.284 -1 -1.728 -1 -1.908 -1 166
-1.818 -1 -1.362 -1 -1.858 -1 -2.052 -1 194
-1.955 -1 -1.478 -1 -1.746 -1 -1.882 -1 90
-1.814 -1 -1.38 -1 -1.998 -1 -2.188 -1 244
-2.093 -1 -1.576 -1 -1.646 -1 -1.874 -1 24
-1.76 -1 -1.32 -1 -1.572 -1 -1.77 -1 75
-1.671 -1 -1.31 -1 -1.93 -1 -2.074 -1 229
-2.002 -1 -1.5 -1 -1.546 -1 -1.754 -1 26
-1.65 -1 -1.276 -1 -1.508 -1 -1.678 -1 75
-1.593 -1 -1.216 -1 -1.402 -1 -1.56 -1 53
-1.481 -1 -1.166 -1 -1.394 -1 -1.528 -1 72
-1.461 -1 -1.156 -1 -1.626 -1 -1.78 -1 144
-1.703 -1 -1.276 -1 -1.89 -1 -2.092 -1 214
-1.991 -1 -1.502 -1 -2.06 -1 -2.308 -1 230
-2.184 -1 -1.642 -1 -2.032 -1 -2.218 -1 166
-2.125 -1 -1.654 -1 -2.126 -1 -2.314 -1 184
-2.22 -1 -1.682 -1 -2.052 -1 -2.276 -1 142
-2.164 -1 -1.668 -1 -2.134 -1 -2.324 -1 206
-2.229 -1 -1.716 -1 -2.084 -1 -2.276 -1 163
-2.18 -1 -1.642 -1 -1.82 -1 -2.066 -1 57
-1.943 -1 -1.484 -1 -1.966 -1 -2.138 -1 213
-2.052 -1 -1.584 -1 -2.162 -1 -2.394 -1 243
-2.278 -1 -1.746 -1 -1.794 -1 -1.98 -1 21
-1.887 -1 -1.498 -1 -1.954 -1 -2.176 -1 162
-2.065 -1 -1.644 -1 -2.132 -1 -2.4 -1 213
-2.266 -1 -1.754 -1 -2.236 -1 -2.43 -1 196
-2.333 -1 -1.822 -1 -1.992 -1 -2.212 -1 73
-2.102 -1 -1.632 -1 -1.938 -1 -2.17 -1 125
-2.054 -1 -1.564 -1 -2.164 -1 -2.35 -1 240
-2.257 -1 -1.712 -1 -2.208 -1 -2.468 -1 217
-2.338 -1 -1.786 -1 -2.052 -1 -2.298 -1 138
-2.175 -1 -1.72 -1 -1.9 -1 -2.172 -1 73
-2.036 -1 -1.596 -1 -2.11 -1 -2.336 -1 230
-2.223 -1 -1.716 -1 -1.758 -1 -1.986 -1 15
-1.872 -1 -1.514 -1 -1.544 -1 -1.732 -1 13
-1.638 -1 -1.286 -1 -1.374 -1 -1.598 -1 27
-1.486 -1 -1.182 -1 -1.876 -1 -2.13 -1 247
-2.003 -1 -1.494 -1 -1.94 -1 -2.172 -1 167
-2.056 -1 -1.538 -1 -1.756 -1 -1.974 -1 82
-1.865 -1 -1.444 -1 -2.05 -1 -2.214 -1 240
-2.132 -1 -1.6 -1 -1.812 -1 -2.006 -1 89
-1.909 -1 -1.456 -1 -1.888 -1 -2.024 -1 154
-1.956 -1 -1.466 -1 -2.03 -1 -2.24 -1 228
-2.135 -1 -1.602 -1 -1.914 -1 -2.108 -1 117
-2.011 -1 -1.51 -1 -1.74 -1 -1.974 -1 91
-1.857 -1 -1.45 -1 -1.942 -1 -2.11 -1 185
-2.026 -1 -1.526 -1 -1.836 -1 -2.064 -1 100
-1.95 -1 -1.424 -1 -1.558 -1 -1.746 -1 43
-1.652 -1 -1.266 -1 -1.666 -1 -1.858 -1 137
-1.762 -1 -1.342 -1 -1.362 -1 -1.468 -1 8
-1.415 -1 -1.142 -1 -1.536 -1 -1.724 -1 132
-1.63 -1 -1.254 -1 -1.7 -1 -1.878 -1 149
-1.789 -1 -1.342 -1 -1.482 -1 -1.666 -1 53
-1.574 -1 -1.246 -1 -1.64 -1 -1.784 -1 123
-1.712 -1 -1.31 -1 -1.476 -1 -1.65 -1 48
-1.563 -1 -1.232 -1 -1.522 -1 -1.714 -1 100
-1.618 -1 -1.248 -1 -1.488 -1 -1.612 -1 83
-1.55 -1 -1.194 -1 -1.212 -1 -1.31 -1 6
-1.261 -1 -1.098 -1 -1.576 -1 -1.752 -1 160
-1.664 -1 -1.282 -1 -1.348 -1 -1.476 -1 22
-1.412 -1 -1.128 -1 -1.238 -1 -1.354 -1 31
-1.296 -1 -1.074 -1 -1.244 -1 -1.35 -1 54
-1.297 -1 -1.102 -1 -1.45 -1 -1.584 -1 109
-1.517 -1 -1.212 -1 -1.51 -1 -1.67 -1 108
-1.59 -1 -1.232 -1 -1.5 -1 -1.69 -1 84
-1.595 -1 -1.238 -1 -1.876 -1 -1.98 -1 219
-1.928 -1 -1.496 -1 -1.892 -1 -2.032 -1 140
-1.962 -1 -1.44 -1 -1.554 -1 -1.736 -1 44
-1.645 -1 -1.306 -1 -1.722 -1 -1.864 -1 155
-1.793 -1 -1.37 -1 -1.476 -1 -1.622 -1 41
-1.549 -1 -1.218 -1 -1.222 -1 -1.302 -1 2
-1.262 -1 -1.088 -1 -1.444 -1 -1.576 -1 111
-1.51 -1 -1.21 -1 -1.816 -1 -1.974 -1 198
-1.895 -1 -1.364 -1 -1.464 -1 -1.608 -1 38
-1.536 -1 -1.192 -1 -1.712 -1 -1.872 -1 165
-1.792 -1 -1.338 -1 -1.484 -1 -1.656 -1 51
-1.57 -1 -1.26 -1 -1.584 -1 -1.748 -1 119
-1.666 -1 -1.292 -1 -1.428 -1 -1.61 -1 53
-1.519 -1 -1.21 -1 -1.546 -1 -1.65 -1 116
-1.598 -1 -1.24 -1 -1.49 -1 -1.602 -1 75
-1.546 -1 -1.194 -1 -1.544 -1 -1.658 -1 133
-1.601 -1 -1.244 -1 -1.464 -1 -1.67 -1 74
-1.567 -1 -1.236 -1 -1.644 -1 -1.824 -1 137
-1.734 -1 -1.338 -1 -1.672 -1 -1.824 -1 134
-1.748 -1 -1.34 -1 -1.366 -1 -1.512 -1 7
-1.439 -1 -1.14 -1 -1.746 -1 -1.94 -1 192
-1.843 -1 -1.37 -1 -1.85 -1 -1.996 -1 195
-1.923 -1 -1.434 -1 -1.442 -1 -1.58 -1 6
-1.511 -1 -1.198 -1 -1.854 -1 -1.976 -1 240
-1.915 -1 -1.474 -1 -1.714 -1 -1.908 -1 83
-1.811 -1 -1.42 -1 -1.666 -1 -1.9 -1 81
-1.783 -1 -1.33 -1 -1.742 -1 -1.874 -1 138
-1.808 -1 -1.382 -1 -1.676 -1 -1.828 -1 97
-1.752 -1 -1.3 -1 -2.014 -1 -2.15 -1 242
-2.082 -1 -1.568 -1 -1.684 -1 -1.862 -1 50
-1.773 -1 -1.35 -1 -1.5 -1 -1.592 -1 41
-1.546 -1 -1.232 -1 -1.754 -1 -1.952 -1 188
-1.853 -1 -1.414 -1 -1.57 -1 -1.708 -1 51
-1.639 -1 -1.288 -1 -1.452 -1 -1.584 -1 51
-1.518 -1 -1.178 -1 -1.414 -1 -1.542 -1 77
-1.478 -1 -1.17 -1 -1.232 -1 -1.312 -1 15
-1.272 -1 -1.062 -1 -1.742 -1 -1.93 -1 232
-1.836 -1 -1.362 -1 -1.496 -1 -1.658 -1 38
-1.577 -1 -1.218 -1 -1.72 -1 -1.89 -1 174
-1.805 -1 -1.296 -1 -1.68 -1 -1.874 -1 132
-1.777 -1 -1.33 -1 -1.928 -1 -2.128 -1 229
-2.028 -1 -1.534 -1 -2.088 -1 -2.354 -1 246
-2.221 -1 -1.688 -1 -1.764 -1 -1.994 -1 36
-1.879 -1 -1.43 -1 -1.828 -1 -2.028 -1 178
-1.928 -1 -1.48 -1 -2.01 -1 -2.188 -1 223
-2.099 -1 -1.596 -1 -1.768 -1 -1.95 -1 63
-1.859 -1 -1.426 -1 -1.474 -1 -1.622 -1 13
-1.548 -1 -1.238 -1 -1.85 -1 -2.084 -1 240
-1.967 -1 -1.504 -1 -1.87 -1 -2.024 -1 131
-1.947 -1 -1.51 -1 -2.018 -1 -2.24 -1 208
-2.129 -1 -1.618 -1 -1.954 -1 -2.19 -1 135
-2.072 -1 -1.568 -1 -1.98 -1 -2.17 -1 148
-2.075 -1 -1.586 -1 -1.82 -1 -2.082 -1 108
-1.951 -1 -1.496 -1 -1.53 -1 -1.76 -1 18
-1.645 -1 -1.262 -1 -1.886 -1 -2.108 -1 226
-1.997 -1 -1.504 -1 -1.716 -1 -1.924 -1 83
-1.82 -1 -1.372 -1 -1.802 -1 -2.03 -1 143
-1.916 -1 -1.436 -1 -1.788 -1 -2.01 -1 137
-1.899 -1 -1.424 -1 -1.524 -1 -1.724 -1 32
-1.624 -1 -1.282 -1 -1.318 -1 -1.43 -1 7
-1.374 -1 -1.132 -1 -1.638 -1 -1.834 -1 165
-1.736 -1 -1.28 -1 -1.908 -1 -2.11 -1 240
-2.009 -1 -1.534 -1 -1.972 -1 -2.112 -1 173
-2.042 -1 -1.508 -1 -1.616 -1 -1.78 -1 37
-1.698 -1 -1.34 -1 -1.672 -1 -1.842 -1 115
-1.757 -1 -1.376 -1 -1.55 -1 -1.688 -1 57
-1.619 -1 -1.23 -1 -1.378 -1 -1.518 -1 44
-1.448 -1 -1.154 -1 -1.514 -1 -1.63 -1 117
-1.572 -1 -1.216 -1 -1.882 -1 -2.058 -1 218
-1.97 -1 -1.492 -1 -2.076 -1 -2.252 -1 209
-2.164 -1 -1.6 -1 -1.64 -1 -1.816 -1 13
-1.728 -1 -1.38 -1 -1.618 -1 -1.8 -1 85
-1.709 -1 -1.316 -1 -1.856 -1 -2.036 -1 184
-1.946 -1 -1.436 -1 -2.052 -1 -2.266 -1 238
-2.159 -1 -1.604 -1 -1.982 -1 -2.226 -1 128
-2.104 -1 -1.606 -1 -2.152 -1 -2.35 -1 226
-2.251 -1 -1.732 -1 -2.256 -1 -2.454 -1 224
-2.355 -1 -1.826 -1 -2.106 -1 -2.336 -1 126
-2.221 -1 -1.704 -1 -1.87 -1 -2.138 -1 61
-2.004 -1 -1.58 -1 -1.662 -1 -1.834 -1 32
-1.748 -1 -1.38 -1 -1.534 -1 -1.746 -1 44
-1.64 -1 -1.286 -1 -1.774 -1 -1.924 -1 183
-1.849 -1 -1.36 -1 -1.758 -1 -1.972 -1 145
-1.865 -1 -1.428 -1 -1.646 -1 -1.854 -1 71
-1.75 -1 -1.338 -1 -1.954 -1 -2.21 -1 231
-2.082 -1 -1.576 -1 -1.896 -1 -2.148 -1 116
-2.022 -1 -1.5 -1 -1.992 -1 -2.224 -1 209
-2.108 -1 -1.598 -1 -1.844 -1 -2.016 -1 103
-1.93 -1 -1.462 -1 -2.044 -1 -2.236 -1 240
-2.14 -1 -1.618 -1 -1.974 -1 -2.22 -1 144
-2.097 -1 -1.626 -1 -1.698 -1 -1.936 -1 18
-1.817 -1 -1.378 -1 -1.658 -1 -1.874 -1 99
-1.766 -1 -1.368 -1 -1.428 -1 -1.602 -1 18
-1.515 -1 -1.208 -1 -1.75 -1 -1.968 -1 189
-1.859 -1 -1.374 -1 -1.746 -1 -1.916 -1 124
-1.831 -1 -1.396 -1 -1.882 -1 -2.094 -1 173
-1.988 -1 -1.494 -1 -1.632 -1 -1.776 -1 55
-1.704 -1 -1.348 -1 -1.87 -1 -2.12 -1 184
-1.995 -1 -1.526 -1 -1.878 -1 -2.064 -1 154
-1.971 -1 -1.506 -1 -1.53 -1 -1.764 -1 10
-1.647 -1 -1.312 -1 -1.536 -1 -1.702 -1 75
-1.619 -1 -1.234 -1 -1.716 -1 -1.894 -1 184
-1.805 -1 -1.352 -1 -1.526 -1 -1.694 -1 64
-1.61 -1 -1.246 -1 -1.582 -1 -1.716 -1 108
-1.649 -1 -1.272 -1 -1.886 -1 -2.074 -1 226
-1.98 -1 -1.502 -1 -1.856 -1 -2.086 -1 126
-1.971 -1 -1.486 -1 -1.804 -1 -1.96 -1 119
-1.882 -1 -1.448 -1 -1.996 -1 -2.196 -1 223
-2.096 -1 -1.604 -1 -1.852 -1 -2.018 -1 91
-1.935 -1 -1.47 -1 -1.672 -1 -1.87 -1 72
-1.771 -1 -1.378 -1 -1.886 -1 -2.046 -1 157
-1.966 -1 -1.472 -1 -1.676 -1 -1.866 -1 73
-1.771 -1 -1.368 -1 -1.556 -1 -1.768 -1 82
-1.662 -1 -1.308 -1 -1.514 -1 -1.678 -1 59
-1.596 -1 -1.264 -1 -1.772 -1 -1.932 -1 167
-1.852 -1 -1.354 -1 -1.886 -1 -2.018 -1 204
-1.952 -1 -1.476 -1 -1.754 -1 -1.934 -1 101
-1.844 -1 -1.418 -1 -1.448 -1 -1.66 -1 7
-1.554 -1 -1.232 -1 -1.862 -1 -2.056 -1 236
-1.959 -1 -1.494 -1 -1.78 -1 -1.91 -1 97
-1.845 -1 -1.406 -1 -1.624 -1 -1.788 -1 70
-1.706 -1 -1.352 -1 -1.422 -1 -1.556 -1 23
-1.489 -1 -1.176 -1 -1.35 -1 -1.478 -1 56
-1.414 -1 -1.154 -1 -1.424 -1 -1.594 -1 89
-1.509 -1 -1.178 -1 -1.654 -1 -1.826 -1 153
-1.74 -1 -1.294 -1 -1.364 -1 -1.54 -1 25
-1.452 -1 -1.168 -1 -1.872 -1 -2.044 -1 219
-1.958 -1 -1.434 -1 -1.44 -1 -1.578 -1 2
-1.509 -1 -1.2 -1 -1.764 -1 -1.93 -1 204
-1.847 -1 -1.376 -1 -1.97 -1 -2.158 -1 223
-2.064 -1 -1.548 -1 -2.15 -1 -2.32 -1 231
-2.235 -1 -1.666 -1 -2.096 -1 -2.288 -1 205
-2.192 -1 -1.702 -1 -1.74 -1 -1.964 -1 15
-1.852 -1 -1.442 -1 -1.902 -1 -2.132 -1 182
-2.017 -1 -1.54 -1 -1.644 -1 -1.884 -1 34
-1.764 -1 -1.338 -1 -1.338 -1 -1.502 -1 0
-1.42 -1 -1.158 -1 -1.522 -1 -1.662 -1 125
-1.592 -1 -1.2 -1 -1.764 -1 -1.964 -1 197
-1.864 -1 -1.44 -1 -1.758 -1 -1.99 -1 117
-1.874 -1 -1.412 -1 -1.682 -1 -1.872 -1 106
-1.777 -1 -1.374 -1 -1.802 -1 -2.034 -1 140
-1.918 -1 -1.488 -1 -1.794 -1 -2 -1 114
-1.897 -1 -1.44 -1 -1.746 -1 -1.922 -1 107
-1.834 -1 -1.444 -1 -1.698 -1 -1.916 -1 98
-1.807 -1 -1.364 -1 -1.49 -1 -1.66 -1 43
-1.575 -1 -1.204 -1 -1.45 -1 -1.596 -1 86
-1.523 -1 -1.226 -1 -1.6 -1 -1.794 -1 130
-1.697 -1 -1.326 -1 -1.644 -1 -1.852 -1 114
-1.748 -1 -1.324 -1 -1.334 -1 -1.448 -1 3
-1.391 -1 -1.13 -1 -1.504 -1 -1.662 -1 107
-1.583 -1 -1.206 -1 -1.69 -1 -1.836 -1 161
-1.763 -1 -1.364 -1 -1.704 -1 -1.832 -1 123
-1.768 -1 -1.358 -1 -1.932 -1 -2.128 -1 246
-2.03 -1 -1.54 -1 -1.892 -1 -2.122 -1 145
-2.007 -1 -1.498 -1 -1.856 -1 -2.016 -1 144
-1.936 -1 -1.45 -1 -1.714 -1 -1.868 -1 99
-1.791 -1 -1.33 -1 -1.43 -1 -1.58 -1 29
-1.505 -1 -1.184 -1 -1.368 -1 -1.506 -1 52
-1.437 -1 -1.17 -1 -1.274 -1 -1.388 -1 37
-1.331 -1 -1.094 -1 -1.148 -1 -1.2 -1 11
-1.174 -1 -1.046 -1 -1.332 -1 -1.476 -1 93
-1.404 -1 -1.136 -1 -1.338 -1 -1.492 -1 55
-1.415 -1 -1.126 -1 -1.366 -1 -1.472 -1 72
-1.419 -1 -1.148 -1 -1.41 -1 -1.54 -1 81
-1.475 -1 -1.164 -1 -1.714 -1 -1.85 -1 178
-1.782 -1 -1.29 -1 -1.92 -1 -2.08 -1 244
-2 -1 -1.504 -1 -1.6 -1 -1.726 -1 31
-1.663 -1 -1.3 -1 -1.916 -1 -2.082 -1 231
-1.999 -1 -1.462 -1 -2.07 -1 -2.3 -1 222
-2.185 -1 -1.596 -1 -1.638 -1 -1.834 -1 15
-1.736 -1 -1.316 -1 -1.428 -1 -1.546 -1 37
-1.487 -1 -1.18 -1 -1.44 -1 -1.592 -1 88
-1.516 -1 -1.186 -1 -1.424 -1 -1.59 -1 68
-1.507 -1 -1.166 -1 -1.556 -1 -1.718 -1 126
-1.637 -1 -1.264 -1 -1.43 -1 -1.576 -1 53
-1.503 -1 -1.158 -1 -1.772 -1 -1.888 -1 207
-1.83 -1 -1.336 -1 -1.534 -1 -1.678 -1 73
-1.606 -1 -1.234 -1 -1.64 -1 -1.812 -1 135
-1.726 -1 -1.3 -1 -1.852 -1 -1.996 -1 211
-1.924 -1 -1.454 -1 -1.948 -1 -2.118 -1 185
-2.033 -1 -1.488 -1 -1.522 -1 -1.68 -1 11
-1.601 -1 -1.246 -1 -1.454 -1 -1.556 -1 63
-1.505 -1 -1.174 -1 -1.84 -1 -2.038 -1 217
-1.939 -1 -1.444 -1 -1.726 -1 -1.88 -1 96
-1.803 -1 -1.38 -1 -1.882 -1 -2.078 -1 190
-1.98 -1 -1.462 -1 -2.042 -1 -2.216 -1 221
-2.129 -1 -1.602 -1 -1.772 -1 -1.962 -1 76
-1.867 -1 -1.412 -1 -1.44 -1 -1.576 -1 9
-1.508 -1 -1.2 -1 -1.714 -1 -1.954 -1 179
-1.834 -1 -1.394 -1 -1.878 -1 -2.122 -1 193
-2 -1 -1.482 -1 -1.644 -1 -1.806 -1 62
-1.725 -1 -1.354 -1 -1.712 -1 -1.858 -1 126
-1.785 -1 -1.356 -1 -1.522 -1 -1.684 -1 44
-1.603 -1 -1.234 -1 -1.618 -1 -1.828 -1 115
-1.723 -1 -1.316 -1 -1.452 -1 -1.602 -1 47
-1.527 -1 -1.212 -1 -1.616 -1 -1.832 -1 144
-1.724 -1 -1.328 -1 -1.932 -1 -2.108 -1 220
-2.02 -1 -1.492 -1 -1.96 -1 -2.164 -1 189
-2.062 -1 -1.548 -1 -1.926 -1 -2.138 -1 154
-2.032 -1 -1.55 -1 -2.068 -1 -2.256 -1 234
-2.162 -1 -1.648 -1 -2.144 -1 -2.368 -1 209
-2.256 -1 -1.744 -1 -2.2 -1 -2.386 -1 223
-2.293 -1 -1.742 -1 -2.016 -1 -2.29 -1 107
-2.153 -1 -1.666 -1 -1.756 -1 -1.978 -1 21
-1.867 -1 -1.436 -1 -1.752 -1 -1.942 -1 105
-1.847 -1 -1.428 -1 -1.804 -1 -2.048 -1 164
-1.926 -1 -1.494 -1 -1.55 -1 -1.694 -1 22
-1.622 -1 -1.302 -1 -1.554 -1 -1.772 -1 98
-1.663 -1 -1.29 -1 -1.394 -1 -1.546 -1 32
-1.47 -1 -1.18 -1 -1.512 -1 -1.662 -1 98
-1.587 -1 -1.23 -1 -1.698 -1 -1.828 -1 152
-1.763 -1 -1.334 -1 -1.34 -1 -1.424 -1 2
-1.382 -1 -1.126 -1 -1.622 -1 -1.77 -1 155
-1.696 -1 -1.278 -1 -1.834 -1 -1.972 -1 201
-1.903 -1 -1.42 -1 -2.046 -1 -2.216 -1 236
-2.131 -1 -1.57 -1 -1.85 -1 -2.04 -1 117
-1.945 -1 -1.436 -1 -1.68 -1 -1.832 -1 89
-1.756 -1 -1.354 -1 -1.354 -1 -1.512 -1 0
-1.433 -1 -1.164 -1 -1.77 -1 -1.892 -1 206
-1.831 -1 -1.342 -1 -1.746 -1 -1.918 -1 148
-1.832 -1 -1.432 -1 -1.56 -1 -1.728 -1 45
-1.644 -1 -1.282 -1 -1.638 -1 -1.824 -1 142
-1.731 -1 -1.276 -1 -1.366 -1 -1.562 -1 31
-1.464 -1 -1.176 -1 -1.23 -1 -1.346 -1 14
-1.288 -1 -1.07 -1 -1.348 -1 -1.444 -1 83
-1.396 -1 -1.114 -1 -1.542 -1 -1.744 -1 144
-1.643 -1 -1.254 -1 -1.632 -1 -1.78 -1 126
-1.706 -1 -1.28 -1 -1.69 -1 -1.878 -1 155
-1.784 -1 -1.394 -1 -1.674 -1 -1.826 -1 87
-1.75 -1 -1.35 -1 -1.894 -1 -2.124 -1 230
-2.009 -1 -1.504 -1 -1.628 -1 -1.8 -1 36
-1.714 -1 -1.304 -1 -1.304 -1 -1.456 -1 0
-1.38 -1 -1.132 -1 -1.542 -1 -1.694 -1 142
-1.618 -1 -1.236 -1 -1.55 -1 -1.724 -1 96
-1.637 -1 -1.288 -1 -1.502 -1 -1.638 -1 78
-1.57 -1 -1.228 -1 -1.652 -1 -1.84 -1 153
-1.746 -1 -1.344 -1 -1.972 -1 -2.156 -1 217
-2.064 -1 -1.534 -1 -1.602 -1 -1.748 -1 24
-1.675 -1 -1.254 -1 -1.786 -1 -1.956 -1 202
-1.871 -1 -1.388 -1 -1.956 -1 -2.19 -1 228
-2.073 -1 -1.552 -1 -2.016 -1 -2.164 -1 186
-2.09 -1 -1.596 -1 -1.786 -1 -2.018 -1 75
-1.902 -1 -1.44 -1 -1.614 -1 -1.822 -1 60
-1.718 -1 -1.366 -1 -1.94 -1 -2.116 -1 221
-2.028 -1 -1.554 -1 -1.922 -1 -2.144 -1 152
-2.033 -1 -1.538 -1 -1.616 -1 -1.768 -1 30
-1.692 -1 -1.346 -1 -1.94 -1 -2.126 -1 232
-2.033 -1 -1.534 -1 -1.776 -1 -2.062 -1 103
-1.919 -1 -1.446 -1 -1.694 -1 -1.87 -1 88
-1.782 -1 -1.356 -1 -2.02 -1 -2.202 -1 239
-2.111 -1 -1.586 -1 -1.742 -1 -1.95 -1 61
-1.846 -1 -1.466 -1 -1.92 -1 -2.118 -1 161
-2.019 -1 -1.52 -1 -2.08 -1 -2.316 -1 233
-2.198 -1 -1.644 -1 -1.768 -1 -2.022 -1 40
-1.895 -1 -1.442 -1 -1.898 -1 -2.11 -1 167
-2.004 -1 -1.504 -1 -2.018 -1 -2.236 -1 205
-2.127 -1 -1.634 -1 -1.882 -1 -2.084 -1 102
-1.983 -1 -1.496 -1 -1.626 -1 -1.804 -1 62
-1.715 -1 -1.35 -1 -1.518 -1 -1.762 -1 57
-1.64 -1 -1.274 -1 -1.698 -1 -1.86 -1 135
-1.779 -1 -1.336 -1 -1.516 -1 -1.682 -1 58
-1.599 -1 -1.228 -1 -1.606 -1 -1.818 -1 127
-1.712 -1 -1.282 -1 -1.422 -1 -1.542 -1 42
-1.482 -1 -1.192 -1 -1.88 -1 -2.082 -1 244
-1.981 -1 -1.484 -1 -1.596 -1 -1.76 -1 38
-1.678 -1 -1.322 -1 -1.524 -1 -1.694 -1 80
-1.609 -1 -1.256 -1 -1.31 -1 -1.466 -1 20
-1.388 -1 -1.108 -1 -1.572 -1 -1.728 -1 137
-1.65 -1 -1.248 -1 -1.68 -1 -1.84 -1 143
-1.76 -1 -1.314 -1 -1.83 -1 -1.984 -1 185
-1.907 -1 -1.42 -1 -1.946 -1 -2.156 -1 187
-2.051 -1 -1.52 -1 -2.04 -1 -2.254 -1 213
-2.147 -1 -1.574 -1 -1.646 -1 -1.844 -1 27
-1.745 -1 -1.326 -1 -1.552 -1 -1.716 -1 84
-1.634 -1 -1.256 -1 -1.62 -1 -1.84 -1 129
-1.73 -1 -1.314 -1 -1.782 -1 -2 -1 162
-1.891 -1 -1.442 -1 -1.794 -1 -1.992 -1 139
-1.893 -1 -1.45 -1 -1.69 -1 -1.884 -1 84
-1.787 -1 -1.394 -1 -1.514 -1 -1.622 -1 35
-1.568 -1 -1.22 -1 -1.416 -1 -1.542 -1 58
-1.479 -1 -1.19 -1 -1.212 -1 -1.286 -1 5
-1.249 -1 -1.062 -1 -1.548 -1 -1.696 -1 153
-1.622 -1 -1.226 -1 -1.226 -1 -1.322 -1 0
-1.274 -1 -1.092 -1 -1.658 -1 -1.81 -1 188
-1.734 -1 -1.298 -1 -1.796 -1 -1.99 -1 160
-1.893 -1 -1.396 -1 -1.836 -1 -2.046 -1 147
-1.941 -1 -1.444 -1 -1.944 -1 -2.164 -1 205
-2.054 -1 -1.522 -1 -1.912 -1 -2.132 -1 142
-2.022 -1 -1.496 -1 -1.72 -1 -1.94 -1 84
-1.83 -1 -1.39 -1 -1.42 -1 -1.59 -1 10
-1.505 -1 -1.24 -1 -1.308 -1 -1.43 -1 16
-1.369 -1 -1.14 -1 -1.498 -1 -1.676 -1 127
-1.587 -1 -1.228 -1 -1.77 -1 -1.9 -1 173
-1.835 -1 -1.374 -1 -1.558 -1 -1.694 -1 65
-1.626 -1 -1.244 -1 -1.39 -1 -1.55 -1 60
-1.47 -1 -1.172 -1 -1.42 -1 -1.52 -1 80
-1.47 -1 -1.166 -1 -1.476 -1 -1.608 -1 109
-1.542 -1 -1.194 -1 -1.754 -1 -1.938 -1 186
-1.846 -1 -1.392 -1 -1.834 -1 -2.01 -1 165
-1.922 -1 -1.448 -1 -1.96 -1 -2.146 -1 235
-2.053 -1 -1.56 -1 -1.976 -1 -2.132 -1 170
-2.054 -1 -1.536 -1 -1.618 -1 -1.798 -1 29
-1.708 -1 -1.342 -1 -1.462 -1 -1.66 -1 40
-1.561 -1 -1.192 -1 -1.278 -1 -1.404 -1 23
-1.341 -1 -1.116 -1 -1.444 -1 -1.612 -1 105
-1.528 -1 -1.172 -1 -1.71 -1 -1.864 -1 169
-1.787 -1 -1.382 -1 -1.962 -1 -2.17 -1 228
-2.066 -1 -1.556 -1 -2.064 -1 -2.236 -1 192
-2.15 -1 -1.612 -1 -2.048 -1 -2.238 -1 177
-2.143 -1 -1.632 -1 -1.76 -1 -2.026 -1 62
-1.893 -1 -1.452 -1 -1.814 -1 -2.02 -1 131
-1.917 -1 -1.444 -1 -1.738 -1 -1.918 -1 120
-1.828 -1 -1.372 -1 -1.436 -1 -1.562 -1 22
-1.499 -1 -1.186 -1 -1.664 -1 -1.836 -1 149
-1.75 -1 -1.33 -1 -1.972 -1 -2.196 -1 240
-2.084 -1 -1.52 -1 -1.916 -1 -2.13 -1 153
-2.023 -1 -1.494 -1 -2.024 -1 -2.202 -1 202
-2.113 -1 -1.594 -1 -2.11 -1 -2.314 -1 200
-2.212 -1 -1.674 -1 -1.702 -1 -1.9 -1 8
-1.801 -1 -1.426 -1 -2.01 -1 -2.162 -1 237
-2.086 -1 -1.562 -1 -2.154 -1 -2.374 -1 237
-2.264 -1 -1.752 -1 -1.834 -1 -2.056 -1 27
-1.945 -1 -1.506 -1 -2.026 -1 -2.19 -1 223
-2.108 -1 -1.634 -1 -2.134 -1 -2.404 -1 221
-2.269 -1 -1.766 -1 -1.912 -1 -2.164 -1 59
-2.038 -1 -1.608 -1 -2.172 -1 -2.35 -1 241
-2.261 -1 -1.694 -1 -2.252 -1 -2.492 -1 241
-2.372 -1 -1.83 -1 -1.962 -1 -2.234 -1 68
-2.098 -1 -1.608 -1 -1.788 -1 -1.962 -1 72
-1.875 -1 -1.49 -1 -1.612 -1 -1.776 -1 53
-1.694 -1 -1.372 -1 -2.016 -1 -2.246 -1 224
-2.131 -1 -1.54 -1 -1.6 -1 -1.75 -1 20
-1.675 -1 -1.32 -1 -1.588 -1 -1.798 -1 94
-1.693 -1 -1.3 -1 -1.336 -1 -1.464 -1 11
-1.4 -1 -1.122 -1 -1.584 -1 -1.758 -1 144
-1.671 -1 -1.302 -1 -1.938 -1 -2.152 -1 240
-2.045 -1 -1.536 -1 -2.102 -1 -2.328 -1 229
-2.215 -1 -1.668 -1 -1.9 -1 -2.104 -1 104
-2.002 -1 -1.532 -1 -1.994 -1 -2.25 -1 179
-2.122 -1 -1.594 -1 -2.172 -1 -2.38 -1 222
-2.276 -1 -1.726 -1 -2.01 -1 -2.258 -1 113
-2.134 -1 -1.656 -1 -1.988 -1 -2.182 -1 120
-2.085 -1 -1.56 -1 -1.628 -1 -1.832 -1 31
-1.73 -1 -1.362 -1 -1.812 -1 -1.994 -1 162
-1.903 -1 -1.452 -1 -1.794 -1 -1.992 -1 116
-1.893 -1 -1.47 -1 -1.608 -1 -1.832 -1 41
-1.72 -1 -1.332 -1 -1.78 -1 -1.99 -1 153
-1.885 -1 -1.388 -1 -1.762 -1 -2.002 -1 128
-1.882 -1 -1.424 -1 -1.918 -1 -2.116 -1 177
-2.017 -1 -1.518 -1 -1.536 -1 -1.69 -1 4
-1.613 -1 -1.258 -1 -1.596 -1 -1.838 -1 110
-1.717 -1 -1.318 -1 -1.816 -1 -1.998 -1 179
-1.907 -1 -1.426 -1 -1.678 -1 -1.884 -1 93
-1.781 -1 -1.368 -1 -1.368 -1 -1.51 -1 0
-1.439 -1 -1.158 -1 -1.352 -1 -1.476 -1 54
-1.414 -1 -1.13 -1 -1.84 -1 -2.018 -1 238
-1.929 -1 -1.426 -1 -1.99 -1 -2.278 -1 238
-2.134 -1 -1.588 -1 -2.14 -1 -2.306 -1 227
-2.223 -1 -1.704 -1 -1.742 -1 -1.93 -1 11
-1.836 -1 -1.394 -1 -1.678 -1 -1.896 -1 109
-1.787 -1 -1.38 -1 -1.98 -1 -2.23 -1 215
-2.105 -1 -1.594 -1 -1.762 -1 -1.996 -1 63
-1.879 -1 -1.456 -1 -1.506 -1 -1.684 -1 15
-1.595 -1 -1.276 -1 -1.926 -1 -2.134 -1 230
-2.03 -1 -1.528 -1 -1.882 -1 -2.082 -1 171
-1.982 -1 -1.504 -1 -1.996 -1 -2.192 -1 195
-2.094 -1 -1.566 -1 -1.884 -1 -2.182 -1 123
-2.033 -1 -1.524 -1 -2.028 -1 -2.25 -1 220
-2.139 -1 -1.66 -1 -1.718 -1 -1.988 0 19
