10 1000 0.5 9 163 0 0 0 0
-3.749 -1 -3.232 -1 -3.338 -1 -3.494 -2 194
-3.416 -1 -2.944 -1 -3.09 -1 -3.41 -2 153
-3.25 -1 -2.834 -1 -3.068 -1 -3.386 -1 232
-3.227 -1 -2.752 -1 -2.818 -1 -3.188 -1 65
-3.003 -1 -2.622 -1 -2.786 -1 -3.218 -1 123
-3.002 -1 -2.584 -1 -2.84 -1 -3.234 -1 198
-3.037 -1 -2.576 -1 -2.822 -1 -3.206 -1 163
-3.014 -1 -2.574 -1 -2.754 -1 -3.224 -2 140
-2.989 -1 -2.536 -1 -2.684 -1 -3.106 -1 96
-2.895 -1 -2.522 -1 -2.706 -1 -3.186 -1 132
-2.946 -1 -2.532 -1 -2.564 -1 -3.124 -1 25
-2.844 -1 -2.502 -1 -2.54 -1 -3.066 -1 26
-2.803 -1 -2.448 -1 -2.564 -1 -3.062 -1 86
-2.813 -1 -2.442 -1 -2.524 -1 -3.074 -1 60
-2.799 -1 -2.434 -1 -2.556 -1 -3.05 -1 96
-2.803 -1 -2.41 -1 -2.676 -1 -3.12 -1 155
-2.898 -1 -2.456 -1 -2.538 -1 -3.044 -1 51
-2.791 -1 -2.414 -1 -2.63 -1 -3.062 -1 145
-2.846 -1 -2.436 -1 -2.73 -1 -3.17 -1 210
-2.95 -1 -2.514 -1 -2.8 -1 -3.184 -1 177
-2.992 -1 -2.542 -1 -2.632 -1 -3.096 -2 67
-2.864 -1 -2.458 -1 -2.704 -1 -3.128 -1 176
-2.916 -1 -2.488 -1 -2.488 -1 -3.034 -1 0
-2.761 -1 -2.418 -1 -2.532 -1 -2.992 -1 72
-2.762 -1 -2.392 -1 -2.772 -1 -3.178 -1 246
-2.975 -1 -2.544 -1 -2.862 -1 -3.13 -1 225
-2.996 -1 -2.572 -1 -2.59 -1 -3.026 -1 7
-2.808 -1 -2.428 -1 -2.532 -1 -3.04 -1 57
-2.786 -1 -2.384 -1 -2.48 -1 -2.976 -1 56
-2.728 -1 -2.366 -1 -2.668 -1 -3.094 -1 200
-2.881 -1 -2.462 -1 -2.516 -1 -2.936 -1 38
-2.726 -1 -2.366 -1 -2.726 -1 -3.042 -1 194
-2.884 -1 -2.448 -1 -2.534 -1 -3.038 -1 54
-2.786 -1 -2.416 -1 -2.63 -1 -3.042 -1 148
-2.836 -1 -2.422 -1 -2.612 -1 -3.006 -1 111
-2.809 -1 -2.412 -1 -2.536 -1 -3.006 -1 69
-2.771 -1 -2.358 -1 -2.566 -1 -3.056 -1 144
-2.811 -1 -2.408 -1 -2.558 -1 -3.062 -1 105
-2.81 -1 -2.398 -1 -2.492 -1 -2.958 -1 60
-2.725 -1 -2.358 -1 -2.506 -1 -2.998 -1 99
-2.752 -1 -2.354 -1 -2.666 -1 -3.086 -1 201
-2.876 -1 -2.412 -1 -2.672 -1 -3.046 -1 174
-2.859 -1 -2.454 -1 -2.838 -1 -3.166 -1 243
-3.002 -1 -2.518 -1 -2.79 -1 -3.148 -1 235
-2.969 -1 -2.528 -1 -2.894 -1 -3.236 -1 244
-3.065 -1 -2.632 -1 -2.92 -1 -3.23 -1 220
-3.075 -1 -2.61 -1 -2.682 -1 -3.074 -1 32
-2.878 -1 -2.504 -1 -2.78 -1 -3.132 -1 183
-2.956 -1 -2.502 -1 -2.76 -1 -3.158 -1 173
-2.959 -1 -2.526 -1 -2.642 -1 -3.11 -1 87
-2.876 -1 -2.484 -1 -2.622 -1 -3.052 -1 92
-2.837 -1 -2.428 -1 -2.66 -1 -3.1 -1 176
-2.88 -1 -2.458 -1 -2.576 -1 -3.028 -1 68
-2.802 -1 -2.412 -1 -2.676 -1 -3.146 -1 130
-2.911 -1 -2.474 -1 -2.672 -1 -3.17 -1 119
-2.921 -1 -2.494 -1 -2.498 -1 -3.048 -1 6
-2.773 -1 -2.41 -1 -2.686 -1 -3.076 -1 229
-2.881 -1 -2.448 -1 -2.69 -1 -3.144 -1 176
-2.917 -1 -2.458 -1 -2.538 -1 -2.956 -1 68
-2.747 -1 -2.348 -1 -2.632 -1 -3 -1 199
-2.816 -1 -2.43 -1 -2.612 -1 -3.002 -1 120
-2.807 -1 -2.382 -1 -2.386 -1 -2.89 -1 1
-2.638 -1 -2.294 -1 -2.576 -1 -2.998 -1 173
-2.787 -1 -2.356 -1 -2.676 -1 -3.042 -1 211
-2.859 -1 -2.4 -1 -2.596 -1 -3.076 -1 132
-2.836 -1 -2.376 -1 -2.526 -1 -2.97 -1 130
-2.748 -1 -2.358 -1 -2.604 -1 -3.04 -1 160
-2.822 -1 -2.408 -1 -2.584 -1 -3.024 -1 128
-2.804 -1 -2.346 -1 -2.474 -1 -2.994 -1 78
-2.734 -1 -2.326 -1 -2.612 -1 -3.052 -1 160
-2.832 -1 -2.414 -1 -2.606 -1 -3.01 -1 123
-2.808 -1 -2.384 -1 -2.618 -1 -3.048 -1 140
-2.833 -1 -2.422 -1 -2.492 -1 -3.01 -1 41
-2.751 -1 -2.376 -1 -2.724 -1 -3.134 -1 228
-2.929 -1 -2.458 -1 -2.752 -1 -3.126 -1 182
-2.939 -1 -2.47 -1 -2.596 -1 -3.06 -1 85
-2.828 -1 -2.422 -1 -2.718 -1 -3.122 -1 206
-2.92 -1 -2.5 -1 -2.776 -1 -3.09 -1 172
-2.933 -1 -2.486 -1 -2.6 -1 -2.968 -1 72
-2.784 -1 -2.378 -1 -2.746 -1 -3.086 -1 210
-2.916 -1 -2.48 -1 -2.524 -1 -3.022 -1 29
-2.773 -1 -2.398 -1 -2.45 -1 -2.85 -1 31
-2.65 -1 -2.284 -1 -2.592 -1 -3.022 -1 223
-2.807 -1 -2.398 -1 -2.704 -1 -3.1 -1 201
-2.902 -1 -2.452 -1 -2.488 -1 -2.954 -1 17
-2.721 -1 -2.35 -1 -2.502 -1 -3.01 -1 114
-2.756 -1 -2.37 -1 -2.764 -1 -3.082 -1 225
-2.923 -1 -2.482 -1 -2.8 -1 -3.128 -1 238
-2.964 -1 -2.494 -1 -2.622 -1 -3.046 -1 84
-2.834 -1 -2.416 -1 -2.668 -1 -3.006 -1 173
-2.837 -1 -2.422 -1 -2.504 -1 -2.988 -1 46
-2.746 -1 -2.358 -1 -2.422 -1 -2.954 -1 47
-2.688 -1 -2.318 -1 -2.684 -1 -3.164 -1 243
-2.924 -1 -2.446 -1 -2.564 -1 -3.054 -1 100
-2.809 -1 -2.398 -1 -2.632 -1 -3.006 -1 154
-2.819 -1 -2.404 -1 -2.524 -1 -2.942 -1 98
-2.733 -1 -2.354 -1 -2.546 -1 -2.99 -1 124
-2.768 -1 -2.32 -1 -2.562 -1 -3.04 -1 165
-2.801 -1 -2.352 -1 -2.744 -1 -3.106 -1 224
-2.925 -1 -2.436 -1 -2.746 -1 -3.146 -1 232
-2.946 -1 -2.478 -1 -2.514 -1 -3.022 -1 44
-2.768 -1 -2.392 -1 -2.746 -1 -3.15 -1 227
-2.948 -1 -2.48 -1 -2.712 -1 -3.132 -1 204
-2.922 -1 -2.502 -1 -2.522 -1 -2.992 -1 14
-2.757 -1 -2.396 -1 -2.504 -1 -2.986 -1 65
-2.745 -1 -2.37 -1 -2.676 -1 -3.094 -1 172
-2.885 -1 -2.472 -1 -2.748 -1 -3.176 -1 213
-2.962 -1 -2.482 -1 -2.574 -1 -3.11 -1 54
-2.842 -1 -2.408 -1 -2.658 -1 -3.068 -1 146
-2.863 -1 -2.398 -1 -2.434 -1 -3.02 -1 25
-2.727 -1 -2.326 -1 -2.698 -1 -3.112 -1 248
-2.905 -1 -2.436 -1 -2.612 -1 -3.038 -1 116
-2.825 -1 -2.408 -1 -2.626 -1 -3.014 -1 145
-2.82 -1 -2.384 -1 -2.422 -1 -2.894 -1 17
-2.658 -1 -2.29 -1 -2.322 -1 -2.866 -1 19
-2.594 -1 -2.232 -1 -2.464 -1 -2.91 -1 142
-2.687 -1 -2.272 -1 -2.636 -1 -3.058 -1 235
-2.847 -1 -2.364 -1 -2.61 -1 -3.04 -1 143
-2.825 -1 -2.378 -1 -2.648 -1 -3.01 -1 171
-2.829 -1 -2.382 -1 -2.704 -1 -3.162 -1 217
-2.933 -1 -2.476 -1 -2.568 -1 -2.95 -1 61
-2.759 -1 -2.346 -1 -2.47 -1 -2.934 -1 79
-2.702 -1 -2.294 -1 -2.676 -1 -3.108 -1 204
-2.892 -1 -2.438 -1 -2.768 -1 -3.178 -1 249
-2.973 -1 -2.498 -1 -2.498 -1 -2.964 -1 2
-2.731 -1 -2.376 -1 -2.412 -1 -2.902 -1 14
-2.657 -1 -2.268 -1 -2.304 -1 -2.848 -1 17
-2.576 -1 -2.21 -1 -2.462 -1 -2.972 -1 140
-2.717 -1 -2.296 -1 -2.408 -1 -2.892 -1 81
-2.65 -1 -2.286 -1 -2.372 -1 -2.914 -1 56
-2.643 -1 -2.242 -1 -2.386 -1 -2.864 -1 94
-2.625 -1 -2.248 -1 -2.384 -1 -2.832 -1 73
-2.608 -1 -2.226 -1 -2.472 -1 -2.982 -1 140
-2.727 -1 -2.282 -1 -2.436 -1 -2.856 -1 83
-2.646 -1 -2.248 -1 -2.486 -1 -2.918 -1 152
-2.702 -1 -2.318 -1 -2.516 -1 -2.962 -1 144
-2.739 -1 -2.31 -1 -2.328 -1 -2.824 -1 13
-2.576 -1 -2.204 -1 -2.326 -1 -2.768 -1 63
-2.547 -1 -2.154 -1 -2.45 -1 -2.896 -1 159
-2.673 -1 -2.232 -1 -2.288 -1 -2.81 -1 31
-2.549 -1 -2.182 -1 -2.25 -1 -2.77 -1 28
-2.51 -1 -2.136 -1 -2.258 -1 -2.79 -1 62
-2.524 -1 -2.14 -1 -2.486 -1 -2.84 -1 195
-2.663 -1 -2.19 -1 -2.482 -1 -2.902 -1 151
-2.692 -1 -2.25 -1 -2.52 -1 -2.846 -1 145
-2.683 -1 -2.232 -1 -2.462 -1 -2.92 -1 136
-2.691 -1 -2.258 -1 -2.342 -1 -2.768 -1 37
-2.555 -1 -2.152 -1 -2.516 -1 -2.91 -1 193
-2.713 -1 -2.242 -1 -2.354 -1 -2.84 -1 63
-2.597 -1 -2.174 -1 -2.44 -1 -2.936 -1 135
-2.688 -1 -2.258 -1 -2.374 -1 -2.81 -1 61
-2.592 -1 -2.178 -1 -2.56 -1 -2.994 -1 191
-2.777 -1 -2.274 -1 -2.574 -1 -2.992 -1 206
-2.783 -1 -2.3 -1 -2.372 -1 -2.88 -1 32
-2.626 -1 -2.222 -1 -2.434 -1 -2.796 -1 99
-2.615 -1 -2.17 -1 -2.6 -1 -2.938 -1 245
-2.769 -1 -2.31 -1 -2.668 -1 -2.96 -1 233
-2.814 -1 -2.354 -1 -2.61 -1 -2.916 -1 147
-2.763 -1 -2.278 -1 -2.384 -1 -2.834 -1 69
-2.609 -1 -2.224 -1 -2.338 -1 -2.804 -1 54
-2.571 -1 -2.166 -1 -2.412 -1 -2.844 -1 113
-2.628 -1 -2.198 -1 -2.464 -1 -2.834 -1 144
-2.649 -1 -2.186 -1 -2.534 -1 -2.878 0 204
