8 1000 0.1 1 71 0 0 0 0
-3.437 -1 -3.334 -2 -3.34 -2 -3.442 -1 43
-3.391 -1 -3.236 -1 -3.236 -1 -3.388 -1 20
-3.312 -1 -3.174 -1 -3.168 -1 -3.35 -1 26
-3.259 -1 -3.168 -1 -3.168 -1 -3.344 -1 1
-3.256 -1 -3.11 -1 -3.112 -1 -3.22 -1 7
-3.166 -1 -2.994 -1 -3.012 -1 -3.208 -1 24
-3.11 -1 -2.996 -1 -3.004 -1 -3.218 -1 9
-3.111 -1 -2.956 -1 -2.972 -1 -3.168 -1 9
-3.07 -1 -2.948 -1 -2.96 -1 -3.166 -1 35
-3.063 -1 -2.884 -1 -2.914 -1 -3.082 -1 36
-2.998 -1 -2.9 -1 -2.934 -1 -3.098 -1 48
-3.016 -1 -2.846 -1 -2.914 -1 -3.13 -1 48
-3.022 -1 -2.882 -1 -2.904 -1 -3.08 -1 15
-2.992 -1 -2.85 -1 -2.882 -1 -3.04 -1 25
-2.961 -1 -2.846 -1 -2.858 -1 -3.028 -1 13
-2.943 -1 -2.826 -1 -2.856 -1 -3.11 -1 38
-2.983 -1 -2.846 -1 -2.852 -1 -3.062 -1 18
-2.957 -1 -2.812 -1 -2.814 -1 -2.958 -1 5
-2.886 -1 -2.736 -1 -2.752 -1 -2.97 -1 10
-2.861 -1 -2.736 -1 -2.756 -1 -3.016 -1 21
-2.886 -1 -2.76 -1 -2.778 -1 -2.978 -1 24
-2.878 -1 -2.754 -1 -2.786 -1 -2.966 -1 29
-2.876 -1 -2.738 -1 -2.778 -1 -3.028 -1 37
-2.903 -1 -2.744 -1 -2.756 -1 -2.99 -1 10
-2.873 -1 -2.706 -1 -2.712 -1 -2.974 -1 12
-2.843 -1 -2.726 -1 -2.728 -1 -2.964 -1 1
-2.846 -1 -2.744 -1 -2.744 -1 -2.97 -1 12
-2.857 -1 -2.734 -1 -2.748 -1 -2.982 -1 18
-2.865 -1 -2.726 -1 -2.74 -1 -3.03 -1 11
-2.885 -1 -2.764 -1 -2.778 -1 -2.972 -1 22
-2.875 -1 -2.786 -1 -2.804 -1 -3.028 -1 32
-2.916 -1 -2.822 -1 -2.844 -1 -3.004 -1 31
-2.924 -1 -2.782 -1 -2.812 -1 -3.032 -1 37
-2.922 -1 -2.858 -1 -2.874 -1 -3.048 -1 36
-2.961 -1 -2.832 -1 -2.836 -1 -3.018 -1 10
-2.927 -1 -2.808 -1 -2.838 -1 -2.994 -1 30
-2.916 -1 -2.858 -1 -2.892 -1 -3.038 -1 29
-2.965 -1 -2.824 -1 -2.82 -1 -3.022 -1 8
-2.921 -1 -2.802 -1 -2.808 -1 -3.014 -1 15
-2.911 -1 -2.726 -1 -2.73 -1 -2.894 -1 7
-2.812 -1 -2.704 -1 -2.74 -1 -2.968 -1 49
-2.854 -1 -2.768 -1 -2.798 -1 -2.994 -1 36
-2.896 -1 -2.764 -1 -2.786 -1 -3.022 -1 44
-2.904 -1 -2.756 -1 -2.766 -1 -3 -1 10
-2.883 -1 -2.724 -1 -2.724 -1 -2.906 -1 0
-2.815 -1 -2.636 -1 -2.682 -1 -2.946 -1 48
-2.814 -1 -2.682 -1 -2.706 -1 -2.954 -1 20
-2.83 -1 -2.66 -1 -2.654 -1 -2.906 -1 19
-2.78 -1 -2.618 -1 -2.628 -1 -2.862 -1 11
-2.745 -1 -2.63 -1 -2.66 -1 -2.916 -1 47
-2.788 -1 -2.636 -1 -2.672 -1 -2.846 -1 42
-2.759 -1 -2.666 -1 -2.716 -1 -2.874 -1 49
-2.795 -1 -2.646 -1 -2.686 -1 -2.906 -1 43
-2.796 -1 -2.616 -1 -2.662 -1 -2.89 -1 49
-2.776 -1 -2.636 -1 -2.678 -1 -2.894 -1 35
-2.786 -1 -2.666 -1 -2.704 -1 -2.93 -1 33
-2.817 -1 -2.692 -1 -2.708 -1 -2.928 -1 20
-2.818 -1 -2.66 -1 -2.678 -1 -2.938 -1 15
-2.808 -1 -2.696 -1 -2.692 -1 -2.946 -1 23
-2.819 -1 -2.72 -1 -2.736 -1 -2.896 -1 22
-2.816 -1 -2.696 -1 -2.718 -1 -2.924 -1 14
-2.821 -1 -2.704 -1 -2.72 -1 -2.892 -1 19
-2.806 -1 -2.676 -1 -2.692 -1 -2.954 -1 29
-2.823 -1 -2.706 -1 -2.748 -1 -2.992 -1 32
-2.87 -1 -2.74 -1 -2.766 -1 -2.914 -1 16
-2.84 -1 -2.752 -1 -2.786 -1 -2.92 -1 27
-2.853 -1 -2.71 -1 -2.726 -1 -2.898 -1 17
-2.812 -1 -2.67 -1 -2.672 -1 -2.908 -1 2
-2.79 -1 -2.662 -1 -2.668 -1 -2.904 -1 6
-2.786 -1 -2.63 -1 -2.686 -1 -2.874 -1 40
-2.78 -1 -2.61 -1 -2.662 -1 -2.88 0 45
