7 1000 0.6 7 23 0 0 0 0
-3.224 -1 -2.812 -1 -2.82 -1 -3.03 -1 71
-2.925 -1 -2.454 -1 -2.604 -1 -2.852 -1 180
-2.728 -1 -2.364 -1 -2.616 -1 -2.896 -1 285
-2.756 -1 -2.352 -1 -2.382 -1 -2.864 -1 35
-2.623 -1 -2.302 -1 -2.57 -1 -2.828 -1 291
-2.699 -1 -2.292 -1 -2.48 -1 -2.812 -1 162
-2.646 -1 -2.244 -1 -2.272 -1 -2.708 -1 28
-2.49 -1 -2.144 -1 -2.396 -1 -2.8 -1 229
-2.598 -1 -2.222 -1 -2.494 -1 -2.84 -1 252
-2.667 -1 -2.26 -1 -2.432 -1 -2.782 -1 145
-2.607 -1 -2.236 -1 -2.284 -1 -2.716 -1 49
-2.5 -1 -2.138 -1 -2.486 -1 -2.85 -1 299
-2.668 -1 -2.22 -1 -2.484 -1 -2.822 -1 218
-2.653 -1 -2.21 -1 -2.394 -1 -2.766 -1 154
-2.58 -1 -2.19 -1 -2.492 -1 -2.854 -1 275
-2.673 -1 -2.276 -1 -2.36 -1 -2.79 -1 72
-2.575 -1 -2.208 -1 -2.362 -1 -2.738 -1 163
-2.55 -1 -2.158 -1 -2.426 -1 -2.804 -1 264
-2.615 -1 -2.226 -1 -2.526 -1 -2.8 -1 259
-2.663 -1 -2.242 -1 -2.41 -1 -2.762 -1 181
-2.586 -1 -2.196 -1 -2.45 -1 -2.742 -1 219
-2.596 -1 -2.156 -1 -2.242 -1 -2.662 -1 78
-2.452 -1 -2.096 -1 -2.408 -1 -2.712 0 295
