7 1000 0.4 2 28 0 0 0 0
-3.266 -1 -3.03 -1 -3.082 -1 -3.134 -1 117
-3.108 -1 -2.866 -1 -2.866 -1 -3.088 -1 1
-2.977 -1 -2.718 -1 -2.798 -1 -3.052 -1 132
-2.925 -1 -2.752 -1 -2.818 -1 -3.048 -1 168
-2.933 -1 -2.67 -1 -2.734 -1 -3.026 -1 66
-2.88 -1 -2.67 -1 -2.69 -1 -2.9 -1 13
-2.795 -1 -2.56 -1 -2.654 -1 -2.894 -1 155
-2.774 -1 -2.554 -1 -2.714 -1 -2.944 -1 177
-2.829 -1 -2.548 -1 -2.626 -1 -2.86 -1 119
-2.743 -1 -2.53 -1 -2.536 -1 -2.83 -1 6
-2.683 -1 -2.434 -1 -2.53 -1 -2.806 -1 81
-2.668 -1 -2.428 -1 -2.534 -1 -2.874 -1 134
-2.704 -1 -2.452 -1 -2.466 -1 -2.844 -1 16
-2.655 -1 -2.442 -1 -2.448 -1 -2.762 -1 23
-2.605 -1 -2.38 -1 -2.386 -1 -2.676 -1 6
-2.531 -1 -2.278 -1 -2.424 -1 -2.798 -1 123
-2.611 -1 -2.336 -1 -2.482 -1 -2.796 -1 178
-2.639 -1 -2.394 -1 -2.466 -1 -2.85 -1 90
-2.658 -1 -2.388 -1 -2.5 -1 -2.866 -1 98
-2.683 -1 -2.442 -1 -2.58 -1 -2.842 -1 174
-2.711 -1 -2.488 -1 -2.58 -1 -2.888 -1 95
-2.734 -1 -2.484 -1 -2.578 -1 -2.806 -1 114
-2.692 -1 -2.476 -1 -2.618 -1 -2.782 -1 166
-2.7 -1 -2.498 -1 -2.504 -1 -2.772 -1 9
-2.638 -1 -2.396 -1 -2.496 -1 -2.772 -1 76
-2.634 -1 -2.424 -1 -2.478 -1 -2.748 -1 80
-2.613 -1 -2.43 -1 -2.508 -1 -2.84 -1 89
-2.674 -1 -2.448 -1 -2.468 -1 -2.718 0 46
