8 1000 0.9 10 120 0 0 0 0
-3.449 -1 -2.96 -1 -3.05 -1 -3.234 -1 123
-3.142 -1 -2.702 -1 -2.826 -1 -3.108 -1 171
-2.967 -1 -2.546 -1 -2.838 -1 -3.228 -1 259
-3.033 -1 -2.574 -1 -2.806 -1 -3.148 -1 335
-2.977 -1 -2.536 -1 -2.72 -1 -3.01 -1 209
-2.865 -1 -2.424 -1 -2.478 -1 -2.932 -1 48
-2.705 -1 -2.336 -1 -2.602 -1 -3.008 -1 237
-2.805 -1 -2.414 -1 -2.772 -1 -3.108 -1 333
-2.94 -1 -2.492 -1 -2.778 -1 -3.114 -1 240
-2.946 -1 -2.484 -1 -2.65 -1 -2.948 -1 145
-2.799 -1 -2.37 -1 -2.572 -1 -2.936 -1 173
-2.754 -1 -2.318 -1 -2.43 -1 -2.886 -1 67
-2.658 -1 -2.254 -1 -2.324 -1 -2.748 -1 68
-2.536 -1 -2.196 -1 -2.58 -1 -2.992 -1 281
-2.786 -1 -2.372 -1 -2.764 -1 -3.028 -1 350
-2.896 -1 -2.472 -1 -2.488 -1 -2.872 -1 7
-2.68 -1 -2.304 -1 -2.678 -1 -3.048 -1 314
-2.863 -1 -2.378 -1 -2.804 -1 -3.074 -1 416
-2.939 -1 -2.49 -1 -2.806 -1 -3.062 -1 328
-2.934 -1 -2.438 -1 -2.566 -1 -2.958 -1 80
-2.762 -1 -2.336 -1 -2.39 -1 -2.844 -1 38
-2.617 -1 -2.242 -1 -2.386 -1 -2.824 -1 98
-2.605 -1 -2.22 -1 -2.56 -1 -2.958 -1 283
-2.759 -1 -2.316 -1 -2.38 -1 -2.864 -1 50
-2.622 -1 -2.264 -1 -2.72 -1 -3.046 -1 378
-2.883 -1 -2.432 -1 -2.628 -1 -2.964 -1 173
-2.796 -1 -2.364 -1 -2.618 -1 -2.924 -1 216
-2.771 -1 -2.338 -1 -2.744 -1 -3.04 -1 391
-2.892 -1 -2.392 -1 -2.786 -1 -3.08 -1 342
-2.933 -1 -2.474 -1 -2.846 -1 -3.064 -1 409
-2.955 -1 -2.462 -1 -2.62 -1 -2.986 -1 154
-2.803 -1 -2.388 -1 -2.784 -1 -3.02 -1 372
-2.902 -1 -2.452 -1 -2.824 -1 -3.062 -1 435
-2.943 -1 -2.468 -1 -2.892 -1 -3.136 -1 406
-3.014 -1 -2.524 -1 -2.844 -1 -3.074 -1 310
-2.959 -1 -2.534 -1 -2.702 -1 -3.016 -1 224
-2.859 -1 -2.448 -1 -2.828 -1 -3.092 -1 410
-2.96 -1 -2.502 -1 -2.588 -1 -2.958 -1 85
-2.773 -1 -2.368 -1 -2.43 -1 -2.894 -1 55
-2.662 -1 -2.31 -1 -2.39 -1 -2.832 -1 70
-2.611 -1 -2.236 -1 -2.416 -1 -2.836 -1 141
-2.626 -1 -2.226 -1 -2.66 -1 -2.93 -1 358
-2.795 -1 -2.362 -1 -2.574 -1 -2.956 -1 171
-2.765 -1 -2.312 -1 -2.69 -1 -2.994 -1 312
-2.842 -1 -2.4 -1 -2.472 -1 -2.886 -1 37
-2.679 -1 -2.294 -1 -2.358 -1 -2.81 -1 37
-2.584 -1 -2.216 -1 -2.668 -1 -2.978 -1 368
-2.823 -1 -2.374 -1 -2.666 -1 -2.962 -1 276
-2.814 -1 -2.386 -1 -2.524 -1 -2.846 -1 135
-2.685 -1 -2.304 -1 -2.694 -1 -3.028 -1 413
-2.861 -1 -2.43 -1 -2.434 -1 -2.888 -1 7
-2.661 -1 -2.314 -1 -2.58 -1 -2.918 -1 215
-2.749 -1 -2.306 -1 -2.718 -1 -3.04 -1 303
-2.879 -1 -2.426 -1 -2.5 -1 -2.838 -1 58
-2.669 -1 -2.31 -1 -2.514 -1 -2.96 -1 141
-2.737 -1 -2.338 -1 -2.602 -1 -2.936 -1 193
-2.769 -1 -2.344 -1 -2.592 -1 -2.954 -1 299
-2.773 -1 -2.37 -1 -2.644 -1 -2.97 -1 282
-2.807 -1 -2.378 -1 -2.786 -1 -3.074 -1 443
-2.93 -1 -2.498 -1 -2.654 -1 -3.03 -1 128
-2.842 -1 -2.432 -1 -2.794 -1 -3.08 -1 348
-2.937 -1 -2.478 -1 -2.838 -1 -3.078 -1 438
-2.958 -1 -2.482 -1 -2.738 -1 -3.086 -1 313
-2.912 -1 -2.49 -1 -2.884 -1 -3.102 -1 395
-2.993 -1 -2.53 -1 -2.552 -1 -2.996 -1 15
-2.774 -1 -2.398 -1 -2.648 -1 -2.966 -1 205
-2.807 -1 -2.41 -1 -2.548 -1 -2.902 -1 133
-2.725 -1 -2.308 -1 -2.83 -1 -3.12 -1 436
-2.975 -1 -2.512 -1 -2.818 -1 -3.096 -1 281
-2.957 -1 -2.536 -1 -2.612 -1 -2.91 -1 79
-2.761 -1 -2.342 -1 -2.64 -1 -3.042 -1 286
-2.841 -1 -2.432 -1 -2.564 -1 -2.894 -1 121
-2.729 -1 -2.336 -1 -2.636 -1 -3.012 -1 276
-2.824 -1 -2.394 -1 -2.392 -1 -2.846 -1 7
-2.619 -1 -2.256 -1 -2.732 -1 -2.992 -1 390
-2.862 -1 -2.376 -1 -2.446 -1 -2.892 -1 81
-2.669 -1 -2.282 -1 -2.4 -1 -2.836 -1 89
-2.618 -1 -2.248 -1 -2.53 -1 -2.984 -1 201
-2.757 -1 -2.306 -1 -2.682 -1 -2.954 -1 362
-2.818 -1 -2.354 -1 -2.686 -1 -3.01 -1 333
-2.848 -1 -2.416 -1 -2.684 -1 -2.928 -1 279
-2.806 -1 -2.33 -1 -2.652 -1 -2.988 -1 268
-2.82 -1 -2.378 -1 -2.652 -1 -2.994 -1 304
-2.823 -1 -2.4 -1 -2.8 -1 -3.078 -1 304
-2.939 -1 -2.458 -1 -2.676 -1 -3.072 -1 211
-2.874 -1 -2.408 -1 -2.708 -1 -2.978 -1 235
-2.843 -1 -2.412 -1 -2.72 -1 -3.038 -1 246
-2.879 -1 -2.448 -1 -2.498 -1 -2.886 -1 66
-2.692 -1 -2.306 -1 -2.552 -1 -2.932 -1 207
-2.742 -1 -2.348 -1 -2.766 -1 -3.074 -1 410
-2.92 -1 -2.454 -1 -2.756 -1 -3.016 -1 245
-2.886 -1 -2.454 -1 -2.842 -1 -2.996 -1 390
-2.919 -1 -2.454 -1 -2.666 -1 -3.012 -1 174
-2.839 -1 -2.366 -1 -2.558 -1 -2.936 -1 137
-2.747 -1 -2.328 -1 -2.436 -1 -2.876 -1 91
-2.656 -1 -2.272 -1 -2.384 -1 -2.874 -1 107
-2.629 -1 -2.258 -1 -2.752 -1 -3.016 -1 410
-2.884 -1 -2.45 -1 -2.692 -1 -2.958 -1 293
-2.825 -1 -2.366 -1 -2.578 -1 -2.93 -1 187
-2.754 -1 -2.322 -1 -2.514 -1 -2.91 -1 157
-2.712 -1 -2.31 -1 -2.666 -1 -2.992 -1 307
-2.829 -1 -2.402 -1 -2.576 -1 -2.944 -1 169
-2.76 -1 -2.338 -1 -2.78 -1 -3.024 -1 394
-2.902 -1 -2.428 -1 -2.466 -1 -2.886 -1 30
-2.676 -1 -2.29 -1 -2.654 -1 -3.02 -1 348
-2.837 -1 -2.334 -1 -2.718 -1 -3.002 -1 363
-2.86 -1 -2.444 -1 -2.652 -1 -2.972 -1 194
-2.812 -1 -2.37 -1 -2.388 -1 -2.822 -1 14
-2.605 -1 -2.248 -1 -2.778 -1 -3.028 -1 448
-2.903 -1 -2.462 -1 -2.464 -1 -2.864 -1 4
-2.664 -1 -2.312 -1 -2.588 -1 -2.978 -1 258
-2.783 -1 -2.348 -1 -2.746 -1 -2.974 -1 363
-2.86 -1 -2.398 -1 -2.47 -1 -2.976 -1 68
-2.723 -1 -2.312 -1 -2.572 -1 -2.972 -1 226
-2.772 -1 -2.358 -1 -2.726 -1 -3.018 -1 294
-2.872 -1 -2.412 -1 -2.898 -1 -3.138 -1 420
-3.018 -1 -2.552 -1 -2.966 -1 -3.15 -1 407
-3.058 -1 -2.584 -1 -2.61 -1 -2.97 -1 15
-2.79 -1 -2.372 -1 -2.668 -1 -3.01 -1 198
-2.839 -1 -2.402 -1 -2.742 -1 -3.034 0 338
