9 1000 0 2 18 0 0 0 0
-3.601 -1 -3.356 -1 -3.356 -1 -3.46 -1 0
-3.408 -1 -3.162 -1 -3.162 -1 -3.388 -1 0
-3.275 -1 -3.024 -1 -3.024 -1 -3.308 -1 0
-3.166 -1 -2.996 -1 -2.996 -1 -3.29 -1 0
-3.143 -1 -2.934 -1 -2.934 -1 -3.224 -2 0
-3.079 -1 -2.896 -1 -2.896 -1 -3.244 -1 0
-3.07 -1 -2.816 -1 -2.816 -1 -3.128 -1 0
-2.972 -1 -2.776 -1 -2.776 -1 -3.088 -1 0
-2.932 -1 -2.72 -1 -2.72 -1 -3.082 -1 0
-2.901 -1 -2.736 -1 -2.736 -1 -3.028 -1 0
-2.882 -1 -2.68 -1 -2.68 -1 -3.062 -1 0
-2.871 -1 -2.68 -1 -2.68 -1 -3.1 -1 0
-2.89 -1 -2.732 -1 -2.732 -1 -3.056 -1 0
-2.894 -1 -2.71 -1 -2.71 -1 -3.086 -1 0
-2.898 -1 -2.734 -1 -2.734 -1 -3.072 -1 0
-2.903 -1 -2.708 -1 -2.708 -1 -3.054 -1 0
-2.881 -1 -2.662 -1 -2.662 -1 -3.06 -1 0
-2.861 -1 -2.626 -1 -2.626 -1 -2.992 0 0
