6 1000 0.3 2 12 0 0 0 0
-3.042 -1 -2.774 -1 -2.784 -1 -2.904 -1 55
-2.844 -1 -2.618 -1 -2.644 -1 -2.866 -1 57
-2.755 -1 -2.566 -1 -2.606 -1 -2.748 -1 64
-2.677 -1 -2.474 -1 -2.568 -1 -2.778 -1 131
-2.673 -1 -2.482 -1 -2.514 -1 -2.744 -1 49
-2.629 -1 -2.418 -1 -2.516 -1 -2.766 -1 138
-2.641 -1 -2.43 -1 -2.424 -1 -2.668 -1 10
-2.546 -1 -2.344 -1 -2.442 -1 -2.69 -1 131
-2.566 -1 -2.356 -1 -2.396 -1 -2.73 -1 132
-2.563 -1 -2.366 -1 -2.396 -1 -2.698 -1 51
-2.547 -1 -2.318 -1 -2.35 -1 -2.69 -1 39
-2.52 -1 -2.32 -1 -2.368 -1 -2.638 0 54
