7 1000 0.7 1 27 0 0 0 0
-3.242 -1 -3.08 -1 -3.178 -1 -3.244 -1 203
-3.211 -1 -3.054 -1 -3.118 -1 -3.2 -1 290
-3.159 -1 -3.066 -1 -3.062 -1 -3.126 -1 13
-3.094 -1 -2.944 -1 -3.038 -1 -3.088 -1 280
-3.063 -1 -2.934 -1 -2.938 -1 -3.014 -1 4
-2.976 -1 -2.866 -1 -2.942 -1 -3.09 -1 173
-3.016 -1 -2.88 -1 -2.942 -1 -3.08 -1 256
-3.011 -1 -2.858 -1 -2.896 -1 -3.026 -1 73
-2.961 -1 -2.862 -1 -2.982 -1 -3.136 -1 235
-3.059 -1 -2.872 -1 -2.922 -1 -3.082 -1 295
-3.002 -1 -2.862 -1 -2.86 -1 -3.034 -1 5
-2.947 -1 -2.792 -1 -2.86 -1 -3.034 -1 212
-2.947 -1 -2.786 -1 -2.864 -1 -3.034 -1 109
-2.949 -1 -2.82 -1 -2.932 -1 -3.028 -1 162
-2.98 -1 -2.864 -1 -2.972 -1 -3 -1 238
-2.986 -1 -2.896 -1 -2.916 -1 -3.05 -1 119
-2.983 -1 -2.872 -1 -2.888 -1 -3.072 -1 38
-2.98 -1 -2.85 -1 -2.906 -1 -3.106 -1 101
-3.006 -1 -2.826 -1 -2.846 -1 -2.988 -1 15
-2.917 -1 -2.84 -1 -2.942 -1 -3.022 -1 342
-2.982 -1 -2.856 -1 -2.882 -1 -2.98 -1 156
-2.931 -1 -2.83 -1 -2.894 -1 -3.04 -1 140
-2.967 -1 -2.818 -1 -2.926 -1 -3.028 -1 187
-2.977 -1 -2.836 -1 -2.922 -1 -3.02 -1 160
-2.971 -1 -2.858 -1 -3.01 -1 -3.052 -1 319
-3.031 -1 -2.884 -1 -2.888 -1 -3.014 -1 30
-2.951 -1 -2.782 -1 -2.868 -1 -3.038 0 232
