8 1000 0.3 8 25 0 0 0 0
-3.429 -1 -2.988 -1 -3.044 -1 -3.228 -1 114
-3.136 -1 -2.72 -1 -2.778 -1 -3.1 -1 56
-2.939 -1 -2.568 -1 -2.664 -1 -3.012 -1 101
-2.838 -1 -2.442 -1 -2.46 -1 -2.906 -1 24
-2.683 -1 -2.33 -1 -2.456 -1 -2.922 -1 118
-2.689 -1 -2.31 -1 -2.39 -1 -2.856 -1 57
-2.623 -1 -2.246 -1 -2.27 -1 -2.762 -1 12
-2.516 -1 -2.21 -1 -2.406 -1 -2.962 -1 143
-2.684 -1 -2.306 -1 -2.31 -1 -2.76 -1 2
-2.535 -1 -2.204 -1 -2.224 -1 -2.82 -1 11
-2.522 -1 -2.198 -1 -2.246 -1 -2.734 -1 27
-2.49 -1 -2.146 -1 -2.27 -1 -2.79 -1 69
-2.53 -1 -2.148 -1 -2.372 -1 -2.856 -1 141
-2.614 -1 -2.226 -1 -2.292 -1 -2.788 -1 39
-2.54 -1 -2.166 -1 -2.324 -1 -2.768 -1 102
-2.546 -1 -2.146 -1 -2.282 -1 -2.768 -1 99
-2.525 -1 -2.154 -1 -2.254 -1 -2.716 -1 59
-2.485 -1 -2.124 -1 -2.156 -1 -2.708 -1 24
-2.432 -1 -2.11 -1 -2.296 -1 -2.768 -1 128
-2.532 -1 -2.146 -1 -2.294 -1 -2.698 -1 79
-2.496 -1 -2.1 -1 -2.194 -1 -2.618 -1 49
-2.406 -1 -2.06 -1 -2.196 -1 -2.736 -1 98
-2.466 -1 -2.08 -1 -2.194 -1 -2.674 -1 59
-2.434 -1 -2.052 -1 -2.126 -1 -2.556 -1 44
-2.341 -1 -1.958 -1 -2.104 -1 -2.6 0 71
