9 1000 0.8 7 449 0 0 0 0
-3.636 -1 -3.168 -1 -3.262 -1 -3.49 -2 155
-3.376 -1 -2.942 -1 -3.136 -1 -3.356 -1 229
-3.246 -1 -2.802 -1 -2.91 -1 -3.31 -1 101
-3.11 -1 -2.714 -1 -2.798 -1 -3.164 -1 122
-2.981 -1 -2.56 -1 -2.958 -1 -3.278 -1 364
-3.118 -1 -2.672 -1 -2.764 -1 -3.074 -1 78
-2.919 -1 -2.54 -1 -2.738 -1 -3.092 -2 163
-2.915 -1 -2.538 -1 -2.918 -1 -3.254 -1 331
-3.086 -1 -2.658 -1 -2.742 -1 -3.102 -1 68
-2.922 -1 -2.51 -1 -2.922 -1 -3.2 -1 378
-3.061 -1 -2.612 -1 -2.762 -1 -3.118 -1 113
-2.94 -1 -2.522 -1 -2.922 -1 -3.196 -1 328
-3.059 -1 -2.598 -1 -2.776 -1 -3.06 -1 150
-2.918 -1 -2.502 -1 -2.578 -1 -2.984 -1 83
-2.781 -1 -2.396 -1 -2.538 -1 -3.004 -1 110
-2.771 -1 -2.408 -1 -2.874 -1 -3.232 -1 379
-3.053 -1 -2.614 -1 -2.862 -1 -3.176 -1 233
-3.019 -1 -2.604 -1 -2.912 -1 -3.194 -1 324
-3.053 -1 -2.632 -1 -2.762 -1 -3.082 -1 109
-2.922 -1 -2.554 -1 -2.564 -1 -3.094 -1 6
-2.829 -1 -2.486 -1 -2.524 -1 -2.968 -1 30
-2.746 -1 -2.416 -1 -2.468 -1 -2.914 -1 29
-2.691 -1 -2.328 -1 -2.616 -1 -3.032 -1 214
-2.824 -1 -2.434 -1 -2.782 -1 -3.17 -1 296
-2.976 -1 -2.52 -1 -2.802 -1 -3.19 -1 272
-2.996 -1 -2.576 -1 -2.754 -1 -3.104 -1 147
-2.929 -1 -2.534 -1 -2.828 -1 -3.188 -1 232
-3.008 -1 -2.57 -1 -2.906 -1 -3.2 -1 326
-3.053 -1 -2.616 -1 -2.936 -1 -3.218 -1 300
-3.077 -1 -2.63 -1 -3.016 -1 -3.244 -1 399
-3.13 -1 -2.676 -1 -2.866 -1 -3.18 -1 198
-3.023 -1 -2.582 -1 -2.638 -1 -3.018 -1 50
-2.828 -1 -2.45 -1 -2.544 -1 -3.044 -1 56
-2.794 -1 -2.384 -1 -2.45 -1 -2.936 -1 48
-2.693 -1 -2.354 -1 -2.764 -1 -3.056 -1 345
-2.91 -1 -2.486 -1 -2.756 -1 -3.168 -1 306
-2.962 -1 -2.536 -1 -2.844 -1 -3.146 -1 263
-2.995 -1 -2.584 -1 -2.998 -1 -3.252 -1 362
-3.125 -1 -2.674 -1 -2.704 -1 -3.096 -1 37
-2.9 -1 -2.47 -1 -2.664 -1 -3.044 -1 134
-2.854 -1 -2.43 -1 -2.432 -1 -2.912 -1 1
-2.672 -1 -2.35 -1 -2.71 -1 -3.09 -1 349
-2.9 -1 -2.456 -1 -2.832 -1 -3.124 -1 293
-2.978 -1 -2.536 -1 -2.602 -1 -3.032 -1 67
-2.817 -1 -2.454 -1 -2.754 -1 -3.15 -1 222
-2.952 -1 -2.532 -1 -2.628 -1 -3.056 -1 74
-2.842 -1 -2.44 -1 -2.602 -1 -2.996 -1 101
-2.799 -1 -2.388 -1 -2.596 -1 -3.056 -1 173
-2.826 -1 -2.432 -1 -2.912 -1 -3.188 -1 376
-3.05 -1 -2.618 -1 -2.624 -1 -3.044 -1 4
-2.834 -1 -2.444 -1 -2.548 -1 -3.01 -1 74
-2.779 -1 -2.438 -1 -2.566 -1 -2.976 -1 66
-2.771 -1 -2.408 -1 -2.502 -1 -2.932 -1 63
-2.717 -1 -2.326 -1 -2.814 -1 -3.1 -1 340
-2.957 -1 -2.532 -1 -2.762 -1 -3.13 -1 190
-2.946 -1 -2.52 -1 -2.706 -1 -3.112 -1 177
-2.909 -1 -2.47 -1 -2.652 -1 -2.988 -1 148
-2.82 -1 -2.442 -1 -2.682 -1 -3.06 -1 215
-2.871 -1 -2.46 -1 -2.668 -1 -3.04 -1 171
-2.854 -1 -2.422 -1 -2.588 -1 -3.048 -1 122
-2.818 -1 -2.41 -1 -2.87 -1 -3.224 -1 320
-3.047 -1 -2.61 -1 -2.816 -1 -3.104 -1 166
-2.96 -1 -2.536 -1 -2.594 -1 -3.01 -1 45
-2.802 -1 -2.45 -1 -2.604 -1 -3 -1 89
-2.802 -1 -2.424 -1 -2.784 -1 -3.198 -1 267
-2.991 -1 -2.5 -1 -2.606 -1 -2.994 -1 92
-2.8 -1 -2.408 -1 -2.588 -1 -2.986 -1 136
-2.787 -1 -2.398 -1 -2.706 -1 -3.082 -1 235
-2.894 -1 -2.49 -1 -2.642 -1 -3.018 -1 140
-2.83 -1 -2.404 -1 -2.612 -1 -3.01 -1 156
-2.811 -1 -2.418 -1 -2.87 -1 -3.212 -1 375
-3.041 -1 -2.554 -1 -2.892 -1 -3.222 -1 331
-3.057 -1 -2.63 -1 -2.828 -1 -3.144 -1 195
-2.986 -1 -2.588 -1 -2.636 -1 -3.044 -1 34
-2.84 -1 -2.46 -1 -2.78 -1 -3.158 -1 288
-2.969 -1 -2.542 -1 -2.756 -1 -3.162 -1 185
-2.959 -1 -2.562 -1 -2.64 -1 -3.054 -1 51
-2.847 -1 -2.464 -1 -2.85 -1 -3.142 -1 306
-2.996 -1 -2.532 -1 -2.626 -1 -3.01 -1 65
-2.818 -1 -2.428 -1 -2.578 -1 -2.976 -1 102
-2.777 -1 -2.372 -1 -2.752 -1 -3.138 -1 310
-2.945 -1 -2.548 -1 -2.946 -1 -3.262 -1 365
-3.104 -1 -2.644 -1 -2.868 -1 -3.214 -1 252
-3.041 -1 -2.616 -1 -2.774 -1 -3.08 -1 163
-2.927 -1 -2.514 -1 -2.764 -1 -3.14 -1 235
-2.952 -1 -2.532 -1 -2.894 -1 -3.138 -1 288
-3.016 -1 -2.574 -1 -3 -1 -3.22 -1 351
-3.11 -1 -2.676 -1 -2.892 -1 -3.188 -1 241
-3.04 -1 -2.584 -1 -2.908 -1 -3.204 -1 372
-3.056 -1 -2.598 -1 -2.932 -1 -3.264 -1 377
-3.098 -1 -2.678 -1 -2.838 -1 -3.172 -1 132
-3.005 -1 -2.598 -1 -2.948 -1 -3.294 -1 380
-3.121 -1 -2.69 -1 -2.872 -1 -3.184 -1 151
-3.028 -1 -2.582 -1 -2.898 -1 -3.206 -1 281
-3.052 -1 -2.604 -1 -2.868 -1 -3.18 -1 282
-3.024 -1 -2.582 -1 -2.616 -1 -3.076 -1 28
-2.846 -1 -2.482 -1 -2.688 -1 -2.99 -1 160
-2.839 -1 -2.434 -1 -2.856 -1 -3.15 -1 341
-3.003 -1 -2.56 -1 -2.57 -1 -2.966 -1 14
-2.768 -1 -2.436 -1 -2.5 -1 -2.934 -1 44
-2.717 -1 -2.366 -1 -2.638 -1 -3.022 -1 205
-2.83 -1 -2.422 -1 -2.518 -1 -2.906 -1 69
-2.712 -1 -2.336 -1 -2.438 -1 -2.848 -1 66
-2.643 -1 -2.29 -1 -2.706 -1 -2.998 -1 331
-2.852 -1 -2.386 -1 -2.866 -1 -3.208 -1 385
-3.037 -1 -2.6 -1 -2.778 -1 -3.072 -1 133
-2.925 -1 -2.484 -1 -2.726 -1 -3.086 -1 227
-2.906 -1 -2.464 -1 -2.848 -1 -3.18 -1 317
-3.014 -1 -2.586 -1 -2.764 -1 -3.162 -1 147
-2.963 -1 -2.53 -1 -2.788 -1 -3.12 -1 199
-2.954 -1 -2.528 -1 -2.676 -1 -3.034 -1 120
-2.855 -1 -2.464 -1 -2.508 -1 -2.97 -1 22
-2.739 -1 -2.406 -1 -2.754 -1 -3.052 -1 254
-2.903 -1 -2.482 -1 -2.912 -1 -3.192 -1 395
-3.052 -1 -2.62 -1 -2.87 -1 -3.096 -1 203
-2.983 -1 -2.588 -1 -2.658 -1 -3.046 -1 63
-2.852 -1 -2.498 -1 -2.724 -1 -3.11 -1 224
-2.917 -1 -2.538 -1 -2.818 -1 -3.104 -1 235
-2.961 -1 -2.568 -1 -2.884 -1 -3.23 -1 267
-3.057 -1 -2.612 -1 -2.644 -1 -2.99 -1 25
-2.817 -1 -2.42 -1 -2.846 -1 -3.148 -1 385
-2.997 -1 -2.564 -1 -2.574 -1 -3.018 -1 5
-2.796 -1 -2.432 -1 -2.626 -1 -3.054 -1 140
-2.84 -1 -2.418 -1 -2.654 -1 -2.998 -1 156
-2.826 -1 -2.432 -1 -2.802 -1 -3.128 -1 364
-2.965 -1 -2.516 -1 -2.518 -1 -2.994 -1 1
-2.756 -1 -2.408 -1 -2.724 -1 -3.138 -1 207
-2.931 -1 -2.528 -1 -2.688 -1 -3.052 -1 178
-2.87 -1 -2.464 -1 -2.674 -1 -3.092 -1 197
-2.883 -1 -2.484 -1 -2.484 -1 -2.944 -1 1
-2.714 -1 -2.358 -1 -2.778 -1 -3.114 -1 306
-2.946 -1 -2.504 -1 -2.55 -1 -3.004 -1 36
-2.777 -1 -2.398 -1 -2.72 -1 -3.056 -1 256
-2.888 -1 -2.412 -1 -2.414 -1 -2.912 -1 3
-2.663 -1 -2.326 -1 -2.556 -1 -2.95 -1 151
-2.753 -1 -2.392 -1 -2.43 -1 -2.886 -1 30
-2.658 -1 -2.286 -1 -2.7 -1 -3.068 -1 342
-2.884 -1 -2.444 -1 -2.508 -1 -2.962 -1 82
-2.735 -1 -2.372 -1 -2.514 -1 -2.99 -1 82
-2.752 -1 -2.356 -1 -2.444 -1 -2.858 -1 65
-2.651 -1 -2.286 -1 -2.57 -1 -2.874 -1 167
-2.722 -1 -2.332 -1 -2.778 -1 -3.082 -1 308
-2.93 -1 -2.498 -1 -2.632 -1 -3.028 -1 93
-2.83 -1 -2.434 -1 -2.574 -1 -2.978 -1 130
-2.776 -1 -2.362 -1 -2.496 -1 -2.96 -1 89
-2.728 -1 -2.352 -1 -2.738 -1 -3.126 -1 290
-2.932 -1 -2.482 -1 -2.756 -1 -3.084 -1 216
-2.92 -1 -2.47 -1 -2.918 -1 -3.208 -1 399
-3.063 -1 -2.626 -1 -2.958 -1 -3.236 -1 345
-3.097 -1 -2.596 -1 -2.882 -1 -3.24 -1 302
-3.061 -1 -2.646 -1 -2.778 -1 -3.124 -1 107
-2.951 -1 -2.52 -1 -2.872 -1 -3.222 -1 335
-3.047 -1 -2.578 -1 -2.866 -1 -3.186 -1 281
-3.026 -1 -2.558 -1 -2.864 -1 -3.142 -1 298
-3.003 -1 -2.572 -1 -2.78 -1 -3.114 -1 167
-2.947 -1 -2.504 -1 -2.518 -1 -2.994 -1 12
-2.756 -1 -2.396 -1 -2.426 -1 -2.962 -1 29
-2.694 -1 -2.368 -1 -2.496 -1 -2.94 -1 67
-2.718 -1 -2.37 -1 -2.42 -1 -2.882 -1 28
-2.651 -1 -2.33 -1 -2.354 -1 -2.854 -1 17
-2.604 -1 -2.246 -1 -2.662 -1 -3.036 -1 267
-2.849 -1 -2.378 -1 -2.618 -1 -3.02 -1 188
-2.819 -1 -2.428 -1 -2.916 -1 -3.22 -1 379
-3.068 -1 -2.584 -1 -2.852 -1 -3.174 -1 220
-3.013 -1 -2.566 -1 -2.624 -1 -3.054 -1 37
-2.839 -1 -2.456 -1 -2.834 -1 -3.166 -1 313
-3 -1 -2.616 -1 -2.964 -1 -3.228 -1 333
-3.096 -1 -2.65 -1 -2.97 -1 -3.194 -1 339
-3.082 -1 -2.632 -1 -2.788 -1 -3.118 -1 151
-2.953 -1 -2.56 -1 -2.864 -1 -3.214 -1 290
-3.039 -1 -2.592 -1 -2.794 -1 -3.15 -1 162
-2.972 -1 -2.536 -1 -2.882 -1 -3.186 -1 246
-3.034 -1 -2.602 -1 -2.82 -1 -3.162 -1 239
-2.991 -1 -2.608 -1 -2.67 -1 -3.062 -1 54
-2.866 -1 -2.49 -1 -2.692 -1 -2.99 -1 179
-2.841 -1 -2.416 -1 -2.418 -1 -2.804 -1 5
-2.611 -1 -2.282 -1 -2.62 -1 -3.08 -1 218
-2.85 -1 -2.404 -1 -2.876 -1 -3.164 -1 385
-3.02 -1 -2.566 -1 -2.644 -1 -3.112 -1 60
-2.878 -1 -2.5 -1 -2.554 -1 -2.884 -1 45
-2.719 -1 -2.362 -1 -2.446 -1 -2.92 -1 54
-2.683 -1 -2.338 -1 -2.726 -1 -3.066 -1 307
-2.896 -1 -2.452 -1 -2.53 -1 -2.918 -1 65
-2.724 -1 -2.306 -1 -2.712 -1 -3.074 -1 279
-2.893 -1 -2.416 -1 -2.694 -1 -3.1 -1 261
-2.897 -1 -2.494 -1 -2.832 -1 -3.078 -1 369
-2.955 -1 -2.512 -1 -2.626 -1 -3.074 -1 92
-2.85 -1 -2.48 -1 -2.69 -1 -3.02 -1 164
-2.855 -1 -2.44 -1 -2.626 -1 -3.018 -1 138
-2.822 -1 -2.438 -1 -2.604 -1 -3.072 -1 151
-2.838 -1 -2.468 -1 -2.49 -1 -2.968 -1 25
-2.729 -1 -2.342 -1 -2.588 -1 -3.008 -1 161
-2.798 -1 -2.386 -1 -2.746 -1 -3.11 -1 287
-2.928 -1 -2.474 -1 -2.726 -1 -3.056 -1 199
-2.891 -1 -2.474 -1 -2.736 -1 -3.084 -1 175
-2.91 -1 -2.496 -1 -2.844 -1 -3.228 -1 306
-3.036 -1 -2.568 -1 -2.738 -1 -3.054 -1 138
-2.896 -1 -2.492 -1 -2.526 -1 -2.942 -1 22
-2.734 -1 -2.38 -1 -2.784 -1 -3.164 -1 321
-2.974 -1 -2.524 -1 -2.874 -1 -3.178 -1 311
-3.026 -1 -2.6 -1 -2.746 -1 -3.084 -1 137
-2.915 -1 -2.528 -1 -2.876 -1 -3.246 -1 315
-3.061 -1 -2.61 -1 -2.88 -1 -3.168 -1 259
-3.024 -1 -2.628 -1 -2.662 -1 -3.09 -1 29
-2.876 -1 -2.474 -1 -2.656 -1 -3 -1 133
-2.828 -1 -2.418 -1 -2.876 -1 -3.184 -1 346
-3.03 -1 -2.586 -1 -2.618 -1 -3.012 -1 25
-2.815 -1 -2.434 -1 -2.466 -1 -2.892 -1 17
-2.679 -1 -2.336 -1 -2.588 -1 -3.044 -1 166
-2.816 -1 -2.394 -1 -2.894 -1 -3.242 -1 378
-3.068 -1 -2.558 -1 -2.638 -1 -3.006 -1 94
-2.822 -1 -2.412 -1 -2.722 -1 -3.088 -1 226
-2.905 -1 -2.492 -1 -2.874 -1 -3.124 -1 343
-2.999 -1 -2.526 -1 -2.888 -1 -3.142 -1 340
-3.015 -1 -2.586 -1 -2.868 -1 -3.194 -1 263
-3.031 -1 -2.556 -1 -2.834 -1 -3.158 -1 218
-2.996 -1 -2.606 -1 -2.884 -1 -3.17 -1 272
-3.027 -1 -2.528 -1 -2.9 -1 -3.162 -1 265
-3.031 -1 -2.608 -1 -2.77 -1 -3.09 -1 114
-2.93 -1 -2.546 -1 -2.876 -1 -3.142 -1 299
-3.009 -1 -2.572 -1 -2.674 -1 -3.022 -1 73
-2.848 -1 -2.454 -1 -2.746 -1 -3.106 -1 224
-2.926 -1 -2.53 -1 -2.648 -1 -2.984 -1 98
-2.816 -1 -2.424 -1 -2.58 -1 -3.008 -1 131
-2.794 -1 -2.39 -1 -2.602 -1 -3.004 -1 143
-2.803 -1 -2.386 -1 -2.75 -1 -3.064 -1 258
-2.907 -1 -2.456 -1 -2.792 -1 -3.1 -1 273
-2.946 -1 -2.474 -1 -2.702 -1 -3.134 -1 200
-2.918 -1 -2.488 -1 -2.706 -1 -3.01 -1 163
-2.858 -1 -2.438 -1 -2.602 -1 -2.994 -1 143
-2.798 -1 -2.39 -1 -2.518 -1 -2.928 -1 82
-2.723 -1 -2.32 -1 -2.744 -1 -3.038 -1 333
-2.891 -1 -2.486 -1 -2.662 -1 -2.954 -1 114
-2.808 -1 -2.382 -1 -2.446 -1 -2.894 -1 38
-2.67 -1 -2.336 -1 -2.774 -1 -3.09 -1 322
-2.932 -1 -2.518 -1 -2.704 -1 -3.006 -1 157
-2.855 -1 -2.496 -1 -2.758 -1 -3.066 -1 252
-2.912 -1 -2.518 -1 -2.58 -1 -2.966 -1 67
-2.773 -1 -2.402 -1 -2.812 -1 -3.154 -1 330
-2.983 -1 -2.544 -1 -2.892 -1 -3.174 -1 350
-3.033 -1 -2.602 -1 -2.79 -1 -3.12 -1 175
-2.955 -1 -2.556 -1 -2.862 -1 -3.236 -1 295
-3.049 -1 -2.644 -1 -2.768 -1 -3.064 -1 119
-2.916 -1 -2.542 -1 -2.786 -1 -3.128 -1 188
-2.957 -1 -2.542 -1 -2.61 -1 -2.972 -1 56
-2.791 -1 -2.426 -1 -2.518 -1 -2.972 -1 56
-2.745 -1 -2.384 -1 -2.812 -1 -3.188 -1 379
-3 -1 -2.548 -1 -2.58 -1 -2.932 -1 25
-2.756 -1 -2.374 -1 -2.722 -1 -3.074 -1 295
-2.898 -1 -2.446 -1 -2.66 -1 -3.042 -1 178
-2.851 -1 -2.454 -1 -2.948 -1 -3.22 -1 381
-3.084 -1 -2.606 -1 -2.84 -1 -3.178 -1 214
-3.009 -1 -2.56 -1 -2.82 -1 -3.126 -1 234
-2.973 -1 -2.53 -1 -2.996 -1 -3.244 -1 374
-3.12 -1 -2.662 -1 -2.81 -1 -3.158 -1 140
-2.984 -1 -2.562 -1 -2.752 -1 -3.092 -1 183
-2.922 -1 -2.504 -1 -2.706 -1 -3.048 -1 152
-2.877 -1 -2.468 -1 -2.822 -1 -3.19 -1 302
-3.006 -1 -2.558 -1 -2.898 -1 -3.078 -1 325
-2.988 -1 -2.544 -1 -2.79 -1 -3.12 -1 283
-2.955 -1 -2.518 -1 -2.91 -1 -3.13 -1 337
-3.02 -1 -2.542 -1 -2.606 -1 -3.004 -1 51
-2.805 -1 -2.408 -1 -2.576 -1 -2.956 -1 154
-2.766 -1 -2.34 -1 -2.482 -1 -2.994 -1 81
-2.738 -1 -2.366 -1 -2.74 -1 -3.068 -1 283
-2.904 -1 -2.494 -1 -2.808 -1 -3.182 -1 259
-2.995 -1 -2.55 -1 -2.672 -1 -3.076 -1 93
-2.874 -1 -2.434 -1 -2.608 -1 -3.012 -1 125
-2.81 -1 -2.398 -1 -2.55 -1 -2.924 -1 128
-2.737 -1 -2.346 -1 -2.528 -1 -2.958 -1 88
-2.743 -1 -2.35 -1 -2.566 -1 -2.962 -1 158
-2.764 -1 -2.408 -1 -2.834 -1 -3.098 -1 371
-2.966 -1 -2.524 -1 -2.826 -1 -3.09 -1 234
-2.958 -1 -2.514 -1 -2.706 -1 -3.074 -1 174
-2.89 -1 -2.452 -1 -2.666 -1 -2.968 -1 187
-2.817 -1 -2.42 -1 -2.86 -1 -3.11 -1 354
-2.985 -1 -2.554 -1 -2.852 -1 -3.126 -1 302
-2.989 -1 -2.57 -1 -2.838 -1 -3.094 -1 211
-2.966 -1 -2.544 -1 -2.608 -1 -3.024 -1 63
-2.816 -1 -2.456 -1 -2.656 -1 -3.044 -1 169
-2.85 -1 -2.464 -1 -2.558 -1 -3.026 -1 69
-2.792 -1 -2.452 -1 -2.858 -1 -3.112 -1 323
-2.985 -1 -2.52 -1 -2.772 -1 -3.126 -1 203
-2.949 -1 -2.53 -1 -2.584 -1 -2.962 -1 73
-2.773 -1 -2.412 -1 -2.794 -1 -3.122 -1 271
-2.958 -1 -2.486 -1 -2.558 -1 -2.926 -1 61
-2.742 -1 -2.366 -1 -2.38 -1 -2.928 -1 9
-2.654 -1 -2.308 -1 -2.432 -1 -2.914 -1 94
-2.673 -1 -2.292 -1 -2.726 -1 -3.104 -1 368
-2.915 -1 -2.48 -1 -2.928 -1 -3.146 -1 389
-3.037 -1 -2.586 -1 -2.908 -1 -3.204 -1 321
-3.056 -1 -2.598 -1 -2.954 -1 -3.21 -1 310
-3.082 -1 -2.652 -1 -2.89 -1 -3.166 -1 252
-3.028 -1 -2.582 -1 -2.852 -1 -3.136 -1 257
-2.994 -1 -2.594 -1 -2.836 -1 -3.148 -1 199
-2.992 -1 -2.546 -1 -2.908 -1 -3.226 -1 384
-3.067 -1 -2.648 -1 -2.866 -1 -3.176 -1 186
-3.021 -1 -2.606 -1 -2.904 -1 -3.214 -1 249
-3.059 -1 -2.636 -1 -2.898 -1 -3.17 -1 297
-3.034 -1 -2.598 -1 -2.632 -1 -3.05 -1 36
-2.841 -1 -2.48 -1 -2.9 -1 -3.144 -1 380
-3.022 -1 -2.586 -1 -2.9 -1 -3.208 -1 326
-3.054 -1 -2.616 -1 -2.886 -1 -3.14 -1 256
-3.013 -1 -2.55 -1 -2.856 -1 -3.162 -1 289
-3.009 -1 -2.586 -1 -2.858 -1 -3.18 -1 297
-3.019 -1 -2.582 -1 -2.8 -1 -3.106 -1 194
-2.953 -1 -2.532 -1 -2.536 -1 -2.97 -1 12
-2.753 -1 -2.406 -1 -2.792 -1 -3.118 -1 314
-2.955 -1 -2.546 -1 -2.574 -1 -2.986 -1 33
-2.78 -1 -2.454 -1 -2.47 -1 -2.928 -1 10
-2.699 -1 -2.358 -1 -2.674 -1 -3.08 -1 252
-2.877 -1 -2.468 -1 -2.798 -1 -3.158 -1 291
-2.978 -1 -2.598 -1 -2.826 -1 -3.216 -1 198
-3.021 -1 -2.606 -1 -2.94 -1 -3.178 -1 308
-3.059 -1 -2.614 -1 -2.916 -1 -3.23 -1 270
-3.073 -1 -2.656 -1 -2.68 -1 -3.054 -1 13
-2.867 -1 -2.514 -1 -2.61 -1 -3.086 -1 74
-2.848 -1 -2.5 -1 -2.66 -1 -3.096 -1 135
-2.878 -1 -2.476 -1 -2.928 -1 -3.172 -1 367
-3.05 -1 -2.636 -1 -2.652 -1 -3.052 -1 10
-2.852 -1 -2.522 -1 -2.944 -1 -3.242 -1 371
-3.093 -1 -2.618 -1 -2.878 -1 -3.27 -1 312
-3.074 -1 -2.61 -1 -2.834 -1 -3.114 -1 194
-2.974 -1 -2.584 -1 -2.944 -1 -3.268 -1 343
-3.106 -1 -2.65 -1 -3.042 -1 -3.25 -1 349
-3.146 -1 -2.704 -1 -3.04 -1 -3.294 -1 366
-3.167 -1 -2.696 -1 -2.812 -1 -3.186 -1 143
-2.999 -1 -2.578 -1 -2.66 -1 -3.06 -1 105
-2.86 -1 -2.506 -1 -2.504 -1 -2.94 -1 11
-2.722 -1 -2.42 -1 -2.77 -1 -3.02 -1 284
-2.895 -1 -2.492 -1 -2.83 -1 -3.15 -1 276
-2.99 -1 -2.574 -1 -2.866 -1 -3.178 -1 332
-3.022 -1 -2.536 -1 -2.724 -1 -3.178 -1 138
-2.951 -1 -2.544 -1 -2.932 -1 -3.206 -1 304
-3.069 -1 -2.606 -1 -2.966 -1 -3.242 -1 321
-3.104 -1 -2.66 -1 -3.012 -1 -3.236 -1 380
-3.124 -1 -2.692 -1 -2.944 -1 -3.192 -1 258
-3.068 -1 -2.612 -1 -2.698 -1 -3.068 -1 69
-2.883 -1 -2.516 -1 -2.884 -1 -3.232 -1 303
-3.058 -1 -2.632 -1 -2.934 -1 -3.166 -1 298
-3.05 -1 -2.584 -1 -2.918 -1 -3.246 -1 333
-3.082 -1 -2.66 -1 -2.71 -1 -3.146 -1 52
-2.928 -1 -2.546 -1 -2.638 -1 -3.02 -1 87
-2.829 -1 -2.448 -1 -2.63 -1 -3.026 -1 157
-2.828 -1 -2.462 -1 -2.858 -1 -3.194 -1 334
-3.026 -1 -2.586 -1 -2.776 -1 -3.17 -1 171
-2.973 -1 -2.562 -1 -2.604 -1 -3.034 -1 38
-2.819 -1 -2.456 -1 -2.768 -1 -3.164 -1 237
-2.966 -1 -2.506 -1 -2.734 -1 -3.082 -1 247
-2.908 -1 -2.506 -1 -2.52 -1 -3.036 -1 16
-2.778 -1 -2.436 -1 -2.45 -1 -2.996 -1 11
-2.723 -1 -2.346 -1 -2.478 -1 -2.972 -1 85
-2.725 -1 -2.346 -1 -2.67 -1 -3.014 -1 254
-2.842 -1 -2.434 -1 -2.656 -1 -3.122 -1 182
-2.889 -1 -2.474 -1 -2.516 -1 -2.926 -1 48
-2.721 -1 -2.374 -1 -2.832 -1 -3.13 -1 376
-2.981 -1 -2.536 -1 -2.712 -1 -3.064 -1 153
-2.888 -1 -2.468 -1 -2.474 -1 -2.9 -1 4
-2.687 -1 -2.306 -1 -2.622 -1 -3.104 -1 209
-2.863 -1 -2.468 -1 -2.552 -1 -2.908 -1 70
-2.73 -1 -2.362 -1 -2.52 -1 -2.972 -1 135
-2.746 -1 -2.372 -1 -2.646 -1 -3.014 -1 173
-2.83 -1 -2.44 -1 -2.66 -1 -3.048 -1 179
-2.854 -1 -2.436 -1 -2.45 -1 -2.914 -1 15
-2.682 -1 -2.3 -1 -2.556 -1 -2.886 -1 194
-2.721 -1 -2.286 -1 -2.774 -1 -3.124 -1 384
-2.949 -1 -2.48 -1 -2.654 -1 -3.12 -1 163
-2.887 -1 -2.482 -1 -2.626 -1 -3.038 -1 109
-2.832 -1 -2.418 -1 -2.836 -1 -3.064 -1 330
-2.95 -1 -2.494 -1 -2.734 -1 -3.12 -1 176
-2.927 -1 -2.508 -1 -2.84 -1 -3.186 -1 284
-3.013 -1 -2.602 -1 -2.962 -1 -3.2 -1 276
-3.081 -1 -2.606 -1 -2.874 -1 -3.2 -1 232
-3.037 -1 -2.6 -1 -2.612 -1 -3.028 -1 12
-2.82 -1 -2.448 -1 -2.902 -1 -3.152 -1 372
-3.027 -1 -2.57 -1 -2.646 -1 -3.04 -1 57
-2.843 -1 -2.504 -1 -2.918 -1 -3.224 -1 393
-3.071 -1 -2.618 -1 -2.816 -1 -3.11 -1 237
-2.963 -1 -2.528 -1 -2.742 -1 -3.084 -1 154
-2.913 -1 -2.51 -1 -2.69 -1 -3.128 -1 162
-2.909 -1 -2.498 -1 -2.844 -1 -3.158 -1 344
-3.001 -1 -2.58 -1 -2.854 -1 -3.214 -1 216
-3.034 -1 -2.612 -1 -2.624 -1 -3.048 -1 22
-2.836 -1 -2.48 -1 -2.854 -1 -3.17 -1 311
-3.012 -1 -2.58 -1 -2.678 -1 -2.984 -1 60
-2.831 -1 -2.462 -1 -2.734 -1 -3.102 -1 207
-2.918 -1 -2.504 -1 -2.576 -1 -2.984 -1 61
-2.78 -1 -2.442 -1 -2.828 -1 -3.172 -1 309
-3 -1 -2.604 -1 -2.724 -1 -3.104 -1 135
-2.914 -1 -2.512 -1 -2.554 -1 -3.036 -1 30
-2.795 -1 -2.384 -1 -2.528 -1 -2.974 -1 98
-2.751 -1 -2.368 -1 -2.54 -1 -2.936 -1 127
-2.738 -1 -2.358 -1 -2.46 -1 -2.964 -1 77
-2.712 -1 -2.34 -1 -2.788 -1 -3.148 -1 350
-2.968 -1 -2.506 -1 -2.74 -1 -3.084 -1 149
-2.912 -1 -2.504 -1 -2.556 -1 -2.954 -1 41
-2.755 -1 -2.394 -1 -2.632 -1 -3.042 -1 162
-2.837 -1 -2.404 -1 -2.638 -1 -3.046 -1 181
-2.842 -1 -2.46 -1 -2.466 -1 -2.882 -1 14
-2.674 -1 -2.338 -1 -2.528 -1 -3.07 -1 165
-2.799 -1 -2.386 -1 -2.476 -1 -2.904 -1 49
-2.69 -1 -2.344 -1 -2.658 -1 -2.974 -1 224
-2.816 -1 -2.408 -1 -2.882 -1 -3.124 -1 340
-3.003 -1 -2.558 -1 -2.586 -1 -2.97 -1 23
-2.778 -1 -2.43 -1 -2.692 -1 -3.056 -1 281
-2.874 -1 -2.47 -1 -2.708 -1 -3.15 -1 209
-2.929 -1 -2.47 -1 -2.51 -1 -2.954 -1 26
-2.732 -1 -2.39 -1 -2.8 -1 -3.072 -1 344
-2.936 -1 -2.518 -1 -2.644 -1 -3.046 -1 111
-2.845 -1 -2.464 -1 -2.606 -1 -3.04 -1 125
-2.823 -1 -2.43 -1 -2.564 -1 -2.89 -1 114
-2.727 -1 -2.348 -1 -2.714 -1 -3.05 -1 289
-2.882 -1 -2.458 -1 -2.826 -1 -3.142 -1 346
-2.984 -1 -2.546 -1 -2.714 -1 -3.086 -1 129
-2.9 -1 -2.5 -1 -2.53 -1 -2.94 -1 26
-2.735 -1 -2.392 -1 -2.732 -1 -3.138 -1 276
-2.935 -1 -2.486 -1 -2.576 -1 -3.016 -1 67
-2.796 -1 -2.416 -1 -2.84 -1 -3.134 -1 350
-2.987 -1 -2.536 -1 -2.644 -1 -3.016 -1 83
-2.83 -1 -2.444 -1 -2.482 -1 -3.002 -1 34
-2.742 -1 -2.366 -1 -2.384 -1 -2.858 -1 15
-2.621 -1 -2.272 -1 -2.812 -1 -3.096 -1 358
-2.954 -1 -2.49 -1 -2.7 -1 -3.164 -1 170
-2.932 -1 -2.536 -1 -2.758 -1 -3.08 -1 175
-2.919 -1 -2.482 -1 -2.686 -1 -3.116 -1 165
-2.901 -1 -2.468 -1 -2.632 -1 -3.012 -1 107
-2.822 -1 -2.43 -1 -2.494 -1 -2.964 -1 49
-2.729 -1 -2.356 -1 -2.412 -1 -2.958 -1 62
-2.685 -1 -2.326 -1 -2.712 -1 -3.112 -1 278
-2.912 -1 -2.494 -1 -2.618 -1 -2.972 -1 108
-2.795 -1 -2.408 -1 -2.628 -1 -2.982 -1 181
-2.805 -1 -2.4 -1 -2.562 -1 -2.948 -1 146
-2.755 -1 -2.364 -1 -2.77 -1 -3.076 -1 288
-2.923 -1 -2.454 -1 -2.676 -1 -3.038 -1 151
-2.857 -1 -2.454 -1 -2.74 -1 -3.068 -1 201
-2.904 -1 -2.494 -1 -2.656 -1 -3.01 -1 114
-2.833 -1 -2.45 -1 -2.732 -1 -3.102 -1 263
-2.917 -1 -2.464 -1 -2.794 -1 -3.136 -1 250
-2.965 -1 -2.534 -1 -2.784 -1 -3.174 -1 233
-2.979 -1 -2.542 -1 -2.886 -1 -3.2 -1 328
-3.043 -1 -2.63 -1 -2.95 -1 -3.234 -1 354
-3.092 -1 -2.64 -1 -2.794 -1 -3.178 -1 156
-2.986 -1 -2.556 -1 -2.732 -1 -3.132 -1 117
-2.932 -1 -2.498 -1 -2.9 -1 -3.186 -1 296
-3.043 -1 -2.614 -1 -2.744 -1 -3.056 -1 119
-2.9 -1 -2.524 -1 -2.702 -1 -3.144 -1 155
-2.923 -1 -2.53 -1 -2.724 -1 -3.078 -1 184
-2.901 -1 -2.494 -1 -2.556 -1 -3.018 -1 59
-2.787 -1 -2.412 -1 -2.884 -1 -3.104 0 379
