8 1000 1 9 66 0 0 0 0
-3.473 -1 -2.994 -1 -3.068 -1 -3.214 -1 190
-3.141 -1 -2.71 -1 -2.806 -1 -3.108 -1 168
-2.957 -1 -2.566 -1 -2.986 -1 -3.248 -1 391
-3.117 -1 -2.678 -1 -2.814 -1 -3.138 -1 140
-2.976 -1 -2.512 -1 -2.752 -1 -3.116 -1 305
-2.934 -1 -2.494 -1 -2.706 -1 -3.084 -1 226
-2.895 -1 -2.464 -1 -2.852 -1 -3.2 -1 313
-3.026 -1 -2.53 -1 -2.582 -1 -2.922 -1 54
-2.752 -1 -2.368 -1 -2.538 -1 -2.942 -1 164
-2.74 -1 -2.342 -1 -2.696 -1 -3.012 -1 297
-2.854 -1 -2.408 -1 -2.672 -1 -3.04 -1 240
-2.856 -1 -2.378 -1 -2.75 -1 -3.046 -1 307
-2.898 -1 -2.408 -1 -2.702 -1 -3.01 -1 258
-2.856 -1 -2.426 -1 -2.8 -1 -3.042 -1 345
-2.921 -1 -2.434 -1 -2.67 -1 -2.992 -1 225
-2.831 -1 -2.42 -1 -2.686 -1 -3.002 -1 242
-2.844 -1 -2.428 -1 -2.432 -1 -2.826 -1 10
-2.629 -1 -2.246 -1 -2.328 -1 -2.768 -1 59
-2.548 -1 -2.216 -1 -2.476 -1 -2.878 -1 192
-2.677 -1 -2.272 -1 -2.552 -1 -2.884 -1 218
-2.718 -1 -2.264 -1 -2.78 -1 -3.086 -1 466
-2.933 -1 -2.46 -1 -2.62 -1 -2.956 -1 158
-2.788 -1 -2.348 -1 -2.834 -1 -3.088 -1 414
-2.961 -1 -2.514 -1 -2.55 -1 -2.902 -1 33
-2.726 -1 -2.342 -1 -2.82 -1 -3.092 -1 470
-2.956 -1 -2.464 -1 -2.64 -1 -2.974 -1 196
-2.807 -1 -2.384 -1 -2.406 -1 -2.878 -1 28
-2.642 -1 -2.274 -1 -2.626 -1 -3.018 -1 319
-2.822 -1 -2.39 -1 -2.554 -1 -2.99 -1 145
-2.772 -1 -2.342 -1 -2.484 -1 -2.87 -1 164
-2.677 -1 -2.322 -1 -2.652 -1 -2.97 -1 280
-2.811 -1 -2.396 -1 -2.9 -1 -3.076 -1 478
-2.988 -1 -2.538 -1 -2.698 -1 -3.028 -1 197
-2.863 -1 -2.456 -1 -2.506 -1 -2.904 -1 39
-2.705 -1 -2.332 -1 -2.488 -1 -2.816 -1 116
-2.652 -1 -2.236 -1 -2.622 -1 -3 -1 351
-2.811 -1 -2.404 -1 -2.854 -1 -3.13 -1 449
-2.992 -1 -2.552 -1 -2.558 -1 -2.906 -1 19
-2.732 -1 -2.35 -1 -2.618 -1 -2.934 -1 248
-2.776 -1 -2.342 -1 -2.596 -1 -2.95 -1 221
-2.773 -1 -2.316 -1 -2.684 -1 -2.978 -1 290
-2.831 -1 -2.41 -1 -2.546 -1 -2.976 -1 111
-2.761 -1 -2.342 -1 -2.714 -1 -3.022 -1 344
-2.868 -1 -2.438 -1 -2.692 -1 -2.956 -1 264
-2.824 -1 -2.384 -1 -2.514 -1 -2.98 -1 89
-2.747 -1 -2.352 -1 -2.716 -1 -3.022 -1 377
-2.869 -1 -2.442 -1 -2.58 -1 -2.936 -1 138
-2.758 -1 -2.33 -1 -2.34 -1 -2.886 -1 10
-2.613 -1 -2.248 -1 -2.428 -1 -2.87 -1 145
-2.649 -1 -2.254 -1 -2.754 -1 -3.056 -1 418
-2.905 -1 -2.446 -1 -2.568 -1 -2.982 -1 144
-2.775 -1 -2.356 -1 -2.502 -1 -2.842 -1 108
-2.672 -1 -2.292 -1 -2.544 -1 -2.874 -1 201
-2.709 -1 -2.292 -1 -2.562 -1 -2.966 -1 191
-2.764 -1 -2.348 -1 -2.372 -1 -2.858 -1 38
-2.615 -1 -2.224 -1 -2.578 -1 -2.922 -1 274
-2.75 -1 -2.34 -1 -2.468 -1 -2.906 -1 89
-2.687 -1 -2.294 -1 -2.372 -1 -2.82 -1 52
-2.596 -1 -2.22 -1 -2.474 -1 -2.906 -1 206
-2.69 -1 -2.29 -1 -2.594 -1 -2.884 -1 273
-2.739 -1 -2.33 -1 -2.676 -1 -2.958 -1 279
-2.817 -1 -2.376 -1 -2.458 -1 -2.908 -1 60
-2.683 -1 -2.262 -1 -2.568 -1 -2.91 -1 201
-2.739 -1 -2.322 -1 -2.614 -1 -2.968 -1 249
-2.791 -1 -2.352 -1 -2.616 -1 -3.01 -1 282
-2.813 -1 -2.382 -1 -2.712 -1 -3.034 0 345
