9 1000 0.3 5 531 0 0 0 0
-3.666 -1 -3.228 -1 -3.262 -1 -3.432 -1 52
-3.347 -1 -2.962 -1 -3.034 -1 -3.338 -1 86
-3.186 -1 -2.844 -1 -2.926 -1 -3.3 -1 122
-3.113 -1 -2.742 -1 -2.906 -1 -3.268 -1 147
-3.087 -1 -2.67 -1 -2.768 -1 -3.162 -1 74
-2.965 -1 -2.598 -1 -2.76 -1 -3.098 -1 148
-2.929 -1 -2.606 -1 -2.642 -1 -3.1 -1 32
-2.871 -1 -2.518 -1 -2.686 -1 -3.072 -1 109
-2.879 -1 -2.526 -1 -2.622 -1 -3.068 -1 84
-2.845 -1 -2.498 -1 -2.674 -1 -3.096 -1 118
-2.885 -1 -2.528 -1 -2.626 -1 -3.032 -1 118
-2.829 -1 -2.522 -1 -2.682 -1 -3.114 -1 130
-2.898 -1 -2.516 -1 -2.586 -1 -3.048 -1 45
-2.817 -1 -2.466 -1 -2.508 -1 -2.9 -1 27
-2.704 -1 -2.376 -1 -2.39 -1 -2.87 -1 8
-2.63 -1 -2.31 -1 -2.422 -1 -2.868 -1 74
-2.645 -1 -2.316 -1 -2.494 -1 -2.896 -1 141
-2.695 -1 -2.356 -1 -2.432 -1 -2.882 -1 57
-2.657 -1 -2.332 -1 -2.432 -1 -2.87 -1 96
-2.651 -1 -2.308 -1 -2.504 -1 -2.972 -1 111
-2.738 -1 -2.374 -1 -2.456 -1 -2.922 -1 60
-2.689 -1 -2.366 -1 -2.482 -1 -2.868 -1 99
-2.675 -1 -2.334 -1 -2.348 -1 -2.768 -1 6
-2.558 -1 -2.284 -1 -2.292 -1 -2.794 -1 6
-2.543 -1 -2.216 -1 -2.46 -1 -2.878 -1 142
-2.669 -1 -2.254 -1 -2.264 -1 -2.786 -1 9
-2.525 -1 -2.214 -1 -2.35 -1 -2.836 -1 73
-2.593 -1 -2.23 -1 -2.432 -1 -2.866 -1 108
-2.649 -1 -2.286 -1 -2.4 -1 -2.762 -1 73
-2.581 -1 -2.222 -1 -2.312 -1 -2.798 -1 62
-2.555 -1 -2.224 -1 -2.258 -1 -2.76 -1 32
-2.509 -1 -2.18 -1 -2.242 -1 -2.71 -1 40
-2.476 -1 -2.162 -1 -2.222 -1 -2.714 -1 29
-2.468 -1 -2.14 -1 -2.322 -1 -2.712 -1 100
-2.517 -1 -2.16 -1 -2.222 -1 -2.8 -1 52
-2.511 -1 -2.126 -1 -2.204 -1 -2.682 -1 39
-2.443 -1 -2.136 -1 -2.398 -1 -2.838 -1 139
-2.618 -1 -2.226 -1 -2.408 -1 -2.81 -1 86
-2.609 -1 -2.23 -1 -2.37 -1 -2.782 -1 117
-2.576 -1 -2.22 -1 -2.338 -1 -2.718 -1 57
-2.528 -1 -2.2 -1 -2.344 -1 -2.764 -1 87
-2.554 -1 -2.162 -1 -2.168 -1 -2.724 -1 3
-2.446 -1 -2.134 -1 -2.226 -1 -2.69 -1 38
-2.458 -1 -2.074 -1 -2.266 -1 -2.724 -1 144
-2.495 -1 -2.162 -1 -2.326 -1 -2.74 -1 99
-2.533 -1 -2.182 -1 -2.28 -1 -2.69 -1 50
-2.485 -1 -2.098 -1 -2.142 -1 -2.65 -1 37
-2.396 -1 -2.032 -1 -2.204 -1 -2.65 -1 89
-2.427 -1 -2.04 -1 -2.298 -1 -2.788 -1 127
-2.543 -1 -2.148 -1 -2.348 -1 -2.78 -1 133
-2.564 -1 -2.172 -1 -2.26 -1 -2.74 -1 57
-2.5 -1 -2.122 -1 -2.23 -1 -2.718 -1 48
-2.474 -1 -2.1 -1 -2.216 -1 -2.692 -1 82
-2.454 -1 -2.076 -1 -2.22 -1 -2.662 -1 108
-2.441 -1 -2.068 -1 -2.29 -1 -2.728 -1 133
-2.509 -1 -2.156 -1 -2.404 -1 -2.724 -1 147
-2.564 -1 -2.172 -1 -2.316 -1 -2.718 -1 101
-2.517 -1 -2.154 -1 -2.228 -1 -2.624 -1 41
-2.426 -1 -2.074 -1 -2.328 -1 -2.758 -1 126
-2.543 -1 -2.174 -1 -2.278 -1 -2.718 -1 64
-2.498 -1 -2.138 -1 -2.25 -1 -2.644 -1 74
-2.447 -1 -2.074 -1 -2.15 -1 -2.56 -1 38
-2.355 -1 -2.032 -1 -2.036 -1 -2.458 -1 2
-2.247 -1 -1.926 -1 -2.02 -1 -2.412 -1 37
-2.216 -1 -1.872 -1 -2.126 -1 -2.53 -1 112
-2.328 -1 -1.93 -1 -2.13 -1 -2.618 -1 92
-2.374 -1 -1.966 -1 -2.008 -1 -2.478 -1 19
-2.243 -1 -1.946 -1 -2.212 -1 -2.574 -1 140
-2.393 -1 -1.992 -1 -1.992 -1 -2.43 -1 0
-2.211 -1 -1.868 -1 -1.934 -1 -2.364 -1 25
-2.149 -1 -1.838 -1 -2.1 -1 -2.498 -1 127
-2.299 -1 -1.864 -1 -1.958 -1 -2.308 -1 39
-2.133 -1 -1.774 -1 -2.086 -1 -2.524 -1 147
-2.305 -1 -1.906 -1 -1.94 -1 -2.352 -1 27
-2.146 -1 -1.818 -1 -2.11 -1 -2.468 -1 129
-2.289 -1 -1.94 -1 -2.134 -1 -2.442 -1 108
-2.288 -1 -1.848 -1 -2.008 -1 -2.43 -1 86
-2.219 -1 -1.858 -1 -2.166 -1 -2.464 -1 116
-2.315 -1 -1.862 -1 -1.954 -1 -2.372 -1 37
-2.163 -1 -1.768 -1 -2.058 -1 -2.462 -1 136
-2.26 -1 -1.818 -1 -2.056 -1 -2.398 -1 104
-2.227 -1 -1.82 -1 -1.94 -1 -2.286 -1 57
-2.113 -1 -1.714 -1 -1.73 -1 -2.034 -1 3
-1.882 -1 -1.56 -1 -1.776 -1 -2.084 -1 87
-1.93 -1 -1.514 -1 -1.85 -1 -2.148 -1 139
-1.999 -1 -1.556 -1 -1.808 -1 -2.142 -1 107
-1.975 -1 -1.514 -1 -1.7 -1 -1.986 -1 82
-1.843 -1 -1.456 -1 -1.534 -1 -1.85 -1 30
-1.692 -1 -1.36 -1 -1.712 -1 -1.926 -1 109
-1.819 -1 -1.39 -1 -1.48 -1 -1.722 -1 25
-1.601 -1 -1.274 -1 -1.332 -1 -1.538 -1 19
-1.435 -1 -1.196 -1 -1.448 -1 -1.694 -1 87
-1.571 -1 -1.254 -1 -1.264 -1 -1.468 -1 6
-1.366 -1 -1.136 -1 -1.452 -1 -1.642 -1 95
-1.547 -1 -1.22 -1 -1.57 -1 -1.806 -1 124
-1.688 -1 -1.302 -1 -1.392 -1 -1.534 -1 35
-1.463 -1 -1.2 -1 -1.276 -1 -1.426 -1 26
-1.351 -1 -1.116 -1 -1.156 -1 -1.312 -1 12
-1.234 -1 -1.072 -1 -1.152 -1 -1.264 -1 21
-1.208 -1 -1.06 -1 -1.43 -1 -1.588 -1 120
-1.509 -1 -1.184 -1 -1.424 -1 -1.646 -1 72
-1.535 -1 -1.234 -1 -1.586 -1 -1.792 -1 123
-1.689 -1 -1.32 -1 -1.506 -1 -1.644 -1 70
-1.575 -1 -1.23 -1 -1.352 -1 -1.466 -1 41
-1.409 -1 -1.144 -1 -1.606 -1 -1.798 -1 139
-1.702 -1 -1.292 -1 -1.64 -1 -1.796 -1 123
-1.718 -1 -1.318 -1 -1.402 -1 -1.514 -1 26
-1.458 -1 -1.166 -1 -1.518 -1 -1.67 -1 131
-1.594 -1 -1.256 -1 -1.502 -1 -1.64 -1 88
-1.571 -1 -1.248 -1 -1.268 -1 -1.402 -1 6
-1.335 -1 -1.124 -1 -1.546 -1 -1.696 -1 123
-1.621 -1 -1.212 -1 -1.606 -1 -1.802 -1 141
-1.704 -1 -1.298 -1 -1.628 -1 -1.788 -1 112
-1.708 -1 -1.334 -1 -1.538 -1 -1.664 -1 78
-1.601 -1 -1.276 -1 -1.428 -1 -1.572 -1 55
-1.5 -1 -1.244 -1 -1.36 -1 -1.434 -1 35
-1.397 -1 -1.112 -1 -1.156 -1 -1.232 -1 12
-1.194 -1 -1.038 -1 -1.156 -1 -1.232 -1 32
-1.194 -1 -1.046 -1 -1.27 -1 -1.37 -1 60
-1.32 -1 -1.1 -1 -1.45 -1 -1.622 -1 122
-1.536 -1 -1.226 -1 -1.412 -1 -1.522 -1 63
-1.467 -1 -1.174 -1 -1.432 -1 -1.576 -1 88
-1.504 -1 -1.186 -1 -1.476 -1 -1.594 -1 93
-1.535 -1 -1.24 -1 -1.25 -1 -1.324 -1 5
-1.287 -1 -1.098 -1 -1.39 -1 -1.524 -1 92
-1.457 -1 -1.178 -1 -1.284 -1 -1.392 -1 30
-1.338 -1 -1.114 -1 -1.458 -1 -1.602 -1 109
-1.53 -1 -1.192 -1 -1.59 -1 -1.736 -1 136
-1.663 -1 -1.262 -1 -1.508 -1 -1.658 -1 85
-1.583 -1 -1.25 -1 -1.532 -1 -1.636 -1 91
-1.584 -1 -1.2 -1 -1.38 -1 -1.49 -1 65
-1.435 -1 -1.174 -1 -1.32 -1 -1.482 -1 43
-1.401 -1 -1.168 -1 -1.398 -1 -1.472 -1 70
-1.435 -1 -1.132 -1 -1.248 -1 -1.342 -1 37
-1.295 -1 -1.112 -1 -1.542 -1 -1.648 -1 134
-1.595 -1 -1.232 -1 -1.534 -1 -1.636 -1 96
-1.585 -1 -1.218 -1 -1.536 -1 -1.672 -1 102
-1.604 -1 -1.262 -1 -1.414 -1 -1.506 -1 55
-1.46 -1 -1.208 -1 -1.584 -1 -1.72 -1 149
-1.652 -1 -1.292 -1 -1.316 -1 -1.416 -1 9
-1.366 -1 -1.126 -1 -1.282 -1 -1.384 -1 62
-1.333 -1 -1.124 -1 -1.438 -1 -1.52 -1 92
-1.479 -1 -1.172 -1 -1.614 -1 -1.74 -1 145
-1.677 -1 -1.282 -1 -1.418 -1 -1.578 -1 47
-1.498 -1 -1.188 -1 -1.436 -1 -1.532 -1 80
-1.484 -1 -1.19 -1 -1.308 -1 -1.402 -1 40
-1.355 -1 -1.114 -1 -1.456 -1 -1.574 -1 113
-1.515 -1 -1.214 -1 -1.26 -1 -1.324 -1 15
-1.292 -1 -1.092 -1 -1.136 -1 -1.204 -1 18
-1.17 -1 -1.066 -1 -1.206 -1 -1.28 -1 48
-1.243 -1 -1.08 -1 -1.364 -1 -1.42 -1 80
-1.392 -1 -1.102 -1 -1.128 -1 -1.182 -1 8
-1.155 -1 -1.044 -1 -1.332 -1 -1.414 -1 81
-1.373 -1 -1.11 -1 -1.188 -1 -1.244 -1 21
-1.216 -1 -1.064 -1 -1.068 -1 -1.106 -1 2
-1.087 -1 -1.016 -1 -1.46 -1 -1.564 -1 144
-1.512 -1 -1.178 -1 -1.496 -1 -1.614 -1 109
-1.555 -1 -1.254 -1 -1.68 -1 -1.78 -1 136
-1.73 -1 -1.324 -1 -1.326 -1 -1.412 -1 3
-1.369 -1 -1.146 -1 -1.196 -1 -1.308 -1 16
-1.252 -1 -1.088 -1 -1.504 -1 -1.616 -1 120
-1.56 -1 -1.244 -1 -1.358 -1 -1.458 -1 44
-1.408 -1 -1.134 -1 -1.136 -1 -1.196 -1 1
-1.166 -1 -1.042 -1 -1.422 -1 -1.542 -1 129
-1.482 -1 -1.176 -1 -1.176 -1 -1.236 -1 0
-1.206 -1 -1.07 -1 -1.164 -1 -1.222 -1 24
-1.193 -1 -1.058 -1 -1.176 -1 -1.208 -1 37
-1.192 -1 -1.036 -1 -1.108 -1 -1.16 -1 24
-1.134 -1 -1.044 -1 -1.312 -1 -1.398 -1 84
-1.355 -1 -1.12 -1 -1.176 -1 -1.226 -1 16
-1.201 -1 -1.038 -1 -1.276 -1 -1.348 -1 58
-1.312 -1 -1.09 -1 -1.214 -1 -1.274 -1 33
-1.244 -1 -1.064 -1 -1.416 -1 -1.51 -1 105
-1.463 -1 -1.158 -1 -1.56 -1 -1.638 -1 134
-1.599 -1 -1.23 -1 -1.266 -1 -1.356 -1 8
-1.311 -1 -1.134 -1 -1.418 -1 -1.5 -1 87
-1.459 -1 -1.172 -1 -1.298 -1 -1.392 -1 41
-1.345 -1 -1.09 -1 -1.396 -1 -1.49 -1 87
-1.443 -1 -1.164 -1 -1.398 -1 -1.478 -1 73
-1.438 -1 -1.136 -1 -1.51 -1 -1.634 -1 135
-1.572 -1 -1.232 -1 -1.492 -1 -1.616 -1 77
-1.554 -1 -1.252 -1 -1.388 -1 -1.484 -1 48
-1.436 -1 -1.152 -1 -1.498 -1 -1.608 -1 120
-1.553 -1 -1.224 -1 -1.28 -1 -1.366 -1 20
-1.323 -1 -1.142 -1 -1.21 -1 -1.286 -1 23
-1.248 -1 -1.07 -1 -1.356 -1 -1.458 -1 93
-1.407 -1 -1.124 -1 -1.186 -1 -1.234 -1 17
-1.21 -1 -1.044 -1 -1.424 -1 -1.53 -1 111
-1.477 -1 -1.174 -1 -1.456 -1 -1.562 -1 82
-1.509 -1 -1.196 -1 -1.242 -1 -1.302 -1 14
-1.272 -1 -1.074 -1 -1.298 -1 -1.406 -1 68
-1.352 -1 -1.116 -1 -1.156 -1 -1.216 -1 21
-1.186 -1 -1.052 -1 -1.154 -1 -1.186 -1 34
-1.17 -1 -1.034 -1 -1.366 -1 -1.48 -1 116
-1.423 -1 -1.146 -1 -1.384 -1 -1.476 -1 88
-1.43 -1 -1.146 -1 -1.228 -1 -1.292 -1 26
-1.26 -1 -1.068 -1 -1.272 -1 -1.374 -1 74
-1.323 -1 -1.094 -1 -1.464 -1 -1.6 -1 118
-1.532 -1 -1.184 -1 -1.272 -1 -1.366 -1 31
-1.319 -1 -1.106 -1 -1.356 -1 -1.462 -1 82
-1.409 -1 -1.182 -1 -1.606 -1 -1.712 -1 127
-1.659 -1 -1.228 -1 -1.244 -1 -1.334 -1 9
-1.289 -1 -1.092 -1 -1.114 -1 -1.162 -1 10
-1.138 -1 -1.034 -1 -1.246 -1 -1.342 -1 75
-1.294 -1 -1.09 -1 -1.33 -1 -1.414 -1 76
-1.372 -1 -1.138 -1 -1.474 -1 -1.536 -1 115
-1.505 -1 -1.192 -1 -1.468 -1 -1.602 -1 88
-1.535 -1 -1.182 -1 -1.404 -1 -1.522 -1 74
-1.463 -1 -1.156 -1 -1.444 -1 -1.606 -1 104
-1.525 -1 -1.224 -1 -1.66 -1 -1.74 -1 147
-1.7 -1 -1.322 -1 -1.728 -1 -1.894 -1 145
-1.811 -1 -1.356 -1 -1.698 -1 -1.842 -1 141
-1.77 -1 -1.33 -1 -1.532 -1 -1.71 -1 76
-1.621 -1 -1.264 -1 -1.368 -1 -1.524 -1 30
-1.446 -1 -1.164 -1 -1.36 -1 -1.44 -1 60
-1.4 -1 -1.15 -1 -1.242 -1 -1.336 -1 30
-1.289 -1 -1.084 -1 -1.304 -1 -1.44 -1 70
-1.372 -1 -1.136 -1 -1.342 -1 -1.476 -1 71
-1.409 -1 -1.18 -1 -1.334 -1 -1.444 -1 47
-1.389 -1 -1.124 -1 -1.596 -1 -1.782 -1 140
-1.689 -1 -1.284 -1 -1.538 -1 -1.672 -1 80
-1.605 -1 -1.254 -1 -1.346 -1 -1.462 -1 30
-1.404 -1 -1.158 -1 -1.286 -1 -1.404 -1 44
-1.345 -1 -1.124 -1 -1.312 -1 -1.436 -1 69
-1.374 -1 -1.13 -1 -1.136 -1 -1.21 -1 8
-1.173 -1 -1.044 -1 -1.414 -1 -1.57 -1 121
-1.492 -1 -1.184 -1 -1.396 -1 -1.504 -1 73
-1.45 -1 -1.174 -1 -1.482 -1 -1.634 -1 105
-1.558 -1 -1.224 -1 -1.426 -1 -1.512 -1 68
-1.469 -1 -1.162 -1 -1.364 -1 -1.444 -1 55
-1.404 -1 -1.146 -1 -1.146 -1 -1.192 -1 3
-1.169 -1 -1.034 -1 -1.04 -1 -1.076 -1 1
-1.058 -1 -1.008 -1 -1.068 -1 -1.12 -1 21
-1.094 -1 -1.024 -1 -1.444 -1 -1.56 -1 137
-1.502 -1 -1.184 -1 -1.32 -1 -1.426 -1 45
-1.373 -1 -1.116 -1 -1.25 -1 -1.354 -1 46
-1.302 -1 -1.112 -1 -1.394 -1 -1.496 -1 92
-1.445 -1 -1.144 -1 -1.318 -1 -1.41 -1 50
-1.364 -1 -1.112 -1 -1.228 -1 -1.302 -1 37
-1.265 -1 -1.068 -1 -1.37 -1 -1.488 -1 88
-1.429 -1 -1.138 -1 -1.496 -1 -1.602 -1 124
-1.549 -1 -1.232 -1 -1.326 -1 -1.38 -1 22
-1.353 -1 -1.114 -1 -1.158 -1 -1.202 -1 16
-1.18 -1 -1.064 -1 -1.468 -1 -1.576 -1 129
-1.522 -1 -1.172 -1 -1.534 -1 -1.67 -1 116
-1.602 -1 -1.262 -1 -1.586 -1 -1.714 -1 108
-1.65 -1 -1.262 -1 -1.3 -1 -1.398 -1 11
-1.349 -1 -1.132 -1 -1.322 -1 -1.408 -1 57
-1.365 -1 -1.13 -1 -1.526 -1 -1.656 -1 119
-1.591 -1 -1.2 -1 -1.508 -1 -1.628 -1 113
-1.568 -1 -1.226 -1 -1.266 -1 -1.344 -1 11
-1.305 -1 -1.106 -1 -1.454 -1 -1.526 -1 107
-1.49 -1 -1.214 -1 -1.376 -1 -1.45 -1 48
-1.413 -1 -1.122 -1 -1.54 -1 -1.71 -1 124
-1.625 -1 -1.26 -1 -1.398 -1 -1.536 -1 47
-1.467 -1 -1.152 -1 -1.294 -1 -1.43 -1 48
-1.362 -1 -1.122 -1 -1.482 -1 -1.604 -1 111
-1.543 -1 -1.236 -1 -1.608 -1 -1.754 -1 121
-1.681 -1 -1.282 -1 -1.316 -1 -1.4 -1 8
-1.358 -1 -1.116 -1 -1.338 -1 -1.452 -1 77
-1.395 -1 -1.12 -1 -1.536 -1 -1.654 -1 107
-1.595 -1 -1.234 -1 -1.28 -1 -1.352 -1 12
-1.316 -1 -1.132 -1 -1.394 -1 -1.532 -1 73
-1.463 -1 -1.16 -1 -1.446 -1 -1.548 -1 106
-1.497 -1 -1.21 -1 -1.462 -1 -1.614 -1 92
-1.538 -1 -1.212 -1 -1.668 -1 -1.782 -1 133
-1.725 -1 -1.376 -1 -1.518 -1 -1.636 -1 52
-1.577 -1 -1.218 -1 -1.488 -1 -1.624 -1 90
-1.556 -1 -1.228 -1 -1.644 -1 -1.832 -1 129
-1.738 -1 -1.296 -1 -1.62 -1 -1.826 -1 120
-1.723 -1 -1.312 -1 -1.394 -1 -1.476 -1 25
-1.435 -1 -1.184 -1 -1.288 -1 -1.404 -1 33
-1.346 -1 -1.122 -1 -1.492 -1 -1.644 -1 124
-1.568 -1 -1.186 -1 -1.426 -1 -1.554 -1 94
-1.49 -1 -1.188 -1 -1.496 -1 -1.612 -1 105
-1.554 -1 -1.202 -1 -1.486 -1 -1.628 -1 85
-1.557 -1 -1.188 -1 -1.458 -1 -1.574 -1 91
-1.516 -1 -1.196 -1 -1.238 -1 -1.304 -1 16
-1.271 -1 -1.072 -1 -1.198 -1 -1.262 -1 31
-1.23 -1 -1.084 -1 -1.45 -1 -1.576 -1 124
-1.513 -1 -1.198 -1 -1.298 -1 -1.386 -1 40
-1.342 -1 -1.12 -1 -1.386 -1 -1.512 -1 82
-1.449 -1 -1.142 -1 -1.192 -1 -1.264 -1 10
-1.228 -1 -1.06 -1 -1.254 -1 -1.334 -1 61
-1.294 -1 -1.078 -1 -1.212 -1 -1.286 -1 42
-1.249 -1 -1.064 -1 -1.242 -1 -1.286 -1 56
-1.264 -1 -1.068 -1 -1.418 -1 -1.508 -1 109
-1.463 -1 -1.182 -1 -1.602 -1 -1.732 -1 147
-1.667 -1 -1.268 -1 -1.494 -1 -1.636 -1 85
-1.565 -1 -1.256 -1 -1.692 -1 -1.83 -1 140
-1.761 -1 -1.332 -1 -1.334 -1 -1.438 -1 7
-1.386 -1 -1.168 -1 -1.33 -1 -1.458 -1 54
-1.394 -1 -1.126 -1 -1.52 -1 -1.65 -1 131
-1.585 -1 -1.244 -1 -1.494 -1 -1.654 -1 91
-1.574 -1 -1.22 -1 -1.596 -1 -1.686 -1 118
-1.641 -1 -1.286 -1 -1.652 -1 -1.856 -1 130
-1.754 -1 -1.374 -1 -1.602 -1 -1.792 -1 71
-1.697 -1 -1.316 -1 -1.504 -1 -1.646 -1 55
-1.575 -1 -1.244 -1 -1.596 -1 -1.734 -1 114
-1.665 -1 -1.314 -1 -1.538 -1 -1.662 -1 71
-1.6 -1 -1.25 -1 -1.294 -1 -1.41 -1 15
-1.352 -1 -1.124 -1 -1.454 -1 -1.55 -1 110
-1.502 -1 -1.216 -1 -1.428 -1 -1.574 -1 69
-1.501 -1 -1.212 -1 -1.608 -1 -1.766 -1 124
-1.687 -1 -1.258 -1 -1.388 -1 -1.498 -1 43
-1.443 -1 -1.156 -1 -1.32 -1 -1.382 -1 49
-1.351 -1 -1.106 -1 -1.128 -1 -1.178 -1 5
-1.153 -1 -1.032 -1 -1.044 -1 -1.076 -1 6
-1.06 -1 -1.014 -1 -1.412 -1 -1.488 -1 124
-1.45 -1 -1.132 -1 -1.248 -1 -1.354 -1 41
-1.301 -1 -1.094 -1 -1.264 -1 -1.318 -1 54
-1.291 -1 -1.11 -1 -1.264 -1 -1.362 -1 50
-1.313 -1 -1.122 -1 -1.172 -1 -1.228 -1 15
-1.2 -1 -1.062 -1 -1.242 -1 -1.308 -1 56
-1.275 -1 -1.092 -1 -1.438 -1 -1.55 -1 105
-1.494 -1 -1.17 -1 -1.496 -1 -1.616 -1 101
-1.556 -1 -1.228 -1 -1.6 -1 -1.776 -1 112
-1.688 -1 -1.294 -1 -1.294 -1 -1.404 -1 1
-1.349 -1 -1.096 -1 -1.314 -1 -1.402 -1 61
-1.358 -1 -1.122 -1 -1.312 -1 -1.396 -1 55
-1.354 -1 -1.09 -1 -1.136 -1 -1.188 -1 15
-1.162 -1 -1.038 -1 -1.392 -1 -1.526 -1 107
-1.459 -1 -1.178 -1 -1.42 -1 -1.512 -1 79
-1.466 -1 -1.182 -1 -1.428 -1 -1.564 -1 89
-1.496 -1 -1.186 -1 -1.402 -1 -1.504 -1 69
-1.453 -1 -1.176 -1 -1.35 -1 -1.434 -1 49
-1.392 -1 -1.142 -1 -1.53 -1 -1.61 -1 122
-1.57 -1 -1.22 -1 -1.388 -1 -1.51 -1 54
-1.449 -1 -1.15 -1 -1.27 -1 -1.37 -1 39
-1.32 -1 -1.114 -1 -1.384 -1 -1.5 -1 77
-1.442 -1 -1.158 -1 -1.358 -1 -1.476 -1 65
-1.417 -1 -1.138 -1 -1.512 -1 -1.64 -1 109
-1.576 -1 -1.254 -1 -1.442 -1 -1.524 -1 59
-1.483 -1 -1.168 -1 -1.336 -1 -1.42 -1 50
-1.378 -1 -1.144 -1 -1.574 -1 -1.708 -1 145
-1.641 -1 -1.232 -1 -1.698 -1 -1.84 -1 141
-1.769 -1 -1.336 -1 -1.45 -1 -1.596 -1 46
-1.523 -1 -1.212 -1 -1.222 -1 -1.312 -1 3
-1.267 -1 -1.076 -1 -1.358 -1 -1.468 -1 87
-1.413 -1 -1.146 -1 -1.506 -1 -1.656 -1 106
-1.581 -1 -1.206 -1 -1.268 -1 -1.35 -1 21
-1.309 -1 -1.1 -1 -1.562 -1 -1.728 -1 142
-1.645 -1 -1.298 -1 -1.668 -1 -1.82 -1 144
-1.744 -1 -1.34 -1 -1.564 -1 -1.688 -1 73
-1.626 -1 -1.256 -1 -1.62 -1 -1.78 -1 129
-1.7 -1 -1.31 -1 -1.494 -1 -1.668 -1 71
-1.581 -1 -1.252 -1 -1.532 -1 -1.664 -1 101
-1.598 -1 -1.284 -1 -1.602 -1 -1.812 -1 109
-1.707 -1 -1.316 -1 -1.414 -1 -1.53 -1 27
-1.472 -1 -1.176 -1 -1.494 -1 -1.642 -1 90
-1.568 -1 -1.224 -1 -1.558 -1 -1.71 -1 124
-1.634 -1 -1.268 -1 -1.572 -1 -1.734 -1 111
-1.653 -1 -1.28 -1 -1.294 -1 -1.398 -1 5
-1.346 -1 -1.11 -1 -1.46 -1 -1.644 -1 108
-1.552 -1 -1.222 -1 -1.442 -1 -1.552 -1 73
-1.497 -1 -1.182 -1 -1.662 -1 -1.784 -1 134
-1.723 -1 -1.29 -1 -1.41 -1 -1.564 -1 40
-1.487 -1 -1.182 -1 -1.442 -1 -1.614 -1 89
-1.528 -1 -1.222 -1 -1.568 -1 -1.678 -1 119
-1.623 -1 -1.26 -1 -1.718 -1 -1.876 -1 148
-1.797 -1 -1.348 -1 -1.518 -1 -1.682 -1 58
-1.6 -1 -1.262 -1 -1.318 -1 -1.412 -1 13
-1.365 -1 -1.132 -1 -1.234 -1 -1.324 -1 39
-1.279 -1 -1.088 -1 -1.35 -1 -1.45 -1 84
-1.4 -1 -1.146 -1 -1.24 -1 -1.304 -1 27
-1.272 -1 -1.072 -1 -1.192 -1 -1.268 -1 32
-1.23 -1 -1.072 -1 -1.456 -1 -1.598 -1 134
-1.527 -1 -1.198 -1 -1.52 -1 -1.644 -1 116
-1.582 -1 -1.258 -1 -1.616 -1 -1.8 -1 116
-1.708 -1 -1.28 -1 -1.556 -1 -1.704 -1 92
-1.63 -1 -1.256 -1 -1.488 -1 -1.624 -1 81
-1.556 -1 -1.234 -1 -1.262 -1 -1.368 -1 6
-1.315 -1 -1.114 -1 -1.206 -1 -1.298 -1 29
-1.252 -1 -1.084 -1 -1.362 -1 -1.474 -1 81
-1.418 -1 -1.156 -1 -1.566 -1 -1.71 -1 130
-1.638 -1 -1.264 -1 -1.568 -1 -1.72 -1 117
-1.644 -1 -1.272 -1 -1.278 -1 -1.376 -1 2
-1.327 -1 -1.128 -1 -1.466 -1 -1.594 -1 108
-1.53 -1 -1.204 -1 -1.438 -1 -1.57 -1 76
-1.504 -1 -1.182 -1 -1.412 -1 -1.546 -1 79
-1.479 -1 -1.168 -1 -1.614 -1 -1.754 -1 146
-1.684 -1 -1.31 -1 -1.57 -1 -1.66 -1 88
-1.615 -1 -1.238 -1 -1.552 -1 -1.668 -1 101
-1.61 -1 -1.238 -1 -1.534 -1 -1.654 -1 103
-1.594 -1 -1.224 -1 -1.342 -1 -1.448 -1 39
-1.395 -1 -1.152 -1 -1.364 -1 -1.48 -1 73
-1.422 -1 -1.164 -1 -1.384 -1 -1.498 -1 75
-1.441 -1 -1.148 -1 -1.548 -1 -1.684 -1 132
-1.616 -1 -1.288 -1 -1.668 -1 -1.78 -1 122
-1.724 -1 -1.334 -1 -1.46 -1 -1.594 -1 45
-1.527 -1 -1.206 -1 -1.308 -1 -1.404 -1 27
-1.356 -1 -1.106 -1 -1.544 -1 -1.674 -1 144
-1.609 -1 -1.26 -1 -1.56 -1 -1.672 -1 99
-1.616 -1 -1.26 -1 -1.44 -1 -1.542 -1 48
-1.491 -1 -1.18 -1 -1.286 -1 -1.362 -1 25
-1.324 -1 -1.12 -1 -1.146 -1 -1.23 -1 12
-1.188 -1 -1.076 -1 -1.192 -1 -1.254 -1 47
-1.223 -1 -1.078 -1 -1.336 -1 -1.466 -1 78
-1.401 -1 -1.17 -1 -1.374 -1 -1.488 -1 62
-1.431 -1 -1.166 -1 -1.222 -1 -1.306 -1 14
-1.264 -1 -1.084 -1 -1.588 -1 -1.688 -1 147
-1.638 -1 -1.278 -1 -1.69 -1 -1.842 -1 133
-1.766 -1 -1.378 -1 -1.462 -1 -1.638 -1 31
-1.55 -1 -1.252 -1 -1.674 -1 -1.804 -1 149
-1.739 -1 -1.35 -1 -1.716 -1 -1.848 -1 132
-1.782 -1 -1.35 -1 -1.494 -1 -1.628 -1 44
-1.561 -1 -1.226 -1 -1.6 -1 -1.758 -1 122
-1.679 -1 -1.27 -1 -1.402 -1 -1.494 -1 39
-1.448 -1 -1.152 -1 -1.414 -1 -1.532 -1 88
-1.473 -1 -1.196 -1 -1.35 -1 -1.428 -1 53
-1.389 -1 -1.114 -1 -1.414 -1 -1.512 -1 90
-1.463 -1 -1.15 -1 -1.232 -1 -1.304 -1 26
-1.268 -1 -1.098 -1 -1.262 -1 -1.378 -1 45
-1.32 -1 -1.112 -1 -1.5 -1 -1.588 -1 119
-1.544 -1 -1.216 -1 -1.394 -1 -1.496 -1 52
-1.445 -1 -1.184 -1 -1.574 -1 -1.706 -1 136
-1.64 -1 -1.264 -1 -1.452 -1 -1.56 -1 75
-1.506 -1 -1.224 -1 -1.308 -1 -1.392 -1 28
-1.35 -1 -1.118 -1 -1.448 -1 -1.528 -1 105
-1.488 -1 -1.214 -1 -1.578 -1 -1.692 -1 130
-1.635 -1 -1.25 -1 -1.37 -1 -1.46 -1 44
-1.415 -1 -1.176 -1 -1.256 -1 -1.34 -1 25
-1.298 -1 -1.094 -1 -1.206 -1 -1.262 -1 39
-1.234 -1 -1.058 -1 -1.09 -1 -1.14 -1 8
-1.115 -1 -1.03 -1 -1.118 -1 -1.166 -1 23
-1.142 -1 -1.042 -1 -1.06 -1 -1.082 -1 6
-1.071 -1 -1.022 -1 -1.322 -1 -1.406 -1 86
-1.364 -1 -1.148 -1 -1.392 -1 -1.46 -1 77
-1.426 -1 -1.174 -1 -1.372 -1 -1.458 -1 67
-1.415 -1 -1.146 -1 -1.308 -1 -1.39 -1 49
-1.349 -1 -1.11 -1 -1.43 -1 -1.53 -1 105
-1.48 -1 -1.162 -1 -1.568 -1 -1.682 -1 121
-1.625 -1 -1.266 -1 -1.28 -1 -1.364 -1 6
-1.322 -1 -1.096 -1 -1.396 -1 -1.506 -1 95
-1.451 -1 -1.17 -1 -1.306 -1 -1.402 -1 42
-1.354 -1 -1.14 -1 -1.19 -1 -1.258 -1 15
-1.224 -1 -1.058 -1 -1.352 -1 -1.436 -1 89
-1.394 -1 -1.13 -1 -1.146 -1 -1.206 -1 10
-1.176 -1 -1.04 -1 -1.16 -1 -1.22 -1 27
-1.19 -1 -1.064 -1 -1.094 -1 -1.128 -1 7
-1.111 -1 -1.034 -1 -1.066 -1 -1.098 -1 9
-1.082 -1 -1.026 -1 -1.322 -1 -1.4 -1 93
-1.361 -1 -1.108 -1 -1.512 -1 -1.606 -1 115
-1.559 -1 -1.2 -1 -1.322 -1 -1.384 -1 38
-1.353 -1 -1.136 -1 -1.288 -1 -1.356 -1 44
-1.322 -1 -1.1 -1 -1.17 -1 -1.22 -1 30
-1.195 -1 -1.052 -1 -1.132 -1 -1.17 -1 25
-1.151 -1 -1.044 -1 -1.326 -1 -1.418 -1 86
-1.372 -1 -1.158 -1 -1.406 -1 -1.54 -1 80
-1.473 -1 -1.168 -1 -1.608 -1 -1.696 -1 132
-1.652 -1 -1.278 -1 -1.584 -1 -1.682 -1 111
-1.633 -1 -1.254 -1 -1.542 -1 -1.69 -1 92
-1.616 -1 -1.292 -1 -1.694 -1 -1.802 -1 141
-1.748 -1 -1.348 -1 -1.382 -1 -1.488 -1 10
-1.435 -1 -1.194 -1 -1.568 -1 -1.66 -1 120
-1.614 -1 -1.28 -1 -1.414 -1 -1.494 -1 47
-1.454 -1 -1.166 -1 -1.448 -1 -1.596 -1 95
-1.522 -1 -1.176 -1 -1.266 -1 -1.348 -1 27
-1.307 -1 -1.076 -1 -1.426 -1 -1.564 -1 115
-1.495 -1 -1.188 -1 -1.238 -1 -1.308 -1 14
-1.273 -1 -1.094 -1 -1.298 -1 -1.4 -1 65
-1.349 -1 -1.11 -1 -1.256 -1 -1.342 -1 51
-1.299 -1 -1.102 -1 -1.4 -1 -1.492 -1 112
-1.446 -1 -1.148 -1 -1.408 -1 -1.544 -1 94
-1.476 -1 -1.188 -1 -1.558 -1 -1.688 -1 117
-1.623 -1 -1.272 -1 -1.448 -1 -1.546 -1 50
-1.497 -1 -1.202 -1 -1.584 -1 -1.708 -1 139
-1.646 -1 -1.322 -1 -1.514 -1 -1.652 -1 55
-1.583 -1 -1.256 -1 -1.394 -1 -1.506 -1 46
-1.45 -1 -1.168 -1 -1.464 -1 -1.584 -1 90
-1.524 -1 -1.24 -1 -1.596 -1 -1.76 -1 122
-1.678 -1 -1.276 -1 -1.484 -1 -1.594 -1 64
-1.539 -1 -1.208 -1 -1.622 -1 -1.736 -1 146
-1.679 -1 -1.274 -1 -1.652 -1 -1.814 -1 140
-1.733 -1 -1.312 -1 -1.382 -1 -1.526 -1 27
-1.454 -1 -1.186 -1 -1.618 -1 -1.774 -1 126
-1.696 -1 -1.332 -1 -1.574 -1 -1.734 -1 99
-1.654 -1 -1.28 -1 -1.284 -1 -1.414 -1 3
-1.349 -1 -1.15 -1 -1.304 -1 -1.408 -1 42
-1.356 -1 -1.116 -1 -1.118 -1 -1.214 -1 1
-1.166 -1 -1.056 -1 -1.49 -1 -1.634 -1 125
-1.562 -1 -1.218 -1 -1.384 -1 -1.468 -1 45
-1.426 -1 -1.176 -1 -1.426 -1 -1.518 -1 81
-1.472 -1 -1.168 -1 -1.408 -1 -1.504 -1 85
-1.456 -1 -1.158 -1 -1.286 -1 -1.412 -1 40
-1.349 -1 -1.132 -1 -1.512 -1 -1.616 -1 105
-1.564 -1 -1.214 -1 -1.3 -1 -1.38 -1 35
-1.34 -1 -1.112 -1 -1.158 -1 -1.25 -1 15
-1.204 -1 -1.072 -1 -1.232 -1 -1.316 -1 53
-1.274 -1 -1.082 -1 -1.336 -1 -1.394 -1 69
-1.365 -1 -1.122 -1 -1.368 -1 -1.456 -1 69
-1.412 -1 -1.122 -1 -1.218 -1 -1.298 -1 28
-1.258 -1 -1.064 -1 -1.286 -1 -1.38 -1 58
-1.333 -1 -1.108 -1 -1.276 -1 -1.342 -1 53
-1.309 -1 -1.084 -1 -1.558 -1 -1.688 -1 146
-1.623 -1 -1.22 -1 -1.304 -1 -1.392 -1 23
-1.348 -1 -1.136 -1 -1.466 -1 -1.57 -1 118
-1.518 -1 -1.18 -1 -1.624 -1 -1.752 -1 140
-1.688 -1 -1.304 -1 -1.368 -1 -1.448 -1 17
-1.408 -1 -1.144 -1 -1.196 -1 -1.24 -1 15
-1.218 -1 -1.05 -1 -1.152 -1 -1.194 -1 37
-1.173 -1 -1.048 -1 -1.14 -1 -1.2 -1 35
-1.17 -1 -1.06 -1 -1.482 -1 -1.626 -1 147
-1.554 -1 -1.236 -1 -1.296 -1 -1.418 -1 14
-1.357 -1 -1.13 -1 -1.582 -1 -1.776 -1 149
-1.679 -1 -1.286 -1 -1.682 -1 -1.824 -1 140
-1.753 -1 -1.326 -1 -1.436 -1 -1.548 -1 36
-1.492 -1 -1.178 -1 -1.486 -1 -1.616 -1 100
-1.551 -1 -1.194 -1 -1.394 -1 -1.47 -1 60
-1.432 -1 -1.158 -1 -1.446 -1 -1.574 -1 86
-1.51 -1 -1.166 -1 -1.182 -1 -1.26 -1 5
-1.221 -1 -1.07 -1 -1.474 -1 -1.582 -1 141
-1.528 -1 -1.188 -1 -1.446 -1 -1.568 -1 85
-1.507 -1 -1.23 -1 -1.416 -1 -1.534 -1 52
-1.475 -1 -1.184 -1 -1.572 -1 -1.736 -1 128
-1.654 -1 -1.27 -1 -1.274 -1 -1.382 -1 3
-1.328 -1 -1.134 -1 -1.208 -1 -1.28 -1 26
-1.244 -1 -1.06 -1 -1.25 -1 -1.336 -1 55
-1.293 -1 -1.1 -1 -1.29 -1 -1.366 -1 53
-1.328 -1 -1.098 -1 -1.364 -1 -1.498 -1 85
-1.431 -1 -1.162 -1 -1.54 -1 -1.722 -1 131
-1.631 -1 -1.242 -1 -1.366 -1 -1.496 -1 38
-1.431 -1 -1.162 -1 -1.338 -1 -1.454 -1 58
-1.396 -1 -1.154 -1 -1.474 -1 -1.588 -1 102
-1.531 -1 -1.194 -1 -1.658 -1 -1.796 -1 148
-1.727 -1 -1.326 -1 -1.624 -1 -1.76 -1 113
-1.692 -1 -1.282 -1 -1.446 -1 -1.606 -1 58
-1.526 -1 -1.238 -1 -1.614 -1 -1.77 -1 129
-1.692 -1 -1.312 -1 -1.492 -1 -1.632 -1 75
-1.562 -1 -1.224 -1 -1.326 -1 -1.418 -1 32
-1.372 -1 -1.104 -1 -1.508 -1 -1.672 0 125
