10 1000 0.9 10 459 0 0 0 0
-3.839 -2 -3.308 -2 -3.512 -1 -3.562 -1 318
-3.537 -1 -3.036 -1 -3.336 -1 -3.588 -2 365
-3.462 -1 -3.002 -1 -3.12 -1 -3.382 -1 131
-3.251 -1 -2.784 -1 -2.812 -1 -3.3 -2 31
-3.056 -1 -2.656 -1 -2.962 -1 -3.358 -1 239
-3.16 -1 -2.682 -1 -3.106 -1 -3.376 -1 343
-3.241 -1 -2.776 -1 -2.924 -1 -3.25 -1 107
-3.087 -1 -2.648 -1 -2.696 -1 -3.192 -1 29
-2.944 -1 -2.518 -1 -3.068 -1 -3.284 -1 449
-3.176 -1 -2.678 -1 -3.056 -1 -3.308 -1 362
-3.182 -1 -2.766 -1 -3.112 -2 -3.404 -2 358
-3.258 -2 -2.766 -2 -3.1 -2 -3.356 -1 272
-3.228 -1 -2.792 -1 -3.14 -1 -3.436 -1 383
-3.288 -1 -2.828 -1 -3.134 -1 -3.414 -2 260
-3.274 -1 -2.828 -1 -3.14 -1 -3.376 -1 309
-3.258 -1 -2.772 -1 -3.18 -1 -3.41 -1 423
-3.295 -1 -2.792 -1 -2.872 -1 -3.284 -1 58
-3.078 -1 -2.672 -1 -2.974 -1 -3.29 -1 257
-3.132 -1 -2.68 -1 -3.088 -1 -3.358 -1 373
-3.223 -1 -2.72 -1 -3.036 -1 -3.25 -1 301
-3.143 -1 -2.728 -1 -2.944 -1 -3.32 -2 194
-3.132 -1 -2.714 -1 -3.034 -1 -3.332 -1 260
-3.183 -1 -2.686 -1 -2.944 -1 -3.242 -1 187
-3.093 -1 -2.624 -1 -3.09 -1 -3.414 -1 347
-3.252 -1 -2.82 -1 -3.072 -1 -3.362 -2 222
-3.217 -1 -2.74 -1 -3.03 -1 -3.308 -1 295
-3.169 -1 -2.722 -1 -2.766 -1 -3.16 -1 44
-2.963 -1 -2.552 -1 -2.98 -1 -3.312 -1 340
-3.146 -1 -2.692 -1 -2.96 -1 -3.204 -1 238
-3.082 -1 -2.656 -1 -2.96 -1 -3.354 -1 261
-3.157 -1 -2.704 -1 -2.794 -1 -3.18 -1 78
-2.987 -1 -2.58 -1 -2.938 -1 -3.306 -1 278
-3.122 -1 -2.688 -1 -2.994 -1 -3.292 -1 373
-3.143 -1 -2.708 -1 -2.744 -1 -3.186 -1 12
-2.965 -1 -2.57 -1 -2.77 -1 -3.202 -1 142
-2.986 -1 -2.548 -1 -2.96 -1 -3.28 -2 329
-3.12 -1 -2.678 -1 -2.92 -1 -3.306 -1 220
-3.113 -1 -2.698 -1 -2.918 -1 -3.218 -1 234
-3.068 -1 -2.596 -1 -2.944 -1 -3.312 -1 241
-3.128 -1 -2.694 -1 -3.096 -1 -3.37 -1 424
-3.233 -1 -2.738 -1 -3.084 -1 -3.42 -2 449
-3.252 -1 -2.77 -1 -2.906 -1 -3.336 -2 105
-3.121 -1 -2.658 -1 -2.834 -1 -3.21 -1 128
-3.022 -1 -2.638 -1 -2.636 -1 -3.11 -1 1
-2.873 -1 -2.51 -1 -2.606 -1 -3.066 -1 49
-2.836 -1 -2.448 -1 -2.894 -1 -3.244 -1 389
-3.069 -1 -2.606 -1 -2.726 -1 -3.178 -1 85
-2.952 -1 -2.528 -1 -2.71 -1 -3.13 -1 127
-2.92 -1 -2.512 -1 -3.05 -1 -3.32 -1 402
-3.185 -1 -2.674 -1 -2.716 -1 -3.126 -1 26
-2.921 -1 -2.53 -1 -2.75 -1 -3.126 -1 167
-2.938 -1 -2.498 -1 -2.538 -1 -3.068 -1 19
-2.803 -1 -2.41 -1 -2.846 -1 -3.172 -1 328
-3.009 -1 -2.55 -1 -3.022 -1 -3.384 -1 429
-3.203 -1 -2.744 -1 -3.108 -1 -3.422 -1 317
-3.265 -1 -2.798 -1 -3.15 -1 -3.31 -1 389
-3.23 -1 -2.734 -1 -3.014 -1 -3.348 -1 237
-3.181 -1 -2.728 -1 -2.786 -1 -3.256 -1 42
-3.021 -1 -2.628 -1 -2.922 -1 -3.336 -1 294
-3.129 -1 -2.644 -1 -2.802 -1 -3.204 -1 129
-3.003 -1 -2.554 -1 -2.89 -1 -3.308 -1 293
-3.099 -1 -2.666 -1 -3.02 -1 -3.332 -1 270
-3.176 -1 -2.704 -1 -2.844 -1 -3.288 -1 112
-3.066 -1 -2.6 -1 -2.93 -1 -3.302 -1 250
-3.116 -1 -2.686 -1 -2.692 -1 -3.156 -1 3
-2.924 -1 -2.508 -1 -2.85 -1 -3.208 -1 252
-3.029 -1 -2.592 -1 -2.77 -1 -3.192 -1 126
-2.981 -1 -2.532 -1 -3.024 -1 -3.284 -1 368
-3.154 -1 -2.674 -1 -2.992 -1 -3.344 -1 286
-3.168 -1 -2.696 -1 -3.03 -1 -3.36 -1 276
-3.195 -1 -2.716 -1 -3.12 -1 -3.348 -1 378
-3.234 -1 -2.732 -1 -2.898 -1 -3.284 -1 127
-3.091 -1 -2.612 -1 -2.842 -1 -3.17 -1 192
-3.006 -1 -2.58 -1 -3.026 -1 -3.314 -1 403
-3.17 -1 -2.682 -1 -3.044 -1 -3.318 -1 293
-3.181 -1 -2.716 -1 -3.114 -1 -3.29 -1 397
-3.202 -1 -2.772 -1 -2.96 -1 -3.308 -1 180
-3.134 -1 -2.68 -1 -3.02 -1 -3.3 -1 363
-3.16 -1 -2.678 -1 -2.718 -1 -3.146 -1 46
-2.932 -1 -2.57 -1 -2.78 -1 -3.248 -1 137
-3.014 -1 -2.574 -1 -2.91 -1 -3.254 -1 252
-3.082 -1 -2.6 -1 -2.702 -1 -3.202 -2 58
-2.952 -1 -2.552 -1 -2.738 -1 -3.168 -1 113
-2.953 -1 -2.544 -1 -2.648 -1 -3.108 -1 77
-2.878 -1 -2.494 -1 -2.816 -1 -3.186 -1 225
-3.001 -1 -2.572 -1 -2.784 -1 -3.172 -1 158
-2.978 -1 -2.558 -1 -2.776 -1 -3.136 -1 146
-2.956 -1 -2.538 -1 -2.85 -1 -3.174 -1 256
-3.012 -1 -2.606 -1 -2.968 -1 -3.302 -2 311
-3.135 -1 -2.692 -1 -3.162 -1 -3.3 -1 411
-3.231 -1 -2.738 -1 -2.884 -1 -3.176 -1 152
-3.03 -1 -2.618 -1 -3.056 -1 -3.382 -1 383
-3.219 -1 -2.72 -1 -3.164 -1 -3.444 -1 435
-3.304 -1 -2.806 -1 -3.01 -1 -3.25 -2 179
-3.13 -1 -2.654 -1 -2.918 -1 -3.262 -1 214
-3.09 -1 -2.644 -1 -2.914 -1 -3.322 -1 206
-3.118 -1 -2.654 -1 -2.994 -1 -3.356 -1 336
-3.175 -1 -2.706 -1 -3.034 -1 -3.326 -1 390
-3.18 -1 -2.744 -1 -2.898 -1 -3.266 -1 98
-3.082 -1 -2.63 -1 -3.006 -1 -3.428 -1 357
-3.217 -1 -2.75 -1 -3.1 -1 -3.304 -1 380
-3.202 -1 -2.726 -1 -3.112 -1 -3.376 -1 332
-3.244 -1 -2.76 -1 -2.814 -1 -3.244 -1 38
-3.029 -1 -2.604 -1 -2.986 -1 -3.288 -1 294
-3.137 -1 -2.648 -1 -3.116 -1 -3.426 -1 441
-3.271 -1 -2.778 -1 -3.098 -1 -3.374 -1 343
-3.236 -1 -2.784 -1 -2.9 -1 -3.23 -1 101
-3.065 -1 -2.646 -1 -2.992 -1 -3.296 -1 213
-3.144 -1 -2.67 -1 -2.71 -1 -3.174 -1 22
-2.942 -1 -2.524 -1 -2.958 -1 -3.352 -1 311
-3.155 -1 -2.676 -1 -2.842 -1 -3.174 -1 126
-3.008 -1 -2.588 -1 -2.716 -1 -3.118 -1 76
-2.917 -1 -2.53 -1 -2.694 -1 -3.078 -1 94
-2.886 -1 -2.47 -1 -3.006 -1 -3.288 -1 408
-3.147 -1 -2.676 -1 -3.064 -1 -3.336 -1 379
-3.2 -1 -2.728 -1 -3.144 -1 -3.336 -1 443
-3.24 -1 -2.784 -1 -3.084 -1 -3.368 -1 368
-3.226 -1 -2.778 -1 -3.03 -1 -3.372 -1 206
-3.201 -1 -2.746 -1 -2.958 -1 -3.238 -1 213
-3.098 -1 -2.668 -1 -3.092 -1 -3.354 -2 341
-3.223 -1 -2.772 -1 -3.206 -1 -3.49 -2 422
-3.348 -1 -2.864 -1 -2.972 -1 -3.272 -1 114
-3.122 -1 -2.66 -1 -2.788 -1 -3.222 -1 107
-3.005 -1 -2.566 -1 -2.592 -1 -3.164 -1 17
-2.878 -1 -2.49 -1 -2.936 -1 -3.236 -1 389
-3.086 -1 -2.592 -1 -2.754 -1 -3.222 -1 135
-2.988 -1 -2.566 -1 -3.012 -1 -3.304 -1 384
-3.158 -1 -2.686 -1 -3.136 -1 -3.328 -1 446
-3.232 -1 -2.752 -1 -3.062 -1 -3.362 -1 336
-3.212 -1 -2.776 -1 -3.048 -1 -3.38 -1 244
-3.214 -1 -2.772 -1 -3.014 -1 -3.364 -1 200
-3.189 -1 -2.746 -1 -2.928 -1 -3.272 -1 160
-3.1 -1 -2.658 -1 -2.88 -1 -3.254 -1 150
-3.067 -1 -2.61 -1 -3.106 -1 -3.41 -1 413
-3.258 -1 -2.74 -1 -3.162 -1 -3.344 -1 395
-3.253 -1 -2.754 -1 -2.786 -1 -3.168 -1 21
-2.977 -1 -2.544 -1 -2.944 -1 -3.286 -1 364
-3.115 -1 -2.634 -1 -3.104 -1 -3.35 -1 400
-3.227 -1 -2.73 -1 -2.784 -1 -3.186 -1 51
-2.985 -1 -2.56 -1 -2.664 -1 -3.156 -1 80
-2.91 -1 -2.508 -1 -2.994 -1 -3.336 -2 428
-3.165 -1 -2.638 -1 -3.136 -1 -3.362 -1 439
-3.249 -1 -2.776 -1 -2.976 -1 -3.336 -1 163
-3.156 -1 -2.688 -1 -2.884 -1 -3.164 -1 198
-3.024 -1 -2.58 -1 -2.742 -1 -3.14 -1 115
-2.941 -1 -2.542 -1 -3.082 -1 -3.336 -1 443
-3.209 -1 -2.76 -1 -2.856 -1 -3.314 -1 77
-3.085 -1 -2.636 -1 -2.762 -1 -3.136 -1 111
-2.949 -1 -2.542 -1 -2.728 -1 -3.208 -1 159
-2.968 -1 -2.562 -1 -2.68 -1 -3.1 -1 61
-2.89 -1 -2.486 -1 -2.55 -1 -3.106 -1 45
-2.828 -1 -2.448 -1 -2.926 -1 -3.18 -1 391
-3.053 -1 -2.548 -1 -2.964 -1 -3.276 -1 290
-3.12 -1 -2.648 -1 -2.936 -1 -3.25 -1 234
-3.093 -1 -2.622 -1 -2.982 -1 -3.27 -1 363
-3.126 -1 -2.698 -1 -3.064 -1 -3.304 -1 396
-3.184 -1 -2.684 -1 -2.84 -1 -3.194 -1 111
-3.017 -1 -2.574 -1 -2.71 -1 -3.22 -1 82
-2.965 -1 -2.502 -1 -2.588 -1 -3.098 -1 62
-2.843 -1 -2.462 -1 -2.98 -1 -3.288 -1 440
-3.134 -1 -2.628 -1 -2.826 -1 -3.214 -1 120
-3.02 -1 -2.554 -1 -2.928 -1 -3.228 -1 285
-3.078 -1 -2.636 -1 -3.044 -1 -3.298 -1 363
-3.171 -1 -2.696 -1 -2.738 -1 -3.148 -2 42
-2.943 -1 -2.534 -1 -3.08 -1 -3.382 -1 413
-3.231 -1 -2.734 -1 -3.118 -1 -3.376 -1 328
-3.247 -1 -2.776 -1 -2.984 -1 -3.266 -1 276
-3.125 -1 -2.664 -1 -3.07 -1 -3.368 -1 355
-3.219 -1 -2.738 -1 -2.75 -1 -3.186 -1 12
-2.968 -1 -2.552 -1 -3.026 -1 -3.376 -1 312
-3.201 -1 -2.692 -1 -3.004 -1 -3.372 -2 252
-3.188 -1 -2.76 -1 -2.9 -1 -3.288 -2 112
-3.094 -1 -2.666 -1 -2.932 -1 -3.276 -1 265
-3.104 -1 -2.666 -1 -2.784 -1 -3.152 -1 126
-2.968 -1 -2.538 -1 -3.008 -1 -3.31 -1 355
-3.159 -1 -2.69 -1 -2.996 -1 -3.394 -1 318
-3.195 -1 -2.724 -1 -2.918 -1 -3.318 -1 183
-3.118 -1 -2.67 -1 -2.92 -1 -3.37 -1 193
-3.145 -1 -2.702 -1 -2.942 -1 -3.35 -2 228
-3.146 -1 -2.726 -1 -2.942 -1 -3.252 -1 168
-3.097 -1 -2.632 -1 -2.928 -1 -3.28 -1 274
-3.104 -1 -2.65 -1 -2.772 -1 -3.162 -1 76
-2.967 -1 -2.542 -1 -2.616 -1 -3.096 -1 39
-2.856 -1 -2.494 -1 -2.94 -1 -3.286 -1 307
-3.113 -1 -2.624 -1 -2.732 -1 -3.128 -1 109
-2.93 -1 -2.538 -1 -2.68 -1 -3.12 -1 87
-2.9 -1 -2.514 -1 -2.642 -1 -3.108 -1 74
-2.875 -1 -2.472 -1 -2.502 -1 -3.034 -1 20
-2.768 -1 -2.384 -1 -2.69 -1 -3.124 -1 220
-2.907 -1 -2.45 -1 -2.882 -1 -3.246 -1 301
-3.064 -1 -2.618 -1 -2.756 -1 -3.2 -1 110
-2.978 -1 -2.534 -1 -2.774 -1 -3.192 -1 188
-2.983 -1 -2.556 -1 -2.904 -1 -3.2 -1 245
-3.052 -1 -2.598 -1 -2.958 -1 -3.362 -1 350
-3.16 -1 -2.704 -1 -3.158 -1 -3.462 -2 444
-3.31 -1 -2.88 -1 -3.104 -1 -3.368 -1 238
-3.236 -1 -2.8 -1 -3.142 -1 -3.394 -1 337
-3.268 -1 -2.834 -1 -3.03 -1 -3.34 -2 171
-3.185 -1 -2.734 -1 -3.016 -1 -3.318 -1 246
-3.167 -1 -2.7 -1 -2.986 -1 -3.334 -1 297
-3.16 -1 -2.732 -1 -3.134 -1 -3.396 -1 421
-3.265 -1 -2.782 -1 -3.134 -1 -3.368 -1 330
-3.251 -1 -2.75 -1 -3.048 -1 -3.362 -1 260
-3.205 -1 -2.694 -1 -2.812 -1 -3.212 -1 81
-3.012 -1 -2.614 -1 -2.894 -1 -3.276 -1 272
-3.085 -1 -2.616 -1 -3.108 -1 -3.39 -1 449
-3.249 -1 -2.778 -1 -3.184 -1 -3.5 -2 377
-3.342 -1 -2.852 -1 -3.164 -1 -3.404 -1 279
-3.284 -1 -2.806 -1 -3.022 -1 -3.376 -1 142
-3.199 -1 -2.728 -1 -2.96 -1 -3.308 -2 263
-3.134 -1 -2.712 -1 -2.982 -1 -3.356 -1 292
-3.169 -1 -2.714 -1 -2.928 -1 -3.346 -1 161
-3.137 -1 -2.692 -1 -3.184 -1 -3.458 -1 420
-3.321 -1 -2.86 -1 -2.94 -1 -3.276 -1 91
-3.108 -1 -2.66 -1 -3.11 -1 -3.388 -1 410
-3.249 -1 -2.778 -1 -2.9 -1 -3.232 -1 135
-3.066 -1 -2.638 -1 -2.906 -1 -3.28 -1 230
-3.093 -1 -2.652 -1 -3.086 -1 -3.334 -1 359
-3.21 -1 -2.71 -1 -2.904 -1 -3.272 -1 171
-3.088 -1 -2.66 -1 -3.044 -1 -3.336 -2 351
-3.19 -1 -2.714 -1 -3.11 -1 -3.458 -1 430
-3.284 -1 -2.754 -1 -2.98 -1 -3.34 -1 178
-3.16 -1 -2.686 -1 -2.862 -1 -3.222 -1 137
-3.042 -1 -2.63 -1 -3.054 -1 -3.35 -2 342
-3.202 -1 -2.706 -1 -2.978 -1 -3.32 -2 262
-3.149 -1 -2.714 -1 -2.912 -1 -3.324 -1 178
-3.118 -1 -2.678 -1 -3.032 -1 -3.284 -2 282
-3.158 -1 -2.708 -1 -2.992 -1 -3.31 -1 204
-3.151 -1 -2.678 -1 -3.072 -1 -3.362 -1 394
-3.217 -1 -2.75 -1 -2.892 -1 -3.216 -1 121
-3.054 -1 -2.642 -1 -2.716 -1 -3.094 -1 37
-2.905 -1 -2.518 -1 -2.532 -1 -3.094 -1 4
-2.813 -1 -2.458 -1 -2.77 -1 -3.174 -1 191
-2.972 -1 -2.532 -1 -3.004 -1 -3.262 -1 370
-3.133 -1 -2.68 -1 -2.98 -1 -3.232 -1 225
-3.106 -1 -2.674 -1 -3.16 -1 -3.512 -1 424
-3.336 -1 -2.786 -1 -2.944 -1 -3.314 -1 119
-3.129 -1 -2.644 -1 -2.79 -1 -3.18 -1 113
-2.985 -1 -2.584 -1 -2.958 -1 -3.274 -2 275
-3.116 -1 -2.65 -1 -3.084 -1 -3.392 -1 368
-3.238 -1 -2.712 -1 -3.138 -1 -3.41 -1 372
-3.274 -1 -2.802 -1 -2.954 -1 -3.266 -1 177
-3.11 -1 -2.678 -1 -3.04 -1 -3.364 -1 388
-3.202 -1 -2.732 -1 -2.94 -1 -3.308 -1 154
-3.124 -1 -2.658 -1 -2.836 -1 -3.26 -1 208
-3.048 -1 -2.632 -1 -2.692 -1 -3.132 -1 64
-2.912 -1 -2.514 -1 -2.914 -1 -3.252 -1 319
-3.083 -1 -2.612 -1 -2.984 -1 -3.356 -2 426
-3.17 -1 -2.72 -1 -3.068 -1 -3.426 -1 263
-3.247 -1 -2.76 -1 -3.142 -1 -3.41 -1 444
-3.276 -1 -2.822 -1 -2.858 -1 -3.222 -1 45
-3.04 -1 -2.632 -1 -2.912 -1 -3.206 -1 219
-3.059 -1 -2.628 -1 -2.708 -1 -3.13 -1 73
-2.919 -1 -2.54 -1 -2.72 -1 -3.146 -1 148
-2.933 -1 -2.492 -1 -2.566 -1 -3.114 -1 51
-2.84 -1 -2.44 -1 -2.524 -1 -3.106 -1 69
-2.815 -1 -2.424 -1 -2.5 -1 -2.984 -1 45
-2.742 -1 -2.376 -1 -2.9 -1 -3.272 -1 384
-3.086 -1 -2.586 -1 -2.998 -1 -3.282 -1 312
-3.14 -1 -2.668 -1 -2.746 -1 -3.114 -1 69
-2.93 -1 -2.506 -1 -2.868 -1 -3.248 -1 277
-3.058 -1 -2.612 -1 -2.984 -1 -3.294 -1 329
-3.139 -1 -2.688 -1 -2.98 -1 -3.296 -1 254
-3.138 -1 -2.646 -1 -2.998 -1 -3.342 -1 282
-3.17 -1 -2.688 -1 -2.744 -1 -3.122 -1 61
-2.933 -1 -2.562 -1 -2.642 -1 -3.114 -2 47
-2.878 -1 -2.518 -1 -2.936 -1 -3.242 -1 337
-3.089 -1 -2.634 -1 -2.844 -1 -3.242 -1 181
-3.043 -1 -2.63 -1 -2.86 -1 -3.212 -1 227
-3.036 -1 -2.592 -1 -2.88 -1 -3.182 -1 183
-3.031 -1 -2.59 -1 -2.818 -1 -3.148 -1 162
-2.983 -1 -2.574 -1 -3.024 -1 -3.318 -1 392
-3.171 -1 -2.696 -1 -2.848 -1 -3.136 -1 114
-2.992 -1 -2.54 -1 -2.594 -1 -3.098 -1 40
-2.846 -1 -2.498 -1 -3.02 -1 -3.298 -1 393
-3.159 -1 -2.676 -1 -2.996 -1 -3.344 -1 294
-3.17 -1 -2.674 -1 -3.014 -1 -3.346 -2 322
-3.18 -1 -2.762 -1 -2.974 -2 -3.368 -1 172
-3.171 -1 -2.708 -1 -3.106 -1 -3.394 -1 318
-3.25 -1 -2.76 -1 -2.978 -1 -3.286 -1 214
-3.132 -1 -2.662 -1 -3.088 -1 -3.362 -1 327
-3.225 -1 -2.764 -1 -3.208 -2 -3.492 -1 445
-3.35 -1 -2.904 -1 -2.982 -1 -3.352 -2 81
-3.167 -1 -2.75 -1 -3.154 -1 -3.486 -1 385
-3.32 -1 -2.818 -1 -2.952 -1 -3.33 -1 132
-3.141 -1 -2.71 -1 -2.854 -1 -3.196 -1 113
-3.025 -1 -2.64 -1 -3.052 -1 -3.302 -1 340
-3.177 -1 -2.7 -1 -2.884 -1 -3.234 -1 141
-3.059 -1 -2.578 -1 -2.734 -1 -3.142 -1 160
-2.938 -1 -2.506 -1 -2.712 -1 -3.156 -1 152
-2.934 -1 -2.502 -1 -2.952 -1 -3.252 -1 380
-3.102 -1 -2.624 -1 -3.05 -1 -3.346 -1 386
-3.198 -1 -2.702 -1 -2.76 -1 -3.148 -1 39
-2.954 -1 -2.534 -1 -2.768 -1 -3.176 -1 195
-2.972 -1 -2.52 -1 -3.038 -1 -3.348 -1 416
-3.193 -1 -2.718 -1 -3.134 -1 -3.334 -1 430
-3.234 -1 -2.736 -1 -2.974 -1 -3.322 -1 181
-3.148 -1 -2.724 -1 -3.03 -1 -3.332 -1 255
-3.181 -1 -2.688 -1 -2.712 -1 -3.104 -1 7
-2.908 -1 -2.55 -1 -2.586 -1 -3.022 -1 34
-2.804 -1 -2.436 -1 -2.668 -1 -3.124 -1 150
-2.896 -1 -2.494 -1 -2.664 -1 -3.174 -1 132
-2.919 -1 -2.504 -1 -2.574 -1 -3.054 -1 49
-2.814 -1 -2.412 -1 -2.748 -1 -3.166 -1 253
-2.957 -1 -2.514 -1 -2.92 -1 -3.248 -1 303
-3.084 -1 -2.616 -1 -2.946 -1 -3.256 -1 275
-3.101 -1 -2.664 -1 -3.104 -1 -3.34 -2 418
-3.222 -1 -2.714 -1 -2.872 -1 -3.204 -1 132
-3.038 -1 -2.612 -1 -2.672 -1 -3.132 -1 50
-2.902 -1 -2.516 -1 -2.648 -1 -3.144 -1 65
-2.896 -1 -2.488 -1 -3.032 -1 -3.252 -1 413
-3.142 -1 -2.684 -1 -3.114 -1 -3.382 -1 403
-3.248 -1 -2.784 -1 -3.044 -1 -3.334 -1 213
-3.189 -1 -2.714 -1 -3.038 -1 -3.352 -1 352
-3.195 -1 -2.746 -1 -2.928 -1 -3.334 -1 173
-3.131 -1 -2.668 -1 -3.02 -1 -3.28 -1 329
-3.15 -1 -2.676 -1 -3.094 -1 -3.382 -1 377
-3.238 -1 -2.752 -1 -3.058 -1 -3.346 -2 260
-3.202 -1 -2.742 -1 -3.12 -1 -3.474 -1 392
-3.297 -1 -2.834 -1 -3.082 -1 -3.362 -2 272
-3.222 -1 -2.786 -1 -3.236 -1 -3.372 -1 410
-3.304 -1 -2.842 -1 -2.87 -1 -3.232 -1 19
-3.051 -1 -2.65 -1 -2.748 -1 -3.23 -2 86
-2.989 -1 -2.606 -1 -3.128 -1 -3.334 -1 440
-3.231 -1 -2.75 -1 -3.166 -1 -3.384 -2 398
-3.275 -1 -2.826 -1 -3.128 -1 -3.434 -1 310
-3.281 -1 -2.804 -1 -3.072 -1 -3.382 -1 268
-3.227 -1 -2.764 -1 -3.132 -1 -3.482 -1 324
-3.307 -1 -2.844 -1 -2.946 -1 -3.324 -1 135
-3.135 -1 -2.73 -1 -3.084 -1 -3.376 -1 323
-3.23 -1 -2.772 -1 -3.204 -1 -3.376 -1 442
-3.29 -1 -2.806 -1 -3.204 -1 -3.436 -2 367
-3.32 -1 -2.836 -1 -2.98 -1 -3.36 -1 87
-3.17 -1 -2.74 -1 -2.932 -1 -3.326 -1 161
-3.129 -1 -2.738 -1 -3.024 -1 -3.366 -1 356
-3.195 -1 -2.738 -1 -3.13 -1 -3.396 -2 351
-3.263 -1 -2.758 -1 -3.02 -1 -3.342 -1 231
-3.181 -1 -2.732 -1 -2.818 -1 -3.254 -1 74
-3.036 -1 -2.644 -1 -2.924 -1 -3.26 -1 164
-3.092 -1 -2.61 -1 -2.852 -1 -3.264 -1 166
-3.058 -1 -2.616 -1 -2.878 -1 -3.24 -2 217
-3.059 -1 -2.644 -1 -2.682 -1 -3.176 -1 27
-2.929 -1 -2.552 -1 -2.762 -1 -3.122 -1 162
-2.942 -1 -2.548 -1 -2.714 -1 -3.196 -1 118
-2.955 -1 -2.54 -1 -2.88 -1 -3.242 -1 265
-3.061 -1 -2.598 -1 -2.846 -1 -3.172 -1 240
-3.009 -1 -2.528 -1 -3 -1 -3.254 -1 382
-3.127 -1 -2.69 -1 -3.016 -1 -3.286 -1 244
-3.151 -1 -2.686 -1 -2.94 -1 -3.296 -1 217
-3.118 -1 -2.662 -1 -2.75 -1 -3.086 -1 63
-2.918 -1 -2.502 -1 -2.936 -1 -3.302 -1 292
-3.119 -1 -2.616 -1 -2.818 -1 -3.192 -1 146
-3.005 -1 -2.546 -1 -2.614 -1 -3.102 -1 45
-2.858 -1 -2.464 -1 -2.918 -1 -3.26 -1 318
-3.089 -1 -2.602 -1 -2.738 -1 -3.17 -1 102
-2.954 -1 -2.536 -1 -2.742 -1 -3.148 -1 146
-2.945 -1 -2.528 -1 -3.02 -1 -3.368 -1 416
-3.194 -1 -2.674 -1 -2.866 -1 -3.252 -1 148
-3.059 -1 -2.608 -1 -2.838 -1 -3.302 -1 160
-3.07 -1 -2.626 -1 -3.04 -1 -3.304 -1 333
-3.172 -1 -2.712 -1 -3.06 -1 -3.362 -1 418
-3.211 -1 -2.73 -1 -2.832 -1 -3.168 -1 118
-3 -1 -2.574 -1 -2.826 -1 -3.19 -1 201
-3.008 -1 -2.562 -1 -2.868 -1 -3.176 -1 246
-3.022 -1 -2.562 -1 -2.944 -1 -3.326 -1 307
-3.135 -1 -2.652 -1 -3.084 -1 -3.426 -1 436
-3.255 -1 -2.762 -1 -3.066 -1 -3.39 -2 320
-3.228 -1 -2.75 -1 -3.002 -1 -3.368 -1 190
-3.185 -1 -2.728 -1 -2.988 -1 -3.362 -2 265
-3.175 -1 -2.7 -1 -3.024 -1 -3.306 -2 358
-3.165 -1 -2.7 -1 -3.192 -1 -3.386 -1 445
-3.289 -1 -2.832 -1 -3.012 -1 -3.374 -2 181
-3.193 -1 -2.746 -1 -3.136 -1 -3.34 -1 418
-3.238 -1 -2.744 -1 -3.206 -1 -3.404 -1 404
-3.305 -1 -2.762 -1 -2.816 -1 -3.208 -1 48
-3.012 -1 -2.566 -1 -3.014 -1 -3.378 -2 360
-3.196 -1 -2.73 -1 -2.93 -1 -3.256 -1 179
-3.093 -1 -2.642 -1 -3.096 -1 -3.28 -1 410
-3.188 -1 -2.74 -1 -2.772 -1 -3.182 -1 42
-2.977 -1 -2.582 -1 -2.922 -1 -3.342 -2 287
-3.132 -1 -2.656 -1 -2.736 -1 -3.248 -1 46
-2.992 -1 -2.584 -1 -2.76 -1 -3.156 -1 112
-2.958 -1 -2.54 -1 -2.932 -1 -3.302 -1 341
-3.117 -1 -2.67 -1 -2.982 -1 -3.308 -1 250
-3.145 -1 -2.69 -1 -3.1 -1 -3.342 -2 342
-3.221 -1 -2.694 -1 -2.868 -1 -3.26 -1 156
-3.064 -1 -2.636 -1 -3.074 -1 -3.372 -1 421
-3.223 -1 -2.716 -1 -2.92 -1 -3.276 -1 179
-3.098 -1 -2.642 -1 -2.918 -1 -3.304 -1 246
-3.111 -1 -2.61 -1 -2.724 -1 -3.12 -1 108
-2.922 -1 -2.506 -1 -2.992 -1 -3.364 -1 383
-3.178 -1 -2.678 -1 -2.878 -1 -3.282 -1 184
-3.08 -1 -2.622 -1 -2.886 -1 -3.3 -1 212
-3.093 -1 -2.636 -1 -2.914 -1 -3.29 -1 231
-3.102 -1 -2.652 -1 -2.926 -1 -3.298 -2 277
-3.112 -1 -2.65 -1 -2.824 -1 -3.234 -1 173
-3.029 -1 -2.598 -1 -3.174 -1 -3.414 -1 444
-3.294 -1 -2.79 -1 -2.99 -1 -3.312 -1 210
-3.151 -1 -2.706 -1 -3.13 -1 -3.352 -1 368
-3.241 -1 -2.74 -1 -2.748 -1 -3.138 -1 10
-2.943 -1 -2.51 -1 -2.516 -1 -3.056 -1 9
-2.786 -1 -2.456 -1 -2.78 -1 -3.162 -1 253
-2.971 -1 -2.512 -1 -2.604 -1 -3.054 -1 70
-2.829 -1 -2.42 -1 -2.514 -1 -3.052 -1 68
-2.783 -1 -2.412 -1 -2.948 -1 -3.308 -1 412
-3.128 -1 -2.644 -1 -3.094 -1 -3.35 -1 402
-3.222 -1 -2.758 -1 -2.772 -1 -3.232 -1 17
-3.002 -1 -2.58 -1 -3.022 -1 -3.288 -1 396
-3.155 -1 -2.668 -1 -2.976 -1 -3.3 -1 279
-3.138 -1 -2.67 -1 -2.74 -1 -3.178 -1 53
-2.959 -1 -2.524 -1 -2.536 -1 -2.998 -1 5
-2.767 -1 -2.402 -1 -3.002 -1 -3.334 -1 440
-3.168 -1 -2.642 -1 -2.952 -1 -3.222 -1 226
-3.087 -1 -2.588 -1 -2.6 -1 -3.132 -1 13
-2.866 -1 -2.492 -1 -2.806 -1 -3.162 -1 231
-2.984 -1 -2.528 -1 -2.754 -1 -3.15 -1 160
-2.952 -1 -2.508 -1 -2.52 -1 -3.074 -1 8
-2.797 -1 -2.428 -1 -2.49 -1 -2.96 -1 30
-2.725 -1 -2.344 -1 -2.982 -1 -3.318 -1 436
-3.15 -1 -2.638 -1 -3.106 -1 -3.406 -1 402
-3.256 -1 -2.76 -1 -2.804 -1 -3.174 -1 25
-2.989 -1 -2.6 -1 -2.696 -1 -3.12 -1 69
-2.908 -1 -2.512 -1 -2.748 -1 -3.118 -1 167
-2.933 -1 -2.48 -1 -2.91 -1 -3.244 -1 318
-3.077 -1 -2.624 -1 -2.768 -1 -3.186 -1 123
-2.977 -1 -2.544 -1 -2.638 -1 -3.168 -1 72
-2.903 -1 -2.536 -1 -2.806 -1 -3.204 -1 217
-3.005 -1 -2.562 -1 -3.052 -1 -3.278 -1 440
-3.165 -1 -2.704 -1 -2.822 -1 -3.228 -1 85
-3.025 -1 -2.616 -1 -3.002 -1 -3.362 -1 295
-3.182 -1 -2.664 -1 -3.116 -1 -3.346 -1 393
-3.231 -1 -2.768 -1 -3.186 -1 -3.484 -1 399
-3.335 -1 -2.812 -1 -3.03 -1 -3.358 -1 239
-3.194 -1 -2.74 -1 -3.13 -1 -3.378 -1 371
-3.254 -1 -2.79 -1 -3.056 -1 -3.35 -1 233
-3.203 -1 -2.754 -1 -2.872 -1 -3.288 -1 127
-3.08 -1 -2.638 -1 -2.644 -1 -3.09 -1 6
-2.867 -1 -2.49 -1 -2.902 -1 -3.2 -1 353
-3.051 -1 -2.59 -1 -2.852 -1 -3.174 -1 226
-3.013 -1 -2.564 -1 -3.008 -1 -3.3 -1 350
-3.154 -1 -2.668 -1 -2.882 -1 -3.26 -2 156
-3.071 -1 -2.662 -1 -3.128 -1 -3.504 -1 400
-3.316 -1 -2.79 -1 -3.126 -1 -3.41 -1 269
-3.268 -1 -2.82 -1 -2.874 -1 -3.196 -1 40
-3.035 -1 -2.612 -1 -2.894 -1 -3.216 -1 263
-3.055 -1 -2.602 -1 -2.896 -1 -3.262 -1 244
-3.079 -1 -2.644 -1 -2.988 -1 -3.3 -1 243
-3.144 -1 -2.714 -1 -2.888 -1 -3.226 -1 149
-3.057 -1 -2.618 -1 -2.864 -1 -3.234 -1 183
-3.049 -1 -2.646 -1 -2.726 -1 -3.128 -1 70
-2.927 -1 -2.514 -1 -2.816 -1 -3.19 -1 222
-3.003 -1 -2.558 -1 -3.144 -1 -3.446 -2 421
-3.295 -1 -2.778 -1 -3.19 -1 -3.364 -1 443
-3.277 -1 -2.78 -1 -2.786 -1 -3.21 -1 6
-2.998 -1 -2.612 -1 -2.664 -1 -3.13 -1 40
-2.897 -1 -2.512 -1 -2.874 -1 -3.19 -1 292
-3.032 -1 -2.588 -1 -3.016 -1 -3.36 -1 338
-3.188 -1 -2.696 -1 -3.14 -1 -3.41 -1 433
-3.275 -1 -2.806 -1 -2.822 -1 -3.19 0 21
