7 1000 1 8 37 0 0 0 0
-3.26 -1 -2.808 -1 -2.976 -1 -3.096 -1 440
-3.036 -1 -2.578 -1 -2.732 -1 -2.946 -1 248
-2.839 -1 -2.408 -1 -2.706 -1 -2.942 -1 365
-2.824 -1 -2.386 -1 -2.388 -1 -2.86 -1 10
-2.624 -1 -2.244 -1 -2.432 -1 -2.718 -1 175
-2.575 -1 -2.228 -1 -2.556 -1 -2.876 -1 306
-2.716 -1 -2.334 -1 -2.424 -1 -2.844 -1 87
-2.634 -1 -2.256 -1 -2.644 -1 -2.932 -1 479
-2.788 -1 -2.352 -1 -2.45 -1 -2.766 -1 81
-2.608 -1 -2.234 -1 -2.602 -1 -2.898 -1 373
-2.75 -1 -2.328 -1 -2.712 -1 -3.03 -1 445
-2.871 -1 -2.46 -1 -2.72 -1 -2.896 -1 295
-2.808 -1 -2.394 -1 -2.61 -1 -2.902 -1 265
-2.756 -1 -2.288 -1 -2.438 -1 -2.848 -1 158
-2.643 -1 -2.256 -1 -2.72 -1 -2.862 -1 440
-2.791 -1 -2.324 -1 -2.558 -1 -2.882 -1 247
-2.72 -1 -2.29 -1 -2.516 -1 -2.772 -1 219
-2.644 -1 -2.242 -1 -2.304 -1 -2.712 -1 62
-2.508 -1 -2.124 -1 -2.566 -1 -2.902 -1 399
-2.734 -1 -2.306 -1 -2.652 -1 -2.872 -1 386
-2.762 -1 -2.348 -1 -2.78 -1 -2.984 -1 433
-2.882 -1 -2.5 -1 -2.518 -1 -2.852 -1 38
-2.685 -1 -2.284 -1 -2.438 -1 -2.774 -1 132
-2.606 -1 -2.21 -1 -2.682 -1 -2.916 -1 464
-2.799 -1 -2.376 -1 -2.566 -1 -2.882 -1 218
-2.724 -1 -2.324 -1 -2.492 -1 -2.778 -1 150
-2.635 -1 -2.244 -1 -2.354 -1 -2.778 -1 122
-2.566 -1 -2.164 -1 -2.538 -1 -2.87 -1 349
-2.704 -1 -2.292 -1 -2.66 -1 -2.926 -1 427
-2.793 -1 -2.336 -1 -2.7 -1 -2.948 -1 477
-2.824 -1 -2.358 -1 -2.416 -1 -2.792 -1 50
-2.604 -1 -2.246 -1 -2.48 -1 -2.792 -1 217
-2.636 -1 -2.256 -1 -2.534 -1 -2.834 -1 253
-2.684 -1 -2.262 -1 -2.69 -1 -2.88 -1 456
-2.785 -1 -2.374 -1 -2.572 -1 -2.898 -1 209
-2.735 -1 -2.32 -1 -2.476 -1 -2.874 -1 153
-2.675 -1 -2.254 -1 -2.498 -1 -2.814 0 214
