8 1000 0.8 4 53 0 0 0 0
-3.42 -1 -3.064 -1 -3.072 -1 -3.258 -1 57
-3.165 -1 -2.84 -1 -3.046 -1 -3.252 -1 275
-3.149 -1 -2.806 -1 -2.996 -1 -3.186 -1 302
-3.091 -1 -2.752 -1 -2.838 -1 -3.158 -1 95
-2.998 -1 -2.634 -1 -2.676 -1 -3.016 -1 46
-2.846 -1 -2.554 -1 -2.866 -1 -3.054 -1 334
-2.96 -1 -2.576 -1 -2.824 -1 -3.08 -1 251
-2.952 -1 -2.602 -1 -2.656 -1 -2.956 -1 51
-2.806 -1 -2.474 -1 -2.69 -1 -3.09 -1 231
-2.89 -1 -2.53 -1 -2.584 -1 -2.944 -1 51
-2.764 -1 -2.468 -1 -2.55 -1 -2.956 -1 93
-2.753 -1 -2.442 -1 -2.58 -1 -2.912 -1 132
-2.746 -1 -2.424 -1 -2.494 -1 -2.896 -1 51
-2.695 -1 -2.374 -1 -2.582 -1 -2.95 -1 198
-2.766 -1 -2.438 -1 -2.75 -1 -3.036 -1 342
-2.893 -1 -2.558 -1 -2.736 -1 -3.03 -1 157
-2.883 -1 -2.526 -1 -2.608 -1 -2.944 -1 73
-2.776 -1 -2.472 -1 -2.566 -1 -2.972 -1 83
-2.769 -1 -2.436 -1 -2.702 -1 -2.982 -1 280
-2.842 -1 -2.488 -1 -2.66 -1 -3.006 -1 187
-2.833 -1 -2.5 -1 -2.646 -1 -2.914 -1 144
-2.78 -1 -2.436 -1 -2.748 -1 -3.088 -1 362
-2.918 -1 -2.606 -1 -2.856 -1 -3.16 -1 252
-3.008 -1 -2.658 -1 -2.844 -1 -3.086 -1 210
-2.965 -1 -2.58 -1 -2.932 -1 -3.094 -1 353
-3.013 -1 -2.646 -1 -2.846 -1 -3.024 -1 195
-2.935 -1 -2.568 -1 -2.822 -1 -3.1 -1 237
-2.961 -1 -2.61 -1 -2.894 -1 -3.182 -1 324
-3.038 -1 -2.644 -1 -2.776 -1 -3.056 -1 149
-2.916 -1 -2.546 -1 -2.624 -1 -3.016 -1 99
-2.82 -1 -2.48 -1 -2.78 -1 -3.002 -1 337
-2.891 -1 -2.514 -1 -2.648 -1 -2.996 -1 143
-2.822 -1 -2.466 -1 -2.6 -1 -2.986 -1 98
-2.793 -1 -2.452 -1 -2.534 -1 -2.892 -1 60
-2.713 -1 -2.384 -1 -2.57 -1 -2.902 -1 177
-2.736 -1 -2.422 -1 -2.734 -1 -3.03 -1 330
-2.882 -1 -2.498 -1 -2.566 -1 -2.986 -1 33
-2.776 -1 -2.456 -1 -2.516 -1 -2.86 -1 78
-2.688 -1 -2.358 -1 -2.634 -1 -2.902 -1 263
-2.768 -1 -2.426 -1 -2.532 -1 -2.906 -1 89
-2.719 -1 -2.368 -1 -2.608 -1 -3.002 -1 259
-2.805 -1 -2.462 -1 -2.798 -1 -3.088 -1 354
-2.943 -1 -2.586 -1 -2.832 -1 -3.14 -1 340
-2.986 -1 -2.646 -1 -2.738 -1 -3.016 -1 103
-2.877 -1 -2.498 -1 -2.76 -1 -3.022 -1 269
-2.891 -1 -2.564 -1 -2.63 -1 -2.976 -1 82
-2.803 -1 -2.49 -1 -2.676 -1 -3.046 -1 208
-2.861 -1 -2.52 -1 -2.776 -1 -2.998 -1 269
-2.887 -1 -2.564 -1 -2.658 -1 -3.016 -1 91
-2.837 -1 -2.442 -1 -2.63 -1 -2.968 -1 152
-2.799 -1 -2.446 -1 -2.466 -1 -2.856 -1 15
-2.661 -1 -2.36 -1 -2.528 -1 -2.978 -1 135
-2.753 -1 -2.402 -1 -2.736 -1 -3.042 0 318
