9 1000 0.7 6 215 0 0 0 0
-3.683 -1 -3.27 -1 -3.298 -1 -3.494 -1 77
-3.396 -1 -3.008 -1 -3.188 -1 -3.358 -1 231
-3.273 -1 -2.892 -1 -3.196 -1 -3.358 -1 349
-3.277 -1 -2.864 -1 -3.066 -1 -3.358 -1 237
-3.212 -1 -2.824 -1 -3.048 -1 -3.336 -1 291
-3.192 -1 -2.764 -1 -2.904 -1 -3.174 -1 173
-3.039 -1 -2.67 -1 -2.796 -1 -3.172 -1 126
-2.984 -1 -2.612 -1 -2.826 -1 -3.136 -1 228
-2.981 -1 -2.522 -1 -2.732 -1 -3.094 -1 177
-2.913 -1 -2.524 -1 -2.678 -1 -3.054 -1 119
-2.866 -1 -2.488 -1 -2.706 -1 -3.078 -1 175
-2.892 -1 -2.52 -1 -2.724 -1 -3.088 -1 195
-2.906 -1 -2.538 -1 -2.688 -1 -3.09 -1 92
-2.889 -1 -2.464 -1 -2.758 -1 -3.086 -1 260
-2.922 -1 -2.534 -1 -2.832 -1 -3.158 -1 221
-2.995 -1 -2.562 -1 -2.846 -1 -3.136 -1 244
-2.991 -1 -2.598 -1 -2.658 -1 -3.044 -1 52
-2.851 -1 -2.474 -1 -2.51 -1 -2.922 -1 27
-2.716 -1 -2.38 -1 -2.474 -1 -2.952 -1 63
-2.713 -1 -2.374 -1 -2.674 -1 -3.028 -1 258
-2.851 -1 -2.446 -1 -2.85 -1 -3.106 -1 329
-2.978 -1 -2.512 -1 -2.71 -1 -3.094 -1 188
-2.902 -1 -2.516 -1 -2.926 -1 -3.194 -1 349
-3.06 -1 -2.642 -1 -2.792 -1 -3.076 -1 142
-2.934 -1 -2.502 -1 -2.616 -1 -3.06 -1 81
-2.838 -1 -2.48 -1 -2.76 -1 -3.026 -1 229
-2.893 -1 -2.476 -1 -2.588 -1 -3.064 -1 101
-2.826 -1 -2.456 -1 -2.572 -1 -2.982 -1 83
-2.777 -1 -2.42 -1 -2.534 -1 -3 -1 67
-2.767 -1 -2.386 -1 -2.686 -1 -3.158 -1 230
-2.922 -1 -2.55 -1 -2.858 -1 -3.17 -1 336
-3.014 -1 -2.628 -1 -2.716 -1 -3.062 -1 116
-2.889 -1 -2.494 -1 -2.692 -1 -3.034 -1 174
-2.863 -1 -2.472 -1 -2.62 -1 -3.016 -1 90
-2.818 -1 -2.422 -1 -2.75 -1 -3.068 -1 242
-2.909 -1 -2.488 -1 -2.79 -1 -3.08 -1 244
-2.935 -1 -2.514 -1 -2.53 -1 -2.95 -1 13
-2.74 -1 -2.386 -1 -2.658 -1 -2.976 -1 199
-2.817 -1 -2.398 -1 -2.676 -1 -3.02 -1 182
-2.848 -1 -2.45 -1 -2.612 -1 -3.02 -1 116
-2.816 -1 -2.428 -1 -2.76 -1 -3.092 -1 334
-2.926 -1 -2.492 -1 -2.854 -1 -3.172 -1 306
-3.013 -1 -2.562 -1 -2.766 -1 -3.024 -1 185
-2.895 -1 -2.5 -1 -2.662 -1 -3.056 -1 113
-2.859 -1 -2.446 -1 -2.488 -1 -2.97 -1 24
-2.729 -1 -2.394 -1 -2.688 -1 -3.072 -1 239
-2.88 -1 -2.47 -1 -2.568 -1 -2.96 -1 56
-2.764 -1 -2.388 -1 -2.526 -1 -2.948 -1 97
-2.737 -1 -2.346 -1 -2.634 -1 -2.974 -1 200
-2.804 -1 -2.378 -1 -2.496 -1 -2.928 -1 91
-2.712 -1 -2.308 -1 -2.72 -1 -3.066 -1 280
-2.893 -1 -2.482 -1 -2.484 -1 -2.94 -1 2
-2.712 -1 -2.392 -1 -2.5 -1 -2.896 -1 110
-2.698 -1 -2.31 -1 -2.76 -1 -3.102 -1 349
-2.931 -1 -2.508 -1 -2.66 -1 -3.062 -1 121
-2.861 -1 -2.482 -1 -2.546 -1 -3.024 -1 41
-2.785 -1 -2.436 -1 -2.834 -1 -3.156 -1 321
-2.995 -1 -2.594 -1 -2.788 -1 -3.124 -1 164
-2.956 -1 -2.55 -1 -2.554 -1 -2.958 -1 4
-2.756 -1 -2.422 -1 -2.47 -1 -2.956 -1 28
-2.713 -1 -2.366 -1 -2.722 -1 -3.034 -1 276
-2.878 -1 -2.438 -1 -2.516 -1 -2.926 -1 74
-2.721 -1 -2.354 -1 -2.696 -1 -3.062 -1 246
-2.879 -1 -2.446 -1 -2.538 -1 -2.89 -1 63
-2.714 -1 -2.354 -1 -2.424 -1 -2.89 -1 63
-2.657 -1 -2.298 -1 -2.516 -1 -2.962 -1 163
-2.739 -1 -2.372 -1 -2.452 -1 -2.948 -1 58
-2.7 -1 -2.322 -1 -2.49 -1 -2.912 -1 113
-2.701 -1 -2.318 -1 -2.534 -1 -2.974 -1 160
-2.754 -1 -2.364 -1 -2.438 -1 -2.898 -1 44
-2.668 -1 -2.3 -1 -2.344 -1 -2.852 -1 24
-2.598 -1 -2.236 -1 -2.728 -1 -3.072 -1 339
-2.9 -1 -2.544 -1 -2.952 -1 -3.202 -1 340
-3.077 -1 -2.654 -1 -2.912 -1 -3.194 -1 223
-3.053 -1 -2.622 -1 -2.954 -1 -3.224 -1 349
-3.089 -1 -2.654 -1 -2.802 -1 -3.142 -1 111
-2.972 -1 -2.55 -1 -2.882 -1 -3.192 -1 342
-3.037 -1 -2.62 -1 -2.758 -1 -3.126 -1 108
-2.942 -1 -2.55 -1 -2.874 -1 -3.158 -1 311
-3.016 -1 -2.574 -1 -2.832 -1 -3.142 -1 239
-2.987 -1 -2.584 -1 -2.626 -1 -3.108 -1 34
-2.867 -1 -2.49 -1 -2.502 -1 -2.964 -1 9
-2.733 -1 -2.37 -1 -2.678 -1 -3.05 -1 211
-2.864 -1 -2.468 -1 -2.604 -1 -2.974 -1 125
-2.789 -1 -2.402 -1 -2.42 -1 -2.932 -1 24
-2.676 -1 -2.33 -1 -2.65 -1 -3.04 -1 268
-2.845 -1 -2.404 -1 -2.768 -1 -3.044 -1 317
-2.906 -1 -2.442 -1 -2.692 -1 -3.084 -1 177
-2.888 -1 -2.466 -1 -2.762 -1 -3.076 -1 295
-2.919 -1 -2.524 -1 -2.794 -1 -3.12 -1 216
-2.957 -1 -2.544 -1 -2.678 -1 -3.006 -1 139
-2.842 -1 -2.456 -1 -2.706 -1 -3.094 -1 212
-2.9 -1 -2.504 -1 -2.708 -1 -3.134 -1 174
-2.921 -1 -2.512 -1 -2.828 -1 -3.132 -1 257
-2.98 -1 -2.59 -1 -2.754 -1 -3.116 -1 114
-2.935 -1 -2.528 -1 -2.788 -1 -3.176 -1 204
-2.982 -1 -2.554 -1 -2.58 -1 -3.006 -1 26
-2.793 -1 -2.452 -1 -2.84 -1 -3.202 -1 290
-3.021 -1 -2.594 -1 -2.842 -1 -3.206 -1 228
-3.024 -1 -2.602 -1 -2.872 -1 -3.178 -1 299
-3.025 -1 -2.588 -1 -2.658 -1 -2.954 -1 42
-2.806 -1 -2.43 -1 -2.598 -1 -3.012 -1 128
-2.805 -1 -2.428 -1 -2.64 -1 -3.08 -1 196
-2.86 -1 -2.426 -1 -2.694 -1 -3.084 -1 194
-2.889 -1 -2.496 -1 -2.632 -1 -3.072 -1 106
-2.852 -1 -2.49 -1 -2.698 -1 -3.014 -1 190
-2.856 -1 -2.494 -1 -2.544 -1 -2.986 -1 36
-2.765 -1 -2.398 -1 -2.698 -1 -3.126 -1 241
-2.912 -1 -2.48 -1 -2.718 -1 -3.108 -1 159
-2.913 -1 -2.494 -1 -2.866 -1 -3.086 -1 317
-2.976 -1 -2.588 -1 -2.868 -1 -3.148 -1 279
-3.008 -1 -2.608 -1 -2.654 -1 -3.07 -1 56
-2.862 -1 -2.508 -1 -2.816 -1 -3.128 -1 262
-2.972 -1 -2.542 -1 -2.62 -1 -3.02 -1 71
-2.82 -1 -2.442 -1 -2.488 -1 -2.924 -1 36
-2.706 -1 -2.38 -1 -2.66 -1 -2.996 -1 278
-2.828 -1 -2.43 -1 -2.73 -1 -3.098 -1 238
-2.914 -1 -2.462 -1 -2.614 -1 -3.07 -1 142
-2.842 -1 -2.478 -1 -2.654 -1 -2.976 -1 110
-2.815 -1 -2.408 -1 -2.52 -1 -2.976 -1 104
-2.748 -1 -2.384 -1 -2.572 -1 -3.02 -1 124
-2.796 -1 -2.41 -1 -2.736 -1 -3.098 -1 246
-2.917 -1 -2.518 -1 -2.738 -1 -3.046 -1 157
-2.892 -1 -2.458 -1 -2.53 -1 -2.992 -1 62
-2.761 -1 -2.382 -1 -2.498 -1 -2.962 -1 86
-2.73 -1 -2.38 -1 -2.716 -1 -3.112 -1 265
-2.914 -1 -2.5 -1 -2.732 -1 -3.098 -1 194
-2.915 -1 -2.498 -1 -2.76 -1 -3.14 -1 217
-2.95 -1 -2.482 -1 -2.868 -1 -3.164 -1 332
-3.016 -1 -2.56 -1 -2.618 -1 -3.042 -1 68
-2.83 -1 -2.48 -1 -2.854 -1 -3.078 -1 336
-2.966 -1 -2.548 -1 -2.834 -1 -3.168 -1 226
-3.001 -1 -2.57 -1 -2.904 -1 -3.184 -1 308
-3.044 -1 -2.6 -1 -2.676 -1 -3.032 -1 51
-2.854 -1 -2.49 -1 -2.534 -1 -2.942 -1 36
-2.738 -1 -2.366 -1 -2.698 -1 -3.04 -1 215
-2.869 -1 -2.47 -1 -2.606 -1 -2.986 -1 113
-2.796 -1 -2.414 -1 -2.676 -1 -3.076 -1 208
-2.876 -1 -2.46 -1 -2.582 -1 -2.996 -1 98
-2.789 -1 -2.408 -1 -2.746 -1 -3.066 -1 266
-2.906 -1 -2.508 -1 -2.838 -1 -3.094 -1 291
-2.966 -1 -2.546 -1 -2.744 -1 -3.12 -1 135
-2.932 -1 -2.532 -1 -2.546 -1 -2.912 -1 10
-2.729 -1 -2.4 -1 -2.702 -1 -3.068 -1 217
-2.885 -1 -2.478 -1 -2.688 -1 -3.034 -1 148
-2.861 -1 -2.446 -1 -2.64 -1 -3.058 -1 174
-2.849 -1 -2.444 -1 -2.542 -1 -2.928 -1 84
-2.735 -1 -2.364 -1 -2.716 -1 -3.098 -1 263
-2.907 -1 -2.468 -1 -2.642 -1 -3.046 -1 133
-2.844 -1 -2.42 -1 -2.478 -1 -2.95 -1 50
-2.714 -1 -2.356 -1 -2.45 -1 -2.88 -1 50
-2.665 -1 -2.296 -1 -2.544 -1 -2.896 -1 151
-2.72 -1 -2.34 -1 -2.504 -1 -2.922 -1 110
-2.713 -1 -2.332 -1 -2.712 -1 -3.072 -1 273
-2.892 -1 -2.434 -1 -2.728 -1 -3.074 -1 234
-2.901 -1 -2.482 -1 -2.698 -1 -3.046 -1 189
-2.872 -1 -2.472 -1 -2.91 -1 -3.096 -1 318
-3.003 -1 -2.598 -1 -2.764 -1 -3.092 -1 112
-2.928 -1 -2.482 -1 -2.834 -1 -3.164 -1 285
-2.999 -1 -2.596 -1 -2.844 -1 -3.178 -1 241
-3.011 -1 -2.568 -1 -2.684 -1 -3.036 -1 108
-2.86 -1 -2.462 -1 -2.622 -1 -3.054 -1 101
-2.838 -1 -2.47 -1 -2.594 -1 -2.948 -1 81
-2.771 -1 -2.44 -1 -2.63 -1 -2.94 -1 155
-2.785 -1 -2.378 -1 -2.568 -1 -2.986 -1 132
-2.777 -1 -2.398 -1 -2.798 -1 -3.128 -1 339
-2.963 -1 -2.532 -1 -2.656 -1 -3.046 -1 118
-2.851 -1 -2.436 -1 -2.582 -1 -2.976 -1 126
-2.779 -1 -2.386 -1 -2.492 -1 -2.934 -1 78
-2.713 -1 -2.348 -1 -2.734 -1 -3.06 -1 341
-2.897 -1 -2.484 -1 -2.654 -1 -2.96 -1 145
-2.807 -1 -2.412 -1 -2.506 -1 -3.01 -1 67
-2.758 -1 -2.374 -1 -2.526 -1 -2.972 -1 112
-2.749 -1 -2.356 -1 -2.774 -1 -3.096 -1 322
-2.935 -1 -2.494 -1 -2.836 -1 -3.096 -1 316
-2.966 -1 -2.526 -1 -2.69 -1 -3.074 -1 127
-2.882 -1 -2.486 -1 -2.632 -1 -3.048 -1 117
-2.84 -1 -2.442 -1 -2.642 -1 -3.048 -1 146
-2.845 -1 -2.468 -1 -2.618 -1 -3.014 -1 105
-2.816 -1 -2.422 -1 -2.73 -1 -3.126 -1 263
-2.928 -1 -2.518 -1 -2.57 -1 -2.992 -1 36
-2.781 -1 -2.426 -1 -2.624 -1 -3.022 -1 153
-2.823 -1 -2.44 -1 -2.46 -1 -2.884 -1 20
-2.672 -1 -2.3 -1 -2.514 -1 -2.922 -1 135
-2.718 -1 -2.324 -1 -2.522 -1 -3.03 -1 124
-2.776 -1 -2.414 -1 -2.806 -1 -3.104 -1 322
-2.955 -1 -2.518 -1 -2.612 -1 -3.038 -1 55
-2.825 -1 -2.436 -1 -2.846 -1 -3.16 -1 323
-3.003 -1 -2.604 -1 -2.69 -1 -3.018 -1 61
-2.854 -1 -2.468 -1 -2.57 -1 -2.992 -1 78
-2.781 -1 -2.392 -1 -2.5 -1 -2.974 -1 83
-2.737 -1 -2.388 -1 -2.844 -1 -3.17 -1 333
-3.007 -1 -2.55 -1 -2.624 -1 -3.02 -1 47
-2.822 -1 -2.468 -1 -2.876 -1 -3.154 -1 345
-3.015 -1 -2.562 -1 -2.578 -1 -2.928 -1 6
-2.753 -1 -2.396 -1 -2.75 -1 -3.114 -1 269
-2.932 -1 -2.502 -1 -2.526 -1 -2.958 -1 21
-2.742 -1 -2.388 -1 -2.504 -1 -2.892 -1 70
-2.698 -1 -2.34 -1 -2.43 -1 -2.91 -1 49
-2.67 -1 -2.302 -1 -2.636 -1 -3.042 -1 272
-2.839 -1 -2.414 -1 -2.516 -1 -2.968 -1 72
-2.742 -1 -2.352 -1 -2.684 -1 -3.01 -1 284
-2.847 -1 -2.456 -1 -2.51 -1 -2.908 -1 32
-2.709 -1 -2.354 -1 -2.362 -1 -2.862 -1 9
-2.612 -1 -2.24 -1 -2.506 -1 -2.932 -1 148
-2.719 -1 -2.294 -1 -2.378 -1 -2.856 -1 37
-2.617 -1 -2.236 -1 -2.53 -1 -2.968 -1 189
-2.749 -1 -2.356 -1 -2.496 -1 -2.896 -1 71
-2.696 -1 -2.314 -1 -2.496 -1 -2.872 -1 131
-2.684 -1 -2.284 -1 -2.566 -1 -2.89 -1 194
-2.728 -1 -2.33 -1 -2.35 -1 -2.906 -1 9
-2.628 -1 -2.292 -1 -2.56 -1 -3.018 -1 172
-2.789 -1 -2.41 -1 -2.738 -1 -3.014 -1 290
-2.876 -1 -2.468 -1 -2.77 -1 -3.124 -1 280
-2.947 -1 -2.534 -1 -2.754 -1 -3.046 0 188
