9 1000 0.4 4 19 0 0 0 0
-3.682 -1 -3.284 -1 -3.324 -1 -3.452 -1 87
-3.388 -1 -3.042 -1 -3.094 -1 -3.362 -1 113
-3.228 -1 -2.92 -1 -3.092 -1 -3.224 -1 188
-3.158 -1 -2.864 -1 -2.942 -1 -3.188 -1 99
-3.065 -1 -2.734 -1 -2.83 -1 -3.132 -1 111
-2.981 -1 -2.634 -1 -2.706 -1 -3.08 -1 103
-2.893 -1 -2.576 -1 -2.652 -1 -3.106 -1 77
-2.879 -1 -2.548 -1 -2.732 -1 -3.09 -1 107
-2.911 -1 -2.646 -1 -2.702 -1 -3.13 -1 57
-2.916 -1 -2.584 -1 -2.764 -1 -3.08 -1 120
-2.922 -1 -2.596 -1 -2.67 -1 -3.076 -1 55
-2.873 -1 -2.526 -1 -2.764 -1 -3.148 -1 191
-2.956 -1 -2.606 -1 -2.716 -1 -3.09 -1 91
-2.903 -1 -2.526 -1 -2.588 -1 -3.066 -1 49
-2.827 -1 -2.492 -1 -2.538 -1 -2.97 -1 53
-2.754 -1 -2.43 -1 -2.478 -1 -2.934 -1 33
-2.706 -1 -2.382 -1 -2.594 -1 -3.008 -1 151
-2.801 -1 -2.448 -1 -2.47 -1 -2.99 -1 11
-2.73 -1 -2.446 -1 -2.478 -1 -2.892 0 12
