7 1000 0.4 1 25 0 0 0 0
-3.251 -1 -3.096 -1 -3.104 -1 -3.206 -1 175
-3.155 -1 -3.044 -1 -3.06 -1 -3.168 -1 69
-3.114 -1 -2.974 -1 -2.996 -1 -3.058 -1 58
-3.027 -1 -2.892 -1 -2.912 -1 -3.044 -1 45
-2.978 -1 -2.834 -1 -2.86 -1 -3.05 -1 47
-2.955 -1 -2.794 -1 -2.8 -1 -3.02 -1 20
-2.91 -1 -2.77 -1 -2.796 -1 -2.99 -1 58
-2.893 -1 -2.776 -1 -2.822 -1 -3.048 -1 81
-2.935 -1 -2.744 -1 -2.862 -1 -3.08 -1 179
-2.971 -1 -2.782 -1 -2.784 -1 -2.952 -1 36
-2.868 -1 -2.706 -1 -2.768 -1 -2.912 -1 80
-2.84 -1 -2.7 -1 -2.762 -1 -2.966 -1 86
-2.864 -1 -2.686 -1 -2.7 -1 -2.942 -1 72
-2.821 -1 -2.674 -1 -2.694 -1 -2.872 -1 62
-2.783 -1 -2.662 -1 -2.736 -1 -2.884 -1 123
-2.81 -1 -2.656 -1 -2.66 -1 -2.942 -1 12
-2.801 -1 -2.626 -1 -2.652 -1 -2.88 -1 63
-2.766 -1 -2.578 -1 -2.658 -1 -2.854 -1 109
-2.756 -1 -2.634 -1 -2.656 -1 -2.878 -1 38
-2.767 -1 -2.64 -1 -2.716 -1 -2.858 -1 80
-2.787 -1 -2.606 -1 -2.704 -1 -2.934 -1 168
-2.819 -1 -2.682 -1 -2.72 -1 -2.908 -1 37
-2.814 -1 -2.684 -1 -2.768 -1 -2.952 -1 105
-2.86 -1 -2.688 -1 -2.722 -1 -2.844 -1 48
-2.783 -1 -2.656 -1 -2.728 0 -2.952 -1 100
