8 1000 0.3 1 29 0 0 0 0
-3.499 -1 -3.358 -1 -3.354 -1 -3.454 -1 107
-3.404 -1 -3.272 -1 -3.288 -1 -3.396 -2 127
-3.342 -1 -3.186 -1 -3.19 -1 -3.288 -1 19
-3.239 -1 -3.094 -1 -3.09 -1 -3.242 -1 1
-3.166 -1 -3.036 -1 -3.096 -1 -3.254 -1 99
-3.175 -1 -3.048 -1 -3.062 -1 -3.22 -1 43
-3.141 -1 -3.022 -1 -3.06 -1 -3.24 -1 121
-3.15 -1 -3.054 -1 -3.064 -1 -3.196 -1 34
-3.13 -1 -2.96 -1 -3.034 -1 -3.2 -1 88
-3.117 -1 -3.036 -1 -3.028 -1 -3.18 -1 14
-3.104 -1 -2.916 -1 -3.002 -1 -3.206 -1 115
-3.104 -1 -2.934 -1 -2.98 -1 -3.178 -1 103
-3.079 -1 -2.918 -1 -3.024 -1 -3.21 -1 137
-3.117 -1 -2.998 -1 -2.998 -1 -3.198 -1 10
-3.098 -1 -2.966 -1 -3.01 -1 -3.142 -1 114
-3.076 -1 -2.918 -1 -3.036 -1 -3.246 -1 128
-3.141 -1 -2.986 -1 -2.988 -1 -3.184 -1 21
-3.086 -1 -2.962 -1 -2.978 -1 -3.158 -1 40
-3.068 -1 -2.91 -1 -2.928 -1 -3.116 -1 48
-3.022 -1 -2.888 -1 -2.886 -1 -3.08 -1 3
-2.983 -1 -2.818 -1 -2.938 -1 -3.148 -1 140
-3.043 -1 -2.906 -1 -2.902 -1 -3.108 -1 5
-3.005 -1 -2.884 -1 -2.914 -1 -3.08 -1 41
-2.997 -1 -2.886 -1 -2.964 -1 -3.072 -1 94
-3.018 -1 -2.84 -1 -2.942 -1 -3.132 -1 133
-3.037 -1 -2.956 -1 -2.956 -1 -3.05 -1 15
-3.003 -1 -2.854 -1 -2.916 -1 -3.1 -1 88
-3.008 -1 -2.85 -1 -2.892 -1 -3.082 -1 72
-2.987 -1 -2.882 -1 -2.91 -1 -3.104 0 28
