8 1000 0.2 10 14 0 0 0 0
-3.439 -1 -2.93 -1 -2.95 -1 -3.174 -1 20
-3.062 -1 -2.652 -1 -2.72 -1 -3.036 -1 67
-2.878 -1 -2.47 -1 -2.478 -1 -2.936 -1 11
-2.707 -1 -2.362 -1 -2.46 -1 -2.892 -1 97
-2.676 -1 -2.306 -1 -2.378 -1 -2.874 -1 59
-2.626 -1 -2.3 -1 -2.348 -1 -2.866 -1 31
-2.607 -1 -2.266 -1 -2.328 -1 -2.816 -1 60
-2.572 -1 -2.25 -1 -2.27 -1 -2.782 -1 11
-2.526 -1 -2.176 -1 -2.276 -1 -2.788 -1 66
-2.532 -1 -2.164 -1 -2.214 -1 -2.718 -1 39
-2.466 -1 -2.122 -1 -2.122 -1 -2.628 -1 1
-2.375 -1 -2.06 -1 -2.11 -1 -2.706 -1 34
-2.408 -1 -2.072 -1 -2.142 -1 -2.7 -1 35
-2.421 -1 -2.054 -1 -2.174 -1 -2.662 0 69
