9 1000 0.9 5 274 0 0 0 0
-3.626 -1 -3.194 -1 -3.28 -1 -3.412 -2 189
-3.346 -1 -2.966 -1 -3.192 -2 -3.422 -1 419
-3.307 -1 -2.914 -1 -2.984 -1 -3.254 -1 82
-3.119 -1 -2.74 -1 -2.9 -1 -3.254 -2 236
-3.077 -1 -2.718 -1 -2.746 -1 -3.106 -1 20
-2.926 -1 -2.598 -1 -2.688 -1 -3.11 -1 73
-2.899 -1 -2.538 -1 -2.726 -1 -3.07 -1 159
-2.898 -1 -2.574 -1 -2.764 -1 -3.14 -1 184
-2.952 -1 -2.598 -1 -2.986 -1 -3.312 -1 423
-3.149 -1 -2.772 -1 -3.058 -1 -3.364 -2 371
-3.211 -1 -2.816 -1 -3.038 -1 -3.302 -1 339
-3.17 -1 -2.766 -1 -2.828 -1 -3.204 -1 71
-3.016 -1 -2.622 -1 -2.65 -1 -3.082 -1 28
-2.866 -1 -2.534 -1 -2.848 -1 -3.154 -1 261
-3.001 -1 -2.57 -1 -2.942 -1 -3.23 -1 314
-3.086 -1 -2.696 -1 -2.948 -1 -3.262 -1 240
-3.105 -1 -2.72 -1 -2.808 -1 -3.238 -2 102
-3.023 -1 -2.666 -1 -2.7 -1 -3.076 -1 33
-2.888 -1 -2.556 -1 -2.852 -1 -3.108 -1 325
-2.98 -1 -2.562 -1 -2.622 -1 -3.112 -1 35
-2.867 -1 -2.494 -1 -2.504 -1 -2.908 -1 23
-2.706 -1 -2.4 -1 -2.638 -1 -2.99 -1 172
-2.814 -1 -2.476 -1 -2.55 -1 -3.048 -1 38
-2.799 -1 -2.442 -1 -2.802 -1 -3.12 -1 280
-2.961 -1 -2.618 -1 -3.008 -1 -3.296 -1 325
-3.152 -1 -2.732 -1 -3.11 -1 -3.33 -1 448
-3.22 -1 -2.808 -1 -2.918 -1 -3.164 -1 99
-3.041 -1 -2.652 -1 -2.918 -1 -3.246 -1 274
-3.082 -1 -2.682 -1 -2.856 -1 -3.146 -1 140
-3.001 -1 -2.636 -1 -2.932 -1 -3.314 -1 342
-3.123 -1 -2.726 -1 -2.918 -1 -3.226 -1 253
-3.072 -1 -2.678 -1 -2.928 -1 -3.222 -1 207
-3.075 -1 -2.674 -1 -2.728 -1 -3.106 -1 41
-2.917 -1 -2.586 -1 -3.06 -1 -3.292 -1 415
-3.176 -1 -2.712 -1 -3.104 -1 -3.346 -1 395
-3.225 -1 -2.796 -1 -2.974 -1 -3.248 -1 172
-3.111 -1 -2.706 -1 -2.784 -1 -3.148 -1 77
-2.966 -1 -2.632 -1 -2.702 -1 -3.056 -1 57
-2.879 -1 -2.55 -1 -2.844 -1 -3.154 -1 219
-2.999 -1 -2.626 -1 -2.844 -1 -3.12 -1 239
-2.982 -1 -2.576 -1 -2.888 -1 -3.212 -1 286
-3.05 -1 -2.642 -1 -2.96 -1 -3.182 -1 253
-3.071 -1 -2.67 -1 -2.974 -1 -3.212 -1 428
-3.093 -1 -2.71 -1 -2.966 -1 -3.254 -1 273
-3.11 -1 -2.68 -1 -3.03 -1 -3.286 -1 426
-3.158 -1 -2.752 -1 -2.88 -1 -3.244 -1 113
-3.062 -1 -2.714 -1 -2.872 -1 -3.222 -1 192
-3.047 -1 -2.664 -1 -3.028 -1 -3.228 -1 418
-3.128 -1 -2.746 -1 -2.76 -1 -3.138 -1 30
-2.949 -1 -2.582 -1 -2.972 -1 -3.274 -1 341
-3.123 -1 -2.696 -1 -2.778 -1 -3.13 -1 122
-2.954 -1 -2.616 -1 -2.778 -1 -3.184 -1 195
-2.981 -1 -2.598 -1 -3 -1 -3.276 -1 395
-3.138 -1 -2.76 -1 -2.964 -1 -3.214 -1 217
-3.089 -1 -2.648 -1 -2.824 -1 -3.124 -1 175
-2.974 -1 -2.616 -1 -2.644 -1 -3.094 -1 34
-2.869 -1 -2.554 -1 -2.756 -1 -3.038 -1 135
-2.897 -1 -2.532 -1 -2.74 -1 -3.118 -1 208
-2.929 -1 -2.518 -1 -2.776 -1 -3.19 -1 237
-2.983 -1 -2.592 -1 -2.658 -1 -3.054 -1 74
-2.856 -1 -2.552 -1 -2.984 -1 -3.218 -1 414
-3.101 -1 -2.73 -1 -2.9 -1 -3.154 -1 176
-3.027 -1 -2.62 -1 -2.676 -1 -3.098 -1 53
-2.887 -1 -2.544 -1 -2.888 -1 -3.188 -1 335
-3.038 -1 -2.66 -1 -2.742 -1 -3.118 -1 84
-2.93 -1 -2.584 -1 -2.962 -1 -3.252 -1 387
-3.107 -1 -2.67 -1 -3 -1 -3.158 -1 301
-3.079 -1 -2.67 -1 -2.862 -1 -3.166 -1 207
-3.014 -1 -2.624 -1 -2.67 -1 -3.048 -1 42
-2.859 -1 -2.492 -1 -2.626 -1 -3.01 -1 87
-2.818 -1 -2.454 -1 -2.684 -1 -3.014 -1 196
-2.849 -1 -2.506 -1 -2.662 -1 -3.068 -1 119
-2.865 -1 -2.518 -1 -2.666 -1 -3.038 -1 102
-2.852 -1 -2.466 -1 -2.584 -1 -3.026 -1 72
-2.805 -1 -2.452 -1 -2.77 -1 -3.124 -1 279
-2.947 -1 -2.57 -1 -2.708 -1 -3.044 -1 122
-2.876 -1 -2.516 -1 -2.816 -1 -3.148 -1 293
-2.982 -1 -2.616 -1 -2.682 -1 -3.112 -1 57
-2.897 -1 -2.55 -1 -2.734 -1 -3.054 -1 153
-2.894 -1 -2.54 -1 -2.538 -1 -2.962 -1 2
-2.75 -1 -2.436 -1 -2.49 -1 -2.88 -1 48
-2.685 -1 -2.35 -1 -2.946 -1 -3.116 -1 439
-3.031 -1 -2.626 -1 -3.002 -1 -3.26 -1 399
-3.131 -1 -2.714 -1 -2.936 -1 -3.27 -1 204
-3.103 -1 -2.688 -1 -2.972 -1 -3.19 -2 265
-3.081 -1 -2.714 -1 -2.968 -1 -3.216 -2 236
-3.092 -1 -2.742 -1 -2.986 -1 -3.262 -1 303
-3.124 -1 -2.742 -1 -3.078 -1 -3.308 -1 380
-3.193 -1 -2.766 -1 -3.166 -1 -3.362 -1 400
-3.264 -1 -2.814 -1 -3.112 -1 -3.328 -1 405
-3.22 -1 -2.792 -1 -2.84 -1 -3.238 -1 49
-3.039 -1 -2.65 -1 -2.744 -1 -3.144 -1 90
-2.944 -1 -2.568 -1 -2.824 -1 -3.234 -1 225
-3.029 -1 -2.638 -1 -2.98 -1 -3.274 -1 342
-3.127 -1 -2.706 -1 -3.08 -1 -3.296 -1 337
-3.188 -1 -2.738 -1 -2.784 -1 -3.198 -1 28
-2.991 -1 -2.648 -1 -2.88 -1 -3.206 -1 254
-3.043 -1 -2.642 -1 -3.022 -1 -3.312 -1 364
-3.167 -1 -2.792 -1 -3.104 -1 -3.336 -1 432
-3.22 -1 -2.822 -1 -2.988 -1 -3.27 -1 213
-3.129 -1 -2.768 -1 -2.782 -1 -3.218 -1 19
-3 -1 -2.664 -1 -2.83 -1 -3.12 -1 201
-2.975 -1 -2.596 -1 -3.018 -1 -3.308 -1 433
-3.163 -1 -2.736 -1 -2.948 -1 -3.212 -1 219
-3.08 -1 -2.662 -1 -2.912 -1 -3.296 -1 271
-3.104 -1 -2.732 -1 -3.048 -1 -3.284 -1 341
-3.166 -1 -2.774 -1 -2.948 -1 -3.256 -1 169
-3.102 -1 -2.684 -1 -2.958 -1 -3.178 -1 317
-3.068 -1 -2.644 -1 -3 -1 -3.252 -1 355
-3.126 -1 -2.676 -1 -2.9 -1 -3.212 -1 214
-3.056 -1 -2.692 -1 -3.038 -1 -3.228 -1 376
-3.133 -1 -2.776 -1 -3.066 -1 -3.318 -1 362
-3.192 -1 -2.752 -1 -3.068 -1 -3.29 -1 403
-3.179 -1 -2.808 -1 -3.058 -1 -3.294 -2 323
-3.176 -1 -2.748 -1 -2.956 -1 -3.236 -1 263
-3.096 -1 -2.692 -1 -2.95 -1 -3.228 -1 319
-3.089 -1 -2.71 -1 -3.084 -1 -3.32 -1 383
-3.202 -1 -2.758 -1 -3.08 -1 -3.312 -1 407
-3.196 -1 -2.8 -1 -3.16 -1 -3.354 -1 427
-3.257 -1 -2.826 -1 -3.006 -1 -3.258 -1 178
-3.132 -1 -2.722 -1 -3.096 -1 -3.35 -1 362
-3.223 -1 -2.804 -1 -2.826 -1 -3.202 -1 8
-3.014 -1 -2.68 -1 -2.952 -1 -3.222 -1 256
-3.087 -1 -2.698 -1 -2.816 -1 -3.148 -1 85
-2.982 -1 -2.612 -1 -2.706 -1 -3.04 -1 68
-2.873 -1 -2.536 -1 -2.594 -1 -3.086 -1 41
-2.84 -1 -2.47 -1 -2.664 -1 -3.13 -1 151
-2.897 -1 -2.516 -1 -2.61 -1 -2.974 -1 71
-2.792 -1 -2.418 -1 -2.87 -1 -3.184 -1 402
-3.027 -1 -2.638 -1 -2.93 -1 -3.168 -1 308
-3.049 -1 -2.646 -1 -3.066 -1 -3.2 -1 411
-3.133 -1 -2.76 -1 -2.988 -1 -3.312 -1 267
-3.15 -1 -2.71 -1 -2.98 -1 -3.246 -1 263
-3.113 -1 -2.7 -1 -2.91 -1 -3.168 -1 161
-3.039 -1 -2.618 -1 -2.74 -1 -3.112 -1 104
-2.926 -1 -2.546 -1 -2.642 -1 -3.052 -1 75
-2.847 -1 -2.516 -1 -2.968 -1 -3.244 -1 440
-3.106 -1 -2.662 -1 -2.866 -1 -3.136 -1 182
-3.001 -1 -2.638 -1 -2.824 -1 -3.114 -1 188
-2.969 -1 -2.626 -1 -2.75 -1 -3.094 -1 104
-2.922 -1 -2.59 -1 -2.836 -1 -3.166 -1 200
-3.001 -1 -2.588 -1 -2.962 -1 -3.214 -1 357
-3.088 -1 -2.678 -1 -2.986 -1 -3.168 -1 334
-3.077 -1 -2.74 -1 -2.958 -1 -3.136 -1 234
-3.047 -1 -2.688 -1 -2.792 -1 -3.138 -1 96
-2.965 -1 -2.614 -1 -2.75 -1 -3.144 -1 125
-2.947 -1 -2.596 -1 -2.948 -1 -3.238 -1 399
-3.093 -1 -2.726 -1 -2.898 -1 -3.186 -1 129
-3.042 -1 -2.672 -1 -3.058 -1 -3.292 -1 367
-3.175 -1 -2.752 -1 -3.034 -1 -3.286 -1 324
-3.16 -1 -2.754 -1 -2.786 -1 -3.09 -1 23
-2.938 -1 -2.566 -1 -2.836 -1 -3.174 -1 267
-3.005 -1 -2.634 -1 -2.79 -1 -3.126 -1 122
-2.958 -1 -2.606 -1 -2.744 -1 -3.112 -1 108
-2.928 -1 -2.564 -1 -2.654 -1 -2.966 -1 52
-2.81 -1 -2.476 -1 -2.664 -1 -3.128 -1 154
-2.896 -1 -2.546 -1 -2.61 -1 -3.008 -1 45
-2.809 -1 -2.492 -1 -2.88 -1 -3.202 -1 443
-3.041 -1 -2.648 -1 -2.846 -1 -3.106 -1 193
-2.976 -1 -2.626 -1 -2.918 -1 -3.192 -1 323
-3.055 -1 -2.644 -1 -3.036 -1 -3.276 -1 433
-3.156 -1 -2.736 -1 -3.04 -1 -3.254 -1 317
-3.147 -1 -2.73 -1 -2.988 -1 -3.236 -1 321
-3.112 -1 -2.682 -1 -2.842 -1 -3.18 -1 173
-3.011 -1 -2.66 -1 -2.678 -1 -3.02 -1 24
-2.849 -1 -2.492 -1 -2.682 -1 -3.132 -1 133
-2.907 -1 -2.544 -1 -3 -1 -3.198 -1 360
-3.099 -1 -2.692 -1 -2.706 -1 -3.128 -1 22
-2.917 -1 -2.568 -1 -2.674 -1 -3.072 -1 92
-2.873 -1 -2.54 -1 -2.776 -1 -3.078 -1 193
-2.927 -1 -2.526 -1 -2.638 -1 -3.054 -1 90
-2.846 -1 -2.482 -1 -2.678 -1 -3.048 -1 185
-2.863 -1 -2.514 -1 -2.568 -1 -2.964 -1 43
-2.766 -1 -2.488 -1 -2.552 -1 -3.024 -1 33
-2.788 -1 -2.446 -1 -2.924 -1 -3.134 -1 397
-3.029 -1 -2.638 -1 -3.07 -1 -3.27 -1 416
-3.17 -1 -2.768 -1 -3.006 -1 -3.294 -1 348
-3.15 -1 -2.75 -1 -2.78 -1 -3.192 -1 30
-2.986 -1 -2.622 -1 -2.636 -1 -2.962 -1 13
-2.799 -1 -2.464 -1 -2.948 -1 -3.216 -1 445
-3.082 -1 -2.666 -1 -2.924 -1 -3.218 -1 240
-3.071 -1 -2.632 -1 -2.706 -1 -3.09 -1 80
-2.898 -1 -2.534 -1 -2.852 -1 -3.1 -1 344
-2.976 -1 -2.62 -1 -2.896 -1 -3.124 -2 278
-3.01 -1 -2.638 -1 -2.674 -1 -3.028 -1 28
-2.851 -1 -2.502 -1 -2.788 -1 -3.056 -1 188
-2.922 -1 -2.544 -1 -3.006 -1 -3.298 -2 436
-3.152 -1 -2.78 -1 -2.958 -1 -3.214 -1 200
-3.086 -1 -2.668 -1 -3.078 -1 -3.306 -2 409
-3.192 -1 -2.79 -1 -2.928 -1 -3.19 -1 115
-3.059 -1 -2.698 -1 -3.052 -1 -3.3 -1 388
-3.176 -1 -2.764 -1 -3.036 -1 -3.27 -1 326
-3.153 -1 -2.744 -1 -2.996 -1 -3.274 -1 292
-3.135 -1 -2.764 -1 -3.03 -1 -3.222 -1 252
-3.126 -1 -2.772 -1 -3.068 -1 -3.286 -1 409
-3.177 -1 -2.776 -1 -2.86 -1 -3.18 -1 84
-3.02 -1 -2.7 -1 -2.764 -1 -3.184 -1 43
-2.974 -1 -2.616 -1 -3.034 -1 -3.246 -1 412
-3.14 -1 -2.754 -1 -2.88 -1 -3.154 -1 135
-3.017 -1 -2.616 -1 -2.762 -1 -3.15 -1 132
-2.956 -1 -2.606 -1 -2.912 -1 -3.2 -1 286
-3.056 -1 -2.616 -1 -2.964 -1 -3.258 -1 348
-3.111 -1 -2.686 -1 -3.004 -1 -3.346 -1 346
-3.175 -1 -2.754 -1 -2.986 -1 -3.21 -1 277
-3.098 -1 -2.702 -1 -2.89 -1 -3.194 -1 141
-3.042 -1 -2.63 -1 -2.994 -1 -3.256 -1 382
-3.125 -1 -2.736 -1 -3.092 -1 -3.348 -1 434
-3.22 -1 -2.81 -1 -2.834 -1 -3.202 -1 32
-3.018 -1 -2.66 -1 -2.964 -1 -3.244 -1 327
-3.104 -1 -2.694 -1 -3.082 -1 -3.288 -1 398
-3.185 -1 -2.77 -1 -2.948 -1 -3.208 -1 149
-3.078 -1 -2.662 -1 -2.82 -1 -3.194 -1 226
-3.007 -1 -2.64 -1 -2.992 -1 -3.238 -1 404
-3.115 -1 -2.712 -1 -2.782 -1 -3.184 -1 87
-2.983 -1 -2.594 -1 -2.688 -1 -3.07 -1 70
-2.879 -1 -2.522 -1 -2.574 -1 -3.006 -1 46
-2.79 -1 -2.47 -1 -2.654 -1 -2.988 -1 107
-2.821 -1 -2.44 -1 -2.596 -1 -3.086 -1 89
-2.841 -1 -2.518 -1 -2.848 -1 -3.136 -1 296
-2.992 -1 -2.606 -1 -2.922 -1 -3.212 -1 269
-3.067 -1 -2.668 -1 -2.788 -1 -3.168 -1 103
-2.978 -1 -2.556 -1 -2.928 -1 -3.272 -1 377
-3.1 -1 -2.71 -1 -2.788 -1 -3.144 -1 86
-2.966 -1 -2.594 -1 -2.834 -1 -3.158 -1 180
-2.996 -1 -2.644 -1 -2.904 -1 -3.194 -1 406
-3.049 -1 -2.696 -1 -2.698 -1 -3.07 -1 1
-2.884 -1 -2.514 -1 -2.776 -1 -3.152 -1 231
-2.964 -1 -2.568 -1 -2.776 -1 -3.074 -1 184
-2.925 -1 -2.546 -1 -2.806 -1 -3.188 -1 270
-2.997 -1 -2.6 -1 -3.03 -1 -3.308 -1 441
-3.169 -1 -2.752 -1 -3.018 -1 -3.256 -1 245
-3.137 -1 -2.756 -1 -2.948 -1 -3.214 -1 189
-3.081 -1 -2.654 -1 -2.864 -1 -3.198 -1 194
-3.031 -1 -2.626 -1 -2.872 -1 -3.156 -1 234
-3.014 -1 -2.606 -1 -2.996 -1 -3.23 -1 380
-3.113 -1 -2.728 -1 -2.944 -1 -3.234 -1 211
-3.089 -1 -2.734 -1 -2.99 -1 -3.268 -1 280
-3.129 -1 -2.754 -1 -3.072 -1 -3.314 -1 408
-3.193 -1 -2.78 -1 -2.852 -1 -3.258 -1 92
-3.055 -1 -2.684 -1 -2.73 -1 -3.104 -1 43
-2.917 -1 -2.584 -1 -2.968 -1 -3.256 -1 329
-3.112 -1 -2.686 -1 -2.716 -1 -3.044 -1 19
-2.88 -1 -2.546 -1 -2.864 -1 -3.154 -1 263
-3.009 -1 -2.602 -1 -2.984 -1 -3.254 -1 388
-3.119 -1 -2.712 -1 -3.042 -1 -3.288 -1 326
-3.165 -1 -2.776 -1 -3.086 -1 -3.31 -1 416
-3.198 -1 -2.814 -1 -2.914 -1 -3.234 -1 91
-3.074 -1 -2.734 -1 -2.76 -1 -3.102 -1 24
-2.931 -1 -2.59 -1 -2.732 -1 -3.15 -1 137
-2.941 -1 -2.618 -1 -2.756 -1 -3.21 -1 117
-2.983 -1 -2.622 -1 -2.88 -1 -3.204 -1 287
-3.042 -1 -2.616 -1 -2.928 -1 -3.188 -1 288
-3.058 -1 -2.684 -1 -2.728 -1 -3.124 -1 38
-2.926 -1 -2.602 -1 -2.94 -1 -3.17 -1 323
-3.055 -1 -2.644 -1 -2.76 -1 -3.09 -1 81
-2.925 -1 -2.52 -1 -2.624 -1 -3.012 -1 73
-2.818 -1 -2.496 -1 -2.66 -1 -3.068 -1 104
-2.864 -1 -2.516 -1 -2.74 -1 -3.108 -1 173
-2.924 -1 -2.552 -1 -2.62 -1 -2.978 -1 69
-2.799 -1 -2.458 -1 -2.852 -1 -3.162 -1 325
-3.007 -1 -2.59 -1 -2.606 -1 -3.036 -1 17
-2.821 -1 -2.466 -1 -2.572 -1 -2.992 -1 61
-2.782 -1 -2.416 -1 -2.526 -1 -2.992 -1 64
-2.759 -1 -2.412 -1 -2.626 -1 -2.994 -1 169
-2.81 -1 -2.418 -1 -2.516 -1 -2.876 -1 74
-2.696 -1 -2.354 -1 -2.56 -1 -2.976 -1 145
-2.768 -1 -2.398 -1 -2.44 -1 -2.864 -1 25
-2.652 -1 -2.362 -1 -2.78 -1 -3.166 -1 361
-2.973 -1 -2.536 -1 -3.008 -1 -3.188 -1 429
-3.098 -1 -2.622 -1 -2.828 -1 -3.158 -1 160
-2.993 -1 -2.652 -1 -2.984 -1 -3.224 -1 355
-3.104 -1 -2.712 -1 -3.072 -1 -3.256 -1 419
-3.164 -1 -2.754 -1 -2.794 -1 -3.152 -1 68
-2.973 -1 -2.602 -1 -2.9 -1 -3.224 0 309
