9 1000 0.1 10 55 0 0 0 0
-3.647 -1 -3.138 -1 -3.138 -1 -3.358 -1 14
-3.248 -1 -2.86 -1 -2.914 -1 -3.262 -1 45
-3.088 -1 -2.666 -1 -2.698 -1 -3.042 -1 36
-2.87 -1 -2.446 -1 -2.516 -1 -2.96 -1 33
-2.738 -1 -2.376 -1 -2.42 -1 -2.938 -1 29
-2.679 -1 -2.336 -1 -2.362 -1 -2.9 -1 28
-2.631 -1 -2.302 -1 -2.36 -1 -2.85 -1 40
-2.605 -1 -2.256 -1 -2.32 -1 -2.768 -1 32
-2.544 -1 -2.204 -1 -2.248 -1 -2.814 -1 23
-2.531 -1 -2.218 -1 -2.236 -1 -2.74 -1 9
-2.488 -1 -2.164 -1 -2.176 -1 -2.764 -1 6
-2.47 -1 -2.134 -1 -2.168 -1 -2.756 -1 20
-2.462 -1 -2.15 -1 -2.23 -1 -2.826 -1 42
-2.528 -1 -2.16 -1 -2.218 -1 -2.766 -1 29
-2.492 -1 -2.168 -1 -2.194 -1 -2.666 -1 15
-2.43 -1 -2.072 -1 -2.092 -1 -2.678 -1 13
-2.385 -1 -2.058 -1 -2.074 -1 -2.602 -1 15
-2.338 -1 -2.012 -1 -2.048 -1 -2.598 -1 25
-2.323 -1 -2.032 -1 -2.05 -1 -2.6 -1 5
-2.325 -1 -1.996 -1 -2.046 -1 -2.548 -1 30
-2.297 -1 -1.964 -1 -2.018 -1 -2.636 -1 22
-2.327 -1 -1.964 -1 -1.998 -1 -2.53 -1 21
-2.264 -1 -1.932 -1 -1.968 -1 -2.618 -1 19
-2.293 -1 -1.97 -1 -1.97 -1 -2.564 -1 0
-2.267 -1 -1.944 -1 -2.016 -1 -2.606 -1 37
-2.311 -1 -1.944 -1 -2.008 -1 -2.594 -1 37
-2.301 -1 -1.976 -1 -1.99 -1 -2.502 -1 5
-2.246 -1 -1.95 -1 -2.04 -1 -2.548 -1 44
-2.294 -1 -1.95 -1 -1.984 -1 -2.54 -1 13
-2.262 -1 -1.93 -1 -1.93 -1 -2.488 -1 0
-2.209 -1 -1.894 -1 -1.988 -1 -2.506 -1 46
-2.247 -1 -1.906 -1 -1.934 -1 -2.458 -1 10
-2.196 -1 -1.896 -1 -1.902 -1 -2.422 -1 5
-2.162 -1 -1.866 -1 -1.908 -1 -2.468 -1 18
-2.188 -1 -1.844 -1 -1.948 -1 -2.502 -1 45
-2.225 -1 -1.876 -1 -1.884 -1 -2.39 -1 6
-2.137 -1 -1.814 -1 -1.854 -1 -2.358 -1 17
-2.106 -1 -1.792 -1 -1.8 -1 -2.354 -1 2
-2.077 -1 -1.746 -1 -1.754 -1 -2.19 -1 2
-1.972 -1 -1.664 -1 -1.742 -1 -2.248 -1 30
-1.995 -1 -1.642 -1 -1.732 -1 -2.196 -1 36
-1.964 -1 -1.608 -1 -1.63 -1 -2.094 -1 6
-1.862 -1 -1.56 -1 -1.602 -1 -2.006 -1 16
-1.804 -1 -1.506 -1 -1.632 -1 -2.042 -1 48
-1.837 -1 -1.498 -1 -1.634 -1 -2.046 -1 46
-1.84 -1 -1.478 -1 -1.562 -1 -1.95 -1 32
-1.756 -1 -1.422 -1 -1.438 -1 -1.816 -1 5
-1.627 -1 -1.364 -1 -1.412 -1 -1.786 -1 18
-1.599 -1 -1.304 -1 -1.316 -1 -1.666 -1 3
-1.491 -1 -1.208 -1 -1.34 -1 -1.652 -1 41
-1.496 -1 -1.198 -1 -1.316 -1 -1.638 -1 42
-1.477 -1 -1.214 -1 -1.338 -1 -1.616 -1 44
-1.477 -1 -1.22 -1 -1.28 -1 -1.478 -1 23
-1.379 -1 -1.124 -1 -1.218 -1 -1.446 -1 30
-1.332 -1 -1.132 -1 -1.156 -1 -1.334 0 4
