9 1000 0.2 2 2109 0 0 0 0
-3.636 -1 -3.382 -1 -3.384 -1 -3.486 -1 16
-3.435 -1 -3.238 -1 -3.27 -1 -3.482 -2 66
-3.376 -1 -3.144 -1 -3.19 -1 -3.436 -1 35
-3.313 -1 -3.074 -1 -3.134 -1 -3.378 -1 66
-3.256 -1 -3.018 -1 -3.03 -1 -3.262 -1 21
-3.146 -1 -2.91 -1 -2.912 -1 -3.212 -1 15
-3.062 -1 -2.862 -1 -2.906 -1 -3.214 -1 94
-3.06 -1 -2.878 -1 -2.976 -1 -3.236 -1 98
-3.106 -1 -2.866 -1 -2.882 -1 -3.16 -1 19
-3.021 -1 -2.784 -1 -2.796 -1 -3.156 -1 14
-2.976 -1 -2.752 -1 -2.796 -1 -3.132 -1 56
-2.964 -1 -2.77 -1 -2.836 -1 -3.082 -1 49
-2.959 -1 -2.756 -1 -2.812 -1 -3.06 -1 66
-2.936 -1 -2.72 -1 -2.79 -1 -3.132 -1 85
-2.961 -1 -2.764 -1 -2.818 -1 -3.122 -1 60
-2.97 -1 -2.712 -1 -2.748 -1 -3.04 -1 44
-2.894 -1 -2.712 -1 -2.792 -1 -3.154 -1 77
-2.973 -1 -2.762 -1 -2.814 -1 -3.11 -1 72
-2.962 -1 -2.744 -1 -2.746 -1 -3.008 -1 7
-2.877 -1 -2.668 -1 -2.716 -1 -3.12 -1 59
-2.918 -1 -2.706 -1 -2.782 -1 -3.084 -1 56
-2.933 -1 -2.7 -1 -2.8 -1 -3.048 -1 89
-2.924 -1 -2.678 -1 -2.69 -1 -3.044 -1 25
-2.867 -1 -2.628 -1 -2.682 -1 -3.01 -1 42
-2.846 -1 -2.614 -1 -2.696 -1 -3.048 -1 97
-2.872 -1 -2.624 -1 -2.734 -1 -3.064 -1 98
-2.899 -1 -2.652 -1 -2.752 -1 -3.11 -1 91
-2.931 -1 -2.774 -1 -2.79 -1 -3.052 -1 44
-2.921 -1 -2.666 -1 -2.7 -1 -2.98 -1 33
-2.84 -1 -2.622 -1 -2.716 -1 -3.016 -1 89
-2.866 -1 -2.63 -1 -2.734 -1 -3.038 -1 86
-2.886 -1 -2.64 -1 -2.736 -1 -3.054 -1 86
-2.895 -1 -2.67 -1 -2.746 -1 -3.066 -1 66
-2.906 -1 -2.724 -1 -2.818 -1 -3.124 -1 89
-2.971 -1 -2.722 -1 -2.796 -1 -3.082 -1 60
-2.939 -1 -2.708 -1 -2.716 -1 -3.074 -1 9
-2.895 -1 -2.674 -1 -2.74 -1 -3.008 -1 51
-2.874 -1 -2.62 -1 -2.722 -1 -3.092 -1 74
-2.907 -1 -2.682 -1 -2.74 -1 -3.114 -1 81
-2.927 -1 -2.698 -1 -2.756 -1 -3.036 -1 52
-2.896 -1 -2.68 -1 -2.76 -1 -3.044 -1 67
-2.902 -1 -2.662 -1 -2.696 -1 -3.058 -1 23
-2.877 -1 -2.634 -1 -2.684 -1 -3.038 -1 61
-2.861 -1 -2.656 -1 -2.664 -1 -2.954 -1 4
-2.809 -1 -2.58 -1 -2.62 -1 -3.052 -1 33
-2.836 -1 -2.622 -1 -2.672 -1 -2.964 -1 26
-2.818 -1 -2.622 -1 -2.624 -1 -2.992 -1 10
-2.808 -1 -2.574 -1 -2.608 -1 -2.896 -1 32
-2.752 -1 -2.538 -1 -2.606 -1 -2.886 -1 81
-2.746 -1 -2.514 -1 -2.618 -1 -2.944 -1 95
-2.781 -1 -2.568 -1 -2.624 -1 -2.962 -1 52
-2.793 -1 -2.566 -1 -2.574 -1 -3.03 -1 7
-2.802 -1 -2.542 -1 -2.582 -1 -2.922 -1 30
-2.752 -1 -2.544 -1 -2.638 -1 -2.922 -1 94
-2.78 -1 -2.564 -1 -2.66 -1 -2.958 -1 71
-2.809 -1 -2.642 -1 -2.716 -1 -2.99 -1 88
-2.853 -1 -2.606 -1 -2.698 -1 -2.988 -1 80
-2.843 -1 -2.6 -1 -2.642 -1 -2.926 -1 38
-2.784 -1 -2.53 -1 -2.624 -1 -2.932 -1 80
-2.778 -1 -2.58 -1 -2.662 -1 -2.98 -1 69
-2.821 -1 -2.632 -1 -2.756 -1 -2.992 -1 92
-2.874 -1 -2.624 -1 -2.708 -1 -2.914 -1 58
-2.811 -1 -2.56 -1 -2.608 -1 -2.892 -1 31
-2.75 -1 -2.468 -1 -2.468 -1 -2.89 -1 2
-2.679 -1 -2.46 -1 -2.476 -1 -2.842 -1 12
-2.659 -1 -2.498 -1 -2.576 -1 -2.892 -1 61
-2.734 -1 -2.504 -1 -2.588 -1 -2.832 -1 59
-2.71 -1 -2.494 -1 -2.538 -1 -2.904 -1 46
-2.721 -1 -2.51 -1 -2.62 -1 -2.918 -1 76
-2.769 -1 -2.504 -1 -2.616 -1 -2.93 -1 73
-2.773 -1 -2.492 -1 -2.622 -1 -2.934 -1 98
-2.778 -1 -2.546 -1 -2.666 -1 -2.954 -1 80
-2.81 -1 -2.614 -1 -2.7 -1 -2.932 -1 61
-2.816 -1 -2.598 -1 -2.6 -1 -2.93 -1 6
-2.765 -1 -2.514 -1 -2.592 -1 -2.828 -1 47
-2.71 -1 -2.45 -1 -2.522 -1 -2.894 -1 61
-2.708 -1 -2.446 -1 -2.546 -1 -2.918 -1 63
-2.732 -1 -2.502 -1 -2.534 -1 -2.826 -1 40
-2.68 -1 -2.496 -1 -2.598 -1 -2.908 -1 83
-2.753 -1 -2.5 -1 -2.608 -1 -2.906 -1 79
-2.757 -1 -2.5 -1 -2.516 -1 -2.84 -1 18
-2.678 -1 -2.47 -1 -2.524 -1 -2.82 -1 43
-2.672 -1 -2.506 -1 -2.608 -1 -2.914 -1 76
-2.761 -1 -2.482 -1 -2.61 -1 -2.902 -1 71
-2.756 -1 -2.534 -1 -2.6 -1 -2.836 -1 47
-2.718 -1 -2.474 -1 -2.506 -1 -2.774 -1 20
-2.64 -1 -2.39 -1 -2.476 -1 -2.812 -1 67
-2.644 -1 -2.408 -1 -2.504 -1 -2.858 -1 68
-2.681 -1 -2.44 -1 -2.532 -1 -2.868 -1 52
-2.7 -1 -2.474 -1 -2.56 -1 -2.904 -1 60
-2.732 -1 -2.472 -1 -2.558 -1 -2.882 -1 65
-2.72 -1 -2.496 -1 -2.53 -1 -2.782 -1 45
-2.656 -1 -2.432 -1 -2.504 -1 -2.83 -1 49
-2.667 -1 -2.454 -1 -2.478 -1 -2.724 -1 10
-2.601 -1 -2.394 -1 -2.48 -1 -2.806 -1 50
-2.643 -1 -2.438 -1 -2.454 -1 -2.782 -1 13
-2.618 -1 -2.402 -1 -2.518 -1 -2.818 -1 96
-2.668 -1 -2.452 -1 -2.48 -1 -2.72 -1 25
-2.6 -1 -2.324 -1 -2.382 -1 -2.744 -1 43
-2.563 -1 -2.312 -1 -2.438 -1 -2.738 -1 68
-2.588 -1 -2.318 -1 -2.438 -1 -2.73 -1 66
-2.584 -1 -2.348 -1 -2.448 -1 -2.72 -1 77
-2.584 -1 -2.294 -1 -2.34 -1 -2.682 -1 34
-2.511 -1 -2.31 -1 -2.444 -1 -2.726 -1 73
-2.585 -1 -2.336 -1 -2.438 -1 -2.672 -1 75
-2.555 -1 -2.242 -1 -2.31 -1 -2.676 -1 44
-2.493 -1 -2.216 -1 -2.23 -1 -2.534 -1 16
-2.382 -1 -2.106 -1 -2.114 -1 -2.414 -1 6
-2.264 -1 -2.068 -1 -2.086 -1 -2.306 -1 13
-2.196 -1 -1.928 -1 -1.932 -1 -2.19 -1 3
-2.061 -1 -1.84 -1 -1.846 -1 -2.17 -1 3
-2.008 -1 -1.768 -1 -1.94 -1 -2.278 -1 89
-2.109 -1 -1.862 -1 -1.934 -1 -2.182 -1 33
-2.058 -1 -1.73 -1 -1.954 -1 -2.206 -1 90
-2.08 -1 -1.766 -1 -1.938 -1 -2.19 -1 80
-2.064 -1 -1.704 -1 -1.912 -1 -2.176 -1 92
-2.044 -1 -1.766 -1 -1.888 -1 -2.13 -1 41
-2.009 -1 -1.726 -1 -1.778 -1 -2.07 -1 20
-1.924 -1 -1.602 -1 -1.834 -1 -2.084 -1 99
-1.959 -1 -1.666 -1 -1.728 -1 -1.974 -1 22
-1.851 -1 -1.576 -1 -1.588 -1 -1.868 -1 6
-1.728 -1 -1.476 -1 -1.548 -1 -1.778 -1 30
-1.663 -1 -1.404 -1 -1.6 -1 -1.764 -1 76
-1.682 -1 -1.448 -1 -1.666 -1 -1.858 -1 87
-1.762 -1 -1.458 -1 -1.668 -1 -1.896 -1 95
-1.782 -1 -1.506 -1 -1.73 -1 -1.932 -1 86
-1.831 -1 -1.558 -1 -1.68 -1 -1.896 -1 44
-1.788 -1 -1.482 -1 -1.568 -1 -1.762 -1 33
-1.665 -1 -1.412 -1 -1.636 -1 -1.842 -1 80
-1.739 -1 -1.468 -1 -1.614 -1 -1.846 -1 57
-1.73 -1 -1.47 -1 -1.668 -1 -1.794 -1 75
-1.731 -1 -1.444 -1 -1.626 -1 -1.782 -1 69
-1.704 -1 -1.44 -1 -1.67 -1 -1.814 -1 89
-1.742 -1 -1.428 -1 -1.684 -1 -1.814 -1 92
-1.749 -1 -1.514 -1 -1.648 -1 -1.79 -1 63
-1.719 -1 -1.448 -1 -1.48 -1 -1.678 -1 12
-1.579 -1 -1.316 -1 -1.43 -1 -1.568 -1 37
-1.499 -1 -1.292 -1 -1.482 -1 -1.596 -1 80
-1.539 -1 -1.264 -1 -1.372 -1 -1.478 -1 35
-1.425 -1 -1.224 -1 -1.392 -1 -1.492 -1 61
-1.442 -1 -1.24 -1 -1.5 -1 -1.688 -1 97
-1.594 -1 -1.322 -1 -1.588 -1 -1.764 -1 95
-1.676 -1 -1.384 -1 -1.448 -1 -1.568 -1 26
-1.508 -1 -1.284 -1 -1.304 -1 -1.412 -1 8
-1.358 -1 -1.214 -1 -1.35 -1 -1.482 -1 43
-1.416 -1 -1.238 -1 -1.538 -1 -1.688 -1 91
-1.613 -1 -1.37 -1 -1.416 -1 -1.574 -1 22
-1.495 -1 -1.238 -1 -1.428 -1 -1.498 -1 58
-1.463 -1 -1.28 -1 -1.412 -1 -1.506 -1 41
-1.459 -1 -1.236 -1 -1.39 -1 -1.534 -1 55
-1.462 -1 -1.266 -1 -1.336 -1 -1.444 -1 23
-1.39 -1 -1.202 -1 -1.246 -1 -1.318 -1 14
-1.282 -1 -1.164 -1 -1.246 -1 -1.342 -1 29
-1.294 -1 -1.132 -1 -1.316 -1 -1.408 -1 63
-1.362 -1 -1.218 -1 -1.31 -1 -1.392 -1 30
-1.351 -1 -1.19 -1 -1.338 -1 -1.456 -1 58
-1.397 -1 -1.2 -1 -1.338 -1 -1.448 -1 52
-1.393 -1 -1.218 -1 -1.384 -1 -1.478 -1 59
-1.431 -1 -1.222 -1 -1.362 -1 -1.464 -1 50
-1.413 -1 -1.24 -1 -1.402 -1 -1.506 -1 64
-1.454 -1 -1.206 -1 -1.274 -1 -1.364 -1 27
-1.319 -1 -1.178 -1 -1.266 -1 -1.34 -1 37
-1.303 -1 -1.158 -1 -1.446 -1 -1.568 -1 94
-1.507 -1 -1.302 -1 -1.522 -1 -1.616 -1 68
-1.569 -1 -1.286 -1 -1.364 -1 -1.426 -1 23
-1.395 -1 -1.196 -1 -1.356 -1 -1.434 -1 53
-1.395 -1 -1.246 -1 -1.472 -1 -1.562 -1 82
-1.517 -1 -1.276 -1 -1.414 -1 -1.51 -1 53
-1.462 -1 -1.264 -1 -1.428 -1 -1.52 -1 72
-1.474 -1 -1.246 -1 -1.344 -1 -1.444 -1 31
-1.394 -1 -1.202 -1 -1.404 -1 -1.53 -1 79
-1.467 -1 -1.196 -1 -1.4 -1 -1.514 -1 72
-1.457 -1 -1.244 -1 -1.536 -1 -1.63 -1 89
-1.583 -1 -1.348 -1 -1.582 -1 -1.68 -1 89
-1.631 -1 -1.366 -1 -1.536 -1 -1.656 -1 74
-1.596 -1 -1.322 -1 -1.516 -1 -1.642 -1 81
-1.579 -1 -1.344 -1 -1.458 -1 -1.588 -1 50
-1.523 -1 -1.308 -1 -1.49 -1 -1.572 -1 68
-1.531 -1 -1.264 -1 -1.546 -1 -1.674 -1 94
-1.61 -1 -1.31 -1 -1.402 -1 -1.454 -1 30
-1.428 -1 -1.232 -1 -1.424 -1 -1.526 -1 66
-1.475 -1 -1.22 -1 -1.476 -1 -1.598 -1 86
-1.537 -1 -1.294 -1 -1.36 -1 -1.472 -1 22
-1.416 -1 -1.232 -1 -1.398 -1 -1.496 -1 59
-1.447 -1 -1.208 -1 -1.354 -1 -1.454 -1 43
-1.404 -1 -1.19 -1 -1.206 -1 -1.294 -1 7
-1.25 -1 -1.144 -1 -1.282 -1 -1.354 -1 42
-1.318 -1 -1.148 -1 -1.186 -1 -1.258 -1 13
-1.222 -1 -1.102 -1 -1.142 -1 -1.168 -1 10
-1.155 -1 -1.058 -1 -1.126 -1 -1.214 -1 25
-1.17 -1 -1.072 -1 -1.212 -1 -1.284 -1 48
-1.248 -1 -1.104 -1 -1.41 -1 -1.48 -1 88
-1.445 -1 -1.214 -1 -1.38 -1 -1.486 -1 66
-1.433 -1 -1.236 -1 -1.308 -1 -1.412 -1 29
-1.36 -1 -1.2 -1 -1.426 -1 -1.52 -1 94
-1.473 -1 -1.254 -1 -1.486 -1 -1.56 -1 82
-1.523 -1 -1.314 -1 -1.474 -1 -1.62 -1 65
-1.547 -1 -1.3 -1 -1.32 -1 -1.424 -1 12
-1.372 -1 -1.176 -1 -1.418 -1 -1.494 -1 80
-1.456 -1 -1.232 -1 -1.512 -1 -1.652 -1 90
-1.582 -1 -1.314 -1 -1.376 -1 -1.44 -1 17
-1.408 -1 -1.198 -1 -1.35 -1 -1.428 -1 45
-1.389 -1 -1.212 -1 -1.496 -1 -1.574 -1 98
-1.535 -1 -1.3 -1 -1.3 -1 -1.372 -1 2
-1.336 -1 -1.144 -1 -1.212 -1 -1.274 -1 21
-1.243 -1 -1.11 -1 -1.342 -1 -1.436 -1 87
-1.389 -1 -1.188 -1 -1.266 -1 -1.322 -1 22
-1.294 -1 -1.13 -1 -1.212 -1 -1.272 -1 27
-1.242 -1 -1.102 -1 -1.208 -1 -1.264 -1 34
-1.236 -1 -1.092 -1 -1.286 -1 -1.352 -1 64
-1.319 -1 -1.142 -1 -1.278 -1 -1.324 -1 48
-1.301 -1 -1.116 -1 -1.394 -1 -1.49 -1 98
-1.442 -1 -1.222 -1 -1.392 -1 -1.48 -1 72
-1.436 -1 -1.26 -1 -1.386 -1 -1.474 -1 41
-1.43 -1 -1.232 -1 -1.388 -1 -1.468 -1 51
-1.428 -1 -1.24 -1 -1.328 -1 -1.408 -1 45
-1.368 -1 -1.194 -1 -1.276 -1 -1.362 -1 39
-1.319 -1 -1.154 -1 -1.262 -1 -1.328 -1 35
-1.295 -1 -1.156 -1 -1.308 -1 -1.402 -1 52
-1.355 -1 -1.192 -1 -1.288 -1 -1.346 -1 29
-1.317 -1 -1.136 -1 -1.25 -1 -1.302 -1 34
-1.276 -1 -1.12 -1 -1.222 -1 -1.278 -1 28
-1.25 -1 -1.124 -1 -1.16 -1 -1.21 -1 15
-1.185 -1 -1.092 -1 -1.098 -1 -1.134 -1 4
-1.116 -1 -1.054 -1 -1.23 -1 -1.294 -1 53
-1.262 -1 -1.156 -1 -1.298 -1 -1.376 -1 46
-1.337 -1 -1.168 -1 -1.348 -1 -1.402 -1 64
-1.375 -1 -1.168 -1 -1.282 -1 -1.35 -1 38
-1.316 -1 -1.152 -1 -1.452 -1 -1.548 -1 95
-1.5 -1 -1.27 -1 -1.398 -1 -1.498 -1 45
-1.448 -1 -1.218 -1 -1.362 -1 -1.444 -1 56
-1.403 -1 -1.224 -1 -1.316 -1 -1.4 -1 27
-1.358 -1 -1.184 -1 -1.266 -1 -1.33 -1 24
-1.298 -1 -1.158 -1 -1.232 -1 -1.282 -1 22
-1.257 -1 -1.102 -1 -1.384 -1 -1.474 -1 92
-1.429 -1 -1.22 -1 -1.344 -1 -1.42 -1 60
-1.382 -1 -1.188 -1 -1.396 -1 -1.516 -1 82
-1.456 -1 -1.262 -1 -1.474 -1 -1.554 -1 73
-1.514 -1 -1.28 -1 -1.422 -1 -1.504 -1 55
-1.463 -1 -1.226 -1 -1.378 -1 -1.526 -1 57
-1.452 -1 -1.254 -1 -1.38 -1 -1.478 -1 39
-1.429 -1 -1.224 -1 -1.384 -1 -1.49 -1 61
-1.437 -1 -1.246 -1 -1.436 -1 -1.522 -1 58
-1.479 -1 -1.242 -1 -1.394 -1 -1.45 -1 50
-1.422 -1 -1.214 -1 -1.24 -1 -1.33 -1 11
-1.285 -1 -1.146 -1 -1.226 -1 -1.31 -1 31
-1.268 -1 -1.12 -1 -1.39 -1 -1.466 -1 91
-1.428 -1 -1.242 -1 -1.418 -1 -1.514 -1 60
-1.466 -1 -1.274 -1 -1.49 -1 -1.586 -1 77
-1.538 -1 -1.296 -1 -1.47 -1 -1.578 -1 56
-1.524 -1 -1.308 -1 -1.33 -1 -1.406 -1 9
-1.368 -1 -1.16 -1 -1.308 -1 -1.384 -1 45
-1.346 -1 -1.148 -1 -1.386 -1 -1.476 -1 83
-1.431 -1 -1.206 -1 -1.332 -1 -1.398 -1 39
-1.365 -1 -1.192 -1 -1.414 -1 -1.504 -1 67
-1.459 -1 -1.232 -1 -1.244 -1 -1.304 -1 8
-1.274 -1 -1.13 -1 -1.26 -1 -1.296 -1 47
-1.278 -1 -1.122 -1 -1.322 -1 -1.39 -1 57
-1.356 -1 -1.148 -1 -1.292 -1 -1.346 -1 41
-1.319 -1 -1.118 -1 -1.132 -1 -1.182 -1 4
-1.157 -1 -1.07 -1 -1.23 -1 -1.318 -1 57
-1.274 -1 -1.13 -1 -1.29 -1 -1.36 -1 51
-1.325 -1 -1.162 -1 -1.43 -1 -1.534 -1 81
-1.482 -1 -1.27 -1 -1.434 -1 -1.52 -1 64
-1.477 -1 -1.214 -1 -1.344 -1 -1.438 -1 47
-1.391 -1 -1.212 -1 -1.294 -1 -1.372 -1 24
-1.333 -1 -1.158 -1 -1.374 -1 -1.484 -1 68
-1.429 -1 -1.218 -1 -1.336 -1 -1.426 -1 38
-1.381 -1 -1.204 -1 -1.462 -1 -1.568 -1 83
-1.515 -1 -1.244 -1 -1.272 -1 -1.354 -1 11
-1.313 -1 -1.162 -1 -1.338 -1 -1.448 -1 53
-1.393 -1 -1.212 -1 -1.37 -1 -1.438 -1 46
-1.404 -1 -1.202 -1 -1.222 -1 -1.256 -1 8
-1.239 -1 -1.108 -1 -1.34 -1 -1.402 -1 66
-1.371 -1 -1.164 -1 -1.382 -1 -1.466 -1 76
-1.424 -1 -1.196 -1 -1.206 -1 -1.25 -1 5
-1.228 -1 -1.118 -1 -1.366 -1 -1.486 -1 95
-1.426 -1 -1.212 -1 -1.328 -1 -1.42 -1 40
-1.374 -1 -1.198 -1 -1.376 -1 -1.458 -1 61
-1.417 -1 -1.236 -1 -1.462 -1 -1.576 -1 80
-1.519 -1 -1.316 -1 -1.5 -1 -1.582 -1 65
-1.541 -1 -1.28 -1 -1.484 -1 -1.572 -1 70
-1.528 -1 -1.298 -1 -1.476 -1 -1.548 -1 58
-1.512 -1 -1.304 -1 -1.538 -1 -1.62 -1 77
-1.579 -1 -1.298 -1 -1.378 -1 -1.446 -1 30
-1.412 -1 -1.254 -1 -1.358 -1 -1.422 -1 36
-1.39 -1 -1.24 -1 -1.45 -1 -1.57 -1 73
-1.51 -1 -1.298 -1 -1.47 -1 -1.548 -1 57
-1.509 -1 -1.276 -1 -1.332 -1 -1.414 -1 17
-1.373 -1 -1.176 -1 -1.46 -1 -1.588 -1 95
-1.524 -1 -1.276 -1 -1.494 -1 -1.61 -1 82
-1.552 -1 -1.256 -1 -1.366 -1 -1.464 -1 48
-1.415 -1 -1.234 -1 -1.518 -1 -1.64 -1 97
-1.579 -1 -1.33 -1 -1.46 -1 -1.544 -1 36
-1.502 -1 -1.238 -1 -1.338 -1 -1.442 -1 40
-1.39 -1 -1.188 -1 -1.256 -1 -1.312 -1 19
-1.284 -1 -1.122 -1 -1.414 -1 -1.52 -1 96
-1.467 -1 -1.24 -1 -1.464 -1 -1.554 -1 87
-1.509 -1 -1.254 -1 -1.454 -1 -1.538 -1 71
-1.496 -1 -1.272 -1 -1.562 -1 -1.684 -1 96
-1.623 -1 -1.286 -1 -1.406 -1 -1.48 -1 36
-1.443 -1 -1.232 -1 -1.348 -1 -1.424 -1 40
-1.386 -1 -1.188 -1 -1.196 -1 -1.236 -1 2
-1.216 -1 -1.098 -1 -1.352 -1 -1.432 -1 80
-1.392 -1 -1.22 -1 -1.22 -1 -1.276 -1 0
-1.248 -1 -1.126 -1 -1.266 -1 -1.334 -1 54
-1.3 -1 -1.146 -1 -1.314 -1 -1.402 -1 67
-1.358 -1 -1.174 -1 -1.482 -1 -1.602 -1 96
-1.542 -1 -1.252 -1 -1.444 -1 -1.534 -1 65
-1.489 -1 -1.236 -1 -1.236 -1 -1.304 -1 1
-1.27 -1 -1.152 -1 -1.252 -1 -1.282 -1 27
-1.267 -1 -1.14 -1 -1.154 -1 -1.174 -1 4
-1.164 -1 -1.068 -1 -1.218 -1 -1.256 -1 47
-1.237 -1 -1.084 -1 -1.27 -1 -1.344 -1 62
-1.307 -1 -1.144 -1 -1.264 -1 -1.302 -1 41
-1.283 -1 -1.11 -1 -1.288 -1 -1.336 -1 57
-1.312 -1 -1.144 -1 -1.37 -1 -1.442 -1 60
-1.406 -1 -1.184 -1 -1.184 -1 -1.214 -1 0
-1.199 -1 -1.112 -1 -1.15 -1 -1.174 -1 9
-1.162 -1 -1.072 -1 -1.318 -1 -1.416 -1 78
-1.367 -1 -1.168 -1 -1.322 -1 -1.424 -1 55
-1.373 -1 -1.186 -1 -1.364 -1 -1.424 -1 55
-1.394 -1 -1.208 -1 -1.328 -1 -1.428 -1 48
-1.378 -1 -1.158 -1 -1.17 -1 -1.212 -1 4
-1.191 -1 -1.086 -1 -1.33 -1 -1.4 -1 74
-1.365 -1 -1.202 -1 -1.41 -1 -1.482 -1 81
-1.446 -1 -1.224 -1 -1.296 -1 -1.368 -1 20
-1.332 -1 -1.166 -1 -1.316 -1 -1.424 -1 63
-1.37 -1 -1.184 -1 -1.302 -1 -1.388 -1 33
-1.345 -1 -1.172 -1 -1.242 -1 -1.276 -1 27
-1.259 -1 -1.132 -1 -1.292 -1 -1.39 -1 47
-1.341 -1 -1.156 -1 -1.38 -1 -1.472 -1 67
-1.426 -1 -1.202 -1 -1.214 -1 -1.29 -1 5
-1.252 -1 -1.082 -1 -1.318 -1 -1.396 -1 78
-1.357 -1 -1.154 -1 -1.242 -1 -1.312 -1 22
-1.277 -1 -1.128 -1 -1.378 -1 -1.474 -1 86
-1.426 -1 -1.202 -1 -1.506 -1 -1.62 -1 89
-1.563 -1 -1.258 -1 -1.468 -1 -1.576 -1 82
-1.522 -1 -1.266 -1 -1.424 -1 -1.54 -1 58
-1.482 -1 -1.218 -1 -1.494 -1 -1.622 -1 95
-1.558 -1 -1.278 -1 -1.322 -1 -1.404 -1 17
-1.363 -1 -1.188 -1 -1.232 -1 -1.298 -1 16
-1.265 -1 -1.102 -1 -1.108 -1 -1.16 -1 3
-1.134 -1 -1.076 -1 -1.258 -1 -1.34 -1 64
-1.299 -1 -1.164 -1 -1.35 -1 -1.468 -1 61
-1.409 -1 -1.208 -1 -1.374 -1 -1.448 -1 53
-1.411 -1 -1.212 -1 -1.31 -1 -1.396 -1 26
-1.353 -1 -1.176 -1 -1.23 -1 -1.326 -1 23
-1.278 -1 -1.118 -1 -1.248 -1 -1.308 -1 43
-1.278 -1 -1.15 -1 -1.248 -1 -1.3 -1 38
-1.274 -1 -1.106 -1 -1.112 -1 -1.154 -1 5
-1.133 -1 -1.052 -1 -1.058 -1 -1.086 -1 3
-1.072 -1 -1.034 -1 -1.278 -1 -1.366 -1 75
-1.322 -1 -1.136 -1 -1.362 -1 -1.444 -1 74
-1.403 -1 -1.218 -1 -1.444 -1 -1.568 -1 84
-1.506 -1 -1.27 -1 -1.368 -1 -1.478 -1 32
-1.423 -1 -1.202 -1 -1.236 -1 -1.298 -1 11
-1.267 -1 -1.138 -1 -1.142 -1 -1.154 -1 1
-1.148 -1 -1.068 -1 -1.12 -1 -1.17 -1 21
-1.145 -1 -1.062 -1 -1.09 -1 -1.124 -1 10
-1.107 -1 -1.052 -1 -1.3 -1 -1.414 -1 77
-1.357 -1 -1.166 -1 -1.392 -1 -1.492 -1 92
-1.442 -1 -1.234 -1 -1.402 -1 -1.468 -1 53
-1.435 -1 -1.178 -1 -1.438 -1 -1.512 -1 88
-1.475 -1 -1.236 -1 -1.334 -1 -1.446 -1 28
-1.39 -1 -1.208 -1 -1.498 -1 -1.6 -1 94
-1.549 -1 -1.29 -1 -1.4 -1 -1.546 -1 39
-1.473 -1 -1.232 -1 -1.482 -1 -1.61 -1 92
-1.546 -1 -1.296 -1 -1.54 -1 -1.68 -1 89
-1.61 -1 -1.332 -1 -1.488 -1 -1.634 -1 50
-1.561 -1 -1.33 -1 -1.39 -1 -1.49 -1 20
-1.44 -1 -1.226 -1 -1.36 -1 -1.428 -1 32
-1.394 -1 -1.198 -1 -1.376 -1 -1.484 -1 53
-1.43 -1 -1.224 -1 -1.482 -1 -1.586 -1 97
-1.534 -1 -1.318 -1 -1.59 -1 -1.688 -1 96
-1.639 -1 -1.336 -1 -1.434 -1 -1.524 -1 37
-1.479 -1 -1.238 -1 -1.464 -1 -1.566 -1 82
-1.515 -1 -1.264 -1 -1.578 -1 -1.65 -1 94
-1.614 -1 -1.322 -1 -1.344 -1 -1.428 -1 10
-1.386 -1 -1.176 -1 -1.424 -1 -1.566 -1 76
-1.495 -1 -1.29 -1 -1.402 -1 -1.572 -1 52
-1.487 -1 -1.236 -1 -1.428 -1 -1.516 -1 73
-1.472 -1 -1.234 -1 -1.262 -1 -1.336 -1 9
-1.299 -1 -1.168 -1 -1.41 -1 -1.522 -1 95
-1.466 -1 -1.236 -1 -1.384 -1 -1.488 -1 49
-1.436 -1 -1.23 -1 -1.39 -1 -1.506 -1 52
-1.448 -1 -1.256 -1 -1.264 -1 -1.35 -1 6
-1.307 -1 -1.144 -1 -1.324 -1 -1.404 -1 59
-1.364 -1 -1.194 -1 -1.422 -1 -1.534 -1 79
-1.478 -1 -1.24 -1 -1.268 -1 -1.356 -1 9
-1.312 -1 -1.154 -1 -1.3 -1 -1.42 -1 46
-1.36 -1 -1.232 -1 -1.302 -1 -1.378 -1 26
-1.34 -1 -1.174 -1 -1.296 -1 -1.4 -1 38
-1.348 -1 -1.17 -1 -1.356 -1 -1.468 -1 67
-1.412 -1 -1.188 -1 -1.24 -1 -1.316 -1 14
-1.278 -1 -1.146 -1 -1.162 -1 -1.214 -1 6
-1.188 -1 -1.104 -1 -1.248 -1 -1.348 -1 49
-1.298 -1 -1.148 -1 -1.268 -1 -1.352 -1 34
-1.31 -1 -1.13 -1 -1.258 -1 -1.366 -1 41
-1.312 -1 -1.148 -1 -1.292 -1 -1.386 -1 51
-1.339 -1 -1.146 -1 -1.184 -1 -1.276 -1 15
-1.23 -1 -1.09 -1 -1.182 -1 -1.24 -1 31
-1.211 -1 -1.108 -1 -1.114 -1 -1.166 -1 2
-1.14 -1 -1.054 -1 -1.106 -1 -1.14 -1 18
-1.123 -1 -1.06 -1 -1.174 -1 -1.218 -1 32
-1.196 -1 -1.092 -1 -1.11 -1 -1.138 -1 5
-1.124 -1 -1.058 -1 -1.142 -1 -1.204 -1 35
-1.173 -1 -1.1 -1 -1.152 -1 -1.18 -1 16
-1.166 -1 -1.048 -1 -1.09 -1 -1.118 -1 13
-1.104 -1 -1.042 -1 -1.126 -1 -1.16 -1 31
-1.143 -1 -1.07 -1 -1.22 -1 -1.292 -1 50
-1.256 -1 -1.132 -1 -1.39 -1 -1.472 -1 79
-1.431 -1 -1.208 -1 -1.266 -1 -1.338 -1 22
-1.302 -1 -1.174 -1 -1.368 -1 -1.42 -1 72
-1.394 -1 -1.206 -1 -1.432 -1 -1.588 -1 79
-1.51 -1 -1.284 -1 -1.418 -1 -1.538 -1 54
-1.478 -1 -1.294 -1 -1.308 -1 -1.414 -1 5
-1.361 -1 -1.17 -1 -1.29 -1 -1.37 -1 43
-1.33 -1 -1.178 -1 -1.418 -1 -1.546 -1 73
-1.482 -1 -1.24 -1 -1.488 -1 -1.61 -1 98
-1.549 -1 -1.278 -1 -1.434 -1 -1.564 -1 57
-1.499 -1 -1.26 -1 -1.442 -1 -1.584 -1 69
-1.513 -1 -1.29 -1 -1.394 -1 -1.508 -1 36
-1.451 -1 -1.216 -1 -1.354 -1 -1.454 -1 45
-1.404 -1 -1.194 -1 -1.228 -1 -1.302 -1 10
-1.265 -1 -1.128 -1 -1.276 -1 -1.362 -1 45
-1.319 -1 -1.174 -1 -1.29 -1 -1.392 -1 44
-1.341 -1 -1.18 -1 -1.242 -1 -1.29 -1 18
-1.266 -1 -1.114 -1 -1.336 -1 -1.392 -1 78
-1.364 -1 -1.168 -1 -1.31 -1 -1.422 -1 51
-1.366 -1 -1.23 -1 -1.452 -1 -1.586 -1 87
-1.519 -1 -1.272 -1 -1.506 -1 -1.582 -1 79
-1.544 -1 -1.284 -1 -1.376 -1 -1.494 -1 34
-1.435 -1 -1.23 -1 -1.41 -1 -1.498 -1 47
-1.454 -1 -1.24 -1 -1.254 -1 -1.334 -1 6
-1.294 -1 -1.136 -1 -1.214 -1 -1.272 -1 29
-1.243 -1 -1.102 -1 -1.306 -1 -1.4 -1 80
-1.353 -1 -1.16 -1 -1.42 -1 -1.53 -1 71
-1.475 -1 -1.23 -1 -1.39 -1 -1.454 -1 60
-1.422 -1 -1.2 -1 -1.22 -1 -1.306 -1 9
-1.263 -1 -1.14 -1 -1.286 -1 -1.39 -1 48
-1.338 -1 -1.172 -1 -1.234 -1 -1.296 -1 22
-1.265 -1 -1.14 -1 -1.364 -1 -1.468 -1 80
-1.416 -1 -1.228 -1 -1.238 -1 -1.342 -1 4
-1.29 -1 -1.142 -1 -1.184 -1 -1.246 -1 14
-1.215 -1 -1.084 -1 -1.298 -1 -1.386 -1 69
-1.342 -1 -1.166 -1 -1.334 -1 -1.434 -1 69
-1.384 -1 -1.212 -1 -1.23 -1 -1.304 -1 7
-1.267 -1 -1.122 -1 -1.226 -1 -1.306 -1 42
-1.266 -1 -1.148 -1 -1.148 -1 -1.2 -1 0
-1.174 -1 -1.074 -1 -1.374 -1 -1.462 -1 84
-1.418 -1 -1.202 -1 -1.372 -1 -1.416 -1 54
-1.394 -1 -1.176 -1 -1.47 -1 -1.614 -1 97
-1.542 -1 -1.28 -1 -1.39 -1 -1.494 -1 49
-1.442 -1 -1.186 -1 -1.466 -1 -1.626 -1 94
-1.546 -1 -1.312 -1 -1.408 -1 -1.47 -1 36
-1.439 -1 -1.246 -1 -1.406 -1 -1.476 -1 56
-1.441 -1 -1.208 -1 -1.44 -1 -1.612 -1 91
-1.526 -1 -1.308 -1 -1.456 -1 -1.552 -1 51
-1.504 -1 -1.268 -1 -1.448 -1 -1.592 -1 72
-1.52 -1 -1.258 -1 -1.344 -1 -1.468 -1 28
-1.406 -1 -1.232 -1 -1.392 -1 -1.472 -1 57
-1.432 -1 -1.216 -1 -1.348 -1 -1.418 -1 41
-1.383 -1 -1.172 -1 -1.39 -1 -1.538 -1 66
-1.464 -1 -1.27 -1 -1.282 -1 -1.35 -1 4
-1.316 -1 -1.148 -1 -1.416 -1 -1.544 -1 89
-1.48 -1 -1.272 -1 -1.516 -1 -1.612 -1 85
-1.564 -1 -1.288 -1 -1.394 -1 -1.504 -1 35
-1.449 -1 -1.228 -1 -1.466 -1 -1.558 -1 86
-1.512 -1 -1.29 -1 -1.38 -1 -1.534 -1 34
-1.457 -1 -1.256 -1 -1.45 -1 -1.564 -1 77
-1.507 -1 -1.324 -1 -1.544 -1 -1.674 -1 83
-1.609 -1 -1.288 -1 -1.478 -1 -1.608 -1 70
-1.543 -1 -1.338 -1 -1.432 -1 -1.578 -1 34
-1.505 -1 -1.29 -1 -1.5 -1 -1.652 -1 77
-1.576 -1 -1.352 -1 -1.562 -1 -1.68 -1 89
-1.621 -1 -1.346 -1 -1.436 -1 -1.568 -1 34
-1.502 -1 -1.306 -1 -1.56 -1 -1.672 -1 88
-1.616 -1 -1.352 -1 -1.548 -1 -1.684 -1 77
-1.616 -1 -1.38 -1 -1.49 -1 -1.588 -1 53
-1.539 -1 -1.32 -1 -1.444 -1 -1.592 -1 46
-1.518 -1 -1.29 -1 -1.396 -1 -1.532 -1 48
-1.464 -1 -1.274 -1 -1.56 -1 -1.7 -1 93
-1.63 -1 -1.31 -1 -1.54 -1 -1.676 -1 75
-1.608 -1 -1.306 -1 -1.534 -1 -1.67 -1 91
-1.602 -1 -1.336 -1 -1.418 -1 -1.57 -1 26
-1.494 -1 -1.244 -1 -1.37 -1 -1.506 -1 43
-1.438 -1 -1.232 -1 -1.338 -1 -1.454 -1 39
-1.396 -1 -1.23 -1 -1.428 -1 -1.51 -1 67
-1.469 -1 -1.286 -1 -1.314 -1 -1.398 -1 12
-1.356 -1 -1.18 -1 -1.272 -1 -1.396 -1 26
-1.334 -1 -1.17 -1 -1.288 -1 -1.38 -1 39
-1.334 -1 -1.148 -1 -1.316 -1 -1.394 -1 53
-1.355 -1 -1.164 -1 -1.274 -1 -1.332 -1 35
-1.303 -1 -1.15 -1 -1.156 -1 -1.24 -1 5
-1.198 -1 -1.078 -1 -1.32 -1 -1.432 -1 73
-1.376 -1 -1.162 -1 -1.23 -1 -1.312 -1 20
-1.271 -1 -1.114 -1 -1.366 -1 -1.482 -1 88
-1.424 -1 -1.242 -1 -1.242 -1 -1.296 -1 1
-1.269 -1 -1.16 -1 -1.25 -1 -1.322 -1 27
-1.286 -1 -1.136 -1 -1.222 -1 -1.262 -1 27
-1.242 -1 -1.124 -1 -1.23 -1 -1.312 -1 37
-1.271 -1 -1.148 -1 -1.406 -1 -1.496 -1 83
-1.451 -1 -1.24 -1 -1.368 -1 -1.426 -1 44
-1.397 -1 -1.246 -1 -1.458 -1 -1.532 -1 71
-1.495 -1 -1.27 -1 -1.406 -1 -1.502 -1 58
-1.454 -1 -1.232 -1 -1.45 -1 -1.532 -1 74
-1.491 -1 -1.244 -1 -1.336 -1 -1.45 -1 40
-1.393 -1 -1.226 -1 -1.326 -1 -1.42 -1 37
-1.373 -1 -1.204 -1 -1.434 -1 -1.56 -1 84
-1.497 -1 -1.268 -1 -1.482 -1 -1.566 -1 69
-1.524 -1 -1.25 -1 -1.46 -1 -1.568 -1 80
-1.514 -1 -1.26 -1 -1.38 -1 -1.484 -1 34
-1.432 -1 -1.222 -1 -1.36 -1 -1.466 -1 43
-1.413 -1 -1.202 -1 -1.258 -1 -1.334 -1 19
-1.296 -1 -1.156 -1 -1.37 -1 -1.458 -1 75
-1.414 -1 -1.21 -1 -1.366 -1 -1.478 -1 43
-1.422 -1 -1.208 -1 -1.404 -1 -1.498 -1 64
-1.451 -1 -1.178 -1 -1.234 -1 -1.3 -1 23
-1.267 -1 -1.118 -1 -1.238 -1 -1.31 -1 37
-1.274 -1 -1.146 -1 -1.17 -1 -1.248 -1 9
-1.209 -1 -1.102 -1 -1.234 -1 -1.33 -1 43
-1.282 -1 -1.122 -1 -1.188 -1 -1.236 -1 22
-1.212 -1 -1.08 -1 -1.294 -1 -1.37 -1 64
-1.332 -1 -1.164 -1 -1.342 -1 -1.458 -1 54
-1.4 -1 -1.19 -1 -1.29 -1 -1.388 -1 29
-1.339 -1 -1.19 -1 -1.218 -1 -1.248 -1 7
-1.233 -1 -1.12 -1 -1.316 -1 -1.404 -1 69
-1.36 -1 -1.182 -1 -1.27 -1 -1.368 -1 36
-1.319 -1 -1.16 -1 -1.274 -1 -1.35 -1 32
-1.312 -1 -1.134 -1 -1.334 -1 -1.454 -1 70
-1.394 -1 -1.222 -1 -1.366 -1 -1.498 -1 46
-1.432 -1 -1.26 -1 -1.438 -1 -1.554 -1 51
-1.496 -1 -1.24 -1 -1.326 -1 -1.404 -1 25
-1.365 -1 -1.19 -1 -1.426 -1 -1.528 -1 85
-1.477 -1 -1.23 -1 -1.334 -1 -1.43 -1 35
-1.382 -1 -1.19 -1 -1.448 -1 -1.542 -1 81
-1.495 -1 -1.228 -1 -1.472 -1 -1.566 -1 72
-1.519 -1 -1.26 -1 -1.312 -1 -1.366 -1 12
-1.339 -1 -1.148 -1 -1.296 -1 -1.384 -1 61
-1.34 -1 -1.174 -1 -1.434 -1 -1.548 -1 83
-1.491 -1 -1.222 -1 -1.294 -1 -1.348 -1 24
-1.321 -1 -1.16 -1 -1.326 -1 -1.4 -1 57
-1.363 -1 -1.174 -1 -1.404 -1 -1.502 -1 78
-1.453 -1 -1.192 -1 -1.352 -1 -1.442 -1 49
-1.397 -1 -1.196 -1 -1.442 -1 -1.512 -1 81
-1.477 -1 -1.258 -1 -1.314 -1 -1.454 -1 20
-1.384 -1 -1.218 -1 -1.228 -1 -1.27 -1 2
-1.249 -1 -1.106 -1 -1.314 -1 -1.418 -1 73
-1.366 -1 -1.164 -1 -1.402 -1 -1.522 -1 72
-1.462 -1 -1.246 -1 -1.344 -1 -1.41 -1 30
-1.377 -1 -1.178 -1 -1.206 -1 -1.276 -1 11
-1.241 -1 -1.106 -1 -1.286 -1 -1.39 -1 63
-1.338 -1 -1.142 -1 -1.332 -1 -1.414 -1 67
-1.373 -1 -1.176 -1 -1.34 -1 -1.388 -1 53
-1.364 -1 -1.16 -1 -1.308 -1 -1.38 -1 56
-1.344 -1 -1.142 -1 -1.344 -1 -1.434 -1 63
-1.389 -1 -1.186 -1 -1.244 -1 -1.326 -1 24
-1.285 -1 -1.118 -1 -1.28 -1 -1.342 -1 53
-1.311 -1 -1.144 -1 -1.18 -1 -1.218 -1 16
-1.199 -1 -1.092 -1 -1.344 -1 -1.416 -1 82
-1.38 -1 -1.202 -1 -1.39 -1 -1.444 -1 59
-1.417 -1 -1.234 -1 -1.392 -1 -1.504 -1 50
-1.448 -1 -1.24 -1 -1.296 -1 -1.358 -1 17
-1.327 -1 -1.196 -1 -1.482 -1 -1.632 -1 96
-1.557 -1 -1.266 -1 -1.358 -1 -1.45 -1 37
-1.404 -1 -1.216 -1 -1.424 -1 -1.51 -1 70
-1.467 -1 -1.212 -1 -1.246 -1 -1.306 -1 9
-1.276 -1 -1.148 -1 -1.274 -1 -1.338 -1 33
-1.306 -1 -1.142 -1 -1.4 -1 -1.506 -1 89
-1.453 -1 -1.252 -1 -1.476 -1 -1.59 -1 92
-1.533 -1 -1.3 -1 -1.582 -1 -1.704 -1 91
-1.643 -1 -1.362 -1 -1.476 -1 -1.558 -1 32
-1.517 -1 -1.22 -1 -1.318 -1 -1.392 -1 29
-1.355 -1 -1.156 -1 -1.258 -1 -1.318 -1 30
-1.288 -1 -1.172 -1 -1.356 -1 -1.444 -1 77
-1.4 -1 -1.198 -1 -1.246 -1 -1.336 -1 18
-1.291 -1 -1.146 -1 -1.46 -1 -1.58 -1 92
-1.52 -1 -1.27 -1 -1.346 -1 -1.424 -1 26
-1.385 -1 -1.172 -1 -1.45 -1 -1.54 -1 97
-1.495 -1 -1.256 -1 -1.412 -1 -1.496 -1 53
-1.454 -1 -1.28 -1 -1.282 -1 -1.354 -1 1
-1.318 -1 -1.146 -1 -1.168 -1 -1.224 -1 9
-1.196 -1 -1.092 -1 -1.22 -1 -1.31 -1 47
-1.265 -1 -1.142 -1 -1.184 -1 -1.25 -1 12
-1.217 -1 -1.088 -1 -1.158 -1 -1.226 -1 22
-1.192 -1 -1.092 -1 -1.316 -1 -1.37 -1 70
-1.343 -1 -1.16 -1 -1.212 -1 -1.288 -1 15
-1.25 -1 -1.116 -1 -1.278 -1 -1.336 -1 54
-1.307 -1 -1.164 -1 -1.402 -1 -1.502 -1 84
-1.452 -1 -1.218 -1 -1.38 -1 -1.49 -1 55
-1.435 -1 -1.228 -1 -1.246 -1 -1.286 -1 4
-1.266 -1 -1.116 -1 -1.332 -1 -1.43 -1 67
-1.381 -1 -1.18 -1 -1.484 -1 -1.594 -1 90
-1.539 -1 -1.306 -1 -1.398 -1 -1.442 -1 34
-1.42 -1 -1.224 -1 -1.324 -1 -1.396 -1 31
-1.36 -1 -1.174 -1 -1.26 -1 -1.342 -1 38
-1.301 -1 -1.134 -1 -1.386 -1 -1.454 -1 79
-1.42 -1 -1.222 -1 -1.48 -1 -1.622 -1 78
-1.551 -1 -1.286 -1 -1.46 -1 -1.552 -1 68
-1.506 -1 -1.26 -1 -1.286 -1 -1.36 -1 7
-1.323 -1 -1.124 -1 -1.414 -1 -1.526 -1 90
-1.47 -1 -1.264 -1 -1.344 -1 -1.402 -1 28
-1.373 -1 -1.18 -1 -1.26 -1 -1.332 -1 30
-1.296 -1 -1.146 -1 -1.188 -1 -1.248 -1 12
-1.218 -1 -1.104 -1 -1.174 -1 -1.224 -1 23
-1.199 -1 -1.08 -1 -1.33 -1 -1.4 -1 90
-1.365 -1 -1.188 -1 -1.468 -1 -1.522 -1 93
-1.495 -1 -1.242 -1 -1.374 -1 -1.506 -1 39
-1.44 -1 -1.222 -1 -1.476 -1 -1.556 -1 98
-1.516 -1 -1.276 -1 -1.556 -1 -1.648 -1 97
-1.602 -1 -1.31 -1 -1.484 -1 -1.614 -1 61
-1.549 -1 -1.316 -1 -1.496 -1 -1.614 -1 59
-1.555 -1 -1.284 -1 -1.318 -1 -1.406 -1 11
-1.362 -1 -1.184 -1 -1.268 -1 -1.36 -1 33
-1.314 -1 -1.134 -1 -1.226 -1 -1.302 -1 29
-1.264 -1 -1.132 -1 -1.18 -1 -1.238 -1 11
-1.209 -1 -1.064 -1 -1.124 -1 -1.186 -1 18
-1.155 -1 -1.044 -1 -1.22 -1 -1.332 -1 68
-1.276 -1 -1.12 -1 -1.402 -1 -1.518 -1 97
-1.46 -1 -1.274 -1 -1.46 -1 -1.554 -1 73
-1.507 -1 -1.246 -1 -1.446 -1 -1.606 -1 83
-1.526 -1 -1.282 -1 -1.448 -1 -1.562 -1 61
-1.505 -1 -1.278 -1 -1.344 -1 -1.452 -1 31
-1.398 -1 -1.208 -1 -1.324 -1 -1.438 -1 33
-1.381 -1 -1.206 -1 -1.47 -1 -1.556 -1 87
-1.513 -1 -1.25 -1 -1.53 -1 -1.636 -1 92
-1.583 -1 -1.328 -1 -1.598 -1 -1.78 -1 92
-1.689 -1 -1.384 -1 -1.54 -1 -1.628 -1 51
-1.584 -1 -1.332 -1 -1.436 -1 -1.508 -1 46
-1.472 -1 -1.246 -1 -1.326 -1 -1.384 -1 24
-1.355 -1 -1.168 -1 -1.23 -1 -1.302 -1 26
-1.266 -1 -1.13 -1 -1.36 -1 -1.496 -1 72
-1.428 -1 -1.236 -1 -1.476 -1 -1.582 -1 92
-1.529 -1 -1.31 -1 -1.376 -1 -1.468 -1 24
-1.422 -1 -1.24 -1 -1.256 -1 -1.302 -1 5
-1.279 -1 -1.138 -1 -1.276 -1 -1.336 -1 39
-1.306 -1 -1.144 -1 -1.366 -1 -1.468 -1 67
-1.417 -1 -1.2 -1 -1.354 -1 -1.462 -1 48
-1.408 -1 -1.218 -1 -1.422 -1 -1.546 -1 71
-1.484 -1 -1.262 -1 -1.304 -1 -1.384 -1 16
-1.344 -1 -1.164 -1 -1.21 -1 -1.278 -1 19
-1.244 -1 -1.122 -1 -1.29 -1 -1.384 -1 60
-1.337 -1 -1.158 -1 -1.174 -1 -1.234 -1 5
-1.204 -1 -1.09 -1 -1.276 -1 -1.372 -1 67
-1.324 -1 -1.17 -1 -1.378 -1 -1.482 -1 71
-1.43 -1 -1.2 -1 -1.284 -1 -1.376 -1 25
-1.33 -1 -1.14 -1 -1.388 -1 -1.516 -1 78
-1.452 -1 -1.268 -1 -1.3 -1 -1.372 -1 6
-1.336 -1 -1.134 -1 -1.214 -1 -1.268 -1 28
-1.241 -1 -1.11 -1 -1.316 -1 -1.406 -1 74
-1.361 -1 -1.174 -1 -1.444 -1 -1.568 -1 84
-1.506 -1 -1.278 -1 -1.416 -1 -1.488 -1 52
-1.452 -1 -1.184 -1 -1.454 -1 -1.576 -1 88
-1.515 -1 -1.288 -1 -1.522 -1 -1.668 -1 87
-1.595 -1 -1.35 -1 -1.566 -1 -1.65 -1 76
-1.608 -1 -1.32 -1 -1.524 -1 -1.642 -1 84
-1.583 -1 -1.34 -1 -1.536 -1 -1.68 -1 64
-1.608 -1 -1.342 -1 -1.532 -1 -1.678 -1 78
-1.605 -1 -1.374 -1 -1.386 -1 -1.498 -1 10
-1.442 -1 -1.234 -1 -1.306 -1 -1.398 -1 24
-1.352 -1 -1.158 -1 -1.376 -1 -1.456 -1 84
-1.416 -1 -1.206 -1 -1.206 -1 -1.27 -1 1
-1.238 -1 -1.1 -1 -1.154 -1 -1.232 -1 21
-1.193 -1 -1.096 -1 -1.334 -1 -1.408 -1 68
-1.371 -1 -1.174 -1 -1.358 -1 -1.402 -1 63
-1.38 -1 -1.214 -1 -1.386 -1 -1.434 -1 52
-1.41 -1 -1.186 -1 -1.36 -1 -1.456 -1 62
-1.408 -1 -1.204 -1 -1.45 -1 -1.556 -1 99
-1.503 -1 -1.26 -1 -1.462 -1 -1.568 -1 84
-1.515 -1 -1.306 -1 -1.526 -1 -1.66 -1 83
-1.593 -1 -1.358 -1 -1.604 -1 -1.728 -1 92
-1.666 -1 -1.392 -1 -1.474 -1 -1.56 -1 34
-1.517 -1 -1.266 -1 -1.546 -1 -1.658 -1 97
-1.602 -1 -1.372 -1 -1.532 -1 -1.596 -1 53
-1.564 -1 -1.302 -1 -1.306 -1 -1.358 -1 1
-1.332 -1 -1.18 -1 -1.348 -1 -1.404 -1 58
-1.376 -1 -1.192 -1 -1.366 -1 -1.442 -1 55
-1.404 -1 -1.18 -1 -1.196 -1 -1.244 -1 3
-1.22 -1 -1.094 -1 -1.242 -1 -1.302 -1 44
-1.272 -1 -1.106 -1 -1.182 -1 -1.222 -1 20
-1.202 -1 -1.112 -1 -1.116 -1 -1.158 -1 2
-1.137 -1 -1.066 -1 -1.16 -1 -1.186 -1 23
-1.173 -1 -1.082 -1 -1.19 -1 -1.228 -1 31
-1.209 -1 -1.102 -1 -1.178 -1 -1.236 -1 23
-1.207 -1 -1.106 -1 -1.226 -1 -1.28 -1 36
-1.253 -1 -1.116 -1 -1.28 -1 -1.33 -1 63
-1.305 -1 -1.144 -1 -1.432 -1 -1.564 -1 99
-1.498 -1 -1.246 -1 -1.41 -1 -1.5 -1 50
-1.455 -1 -1.236 -1 -1.458 -1 -1.554 -1 65
-1.506 -1 -1.248 -1 -1.37 -1 -1.448 -1 44
-1.409 -1 -1.188 -1 -1.372 -1 -1.468 -1 66
-1.42 -1 -1.222 -1 -1.452 -1 -1.574 -1 79
-1.513 -1 -1.27 -1 -1.356 -1 -1.462 -1 28
-1.409 -1 -1.196 -1 -1.472 -1 -1.556 -1 88
-1.514 -1 -1.248 -1 -1.438 -1 -1.554 -1 61
-1.496 -1 -1.256 -1 -1.532 -1 -1.628 -1 88
-1.58 -1 -1.336 -1 -1.372 -1 -1.488 -1 17
-1.43 -1 -1.222 -1 -1.44 -1 -1.536 -1 81
-1.488 -1 -1.292 -1 -1.38 -1 -1.478 -1 26
-1.429 -1 -1.202 -1 -1.298 -1 -1.346 -1 37
-1.322 -1 -1.154 -1 -1.388 -1 -1.488 -1 72
-1.438 -1 -1.232 -1 -1.336 -1 -1.416 -1 33
-1.376 -1 -1.174 -1 -1.288 -1 -1.372 -1 40
-1.33 -1 -1.152 -1 -1.36 -1 -1.474 -1 74
-1.417 -1 -1.238 -1 -1.34 -1 -1.386 -1 33
-1.363 -1 -1.216 -1 -1.292 -1 -1.352 -1 26
-1.322 -1 -1.162 -1 -1.162 -1 -1.21 -1 1
-1.186 -1 -1.076 -1 -1.26 -1 -1.36 -1 61
-1.31 -1 -1.16 -1 -1.192 -1 -1.238 -1 14
-1.215 -1 -1.104 -1 -1.292 -1 -1.386 -1 64
-1.339 -1 -1.184 -1 -1.464 -1 -1.586 -1 98
-1.525 -1 -1.282 -1 -1.562 -1 -1.666 -1 97
-1.614 -1 -1.302 -1 -1.322 -1 -1.43 -1 9
-1.376 -1 -1.218 -1 -1.338 -1 -1.416 -1 36
-1.377 -1 -1.218 -1 -1.328 -1 -1.416 -1 34
-1.372 -1 -1.186 -1 -1.202 -1 -1.242 -1 6
-1.222 -1 -1.084 -1 -1.35 -1 -1.424 -1 95
-1.387 -1 -1.19 -1 -1.42 -1 -1.498 -1 88
-1.459 -1 -1.218 -1 -1.366 -1 -1.49 -1 47
-1.428 -1 -1.258 -1 -1.446 -1 -1.554 -1 65
-1.5 -1 -1.254 -1 -1.344 -1 -1.406 -1 31
-1.375 -1 -1.186 -1 -1.224 -1 -1.266 -1 15
-1.245 -1 -1.1 -1 -1.312 -1 -1.384 -1 71
-1.348 -1 -1.186 -1 -1.344 -1 -1.428 -1 55
-1.386 -1 -1.216 -1 -1.258 -1 -1.354 -1 15
-1.306 -1 -1.168 -1 -1.472 -1 -1.568 -1 91
-1.52 -1 -1.25 -1 -1.458 -1 -1.594 -1 67
-1.526 -1 -1.274 -1 -1.436 -1 -1.55 -1 48
-1.493 -1 -1.244 -1 -1.296 -1 -1.39 -1 14
-1.343 -1 -1.16 -1 -1.346 -1 -1.472 -1 59
-1.409 -1 -1.21 -1 -1.428 -1 -1.506 -1 70
-1.467 -1 -1.208 -1 -1.43 -1 -1.528 -1 71
-1.479 -1 -1.256 -1 -1.506 -1 -1.612 -1 89
-1.559 -1 -1.318 -1 -1.54 -1 -1.682 -1 87
-1.611 -1 -1.338 -1 -1.448 -1 -1.502 -1 31
-1.475 -1 -1.258 -1 -1.376 -1 -1.476 -1 38
-1.426 -1 -1.216 -1 -1.364 -1 -1.456 -1 56
-1.41 -1 -1.222 -1 -1.536 -1 -1.64 -1 97
-1.588 -1 -1.304 -1 -1.488 -1 -1.626 -1 64
-1.557 -1 -1.35 -1 -1.562 -1 -1.642 -1 68
-1.602 -1 -1.302 -1 -1.34 -1 -1.438 -1 20
-1.389 -1 -1.204 -1 -1.468 -1 -1.578 -1 88
-1.523 -1 -1.256 -1 -1.458 -1 -1.576 -1 72
-1.517 -1 -1.29 -1 -1.394 -1 -1.494 -1 32
-1.444 -1 -1.196 -1 -1.298 -1 -1.38 -1 39
-1.339 -1 -1.176 -1 -1.38 -1 -1.444 -1 68
-1.412 -1 -1.18 -1 -1.382 -1 -1.472 -1 66
-1.427 -1 -1.188 -1 -1.35 -1 -1.458 -1 55
-1.404 -1 -1.212 -1 -1.442 -1 -1.542 -1 81
-1.492 -1 -1.29 -1 -1.3 -1 -1.402 -1 3
-1.351 -1 -1.166 -1 -1.45 -1 -1.536 -1 99
-1.493 -1 -1.252 -1 -1.454 -1 -1.546 -1 73
-1.5 -1 -1.274 -1 -1.374 -1 -1.492 -1 30
-1.433 -1 -1.258 -1 -1.344 -1 -1.396 -1 30
-1.37 -1 -1.22 -1 -1.42 -1 -1.524 -1 81
-1.472 -1 -1.242 -1 -1.47 -1 -1.604 -1 75
-1.537 -1 -1.31 -1 -1.468 -1 -1.578 -1 57
-1.523 -1 -1.254 -1 -1.326 -1 -1.408 -1 24
-1.367 -1 -1.194 -1 -1.426 -1 -1.548 -1 81
-1.487 -1 -1.276 -1 -1.506 -1 -1.624 -1 86
-1.565 -1 -1.326 -1 -1.578 -1 -1.718 -1 96
-1.648 -1 -1.382 -1 -1.44 -1 -1.532 -1 34
-1.486 -1 -1.268 -1 -1.33 -1 -1.406 -1 19
-1.368 -1 -1.184 -1 -1.202 -1 -1.258 -1 5
-1.23 -1 -1.104 -1 -1.246 -1 -1.306 -1 45
-1.276 -1 -1.102 -1 -1.254 -1 -1.326 -1 46
-1.29 -1 -1.128 -1 -1.228 -1 -1.278 -1 32
-1.253 -1 -1.11 -1 -1.378 -1 -1.492 -1 79
-1.435 -1 -1.22 -1 -1.322 -1 -1.422 -1 37
-1.372 -1 -1.188 -1 -1.466 -1 -1.588 -1 86
-1.527 -1 -1.288 -1 -1.502 -1 -1.644 -1 74
-1.573 -1 -1.294 -1 -1.352 -1 -1.432 -1 20
-1.392 -1 -1.22 -1 -1.372 -1 -1.466 -1 47
-1.419 -1 -1.274 -1 -1.312 -1 -1.376 -1 11
-1.344 -1 -1.188 -1 -1.202 -1 -1.238 -1 3
-1.22 -1 -1.072 -1 -1.21 -1 -1.288 -1 41
-1.249 -1 -1.132 -1 -1.164 -1 -1.218 -1 13
-1.191 -1 -1.098 -1 -1.344 -1 -1.44 -1 69
-1.392 -1 -1.208 -1 -1.226 -1 -1.292 -1 8
-1.259 -1 -1.142 -1 -1.22 -1 -1.28 -1 32
-1.25 -1 -1.126 -1 -1.156 -1 -1.214 -1 15
-1.185 -1 -1.096 -1 -1.276 -1 -1.348 -1 62
-1.312 -1 -1.152 -1 -1.202 -1 -1.258 -1 14
-1.23 -1 -1.126 -1 -1.13 -1 -1.17 -1 2
-1.15 -1 -1.046 -1 -1.222 -1 -1.294 -1 52
-1.258 -1 -1.132 -1 -1.41 -1 -1.528 -1 94
-1.469 -1 -1.248 -1 -1.406 -1 -1.458 -1 45
-1.432 -1 -1.196 -1 -1.468 -1 -1.544 -1 95
-1.506 -1 -1.26 -1 -1.364 -1 -1.422 -1 42
-1.393 -1 -1.164 -1 -1.432 -1 -1.498 -1 85
-1.465 -1 -1.236 -1 -1.312 -1 -1.376 -1 23
-1.344 -1 -1.194 -1 -1.252 -1 -1.312 -1 19
-1.282 -1 -1.18 -1 -1.448 -1 -1.544 -1 81
-1.496 -1 -1.256 -1 -1.45 -1 -1.554 -1 68
-1.502 -1 -1.23 -1 -1.34 -1 -1.412 -1 39
-1.376 -1 -1.194 -1 -1.27 -1 -1.328 -1 28
-1.299 -1 -1.142 -1 -1.33 -1 -1.42 -1 63
-1.375 -1 -1.2 -1 -1.264 -1 -1.344 -1 21
-1.304 -1 -1.192 -1 -1.418 -1 -1.532 -1 79
-1.475 -1 -1.262 -1 -1.444 -1 -1.536 -1 53
-1.49 -1 -1.234 -1 -1.388 -1 -1.514 -1 54
-1.451 -1 -1.278 -1 -1.506 -1 -1.624 -1 85
-1.565 -1 -1.314 -1 -1.432 -1 -1.522 -1 43
-1.477 -1 -1.268 -1 -1.398 -1 -1.492 -1 43
-1.445 -1 -1.228 -1 -1.402 -1 -1.518 -1 70
-1.46 -1 -1.234 -1 -1.444 -1 -1.544 -1 60
-1.494 -1 -1.264 -1 -1.278 -1 -1.354 -1 7
-1.316 -1 -1.16 -1 -1.302 -1 -1.346 -1 43
-1.324 -1 -1.154 -1 -1.154 -1 -1.22 -1 1
-1.187 -1 -1.08 -1 -1.332 -1 -1.438 -1 82
-1.385 -1 -1.192 -1 -1.256 -1 -1.29 -1 17
-1.273 -1 -1.152 -1 -1.356 -1 -1.436 -1 59
-1.396 -1 -1.164 -1 -1.388 -1 -1.474 -1 70
-1.431 -1 -1.218 -1 -1.374 -1 -1.48 -1 57
-1.427 -1 -1.24 -1 -1.24 -1 -1.294 -1 0
-1.267 -1 -1.108 -1 -1.27 -1 -1.344 -1 55
-1.307 -1 -1.158 -1 -1.232 -1 -1.33 -1 27
-1.281 -1 -1.156 -1 -1.226 -1 -1.318 -1 26
-1.272 -1 -1.154 -1 -1.308 -1 -1.392 -1 53
-1.35 -1 -1.198 -1 -1.22 -1 -1.284 -1 15
-1.252 -1 -1.126 -1 -1.37 -1 -1.436 -1 70
-1.403 -1 -1.194 -1 -1.364 -1 -1.46 -1 55
-1.412 -1 -1.226 -1 -1.372 -1 -1.438 -1 43
-1.405 -1 -1.156 -1 -1.302 -1 -1.4 -1 61
-1.351 -1 -1.136 -1 -1.172 -1 -1.236 -1 13
-1.204 -1 -1.084 -1 -1.186 -1 -1.284 -1 32
-1.235 -1 -1.104 -1 -1.408 -1 -1.48 -1 96
-1.444 -1 -1.186 -1 -1.358 -1 -1.428 -1 68
-1.393 -1 -1.19 -1 -1.246 -1 -1.332 -1 22
-1.289 -1 -1.116 -1 -1.316 -1 -1.398 -1 67
-1.357 -1 -1.158 -1 -1.166 -1 -1.206 -1 1
-1.186 -1 -1.09 -1 -1.252 -1 -1.286 -1 51
-1.269 -1 -1.126 -1 -1.384 -1 -1.51 -1 96
-1.447 -1 -1.226 -1 -1.274 -1 -1.34 -1 24
-1.307 -1 -1.124 -1 -1.3 -1 -1.372 -1 61
-1.336 -1 -1.208 -1 -1.43 -1 -1.506 -1 70
-1.468 -1 -1.238 -1 -1.43 -1 -1.556 -1 67
-1.493 -1 -1.244 -1 -1.406 -1 -1.518 -1 70
-1.462 -1 -1.232 -1 -1.35 -1 -1.406 -1 32
-1.378 -1 -1.196 -1 -1.2 -1 -1.274 -1 1
-1.237 -1 -1.144 -1 -1.38 -1 -1.452 -1 77
-1.416 -1 -1.202 -1 -1.364 -1 -1.458 -1 50
-1.411 -1 -1.214 -1 -1.464 -1 -1.61 -1 83
-1.537 -1 -1.288 -1 -1.39 -1 -1.48 -1 34
-1.435 -1 -1.22 -1 -1.426 -1 -1.502 -1 70
-1.464 -1 -1.26 -1 -1.48 -1 -1.582 -1 75
-1.531 -1 -1.302 -1 -1.496 -1 -1.632 -1 90
-1.564 -1 -1.308 -1 -1.486 -1 -1.568 -1 69
-1.527 -1 -1.264 -1 -1.4 -1 -1.55 -1 53
-1.475 -1 -1.246 -1 -1.314 -1 -1.43 -1 26
-1.372 -1 -1.176 -1 -1.314 -1 -1.434 -1 54
-1.374 -1 -1.186 -1 -1.428 -1 -1.538 -1 81
-1.483 -1 -1.266 -1 -1.502 -1 -1.658 -1 85
-1.58 -1 -1.302 -1 -1.472 -1 -1.648 -1 74
-1.56 -1 -1.352 -1 -1.574 -1 -1.708 -1 91
-1.641 -1 -1.336 -1 -1.536 -1 -1.692 -1 74
-1.614 -1 -1.37 -1 -1.486 -1 -1.626 -1 46
-1.556 -1 -1.344 -1 -1.466 -1 -1.602 -1 46
-1.534 -1 -1.302 -1 -1.514 -1 -1.642 -1 68
-1.578 -1 -1.314 -1 -1.592 -1 -1.726 -1 92
-1.659 -1 -1.364 -1 -1.428 -1 -1.518 -1 17
-1.473 -1 -1.26 -1 -1.348 -1 -1.438 -1 35
-1.393 -1 -1.19 -1 -1.436 -1 -1.556 -1 91
-1.496 -1 -1.26 -1 -1.302 -1 -1.412 -1 13
-1.357 -1 -1.184 -1 -1.312 -1 -1.39 -1 35
-1.351 -1 -1.158 -1 -1.24 -1 -1.314 -1 29
-1.277 -1 -1.158 -1 -1.412 -1 -1.49 -1 79
-1.451 -1 -1.216 -1 -1.35 -1 -1.438 -1 58
-1.394 -1 -1.208 -1 -1.384 -1 -1.522 -1 57
-1.453 -1 -1.238 -1 -1.508 -1 -1.608 -1 98
-1.558 -1 -1.29 -1 -1.394 -1 -1.524 -1 37
-1.459 -1 -1.198 -1 -1.392 -1 -1.484 -1 68
-1.438 -1 -1.184 -1 -1.362 -1 -1.452 -1 58
-1.407 -1 -1.206 -1 -1.354 -1 -1.43 -1 52
-1.392 -1 -1.198 -1 -1.43 -1 -1.578 -1 92
-1.504 -1 -1.258 -1 -1.498 -1 -1.608 -1 81
-1.553 -1 -1.288 -1 -1.3 -1 -1.36 -1 5
-1.33 -1 -1.142 -1 -1.376 -1 -1.46 -1 80
-1.418 -1 -1.196 -1 -1.222 -1 -1.278 -1 11
-1.25 -1 -1.14 -1 -1.296 -1 -1.4 -1 56
-1.348 -1 -1.166 -1 -1.444 -1 -1.53 -1 79
-1.487 -1 -1.242 -1 -1.304 -1 -1.37 -1 23
-1.337 -1 -1.152 -1 -1.176 -1 -1.246 -1 7
-1.211 -1 -1.108 -1 -1.332 -1 -1.416 -1 64
-1.374 -1 -1.188 -1 -1.224 -1 -1.314 -1 16
-1.269 -1 -1.116 -1 -1.148 -1 -1.2 -1 11
-1.174 -1 -1.074 -1 -1.09 -1 -1.152 -1 5
-1.121 -1 -1.046 -1 -1.25 -1 -1.342 -1 70
-1.296 -1 -1.148 -1 -1.372 -1 -1.466 -1 72
-1.419 -1 -1.202 -1 -1.246 -1 -1.318 -1 11
-1.282 -1 -1.17 -1 -1.254 -1 -1.322 -1 29
-1.288 -1 -1.122 -1 -1.364 -1 -1.442 -1 79
-1.403 -1 -1.208 -1 -1.39 -1 -1.472 -1 61
-1.431 -1 -1.214 -1 -1.494 -1 -1.596 -1 90
-1.545 -1 -1.324 -1 -1.602 -1 -1.67 -1 96
-1.636 -1 -1.392 -1 -1.552 -1 -1.692 -1 63
-1.622 -1 -1.374 -1 -1.582 -1 -1.702 -1 73
-1.642 -1 -1.376 -1 -1.428 -1 -1.55 -1 14
-1.489 -1 -1.266 -1 -1.324 -1 -1.408 -1 28
-1.366 -1 -1.164 -1 -1.368 -1 -1.48 -1 74
-1.424 -1 -1.24 -1 -1.3 -1 -1.426 -1 30
-1.363 -1 -1.198 -1 -1.222 -1 -1.31 -1 12
-1.266 -1 -1.118 -1 -1.31 -1 -1.402 -1 58
-1.356 -1 -1.184 -1 -1.41 -1 -1.476 -1 75
-1.443 -1 -1.224 -1 -1.474 -1 -1.56 -1 70
-1.517 -1 -1.272 -1 -1.52 -1 -1.684 -1 95
-1.602 -1 -1.376 -1 -1.604 -1 -1.71 -1 79
-1.657 -1 -1.424 -1 -1.452 -1 -1.598 -1 22
-1.525 -1 -1.284 -1 -1.416 -1 -1.508 -1 52
-1.462 -1 -1.234 -1 -1.376 -1 -1.476 -1 49
-1.426 -1 -1.222 -1 -1.474 -1 -1.584 -1 81
-1.529 -1 -1.3 -1 -1.446 -1 -1.53 -1 66
-1.488 -1 -1.242 -1 -1.366 -1 -1.47 -1 40
-1.418 -1 -1.232 -1 -1.386 -1 -1.488 -1 45
-1.437 -1 -1.26 -1 -1.486 -1 -1.588 -1 82
-1.537 -1 -1.296 -1 -1.312 -1 -1.408 -1 5
-1.36 -1 -1.17 -1 -1.462 -1 -1.568 -1 98
-1.515 -1 -1.25 -1 -1.294 -1 -1.404 -1 14
-1.349 -1 -1.178 -1 -1.182 -1 -1.256 -1 1
-1.219 -1 -1.132 -1 -1.308 -1 -1.396 -1 58
-1.352 -1 -1.194 -1 -1.306 -1 -1.416 -1 33
-1.361 -1 -1.218 -1 -1.368 -1 -1.446 -1 58
-1.407 -1 -1.218 -1 -1.244 -1 -1.35 -1 11
-1.297 -1 -1.17 -1 -1.242 -1 -1.316 -1 25
-1.279 -1 -1.134 -1 -1.258 -1 -1.33 -1 51
-1.294 -1 -1.152 -1 -1.412 -1 -1.51 -1 96
-1.461 -1 -1.214 -1 -1.326 -1 -1.43 -1 39
-1.378 -1 -1.168 -1 -1.396 -1 -1.51 -1 65
-1.453 -1 -1.224 -1 -1.394 -1 -1.48 -1 56
-1.437 -1 -1.204 -1 -1.296 -1 -1.402 -1 36
-1.349 -1 -1.156 -1 -1.298 -1 -1.424 -1 46
-1.361 -1 -1.152 -1 -1.332 -1 -1.452 -1 59
-1.392 -1 -1.206 -1 -1.28 -1 -1.41 -1 27
-1.345 -1 -1.172 -1 -1.21 -1 -1.284 -1 10
-1.247 -1 -1.13 -1 -1.298 -1 -1.364 -1 55
-1.331 -1 -1.162 -1 -1.22 -1 -1.28 -1 16
-1.25 -1 -1.102 -1 -1.242 -1 -1.316 -1 35
-1.279 -1 -1.112 -1 -1.168 -1 -1.25 -1 18
-1.209 -1 -1.104 -1 -1.26 -1 -1.372 -1 63
-1.316 -1 -1.172 -1 -1.31 -1 -1.416 -1 45
-1.363 -1 -1.182 -1 -1.274 -1 -1.338 -1 29
-1.306 -1 -1.156 -1 -1.366 -1 -1.45 -1 90
-1.408 -1 -1.222 -1 -1.364 -1 -1.468 -1 54
-1.416 -1 -1.224 -1 -1.26 -1 -1.328 -1 15
-1.294 -1 -1.142 -1 -1.438 -1 -1.54 -1 90
-1.489 -1 -1.262 -1 -1.308 -1 -1.398 -1 14
-1.353 -1 -1.18 -1 -1.246 -1 -1.33 -1 21
-1.288 -1 -1.146 -1 -1.332 -1 -1.422 -1 67
-1.377 -1 -1.198 -1 -1.206 -1 -1.25 -1 1
-1.228 -1 -1.102 -1 -1.144 -1 -1.196 -1 16
-1.17 -1 -1.082 -1 -1.362 -1 -1.454 -1 96
-1.408 -1 -1.222 -1 -1.44 -1 -1.56 -1 68
-1.5 -1 -1.27 -1 -1.486 -1 -1.596 -1 77
-1.541 -1 -1.296 -1 -1.466 -1 -1.566 -1 55
-1.516 -1 -1.272 -1 -1.412 -1 -1.516 -1 48
-1.464 -1 -1.228 -1 -1.37 -1 -1.446 -1 54
-1.408 -1 -1.204 -1 -1.448 -1 -1.592 -1 78
-1.52 -1 -1.27 -1 -1.47 -1 -1.602 -1 87
-1.536 -1 -1.272 -1 -1.51 -1 -1.642 -1 92
-1.576 -1 -1.342 -1 -1.502 -1 -1.626 -1 61
-1.564 -1 -1.314 -1 -1.532 -1 -1.662 -1 75
-1.597 -1 -1.338 -1 -1.382 -1 -1.46 -1 14
-1.421 -1 -1.19 -1 -1.306 -1 -1.416 -1 41
-1.361 -1 -1.18 -1 -1.27 -1 -1.35 -1 36
-1.31 -1 -1.134 -1 -1.332 -1 -1.452 -1 68
-1.392 -1 -1.208 -1 -1.39 -1 -1.538 -1 62
-1.464 -1 -1.236 -1 -1.498 -1 -1.612 -1 95
-1.555 -1 -1.31 -1 -1.544 -1 -1.638 -1 78
-1.591 -1 -1.3 -1 -1.496 -1 -1.632 -1 65
-1.564 -1 -1.294 -1 -1.326 -1 -1.426 -1 12
-1.376 -1 -1.186 -1 -1.284 -1 -1.39 -1 38
-1.337 -1 -1.158 -1 -1.424 -1 -1.526 -1 91
-1.475 -1 -1.262 -1 -1.456 -1 -1.578 -1 65
-1.517 -1 -1.282 -1 -1.316 -1 -1.388 -1 10
-1.352 -1 -1.186 -1 -1.258 -1 -1.336 -1 22
-1.297 -1 -1.142 -1 -1.152 -1 -1.224 -1 5
-1.188 -1 -1.084 -1 -1.314 -1 -1.39 -1 85
-1.352 -1 -1.164 -1 -1.186 -1 -1.226 -1 8
-1.206 -1 -1.098 -1 -1.284 -1 -1.364 -1 57
-1.324 -1 -1.18 -1 -1.272 -1 -1.354 -1 31
-1.313 -1 -1.182 -1 -1.446 -1 -1.538 -1 93
-1.492 -1 -1.274 -1 -1.364 -1 -1.478 -1 25
-1.421 -1 -1.236 -1 -1.236 -1 -1.286 -1 0
-1.261 -1 -1.1 -1 -1.352 -1 -1.466 -1 82
-1.409 -1 -1.226 -1 -1.296 -1 -1.362 -1 22
-1.329 -1 -1.144 -1 -1.304 -1 -1.39 -1 53
-1.347 -1 -1.162 -1 -1.312 -1 -1.42 -1 45
-1.366 -1 -1.21 -1 -1.5 -1 -1.634 -1 95
-1.567 -1 -1.334 -1 -1.448 -1 -1.54 -1 43
-1.494 -1 -1.302 -1 -1.436 -1 -1.512 -1 57
-1.474 -1 -1.218 -1 -1.334 -1 -1.418 -1 40
-1.376 -1 -1.18 -1 -1.304 -1 -1.388 -1 45
-1.346 -1 -1.158 -1 -1.286 -1 -1.364 -1 37
-1.325 -1 -1.124 -1 -1.314 -1 -1.386 -1 66
-1.35 -1 -1.188 -1 -1.392 -1 -1.514 -1 63
-1.453 -1 -1.252 -1 -1.318 -1 -1.356 -1 19
-1.337 -1 -1.188 -1 -1.272 -1 -1.326 -1 25
-1.299 -1 -1.138 -1 -1.166 -1 -1.212 -1 10
-1.189 -1 -1.084 -1 -1.402 -1 -1.534 -1 96
-1.468 -1 -1.23 -1 -1.324 -1 -1.37 -1 37
-1.347 -1 -1.18 -1 -1.41 -1 -1.466 -1 74
-1.438 -1 -1.216 -1 -1.49 -1 -1.604 -1 94
-1.547 -1 -1.268 -1 -1.538 -1 -1.68 -1 95
-1.609 -1 -1.326 -1 -1.364 -1 -1.432 -1 10
-1.398 -1 -1.22 -1 -1.316 -1 -1.396 -1 25
-1.356 -1 -1.176 -1 -1.202 -1 -1.264 -1 8
-1.233 -1 -1.1 -1 -1.312 -1 -1.408 -1 67
-1.36 -1 -1.158 -1 -1.348 -1 -1.47 -1 63
-1.409 -1 -1.212 -1 -1.462 -1 -1.59 -1 77
-1.526 -1 -1.286 -1 -1.378 -1 -1.482 -1 34
-1.43 -1 -1.224 -1 -1.354 -1 -1.448 -1 38
-1.401 -1 -1.18 -1 -1.252 -1 -1.334 -1 24
-1.293 -1 -1.146 -1 -1.386 -1 -1.512 -1 83
-1.449 -1 -1.248 -1 -1.46 -1 -1.55 -1 78
-1.505 -1 -1.252 -1 -1.376 -1 -1.468 -1 52
-1.422 -1 -1.18 -1 -1.34 -1 -1.41 -1 58
-1.375 -1 -1.166 -1 -1.322 -1 -1.428 -1 57
-1.375 -1 -1.218 -1 -1.344 -1 -1.4 -1 47
-1.372 -1 -1.188 -1 -1.284 -1 -1.382 -1 28
-1.333 -1 -1.174 -1 -1.372 -1 -1.454 -1 62
-1.413 -1 -1.228 -1 -1.508 -1 -1.64 -1 99
-1.574 -1 -1.32 -1 -1.43 -1 -1.568 -1 36
-1.499 -1 -1.256 -1 -1.278 -1 -1.366 -1 7
-1.322 -1 -1.176 -1 -1.218 -1 -1.32 -1 16
-1.269 -1 -1.114 -1 -1.208 -1 -1.272 -1 31
-1.24 -1 -1.118 -1 -1.346 -1 -1.446 -1 77
-1.396 -1 -1.186 -1 -1.218 -1 -1.3 -1 13
-1.259 -1 -1.126 -1 -1.28 -1 -1.356 -1 50
-1.318 -1 -1.148 -1 -1.316 -1 -1.406 -1 56
-1.361 -1 -1.15 -1 -1.234 -1 -1.334 -1 26
-1.284 -1 -1.156 -1 -1.16 -1 -1.196 -1 2
-1.178 -1 -1.074 -1 -1.104 -1 -1.14 -1 7
-1.122 -1 -1.05 -1 -1.292 -1 -1.366 -1 83
-1.329 -1 -1.182 -1 -1.336 -1 -1.416 -1 46
-1.376 -1 -1.168 -1 -1.198 -1 -1.244 -1 12
-1.221 -1 -1.09 -1 -1.334 -1 -1.418 -1 75
-1.376 -1 -1.188 -1 -1.368 -1 -1.456 -1 62
-1.412 -1 -1.21 -1 -1.23 -1 -1.314 -1 6
-1.272 -1 -1.124 -1 -1.32 -1 -1.402 -1 62
-1.361 -1 -1.21 -1 -1.278 -1 -1.38 -1 29
-1.329 -1 -1.156 -1 -1.236 -1 -1.324 -1 25
-1.28 -1 -1.126 -1 -1.284 -1 -1.362 -1 49
-1.323 -1 -1.158 -1 -1.426 -1 -1.512 -1 88
-1.469 -1 -1.252 -1 -1.342 -1 -1.468 -1 31
-1.405 -1 -1.228 -1 -1.314 -1 -1.4 -1 29
-1.357 -1 -1.176 -1 -1.376 -1 -1.492 -1 71
-1.434 -1 -1.208 -1 -1.364 -1 -1.46 -1 54
-1.412 -1 -1.178 -1 -1.44 -1 -1.55 -1 95
-1.495 -1 -1.256 -1 -1.378 -1 -1.464 -1 44
-1.421 -1 -1.206 -1 -1.408 -1 -1.542 -1 78
-1.475 -1 -1.232 -1 -1.414 -1 -1.502 -1 61
-1.458 -1 -1.222 -1 -1.336 -1 -1.432 -1 34
-1.384 -1 -1.174 -1 -1.288 -1 -1.402 -1 55
-1.345 -1 -1.184 -1 -1.488 -1 -1.606 -1 99
-1.547 -1 -1.272 -1 -1.354 -1 -1.406 -1 30
-1.38 -1 -1.236 -1 -1.472 -1 -1.562 -1 77
-1.517 -1 -1.282 -1 -1.408 -1 -1.5 -1 45
-1.454 -1 -1.248 -1 -1.32 -1 -1.414 -1 27
-1.367 -1 -1.188 -1 -1.36 -1 -1.44 -1 48
-1.4 -1 -1.21 -1 -1.23 -1 -1.314 -1 6
-1.272 -1 -1.154 -1 -1.354 -1 -1.422 -1 61
-1.388 -1 -1.19 -1 -1.414 -1 -1.52 -1 67
-1.467 -1 -1.224 -1 -1.234 -1 -1.288 -1 2
-1.261 -1 -1.112 -1 -1.346 -1 -1.492 -1 79
-1.419 -1 -1.198 -1 -1.368 -1 -1.466 -1 65
-1.417 -1 -1.232 -1 -1.396 -1 -1.494 -1 58
-1.445 -1 -1.202 -1 -1.354 -1 -1.518 -1 60
-1.436 -1 -1.234 -1 -1.284 -1 -1.35 -1 20
-1.317 -1 -1.122 -1 -1.202 -1 -1.29 -1 30
-1.246 -1 -1.124 -1 -1.334 -1 -1.432 -1 68
-1.383 -1 -1.176 -1 -1.298 -1 -1.402 -1 32
-1.35 -1 -1.158 -1 -1.498 -1 -1.572 -1 96
-1.535 -1 -1.256 -1 -1.258 -1 -1.332 -1 5
-1.295 -1 -1.128 -1 -1.352 -1 -1.504 -1 96
-1.428 -1 -1.216 -1 -1.324 -1 -1.422 -1 45
-1.373 -1 -1.156 -1 -1.218 -1 -1.302 -1 16
-1.26 -1 -1.156 -1 -1.346 -1 -1.486 -1 66
-1.416 -1 -1.21 -1 -1.342 -1 -1.428 -1 44
-1.385 -1 -1.222 -1 -1.46 -1 -1.58 -1 82
-1.52 -1 -1.268 -1 -1.366 -1 -1.446 -1 31
-1.406 -1 -1.202 -1 -1.408 -1 -1.514 -1 67
-1.461 -1 -1.262 -1 -1.524 -1 -1.62 -1 93
-1.572 -1 -1.26 -1 -1.33 -1 -1.408 -1 21
-1.369 -1 -1.186 -1 -1.348 -1 -1.426 -1 66
-1.387 -1 -1.176 -1 -1.374 -1 -1.47 -1 74
-1.422 -1 -1.232 -1 -1.446 -1 -1.54 -1 62
-1.493 -1 -1.242 -1 -1.312 -1 -1.386 -1 26
-1.349 -1 -1.17 -1 -1.25 -1 -1.33 -1 26
-1.29 -1 -1.152 -1 -1.23 -1 -1.314 -1 30
-1.272 -1 -1.108 -1 -1.122 -1 -1.188 -1 5
-1.155 -1 -1.076 -1 -1.302 -1 -1.392 -1 73
-1.347 -1 -1.16 -1 -1.282 -1 -1.364 -1 47
-1.323 -1 -1.156 -1 -1.242 -1 -1.324 -1 29
-1.283 -1 -1.196 -1 -1.434 -1 -1.508 -1 82
-1.471 -1 -1.19 -1 -1.396 -1 -1.478 -1 68
-1.437 -1 -1.202 -1 -1.272 -1 -1.34 -1 18
-1.306 -1 -1.136 -1 -1.154 -1 -1.2 -1 5
-1.177 -1 -1.082 -1 -1.308 -1 -1.374 -1 73
-1.341 -1 -1.162 -1 -1.258 -1 -1.33 -1 35
-1.294 -1 -1.156 -1 -1.292 -1 -1.36 -1 44
-1.326 -1 -1.144 -1 -1.196 -1 -1.262 -1 20
-1.229 -1 -1.064 -1 -1.172 -1 -1.198 -1 29
-1.185 -1 -1.082 -1 -1.378 -1 -1.452 -1 97
-1.415 -1 -1.224 -1 -1.41 -1 -1.522 -1 80
-1.466 -1 -1.24 -1 -1.53 -1 -1.636 -1 93
-1.583 -1 -1.338 -1 -1.506 -1 -1.612 -1 59
-1.559 -1 -1.3 -1 -1.542 -1 -1.644 -1 77
-1.593 -1 -1.352 -1 -1.43 -1 -1.54 -1 28
-1.485 -1 -1.24 -1 -1.464 -1 -1.584 -1 77
-1.524 -1 -1.298 -1 -1.404 -1 -1.532 -1 51
-1.468 -1 -1.27 -1 -1.5 -1 -1.638 -1 75
-1.569 -1 -1.33 -1 -1.404 -1 -1.49 -1 30
-1.447 -1 -1.236 -1 -1.396 -1 -1.516 -1 60
-1.456 -1 -1.222 -1 -1.402 -1 -1.51 -1 73
-1.456 -1 -1.26 -1 -1.422 -1 -1.582 -1 64
-1.502 -1 -1.262 -1 -1.36 -1 -1.46 -1 33
-1.41 -1 -1.198 -1 -1.284 -1 -1.352 -1 29
-1.318 -1 -1.138 -1 -1.188 -1 -1.232 -1 14
-1.21 -1 -1.108 -1 -1.39 -1 -1.502 -1 98
-1.446 -1 -1.238 -1 -1.42 -1 -1.546 -1 67
-1.483 -1 -1.254 -1 -1.278 -1 -1.366 -1 9
-1.322 -1 -1.128 -1 -1.196 -1 -1.258 -1 19
-1.227 -1 -1.092 -1 -1.102 -1 -1.182 -1 3
-1.142 -1 -1.066 -1 -1.378 -1 -1.46 -1 98
-1.419 -1 -1.242 -1 -1.268 -1 -1.326 -1 8
-1.297 -1 -1.14 -1 -1.346 -1 -1.444 -1 72
-1.395 -1 -1.232 -1 -1.396 -1 -1.474 -1 49
-1.435 -1 -1.236 -1 -1.418 -1 -1.494 -1 51
-1.456 -1 -1.25 -1 -1.508 -1 -1.626 -1 80
-1.567 -1 -1.3 -1 -1.376 -1 -1.452 -1 28
-1.414 -1 -1.232 -1 -1.334 -1 -1.422 -1 25
-1.378 -1 -1.198 -1 -1.472 -1 -1.62 -1 84
-1.546 -1 -1.292 -1 -1.464 -1 -1.548 -1 59
-1.506 -1 -1.3 -1 -1.392 -1 -1.43 -1 30
-1.411 -1 -1.19 -1 -1.43 -1 -1.548 -1 88
-1.489 -1 -1.274 -1 -1.376 -1 -1.468 -1 35
-1.422 -1 -1.246 -1 -1.274 -1 -1.324 -1 8
-1.299 -1 -1.164 -1 -1.422 -1 -1.536 -1 83
-1.479 -1 -1.266 -1 -1.308 -1 -1.39 -1 17
-1.349 -1 -1.182 -1 -1.25 -1 -1.324 -1 16
-1.287 -1 -1.132 -1 -1.354 -1 -1.478 -1 80
-1.416 -1 -1.178 -1 -1.378 -1 -1.53 -1 71
-1.454 -1 -1.234 -1 -1.372 -1 -1.462 -1 49
-1.417 -1 -1.256 -1 -1.406 -1 -1.526 -1 55
-1.466 -1 -1.256 -1 -1.27 -1 -1.364 -1 4
-1.317 -1 -1.154 -1 -1.264 -1 -1.346 -1 31
-1.305 -1 -1.16 -1 -1.31 -1 -1.384 -1 49
-1.347 -1 -1.19 -1 -1.374 -1 -1.46 -1 64
-1.417 -1 -1.236 -1 -1.35 -1 -1.454 -1 41
-1.402 -1 -1.212 -1 -1.496 -1 -1.58 -1 94
-1.538 -1 -1.3 -1 -1.542 -1 -1.632 -1 82
-1.587 -1 -1.33 -1 -1.486 -1 -1.562 -1 47
-1.524 -1 -1.282 -1 -1.404 -1 -1.468 -1 58
-1.436 -1 -1.24 -1 -1.388 -1 -1.508 -1 53
-1.448 -1 -1.248 -1 -1.436 -1 -1.502 -1 72
-1.469 -1 -1.25 -1 -1.418 -1 -1.536 -1 51
-1.477 -1 -1.272 -1 -1.452 -1 -1.53 -1 56
-1.491 -1 -1.278 -1 -1.422 -1 -1.476 -1 45
-1.449 -1 -1.236 -1 -1.438 -1 -1.548 -1 77
-1.493 -1 -1.288 -1 -1.312 -1 -1.348 -1 7
-1.33 -1 -1.188 -1 -1.366 -1 -1.442 -1 49
-1.404 -1 -1.174 -1 -1.396 -1 -1.48 -1 76
-1.438 -1 -1.196 -1 -1.344 -1 -1.416 -1 64
-1.38 -1 -1.174 -1 -1.408 -1 -1.506 -1 78
-1.457 -1 -1.226 -1 -1.394 -1 -1.502 -1 55
-1.448 -1 -1.234 -1 -1.458 -1 -1.532 -1 74
-1.495 -1 -1.278 -1 -1.474 -1 -1.58 -1 66
-1.527 -1 -1.308 -1 -1.312 -1 -1.392 -1 1
-1.352 -1 -1.158 -1 -1.356 -1 -1.444 -1 61
-1.4 -1 -1.18 -1 -1.274 -1 -1.35 -1 37
-1.312 -1 -1.146 -1 -1.2 -1 -1.274 -1 19
-1.237 -1 -1.108 -1 -1.166 -1 -1.218 -1 14
-1.192 -1 -1.09 -1 -1.192 -1 -1.282 -1 37
-1.237 -1 -1.102 -1 -1.444 -1 -1.542 -1 98
-1.493 -1 -1.246 -1 -1.26 -1 -1.334 -1 6
-1.297 -1 -1.13 -1 -1.13 -1 -1.178 -1 0
-1.154 -1 -1.078 -1 -1.32 -1 -1.38 -1 70
-1.35 -1 -1.15 -1 -1.35 -1 -1.424 -1 65
-1.387 -1 -1.232 -1 -1.386 -1 -1.476 -1 52
-1.431 -1 -1.226 -1 -1.238 -1 -1.294 -1 8
-1.266 -1 -1.112 -1 -1.124 -1 -1.164 -1 2
-1.144 -1 -1.05 -1 -1.31 -1 -1.366 -1 79
-1.338 -1 -1.158 -1 -1.356 -1 -1.436 -1 73
-1.396 -1 -1.202 -1 -1.388 -1 -1.482 -1 61
-1.435 -1 -1.234 -1 -1.398 -1 -1.474 -1 61
-1.436 -1 -1.27 -1 -1.358 -1 -1.454 -1 34
-1.406 -1 -1.212 -1 -1.258 -1 -1.326 -1 18
-1.292 -1 -1.126 -1 -1.328 -1 -1.414 -1 60
-1.371 -1 -1.22 -1 -1.31 -1 -1.366 -1 37
-1.338 -1 -1.186 -1 -1.388 -1 -1.48 -1 69
-1.434 -1 -1.212 -1 -1.236 -1 -1.286 -1 5
-1.261 -1 -1.148 -1 -1.246 -1 -1.334 -1 35
-1.29 -1 -1.152 -1 -1.208 -1 -1.244 -1 21
-1.226 -1 -1.082 -1 -1.094 -1 -1.138 -1 3
-1.116 -1 -1.038 -1 -1.172 -1 -1.224 -1 43
-1.198 -1 -1.104 -1 -1.364 -1 -1.424 -1 85
-1.394 -1 -1.208 -1 -1.406 -1 -1.508 -1 70
-1.457 -1 -1.212 -1 -1.262 -1 -1.346 -1 15
-1.304 -1 -1.204 -1 -1.234 -1 -1.26 -1 7
-1.247 -1 -1.12 -1 -1.236 -1 -1.306 -1 32
-1.271 -1 -1.128 -1 -1.244 -1 -1.332 -1 55
-1.288 -1 -1.15 -1 -1.356 -1 -1.44 -1 65
-1.398 -1 -1.216 -1 -1.46 -1 -1.568 -1 81
-1.514 -1 -1.282 -1 -1.46 -1 -1.58 -1 59
-1.52 -1 -1.32 -1 -1.568 -1 -1.648 -1 96
-1.608 -1 -1.342 -1 -1.448 -1 -1.55 -1 41
-1.499 -1 -1.284 -1 -1.35 -1 -1.394 -1 19
-1.372 -1 -1.19 -1 -1.212 -1 -1.302 -1 7
-1.257 -1 -1.106 -1 -1.18 -1 -1.244 -1 21
-1.212 -1 -1.11 -1 -1.142 -1 -1.2 -1 9
-1.171 -1 -1.096 -1 -1.338 -1 -1.416 -1 89
-1.377 -1 -1.24 -1 -1.322 -1 -1.406 -1 22
-1.364 -1 -1.174 -1 -1.202 -1 -1.242 -1 6
-1.222 -1 -1.114 -1 -1.23 -1 -1.294 -1 39
-1.262 -1 -1.132 -1 -1.262 -1 -1.296 -1 44
-1.279 -1 -1.108 -1 -1.24 -1 -1.306 -1 54
-1.273 -1 -1.142 -1 -1.252 -1 -1.308 -1 33
-1.28 -1 -1.106 -1 -1.28 -1 -1.372 -1 63
-1.326 -1 -1.116 -1 -1.218 -1 -1.28 -1 36
-1.249 -1 -1.102 -1 -1.374 -1 -1.454 -1 90
-1.414 -1 -1.206 -1 -1.328 -1 -1.448 -1 45
-1.388 -1 -1.216 -1 -1.24 -1 -1.282 -1 8
-1.261 -1 -1.122 -1 -1.276 -1 -1.348 -1 47
-1.312 -1 -1.154 -1 -1.29 -1 -1.388 -1 50
-1.339 -1 -1.164 -1 -1.18 -1 -1.21 -1 8
-1.195 -1 -1.078 -1 -1.086 -1 -1.11 -1 5
-1.098 -1 -1.044 -1 -1.322 -1 -1.402 -1 81
-1.362 -1 -1.188 -1 -1.296 -1 -1.358 -1 40
-1.327 -1 -1.182 -1 -1.378 -1 -1.472 -1 73
-1.425 -1 -1.25 -1 -1.302 -1 -1.338 -1 12
-1.32 -1 -1.158 -1 -1.41 -1 -1.492 -1 84
-1.451 -1 -1.208 -1 -1.208 -1 -1.27 -1 1
-1.239 -1 -1.144 -1 -1.278 -1 -1.342 -1 44
-1.31 -1 -1.124 -1 -1.338 -1 -1.422 -1 63
-1.38 -1 -1.204 -1 -1.428 -1 -1.532 -1 75
-1.48 -1 -1.272 -1 -1.41 -1 -1.49 -1 48
-1.45 -1 -1.228 -1 -1.228 -1 -1.272 -1 0
-1.25 -1 -1.106 -1 -1.36 -1 -1.446 -1 87
-1.403 -1 -1.19 -1 -1.44 -1 -1.534 -1 87
-1.487 -1 -1.234 -1 -1.448 -1 -1.568 -1 73
-1.508 -1 -1.252 -1 -1.536 -1 -1.648 -1 96
-1.592 -1 -1.344 -1 -1.398 -1 -1.466 -1 15
-1.432 -1 -1.192 -1 -1.418 -1 -1.522 -1 78
-1.47 -1 -1.234 -1 -1.386 -1 -1.488 -1 61
-1.437 -1 -1.23 -1 -1.272 -1 -1.374 -1 11
-1.323 -1 -1.184 -1 -1.298 -1 -1.358 -1 30
-1.328 -1 -1.164 -1 -1.276 -1 -1.35 -1 32
-1.313 -1 -1.152 -1 -1.454 -1 -1.548 -1 90
-1.501 -1 -1.226 -1 -1.514 -1 -1.652 -1 96
-1.583 -1 -1.314 -1 -1.492 -1 -1.614 -1 60
-1.553 -1 -1.278 -1 -1.498 -1 -1.65 -1 81
-1.574 -1 -1.314 -1 -1.482 -1 -1.616 -1 57
-1.549 -1 -1.348 -1 -1.504 -1 -1.604 -1 59
-1.554 -1 -1.328 -1 -1.518 -1 -1.622 -1 68
-1.57 -1 -1.294 -1 -1.33 -1 -1.402 -1 11
-1.366 -1 -1.198 -1 -1.288 -1 -1.392 -1 33
-1.34 -1 -1.166 -1 -1.212 -1 -1.316 -1 14
-1.264 -1 -1.162 -1 -1.162 -1 -1.202 -1 0
-1.182 -1 -1.092 -1 -1.102 -1 -1.146 -1 2
-1.124 -1 -1.058 -1 -1.23 -1 -1.334 -1 70
-1.282 -1 -1.122 -1 -1.262 -1 -1.334 -1 45
-1.298 -1 -1.15 -1 -1.332 -1 -1.42 -1 63
-1.376 -1 -1.168 -1 -1.372 -1 -1.456 -1 64
-1.414 -1 -1.194 -1 -1.24 -1 -1.31 -1 19
-1.275 -1 -1.148 -1 -1.178 -1 -1.23 -1 11
-1.204 -1 -1.096 -1 -1.366 -1 -1.454 -1 89
-1.41 -1 -1.194 -1 -1.286 -1 -1.38 -1 33
-1.333 -1 -1.158 -1 -1.364 -1 -1.46 -1 65
-1.412 -1 -1.226 -1 -1.264 -1 -1.32 -1 21
-1.292 -1 -1.142 -1 -1.322 -1 -1.408 -1 57
-1.365 -1 -1.178 -1 -1.318 -1 -1.42 -1 50
-1.369 -1 -1.218 -1 -1.338 -1 -1.428 -1 43
-1.383 -1 -1.216 -1 -1.286 -1 -1.362 -1 20
-1.324 -1 -1.17 -1 -1.296 -1 -1.402 -1 32
-1.349 -1 -1.198 -1 -1.274 -1 -1.364 -1 22
-1.319 -1 -1.144 -1 -1.408 -1 -1.514 -1 90
-1.461 -1 -1.22 -1 -1.416 -1 -1.502 -1 66
-1.459 -1 -1.246 -1 -1.43 -1 -1.55 -1 74
-1.49 -1 -1.29 -1 -1.49 -1 -1.61 -1 73
-1.55 -1 -1.302 -1 -1.502 -1 -1.59 -1 82
-1.546 -1 -1.31 -1 -1.422 -1 -1.504 -1 44
-1.463 -1 -1.214 -1 -1.338 -1 -1.434 -1 34
-1.386 -1 -1.186 -1 -1.33 -1 -1.382 -1 51
-1.356 -1 -1.194 -1 -1.376 -1 -1.472 -1 60
-1.424 -1 -1.218 -1 -1.29 -1 -1.394 -1 25
-1.342 -1 -1.172 -1 -1.324 -1 -1.414 -1 59
-1.369 -1 -1.162 -1 -1.27 -1 -1.334 -1 35
-1.302 -1 -1.166 -1 -1.212 -1 -1.278 -1 16
-1.245 -1 -1.086 -1 -1.29 -1 -1.41 -1 89
-1.35 -1 -1.212 -1 -1.33 -1 -1.462 -1 53
-1.396 -1 -1.194 -1 -1.46 -1 -1.582 -1 90
-1.521 -1 -1.26 -1 -1.408 -1 -1.492 -1 44
-1.45 -1 -1.236 -1 -1.398 -1 -1.478 -1 56
-1.438 -1 -1.218 -1 -1.318 -1 -1.374 -1 38
-1.346 -1 -1.174 -1 -1.26 -1 -1.346 -1 32
-1.303 -1 -1.126 -1 -1.202 -1 -1.28 -1 28
-1.241 -1 -1.112 -1 -1.272 -1 -1.352 -1 47
-1.312 -1 -1.138 -1 -1.388 -1 -1.486 -1 89
-1.437 -1 -1.244 -1 -1.5 -1 -1.61 -1 85
-1.555 -1 -1.258 -1 -1.526 -1 -1.672 -1 93
-1.599 -1 -1.332 -1 -1.37 -1 -1.462 -1 11
-1.416 -1 -1.206 -1 -1.378 -1 -1.466 -1 56
-1.422 -1 -1.244 -1 -1.416 -1 -1.522 -1 69
-1.469 -1 -1.258 -1 -1.428 -1 -1.51 -1 57
-1.469 -1 -1.268 -1 -1.42 -1 -1.498 -1 47
-1.459 -1 -1.224 -1 -1.236 -1 -1.304 -1 5
-1.27 -1 -1.142 -1 -1.268 -1 -1.398 -1 42
-1.333 -1 -1.19 -1 -1.434 -1 -1.506 -1 72
-1.47 -1 -1.242 -1 -1.354 -1 -1.422 -1 41
-1.388 -1 -1.206 -1 -1.392 -1 -1.5 -1 65
-1.446 -1 -1.266 -1 -1.274 -1 -1.318 -1 1
-1.296 -1 -1.114 -1 -1.344 -1 -1.442 -1 78
-1.393 -1 -1.186 -1 -1.338 -1 -1.404 -1 59
-1.371 -1 -1.158 -1 -1.232 -1 -1.31 -1 29
-1.271 -1 -1.156 -1 -1.164 -1 -1.216 -1 4
-1.19 -1 -1.09 -1 -1.36 -1 -1.438 -1 89
-1.399 -1 -1.206 -1 -1.352 -1 -1.432 -1 51
-1.392 -1 -1.176 -1 -1.378 -1 -1.49 -1 70
-1.434 -1 -1.242 -1 -1.252 -1 -1.336 -1 3
-1.294 -1 -1.154 -1 -1.416 -1 -1.498 -1 88
-1.457 -1 -1.208 -1 -1.306 -1 -1.376 -1 42
-1.341 -1 -1.184 -1 -1.23 -1 -1.308 -1 18
-1.269 -1 -1.114 -1 -1.244 -1 -1.314 -1 40
-1.279 -1 -1.126 -1 -1.384 -1 -1.464 -1 77
-1.424 -1 -1.17 -1 -1.334 -1 -1.428 -1 57
-1.381 -1 -1.188 -1 -1.434 -1 -1.566 -1 73
-1.5 -1 -1.274 -1 -1.53 -1 -1.616 -1 93
-1.573 -1 -1.358 -1 -1.426 -1 -1.54 -1 19
-1.483 -1 -1.26 -1 -1.414 -1 -1.482 -1 55
-1.448 -1 -1.228 -1 -1.494 -1 -1.644 -1 91
-1.569 -1 -1.32 -1 -1.416 -1 -1.506 -1 37
-1.461 -1 -1.264 -1 -1.284 -1 -1.35 -1 6
-1.317 -1 -1.168 -1 -1.19 -1 -1.276 -1 7
-1.233 -1 -1.106 -1 -1.354 -1 -1.45 -1 67
-1.402 -1 -1.178 -1 -1.222 -1 -1.266 -1 21
-1.244 -1 -1.094 -1 -1.266 -1 -1.328 -1 53
-1.297 -1 -1.13 -1 -1.214 -1 -1.286 -1 27
-1.25 -1 -1.1 -1 -1.26 -1 -1.352 -1 52
-1.306 -1 -1.164 -1 -1.312 -1 -1.374 -1 46
-1.343 -1 -1.16 -1 -1.258 -1 -1.318 -1 37
-1.288 -1 -1.14 -1 -1.408 -1 -1.506 -1 87
-1.457 -1 -1.248 -1 -1.328 -1 -1.412 -1 30
-1.37 -1 -1.176 -1 -1.192 -1 -1.258 -1 3
-1.225 -1 -1.106 -1 -1.222 -1 -1.304 -1 41
-1.263 -1 -1.132 -1 -1.358 -1 -1.384 -1 81
-1.371 -1 -1.184 -1 -1.418 -1 -1.534 -1 84
-1.476 -1 -1.296 -1 -1.422 -1 -1.51 -1 43
-1.466 -1 -1.248 -1 -1.32 -1 -1.396 -1 21
-1.358 -1 -1.17 -1 -1.422 -1 -1.516 -1 80
-1.469 -1 -1.23 -1 -1.418 -1 -1.574 -1 68
-1.496 -1 -1.294 -1 -1.38 -1 -1.466 -1 41
-1.423 -1 -1.212 -1 -1.402 -1 -1.536 -1 67
-1.469 -1 -1.27 -1 -1.28 -1 -1.356 -1 3
-1.318 -1 -1.17 -1 -1.296 -1 -1.356 -1 37
-1.326 -1 -1.146 -1 -1.238 -1 -1.286 -1 28
-1.262 -1 -1.118 -1 -1.34 -1 -1.372 -1 62
-1.356 -1 -1.19 -1 -1.202 -1 -1.256 -1 6
-1.229 -1 -1.098 -1 -1.106 -1 -1.158 -1 1
-1.132 -1 -1.072 -1 -1.366 -1 -1.496 -1 93
-1.431 -1 -1.21 -1 -1.468 -1 -1.562 -1 78
-1.515 -1 -1.24 -1 -1.442 -1 -1.526 -1 75
-1.484 -1 -1.304 -1 -1.326 -1 -1.406 -1 9
-1.366 -1 -1.162 -1 -1.296 -1 -1.404 -1 41
-1.35 -1 -1.186 -1 -1.272 -1 -1.326 -1 33
-1.299 -1 -1.16 -1 -1.194 -1 -1.246 -1 10
-1.22 -1 -1.128 -1 -1.206 -1 -1.256 -1 24
-1.231 -1 -1.106 -1 -1.352 -1 -1.444 -1 80
-1.398 -1 -1.204 -1 -1.336 -1 -1.394 -1 45
-1.365 -1 -1.172 -1 -1.314 -1 -1.368 -1 53
-1.341 -1 -1.202 -1 -1.458 -1 -1.558 -1 95
-1.508 -1 -1.246 -1 -1.272 -1 -1.33 -1 9
-1.301 -1 -1.174 -1 -1.326 -1 -1.382 -1 39
-1.354 -1 -1.204 -1 -1.25 -1 -1.308 -1 20
-1.279 -1 -1.13 -1 -1.22 -1 -1.256 -1 28
-1.238 -1 -1.112 -1 -1.294 -1 -1.344 -1 61
-1.319 -1 -1.15 -1 -1.416 -1 -1.538 -1 81
-1.477 -1 -1.24 -1 -1.44 -1 -1.53 -1 68
-1.485 -1 -1.274 -1 -1.374 -1 -1.472 -1 33
-1.423 -1 -1.19 -1 -1.402 -1 -1.492 -1 78
-1.447 -1 -1.226 -1 -1.456 -1 -1.54 -1 81
-1.498 -1 -1.28 -1 -1.37 -1 -1.444 -1 33
-1.407 -1 -1.192 -1 -1.214 -1 -1.246 -1 6
-1.23 -1 -1.106 -1 -1.182 -1 -1.218 -1 23
-1.2 -1 -1.08 -1 -1.172 -1 -1.218 -1 32
-1.195 -1 -1.096 -1 -1.21 -1 -1.238 -1 37
-1.224 -1 -1.088 -1 -1.108 -1 -1.136 -1 11
-1.122 -1 -1.086 -1 -1.238 -1 -1.26 -1 46
-1.249 -1 -1.118 -1 -1.316 -1 -1.394 -1 69
-1.355 -1 -1.222 -1 -1.26 -1 -1.326 -1 19
-1.293 -1 -1.146 -1 -1.214 -1 -1.262 -1 23
-1.238 -1 -1.098 -1 -1.12 -1 -1.188 -1 8
-1.154 -1 -1.066 -1 -1.278 -1 -1.346 -1 75
-1.312 -1 -1.19 -1 -1.364 -1 -1.462 -1 52
-1.413 -1 -1.204 -1 -1.24 -1 -1.312 -1 12
-1.276 -1 -1.14 -1 -1.412 -1 -1.528 -1 84
-1.47 -1 -1.232 -1 -1.388 -1 -1.47 -1 60
-1.429 -1 -1.23 -1 -1.388 -1 -1.44 -1 62
-1.414 -1 -1.222 -1 -1.304 -1 -1.346 -1 28
-1.325 -1 -1.16 -1 -1.176 -1 -1.26 -1 4
-1.218 -1 -1.094 -1 -1.318 -1 -1.412 -1 68
-1.365 -1 -1.182 -1 -1.226 -1 -1.28 -1 15
-1.253 -1 -1.11 -1 -1.316 -1 -1.394 -1 60
-1.355 -1 -1.186 -1 -1.2 -1 -1.278 -1 3
-1.239 -1 -1.082 -1 -1.376 -1 -1.49 -1 87
-1.433 -1 -1.222 -1 -1.3 -1 -1.36 -1 27
-1.33 -1 -1.162 -1 -1.31 -1 -1.358 -1 49
-1.334 -1 -1.16 -1 -1.298 -1 -1.364 -1 53
-1.331 -1 -1.164 -1 -1.386 -1 -1.51 -1 86
-1.448 -1 -1.262 -1 -1.536 -1 -1.616 -1 81
-1.576 -1 -1.324 -1 -1.588 -1 -1.712 -1 95
-1.65 -1 -1.334 -1 -1.522 -1 -1.606 -1 68
-1.564 -1 -1.328 -1 -1.358 -1 -1.412 -1 9
-1.385 -1 -1.202 -1 -1.214 -1 -1.276 -1 3
-1.245 -1 -1.108 -1 -1.296 -1 -1.426 -1 62
-1.361 -1 -1.166 -1 -1.174 -1 -1.196 -1 4
-1.185 -1 -1.112 -1 -1.338 -1 -1.42 -1 90
-1.379 -1 -1.166 -1 -1.37 -1 -1.462 -1 73
-1.416 -1 -1.204 -1 -1.324 -1 -1.378 -1 39
-1.351 -1 -1.16 -1 -1.3 -1 -1.368 -1 51
-1.334 -1 -1.178 -1 -1.25 -1 -1.33 -1 27
-1.29 -1 -1.114 -1 -1.196 -1 -1.274 -1 21
-1.235 -1 -1.096 -1 -1.102 -1 -1.162 -1 2
-1.132 -1 -1.07 -1 -1.072 -1 -1.088 -1 2
-1.08 -1 -1.038 -1 -1.23 -1 -1.304 -1 59
-1.267 -1 -1.134 -1 -1.376 -1 -1.472 -1 96
-1.424 -1 -1.242 -1 -1.38 -1 -1.46 -1 42
-1.42 -1 -1.226 -1 -1.428 -1 -1.506 -1 66
-1.467 -1 -1.27 -1 -1.27 -1 -1.37 -1 0
-1.32 -1 -1.152 -1 -1.358 -1 -1.432 -1 65
-1.395 -1 -1.2 -1 -1.5 -1 -1.566 -1 97
-1.533 -1 -1.298 -1 -1.41 -1 -1.506 -1 37
-1.458 -1 -1.214 -1 -1.46 -1 -1.544 -1 75
-1.502 -1 -1.284 -1 -1.456 -1 -1.54 -1 65
-1.498 -1 -1.306 -1 -1.436 -1 -1.52 -1 53
-1.478 -1 -1.286 -1 -1.558 -1 -1.658 -1 95
-1.608 -1 -1.276 -1 -1.486 -1 -1.578 -1 76
-1.532 -1 -1.302 -1 -1.532 -1 -1.666 -1 91
-1.599 -1 -1.32 -1 -1.328 -1 -1.388 -1 3
-1.358 -1 -1.17 -1 -1.43 -1 -1.536 -1 82
-1.483 -1 -1.254 -1 -1.368 -1 -1.466 -1 33
-1.417 -1 -1.222 -1 -1.306 -1 -1.368 -1 37
-1.337 -1 -1.178 -1 -1.276 -1 -1.394 -1 41
-1.335 -1 -1.168 -1 -1.292 -1 -1.4 -1 40
-1.346 -1 -1.164 -1 -1.402 -1 -1.5 -1 81
-1.451 -1 -1.248 -1 -1.43 -1 -1.508 -1 62
-1.469 -1 -1.198 -1 -1.274 -1 -1.368 -1 24
-1.321 -1 -1.16 -1 -1.164 -1 -1.224 -1 3
-1.194 -1 -1.086 -1 -1.228 -1 -1.3 -1 46
-1.264 -1 -1.11 -1 -1.158 -1 -1.204 -1 17
-1.181 -1 -1.084 -1 -1.202 -1 -1.298 -1 36
-1.25 -1 -1.12 -1 -1.182 -1 -1.224 -1 25
-1.203 -1 -1.086 -1 -1.166 -1 -1.208 -1 28
-1.187 -1 -1.098 -1 -1.264 -1 -1.342 -1 58
-1.303 -1 -1.138 -1 -1.42 -1 -1.518 -1 96
-1.469 -1 -1.248 -1 -1.494 -1 -1.602 -1 93
-1.548 -1 -1.314 -1 -1.484 -1 -1.564 -1 63
-1.524 -1 -1.286 -1 -1.45 -1 -1.52 -1 55
-1.485 -1 -1.25 -1 -1.342 -1 -1.47 -1 35
-1.406 -1 -1.216 -1 -1.302 -1 -1.386 -1 36
-1.344 -1 -1.186 -1 -1.2 -1 -1.252 -1 3
-1.226 -1 -1.1 -1 -1.318 -1 -1.39 -1 69
-1.354 -1 -1.168 -1 -1.182 -1 -1.25 -1 6
-1.216 -1 -1.106 -1 -1.248 -1 -1.292 -1 52
-1.27 -1 -1.136 -1 -1.266 -1 -1.294 -1 37
-1.28 -1 -1.126 -1 -1.14 -1 -1.188 -1 4
-1.164 -1 -1.096 -1 -1.096 -1 -1.15 -1 0
-1.123 -1 -1.06 -1 -1.194 -1 -1.254 -1 38
-1.224 -1 -1.088 -1 -1.164 -1 -1.22 -1 25
-1.192 -1 -1.09 -1 -1.372 -1 -1.452 -1 95
-1.412 -1 -1.198 -1 -1.306 -1 -1.378 -1 36
-1.342 -1 -1.19 -1 -1.208 -1 -1.256 -1 6
-1.232 -1 -1.124 -1 -1.244 -1 -1.3 -1 37
-1.272 -1 -1.128 -1 -1.386 -1 -1.472 -1 93
-1.429 -1 -1.266 -1 -1.454 -1 -1.564 -1 67
-1.509 -1 -1.314 -1 -1.422 -1 -1.53 -1 39
-1.476 -1 -1.266 -1 -1.338 -1 -1.414 -1 25
-1.376 -1 -1.194 -1 -1.432 -1 -1.544 -1 95
-1.488 -1 -1.252 -1 -1.462 -1 -1.558 -1 72
-1.51 -1 -1.262 -1 -1.498 -1 -1.586 -1 81
-1.542 -1 -1.288 -1 -1.386 -1 -1.48 -1 35
-1.433 -1 -1.236 -1 -1.328 -1 -1.402 -1 26
-1.365 -1 -1.188 -1 -1.45 -1 -1.536 -1 89
-1.493 -1 -1.276 -1 -1.49 -1 -1.59 -1 75
-1.54 -1 -1.3 -1 -1.55 -1 -1.662 -1 96
-1.606 -1 -1.33 -1 -1.636 -1 -1.758 -1 99
-1.697 -1 -1.428 -1 -1.58 -1 -1.706 -1 71
-1.643 -1 -1.406 -1 -1.406 -1 -1.49 -1 1
-1.448 -1 -1.256 -1 -1.564 -1 -1.69 -1 99
-1.627 -1 -1.33 -1 -1.524 -1 -1.638 -1 74
-1.581 -1 -1.3 -1 -1.42 -1 -1.54 -1 39
-1.48 -1 -1.274 -1 -1.442 -1 -1.566 -1 58
-1.504 -1 -1.274 -1 -1.432 -1 -1.588 -1 63
-1.51 -1 -1.294 -1 -1.508 -1 -1.644 -1 78
-1.576 -1 -1.254 -1 -1.438 -1 -1.516 -1 66
-1.477 -1 -1.242 -1 -1.28 -1 -1.374 -1 16
-1.327 -1 -1.182 -1 -1.346 -1 -1.444 -1 54
-1.395 -1 -1.196 -1 -1.386 -1 -1.498 -1 67
-1.442 -1 -1.28 -1 -1.402 -1 -1.502 -1 45
-1.452 -1 -1.228 -1 -1.322 -1 -1.362 -1 34
-1.342 -1 -1.16 -1 -1.344 -1 -1.442 -1 62
-1.393 -1 -1.2 -1 -1.232 -1 -1.29 -1 9
-1.261 -1 -1.116 -1 -1.16 -1 -1.226 -1 16
-1.193 -1 -1.106 -1 -1.124 -1 -1.184 -1 8
-1.154 -1 -1.07 -1 -1.13 -1 -1.19 -1 21
-1.16 -1 -1.08 -1 -1.244 -1 -1.332 -1 59
-1.288 -1 -1.154 -1 -1.354 -1 -1.438 -1 61
-1.396 -1 -1.212 -1 -1.376 -1 -1.444 -1 50
-1.41 -1 -1.208 -1 -1.288 -1 -1.356 -1 27
-1.322 -1 -1.14 -1 -1.358 -1 -1.45 -1 68
-1.404 -1 -1.196 -1 -1.512 -1 -1.612 -1 98
-1.562 -1 -1.29 -1 -1.414 -1 -1.482 -1 32
-1.448 -1 -1.218 -1 -1.49 -1 -1.636 -1 93
-1.563 -1 -1.316 -1 -1.556 -1 -1.652 -1 80
-1.604 -1 -1.338 -1 -1.526 -1 -1.64 -1 73
-1.583 -1 -1.31 -1 -1.418 -1 -1.486 -1 40
-1.452 -1 -1.206 -1 -1.464 -1 -1.564 -1 84
-1.514 -1 -1.304 -1 -1.362 -1 -1.438 -1 22
-1.4 -1 -1.228 -1 -1.242 -1 -1.298 -1 6
-1.27 -1 -1.114 -1 -1.176 -1 -1.246 -1 25
-1.211 -1 -1.108 -1 -1.314 -1 -1.396 -1 73
-1.355 -1 -1.178 -1 -1.204 -1 -1.258 -1 10
-1.231 -1 -1.094 -1 -1.172 -1 -1.234 -1 29
-1.203 -1 -1.12 -1 -1.142 -1 -1.176 -1 7
-1.159 -1 -1.062 -1 -1.274 -1 -1.332 -1 69
-1.303 -1 -1.144 -1 -1.38 -1 -1.442 -1 82
-1.411 -1 -1.184 -1 -1.308 -1 -1.38 -1 40
-1.344 -1 -1.172 -1 -1.404 -1 -1.486 -1 74
-1.445 -1 -1.266 -1 -1.378 -1 -1.464 -1 34
-1.421 -1 -1.194 -1 -1.322 -1 -1.406 -1 38
-1.364 -1 -1.168 -1 -1.2 -1 -1.27 -1 10
-1.235 -1 -1.102 -1 -1.392 -1 -1.48 -1 97
-1.436 -1 -1.224 -1 -1.33 -1 -1.396 -1 31
-1.363 -1 -1.204 -1 -1.316 -1 -1.374 -1 30
-1.345 -1 -1.156 -1 -1.176 -1 -1.218 -1 9
-1.197 -1 -1.106 -1 -1.198 -1 -1.236 -1 32
-1.217 -1 -1.102 -1 -1.206 -1 -1.298 -1 36
-1.252 -1 -1.144 -1 -1.274 -1 -1.36 -1 38
-1.317 -1 -1.146 -1 -1.296 -1 -1.374 -1 48
-1.335 -1 -1.174 -1 -1.25 -1 -1.31 -1 24
-1.28 -1 -1.146 -1 -1.384 -1 -1.49 -1 89
-1.437 -1 -1.216 -1 -1.302 -1 -1.414 -1 37
-1.358 -1 -1.182 -1 -1.432 -1 -1.522 -1 88
-1.477 -1 -1.248 -1 -1.396 -1 -1.494 -1 47
-1.445 -1 -1.218 -1 -1.29 -1 -1.38 -1 33
-1.335 -1 -1.168 -1 -1.3 -1 -1.396 -1 41
-1.348 -1 -1.192 -1 -1.346 -1 -1.464 -1 49
-1.405 -1 -1.226 -1 -1.236 -1 -1.3 -1 4
-1.268 -1 -1.13 -1 -1.24 -1 -1.296 -1 43
-1.268 -1 -1.122 -1 -1.366 -1 -1.428 -1 71
-1.397 -1 -1.21 -1 -1.294 -1 -1.386 -1 28
-1.34 -1 -1.178 -1 -1.478 -1 -1.55 -1 92
-1.514 -1 -1.244 -1 -1.448 -1 -1.562 -1 77
-1.505 -1 -1.276 -1 -1.362 -1 -1.458 -1 36
-1.41 -1 -1.192 -1 -1.37 -1 -1.466 -1 51
-1.418 -1 -1.208 -1 -1.448 -1 -1.566 -1 93
-1.507 -1 -1.29 -1 -1.552 -1 -1.634 -1 87
-1.593 -1 -1.352 -1 -1.548 -1 -1.658 -1 75
-1.603 -1 -1.326 -1 -1.386 -1 -1.454 -1 18
-1.42 -1 -1.214 -1 -1.26 -1 -1.35 -1 18
-1.305 -1 -1.14 -1 -1.38 -1 -1.508 -1 88
-1.444 -1 -1.222 -1 -1.376 -1 -1.466 -1 48
-1.421 -1 -1.212 -1 -1.474 -1 -1.626 -1 86
-1.55 -1 -1.306 -1 -1.486 -1 -1.568 -1 59
-1.527 -1 -1.318 -1 -1.366 -1 -1.472 -1 20
-1.419 -1 -1.244 -1 -1.344 -1 -1.44 -1 26
-1.392 -1 -1.216 -1 -1.328 -1 -1.424 -1 41
-1.376 -1 -1.172 -1 -1.47 -1 -1.558 -1 99
-1.514 -1 -1.276 -1 -1.332 -1 -1.412 -1 23
-1.372 -1 -1.164 -1 -1.426 -1 -1.562 -1 94
-1.494 -1 -1.288 -1 -1.422 -1 -1.522 -1 41
-1.472 -1 -1.284 -1 -1.444 -1 -1.548 -1 54
-1.496 -1 -1.236 -1 -1.384 -1 -1.472 -1 48
-1.428 -1 -1.2 -1 -1.212 -1 -1.272 -1 4
-1.242 -1 -1.118 -1 -1.286 -1 -1.376 -1 59
-1.331 -1 -1.17 -1 -1.27 -1 -1.35 -1 38
-1.31 -1 -1.13 -1 -1.22 -1 -1.296 -1 29
-1.258 -1 -1.096 -1 -1.154 -1 -1.22 -1 18
-1.187 -1 -1.078 -1 -1.328 -1 -1.418 -1 82
-1.373 -1 -1.152 -1 -1.218 -1 -1.278 -1 26
-1.248 -1 -1.134 -1 -1.23 -1 -1.29 -1 31
-1.26 -1 -1.136 -1 -1.146 -1 -1.19 -1 4
-1.168 -1 -1.076 -1 -1.356 -1 -1.462 -1 90
-1.409 -1 -1.204 -1 -1.462 -1 -1.562 -1 77
-1.512 -1 -1.258 -1 -1.462 -1 -1.606 -1 75
-1.534 -1 -1.294 -1 -1.35 -1 -1.432 -1 26
-1.391 -1 -1.178 -1 -1.188 -1 -1.258 -1 3
-1.223 -1 -1.102 -1 -1.27 -1 -1.354 -1 68
-1.312 -1 -1.136 -1 -1.314 -1 -1.442 -1 67
-1.378 -1 -1.174 -1 -1.35 -1 -1.474 -1 55
-1.412 -1 -1.208 -1 -1.408 -1 -1.548 -1 77
-1.478 -1 -1.246 -1 -1.28 -1 -1.334 -1 7
-1.307 -1 -1.132 -1 -1.228 -1 -1.288 -1 28
-1.258 -1 -1.134 -1 -1.412 -1 -1.5 -1 80
-1.456 -1 -1.23 -1 -1.26 -1 -1.336 -1 10
-1.298 -1 -1.132 -1 -1.278 -1 -1.398 -1 48
-1.338 -1 -1.174 -1 -1.376 -1 -1.488 -1 72
-1.432 -1 -1.258 -1 -1.44 -1 -1.57 -1 76
-1.505 -1 -1.288 -1 -1.544 -1 -1.66 -1 83
-1.602 -1 -1.344 -1 -1.418 -1 -1.562 -1 24
-1.49 -1 -1.302 -1 -1.32 -1 -1.418 -1 6
-1.369 -1 -1.174 -1 -1.39 -1 -1.52 -1 73
-1.455 -1 -1.258 -1 -1.412 -1 -1.546 -1 57
-1.479 -1 -1.254 -1 -1.408 -1 -1.55 -1 52
-1.479 -1 -1.276 -1 -1.288 -1 -1.35 -1 5
-1.319 -1 -1.164 -1 -1.448 -1 -1.51 -1 98
-1.479 -1 -1.234 -1 -1.482 -1 -1.588 -1 82
-1.535 -1 -1.296 -1 -1.318 -1 -1.408 -1 7
-1.363 -1 -1.178 -1 -1.19 -1 -1.238 -1 3
-1.214 -1 -1.102 -1 -1.33 -1 -1.424 -1 78
-1.377 -1 -1.184 -1 -1.236 -1 -1.344 -1 15
-1.29 -1 -1.144 -1 -1.194 -1 -1.254 -1 14
-1.224 -1 -1.116 -1 -1.138 -1 -1.22 -1 5
-1.179 -1 -1.068 -1 -1.3 -1 -1.346 -1 65
-1.323 -1 -1.162 -1 -1.384 -1 -1.46 -1 71
-1.422 -1 -1.166 -1 -1.338 -1 -1.48 -1 61
-1.409 -1 -1.184 -1 -1.184 -1 -1.226 -1 0
-1.205 -1 -1.108 -1 -1.206 -1 -1.278 -1 31
-1.242 -1 -1.116 -1 -1.292 -1 -1.348 -1 48
-1.32 -1 -1.132 -1 -1.352 -1 -1.47 -1 82
-1.411 -1 -1.214 -1 -1.434 -1 -1.556 -1 82
-1.495 -1 -1.252 -1 -1.272 -1 -1.366 -1 9
-1.319 -1 -1.162 -1 -1.21 -1 -1.254 -1 14
-1.232 -1 -1.11 -1 -1.318 -1 -1.4 -1 74
-1.359 -1 -1.146 -1 -1.274 -1 -1.34 -1 45
-1.307 -1 -1.15 -1 -1.24 -1 -1.332 -1 35
-1.286 -1 -1.146 -1 -1.234 -1 -1.32 -1 27
-1.277 -1 -1.156 -1 -1.388 -1 -1.486 -1 77
-1.437 -1 -1.256 -1 -1.3 -1 -1.37 -1 18
-1.335 -1 -1.204 -1 -1.324 -1 -1.408 -1 38
-1.366 -1 -1.17 -1 -1.268 -1 -1.332 -1 27
-1.3 -1 -1.14 -1 -1.146 -1 -1.18 -1 2
-1.163 -1 -1.066 -1 -1.066 -1 -1.084 -1 0
-1.075 -1 -1.022 -1 -1.216 -1 -1.284 -1 56
-1.25 -1 -1.124 -1 -1.394 -1 -1.484 -1 87
-1.439 -1 -1.256 -1 -1.468 -1 -1.538 -1 79
-1.503 -1 -1.252 -1 -1.394 -1 -1.506 -1 39
-1.45 -1 -1.242 -1 -1.416 -1 -1.47 -1 59
-1.443 -1 -1.234 -1 -1.274 -1 -1.342 -1 16
-1.308 -1 -1.148 -1 -1.198 -1 -1.268 -1 17
-1.233 -1 -1.098 -1 -1.296 -1 -1.396 -1 63
-1.346 -1 -1.178 -1 -1.216 -1 -1.278 -1 12
-1.247 -1 -1.122 -1 -1.18 -1 -1.234 -1 20
-1.207 -1 -1.104 -1 -1.352 -1 -1.402 -1 81
-1.377 -1 -1.196 -1 -1.486 -1 -1.576 -1 95
-1.531 -1 -1.252 -1 -1.48 -1 -1.612 -1 79
-1.546 -1 -1.334 -1 -1.488 -1 -1.56 -1 45
-1.524 -1 -1.286 -1 -1.316 -1 -1.39 -1 11
-1.353 -1 -1.178 -1 -1.22 -1 -1.292 -1 13
-1.256 -1 -1.126 -1 -1.248 -1 -1.34 -1 33
-1.294 -1 -1.142 -1 -1.19 -1 -1.248 -1 15
-1.219 -1 -1.088 -1 -1.28 -1 -1.346 -1 60
-1.313 -1 -1.158 -1 -1.364 -1 -1.476 -1 75
-1.42 -1 -1.234 -1 -1.254 -1 -1.312 -1 7
-1.283 -1 -1.128 -1 -1.182 -1 -1.27 -1 19
-1.226 -1 -1.096 -1 -1.096 -1 -1.132 -1 0
-1.114 -1 -1.052 -1 -1.06 -1 -1.084 -1 3
-1.072 -1 -1.038 -1 -1.296 -1 -1.368 -1 82
-1.332 -1 -1.162 -1 -1.344 -1 -1.446 -1 70
-1.395 -1 -1.168 -1 -1.252 -1 -1.344 -1 30
-1.298 -1 -1.168 -1 -1.428 -1 -1.504 -1 85
-1.466 -1 -1.21 -1 -1.374 -1 -1.456 -1 59
-1.415 -1 -1.194 -1 -1.332 -1 -1.386 -1 46
-1.359 -1 -1.164 -1 -1.3 -1 -1.356 -1 50
-1.328 -1 -1.184 -1 -1.486 -1 -1.592 -1 94
-1.539 -1 -1.296 -1 -1.306 -1 -1.382 -1 2
-1.344 -1 -1.194 -1 -1.412 -1 -1.508 -1 72
-1.46 -1 -1.222 -1 -1.418 -1 -1.55 -1 68
-1.484 -1 -1.302 -1 -1.38 -1 -1.474 -1 26
-1.427 -1 -1.204 -1 -1.434 -1 -1.514 -1 94
-1.474 -1 -1.23 -1 -1.32 -1 -1.376 -1 37
-1.348 -1 -1.174 -1 -1.352 -1 -1.446 -1 60
-1.399 -1 -1.206 -1 -1.312 -1 -1.41 -1 40
-1.361 -1 -1.194 -1 -1.436 -1 -1.546 -1 84
-1.491 -1 -1.274 -1 -1.43 -1 -1.556 -1 57
-1.493 -1 -1.29 -1 -1.586 -1 -1.676 -1 98
-1.631 -1 -1.346 -1 -1.4 -1 -1.498 -1 17
-1.449 -1 -1.214 -1 -1.302 -1 -1.364 -1 30
-1.333 -1 -1.158 -1 -1.418 -1 -1.502 -1 88
-1.46 -1 -1.264 -1 -1.5 -1 -1.606 -1 76
-1.553 -1 -1.296 -1 -1.482 -1 -1.576 -1 65
-1.529 -1 -1.284 -1 -1.432 -1 -1.468 -1 48
-1.45 -1 -1.238 -1 -1.512 -1 -1.608 -1 89
-1.56 -1 -1.268 -1 -1.536 -1 -1.67 -1 96
-1.603 -1 -1.294 -1 -1.47 -1 -1.58 -1 69
-1.525 -1 -1.286 -1 -1.532 -1 -1.672 -1 74
-1.602 -1 -1.332 -1 -1.544 -1 -1.62 -1 85
-1.582 -1 -1.29 -1 -1.434 -1 -1.522 -1 50
-1.478 -1 -1.26 -1 -1.506 -1 -1.618 -1 83
-1.562 -1 -1.322 -1 -1.594 -1 -1.672 -1 90
-1.633 -1 -1.356 -1 -1.524 -1 -1.64 -1 60
-1.582 -1 -1.302 -1 -1.524 -1 -1.616 -1 73
-1.57 -1 -1.34 -1 -1.414 -1 -1.538 -1 20
-1.476 -1 -1.264 -1 -1.376 -1 -1.454 -1 42
-1.415 -1 -1.222 -1 -1.406 -1 -1.524 -1 61
-1.465 -1 -1.238 -1 -1.314 -1 -1.422 -1 24
-1.368 -1 -1.176 -1 -1.302 -1 -1.446 -1 53
-1.374 -1 -1.192 -1 -1.496 -1 -1.624 -1 91
-1.56 -1 -1.302 -1 -1.42 -1 -1.518 -1 30
-1.469 -1 -1.248 -1 -1.33 -1 -1.44 -1 27
-1.385 -1 -1.218 -1 -1.466 -1 -1.586 -1 88
-1.526 -1 -1.274 -1 -1.352 -1 -1.43 -1 32
-1.391 -1 -1.222 -1 -1.41 -1 -1.494 -1 57
-1.452 -1 -1.238 -1 -1.268 -1 -1.346 -1 16
-1.307 -1 -1.14 -1 -1.346 -1 -1.474 -1 67
-1.41 -1 -1.228 -1 -1.336 -1 -1.42 -1 30
-1.378 -1 -1.19 -1 -1.408 -1 -1.51 -1 70
-1.459 -1 -1.222 -1 -1.464 -1 -1.564 -1 75
-1.514 -1 -1.284 -1 -1.326 -1 -1.406 -1 18
-1.366 -1 -1.178 -1 -1.226 -1 -1.272 -1 13
-1.249 -1 -1.106 -1 -1.294 -1 -1.37 -1 54
-1.332 -1 -1.174 -1 -1.272 -1 -1.336 -1 31
-1.304 -1 -1.144 -1 -1.204 -1 -1.29 -1 17
-1.247 -1 -1.116 -1 -1.346 -1 -1.446 -1 76
-1.396 -1 -1.196 -1 -1.416 -1 -1.526 -1 66
-1.471 -1 -1.262 -1 -1.412 -1 -1.496 -1 48
-1.454 -1 -1.224 -1 -1.314 -1 -1.388 -1 27
-1.351 -1 -1.168 -1 -1.348 -1 -1.446 -1 57
-1.397 -1 -1.21 -1 -1.228 -1 -1.272 -1 7
-1.25 -1 -1.126 -1 -1.318 -1 -1.394 -1 68
-1.356 -1 -1.17 -1 -1.238 -1 -1.284 -1 20
-1.261 -1 -1.118 -1 -1.358 -1 -1.444 -1 81
-1.401 -1 -1.162 -1 -1.476 -1 -1.578 -1 92
-1.527 -1 -1.258 -1 -1.398 -1 -1.524 -1 47
-1.461 -1 -1.248 -1 -1.346 -1 -1.452 -1 35
-1.399 -1 -1.194 -1 -1.254 -1 -1.328 -1 22
-1.291 -1 -1.142 -1 -1.336 -1 -1.44 -1 60
-1.388 -1 -1.206 -1 -1.282 -1 -1.352 -1 22
-1.317 -1 -1.126 -1 -1.388 -1 -1.48 -1 86
-1.434 -1 -1.206 -1 -1.288 -1 -1.366 -1 27
-1.327 -1 -1.154 -1 -1.296 -1 -1.372 -1 46
-1.334 -1 -1.18 -1 -1.312 -1 -1.396 -1 39
-1.354 -1 -1.19 -1 -1.274 -1 -1.382 -1 35
-1.328 -1 -1.196 -1 -1.472 -1 -1.594 -1 87
-1.533 -1 -1.262 -1 -1.346 -1 -1.45 -1 24
-1.398 -1 -1.22 -1 -1.34 -1 -1.41 -1 41
-1.375 -1 -1.2 -1 -1.222 -1 -1.294 -1 7
-1.258 -1 -1.128 -1 -1.278 -1 -1.39 -1 47
-1.334 -1 -1.162 -1 -1.174 -1 -1.24 -1 6
-1.207 -1 -1.086 -1 -1.136 -1 -1.164 -1 18
-1.15 -1 -1.05 -1 -1.308 -1 -1.402 -1 71
-1.355 -1 -1.2 -1 -1.2 -1 -1.264 -1 0
-1.232 -1 -1.112 -1 -1.146 -1 -1.184 -1 8
-1.165 -1 -1.054 -1 -1.216 -1 -1.294 -1 44
-1.255 -1 -1.11 -1 -1.336 -1 -1.464 -1 81
-1.4 -1 -1.218 -1 -1.43 -1 -1.522 -1 73
-1.476 -1 -1.218 -1 -1.394 -1 -1.528 -1 72
-1.461 -1 -1.248 -1 -1.396 -1 -1.524 -1 54
-1.46 -1 -1.216 -1 -1.24 -1 -1.318 -1 8
-1.279 -1 -1.164 -1 -1.182 -1 -1.226 -1 10
-1.204 -1 -1.09 -1 -1.114 -1 -1.166 -1 10
-1.14 -1 -1.076 -1 -1.376 -1 -1.456 -1 99
-1.416 -1 -1.224 -1 -1.512 -1 -1.64 -1 91
-1.576 -1 -1.27 -1 -1.404 -1 -1.502 -1 48
-1.453 -1 -1.24 -1 -1.31 -1 -1.36 -1 22
-1.335 -1 -1.156 -1 -1.396 -1 -1.49 -1 71
-1.443 -1 -1.264 -1 -1.312 -1 -1.39 -1 9
-1.351 -1 -1.164 -1 -1.202 -1 -1.246 -1 12
-1.224 -1 -1.12 -1 -1.134 -1 -1.148 -1 5
-1.141 -1 -1.054 -1 -1.138 -1 -1.18 -1 24
-1.159 -1 -1.074 -1 -1.156 -1 -1.194 -1 28
-1.175 -1 -1.09 -1 -1.226 -1 -1.282 -1 44
-1.254 -1 -1.096 -1 -1.332 -1 -1.426 -1 67
-1.379 -1 -1.164 -1 -1.382 -1 -1.446 -1 62
-1.414 -1 -1.224 -1 -1.342 -1 -1.41 -1 42
-1.376 -1 -1.172 -1 -1.468 -1 -1.578 -1 96
-1.523 -1 -1.292 -1 -1.426 -1 -1.518 -1 38
-1.472 -1 -1.26 -1 -1.302 -1 -1.374 -1 11
-1.338 -1 -1.144 -1 -1.172 -1 -1.2 -1 8
-1.186 -1 -1.104 -1 -1.362 -1 -1.466 -1 80
-1.414 -1 -1.198 -1 -1.354 -1 -1.432 -1 61
-1.393 -1 -1.198 -1 -1.436 -1 -1.508 -1 82
-1.472 -1 -1.288 -1 -1.412 -1 -1.532 -1 47
-1.472 -1 -1.244 -1 -1.51 -1 -1.618 -1 99
-1.564 -1 -1.324 -1 -1.428 -1 -1.496 -1 45
-1.462 -1 -1.268 -1 -1.494 -1 -1.606 -1 86
-1.55 -1 -1.282 -1 -1.36 -1 -1.442 -1 32
-1.401 -1 -1.214 -1 -1.276 -1 -1.384 -1 23
-1.33 -1 -1.196 -1 -1.46 -1 -1.586 -1 95
-1.523 -1 -1.29 -1 -1.416 -1 -1.558 -1 52
-1.487 -1 -1.266 -1 -1.448 -1 -1.58 -1 68
-1.514 -1 -1.264 -1 -1.496 -1 -1.598 -1 89
-1.547 -1 -1.302 -1 -1.302 -1 -1.354 -1 0
-1.328 -1 -1.19 -1 -1.408 -1 -1.51 -1 75
-1.459 -1 -1.18 -1 -1.428 -1 -1.562 -1 89
-1.495 -1 -1.284 -1 -1.324 -1 -1.4 -1 12
-1.362 -1 -1.178 -1 -1.202 -1 -1.26 -1 8
-1.231 -1 -1.116 -1 -1.266 -1 -1.302 -1 45
-1.284 -1 -1.142 -1 -1.192 -1 -1.258 -1 19
-1.225 -1 -1.108 -1 -1.25 -1 -1.334 -1 46
-1.292 -1 -1.156 -1 -1.196 -1 -1.25 -1 16
-1.223 -1 -1.092 -1 -1.186 -1 -1.256 -1 35
-1.221 -1 -1.096 -1 -1.132 -1 -1.172 -1 11
-1.152 -1 -1.054 -1 -1.064 -1 -1.09 -1 4
-1.077 -1 -1.026 -1 -1.25 -1 -1.354 -1 66
-1.302 -1 -1.152 -1 -1.396 -1 -1.504 -1 83
-1.45 -1 -1.22 -1 -1.352 -1 -1.426 -1 39
-1.389 -1 -1.2 -1 -1.42 -1 -1.508 -1 73
-1.464 -1 -1.24 -1 -1.53 -1 -1.674 -1 96
-1.602 -1 -1.318 -1 -1.446 -1 -1.516 -1 42
-1.481 -1 -1.254 -1 -1.384 -1 -1.49 -1 43
-1.437 -1 -1.232 -1 -1.308 -1 -1.352 -1 33
-1.33 -1 -1.17 -1 -1.264 -1 -1.328 -1 27
-1.296 -1 -1.148 -1 -1.186 -1 -1.228 -1 11
-1.207 -1 -1.1 -1 -1.342 -1 -1.488 -1 91
-1.415 -1 -1.242 -1 -1.354 -1 -1.452 -1 42
-1.403 -1 -1.18 -1 -1.26 -1 -1.364 -1 26
-1.312 -1 -1.16 -1 -1.332 -1 -1.398 -1 64
-1.365 -1 -1.184 -1 -1.274 -1 -1.318 -1 28
-1.296 -1 -1.156 -1 -1.246 -1 -1.306 -1 30
-1.276 -1 -1.138 -1 -1.374 -1 -1.472 -1 72
-1.423 -1 -1.22 -1 -1.468 -1 -1.59 -1 92
-1.529 -1 -1.258 -1 -1.278 -1 -1.298 -1 7
-1.288 -1 -1.13 -1 -1.22 -1 -1.286 -1 30
-1.253 -1 -1.114 -1 -1.348 -1 -1.476 -1 82
-1.412 -1 -1.238 -1 -1.396 -1 -1.508 -1 60
-1.452 -1 -1.246 -1 -1.34 -1 -1.428 -1 38
-1.384 -1 -1.196 -1 -1.43 -1 -1.546 -1 83
-1.488 -1 -1.294 -1 -1.516 -1 -1.618 -1 85
-1.567 -1 -1.298 -1 -1.458 -1 -1.572 -1 55
-1.515 -1 -1.296 -1 -1.376 -1 -1.472 -1 24
-1.424 -1 -1.198 -1 -1.292 -1 -1.35 -1 35
-1.321 -1 -1.154 -1 -1.358 -1 -1.456 -1 79
-1.407 -1 -1.212 -1 -1.288 -1 -1.346 -1 22
-1.317 -1 -1.188 -1 -1.34 -1 -1.446 -1 52
-1.393 -1 -1.196 -1 -1.352 -1 -1.434 -1 51
-1.393 -1 -1.21 -1 -1.324 -1 -1.424 -1 41
-1.374 -1 -1.196 -1 -1.22 -1 -1.278 -1 9
-1.249 -1 -1.118 -1 -1.43 -1 -1.496 -1 95
-1.463 -1 -1.216 -1 -1.468 -1 -1.614 -1 82
-1.541 -1 -1.3 -1 -1.366 -1 -1.436 -1 22
-1.401 -1 -1.18 -1 -1.218 -1 -1.306 -1 13
-1.262 -1 -1.1 -1 -1.216 -1 -1.31 -1 47
-1.263 -1 -1.118 -1 -1.244 -1 -1.336 -1 44
-1.29 -1 -1.14 -1 -1.202 -1 -1.26 -1 14
-1.231 -1 -1.13 -1 -1.312 -1 -1.376 -1 64
-1.344 -1 -1.14 -1 -1.368 -1 -1.48 -1 88
-1.424 -1 -1.202 -1 -1.232 -1 -1.322 -1 9
-1.277 -1 -1.128 -1 -1.144 -1 -1.242 -1 5
-1.193 -1 -1.112 -1 -1.206 -1 -1.292 -1 36
-1.249 -1 -1.116 -1 -1.428 -1 -1.556 -1 90
-1.492 -1 -1.266 -1 -1.34 -1 -1.394 -1 26
-1.367 -1 -1.184 -1 -1.52 -1 -1.602 -1 90
-1.561 -1 -1.238 -1 -1.458 -1 -1.558 -1 74
-1.508 -1 -1.226 -1 -1.316 -1 -1.406 -1 33
-1.361 -1 -1.172 -1 -1.174 -1 -1.268 -1 3
-1.221 -1 -1.122 -1 -1.384 -1 -1.488 -1 75
-1.436 -1 -1.254 -1 -1.312 -1 -1.35 -1 20
-1.331 -1 -1.164 -1 -1.274 -1 -1.366 -1 45
-1.32 -1 -1.174 -1 -1.286 -1 -1.392 -1 38
-1.339 -1 -1.178 -1 -1.464 -1 -1.59 -1 97
-1.527 -1 -1.278 -1 -1.496 -1 -1.628 -1 73
-1.562 -1 -1.288 -1 -1.576 -1 -1.698 -1 89
-1.637 -1 -1.354 -1 -1.548 -1 -1.654 -1 77
-1.601 -1 -1.334 -1 -1.358 -1 -1.446 -1 9
-1.402 -1 -1.208 -1 -1.248 -1 -1.328 -1 15
-1.288 -1 -1.15 -1 -1.192 -1 -1.27 -1 15
-1.231 -1 -1.144 -1 -1.284 -1 -1.342 -1 46
-1.313 -1 -1.148 -1 -1.188 -1 -1.288 -1 17
-1.238 -1 -1.108 -1 -1.336 -1 -1.44 -1 73
-1.388 -1 -1.168 -1 -1.354 -1 -1.45 -1 62
-1.402 -1 -1.208 -1 -1.236 -1 -1.274 -1 14
-1.255 -1 -1.112 -1 -1.406 -1 -1.518 -1 92
-1.462 -1 -1.22 -1 -1.346 -1 -1.43 -1 38
-1.388 -1 -1.204 -1 -1.43 -1 -1.504 -1 77
-1.467 -1 -1.244 -1 -1.394 -1 -1.486 -1 48
-1.44 -1 -1.234 -1 -1.268 -1 -1.338 -1 11
-1.303 -1 -1.186 -1 -1.34 -1 -1.414 -1 58
-1.377 -1 -1.19 -1 -1.242 -1 -1.332 -1 19
-1.287 -1 -1.144 -1 -1.252 -1 -1.328 -1 33
-1.29 -1 -1.132 -1 -1.154 -1 -1.262 -1 10
-1.208 -1 -1.106 -1 -1.27 -1 -1.348 -1 55
-1.309 -1 -1.154 -1 -1.262 -1 -1.328 -1 43
-1.295 -1 -1.16 -1 -1.332 -1 -1.406 -1 56
-1.369 -1 -1.168 -1 -1.2 -1 -1.274 -1 12
-1.237 -1 -1.102 -1 -1.21 -1 -1.242 -1 33
-1.226 -1 -1.114 -1 -1.284 -1 -1.35 -1 56
-1.317 -1 -1.156 -1 -1.324 -1 -1.422 -1 68
-1.373 -1 -1.19 -1 -1.224 -1 -1.278 -1 12
-1.251 -1 -1.128 -1 -1.386 -1 -1.432 -1 75
-1.409 -1 -1.19 -1 -1.536 -1 -1.606 -1 97
-1.571 -1 -1.358 -1 -1.582 -1 -1.7 -1 72
-1.641 -1 -1.352 -1 -1.622 -1 -1.77 -1 92
-1.696 -1 -1.348 -1 -1.594 -1 -1.658 -1 91
-1.626 -1 -1.278 -1 -1.318 -1 -1.396 -1 10
-1.357 -1 -1.17 -1 -1.23 -1 -1.296 -1 19
-1.263 -1 -1.138 -1 -1.224 -1 -1.304 -1 35
-1.264 -1 -1.144 -1 -1.222 -1 -1.292 -1 26
-1.257 -1 -1.106 -1 -1.132 -1 -1.16 -1 13
-1.146 -1 -1.062 -1 -1.158 -1 -1.228 -1 31
-1.193 -1 -1.08 -1 -1.08 -1 -1.128 -1 0
-1.104 -1 -1.046 -1 -1.084 -1 -1.132 -1 14
-1.108 -1 -1.034 -1 -1.142 -1 -1.192 -1 34
-1.167 -1 -1.07 -1 -1.29 -1 -1.356 -1 73
-1.323 -1 -1.132 -1 -1.226 -1 -1.266 -1 24
-1.246 -1 -1.114 -1 -1.298 -1 -1.346 -1 59
-1.322 -1 -1.146 -1 -1.18 -1 -1.248 -1 8
-1.214 -1 -1.124 -1 -1.334 -1 -1.408 -1 67
-1.371 -1 -1.178 -1 -1.272 -1 -1.354 -1 36
-1.313 -1 -1.13 -1 -1.38 -1 -1.456 -1 94
-1.418 -1 -1.196 -1 -1.352 -1 -1.424 -1 49
-1.388 -1 -1.182 -1 -1.264 -1 -1.334 -1 26
-1.299 -1 -1.164 -1 -1.436 -1 -1.5 -1 77
-1.468 -1 -1.28 -1 -1.302 -1 -1.366 -1 7
-1.334 -1 -1.158 -1 -1.434 -1 -1.524 -1 89
-1.479 -1 -1.248 -1 -1.486 -1 -1.616 -1 90
-1.551 -1 -1.312 -1 -1.338 -1 -1.43 -1 9
-1.384 -1 -1.236 -1 -1.386 -1 -1.486 -1 48
-1.436 -1 -1.218 -1 -1.268 -1 -1.338 -1 20
-1.303 -1 -1.138 -1 -1.27 -1 -1.342 -1 49
-1.306 -1 -1.14 -1 -1.154 -1 -1.2 -1 4
-1.177 -1 -1.114 -1 -1.334 -1 -1.396 -1 81
-1.365 -1 -1.16 -1 -1.382 -1 -1.47 -1 75
-1.426 -1 -1.214 -1 -1.472 -1 -1.574 -1 91
-1.523 -1 -1.238 -1 -1.328 -1 -1.396 -1 30
-1.362 -1 -1.192 -1 -1.458 -1 -1.54 -1 90
-1.499 -1 -1.276 -1 -1.35 -1 -1.434 -1 21
-1.392 -1 -1.184 -1 -1.374 -1 -1.49 -1 78
-1.432 -1 -1.24 -1 -1.468 -1 -1.59 -1 80
-1.529 -1 -1.28 -1 -1.472 -1 -1.566 -1 71
-1.519 -1 -1.26 -1 -1.264 -1 -1.364 -1 1
-1.314 -1 -1.148 -1 -1.408 -1 -1.546 -1 88
-1.477 -1 -1.224 -1 -1.398 -1 -1.522 -1 63
-1.46 -1 -1.278 -1 -1.47 -1 -1.574 -1 69
-1.522 -1 -1.26 -1 -1.302 -1 -1.386 -1 15
-1.344 -1 -1.172 -1 -1.182 -1 -1.236 -1 3
-1.209 -1 -1.078 -1 -1.314 -1 -1.396 -1 77
-1.355 -1 -1.18 -1 -1.324 -1 -1.408 -1 46
-1.366 -1 -1.202 -1 -1.212 -1 -1.304 -1 2
-1.258 -1 -1.124 -1 -1.286 -1 -1.36 -1 51
-1.323 -1 -1.132 -1 -1.384 -1 -1.468 -1 76
-1.426 -1 -1.224 -1 -1.436 -1 -1.53 -1 81
-1.483 -1 -1.274 -1 -1.472 -1 -1.632 -1 84
-1.552 -1 -1.278 -1 -1.418 -1 -1.5 -1 45
-1.459 -1 -1.258 -1 -1.36 -1 -1.432 -1 41
-1.396 -1 -1.194 -1 -1.338 -1 -1.438 -1 48
-1.388 -1 -1.204 -1 -1.228 -1 -1.292 -1 7
-1.26 -1 -1.12 -1 -1.314 -1 -1.404 -1 66
-1.359 -1 -1.168 -1 -1.244 -1 -1.324 -1 26
-1.284 -1 -1.124 -1 -1.182 -1 -1.256 -1 19
-1.219 -1 -1.122 -1 -1.438 -1 -1.576 -1 96
-1.507 -1 -1.294 -1 -1.326 -1 -1.394 -1 12
-1.36 -1 -1.196 -1 -1.474 -1 -1.6 -1 98
-1.537 -1 -1.266 -1 -1.502 -1 -1.64 -1 92
-1.571 -1 -1.318 -1 -1.48 -1 -1.582 -1 60
-1.531 -1 -1.276 -1 -1.36 -1 -1.44 -1 36
-1.4 -1 -1.18 -1 -1.36 -1 -1.468 -1 57
-1.414 -1 -1.21 -1 -1.478 -1 -1.594 -1 97
-1.536 -1 -1.318 -1 -1.448 -1 -1.546 -1 45
-1.497 -1 -1.268 -1 -1.284 -1 -1.362 -1 6
-1.323 -1 -1.158 -1 -1.308 -1 -1.39 -1 52
-1.349 -1 -1.184 -1 -1.234 -1 -1.274 -1 14
-1.254 -1 -1.146 -1 -1.234 -1 -1.29 -1 28
-1.262 -1 -1.11 -1 -1.372 -1 -1.442 -1 95
-1.407 -1 -1.242 -1 -1.496 -1 -1.586 -1 89
-1.541 -1 -1.298 -1 -1.372 -1 -1.48 -1 31
-1.426 -1 -1.204 -1 -1.236 -1 -1.318 -1 14
-1.277 -1 -1.132 -1 -1.328 -1 -1.46 -1 66
-1.394 -1 -1.214 -1 -1.422 -1 -1.512 -1 56
-1.467 -1 -1.23 -1 -1.432 -1 -1.532 -1 60
-1.482 -1 -1.294 -1 -1.564 -1 -1.65 -1 92
-1.607 -1 -1.38 -1 -1.572 -1 -1.67 -1 63
-1.621 -1 -1.346 -1 -1.456 -1 -1.592 -1 37
-1.524 -1 -1.278 -1 -1.346 -1 -1.4 -1 18
-1.373 -1 -1.17 -1 -1.462 -1 -1.546 -1 94
-1.504 -1 -1.254 -1 -1.368 -1 -1.43 -1 44
-1.399 -1 -1.23 -1 -1.424 -1 -1.56 -1 62
-1.492 -1 -1.29 -1 -1.546 -1 -1.654 -1 94
-1.6 -1 -1.282 -1 -1.288 -1 -1.402 -1 3
-1.345 -1 -1.178 -1 -1.254 -1 -1.322 -1 23
-1.288 -1 -1.132 -1 -1.294 -1 -1.362 -1 59
-1.328 -1 -1.122 -1 -1.356 -1 -1.44 -1 76
-1.398 -1 -1.216 -1 -1.308 -1 -1.426 -1 28
-1.367 -1 -1.204 -1 -1.396 -1 -1.49 -1 53
-1.443 -1 -1.22 -1 -1.422 -1 -1.492 -1 75
-1.457 -1 -1.252 -1 -1.334 -1 -1.444 -1 33
-1.389 -1 -1.228 -1 -1.342 -1 -1.452 -1 49
-1.397 -1 -1.184 -1 -1.184 -1 -1.26 -1 0
-1.222 -1 -1.104 -1 -1.216 -1 -1.28 -1 33
-1.248 -1 -1.114 -1 -1.24 -1 -1.306 -1 49
-1.273 -1 -1.152 -1 -1.236 -1 -1.31 -1 28
-1.273 -1 -1.164 -1 -1.384 -1 -1.498 -1 81
-1.441 -1 -1.186 -1 -1.204 -1 -1.256 -1 6
-1.23 -1 -1.136 -1 -1.416 -1 -1.51 -1 83
-1.463 -1 -1.226 -1 -1.368 -1 -1.486 -1 57
-1.427 -1 -1.222 -1 -1.27 -1 -1.34 -1 18
-1.305 -1 -1.182 -1 -1.422 -1 -1.526 -1 91
-1.474 -1 -1.244 -1 -1.522 -1 -1.612 -1 98
-1.567 -1 -1.3 -1 -1.562 -1 -1.644 -1 95
-1.603 -1 -1.348 -1 -1.63 -1 -1.768 -1 99
-1.699 -1 -1.388 -1 -1.658 -1 -1.806 -1 87
-1.732 -1 -1.424 -1 -1.478 -1 -1.616 -1 22
-1.547 -1 -1.294 -1 -1.502 -1 -1.638 -1 87
-1.57 -1 -1.33 -1 -1.428 -1 -1.532 -1 26
-1.48 -1 -1.242 -1 -1.38 -1 -1.532 -1 49
-1.456 -1 -1.234 -1 -1.286 -1 -1.376 -1 15
-1.331 -1 -1.164 -1 -1.464 -1 -1.59 -1 85
-1.527 -1 -1.278 -1 -1.474 -1 -1.572 -1 73
-1.523 -1 -1.28 -1 -1.45 -1 -1.6 -1 70
-1.525 -1 -1.302 -1 -1.468 -1 -1.588 -1 72
-1.528 -1 -1.306 -1 -1.326 -1 -1.42 -1 6
-1.373 -1 -1.178 -1 -1.462 -1 -1.57 -1 85
-1.516 -1 -1.27 -1 -1.34 -1 -1.428 -1 20
-1.384 -1 -1.202 -1 -1.442 -1 -1.568 -1 77
-1.505 -1 -1.298 -1 -1.444 -1 -1.558 -1 43
-1.501 -1 -1.24 -1 -1.438 -1 -1.538 -1 70
-1.488 -1 -1.26 -1 -1.328 -1 -1.466 -1 28
-1.397 -1 -1.21 -1 -1.47 -1 -1.602 -1 95
-1.536 -1 -1.326 -1 -1.394 -1 -1.514 -1 29
-1.454 -1 -1.236 -1 -1.326 -1 -1.428 -1 27
-1.377 -1 -1.228 -1 -1.31 -1 -1.37 -1 28
-1.34 -1 -1.15 -1 -1.316 -1 -1.412 -1 49
-1.364 -1 -1.198 -1 -1.282 -1 -1.346 -1 21
-1.314 -1 -1.148 -1 -1.36 -1 -1.43 -1 69
-1.395 -1 -1.184 -1 -1.424 -1 -1.548 -1 87
-1.486 -1 -1.26 -1 -1.412 -1 -1.51 -1 48
-1.461 -1 -1.228 -1 -1.314 -1 -1.428 -1 28
-1.371 -1 -1.21 -1 -1.306 -1 -1.434 -1 36
-1.37 -1 -1.198 -1 -1.372 -1 -1.476 -1 60
-1.424 -1 -1.198 -1 -1.41 -1 -1.528 -1 85
-1.469 -1 -1.252 -1 -1.258 -1 -1.334 -1 3
-1.296 -1 -1.172 -1 -1.224 -1 -1.278 -1 17
-1.251 -1 -1.13 -1 -1.33 -1 -1.428 -1 60
-1.379 -1 -1.182 -1 -1.438 -1 -1.492 -1 78
-1.465 -1 -1.228 -1 -1.334 -1 -1.438 -1 31
-1.386 -1 -1.158 -1 -1.288 -1 -1.368 -1 41
-1.328 -1 -1.12 -1 -1.138 -1 -1.17 -1 6
-1.154 -1 -1.066 -1 -1.256 -1 -1.35 -1 63
-1.303 -1 -1.184 -1 -1.322 -1 -1.416 -1 56
-1.369 -1 -1.184 -1 -1.258 -1 -1.35 -1 24
-1.304 -1 -1.148 -1 -1.382 -1 -1.434 -1 76
-1.408 -1 -1.186 -1 -1.192 -1 -1.244 -1 2
-1.218 -1 -1.104 -1 -1.212 -1 -1.288 -1 31
-1.25 -1 -1.122 -1 -1.286 -1 -1.338 -1 54
-1.312 -1 -1.14 -1 -1.434 -1 -1.532 -1 97
-1.483 -1 -1.262 -1 -1.372 -1 -1.482 -1 32
-1.427 -1 -1.238 -1 -1.29 -1 -1.354 -1 20
-1.322 -1 -1.152 -1 -1.258 -1 -1.34 -1 42
-1.299 -1 -1.13 -1 -1.148 -1 -1.212 -1 7
-1.18 -1 -1.08 -1 -1.314 -1 -1.372 -1 77
-1.343 -1 -1.144 -1 -1.414 -1 -1.48 -1 85
-1.447 -1 -1.242 -1 -1.488 -1 -1.594 -1 84
-1.541 -1 -1.306 -1 -1.318 -1 -1.38 -1 5
-1.349 -1 -1.17 -1 -1.266 -1 -1.37 -1 38
-1.318 -1 -1.168 -1 -1.2 -1 -1.254 -1 11
-1.227 -1 -1.1 -1 -1.394 -1 -1.504 -1 91
-1.449 -1 -1.22 -1 -1.36 -1 -1.434 -1 37
-1.397 -1 -1.194 -1 -1.436 -1 -1.53 -1 81
-1.483 -1 -1.27 -1 -1.292 -1 -1.388 -1 13
-1.34 -1 -1.194 -1 -1.38 -1 -1.446 -1 57
-1.413 -1 -1.186 -1 -1.416 -1 -1.494 -1 85
-1.455 -1 -1.222 -1 -1.244 -1 -1.28 -1 10
-1.262 -1 -1.126 -1 -1.354 -1 -1.486 -1 78
-1.42 -1 -1.212 -1 -1.488 -1 -1.558 -1 96
-1.523 -1 -1.272 -1 -1.48 -1 -1.598 -1 80
-1.539 -1 -1.316 -1 -1.332 -1 -1.414 -1 3
-1.373 -1 -1.198 -1 -1.428 -1 -1.546 -1 75
-1.487 -1 -1.278 -1 -1.53 -1 -1.67 -1 94
-1.6 -1 -1.342 -1 -1.432 -1 -1.558 -1 33
-1.495 -1 -1.266 -1 -1.436 -1 -1.498 -1 62
-1.467 -1 -1.212 -1 -1.414 -1 -1.528 -1 63
-1.471 -1 -1.242 -1 -1.41 -1 -1.534 -1 54
-1.472 -1 -1.214 -1 -1.478 -1 -1.606 -1 99
-1.542 -1 -1.278 -1 -1.54 -1 -1.616 -1 93
-1.578 -1 -1.27 -1 -1.328 -1 -1.448 -1 22
-1.388 -1 -1.222 -1 -1.342 -1 -1.434 -1 48
-1.388 -1 -1.194 -1 -1.394 -1 -1.492 -1 70
-1.443 -1 -1.252 -1 -1.336 -1 -1.442 -1 29
-1.389 -1 -1.202 -1 -1.492 -1 -1.596 -1 99
-1.544 -1 -1.342 -1 -1.464 -1 -1.594 -1 48
-1.529 -1 -1.31 -1 -1.542 -1 -1.664 -1 80
-1.603 -1 -1.344 -1 -1.484 -1 -1.584 -1 49
-1.534 -1 -1.314 -1 -1.402 -1 -1.506 -1 41
-1.454 -1 -1.24 -1 -1.482 -1 -1.586 -1 91
-1.534 -1 -1.254 -1 -1.534 -1 -1.682 -1 91
-1.608 -1 -1.33 -1 -1.33 -1 -1.41 -1 0
-1.37 -1 -1.174 -1 -1.19 -1 -1.24 -1 7
-1.215 -1 -1.106 -1 -1.128 -1 -1.192 -1 4
-1.16 -1 -1.072 -1 -1.198 -1 -1.292 -1 42
-1.245 -1 -1.11 -1 -1.184 -1 -1.254 -1 28
-1.219 -1 -1.096 -1 -1.354 -1 -1.45 -1 83
-1.402 -1 -1.202 -1 -1.218 -1 -1.296 -1 5
-1.257 -1 -1.138 -1 -1.23 -1 -1.318 -1 35
-1.274 -1 -1.152 -1 -1.23 -1 -1.31 -1 34
-1.27 -1 -1.126 -1 -1.17 -1 -1.182 -1 12
-1.176 -1 -1.066 -1 -1.208 -1 -1.272 -1 40
-1.24 -1 -1.102 -1 -1.16 -1 -1.228 -1 21
-1.194 -1 -1.098 -1 -1.306 -1 -1.39 -1 66
-1.348 -1 -1.156 -1 -1.458 -1 -1.572 -1 91
-1.515 -1 -1.29 -1 -1.468 -1 -1.584 -1 68
-1.526 -1 -1.284 -1 -1.498 -1 -1.662 -1 81
-1.58 -1 -1.316 -1 -1.494 -1 -1.562 -1 62
-1.528 -1 -1.246 -1 -1.504 -1 -1.626 -1 93
-1.565 -1 -1.32 -1 -1.358 -1 -1.432 -1 14
-1.395 -1 -1.184 -1 -1.32 -1 -1.378 -1 42
-1.349 -1 -1.208 -1 -1.284 -1 -1.384 -1 27
-1.334 -1 -1.154 -1 -1.404 -1 -1.466 -1 77
-1.435 -1 -1.17 -1 -1.364 -1 -1.488 -1 59
-1.426 -1 -1.196 -1 -1.288 -1 -1.364 -1 34
-1.326 -1 -1.164 -1 -1.444 -1 -1.564 -1 94
-1.504 -1 -1.308 -1 -1.318 -1 -1.408 -1 3
-1.363 -1 -1.196 -1 -1.272 -1 -1.326 -1 20
-1.299 -1 -1.182 -1 -1.27 -1 -1.328 -1 25
-1.299 -1 -1.142 -1 -1.214 -1 -1.284 -1 26
-1.249 -1 -1.122 -1 -1.25 -1 -1.334 -1 39
-1.292 -1 -1.12 -1 -1.346 -1 -1.45 -1 65
-1.398 -1 -1.178 -1 -1.43 -1 -1.51 -1 85
-1.47 -1 -1.228 -1 -1.278 -1 -1.382 -1 16
-1.33 -1 -1.162 -1 -1.418 -1 -1.506 0 96
