8 1000 0.6 6 54 0 0 0 0
-3.52 -1 -3.056 -1 -3.08 -1 -3.208 -1 26
-3.144 -1 -2.762 -1 -2.876 -1 -3.168 -1 183
-3.022 -1 -2.642 -1 -2.754 -1 -3.128 -1 160
-2.941 -1 -2.558 -1 -2.854 -1 -3.142 -1 245
-2.998 -1 -2.602 -1 -2.81 -1 -3.092 -1 256
-2.951 -1 -2.56 -1 -2.574 -1 -2.976 -1 6
-2.775 -1 -2.428 -1 -2.464 -1 -2.914 -1 32
-2.689 -1 -2.348 -1 -2.394 -1 -2.842 -1 42
-2.618 -1 -2.306 -1 -2.608 -1 -2.958 -1 242
-2.783 -1 -2.412 -1 -2.638 -1 -3.05 -1 171
-2.844 -1 -2.45 -1 -2.49 -1 -2.854 -1 46
-2.672 -1 -2.322 -1 -2.604 -1 -2.958 -1 251
-2.781 -1 -2.358 -1 -2.584 -1 -2.974 -1 198
-2.779 -1 -2.386 -1 -2.486 -1 -2.89 -1 74
-2.688 -1 -2.33 -1 -2.536 -1 -2.912 -1 186
-2.724 -1 -2.362 -1 -2.598 -1 -2.958 -1 259
-2.778 -1 -2.37 -1 -2.66 -1 -2.962 -1 247
-2.811 -1 -2.43 -1 -2.762 -1 -3.024 -1 296
-2.893 -1 -2.506 -1 -2.52 -1 -2.886 -1 22
-2.703 -1 -2.368 -1 -2.388 -1 -2.804 -1 23
-2.596 -1 -2.264 -1 -2.318 -1 -2.732 -1 43
-2.525 -1 -2.162 -1 -2.45 -1 -2.844 -1 182
-2.647 -1 -2.27 -1 -2.436 -1 -2.882 -1 122
-2.659 -1 -2.298 -1 -2.564 -1 -3 -1 222
-2.782 -1 -2.386 -1 -2.442 -1 -2.924 -1 33
-2.683 -1 -2.306 -1 -2.614 -1 -2.864 -1 285
-2.739 -1 -2.358 -1 -2.548 -1 -2.926 -1 156
-2.737 -1 -2.372 -1 -2.49 -1 -2.81 -1 86
-2.65 -1 -2.3 -1 -2.516 -1 -2.96 -1 175
-2.738 -1 -2.318 -1 -2.468 -1 -2.906 -1 109
-2.687 -1 -2.304 -1 -2.418 -1 -2.812 -1 92
-2.615 -1 -2.264 -1 -2.436 -1 -2.856 -1 121
-2.646 -1 -2.274 -1 -2.376 -1 -2.88 -1 67
-2.628 -1 -2.26 -1 -2.594 -1 -3.048 -1 283
-2.821 -1 -2.388 -1 -2.448 -1 -2.91 -1 32
-2.679 -1 -2.286 -1 -2.338 -1 -2.802 -1 44
-2.57 -1 -2.22 -1 -2.248 -1 -2.77 -1 22
-2.509 -1 -2.192 -1 -2.284 -1 -2.748 -1 89
-2.516 -1 -2.14 -1 -2.354 -1 -2.726 -1 116
-2.54 -1 -2.122 -1 -2.186 -1 -2.642 -1 42
-2.414 -1 -2.074 -1 -2.426 -1 -2.806 -1 257
-2.616 -1 -2.202 -1 -2.564 -1 -2.912 -1 290
-2.738 -1 -2.326 -1 -2.326 -1 -2.784 -1 1
-2.555 -1 -2.188 -1 -2.212 -1 -2.688 -1 22
-2.45 -1 -2.092 -1 -2.276 -1 -2.774 -1 113
-2.525 -1 -2.13 -1 -2.32 -1 -2.758 -1 139
-2.539 -1 -2.144 -1 -2.416 -1 -2.832 -1 183
-2.624 -1 -2.214 -1 -2.312 -1 -2.766 -1 65
-2.539 -1 -2.16 -1 -2.478 -1 -2.784 -1 245
-2.631 -1 -2.244 -1 -2.428 -1 -2.826 -1 126
-2.627 -1 -2.25 -1 -2.274 -1 -2.718 -1 21
-2.496 -1 -2.16 -1 -2.384 -1 -2.776 -1 190
-2.58 -1 -2.244 -1 -2.404 -1 -2.804 -1 129
-2.604 -1 -2.202 -1 -2.478 -1 -2.802 0 243
