8 1000 0.4 1 47 0 0 0 0
-3.48 -1 -3.338 -1 -3.394 -1 -3.466 -1 155
-3.43 -1 -3.238 -1 -3.246 -1 -3.414 -1 117
-3.33 -1 -3.218 -1 -3.27 -1 -3.318 -1 189
-3.294 -1 -3.142 -1 -3.148 -1 -3.26 -1 4
-3.204 -1 -3.034 -1 -3.08 -1 -3.218 -1 61
-3.149 -1 -3.05 -1 -3.062 -1 -3.198 -1 86
-3.13 -1 -3.016 -1 -3.05 -1 -3.166 -1 113
-3.108 -1 -3.01 -1 -3.02 -1 -3.14 -1 13
-3.08 -1 -2.916 -1 -2.972 -1 -3.21 -1 78
-3.091 -1 -3 -1 -3.012 -1 -3.124 -1 47
-3.068 -1 -2.962 -1 -3.086 -1 -3.18 -1 188
-3.133 -1 -3.004 -1 -3.076 -1 -3.238 -1 97
-3.157 -1 -3.042 -1 -3.096 -1 -3.242 -1 127
-3.169 -1 -3.036 -1 -3.084 -1 -3.19 -1 136
-3.137 -1 -3.032 -1 -3.128 -1 -3.302 -1 161
-3.215 -1 -3.076 -1 -3.132 -1 -3.292 -1 121
-3.212 -1 -3.124 -1 -3.16 -1 -3.306 -1 173
-3.233 -1 -3.078 -1 -3.19 -1 -3.284 -1 177
-3.237 -1 -3.086 -1 -3.124 -1 -3.258 -1 117
-3.191 -1 -3.038 -1 -3.036 -1 -3.148 -1 3
-3.092 -1 -2.938 -1 -2.992 -1 -3.122 -1 112
-3.057 -1 -2.944 -1 -2.968 -1 -3.206 -1 67
-3.087 -1 -2.932 -1 -2.938 -1 -3.106 -1 15
-3.022 -1 -2.938 -1 -2.976 -1 -3.2 -1 90
-3.088 -1 -2.92 -1 -2.948 -1 -3.174 -1 39
-3.061 -1 -2.99 -1 -3.108 -1 -3.218 -1 194
-3.163 -1 -3.078 -1 -3.144 -1 -3.234 -1 117
-3.189 -1 -3.034 -1 -3.112 -1 -3.186 -1 153
-3.149 -1 -2.968 -1 -2.972 -1 -3.106 -1 32
-3.039 -1 -2.87 -1 -2.936 -1 -3.126 -1 128
-3.031 -1 -2.896 -1 -2.916 -1 -3.1 -1 90
-3.008 -1 -2.914 -1 -2.982 -1 -3.156 -1 194
-3.069 -1 -2.946 -1 -2.984 -1 -3.164 -1 121
-3.074 -1 -2.92 -1 -2.984 -1 -3.182 -1 71
-3.083 -1 -2.952 -1 -2.98 -1 -3.074 -1 24
-3.027 -1 -2.906 -1 -2.988 -1 -3.176 -1 112
-3.082 -1 -2.934 -1 -2.94 -1 -3.158 -1 11
-3.049 -1 -2.896 -1 -2.926 -1 -3.11 -1 80
-3.018 -1 -2.834 -1 -2.846 -1 -3.048 -1 35
-2.947 -1 -2.844 -1 -2.964 -1 -3.098 -1 186
-3.031 -1 -2.896 -1 -2.986 -1 -3.118 -1 112
-3.052 -1 -2.942 -1 -2.976 -1 -3.116 -1 65
-3.046 -1 -2.92 -1 -2.994 -1 -3.096 -1 109
-3.045 -1 -2.946 -1 -2.98 -1 -3.122 -1 70
-3.051 -1 -2.868 -1 -2.922 -1 -3.154 -1 85
-3.038 -1 -2.882 -1 -3.002 -1 -3.162 -1 193
-3.082 -1 -2.946 -1 -3.032 -1 -3.204 0 96
