9 1000 0.5 3 192 0 0 0 0
-3.625 -1 -3.286 -1 -3.32 -1 -3.41 -1 62
-3.365 -1 -3.088 -1 -3.168 -1 -3.384 -1 112
-3.276 -1 -3.002 -1 -3.124 -1 -3.368 -1 168
-3.246 -1 -2.94 -1 -3.086 -1 -3.28 -1 180
-3.183 -1 -2.884 -1 -3.074 -1 -3.282 -1 201
-3.178 -1 -2.85 -1 -2.986 -1 -3.304 -1 150
-3.145 -1 -2.834 -1 -3.018 -1 -3.294 -1 231
-3.156 -1 -2.84 -1 -2.952 -1 -3.332 -2 148
-3.142 -1 -2.824 -1 -3.03 -1 -3.256 -1 227
-3.143 -1 -2.8 -1 -2.814 -1 -3.132 -1 24
-2.973 -1 -2.682 -1 -2.712 -1 -3.124 -1 20
-2.918 -1 -2.614 -1 -2.654 -1 -3.09 -1 33
-2.872 -1 -2.582 -1 -2.618 -1 -3.03 -1 33
-2.824 -1 -2.568 -1 -2.696 -1 -3.084 -1 141
-2.89 -1 -2.608 -1 -2.81 -1 -3.138 -1 178
-2.974 -1 -2.674 -1 -2.856 -1 -3.162 -1 187
-3.009 -1 -2.672 -1 -2.852 -1 -3.138 -1 174
-2.995 -1 -2.696 -1 -2.704 -1 -3.146 -1 12
-2.925 -1 -2.642 -1 -2.83 -1 -3.114 -1 176
-2.972 -1 -2.702 -1 -2.724 -1 -3.102 -1 47
-2.913 -1 -2.622 -1 -2.67 -1 -3.018 -1 55
-2.844 -1 -2.568 -1 -2.662 -1 -3.072 -1 80
-2.867 -1 -2.552 -1 -2.65 -1 -3.018 -1 104
-2.834 -1 -2.548 -1 -2.552 -1 -3.016 -1 5
-2.784 -1 -2.47 -1 -2.756 -1 -3.048 -1 230
-2.902 -1 -2.594 -1 -2.682 -1 -3.07 -1 72
-2.876 -1 -2.558 -1 -2.7 -1 -3.052 -1 97
-2.876 -1 -2.574 -1 -2.628 -1 -3.072 -1 42
-2.85 -1 -2.54 -1 -2.63 -1 -2.954 -1 69
-2.792 -1 -2.502 -1 -2.646 -1 -2.994 -1 130
-2.82 -1 -2.528 -1 -2.612 -1 -3.026 -1 64
-2.819 -1 -2.512 -1 -2.792 -1 -3.106 -1 216
-2.949 -1 -2.668 -1 -2.87 -1 -3.08 -1 199
-2.975 -1 -2.648 -1 -2.762 -1 -3.134 -1 105
-2.948 -1 -2.63 -1 -2.796 -1 -3.098 -1 140
-2.947 -1 -2.654 -1 -2.742 -1 -3.028 -1 79
-2.885 -1 -2.616 -1 -2.802 -1 -3.058 -1 158
-2.93 -1 -2.61 -1 -2.728 -1 -3.12 -1 94
-2.924 -1 -2.632 -1 -2.898 -1 -3.166 -1 211
-3.032 -1 -2.68 -1 -2.816 -1 -3.048 -1 103
-2.932 -1 -2.632 -1 -2.664 -1 -3.044 -1 31
-2.854 -1 -2.59 -1 -2.878 -1 -3.194 -1 239
-3.036 -1 -2.734 -1 -2.86 -1 -3.178 -1 95
-3.019 -1 -2.724 -1 -2.752 -1 -3.11 -1 34
-2.931 -1 -2.628 -1 -2.668 -1 -3.026 -1 38
-2.847 -1 -2.602 -1 -2.738 -1 -3.022 -1 100
-2.88 -1 -2.564 -1 -2.654 -1 -3.028 -1 72
-2.841 -1 -2.53 -1 -2.824 -1 -3.118 -1 222
-2.971 -1 -2.64 -1 -2.696 -1 -3.034 -1 87
-2.865 -1 -2.612 -1 -2.826 -1 -3.102 -1 189
-2.964 -1 -2.646 -1 -2.66 -1 -2.996 -1 10
-2.828 -1 -2.546 -1 -2.748 -1 -3.15 -1 194
-2.949 -1 -2.636 -1 -2.786 -1 -3.116 -1 121
-2.951 -1 -2.618 -1 -2.708 -1 -3.084 -1 98
-2.896 -1 -2.612 -1 -2.692 -1 -3.004 -1 69
-2.848 -1 -2.566 -1 -2.822 -1 -3.092 -1 160
-2.957 -1 -2.608 -1 -2.696 -1 -3.09 -1 48
-2.893 -1 -2.606 -1 -2.682 -1 -2.922 -1 71
-2.802 -1 -2.518 -1 -2.59 -1 -2.962 -1 67
-2.776 -1 -2.452 -1 -2.668 -1 -2.988 -1 151
-2.828 -1 -2.55 -1 -2.65 -1 -3.052 -1 97
-2.851 -1 -2.582 -1 -2.618 -1 -3.064 -1 39
-2.841 -1 -2.55 -1 -2.716 -1 -3.082 -1 138
-2.899 -1 -2.65 -1 -2.778 -1 -3.06 -1 139
-2.919 -1 -2.626 -1 -2.746 -1 -2.994 -1 92
-2.87 -1 -2.558 -1 -2.588 -1 -2.984 -1 19
-2.786 -1 -2.498 -1 -2.734 -1 -3.016 -1 205
-2.875 -1 -2.542 -1 -2.696 -1 -2.994 -1 132
-2.845 -1 -2.536 -1 -2.664 -1 -2.972 -1 92
-2.818 -1 -2.556 -1 -2.796 -1 -3.066 -1 203
-2.931 -1 -2.606 -1 -2.654 -1 -2.954 -1 51
-2.804 -1 -2.494 -1 -2.68 -1 -3.076 -1 183
-2.878 -1 -2.538 -1 -2.658 -1 -3.048 -1 100
-2.853 -1 -2.538 -1 -2.564 -1 -2.91 -1 21
-2.737 -1 -2.462 -1 -2.708 -1 -3.024 -1 193
-2.866 -1 -2.562 -1 -2.724 -1 -3.052 -1 130
-2.888 -1 -2.55 -1 -2.74 -1 -3.104 -1 161
-2.922 -1 -2.626 -1 -2.928 -1 -3.242 -1 249
-3.085 -1 -2.77 -1 -2.858 -1 -3.178 -1 129
-3.018 -1 -2.676 -1 -2.702 -1 -3.074 -1 16
-2.888 -1 -2.554 -1 -2.572 -1 -2.976 -1 24
-2.774 -1 -2.474 -1 -2.516 -1 -2.968 -1 40
-2.742 -1 -2.478 -1 -2.682 -1 -3.046 -1 225
-2.864 -1 -2.564 -1 -2.75 -1 -3.084 -1 141
-2.917 -1 -2.564 -1 -2.7 -1 -3.076 -1 120
-2.888 -1 -2.56 -1 -2.752 -1 -3.118 -1 181
-2.935 -1 -2.626 -1 -2.742 -1 -3.102 -1 101
-2.922 -1 -2.592 -1 -2.652 -1 -3.01 -1 49
-2.831 -1 -2.532 -1 -2.6 -1 -2.932 -1 63
-2.766 -1 -2.5 -1 -2.554 -1 -2.93 -1 37
-2.742 -1 -2.434 -1 -2.474 -1 -2.93 -1 28
-2.702 -1 -2.444 -1 -2.502 -1 -2.91 -1 53
-2.706 -1 -2.392 -1 -2.646 -1 -2.936 -1 177
-2.791 -1 -2.454 -1 -2.636 -1 -3.024 -1 144
-2.83 -1 -2.522 -1 -2.534 -1 -2.908 -1 20
-2.721 -1 -2.428 -1 -2.622 -1 -2.944 -1 136
-2.783 -1 -2.508 -1 -2.626 -1 -2.984 -1 102
-2.805 -1 -2.494 -1 -2.706 -1 -3.078 -1 158
-2.892 -1 -2.576 -1 -2.628 -1 -2.928 -1 42
-2.778 -1 -2.434 -1 -2.58 -1 -2.978 -1 100
-2.779 -1 -2.476 -1 -2.67 -1 -3.016 -1 153
-2.843 -1 -2.512 -1 -2.742 -1 -3.038 -1 225
-2.89 -1 -2.578 -1 -2.598 -1 -2.936 -1 10
-2.767 -1 -2.498 -1 -2.768 -1 -3.016 -1 242
-2.892 -1 -2.504 -1 -2.756 -1 -3.06 -1 216
-2.908 -1 -2.528 -1 -2.82 -1 -3.066 -1 220
-2.943 -1 -2.632 -1 -2.842 -1 -3.156 -1 174
-2.999 -1 -2.628 -1 -2.672 -1 -2.968 -1 30
-2.82 -1 -2.558 -1 -2.702 -1 -3.024 -1 104
-2.863 -1 -2.572 -1 -2.762 -1 -3.042 -1 134
-2.902 -1 -2.572 -1 -2.714 -1 -2.96 -1 128
-2.837 -1 -2.538 -1 -2.654 -1 -2.998 -1 119
-2.826 -1 -2.538 -1 -2.762 -1 -3.146 -1 224
-2.954 -1 -2.604 -1 -2.734 -1 -3.036 -1 164
-2.885 -1 -2.568 -1 -2.57 -1 -2.964 -1 5
-2.767 -1 -2.482 -1 -2.506 -1 -3 -1 14
-2.753 -1 -2.55 -1 -2.562 -1 -2.952 -1 11
-2.757 -1 -2.466 -1 -2.676 -1 -3.034 -1 107
-2.855 -1 -2.544 -1 -2.65 -1 -3.03 -1 112
-2.84 -1 -2.538 -1 -2.652 -1 -3.012 -1 87
-2.832 -1 -2.562 -1 -2.702 -1 -3.004 -1 96
-2.853 -1 -2.512 -1 -2.538 -1 -2.882 -1 20
-2.71 -1 -2.498 -1 -2.536 -1 -2.944 -1 30
-2.74 -1 -2.458 -1 -2.604 -1 -2.94 -1 99
-2.772 -1 -2.474 -1 -2.74 -1 -2.974 -1 206
-2.857 -1 -2.474 -1 -2.582 -1 -2.92 -1 71
-2.751 -1 -2.452 -1 -2.532 -1 -2.912 -1 65
-2.722 -1 -2.41 -1 -2.476 -1 -2.844 -1 64
-2.66 -1 -2.394 -1 -2.628 -1 -3.032 -1 183
-2.83 -1 -2.492 -1 -2.52 -1 -2.916 -1 34
-2.718 -1 -2.448 -1 -2.578 -1 -2.904 -1 93
-2.741 -1 -2.456 -1 -2.588 -1 -2.98 -1 80
-2.784 -1 -2.524 -1 -2.814 -1 -3.076 -1 247
-2.945 -1 -2.608 -1 -2.858 -1 -3.122 -1 248
-2.99 -1 -2.64 -1 -2.886 -1 -3.158 -1 218
-3.022 -1 -2.696 -1 -2.748 -1 -3.022 -1 60
-2.885 -1 -2.508 -1 -2.86 -1 -3.106 -1 241
-2.983 -1 -2.672 -1 -2.726 -1 -3.064 -1 58
-2.895 -1 -2.604 -1 -2.802 -1 -3.114 -1 200
-2.958 -1 -2.666 -1 -2.926 -1 -3.188 -1 246
-3.057 -1 -2.746 -1 -2.96 -1 -3.192 -1 226
-3.076 -1 -2.76 -1 -2.918 -1 -3.1 -1 171
-3.009 -1 -2.704 -1 -2.844 -1 -3.156 -1 130
-3 -1 -2.708 -1 -2.898 -1 -3.164 -1 207
-3.031 -1 -2.706 -1 -2.884 -1 -3.21 -1 242
-3.047 -1 -2.744 -1 -2.794 -1 -3.09 -1 36
-2.942 -1 -2.64 -1 -2.762 -1 -3.016 -1 112
-2.889 -1 -2.614 -1 -2.826 -1 -3.222 -1 247
-3.024 -1 -2.756 -1 -2.998 -1 -3.226 -1 239
-3.112 -1 -2.766 -1 -2.876 -1 -3.14 -1 114
-3.008 -1 -2.734 -1 -2.788 -1 -3.072 -1 57
-2.93 -1 -2.692 -1 -2.754 -1 -3.062 -1 51
-2.908 -1 -2.594 -1 -2.72 -1 -3.132 -1 93
-2.926 -1 -2.636 -1 -2.724 -1 -3.032 -1 73
-2.878 -1 -2.57 -1 -2.57 -1 -3.014 -1 5
-2.792 -1 -2.564 -1 -2.762 -1 -3.128 -1 185
-2.945 -1 -2.638 -1 -2.828 -1 -3.098 -1 180
-2.963 -1 -2.684 -1 -2.688 -1 -3.018 -1 5
-2.853 -1 -2.576 -1 -2.778 -1 -3.094 -1 202
-2.936 -1 -2.626 -1 -2.772 -1 -3.074 -1 156
-2.923 -1 -2.63 -1 -2.772 -1 -3.088 -1 133
-2.93 -1 -2.588 -1 -2.692 -1 -3.056 -1 109
-2.874 -1 -2.584 -1 -2.82 -1 -3.138 -1 183
-2.979 -1 -2.688 -1 -2.804 -1 -3.134 -1 86
-2.969 -1 -2.614 -1 -2.814 -1 -3.11 -1 179
-2.962 -1 -2.678 -1 -2.728 -1 -3.004 -1 60
-2.866 -1 -2.588 -1 -2.834 -1 -3.068 -1 240
-2.951 -1 -2.656 -1 -2.766 -1 -3.156 -1 116
-2.961 -1 -2.678 -1 -2.824 -1 -3.172 -1 168
-2.998 -1 -2.692 -1 -2.878 -1 -3.186 -1 147
-3.032 -1 -2.702 -1 -2.754 -1 -3.11 -1 43
-2.932 -1 -2.606 -1 -2.71 -1 -3.054 -1 90
-2.882 -1 -2.578 -1 -2.834 -1 -3.23 -1 187
-3.032 -1 -2.678 -1 -2.866 -1 -3.106 -1 192
-2.986 -1 -2.692 -1 -2.876 -1 -3.15 -1 134
-3.013 -1 -2.672 -1 -2.826 -1 -3.11 -1 114
-2.968 -1 -2.68 -1 -2.816 -1 -3.09 -1 162
-2.953 -1 -2.664 -1 -2.938 -1 -3.204 -1 230
-3.071 -1 -2.782 -1 -2.948 -1 -3.21 -1 175
-3.079 -1 -2.78 -1 -2.884 -1 -3.192 -1 64
-3.038 -1 -2.744 -1 -2.762 -1 -3.1 -1 17
-2.931 -1 -2.646 -1 -2.762 -1 -3.1 -1 91
-2.931 -1 -2.65 -1 -2.652 -1 -2.996 -1 3
-2.824 -1 -2.524 -1 -2.71 -1 -3.028 -1 138
-2.869 -1 -2.604 -1 -2.872 -1 -3.162 -1 240
-3.017 -1 -2.68 -1 -2.872 -1 -3.15 -1 171
-3.011 -1 -2.696 -1 -2.828 -1 -3.11 -1 224
-2.969 -1 -2.644 -1 -2.798 -1 -3.11 -1 141
-2.954 -1 -2.688 -1 -2.686 -1 -3.034 -1 2
-2.86 -1 -2.592 -1 -2.728 -1 -3.054 -1 110
-2.891 -1 -2.644 -1 -2.896 -1 -3.192 -1 189
-3.044 -1 -2.732 -1 -2.84 -1 -3.084 0 92
