10 1000 0.4 10 355 0 0 0 0
-3.761 -1 -3.248 -1 -3.38 -1 -3.624 -2 149
-3.502 -1 -3.04 -1 -3.088 -1 -3.348 -2 54
-3.218 -1 -2.836 -1 -2.972 -1 -3.352 -1 128
-3.162 -1 -2.776 -1 -2.858 -1 -3.264 -1 50
-3.061 -1 -2.69 -1 -2.728 -1 -3.216 -1 27
-2.972 -1 -2.582 -1 -2.724 -1 -3.204 -1 113
-2.964 -1 -2.588 -1 -2.774 -1 -3.172 -1 148
-2.973 -1 -2.558 -1 -2.78 -1 -3.186 -1 158
-2.983 -1 -2.574 -1 -2.776 -1 -3.21 -1 164
-2.993 -1 -2.566 -1 -2.7 -1 -3.224 -1 113
-2.962 -1 -2.546 -1 -2.572 -1 -3.074 -1 24
-2.823 -1 -2.454 -1 -2.494 -1 -2.976 -1 29
-2.735 -1 -2.368 -1 -2.416 -1 -2.974 -1 21
-2.695 -1 -2.358 -1 -2.648 -1 -3.102 -1 151
-2.875 -1 -2.468 -1 -2.578 -1 -3.108 -1 77
-2.843 -1 -2.442 -1 -2.572 -1 -3.068 -1 86
-2.82 -1 -2.414 -1 -2.674 -1 -3.144 -1 169
-2.909 -1 -2.496 -1 -2.74 -1 -3.108 -1 171
-2.924 -1 -2.458 -1 -2.62 -1 -3.098 -1 106
-2.859 -1 -2.448 -1 -2.586 -1 -3.052 -1 79
-2.819 -1 -2.402 -1 -2.618 -1 -3.122 -1 155
-2.87 -1 -2.416 -1 -2.502 -1 -3.062 -1 51
-2.782 -1 -2.372 -1 -2.682 -1 -3.084 -1 177
-2.883 -1 -2.448 -1 -2.614 -1 -3.054 -1 83
-2.834 -1 -2.402 -1 -2.662 -1 -3.08 -1 182
-2.871 -1 -2.476 -1 -2.632 -1 -3.086 -1 94
-2.859 -1 -2.452 -1 -2.594 -1 -3.054 -1 75
-2.824 -1 -2.402 -1 -2.526 -1 -2.938 -1 55
-2.732 -1 -2.346 -1 -2.432 -1 -2.96 -1 47
-2.696 -1 -2.322 -1 -2.49 -1 -2.952 -1 126
-2.721 -1 -2.338 -1 -2.616 -1 -3.06 -1 182
-2.838 -1 -2.418 -1 -2.616 -1 -3.034 -1 142
-2.825 -1 -2.42 -1 -2.628 -1 -3.052 -1 115
-2.84 -1 -2.418 -1 -2.686 -1 -3.14 -1 187
-2.913 -1 -2.462 -1 -2.7 -1 -3.12 -1 158
-2.91 -1 -2.448 -1 -2.624 -1 -3.062 -1 102
-2.843 -1 -2.382 -1 -2.694 -1 -3.118 -1 191
-2.906 -1 -2.466 -1 -2.67 -1 -3.11 -1 149
-2.89 -1 -2.482 -1 -2.536 -1 -3.036 -1 54
-2.786 -1 -2.376 -1 -2.428 -1 -2.87 -1 30
-2.649 -1 -2.272 -1 -2.536 -1 -3.016 -1 184
-2.776 -1 -2.346 -1 -2.502 -1 -2.998 -1 139
-2.75 -1 -2.35 -1 -2.462 -1 -2.914 -1 77
-2.688 -1 -2.312 -1 -2.5 -1 -2.994 -1 115
-2.747 -1 -2.302 -1 -2.478 -1 -2.952 -1 94
-2.715 -1 -2.3 -1 -2.418 -1 -2.922 -1 73
-2.67 -1 -2.292 -1 -2.38 -1 -2.896 -1 70
-2.638 -1 -2.252 -1 -2.514 -1 -2.902 -1 142
-2.708 -1 -2.296 -1 -2.306 -1 -2.856 -1 6
-2.581 -1 -2.226 -1 -2.452 -1 -2.882 -1 110
-2.667 -1 -2.232 -1 -2.412 -1 -2.872 -1 112
-2.642 -1 -2.222 -1 -2.494 -1 -2.922 -1 184
-2.708 -1 -2.26 -1 -2.436 -1 -2.926 -1 90
-2.681 -1 -2.268 -1 -2.374 -1 -2.908 -1 72
-2.641 -1 -2.21 -1 -2.386 -1 -2.892 -1 101
-2.639 -1 -2.21 -1 -2.258 -1 -2.786 -1 28
-2.522 -1 -2.108 -1 -2.288 -1 -2.792 -1 120
-2.54 -1 -2.11 -1 -2.16 -1 -2.648 -1 17
-2.404 -1 -2.05 -1 -2.452 -1 -2.908 -1 191
-2.68 -1 -2.21 -1 -2.394 -1 -2.794 -1 92
-2.594 -1 -2.146 -1 -2.31 -1 -2.794 -1 73
-2.552 -1 -2.154 -1 -2.252 -1 -2.826 -1 74
-2.539 -1 -2.172 -1 -2.44 -1 -2.882 -1 176
-2.661 -1 -2.228 -1 -2.298 -1 -2.762 -1 27
-2.53 -1 -2.142 -1 -2.448 -1 -2.842 -1 159
-2.645 -1 -2.23 -1 -2.428 -1 -2.778 -1 104
-2.603 -1 -2.178 -1 -2.238 -1 -2.688 -1 36
-2.463 -1 -2.094 -1 -2.296 -1 -2.746 -1 99
-2.521 -1 -2.12 -1 -2.386 -1 -2.756 -1 123
-2.571 -1 -2.158 -1 -2.182 -1 -2.686 -1 10
-2.434 -1 -2.054 -1 -2.064 -1 -2.48 -1 4
-2.272 -1 -1.936 -1 -2.08 -1 -2.456 -1 55
-2.268 -1 -1.912 -1 -2.238 -1 -2.658 -1 145
-2.448 -1 -1.986 -1 -2.254 -1 -2.624 -1 130
-2.439 -1 -2.01 -1 -2.302 -1 -2.678 -1 142
-2.49 -1 -2.014 -1 -2.372 -1 -2.77 -1 168
-2.571 -1 -2.098 -1 -2.42 -1 -2.77 -1 189
-2.595 -1 -2.136 -1 -2.508 -1 -2.832 -1 195
-2.67 -1 -2.16 -1 -2.158 -1 -2.566 -1 1
-2.362 -1 -1.968 -1 -2.03 -1 -2.488 -1 24
-2.259 -1 -1.858 -1 -2.108 -1 -2.506 -1 100
-2.307 -1 -1.898 -1 -2.096 -1 -2.552 -1 71
-2.324 -1 -1.928 -1 -2.262 -1 -2.654 -1 167
-2.458 -1 -1.958 -1 -2.242 -1 -2.62 -1 156
-2.431 -1 -1.98 -1 -2.16 -1 -2.552 -1 110
-2.356 -1 -1.92 -1 -2.242 -1 -2.562 -1 154
-2.402 -1 -1.916 -1 -2.01 -1 -2.432 -1 50
-2.221 -1 -1.846 -1 -2.03 -1 -2.418 -1 96
-2.224 -1 -1.798 -1 -2.23 -1 -2.524 -1 177
-2.377 -1 -1.83 -1 -2.088 -1 -2.472 -1 120
-2.28 -1 -1.802 -1 -2.226 -1 -2.59 -1 193
-2.408 -1 -1.862 -1 -1.922 -1 -2.284 -1 29
-2.103 -1 -1.684 -1 -2.176 -1 -2.468 -1 191
-2.322 -1 -1.82 -1 -1.892 -1 -2.17 -1 44
-2.031 -1 -1.61 -1 -1.898 -1 -2.196 -1 113
-2.047 -1 -1.58 -1 -2.072 -1 -2.4 -1 193
-2.236 -1 -1.696 -1 -1.702 -1 -2.028 -1 7
-1.865 -1 -1.482 -1 -1.628 -1 -1.936 -1 53
-1.782 -1 -1.422 -1 -1.874 -1 -2.144 -1 156
-2.009 -1 -1.54 -1 -1.69 -1 -1.944 -1 68
-1.817 -1 -1.412 -1 -1.612 -1 -1.832 -1 75
-1.722 -1 -1.32 -1 -1.692 -1 -1.944 -1 140
-1.818 -1 -1.368 -1 -1.504 -1 -1.752 -1 42
-1.628 -1 -1.254 -1 -1.458 -1 -1.696 -1 66
-1.577 -1 -1.206 -1 -1.482 -1 -1.742 -1 94
-1.612 -1 -1.242 -1 -1.84 -1 -2.08 -1 183
-1.96 -1 -1.462 -1 -1.634 -1 -1.882 -1 68
-1.758 -1 -1.342 -1 -1.514 -1 -1.702 -1 59
-1.608 -1 -1.232 -1 -1.256 -1 -1.412 -1 8
-1.334 -1 -1.11 -1 -1.454 -1 -1.606 -1 121
-1.53 -1 -1.184 -1 -1.274 -1 -1.428 -1 30
-1.351 -1 -1.114 -1 -1.472 -1 -1.626 -1 112
-1.549 -1 -1.186 -1 -1.276 -1 -1.438 -1 30
-1.357 -1 -1.126 -1 -1.27 -1 -1.434 -1 37
-1.352 -1 -1.11 -1 -1.394 -1 -1.54 -1 96
-1.467 -1 -1.156 -1 -1.274 -1 -1.474 -1 42
-1.374 -1 -1.13 -1 -1.154 -1 -1.258 -1 6
-1.206 -1 -1.056 -1 -1.308 -1 -1.494 -1 72
-1.401 -1 -1.142 -1 -1.674 -1 -1.846 -1 177
-1.76 -1 -1.32 -1 -1.448 -1 -1.59 -1 43
-1.519 -1 -1.204 -1 -1.31 -1 -1.474 -1 28
-1.392 -1 -1.156 -1 -1.294 -1 -1.43 -1 41
-1.362 -1 -1.108 -1 -1.57 -1 -1.76 -1 139
-1.665 -1 -1.284 -1 -1.702 -1 -1.916 -1 143
-1.809 -1 -1.348 -1 -1.378 -1 -1.5 -1 11
-1.439 -1 -1.148 -1 -1.654 -1 -1.856 -1 156
-1.755 -1 -1.344 -1 -1.424 -1 -1.61 -1 21
-1.517 -1 -1.186 -1 -1.64 -1 -1.838 -1 151
-1.739 -1 -1.288 -1 -1.628 -1 -1.818 -1 111
-1.723 -1 -1.284 -1 -1.52 -1 -1.708 -1 77
-1.614 -1 -1.23 -1 -1.342 -1 -1.52 -1 40
-1.431 -1 -1.144 -1 -1.514 -1 -1.672 -1 116
-1.593 -1 -1.238 -1 -1.458 -1 -1.64 -1 70
-1.549 -1 -1.206 -1 -1.32 -1 -1.428 -1 33
-1.374 -1 -1.114 -1 -1.694 -1 -1.906 -1 198
-1.8 -1 -1.34 -1 -1.612 -1 -1.794 -1 88
-1.703 -1 -1.334 -1 -1.668 -1 -1.852 -1 112
-1.76 -1 -1.322 -1 -1.702 -1 -1.912 -1 146
-1.807 -1 -1.372 -1 -1.746 -1 -1.942 -1 127
-1.844 -1 -1.366 -1 -1.576 -1 -1.722 -1 80
-1.649 -1 -1.284 -1 -1.498 -1 -1.69 -1 71
-1.594 -1 -1.268 -1 -1.392 -1 -1.538 -1 37
-1.465 -1 -1.172 -1 -1.268 -1 -1.364 -1 25
-1.316 -1 -1.104 -1 -1.67 -1 -1.824 -1 185
-1.747 -1 -1.292 -1 -1.784 -1 -1.99 -1 163
-1.887 -1 -1.406 -1 -1.718 -1 -1.928 -1 125
-1.823 -1 -1.37 -1 -1.69 -1 -1.852 -1 117
-1.771 -1 -1.344 -1 -1.914 -1 -2.126 -1 180
-2.02 -1 -1.506 -1 -1.922 -1 -2.13 -1 175
-2.026 -1 -1.472 -1 -1.678 -1 -1.93 -1 68
-1.804 -1 -1.368 -1 -1.534 -1 -1.684 -1 52
-1.609 -1 -1.258 -1 -1.474 -1 -1.636 -1 53
-1.555 -1 -1.23 -1 -1.606 -1 -1.82 -1 116
-1.713 -1 -1.282 -1 -1.834 -1 -2.032 -1 186
-1.933 -1 -1.426 -1 -1.854 -1 -2.02 -1 151
-1.937 -1 -1.43 -1 -1.5 -1 -1.736 -1 18
-1.618 -1 -1.27 -1 -1.348 -1 -1.454 -1 29
-1.401 -1 -1.144 -1 -1.604 -1 -1.812 -1 164
-1.708 -1 -1.352 -1 -1.356 -1 -1.476 -1 2
-1.416 -1 -1.142 -1 -1.156 -1 -1.23 -1 2
-1.193 -1 -1.03 -1 -1.578 -1 -1.78 -1 153
-1.679 -1 -1.26 -1 -1.608 -1 -1.764 -1 117
-1.686 -1 -1.284 -1 -1.33 -1 -1.466 -1 19
-1.398 -1 -1.126 -1 -1.676 -1 -1.844 -1 175
-1.76 -1 -1.34 -1 -1.774 -1 -1.99 -1 162
-1.882 -1 -1.414 -1 -1.716 -1 -1.93 -1 97
-1.823 -1 -1.356 -1 -1.846 -1 -2.018 -1 181
-1.932 -1 -1.41 -1 -1.838 -1 -2.022 -1 160
-1.93 -1 -1.478 -1 -1.634 -1 -1.856 -1 58
-1.745 -1 -1.326 -1 -1.588 -1 -1.75 -1 82
-1.669 -1 -1.266 -1 -1.478 -1 -1.664 -1 71
-1.571 -1 -1.222 -1 -1.36 -1 -1.522 -1 41
-1.441 -1 -1.166 -1 -1.418 -1 -1.572 -1 76
-1.495 -1 -1.138 -1 -1.542 -1 -1.73 -1 115
-1.636 -1 -1.25 -1 -1.722 -1 -1.882 -1 151
-1.802 -1 -1.422 -1 -1.476 -1 -1.598 -1 25
-1.537 -1 -1.2 -1 -1.306 -1 -1.376 -1 35
-1.341 -1 -1.094 -1 -1.242 -1 -1.36 -1 46
-1.301 -1 -1.088 -1 -1.624 -1 -1.826 -1 166
-1.725 -1 -1.276 -1 -1.634 -1 -1.828 -1 119
-1.731 -1 -1.3 -1 -1.56 -1 -1.7 -1 94
-1.63 -1 -1.254 -1 -1.284 -1 -1.404 -1 14
-1.344 -1 -1.098 -1 -1.246 -1 -1.34 -1 40
-1.293 -1 -1.086 -1 -1.48 -1 -1.63 -1 119
-1.555 -1 -1.216 -1 -1.578 -1 -1.71 -1 109
-1.644 -1 -1.254 -1 -1.804 -1 -2.082 -1 192
-1.943 -1 -1.426 -1 -1.7 -1 -1.862 -1 95
-1.781 -1 -1.33 -1 -1.468 -1 -1.64 -1 60
-1.554 -1 -1.222 -1 -1.704 -1 -1.878 -1 152
-1.791 -1 -1.372 -1 -1.832 -1 -2.074 -1 144
-1.953 -1 -1.476 -1 -2.012 -1 -2.224 -1 197
-2.118 -1 -1.582 -1 -1.842 -1 -2.032 -1 83
-1.937 -1 -1.46 -1 -1.82 -1 -2.03 -1 144
-1.925 -1 -1.448 -1 -1.912 -1 -2.116 -1 172
-2.014 -1 -1.494 -1 -1.836 -1 -2.036 -1 140
-1.936 -1 -1.484 -1 -2.024 -1 -2.25 -1 193
-2.137 -1 -1.628 -1 -1.682 -1 -1.898 -1 18
-1.79 -1 -1.386 -1 -1.942 -1 -2.084 -1 190
-2.013 -1 -1.522 -1 -1.772 -1 -1.938 -1 91
-1.855 -1 -1.45 -1 -1.644 -1 -1.828 -1 64
-1.736 -1 -1.34 -1 -1.368 -1 -1.528 -1 7
-1.448 -1 -1.178 -1 -1.68 -1 -1.876 -1 152
-1.778 -1 -1.334 -1 -1.494 -1 -1.714 -1 55
-1.604 -1 -1.25 -1 -1.62 -1 -1.802 -1 122
-1.711 -1 -1.304 -1 -1.726 -1 -1.9 -1 140
-1.813 -1 -1.368 -1 -1.68 -1 -1.894 -1 108
-1.787 -1 -1.344 -1 -1.554 -1 -1.726 -1 65
-1.64 -1 -1.27 -1 -1.692 -1 -1.872 -1 135
-1.782 -1 -1.39 -1 -1.466 -1 -1.628 -1 22
-1.547 -1 -1.256 -1 -1.692 -1 -1.88 -1 128
-1.786 -1 -1.366 -1 -1.442 -1 -1.584 -1 27
-1.513 -1 -1.184 -1 -1.552 -1 -1.702 -1 113
-1.627 -1 -1.252 -1 -1.362 -1 -1.494 -1 39
-1.428 -1 -1.142 -1 -1.42 -1 -1.594 -1 96
-1.507 -1 -1.18 -1 -1.388 -1 -1.526 -1 61
-1.457 -1 -1.18 -1 -1.782 -1 -1.944 -1 199
-1.863 -1 -1.352 -1 -1.556 -1 -1.706 -1 71
-1.631 -1 -1.256 -1 -1.754 -1 -1.96 -1 156
-1.857 -1 -1.4 -1 -1.62 -1 -1.808 -1 89
-1.714 -1 -1.326 -1 -1.704 -1 -1.896 -1 126
-1.8 -1 -1.36 -1 -1.448 -1 -1.628 -1 22
-1.538 -1 -1.19 -1 -1.808 -1 -2.012 -1 198
-1.91 -1 -1.4 -1 -1.534 -1 -1.69 -1 48
-1.612 -1 -1.24 -1 -1.686 -1 -1.858 -1 175
-1.772 -1 -1.364 -1 -1.642 -1 -1.854 -1 92
-1.748 -1 -1.326 -1 -1.786 -1 -1.97 -1 151
-1.878 -1 -1.384 -1 -1.42 -1 -1.624 -1 10
-1.522 -1 -1.224 -1 -1.398 -1 -1.564 -1 51
-1.481 -1 -1.17 -1 -1.35 -1 -1.508 -1 49
-1.429 -1 -1.18 -1 -1.452 -1 -1.602 -1 93
-1.527 -1 -1.22 -1 -1.34 -1 -1.474 -1 32
-1.407 -1 -1.144 -1 -1.332 -1 -1.478 -1 58
-1.405 -1 -1.14 -1 -1.18 -1 -1.266 -1 8
-1.223 -1 -1.062 -1 -1.516 -1 -1.67 -1 139
-1.593 -1 -1.194 -1 -1.702 -1 -1.89 -1 167
-1.796 -1 -1.362 -1 -1.778 -1 -1.96 -1 134
-1.869 -1 -1.418 -1 -1.79 -1 -1.936 -1 129
-1.863 -1 -1.43 -1 -1.586 -1 -1.74 -1 54
-1.663 -1 -1.326 -1 -1.822 -1 -2.066 -1 167
-1.944 -1 -1.486 -1 -1.734 -1 -1.914 -1 90
-1.824 -1 -1.37 -1 -1.378 -1 -1.502 -1 4
-1.44 -1 -1.184 -1 -1.256 -1 -1.402 -1 19
-1.329 -1 -1.134 -1 -1.67 -1 -1.862 -1 172
-1.766 -1 -1.364 -1 -1.702 -1 -1.872 -1 112
-1.787 -1 -1.356 -1 -1.622 -1 -1.754 -1 103
-1.688 -1 -1.298 -1 -1.326 -1 -1.482 -1 7
-1.404 -1 -1.138 -1 -1.502 -1 -1.654 -1 116
-1.578 -1 -1.24 -1 -1.832 -1 -2.076 -1 185
-1.954 -1 -1.446 -1 -1.924 -1 -2.102 -1 177
-2.013 -1 -1.5 -1 -1.65 -1 -1.814 -1 57
-1.732 -1 -1.326 -1 -1.688 -1 -1.848 -1 121
-1.768 -1 -1.376 -1 -1.752 -1 -1.96 -1 145
-1.856 -1 -1.418 -1 -1.714 -1 -1.932 -1 114
-1.823 -1 -1.37 -1 -1.774 -1 -1.992 -1 136
-1.883 -1 -1.402 -1 -1.42 -1 -1.574 -1 8
-1.497 -1 -1.2 -1 -1.756 -1 -1.996 -1 191
-1.876 -1 -1.416 -1 -1.602 -1 -1.764 -1 69
-1.683 -1 -1.282 -1 -1.74 -1 -1.912 -1 155
-1.826 -1 -1.354 -1 -1.364 -1 -1.526 -1 3
-1.445 -1 -1.148 -1 -1.554 -1 -1.726 -1 135
-1.64 -1 -1.27 -1 -1.332 -1 -1.462 -1 17
-1.397 -1 -1.146 -1 -1.774 -1 -1.904 -1 187
-1.839 -1 -1.438 -1 -1.73 -1 -1.924 -1 101
-1.827 -1 -1.384 -1 -1.85 -1 -2.06 -1 169
-1.955 -1 -1.464 -1 -1.85 -1 -2.05 -1 146
-1.95 -1 -1.468 -1 -1.894 -1 -2.118 -1 160
-2.006 -1 -1.508 -1 -1.964 -1 -2.206 -1 180
-2.085 -1 -1.566 -1 -1.854 -1 -2.074 -1 116
-1.964 -1 -1.486 -1 -1.778 -1 -1.974 -1 86
-1.876 -1 -1.412 -1 -1.6 -1 -1.768 -1 47
-1.684 -1 -1.274 -1 -1.61 -1 -1.774 -1 119
-1.692 -1 -1.296 -1 -1.544 -1 -1.736 -1 76
-1.64 -1 -1.258 -1 -1.47 -1 -1.638 -1 67
-1.554 -1 -1.226 -1 -1.314 -1 -1.426 -1 21
-1.37 -1 -1.104 -1 -1.37 -1 -1.5 -1 76
-1.435 -1 -1.126 -1 -1.726 -1 -1.886 -1 193
-1.806 -1 -1.366 -1 -1.774 -1 -2.014 -1 160
-1.894 -1 -1.408 -1 -1.466 -1 -1.622 -1 21
-1.544 -1 -1.22 -1 -1.276 -1 -1.396 -1 17
-1.336 -1 -1.118 -1 -1.638 -1 -1.786 -1 167
-1.712 -1 -1.278 -1 -1.38 -1 -1.556 -1 32
-1.468 -1 -1.18 -1 -1.418 -1 -1.572 -1 72
-1.495 -1 -1.2 -1 -1.58 -1 -1.75 -1 135
-1.665 -1 -1.24 -1 -1.59 -1 -1.802 -1 117
-1.696 -1 -1.31 -1 -1.506 -1 -1.694 -1 65
-1.6 -1 -1.23 -1 -1.712 -1 -1.912 -1 158
-1.812 -1 -1.348 -1 -1.352 -1 -1.504 -1 2
-1.428 -1 -1.162 -1 -1.266 -1 -1.4 -1 31
-1.333 -1 -1.132 -1 -1.454 -1 -1.632 -1 99
-1.543 -1 -1.234 -1 -1.788 -1 -1.986 -1 188
-1.887 -1 -1.414 -1 -1.896 -1 -2.118 -1 183
-2.007 -1 -1.494 -1 -1.868 -1 -2.09 -1 153
-1.979 -1 -1.492 -1 -1.538 -1 -1.73 -1 18
-1.634 -1 -1.258 -1 -1.434 -1 -1.61 -1 60
-1.522 -1 -1.196 -1 -1.264 -1 -1.398 -1 18
-1.331 -1 -1.12 -1 -1.54 -1 -1.694 -1 127
-1.617 -1 -1.232 -1 -1.498 -1 -1.666 -1 78
-1.582 -1 -1.254 -1 -1.402 -1 -1.57 -1 46
-1.486 -1 -1.16 -1 -1.408 -1 -1.542 -1 79
-1.475 -1 -1.184 -1 -1.422 -1 -1.612 -1 71
-1.517 -1 -1.16 -1 -1.616 -1 -1.796 -1 141
-1.706 -1 -1.286 -1 -1.608 -1 -1.824 -1 106
-1.716 -1 -1.282 -1 -1.674 -1 -1.846 -1 140
-1.76 -1 -1.33 -1 -1.346 -1 -1.466 -1 5
-1.406 -1 -1.158 -1 -1.248 -1 -1.382 -1 30
-1.315 -1 -1.086 -1 -1.59 -1 -1.746 -1 168
-1.668 -1 -1.272 -1 -1.31 -1 -1.422 -1 12
-1.366 -1 -1.15 -1 -1.266 -1 -1.376 -1 35
-1.321 -1 -1.102 -1 -1.42 -1 -1.554 -1 97
-1.487 -1 -1.182 -1 -1.356 -1 -1.462 -1 50
-1.409 -1 -1.146 -1 -1.546 -1 -1.648 -1 131
-1.597 -1 -1.216 -1 -1.534 -1 -1.68 -1 103
-1.607 -1 -1.232 -1 -1.664 -1 -1.79 -1 149
-1.727 -1 -1.294 -1 -1.642 -1 -1.79 -1 126
-1.716 -1 -1.262 -1 -1.52 -1 -1.726 -1 87
-1.623 -1 -1.248 -1 -1.636 -1 -1.792 -1 121
-1.714 -1 -1.302 -1 -1.816 -1 -2.034 -1 187
-1.925 -1 -1.414 -1 -1.822 -1 -2.054 -1 157
-1.938 -1 -1.464 -1 -1.798 -1 -2.008 -1 129
-1.903 -1 -1.458 -1 -1.69 -1 -1.838 -1 90
-1.764 -1 -1.364 -1 -1.754 -1 -2.018 -1 128
-1.886 -1 -1.39 -1 -1.8 -1 -1.98 -1 117
-1.89 -1 -1.41 -1 -1.624 -1 -1.752 -1 80
-1.688 -1 -1.324 -1 -1.688 -1 -1.886 -1 126
-1.787 -1 -1.362 -1 -1.892 -1 -2.09 -1 187
-1.991 -1 -1.486 -1 -1.71 -1 -1.948 -1 83
-1.829 -1 -1.394 -1 -1.606 -1 -1.812 -1 85
-1.709 -1 -1.344 -1 -1.534 -1 -1.744 -1 60
-1.639 -1 -1.25 -1 -1.762 -1 -1.94 -1 180
-1.851 -1 -1.394 -1 -1.432 -1 -1.614 -1 15
-1.523 -1 -1.22 -1 -1.78 -1 -1.966 -1 184
-1.873 -1 -1.408 -1 -1.898 -1 -2.112 -1 184
-2.005 -1 -1.492 -1 -1.978 -1 -2.122 -1 189
-2.05 -1 -1.524 -1 -1.576 -1 -1.778 -1 19
-1.677 -1 -1.296 -1 -1.694 -1 -1.872 -1 135
-1.783 -1 -1.358 -1 -1.74 -1 -1.972 -1 135
-1.856 -1 -1.4 -1 -1.754 -1 -1.968 -1 123
-1.861 -1 -1.39 -1 -1.652 -1 -1.832 -1 93
-1.742 -1 -1.314 -1 -1.74 -1 -1.946 -1 165
-1.843 -1 -1.376 -1 -1.43 -1 -1.614 -1 17
-1.522 -1 -1.226 -1 -1.68 -1 -1.882 -1 167
-1.781 -1 -1.352 -1 -1.532 -1 -1.7 -1 57
-1.616 -1 -1.256 -1 -1.802 -1 -1.988 -1 184
-1.895 -1 -1.424 -1 -1.51 -1 -1.652 -1 23
-1.581 -1 -1.25 -1 -1.742 -1 -1.896 -1 180
-1.819 -1 -1.372 -1 -1.406 -1 -1.572 -1 9
-1.489 -1 -1.162 -1 -1.67 -1 -1.866 -1 171
-1.768 -1 -1.36 -1 -1.774 -1 -1.93 -1 130
-1.852 -1 -1.406 -1 -1.434 -1 -1.626 -1 10
-1.53 -1 -1.226 -1 -1.376 -1 -1.574 -1 52
-1.475 -1 -1.172 -1 -1.586 -1 -1.726 -1 109
-1.656 -1 -1.23 -1 -1.772 -1 -2.002 -1 180
-1.887 -1 -1.412 -1 -1.62 -1 -1.784 -1 66
-1.702 -1 -1.326 -1 -1.756 -1 -1.958 -1 131
-1.857 -1 -1.394 -1 -1.45 -1 -1.628 0 18
