7 1000 0.1 8 14 0 0 0 0
-3.21 -1 -2.76 -1 -2.766 -1 -2.97 -1 7
-2.868 -1 -2.474 -1 -2.516 -1 -2.904 -1 42
-2.71 -1 -2.372 -1 -2.41 -1 -2.788 -1 24
-2.599 -1 -2.224 -1 -2.254 -1 -2.764 -1 15
-2.509 -1 -2.19 -1 -2.226 -1 -2.774 -1 22
-2.5 -1 -2.168 -1 -2.194 -1 -2.686 -1 20
-2.44 -1 -2.098 -1 -2.15 -1 -2.62 -1 34
-2.385 -1 -2.026 -1 -2.092 -1 -2.562 -1 37
-2.327 -1 -2 -1 -2.03 -1 -2.546 -1 18
-2.288 -1 -1.938 -1 -1.986 -1 -2.49 -1 37
-2.238 -1 -1.904 -1 -1.924 -1 -2.482 -1 20
-2.203 -1 -1.892 -1 -1.896 -1 -2.504 -1 4
-2.2 -1 -1.876 -1 -1.952 -1 -2.468 -1 45
-2.21 -1 -1.834 -1 -1.908 -1 -2.478 0 45
