9 1000 1 1 1174 0 0 0 0
-3.649 -1 -3.502 -2 -3.494 -2 -3.556 -1 52
-3.525 -1 -3.392 -1 -3.46 -1 -3.546 -1 252
-3.503 -1 -3.394 -1 -3.394 -1 -3.498 -1 1
-3.446 -1 -3.286 -1 -3.346 -1 -3.472 -2 215
-3.409 -1 -3.28 -1 -3.364 -1 -3.458 -1 236
-3.411 -1 -3.256 -1 -3.372 -1 -3.428 -1 351
-3.4 -1 -3.238 -1 -3.368 -1 -3.534 -2 299
-3.451 -1 -3.326 -2 -3.42 -1 -3.468 -2 334
-3.444 -1 -3.276 -1 -3.406 -1 -3.482 -1 362
-3.444 -1 -3.296 -1 -3.31 -1 -3.494 -1 138
-3.402 -1 -3.214 -1 -3.244 -1 -3.394 -1 91
-3.319 -1 -3.214 -1 -3.23 -1 -3.348 -1 60
-3.289 -1 -3.146 -1 -3.238 -1 -3.336 -1 143
-3.287 -1 -3.154 -1 -3.198 -1 -3.34 -1 44
-3.269 -1 -3.132 -1 -3.434 -1 -3.516 -1 468
-3.475 -1 -3.352 -1 -3.404 -1 -3.5 -1 92
-3.452 -1 -3.31 -1 -3.478 -1 -3.514 -1 460
-3.496 -1 -3.346 -1 -3.408 -1 -3.478 -1 173
-3.443 -1 -3.304 -1 -3.394 -1 -3.454 -1 236
-3.424 -1 -3.228 -1 -3.286 -1 -3.454 -2 233
-3.37 -1 -3.244 -1 -3.268 -1 -3.494 -1 19
-3.381 -1 -3.25 -1 -3.406 -1 -3.528 -1 494
-3.467 -1 -3.36 -1 -3.44 -1 -3.468 -1 382
-3.454 -1 -3.358 -1 -3.476 -1 -3.522 -1 388
-3.499 -1 -3.35 -1 -3.372 -1 -3.468 -1 60
-3.42 -1 -3.25 -1 -3.406 -1 -3.488 -1 358
-3.447 -1 -3.348 -1 -3.388 -1 -3.498 -1 223
-3.443 -1 -3.298 -1 -3.424 -1 -3.474 -1 170
-3.449 -1 -3.308 -1 -3.366 -1 -3.542 -1 167
-3.454 -1 -3.368 -1 -3.402 -1 -3.456 -1 143
-3.429 -1 -3.276 -1 -3.44 -1 -3.524 -1 439
-3.482 -1 -3.35 -1 -3.392 -1 -3.45 -1 68
-3.421 -1 -3.296 -1 -3.418 -1 -3.532 -2 244
-3.475 -1 -3.342 -1 -3.534 -1 -3.596 -1 454
-3.565 -1 -3.404 -1 -3.508 -1 -3.588 -1 389
-3.548 -1 -3.474 -2 -3.476 -2 -3.536 -2 212
-3.506 -2 -3.392 -2 -3.472 -1 -3.538 -2 283
-3.505 -1 -3.386 -1 -3.462 -2 -3.568 -2 272
-3.515 -2 -3.37 -2 -3.404 -2 -3.534 -1 118
-3.469 -1 -3.328 -1 -3.406 -1 -3.474 -1 132
-3.44 -1 -3.32 -1 -3.392 -1 -3.456 -1 178
-3.424 -1 -3.248 -1 -3.288 -1 -3.44 -1 60
-3.364 -1 -3.24 -1 -3.32 -1 -3.414 -1 224
-3.367 -1 -3.212 -1 -3.27 -1 -3.444 -1 96
-3.357 -1 -3.18 -1 -3.212 -1 -3.378 -1 95
-3.295 -1 -3.202 -1 -3.214 -1 -3.402 -1 33
-3.308 -1 -3.14 -1 -3.214 -1 -3.35 -1 143
-3.282 -1 -3.138 -1 -3.132 -1 -3.316 -1 8
-3.224 -1 -3.09 -1 -3.262 -1 -3.448 -1 236
-3.355 -1 -3.212 -1 -3.358 -1 -3.44 -1 350
-3.399 -1 -3.268 -1 -3.436 -1 -3.542 -1 470
-3.489 -1 -3.326 -1 -3.358 -1 -3.496 -1 97
-3.427 -1 -3.304 -1 -3.392 -1 -3.45 -1 293
-3.421 -1 -3.316 -1 -3.42 -1 -3.5 -1 285
-3.46 -1 -3.322 -1 -3.34 -1 -3.444 -1 117
-3.392 -1 -3.262 -1 -3.38 -1 -3.43 -1 254
-3.405 -1 -3.296 -1 -3.428 -1 -3.486 -1 429
-3.457 -1 -3.368 -2 -3.408 -2 -3.524 -1 226
-3.466 -1 -3.322 -2 -3.35 -1 -3.49 -2 136
-3.42 -1 -3.234 -1 -3.382 -1 -3.43 -2 464
-3.406 -1 -3.3 -1 -3.374 -1 -3.484 -1 220
-3.429 -1 -3.272 -1 -3.392 -1 -3.516 -1 392
-3.454 -1 -3.326 -1 -3.348 -1 -3.496 -1 95
-3.422 -1 -3.272 -1 -3.468 -1 -3.462 -1 417
-3.465 -1 -3.33 -1 -3.434 -1 -3.57 -1 387
-3.502 -1 -3.358 -1 -3.516 -1 -3.568 -1 425
-3.542 -1 -3.366 -1 -3.37 -1 -3.518 -1 104
-3.444 -1 -3.342 -1 -3.384 -1 -3.472 -2 109
-3.428 -1 -3.29 -1 -3.356 -1 -3.508 -1 214
-3.432 -1 -3.29 -1 -3.376 -1 -3.516 -1 355
-3.446 -1 -3.272 -1 -3.31 -1 -3.41 -1 71
-3.36 -1 -3.242 -1 -3.386 -1 -3.456 -1 468
-3.421 -1 -3.272 -1 -3.29 -1 -3.45 -1 17
-3.37 -1 -3.21 -1 -3.214 -1 -3.402 -1 27
-3.308 -1 -3.176 -1 -3.216 -1 -3.41 -1 168
-3.313 -1 -3.196 -1 -3.432 -1 -3.492 -1 409
-3.462 -1 -3.372 -1 -3.414 -1 -3.48 -1 302
-3.447 -1 -3.328 -1 -3.39 -1 -3.526 -1 282
-3.458 -1 -3.326 -1 -3.366 -1 -3.454 -1 180
-3.41 -1 -3.288 -1 -3.31 -1 -3.394 -2 41
-3.352 -1 -3.23 -1 -3.324 -1 -3.478 -1 237
-3.401 -1 -3.248 -1 -3.356 -1 -3.414 -1 417
-3.385 -1 -3.236 -1 -3.364 -1 -3.476 -1 152
-3.42 -1 -3.364 -1 -3.376 -1 -3.518 -1 16
-3.447 -1 -3.362 -1 -3.358 -1 -3.448 -1 54
-3.403 -1 -3.292 -1 -3.432 -1 -3.586 -1 339
-3.509 -1 -3.386 -1 -3.422 -1 -3.502 -1 46
-3.462 -1 -3.318 -1 -3.386 -1 -3.466 -1 215
-3.426 -1 -3.272 -1 -3.374 -1 -3.47 -1 224
-3.422 -1 -3.316 -1 -3.484 -1 -3.524 -1 397
-3.504 -1 -3.396 -1 -3.44 -1 -3.486 -1 286
-3.463 -1 -3.312 -1 -3.398 -1 -3.45 -1 438
-3.424 -1 -3.312 -1 -3.41 -1 -3.538 -2 416
-3.474 -1 -3.382 -1 -3.45 -1 -3.54 -1 185
-3.495 -1 -3.37 -1 -3.464 -1 -3.584 -2 326
-3.524 -1 -3.388 -1 -3.436 -1 -3.508 -1 480
-3.472 -1 -3.29 -1 -3.352 -1 -3.5 -2 93
-3.426 -1 -3.324 -1 -3.406 -1 -3.53 -1 365
-3.468 -1 -3.348 -1 -3.422 -1 -3.472 -1 218
-3.447 -1 -3.35 -1 -3.392 -1 -3.546 -1 126
-3.469 -1 -3.346 -1 -3.392 -1 -3.452 -1 265
-3.422 -1 -3.338 -1 -3.348 -1 -3.484 -1 60
-3.416 -1 -3.3 -1 -3.312 -1 -3.448 -1 78
-3.38 -1 -3.254 -1 -3.344 -1 -3.462 -1 169
-3.403 -1 -3.266 -1 -3.446 -1 -3.534 -1 447
-3.49 -1 -3.312 -1 -3.4 -1 -3.46 -2 281
-3.43 -1 -3.226 -1 -3.31 -1 -3.406 -1 131
-3.358 -1 -3.228 -1 -3.328 -1 -3.508 -1 137
-3.418 -1 -3.272 -1 -3.342 -1 -3.43 -1 292
-3.386 -1 -3.234 -1 -3.404 -1 -3.536 -1 469
-3.47 -1 -3.344 -1 -3.414 -1 -3.51 -1 261
-3.462 -1 -3.366 -1 -3.498 -1 -3.57 -1 367
-3.534 -1 -3.416 -1 -3.438 -1 -3.498 -1 34
-3.468 -1 -3.296 -1 -3.396 -1 -3.432 -2 254
-3.414 -1 -3.29 -1 -3.35 -1 -3.45 -1 138
-3.4 -1 -3.222 -1 -3.348 -1 -3.444 -1 264
-3.396 -1 -3.258 -1 -3.376 -1 -3.468 -1 242
-3.422 -1 -3.298 -1 -3.31 -1 -3.52 -1 58
-3.415 -1 -3.296 -1 -3.314 -1 -3.378 -1 157
-3.346 -1 -3.278 -1 -3.384 -1 -3.52 -1 335
-3.452 -1 -3.352 -1 -3.406 -1 -3.54 -1 248
-3.473 -1 -3.33 -1 -3.35 -1 -3.422 -1 54
-3.386 -1 -3.252 -1 -3.378 -1 -3.44 -1 466
-3.409 -1 -3.3 -1 -3.41 -1 -3.458 -1 288
-3.434 -1 -3.282 -1 -3.358 -1 -3.412 -1 172
-3.385 -1 -3.272 -1 -3.448 -1 -3.534 -2 437
-3.491 -1 -3.346 -1 -3.346 -1 -3.494 -1 121
-3.42 -1 -3.268 -1 -3.342 -1 -3.41 -2 235
-3.376 -1 -3.284 -1 -3.446 -1 -3.4 -1 380
-3.423 -1 -3.316 -1 -3.476 -2 -3.558 -2 374
-3.517 -2 -3.462 -2 -3.492 -2 -3.544 -1 136
-3.518 -1 -3.386 -2 -3.398 -2 -3.506 -1 57
-3.452 -1 -3.342 -1 -3.514 -1 -3.542 -1 410
-3.528 -1 -3.378 -1 -3.432 -1 -3.528 -1 250
-3.48 -1 -3.364 -1 -3.47 -1 -3.548 -1 179
-3.509 -1 -3.4 -1 -3.418 -1 -3.53 -1 36
-3.474 -1 -3.364 -1 -3.368 -1 -3.46 -2 9
-3.414 -1 -3.332 -1 -3.342 -1 -3.458 -1 23
-3.4 -1 -3.246 -1 -3.404 -1 -3.522 -1 444
-3.463 -1 -3.322 -1 -3.4 -1 -3.504 -2 222
-3.452 -1 -3.296 -1 -3.348 -1 -3.476 -1 86
-3.412 -1 -3.27 -1 -3.294 -1 -3.444 -1 117
-3.369 -1 -3.288 -1 -3.368 -1 -3.464 -1 460
-3.416 -1 -3.256 -1 -3.344 -1 -3.42 -1 149
-3.382 -1 -3.262 -1 -3.292 -1 -3.436 -2 72
-3.364 -1 -3.194 -1 -3.326 -1 -3.542 -2 274
-3.434 -1 -3.31 -1 -3.412 -1 -3.56 -2 254
-3.486 -1 -3.328 -1 -3.442 -2 -3.48 -2 406
-3.461 -2 -3.322 -2 -3.366 -1 -3.484 -2 86
-3.425 -1 -3.286 -1 -3.412 -2 -3.504 -2 339
-3.458 -2 -3.362 -2 -3.428 -2 -3.554 -1 356
-3.491 -1 -3.354 -1 -3.428 -1 -3.508 -1 261
-3.468 -1 -3.382 -1 -3.488 -1 -3.454 -1 321
-3.471 -1 -3.314 -1 -3.348 -1 -3.442 -1 85
-3.395 -1 -3.23 -1 -3.34 -1 -3.484 -2 201
-3.412 -1 -3.252 -1 -3.282 -1 -3.416 -2 158
-3.349 -1 -3.208 -2 -3.252 -1 -3.458 -1 109
-3.355 -1 -3.182 -1 -3.21 -1 -3.326 -1 73
-3.268 -1 -3.104 -1 -3.254 -1 -3.444 -1 342
-3.349 -1 -3.164 -1 -3.35 -1 -3.464 -2 344
-3.407 -1 -3.28 -1 -3.372 -1 -3.498 -1 429
-3.435 -1 -3.316 -1 -3.486 -1 -3.542 -2 370
-3.514 -1 -3.346 -1 -3.386 -1 -3.522 -1 127
-3.454 -1 -3.346 -1 -3.452 -1 -3.5 -2 143
-3.476 -1 -3.322 -1 -3.452 -2 -3.546 -1 303
-3.499 -1 -3.394 -1 -3.496 -2 -3.556 -1 499
-3.526 -1 -3.436 -1 -3.474 -2 -3.534 -1 440
-3.504 -1 -3.38 -1 -3.388 -1 -3.498 -2 264
-3.443 -1 -3.282 -1 -3.404 -2 -3.498 -1 317
-3.451 -1 -3.322 -1 -3.342 -1 -3.504 -1 99
-3.423 -1 -3.27 -1 -3.444 -1 -3.572 -1 437
-3.508 -1 -3.384 -1 -3.456 -1 -3.528 -1 253
-3.492 -1 -3.352 -1 -3.472 -1 -3.546 -2 445
-3.509 -1 -3.364 -1 -3.432 -1 -3.514 -1 264
-3.473 -1 -3.29 -1 -3.382 -1 -3.438 -1 392
-3.41 -1 -3.244 -1 -3.296 -1 -3.456 -1 108
-3.376 -1 -3.238 -1 -3.306 -1 -3.404 -1 128
-3.355 -1 -3.25 -1 -3.304 -1 -3.498 -1 177
-3.401 -1 -3.196 -1 -3.354 -1 -3.398 -1 382
-3.376 -1 -3.288 -1 -3.284 -1 -3.388 -1 132
-3.336 -1 -3.196 -1 -3.326 -1 -3.454 -1 303
-3.39 -1 -3.276 -1 -3.36 -1 -3.484 -2 201
-3.422 -1 -3.294 -1 -3.406 -1 -3.56 -1 441
-3.483 -1 -3.342 -1 -3.436 -2 -3.538 -1 342
-3.487 -1 -3.348 -1 -3.348 -1 -3.542 -2 7
-3.445 -1 -3.304 -1 -3.414 -1 -3.532 -2 266
-3.473 -1 -3.304 -1 -3.4 -1 -3.54 -1 249
-3.47 -1 -3.352 -1 -3.452 -1 -3.518 -1 380
-3.485 -1 -3.362 -1 -3.45 -1 -3.498 -1 317
-3.474 -1 -3.36 -1 -3.426 -1 -3.474 -2 262
-3.45 -1 -3.304 -1 -3.5 -1 -3.536 -1 379
-3.518 -1 -3.434 -1 -3.452 -1 -3.54 -1 209
-3.496 -1 -3.37 -1 -3.378 -1 -3.488 -1 40
-3.433 -1 -3.332 -1 -3.336 -1 -3.466 -1 21
-3.401 -1 -3.224 -1 -3.252 -1 -3.392 -1 76
-3.322 -1 -3.132 -1 -3.324 -2 -3.47 -1 479
-3.397 -1 -3.252 -1 -3.332 -1 -3.434 -1 110
-3.383 -1 -3.284 -1 -3.44 -1 -3.58 -1 314
-3.51 -1 -3.394 -1 -3.424 -1 -3.482 -1 36
-3.453 -1 -3.236 -1 -3.366 -1 -3.462 -2 354
-3.414 -1 -3.294 -1 -3.426 -1 -3.454 -1 299
-3.44 -1 -3.336 -1 -3.334 -1 -3.41 -1 8
-3.372 -1 -3.19 -1 -3.312 -1 -3.39 -1 272
-3.351 -1 -3.186 -1 -3.3 -1 -3.44 -1 338
-3.37 -1 -3.228 -1 -3.242 -1 -3.43 -1 18
-3.336 -1 -3.16 -1 -3.372 -1 -3.438 -1 497
-3.405 -1 -3.298 -1 -3.42 -1 -3.494 -1 237
-3.457 -1 -3.316 -1 -3.4 -1 -3.476 -1 152
-3.438 -1 -3.27 -1 -3.27 -1 -3.36 -1 0
-3.315 -1 -3.208 -1 -3.258 -1 -3.4 -1 147
-3.329 -1 -3.17 -1 -3.326 -1 -3.422 -1 360
-3.374 -1 -3.23 -1 -3.292 -1 -3.4 -1 145
-3.346 -1 -3.206 -1 -3.298 -1 -3.482 -2 171
-3.39 -1 -3.278 -1 -3.308 -1 -3.438 -1 367
-3.373 -1 -3.2 -1 -3.328 -1 -3.432 -1 400
-3.38 -1 -3.286 -1 -3.302 -1 -3.472 -1 8
-3.387 -1 -3.242 -1 -3.336 -1 -3.4 -1 248
-3.368 -1 -3.294 -1 -3.322 -1 -3.392 -1 101
-3.357 -1 -3.184 -1 -3.38 -1 -3.468 -1 389
-3.424 -1 -3.29 -1 -3.516 -1 -3.534 -1 473
-3.525 -1 -3.32 -1 -3.448 -1 -3.538 -2 271
-3.493 -1 -3.342 -1 -3.39 -1 -3.462 -1 69
-3.426 -1 -3.288 -1 -3.352 -1 -3.522 -2 246
-3.437 -1 -3.264 -1 -3.368 -1 -3.448 -1 251
-3.408 -1 -3.22 -1 -3.264 -1 -3.418 -1 147
-3.341 -1 -3.202 -1 -3.364 -1 -3.458 -1 426
-3.411 -1 -3.294 -1 -3.34 -1 -3.45 -1 190
-3.395 -1 -3.29 -1 -3.478 -1 -3.542 -1 497
-3.51 -1 -3.37 -1 -3.488 -1 -3.572 -2 473
-3.53 -1 -3.416 -1 -3.446 -1 -3.59 -2 390
-3.518 -1 -3.39 -1 -3.474 -1 -3.492 -1 292
-3.483 -1 -3.374 -1 -3.476 -1 -3.538 -1 195
-3.507 -1 -3.362 -1 -3.402 -1 -3.492 -1 82
-3.447 -1 -3.328 -1 -3.454 -1 -3.506 -1 367
-3.48 -1 -3.3 -1 -3.322 -1 -3.446 -1 41
-3.384 -1 -3.216 -1 -3.428 -2 -3.51 -1 485
-3.469 -1 -3.33 -1 -3.38 -1 -3.432 -1 272
-3.406 -1 -3.246 -1 -3.392 -1 -3.456 -1 307
-3.424 -1 -3.316 -1 -3.404 -1 -3.564 -2 454
-3.484 -1 -3.378 -2 -3.41 -2 -3.458 -1 130
-3.434 -1 -3.252 -1 -3.388 -2 -3.454 -1 485
-3.421 -1 -3.268 -1 -3.396 -1 -3.52 -1 395
-3.458 -1 -3.328 -1 -3.394 -1 -3.514 -2 92
-3.454 -1 -3.338 -1 -3.352 -1 -3.464 -1 81
-3.408 -1 -3.228 -1 -3.394 -1 -3.548 -1 312
-3.471 -1 -3.31 -1 -3.398 -1 -3.456 -1 215
-3.427 -1 -3.248 -1 -3.434 -1 -3.456 -1 495
-3.445 -1 -3.312 -1 -3.328 -1 -3.484 -1 46
-3.406 -1 -3.238 -1 -3.254 -1 -3.422 -1 24
-3.338 -1 -3.196 -1 -3.406 -1 -3.602 -1 441
-3.504 -1 -3.29 -1 -3.322 -1 -3.45 -1 91
-3.386 -1 -3.264 -1 -3.47 -1 -3.482 -1 499
-3.476 -1 -3.312 -1 -3.33 -1 -3.456 -1 40
-3.393 -1 -3.258 -1 -3.352 -1 -3.472 -1 223
-3.412 -1 -3.246 -1 -3.252 -1 -3.384 -1 16
-3.318 -1 -3.232 -1 -3.294 -1 -3.432 -1 166
-3.363 -1 -3.196 -1 -3.394 -1 -3.486 -1 465
-3.44 -1 -3.294 -1 -3.352 -1 -3.468 -1 136
-3.41 -1 -3.27 -1 -3.462 -2 -3.476 -1 483
-3.469 -1 -3.352 -1 -3.368 -1 -3.516 -1 277
-3.442 -1 -3.27 -1 -3.336 -1 -3.49 -1 185
-3.413 -1 -3.354 -1 -3.378 -1 -3.574 -1 122
-3.476 -1 -3.364 -1 -3.49 -1 -3.546 -1 320
-3.518 -1 -3.346 -1 -3.352 -1 -3.432 -1 4
-3.392 -1 -3.284 -1 -3.386 -1 -3.516 -1 332
-3.451 -1 -3.22 -1 -3.334 -1 -3.484 -2 325
-3.409 -1 -3.214 -1 -3.26 -1 -3.376 -2 125
-3.318 -1 -3.172 -1 -3.372 -1 -3.468 -2 363
-3.42 -1 -3.282 -1 -3.36 -1 -3.542 -2 426
-3.451 -1 -3.352 -2 -3.472 -2 -3.546 -1 318
-3.509 -1 -3.434 -1 -3.56 -2 -3.558 -2 375
-3.559 -2 -3.474 -2 -3.486 -2 -3.594 -1 261
-3.54 -1 -3.414 -1 -3.464 -1 -3.53 -1 185
-3.497 -1 -3.332 -1 -3.442 -1 -3.556 -1 332
-3.499 -1 -3.322 -1 -3.436 -1 -3.434 -1 479
-3.435 -1 -3.314 -1 -3.312 -1 -3.43 -1 75
-3.371 -1 -3.282 -1 -3.322 -1 -3.398 -1 149
-3.36 -1 -3.224 -1 -3.39 -1 -3.426 -2 429
-3.408 -1 -3.314 -1 -3.478 -1 -3.516 -1 492
-3.497 -1 -3.352 -1 -3.424 -1 -3.508 -1 247
-3.466 -1 -3.316 -1 -3.424 -2 -3.48 -1 404
-3.452 -1 -3.318 -1 -3.356 -1 -3.46 -2 68
-3.408 -1 -3.31 -1 -3.372 -1 -3.514 -1 186
-3.443 -1 -3.258 -1 -3.274 -1 -3.378 -2 127
-3.326 -1 -3.246 -1 -3.45 -1 -3.526 -1 404
-3.488 -1 -3.364 -1 -3.468 -1 -3.49 -2 421
-3.479 -1 -3.354 -1 -3.382 -1 -3.496 -1 61
-3.439 -1 -3.304 -1 -3.424 -1 -3.464 -1 412
-3.444 -1 -3.314 -1 -3.314 -1 -3.396 -1 12
-3.355 -1 -3.216 -1 -3.272 -1 -3.424 -1 192
-3.348 -1 -3.26 -1 -3.418 -1 -3.524 -1 350
-3.471 -1 -3.336 -1 -3.43 -1 -3.604 -2 387
-3.517 -1 -3.396 -1 -3.414 -1 -3.496 -1 179
-3.455 -1 -3.286 -1 -3.356 -1 -3.448 -1 375
-3.402 -1 -3.314 -1 -3.324 -1 -3.5 -1 80
-3.412 -1 -3.274 -1 -3.328 -1 -3.472 -1 176
-3.4 -1 -3.228 -1 -3.238 -1 -3.384 -1 41
-3.311 -1 -3.206 -1 -3.336 -1 -3.364 -1 230
-3.35 -1 -3.194 -1 -3.332 -1 -3.448 -1 326
-3.39 -1 -3.228 -1 -3.278 -1 -3.438 -1 115
-3.358 -1 -3.228 -1 -3.406 -1 -3.516 -1 338
-3.461 -1 -3.294 -1 -3.35 -1 -3.436 -1 118
-3.393 -1 -3.282 -1 -3.368 -1 -3.54 -1 358
-3.454 -1 -3.316 -1 -3.386 -1 -3.516 -1 193
-3.451 -1 -3.318 -1 -3.45 -1 -3.616 -1 347
-3.533 -1 -3.412 -1 -3.492 -1 -3.542 -1 174
-3.517 -1 -3.348 -1 -3.344 -1 -3.45 -1 1
-3.397 -1 -3.264 -1 -3.362 -1 -3.5 -1 144
-3.431 -1 -3.306 -1 -3.312 -1 -3.46 -1 37
-3.386 -1 -3.334 -1 -3.492 -1 -3.518 -1 400
-3.505 -1 -3.32 -1 -3.432 -1 -3.52 -2 434
-3.476 -1 -3.302 -1 -3.358 -1 -3.458 -1 208
-3.408 -1 -3.304 -1 -3.374 -1 -3.516 -1 196
-3.445 -1 -3.336 -1 -3.39 -1 -3.484 -1 270
-3.437 -1 -3.334 -1 -3.47 -1 -3.56 -1 450
-3.515 -1 -3.408 -1 -3.47 -1 -3.634 -1 486
-3.552 -1 -3.392 -1 -3.488 -1 -3.602 -1 459
-3.545 -1 -3.382 -1 -3.41 -1 -3.536 -2 85
-3.473 -1 -3.428 -1 -3.546 -2 -3.636 -2 376
-3.591 -2 -3.462 -2 -3.506 -2 -3.608 -2 185
-3.557 -2 -3.408 -2 -3.518 -1 -3.57 -1 486
-3.544 -1 -3.394 -1 -3.408 -1 -3.464 -1 164
-3.436 -1 -3.336 -1 -3.394 -1 -3.598 -1 140
-3.496 -1 -3.402 -1 -3.42 -1 -3.454 -1 47
-3.437 -1 -3.24 -1 -3.328 -1 -3.418 -1 278
-3.373 -1 -3.24 -1 -3.24 -1 -3.392 -1 2
-3.316 -1 -3.138 -1 -3.15 -1 -3.304 -1 31
-3.227 -1 -3.1 -1 -3.212 -1 -3.384 -1 153
-3.298 -1 -3.178 -1 -3.28 -1 -3.424 -1 120
-3.352 -1 -3.194 -1 -3.186 -1 -3.39 -1 32
-3.288 -1 -3.186 -1 -3.262 -1 -3.376 -1 256
-3.319 -1 -3.212 -1 -3.388 -1 -3.502 -1 405
-3.445 -1 -3.304 -1 -3.39 -2 -3.508 -1 302
-3.449 -1 -3.28 -1 -3.444 -1 -3.522 -2 255
-3.483 -1 -3.39 -2 -3.498 -1 -3.618 -1 328
-3.558 -1 -3.388 -1 -3.446 -1 -3.512 -1 135
-3.479 -1 -3.368 -1 -3.394 -1 -3.476 -1 61
-3.435 -1 -3.296 -1 -3.416 -1 -3.54 -1 476
-3.478 -1 -3.274 -1 -3.384 -1 -3.528 -1 325
-3.456 -1 -3.288 -1 -3.378 -1 -3.508 -1 216
-3.443 -1 -3.258 -1 -3.42 -2 -3.544 -2 468
-3.482 -2 -3.322 -2 -3.438 -2 -3.516 -1 218
-3.477 -1 -3.376 -1 -3.482 -1 -3.438 -1 195
-3.46 -1 -3.32 -1 -3.41 -1 -3.424 -1 95
-3.417 -1 -3.304 -1 -3.358 -1 -3.462 -2 288
-3.41 -1 -3.256 -1 -3.292 -1 -3.436 -1 54
-3.364 -1 -3.236 -1 -3.376 -1 -3.454 -1 413
-3.415 -1 -3.284 -1 -3.314 -1 -3.426 -1 149
-3.37 -1 -3.244 -1 -3.42 -1 -3.508 -1 495
-3.464 -1 -3.36 -1 -3.396 -1 -3.472 -1 262
-3.434 -1 -3.314 -1 -3.454 -1 -3.556 -1 411
-3.505 -1 -3.342 -1 -3.362 -1 -3.504 -1 221
-3.433 -1 -3.304 -1 -3.384 -1 -3.508 -1 366
-3.446 -1 -3.292 -1 -3.288 -1 -3.382 -1 29
-3.335 -1 -3.18 -1 -3.2 -1 -3.344 -2 37
-3.272 -1 -3.118 -1 -3.188 -1 -3.366 -1 248
-3.277 -1 -3.162 -1 -3.282 -1 -3.37 -1 364
-3.326 -1 -3.214 -1 -3.34 -1 -3.446 -1 321
-3.393 -1 -3.272 -1 -3.296 -1 -3.444 -1 50
-3.37 -1 -3.236 -1 -3.362 -1 -3.486 -2 404
-3.424 -1 -3.31 -1 -3.396 -1 -3.51 -1 307
-3.453 -1 -3.316 -1 -3.458 -1 -3.552 -1 342
-3.505 -1 -3.35 -1 -3.506 -2 -3.56 -1 451
-3.533 -1 -3.34 -1 -3.392 -1 -3.492 -2 89
-3.442 -1 -3.314 -1 -3.316 -1 -3.49 -1 69
-3.403 -1 -3.276 -1 -3.306 -1 -3.452 -1 149
-3.379 -1 -3.264 -1 -3.412 -1 -3.504 -1 485
-3.458 -1 -3.33 -1 -3.44 -1 -3.586 -2 212
-3.513 -1 -3.37 -1 -3.394 -1 -3.488 -2 74
-3.441 -1 -3.3 -1 -3.404 -2 -3.46 -1 337
-3.432 -1 -3.248 -1 -3.384 -1 -3.502 -1 332
-3.443 -1 -3.298 -1 -3.376 -2 -3.582 -2 272
-3.479 -2 -3.35 -2 -3.392 -2 -3.488 -1 132
-3.44 -1 -3.322 -1 -3.446 -1 -3.486 -1 437
-3.466 -1 -3.386 -1 -3.384 -1 -3.424 -1 4
-3.404 -1 -3.288 -1 -3.404 -1 -3.528 -1 315
-3.466 -1 -3.34 -1 -3.462 -1 -3.534 -1 380
-3.498 -1 -3.334 -1 -3.364 -1 -3.462 -1 144
-3.413 -1 -3.26 -1 -3.442 -1 -3.544 -1 452
-3.493 -1 -3.34 -1 -3.462 -1 -3.528 -1 463
-3.495 -1 -3.368 -1 -3.406 -1 -3.468 -2 278
-3.437 -1 -3.268 -2 -3.286 -2 -3.456 -1 40
-3.371 -1 -3.242 -2 -3.264 -2 -3.414 -1 109
-3.339 -1 -3.244 -2 -3.412 -1 -3.47 -2 413
-3.441 -1 -3.286 -1 -3.346 -1 -3.45 -1 133
-3.398 -1 -3.248 -1 -3.322 -1 -3.458 -1 191
-3.39 -1 -3.26 -1 -3.338 -1 -3.52 -1 153
-3.429 -1 -3.344 -1 -3.418 -1 -3.478 -1 251
-3.448 -1 -3.302 -1 -3.304 -1 -3.444 -2 71
-3.374 -1 -3.198 -1 -3.28 -1 -3.462 -1 81
-3.371 -1 -3.268 -1 -3.358 -1 -3.456 -1 384
-3.407 -1 -3.196 -1 -3.308 -1 -3.434 -1 196
-3.371 -1 -3.236 -1 -3.28 -1 -3.416 -1 84
-3.348 -1 -3.238 -1 -3.362 -1 -3.458 -1 318
-3.41 -1 -3.272 -1 -3.268 -1 -3.4 -1 2
-3.334 -1 -3.198 -1 -3.396 -1 -3.462 -1 498
-3.429 -1 -3.264 -1 -3.332 -1 -3.43 -1 109
-3.381 -1 -3.266 -1 -3.392 -1 -3.466 -1 281
-3.429 -1 -3.286 -1 -3.486 -2 -3.526 -1 490
-3.506 -1 -3.412 -1 -3.432 -1 -3.522 -1 72
-3.477 -1 -3.322 -1 -3.37 -1 -3.408 -1 114
-3.389 -1 -3.336 -1 -3.34 -1 -3.42 -2 2
-3.38 -1 -3.244 -1 -3.378 -1 -3.454 -1 410
-3.416 -1 -3.254 -1 -3.254 -1 -3.426 -1 1
-3.34 -1 -3.284 -1 -3.286 -1 -3.432 -1 17
-3.359 -1 -3.192 -1 -3.206 -1 -3.308 -1 81
-3.257 -1 -3.126 -1 -3.33 -1 -3.516 -2 393
-3.423 -1 -3.308 -1 -3.47 -1 -3.458 -1 455
-3.464 -1 -3.266 -1 -3.39 -1 -3.446 -1 289
-3.418 -1 -3.274 -1 -3.262 -1 -3.386 -1 27
-3.324 -1 -3.166 -1 -3.37 -2 -3.446 -1 393
-3.408 -1 -3.238 -2 -3.346 -2 -3.428 -1 432
-3.387 -1 -3.266 -1 -3.312 -1 -3.43 -1 126
-3.371 -1 -3.226 -1 -3.302 -1 -3.446 -2 353
-3.374 -1 -3.202 -1 -3.302 -1 -3.48 -1 186
-3.391 -1 -3.28 -1 -3.374 -1 -3.428 -1 238
-3.401 -1 -3.28 -1 -3.308 -1 -3.47 -1 35
-3.389 -1 -3.278 -1 -3.304 -1 -3.412 -1 59
-3.358 -1 -3.174 -1 -3.3 -1 -3.508 -2 392
-3.404 -1 -3.286 -1 -3.414 -1 -3.532 -1 457
-3.473 -1 -3.316 -1 -3.43 -1 -3.53 -1 289
-3.48 -1 -3.318 -1 -3.292 -1 -3.37 -1 60
-3.331 -1 -3.212 -1 -3.33 -1 -3.442 -1 314
-3.386 -1 -3.254 -1 -3.362 -1 -3.426 -1 201
-3.394 -1 -3.25 -1 -3.296 -1 -3.484 -1 128
-3.39 -1 -3.284 -1 -3.404 -1 -3.492 -1 385
-3.448 -1 -3.346 -1 -3.41 -1 -3.532 -1 164
-3.471 -1 -3.352 -1 -3.43 -1 -3.504 -2 365
-3.467 -1 -3.326 -1 -3.424 -1 -3.52 -1 167
-3.472 -1 -3.348 -1 -3.458 -1 -3.528 -1 482
-3.493 -1 -3.328 -1 -3.412 -1 -3.49 -1 191
-3.451 -1 -3.33 -1 -3.346 -1 -3.446 -1 46
-3.396 -1 -3.274 -1 -3.29 -1 -3.402 -1 39
-3.346 -1 -3.204 -1 -3.312 -1 -3.456 -2 317
-3.384 -1 -3.284 -1 -3.298 -1 -3.466 -1 46
-3.382 -1 -3.292 -1 -3.456 -1 -3.576 -1 335
-3.516 -1 -3.368 -1 -3.496 -1 -3.578 -1 374
-3.537 -1 -3.41 -1 -3.43 -1 -3.472 -1 78
-3.451 -1 -3.324 -1 -3.374 -1 -3.412 -1 242
-3.393 -1 -3.238 -1 -3.42 -1 -3.52 -1 477
-3.47 -1 -3.318 -1 -3.348 -1 -3.478 -1 65
-3.413 -1 -3.262 -1 -3.314 -1 -3.488 -1 140
-3.401 -1 -3.262 -1 -3.412 -1 -3.462 -1 343
-3.437 -1 -3.298 -1 -3.436 -1 -3.502 -1 445
-3.469 -1 -3.334 -1 -3.444 -1 -3.486 -1 411
-3.465 -1 -3.364 -1 -3.42 -1 -3.516 -1 160
-3.468 -1 -3.354 -1 -3.41 -1 -3.468 -1 148
-3.439 -1 -3.28 -1 -3.398 -1 -3.498 -1 178
-3.448 -1 -3.34 -1 -3.382 -1 -3.486 -2 273
-3.434 -1 -3.286 -1 -3.408 -1 -3.482 -1 347
-3.445 -1 -3.306 -1 -3.342 -1 -3.458 -2 86
-3.4 -1 -3.262 -1 -3.38 -1 -3.454 -2 283
-3.417 -1 -3.298 -1 -3.354 -1 -3.432 -1 168
-3.393 -1 -3.3 -1 -3.352 -1 -3.44 -1 324
-3.396 -1 -3.214 -1 -3.368 -1 -3.486 -1 328
-3.427 -1 -3.284 -1 -3.342 -1 -3.474 -1 358
-3.408 -1 -3.284 -1 -3.322 -1 -3.476 -1 31
-3.399 -1 -3.232 -1 -3.278 -1 -3.46 -1 50
-3.369 -1 -3.212 -1 -3.224 -1 -3.456 -1 52
-3.34 -1 -3.206 -1 -3.214 -1 -3.374 -1 15
-3.294 -1 -3.172 -1 -3.288 -1 -3.488 -1 309
-3.388 -1 -3.29 -1 -3.3 -1 -3.396 -1 71
-3.348 -1 -3.128 -1 -3.186 -1 -3.332 -1 175
-3.259 -1 -3.11 -1 -3.38 -1 -3.432 -2 494
-3.406 -1 -3.242 -1 -3.408 -2 -3.482 -1 292
-3.445 -1 -3.292 -2 -3.386 -2 -3.46 -1 413
-3.423 -1 -3.272 -1 -3.306 -1 -3.358 -1 82
-3.332 -1 -3.216 -1 -3.366 -1 -3.492 -2 480
-3.429 -1 -3.25 -2 -3.408 -2 -3.498 -1 374
-3.453 -1 -3.312 -1 -3.406 -1 -3.502 -1 355
-3.454 -1 -3.278 -1 -3.448 -1 -3.478 -1 439
-3.463 -1 -3.332 -1 -3.398 -1 -3.492 -1 322
-3.445 -1 -3.27 -1 -3.316 -1 -3.4 -1 79
-3.358 -1 -3.258 -1 -3.28 -1 -3.412 -1 67
-3.346 -1 -3.222 -1 -3.238 -1 -3.396 -1 139
-3.317 -1 -3.202 -1 -3.266 -1 -3.43 -1 156
-3.348 -1 -3.22 -1 -3.312 -1 -3.402 -1 288
-3.357 -1 -3.256 -1 -3.368 -1 -3.392 -1 261
-3.38 -1 -3.284 -1 -3.348 -1 -3.49 -1 168
-3.419 -1 -3.286 -1 -3.448 -1 -3.496 -1 383
-3.472 -1 -3.334 -1 -3.422 -1 -3.442 -1 198
-3.432 -1 -3.316 -1 -3.332 -1 -3.464 -2 49
-3.398 -1 -3.288 -1 -3.344 -1 -3.44 -1 222
-3.392 -1 -3.282 -1 -3.318 -1 -3.406 -1 89
-3.362 -1 -3.252 -1 -3.338 -1 -3.402 -1 265
-3.37 -1 -3.212 -1 -3.278 -1 -3.438 -1 118
-3.358 -1 -3.218 -1 -3.304 -1 -3.434 -1 182
-3.369 -1 -3.174 -1 -3.198 -1 -3.406 -1 58
-3.302 -1 -3.188 -1 -3.282 -1 -3.48 -1 203
-3.381 -1 -3.224 -1 -3.322 -1 -3.422 -1 216
-3.372 -1 -3.296 -1 -3.366 -1 -3.468 -1 147
-3.417 -1 -3.298 -1 -3.35 -1 -3.416 -1 119
-3.383 -1 -3.254 -1 -3.376 -1 -3.46 -1 341
-3.418 -1 -3.322 -1 -3.356 -1 -3.462 -1 135
-3.409 -1 -3.276 -1 -3.274 -1 -3.372 -1 33
-3.323 -1 -3.182 -1 -3.234 -1 -3.334 -1 124
-3.284 -1 -3.136 -1 -3.174 -1 -3.334 -1 99
-3.254 -1 -3.126 -1 -3.344 -1 -3.394 -1 423
-3.369 -1 -3.228 -1 -3.368 -1 -3.506 -1 292
-3.437 -1 -3.33 -1 -3.348 -1 -3.48 -2 14
-3.414 -1 -3.25 -1 -3.284 -1 -3.452 -1 92
-3.368 -1 -3.244 -1 -3.328 -2 -3.422 -1 296
-3.375 -1 -3.244 -1 -3.246 -1 -3.406 -2 8
-3.326 -1 -3.212 -1 -3.226 -1 -3.28 -1 81
-3.253 -1 -3.178 -1 -3.234 -1 -3.358 -1 63
-3.296 -1 -3.19 -1 -3.354 -2 -3.496 -1 449
-3.425 -1 -3.284 -1 -3.4 -1 -3.468 -2 422
-3.434 -1 -3.298 -1 -3.336 -1 -3.412 -2 155
-3.374 -1 -3.236 -1 -3.26 -1 -3.384 -2 69
-3.322 -1 -3.248 -1 -3.358 -1 -3.5 -1 173
-3.429 -1 -3.338 -1 -3.414 -1 -3.526 -1 447
-3.47 -1 -3.34 -1 -3.424 -1 -3.526 -2 272
-3.475 -1 -3.346 -1 -3.422 -1 -3.432 -2 277
-3.427 -1 -3.254 -1 -3.36 -1 -3.408 -1 275
-3.384 -1 -3.206 -1 -3.3 -1 -3.498 -1 257
-3.399 -1 -3.242 -1 -3.376 -1 -3.436 -1 281
-3.406 -1 -3.252 -1 -3.268 -1 -3.45 -1 69
-3.359 -1 -3.218 -1 -3.226 -1 -3.364 -1 73
-3.295 -1 -3.16 -1 -3.358 -1 -3.554 -1 470
-3.456 -1 -3.352 -1 -3.424 -1 -3.534 -1 127
-3.479 -1 -3.318 -1 -3.522 -1 -3.504 -1 451
-3.513 -1 -3.402 -1 -3.402 -1 -3.478 -1 84
-3.44 -1 -3.324 -1 -3.398 -1 -3.506 -1 392
-3.452 -1 -3.346 -1 -3.342 -1 -3.472 -1 9
-3.407 -1 -3.294 -1 -3.354 -1 -3.492 -2 101
-3.423 -1 -3.258 -1 -3.312 -1 -3.412 -1 229
-3.362 -1 -3.144 -1 -3.408 -1 -3.53 -1 465
-3.469 -1 -3.366 -2 -3.412 -1 -3.504 -1 209
-3.458 -1 -3.36 -1 -3.456 -1 -3.542 -1 417
-3.499 -1 -3.402 -1 -3.564 -1 -3.576 -1 495
-3.57 -1 -3.418 -1 -3.494 -1 -3.564 -1 395
-3.529 -1 -3.338 -1 -3.362 -1 -3.534 -1 78
-3.448 -1 -3.302 -1 -3.412 -1 -3.498 -2 436
-3.455 -1 -3.31 -1 -3.354 -1 -3.458 -1 66
-3.406 -1 -3.31 -1 -3.358 -1 -3.438 -1 110
-3.398 -1 -3.236 -1 -3.256 -1 -3.428 -1 59
-3.342 -1 -3.2 -1 -3.356 -1 -3.456 -1 379
-3.406 -1 -3.298 -1 -3.386 -1 -3.506 -1 246
-3.446 -1 -3.372 -1 -3.41 -1 -3.47 -1 149
-3.44 -1 -3.298 -1 -3.322 -1 -3.462 -1 83
-3.392 -1 -3.224 -1 -3.384 -1 -3.49 -1 230
-3.437 -1 -3.28 -1 -3.352 -1 -3.448 -1 237
-3.4 -1 -3.264 -1 -3.396 -1 -3.504 -1 324
-3.45 -1 -3.344 -1 -3.448 -1 -3.5 -1 314
-3.474 -1 -3.282 -1 -3.43 -1 -3.508 -2 426
-3.469 -1 -3.37 -1 -3.402 -1 -3.49 -1 62
-3.446 -1 -3.296 -1 -3.346 -1 -3.45 -1 98
-3.398 -1 -3.282 -1 -3.466 -1 -3.57 -1 316
-3.518 -1 -3.298 -1 -3.392 -1 -3.55 -1 419
-3.471 -1 -3.334 -1 -3.484 -1 -3.5 -1 339
-3.492 -1 -3.356 -1 -3.458 -2 -3.506 -1 363
-3.482 -1 -3.394 -1 -3.444 -1 -3.594 -1 280
-3.519 -1 -3.414 -1 -3.44 -1 -3.512 -2 455
-3.476 -1 -3.298 -1 -3.382 -1 -3.502 -1 325
-3.442 -1 -3.302 -1 -3.322 -1 -3.474 -1 173
-3.398 -1 -3.312 -1 -3.372 -1 -3.518 -1 472
-3.445 -1 -3.242 -1 -3.396 -1 -3.472 -1 457
-3.434 -1 -3.296 -1 -3.316 -1 -3.436 -1 66
-3.376 -1 -3.24 -1 -3.262 -1 -3.372 -1 92
-3.317 -1 -3.17 -1 -3.294 -1 -3.472 -1 400
-3.383 -1 -3.226 -1 -3.354 -1 -3.46 -1 286
-3.407 -1 -3.234 -1 -3.314 -1 -3.42 -1 112
-3.367 -1 -3.218 -1 -3.396 -1 -3.444 -1 364
-3.42 -1 -3.262 -1 -3.322 -1 -3.444 -1 223
-3.383 -1 -3.296 -1 -3.434 -1 -3.452 -1 256
-3.443 -1 -3.334 -1 -3.424 -1 -3.526 -1 223
-3.475 -1 -3.332 -1 -3.412 -1 -3.5 -1 418
-3.456 -1 -3.358 -1 -3.352 -1 -3.46 -1 49
-3.406 -1 -3.27 -1 -3.334 -1 -3.462 -1 118
-3.398 -1 -3.252 -1 -3.366 -1 -3.424 -1 291
-3.395 -1 -3.272 -1 -3.318 -1 -3.468 -1 264
-3.393 -1 -3.272 -1 -3.408 -1 -3.472 -1 476
-3.44 -1 -3.3 -1 -3.464 -1 -3.538 -1 258
-3.501 -1 -3.356 -1 -3.442 -1 -3.47 -1 163
-3.456 -1 -3.398 -1 -3.406 -1 -3.472 -1 202
-3.439 -1 -3.34 -1 -3.464 -1 -3.55 -1 460
-3.507 -1 -3.362 -1 -3.374 -1 -3.452 -1 41
-3.413 -1 -3.262 -1 -3.476 -1 -3.554 -1 397
-3.515 -1 -3.366 -1 -3.492 -1 -3.556 -1 383
-3.524 -1 -3.324 -1 -3.432 -1 -3.562 -1 374
-3.497 -1 -3.39 -1 -3.524 -1 -3.638 -2 478
-3.581 -1 -3.44 -1 -3.54 -2 -3.68 -2 346
-3.61 -2 -3.486 -2 -3.496 -2 -3.506 -1 88
-3.501 -1 -3.362 -1 -3.358 -1 -3.506 -2 24
-3.432 -1 -3.32 -1 -3.43 -1 -3.574 -1 344
-3.502 -1 -3.33 -1 -3.376 -2 -3.5 -2 258
-3.438 -2 -3.316 -2 -3.454 -2 -3.56 -1 424
-3.507 -1 -3.362 -1 -3.484 -2 -3.516 -1 294
-3.5 -1 -3.374 -2 -3.422 -1 -3.474 -1 147
-3.448 -1 -3.304 -1 -3.446 -1 -3.49 -1 385
-3.468 -1 -3.31 -1 -3.4 -1 -3.454 -1 298
-3.427 -1 -3.312 -1 -3.296 -1 -3.408 -1 44
-3.352 -1 -3.244 -1 -3.284 -1 -3.388 -1 130
-3.336 -1 -3.202 -1 -3.244 -1 -3.386 -1 148
-3.315 -1 -3.144 -1 -3.202 -1 -3.406 -1 88
-3.304 -1 -3.172 -1 -3.21 -1 -3.39 -1 85
-3.3 -1 -3.204 -1 -3.42 -1 -3.428 -2 457
-3.424 -1 -3.264 -1 -3.414 -2 -3.49 -1 304
-3.452 -1 -3.32 -1 -3.444 -1 -3.544 -2 249
-3.494 -1 -3.334 -1 -3.416 -1 -3.444 -1 325
-3.43 -1 -3.334 -1 -3.502 -2 -3.616 -1 419
-3.559 -1 -3.422 -2 -3.47 -1 -3.572 -1 385
-3.521 -1 -3.44 -1 -3.44 -1 -3.456 -1 14
-3.448 -1 -3.31 -1 -3.466 -1 -3.53 -1 299
-3.498 -1 -3.298 -1 -3.442 -1 -3.536 -1 428
-3.489 -1 -3.352 -1 -3.4 -1 -3.494 -2 289
-3.447 -1 -3.314 -1 -3.314 -1 -3.43 -2 6
-3.372 -1 -3.256 -2 -3.258 -2 -3.402 -1 64
-3.33 -1 -3.218 -1 -3.432 -1 -3.476 -1 300
-3.454 -1 -3.348 -1 -3.352 -1 -3.434 -1 14
-3.393 -1 -3.258 -1 -3.258 -1 -3.402 -1 0
-3.33 -1 -3.252 -1 -3.362 -1 -3.44 -2 249
-3.401 -1 -3.244 -1 -3.28 -1 -3.432 -1 92
-3.356 -1 -3.234 -1 -3.34 -1 -3.426 -1 394
-3.383 -1 -3.296 -1 -3.42 -1 -3.45 -1 486
-3.435 -1 -3.292 -1 -3.382 -1 -3.462 -1 235
-3.422 -1 -3.3 -1 -3.336 -1 -3.424 -1 160
-3.38 -1 -3.236 -1 -3.302 -1 -3.408 -1 267
-3.355 -1 -3.2 -1 -3.388 -1 -3.438 -1 330
-3.413 -1 -3.292 -1 -3.414 -1 -3.53 -1 390
-3.472 -1 -3.298 -1 -3.384 -1 -3.498 -2 221
-3.441 -1 -3.276 -1 -3.302 -1 -3.502 -1 75
-3.402 -1 -3.262 -1 -3.288 -1 -3.424 -1 137
-3.356 -1 -3.208 -1 -3.25 -1 -3.452 -1 72
-3.351 -1 -3.266 -1 -3.376 -1 -3.504 -1 206
-3.44 -1 -3.292 -1 -3.44 -2 -3.506 -1 488
-3.473 -1 -3.434 -1 -3.48 -1 -3.566 -1 429
-3.523 -1 -3.358 -1 -3.508 -1 -3.532 -1 360
-3.52 -1 -3.408 -1 -3.4 -1 -3.456 -1 26
-3.428 -1 -3.266 -1 -3.278 -1 -3.456 -1 56
-3.367 -1 -3.262 -1 -3.342 -1 -3.458 -2 151
-3.4 -1 -3.286 -1 -3.446 -2 -3.506 -1 420
-3.476 -1 -3.306 -1 -3.412 -1 -3.494 -1 175
-3.453 -1 -3.352 -1 -3.372 -1 -3.476 -2 142
-3.424 -1 -3.272 -1 -3.372 -1 -3.414 -1 382
-3.393 -1 -3.258 -1 -3.376 -1 -3.46 -1 374
-3.418 -1 -3.32 -1 -3.476 -1 -3.476 -1 463
-3.476 -1 -3.34 -1 -3.494 -1 -3.522 -1 497
-3.508 -1 -3.398 -1 -3.462 -1 -3.514 -1 208
-3.488 -1 -3.388 -1 -3.452 -1 -3.622 -1 126
-3.537 -1 -3.394 -1 -3.446 -1 -3.582 -2 499
-3.514 -1 -3.354 -1 -3.422 -1 -3.49 -1 278
-3.456 -1 -3.312 -1 -3.39 -1 -3.474 -1 354
-3.432 -1 -3.302 -1 -3.378 -1 -3.492 -2 292
-3.435 -1 -3.29 -1 -3.44 -2 -3.55 -1 347
-3.495 -1 -3.324 -2 -3.488 -2 -3.506 -1 496
-3.497 -1 -3.4 -2 -3.402 -2 -3.436 -2 29
-3.419 -2 -3.244 -2 -3.416 -1 -3.536 -1 461
-3.476 -1 -3.36 -1 -3.51 -1 -3.59 -1 278
-3.55 -1 -3.408 -2 -3.438 -2 -3.52 -2 132
-3.479 -2 -3.36 -2 -3.376 -1 -3.488 -2 176
-3.432 -1 -3.262 -1 -3.378 -2 -3.476 -1 326
-3.427 -1 -3.328 -1 -3.398 -1 -3.512 -2 241
-3.455 -1 -3.274 -1 -3.394 -2 -3.504 -1 327
-3.449 -1 -3.284 -1 -3.294 -1 -3.414 -1 37
-3.354 -1 -3.134 -1 -3.372 -1 -3.49 -1 413
-3.431 -1 -3.23 -1 -3.342 -1 -3.474 -1 184
-3.408 -1 -3.274 -1 -3.466 -1 -3.526 -2 483
-3.496 -1 -3.418 -2 -3.414 -1 -3.476 -1 380
-3.445 -1 -3.358 -1 -3.464 -1 -3.608 -2 389
-3.536 -1 -3.426 -2 -3.414 -1 -3.504 -2 111
-3.459 -1 -3.314 -1 -3.328 -1 -3.464 -1 62
-3.396 -1 -3.24 -1 -3.342 -1 -3.452 -1 206
-3.397 -1 -3.266 -1 -3.256 -1 -3.396 -1 48
-3.326 -1 -3.222 -2 -3.358 -1 -3.456 -1 428
-3.407 -1 -3.252 -1 -3.316 -1 -3.412 -2 105
-3.364 -1 -3.212 -2 -3.372 -1 -3.456 -1 427
-3.414 -1 -3.32 -1 -3.47 -1 -3.462 -2 257
-3.466 -1 -3.294 -1 -3.338 -1 -3.466 -1 129
-3.402 -1 -3.294 -1 -3.426 -1 -3.496 -1 457
-3.461 -1 -3.288 -1 -3.292 -1 -3.44 -1 3
-3.366 -1 -3.238 -1 -3.36 -1 -3.454 -1 177
-3.407 -1 -3.268 -1 -3.4 -1 -3.492 -1 460
-3.446 -1 -3.316 -1 -3.468 -1 -3.522 -1 350
-3.495 -1 -3.31 -1 -3.314 -1 -3.504 -2 12
-3.409 -1 -3.334 -1 -3.398 -1 -3.538 -1 461
-3.468 -1 -3.292 -1 -3.344 -1 -3.512 -2 220
-3.428 -1 -3.308 -1 -3.352 -1 -3.424 -2 230
-3.388 -1 -3.272 -2 -3.276 -2 -3.414 -1 83
-3.345 -1 -3.232 -1 -3.382 -1 -3.528 -2 349
-3.455 -1 -3.302 -1 -3.338 -1 -3.41 -2 111
-3.374 -1 -3.264 -1 -3.338 -2 -3.44 -1 235
-3.389 -1 -3.242 -1 -3.308 -1 -3.368 -1 121
-3.338 -1 -3.232 -1 -3.374 -2 -3.478 -2 270
-3.426 -2 -3.292 -2 -3.374 -2 -3.52 -2 284
-3.447 -2 -3.302 -2 -3.374 -1 -3.5 -1 247
-3.437 -1 -3.354 -1 -3.406 -1 -3.472 -2 179
-3.439 -1 -3.256 -1 -3.294 -2 -3.416 -1 69
-3.355 -1 -3.194 -1 -3.392 -1 -3.448 -1 398
-3.42 -1 -3.27 -1 -3.376 -1 -3.412 -2 220
-3.394 -1 -3.248 -1 -3.326 -1 -3.476 -1 191
-3.401 -1 -3.274 -1 -3.456 -1 -3.568 -2 357
-3.512 -1 -3.432 -1 -3.488 -1 -3.56 -1 262
-3.524 -1 -3.418 -1 -3.436 -1 -3.518 -1 35
-3.477 -1 -3.356 -1 -3.382 -1 -3.512 -1 154
-3.447 -1 -3.236 -1 -3.3 -1 -3.444 -2 180
-3.372 -1 -3.258 -1 -3.348 -1 -3.484 -2 277
-3.416 -1 -3.326 -1 -3.414 -2 -3.5 -1 323
-3.457 -1 -3.334 -1 -3.354 -1 -3.448 -1 34
-3.401 -1 -3.35 -1 -3.458 -1 -3.544 -2 359
-3.501 -1 -3.354 -1 -3.448 -1 -3.532 -2 365
-3.49 -1 -3.402 -1 -3.432 -1 -3.524 -1 164
-3.478 -1 -3.368 -1 -3.46 -2 -3.518 -1 278
-3.489 -1 -3.392 -1 -3.484 -1 -3.582 -2 362
-3.533 -1 -3.346 -1 -3.342 -1 -3.456 -2 11
-3.399 -1 -3.306 -1 -3.38 -1 -3.5 -1 393
-3.44 -1 -3.33 -1 -3.326 -1 -3.446 -1 39
-3.386 -1 -3.244 -1 -3.288 -1 -3.378 -1 129
-3.333 -1 -3.178 -1 -3.354 -1 -3.424 -1 382
-3.389 -1 -3.216 -1 -3.264 -1 -3.416 -1 110
-3.34 -1 -3.244 -1 -3.41 -1 -3.488 -1 365
-3.449 -1 -3.252 -1 -3.376 -1 -3.524 -1 487
-3.45 -1 -3.338 -1 -3.384 -1 -3.446 -1 208
-3.415 -1 -3.25 -1 -3.408 -1 -3.532 -1 382
-3.47 -1 -3.34 -1 -3.418 -1 -3.516 -1 230
-3.467 -1 -3.316 -1 -3.448 -1 -3.464 -1 282
-3.456 -1 -3.326 -1 -3.348 -1 -3.512 -1 49
-3.43 -1 -3.26 -1 -3.336 -1 -3.498 -1 179
-3.417 -1 -3.32 -1 -3.412 -1 -3.504 -1 270
-3.458 -1 -3.32 -1 -3.486 -1 -3.532 -1 321
-3.509 -1 -3.426 -1 -3.476 -1 -3.566 -1 90
-3.521 -1 -3.398 -1 -3.582 -1 -3.562 -1 449
-3.572 -1 -3.436 -1 -3.454 -1 -3.526 -1 81
-3.49 -1 -3.324 -1 -3.426 -1 -3.506 -1 356
-3.466 -1 -3.352 -1 -3.396 -1 -3.448 -1 55
-3.422 -1 -3.244 -1 -3.364 -1 -3.48 -1 272
-3.422 -1 -3.306 -1 -3.482 -1 -3.464 -1 424
-3.473 -1 -3.314 -1 -3.32 -1 -3.454 -1 75
-3.387 -1 -3.362 -1 -3.384 -1 -3.432 -1 42
-3.408 -1 -3.244 -1 -3.382 -1 -3.536 -2 368
-3.459 -1 -3.342 -1 -3.37 -1 -3.544 -1 151
-3.457 -1 -3.304 -1 -3.4 -1 -3.528 -1 155
-3.464 -1 -3.31 -1 -3.386 -1 -3.442 -1 185
-3.414 -1 -3.252 -1 -3.39 -1 -3.452 -1 269
-3.421 -1 -3.264 -1 -3.452 -1 -3.582 -1 448
-3.517 -1 -3.416 -1 -3.502 -1 -3.514 -1 270
-3.508 -1 -3.356 -1 -3.378 -1 -3.386 -1 178
-3.382 -1 -3.248 -1 -3.384 -1 -3.514 -1 405
-3.449 -1 -3.266 -1 -3.39 -1 -3.424 -1 399
-3.407 -1 -3.282 -1 -3.388 -1 -3.488 -2 221
-3.438 -1 -3.312 -1 -3.498 -1 -3.626 -1 473
-3.562 -1 -3.49 -1 -3.58 -1 -3.556 -1 456
-3.568 -1 -3.378 -1 -3.448 -1 -3.602 -2 176
-3.525 -1 -3.406 -1 -3.576 -2 -3.572 -1 468
-3.574 -1 -3.432 -1 -3.564 -1 -3.634 -2 450
-3.599 -1 -3.484 -2 -3.504 -2 -3.52 -1 165
-3.512 -1 -3.378 -1 -3.444 -2 -3.564 -2 464
-3.504 -2 -3.356 -2 -3.492 -2 -3.524 -2 366
-3.508 -2 -3.386 -2 -3.486 -1 -3.592 -2 461
-3.539 -1 -3.404 -2 -3.46 -1 -3.556 -1 139
-3.508 -1 -3.352 -1 -3.43 -1 -3.56 -1 350
-3.495 -1 -3.396 -1 -3.444 -1 -3.568 -1 150
-3.506 -1 -3.334 -1 -3.366 -1 -3.442 -1 63
-3.404 -1 -3.322 -1 -3.414 -2 -3.508 -1 283
-3.461 -1 -3.348 -1 -3.404 -1 -3.492 -1 348
-3.448 -1 -3.294 -1 -3.35 -1 -3.438 -1 144
-3.394 -1 -3.282 -1 -3.452 -1 -3.496 -1 279
-3.474 -1 -3.382 -1 -3.524 -1 -3.544 -2 491
-3.534 -1 -3.446 -1 -3.462 -1 -3.51 -1 158
-3.486 -1 -3.356 -1 -3.374 -1 -3.418 -1 67
-3.396 -1 -3.238 -1 -3.328 -1 -3.456 -1 161
-3.392 -1 -3.228 -1 -3.37 -1 -3.436 -1 281
-3.403 -1 -3.334 -1 -3.402 -1 -3.452 -1 328
-3.427 -1 -3.304 -1 -3.52 -1 -3.618 -1 412
-3.569 -1 -3.496 -1 -3.57 -1 -3.56 -1 274
-3.565 -1 -3.368 -1 -3.514 -1 -3.472 -1 480
-3.493 -1 -3.374 -1 -3.426 -1 -3.548 -1 169
-3.487 -1 -3.318 -1 -3.318 -1 -3.434 -1 1
-3.376 -1 -3.226 -1 -3.376 -1 -3.512 -1 340
-3.444 -1 -3.35 -1 -3.462 -1 -3.516 -2 483
-3.489 -1 -3.378 -1 -3.43 -1 -3.514 -2 79
-3.472 -1 -3.294 -1 -3.366 -1 -3.474 -1 255
-3.42 -1 -3.286 -1 -3.29 -1 -3.376 -1 47
-3.333 -1 -3.19 -1 -3.22 -1 -3.262 -1 118
-3.241 -1 -3.118 -1 -3.212 -1 -3.384 -1 114
-3.298 -1 -3.132 -1 -3.19 -1 -3.306 -1 105
-3.248 -1 -3.156 -1 -3.314 -1 -3.472 -1 453
-3.393 -1 -3.244 -1 -3.43 -1 -3.462 -2 463
-3.446 -1 -3.332 -2 -3.304 -2 -3.482 -2 208
-3.393 -2 -3.306 -2 -3.374 -2 -3.486 -1 176
-3.43 -1 -3.324 -2 -3.382 -1 -3.444 -1 337
-3.413 -1 -3.338 -1 -3.5 -1 -3.574 -1 433
-3.537 -1 -3.424 -1 -3.424 -1 -3.51 -1 232
-3.467 -1 -3.352 -1 -3.372 -1 -3.434 -1 71
-3.403 -1 -3.334 -1 -3.396 -1 -3.528 -1 130
-3.462 -1 -3.372 -1 -3.386 -1 -3.48 -1 28
-3.433 -1 -3.286 -1 -3.33 -1 -3.424 -1 170
-3.377 -1 -3.232 -1 -3.406 -1 -3.434 -2 494
-3.42 -1 -3.296 -1 -3.41 -1 -3.538 -1 365
-3.474 -1 -3.376 -1 -3.436 -1 -3.462 -1 139
-3.449 -1 -3.34 -1 -3.496 -1 -3.642 -2 424
-3.569 -1 -3.454 -1 -3.504 -1 -3.582 -1 225
-3.543 -1 -3.41 -1 -3.534 -1 -3.596 -1 405
-3.565 -1 -3.4 -1 -3.514 -1 -3.594 -1 451
-3.554 -1 -3.402 -1 -3.484 -1 -3.564 -1 483
-3.524 -1 -3.358 -1 -3.394 -1 -3.516 -1 229
-3.455 -1 -3.266 -1 -3.376 -1 -3.482 -1 476
-3.429 -1 -3.342 -1 -3.466 -1 -3.466 -1 460
-3.466 -1 -3.348 -1 -3.452 -1 -3.582 -1 470
-3.517 -1 -3.34 -1 -3.348 -1 -3.478 -1 167
-3.413 -1 -3.252 -1 -3.374 -1 -3.492 -1 328
-3.433 -1 -3.29 -1 -3.484 -1 -3.538 -1 440
-3.511 -1 -3.36 -1 -3.466 -1 -3.54 -1 332
-3.503 -1 -3.37 -1 -3.49 -1 -3.546 -1 431
-3.518 -1 -3.412 -1 -3.454 -1 -3.572 -2 238
-3.513 -1 -3.368 -1 -3.448 -1 -3.476 -1 245
-3.462 -1 -3.266 -1 -3.332 -1 -3.448 -1 375
-3.39 -1 -3.236 -1 -3.348 -1 -3.52 -1 240
-3.434 -1 -3.328 -1 -3.41 -1 -3.508 -1 240
-3.459 -1 -3.328 -1 -3.346 -1 -3.432 -1 362
-3.389 -1 -3.268 -1 -3.324 -1 -3.46 -1 111
-3.392 -1 -3.29 -1 -3.326 -1 -3.436 -1 71
-3.381 -1 -3.258 -1 -3.39 -1 -3.468 -1 451
-3.429 -1 -3.302 -1 -3.464 -1 -3.5 -1 233
-3.482 -1 -3.36 -1 -3.398 -1 -3.354 -1 124
-3.376 -1 -3.248 -1 -3.37 -1 -3.49 -1 292
-3.43 -1 -3.328 -1 -3.392 -1 -3.48 -1 269
-3.436 -1 -3.332 -1 -3.466 -1 -3.492 -1 333
-3.479 -1 -3.318 -1 -3.322 -1 -3.422 -1 111
-3.372 -1 -3.218 -1 -3.318 -1 -3.488 -1 276
-3.403 -1 -3.24 -1 -3.34 -1 -3.456 -1 342
-3.398 -1 -3.242 -1 -3.312 -2 -3.438 -1 230
-3.375 -1 -3.266 -1 -3.304 -1 -3.474 -1 100
-3.389 -1 -3.238 -1 -3.32 -1 -3.428 -2 244
-3.374 -1 -3.238 -1 -3.408 -1 -3.476 -1 494
-3.442 -1 -3.318 -1 -3.362 -1 -3.412 -1 192
-3.387 -1 -3.236 -1 -3.344 -1 -3.44 -1 484
-3.392 -1 -3.318 -1 -3.376 -1 -3.456 -1 194
-3.416 -1 -3.24 -1 -3.326 -1 -3.43 -1 293
-3.378 -1 -3.252 -1 -3.298 -1 -3.414 -1 121
-3.356 -1 -3.226 -1 -3.302 -1 -3.362 -1 189
-3.332 -1 -3.242 -1 -3.362 -1 -3.42 -2 345
-3.391 -1 -3.264 -1 -3.298 -1 -3.394 -1 115
-3.346 -1 -3.204 -1 -3.402 -1 -3.44 -2 493
-3.421 -1 -3.276 -1 -3.338 -1 -3.504 -2 204
-3.421 -1 -3.272 -1 -3.428 -1 -3.48 -1 408
-3.454 -1 -3.316 -1 -3.374 -1 -3.46 -2 114
-3.417 -1 -3.294 -1 -3.296 -1 -3.464 -2 1
-3.38 -1 -3.264 -1 -3.324 -1 -3.472 -1 101
-3.398 -1 -3.264 -1 -3.426 -2 -3.49 -1 442
-3.458 -1 -3.354 -1 -3.462 -1 -3.536 -1 313
-3.499 -1 -3.39 -1 -3.42 -1 -3.574 -1 92
-3.497 -1 -3.342 -1 -3.422 -1 -3.524 -2 276
-3.473 -1 -3.344 -1 -3.444 -1 -3.548 -1 302
-3.496 -1 -3.408 -1 -3.432 -1 -3.46 -1 122
-3.446 -1 -3.318 -1 -3.44 -1 -3.556 -1 397
-3.498 -1 -3.376 -1 -3.462 -1 -3.556 -1 270
-3.509 -1 -3.388 -1 -3.456 -1 -3.54 -1 162
-3.498 -1 -3.32 -1 -3.458 -1 -3.574 -2 315
-3.516 -1 -3.448 -1 -3.45 -1 -3.538 -1 179
-3.494 -1 -3.35 -1 -3.52 -1 -3.616 -1 352
-3.568 -1 -3.466 -1 -3.49 -1 -3.524 -1 242
-3.507 -1 -3.418 -1 -3.422 -1 -3.478 -1 208
-3.45 -1 -3.384 -1 -3.454 -1 -3.532 -1 326
-3.493 -1 -3.35 -1 -3.528 -1 -3.616 -2 478
-3.572 -1 -3.378 -1 -3.464 -1 -3.606 -1 416
-3.535 -1 -3.38 -1 -3.446 -1 -3.532 -1 358
-3.489 -1 -3.354 -1 -3.434 -1 -3.504 -2 333
-3.469 -1 -3.378 -1 -3.484 -1 -3.538 -2 433
-3.511 -1 -3.372 -1 -3.476 -2 -3.496 -1 491
-3.486 -1 -3.386 -1 -3.388 -1 -3.55 -1 26
-3.469 -1 -3.348 -1 -3.416 -1 -3.542 -1 128
-3.479 -1 -3.336 -1 -3.376 -1 -3.436 -1 287
-3.406 -1 -3.272 -1 -3.39 -2 -3.514 -1 352
-3.452 -1 -3.368 -1 -3.474 -1 -3.526 -1 299
-3.5 -1 -3.33 -1 -3.466 -1 -3.476 -1 363
-3.471 -1 -3.35 -2 -3.422 -1 -3.504 -1 281
-3.463 -1 -3.328 -1 -3.42 -1 -3.482 -2 422
-3.451 -1 -3.364 -1 -3.472 -1 -3.572 -1 432
-3.522 -1 -3.444 -1 -3.488 -1 -3.546 -1 339
-3.517 -1 -3.414 -1 -3.434 -1 -3.53 -2 307
-3.482 -1 -3.32 -1 -3.492 -1 -3.532 -1 345
-3.512 -1 -3.368 -1 -3.458 -1 -3.524 -2 397
-3.491 -1 -3.372 -1 -3.472 -1 -3.506 -1 332
-3.489 -1 -3.348 -1 -3.454 -1 -3.51 -2 360
-3.482 -1 -3.388 -1 -3.418 -1 -3.528 -1 194
-3.473 -1 -3.328 -1 -3.472 -1 -3.498 -1 421
-3.485 -1 -3.318 -1 -3.454 -1 -3.562 -1 299
-3.508 -1 -3.312 -1 -3.454 -1 -3.498 -1 406
-3.476 -1 -3.356 -1 -3.478 -1 -3.514 -1 332
-3.496 -1 -3.312 -2 -3.47 -1 -3.552 -1 412
-3.511 -1 -3.354 -1 -3.44 -2 -3.476 -1 456
-3.458 -1 -3.338 -1 -3.41 -1 -3.546 -1 135
-3.478 -1 -3.352 -1 -3.372 -1 -3.426 -2 81
-3.399 -1 -3.25 -1 -3.32 -1 -3.47 -1 123
-3.395 -1 -3.244 -1 -3.322 -1 -3.516 -1 330
-3.419 -1 -3.242 -1 -3.43 -1 -3.576 -2 387
-3.503 -1 -3.358 -1 -3.416 -1 -3.51 -2 108
-3.463 -1 -3.382 -1 -3.45 -1 -3.546 -1 424
-3.498 -1 -3.336 -1 -3.364 -1 -3.492 -1 207
-3.428 -1 -3.294 -1 -3.416 -1 -3.476 -2 356
-3.446 -1 -3.304 -1 -3.372 -1 -3.408 -1 487
-3.39 -1 -3.308 -1 -3.394 -1 -3.538 -2 212
-3.466 -1 -3.322 -1 -3.35 -1 -3.478 -1 129
-3.414 -1 -3.32 -1 -3.412 -1 -3.544 -1 198
-3.478 -1 -3.318 -1 -3.446 -1 -3.51 -1 337
-3.478 -1 -3.304 -1 -3.39 -1 -3.492 -2 343
-3.441 -1 -3.298 -1 -3.396 -2 -3.428 -2 197
-3.412 -2 -3.294 -2 -3.386 -2 -3.49 -1 390
-3.438 -1 -3.294 -1 -3.392 -1 -3.48 -1 471
-3.436 -1 -3.262 -1 -3.308 -1 -3.448 -1 84
-3.378 -1 -3.31 -1 -3.352 -1 -3.442 -1 229
-3.397 -1 -3.25 -1 -3.284 -1 -3.474 -1 54
-3.379 -1 -3.252 -1 -3.318 -1 -3.46 -1 203
-3.389 -1 -3.176 -1 -3.212 -1 -3.408 -1 37
-3.31 -1 -3.19 -1 -3.276 -1 -3.402 -1 126
-3.339 -1 -3.22 -1 -3.256 -1 -3.432 -2 149
-3.344 -1 -3.226 -1 -3.338 -1 -3.404 -1 350
-3.371 -1 -3.24 -1 -3.422 -1 -3.514 -1 464
-3.468 -1 -3.382 -1 -3.494 -1 -3.532 -1 269
-3.513 -1 -3.39 -1 -3.416 -1 -3.416 -1 174
-3.416 -1 -3.284 -1 -3.314 -1 -3.43 -1 36
-3.372 -1 -3.268 -1 -3.326 -1 -3.456 -1 116
-3.391 -1 -3.312 -1 -3.314 -1 -3.358 -1 36
-3.336 -1 -3.176 -1 -3.356 -1 -3.484 -1 311
-3.42 -1 -3.254 -1 -3.406 -1 -3.5 -1 488
-3.453 -1 -3.298 -1 -3.308 -1 -3.46 -2 243
-3.384 -1 -3.264 -1 -3.506 -1 -3.594 -2 459
-3.55 -1 -3.43 -1 -3.51 -1 -3.55 -1 311
-3.53 -1 -3.454 -1 -3.488 -1 -3.596 -1 263
-3.542 -1 -3.418 -1 -3.458 -1 -3.506 -1 88
-3.482 -1 -3.346 -1 -3.406 -1 -3.502 -2 216
-3.454 -1 -3.334 -1 -3.328 -1 -3.406 -2 71
-3.367 -1 -3.236 -1 -3.384 -1 -3.496 -1 336
-3.44 -1 -3.272 -1 -3.402 -1 -3.6 -1 470
-3.501 -1 -3.362 -1 -3.394 -2 -3.454 -2 279
-3.424 -2 -3.294 -2 -3.432 -2 -3.484 -1 455
-3.458 -1 -3.334 -1 -3.454 -2 -3.554 -1 396
-3.504 -1 -3.414 -1 -3.414 -1 -3.47 -2 4
-3.442 -1 -3.3 -1 -3.442 -1 -3.476 -2 443
-3.459 -1 -3.314 -1 -3.358 -1 -3.448 -1 139
-3.403 -1 -3.27 -1 -3.502 -1 -3.462 -1 483
-3.482 -1 -3.356 -1 -3.376 -1 -3.49 -1 92
-3.433 -1 -3.3 -1 -3.406 -1 -3.496 -1 293
-3.451 -1 -3.276 -1 -3.29 -1 -3.4 -2 39
-3.345 -1 -3.236 -1 -3.258 -1 -3.328 -1 37
-3.293 -1 -3.174 -1 -3.312 -1 -3.454 -1 253
-3.383 -1 -3.196 -1 -3.284 -1 -3.434 -2 173
-3.359 -1 -3.266 -1 -3.34 -1 -3.54 -1 184
-3.44 -1 -3.316 -1 -3.29 -1 -3.46 -1 40
-3.375 -1 -3.25 -1 -3.314 -1 -3.466 -1 133
-3.39 -1 -3.272 -1 -3.348 -1 -3.46 -1 220
-3.404 -1 -3.28 -1 -3.498 -1 -3.534 -1 499
-3.516 -1 -3.376 -1 -3.412 -1 -3.488 -1 237
-3.45 -1 -3.34 -1 -3.412 -1 -3.484 -1 235
-3.448 -1 -3.284 -1 -3.284 -1 -3.448 -1 63
-3.366 -1 -3.274 -1 -3.408 -1 -3.544 -2 366
-3.476 -1 -3.352 -1 -3.358 -1 -3.432 -1 6
-3.395 -1 -3.284 -1 -3.35 -2 -3.466 -1 325
-3.408 -1 -3.286 -1 -3.288 -1 -3.362 -1 16
-3.325 -1 -3.184 -1 -3.26 -1 -3.45 -1 131
-3.355 -1 -3.21 -1 -3.364 -1 -3.452 -1 470
-3.408 -1 -3.28 -1 -3.384 -1 -3.424 -1 360
-3.404 -1 -3.28 -1 -3.424 -1 -3.436 -1 455
-3.43 -1 -3.33 -1 -3.328 -1 -3.386 -1 58
-3.357 -1 -3.218 -1 -3.294 -1 -3.404 -1 153
-3.349 -1 -3.226 -1 -3.37 -1 -3.434 -1 239
-3.402 -1 -3.23 -1 -3.342 -1 -3.476 -2 242
-3.409 -1 -3.212 -1 -3.248 -1 -3.378 -1 65
-3.313 -1 -3.216 -1 -3.242 -1 -3.426 -1 52
-3.334 -1 -3.232 -1 -3.422 -1 -3.524 -2 424
-3.473 -1 -3.326 -1 -3.392 -1 -3.506 -1 190
-3.449 -1 -3.25 -1 -3.282 -1 -3.462 -1 198
-3.372 -1 -3.226 -1 -3.292 -1 -3.45 -1 118
-3.371 -1 -3.242 -1 -3.396 -2 -3.55 -1 322
-3.473 -1 -3.346 -1 -3.442 -1 -3.55 -1 307
-3.496 -1 -3.384 -1 -3.418 -1 -3.488 -1 114
-3.453 -1 -3.298 -1 -3.524 -1 -3.536 -2 398
-3.53 -1 -3.398 -1 -3.398 -1 -3.512 -1 242
-3.455 -1 -3.29 -1 -3.304 -1 -3.468 -1 36
-3.386 -1 -3.232 -1 -3.27 -1 -3.394 -1 60
-3.332 -1 -3.238 -1 -3.308 -1 -3.464 -1 169
-3.386 -1 -3.268 -1 -3.338 -1 -3.448 -1 109
-3.393 -1 -3.256 -1 -3.336 -1 -3.426 -1 357
-3.381 -1 -3.268 -1 -3.346 -1 -3.508 -1 211
-3.427 -1 -3.266 -1 -3.416 -1 -3.484 -2 385
-3.45 -1 -3.334 -1 -3.368 -1 -3.454 -1 104
-3.411 -1 -3.28 -1 -3.372 -1 -3.454 -1 273
-3.413 -1 -3.294 -1 -3.354 -1 -3.468 -1 114
-3.411 -1 -3.234 -1 -3.43 -1 -3.606 -2 487
-3.518 -1 -3.354 -1 -3.35 -1 -3.432 -1 7
-3.391 -1 -3.234 -1 -3.32 -1 -3.482 -1 388
-3.401 -1 -3.28 -1 -3.338 -1 -3.486 -1 146
-3.412 -1 -3.286 -1 -3.304 -1 -3.394 -1 31
-3.349 -1 -3.188 -1 -3.238 -1 -3.352 -1 115
-3.295 -1 -3.184 -1 -3.34 -1 -3.436 -1 279
-3.388 -1 -3.26 -1 -3.33 -1 -3.464 -1 380
-3.397 -1 -3.254 -1 -3.368 -1 -3.43 -1 267
-3.399 -1 -3.164 -1 -3.356 -1 -3.518 -1 374
-3.437 -1 -3.314 -1 -3.326 -1 -3.434 -1 49
-3.38 -1 -3.252 -1 -3.324 -1 -3.414 -1 253
-3.369 -1 -3.286 -1 -3.35 -1 -3.56 -2 280
-3.455 -1 -3.312 -1 -3.374 -1 -3.45 -1 280
-3.412 -1 -3.262 -1 -3.372 -1 -3.494 -1 297
-3.433 -1 -3.35 -1 -3.456 -1 -3.506 -1 449
-3.481 -1 -3.366 -1 -3.464 -1 -3.55 -2 441
-3.507 -1 -3.37 -1 -3.488 -1 -3.578 -1 318
-3.533 -1 -3.428 -1 -3.554 -1 -3.588 -1 481
-3.571 -1 -3.422 -1 -3.42 -1 -3.48 -1 26
-3.45 -1 -3.304 -1 -3.326 -1 -3.438 -1 160
-3.382 -1 -3.228 -1 -3.396 -1 -3.528 -1 358
-3.462 -1 -3.39 -1 -3.498 -1 -3.558 -2 468
-3.528 -1 -3.446 -1 -3.478 -1 -3.57 -1 457
-3.524 -1 -3.358 -1 -3.364 -1 -3.456 -1 103
-3.41 -1 -3.256 -1 -3.264 -1 -3.478 -1 106
-3.371 -1 -3.26 -1 -3.27 -1 -3.446 -1 11
-3.358 -1 -3.15 -1 -3.232 -1 -3.424 -1 114
-3.328 -1 -3.22 -1 -3.248 -1 -3.43 -2 121
-3.339 -1 -3.194 -1 -3.366 -1 -3.44 -1 360
-3.403 -1 -3.262 -1 -3.38 -1 -3.538 -1 352
-3.459 -1 -3.336 -1 -3.382 -1 -3.478 -1 95
-3.43 -1 -3.334 -1 -3.414 -1 -3.482 -1 315
-3.448 -1 -3.312 -1 -3.424 -1 -3.574 -1 388
-3.499 -1 -3.406 -1 -3.42 -1 -3.492 -2 81
-3.456 -1 -3.338 -1 -3.436 -1 -3.472 -1 385
-3.454 -1 -3.286 -1 -3.388 -1 -3.488 -1 156
-3.438 -1 -3.302 -1 -3.334 -1 -3.426 -1 78
-3.38 -1 -3.192 -1 -3.426 -1 -3.482 -1 495
-3.454 -1 -3.336 -1 -3.386 -1 -3.498 -1 230
-3.442 -1 -3.24 -1 -3.468 -1 -3.526 -1 423
-3.497 -1 -3.352 -1 -3.452 -1 -3.536 -1 266
-3.494 -1 -3.404 -1 -3.48 -1 -3.546 -1 468
-3.513 -1 -3.4 -1 -3.494 -2 -3.562 -1 222
-3.528 -1 -3.404 -2 -3.506 -2 -3.536 -2 377
-3.521 -2 -3.416 -2 -3.518 -2 -3.55 -1 392
-3.534 -1 -3.402 -1 -3.496 -2 -3.58 -1 222
-3.538 -1 -3.396 -1 -3.492 -1 -3.56 -1 413
-3.526 -1 -3.37 -1 -3.438 -1 -3.5 -2 149
-3.469 -1 -3.366 -1 -3.426 -1 -3.542 -1 241
-3.484 -1 -3.384 -1 -3.402 -1 -3.546 -1 224
-3.474 -1 -3.332 -1 -3.352 -1 -3.398 -1 24
-3.375 -1 -3.278 -1 -3.354 -1 -3.426 -1 421
-3.39 -1 -3.222 -1 -3.306 -1 -3.506 -1 239
-3.406 -1 -3.306 -1 -3.416 -1 -3.498 -1 316
-3.457 -1 -3.332 -1 -3.336 -1 -3.374 -1 279
-3.355 -1 -3.226 -1 -3.316 -1 -3.408 -1 266
-3.362 -1 -3.21 -1 -3.308 -1 -3.44 -1 178
-3.374 -1 -3.268 -1 -3.306 -1 -3.39 -1 93
-3.348 -1 -3.184 -1 -3.296 -1 -3.492 -1 406
-3.394 -1 -3.272 -1 -3.314 -1 -3.422 -1 333
-3.368 -1 -3.244 -1 -3.392 -1 -3.402 -1 480
-3.397 -1 -3.3 -1 -3.396 -1 -3.426 -1 473
-3.411 -1 -3.296 -1 -3.4 -1 -3.488 -2 294
-3.444 -1 -3.34 -1 -3.358 -1 -3.518 -2 76
-3.438 -1 -3.28 -1 -3.36 -1 -3.394 -1 168
-3.377 -1 -3.228 -1 -3.382 -1 -3.556 -1 397
-3.469 -1 -3.336 -1 -3.456 -1 -3.564 -1 471
-3.51 -1 -3.37 -1 -3.434 -1 -3.52 -2 498
-3.477 -1 -3.356 -1 -3.43 -1 -3.486 -1 452
-3.458 -1 -3.32 -1 -3.382 -1 -3.466 -1 196
-3.424 -1 -3.302 -1 -3.322 -1 -3.42 -2 107
-3.371 -1 -3.24 -1 -3.398 -1 -3.498 -2 398
-3.448 -1 -3.312 -1 -3.392 -1 -3.56 -1 477
-3.476 -1 -3.326 -1 -3.36 -1 -3.498 -1 145
-3.429 -1 -3.352 -1 -3.382 -1 -3.516 -1 145
-3.449 -1 -3.306 -1 -3.298 -1 -3.446 -1 71
-3.372 -1 -3.236 -1 -3.37 -2 -3.478 -2 302
-3.424 -2 -3.288 -2 -3.358 -2 -3.452 -1 335
-3.405 -1 -3.306 -1 -3.324 -1 -3.472 -1 91
-3.398 -1 -3.25 -1 -3.27 -1 -3.358 -1 31
-3.314 -1 -3.19 -1 -3.376 -1 -3.46 -1 393
-3.418 -1 -3.304 -1 -3.324 -1 -3.486 -2 28
-3.405 -1 -3.184 -1 -3.326 -1 -3.432 -1 299
-3.379 -1 -3.182 -1 -3.308 -1 -3.436 -1 224
-3.372 -1 -3.224 -1 -3.368 -1 -3.51 -1 284
-3.439 -1 -3.268 -1 -3.368 -1 -3.534 -1 324
-3.451 -1 -3.314 -1 -3.452 -1 -3.526 -1 431
-3.489 -1 -3.362 -1 -3.372 -1 -3.464 -1 32
-3.418 -1 -3.33 -1 -3.562 -1 -3.626 -1 433
-3.594 -1 -3.432 -1 -3.568 -1 -3.562 -1 449
-3.565 -1 -3.436 -1 -3.506 -1 -3.578 -1 494
-3.542 -1 -3.384 -1 -3.474 -1 -3.502 -1 358
-3.488 -1 -3.352 -1 -3.444 -2 -3.504 -1 316
-3.474 -1 -3.338 -1 -3.414 -1 -3.538 -1 314
-3.476 -1 -3.368 -1 -3.406 -1 -3.6 -2 77
-3.503 -1 -3.41 -1 -3.404 -1 -3.536 -2 43
-3.47 -1 -3.364 -2 -3.414 -2 -3.484 -2 301
-3.449 -2 -3.272 -2 -3.422 -2 -3.446 -2 344
-3.434 -2 -3.302 -2 -3.31 -2 -3.458 -1 41
-3.384 -1 -3.282 -2 -3.342 -2 -3.442 -2 220
-3.392 -2 -3.284 -2 -3.328 -2 -3.486 -2 77
-3.407 -2 -3.238 -2 -3.288 -2 -3.392 -1 239
-3.34 -1 -3.206 -1 -3.33 -1 -3.56 -1 312
-3.445 -1 -3.326 -1 -3.474 -1 -3.526 -1 490
-3.5 -1 -3.362 -1 -3.444 -1 -3.514 -1 408
-3.479 -1 -3.348 -1 -3.344 -1 -3.452 -2 29
-3.398 -1 -3.304 -1 -3.346 -1 -3.386 -1 153
-3.366 -1 -3.246 -1 -3.264 -1 -3.44 -1 49
-3.352 -1 -3.238 -1 -3.362 -1 -3.536 -1 367
-3.449 -1 -3.312 -1 -3.404 -1 -3.412 -1 312
-3.408 -1 -3.296 -1 -3.468 -2 -3.492 -1 446
-3.48 -1 -3.296 -1 -3.386 -1 -3.476 -1 338
-3.431 -1 -3.274 -1 -3.376 -1 -3.486 -1 369
-3.431 -1 -3.284 -1 -3.314 -1 -3.448 -1 51
-3.381 -1 -3.21 -1 -3.412 -1 -3.48 -1 467
-3.446 -1 -3.322 -1 -3.332 -1 -3.452 -1 168
-3.392 -1 -3.236 -1 -3.298 -1 -3.446 -2 134
-3.372 -1 -3.288 -1 -3.348 -1 -3.492 -1 225
-3.42 -1 -3.284 -1 -3.28 -1 -3.374 -1 20
-3.327 -1 -3.22 -1 -3.292 -1 -3.408 -1 213
-3.35 -1 -3.2 -1 -3.212 -1 -3.372 -2 24
-3.292 -1 -3.184 -1 -3.228 -1 -3.404 -1 197
-3.316 -1 -3.246 -1 -3.406 -1 -3.458 -1 350
-3.432 -1 -3.346 -1 -3.384 -1 -3.508 -1 170
-3.446 -1 -3.334 -1 -3.35 -1 -3.526 -2 101
-3.438 -1 -3.312 -1 -3.434 -1 -3.482 -1 376
-3.458 -1 -3.294 -1 -3.402 -1 -3.48 -1 367
-3.441 -1 -3.264 -1 -3.334 -1 -3.446 -1 152
-3.39 -1 -3.266 -1 -3.362 -1 -3.514 -1 345
-3.438 -1 -3.314 -1 -3.354 -1 -3.414 -1 114
-3.384 -1 -3.234 -1 -3.308 -1 -3.448 -1 128
-3.378 -1 -3.268 -1 -3.38 -1 -3.582 -1 376
-3.481 -1 -3.31 -1 -3.374 -1 -3.468 -2 311
-3.421 -1 -3.358 -1 -3.452 -1 -3.452 -1 466
-3.452 -1 -3.36 -1 -3.472 -1 -3.6 -2 446
-3.536 -1 -3.4 -1 -3.42 -1 -3.424 -1 23
-3.422 -1 -3.31 -1 -3.504 -1 -3.564 -1 434
-3.534 -1 -3.374 -1 -3.482 -1 -3.554 -1 403
-3.518 -1 -3.438 -1 -3.506 -1 -3.588 -2 326
-3.547 -1 -3.452 -1 -3.52 -1 -3.578 -2 354
-3.549 -1 -3.424 -1 -3.432 -1 -3.508 -1 200
-3.47 -1 -3.334 -1 -3.42 -1 -3.544 -1 144
-3.482 -1 -3.378 -1 -3.456 -1 -3.512 -1 434
-3.484 -1 -3.358 -1 -3.476 -1 -3.51 -1 406
-3.493 -1 -3.36 -1 -3.5 -1 -3.616 -2 382
-3.558 -1 -3.412 -1 -3.412 -1 -3.492 -1 7
-3.452 -1 -3.316 -1 -3.4 -1 -3.468 -1 108
-3.434 -1 -3.344 -1 -3.46 -1 -3.486 -1 350
-3.473 -1 -3.35 -1 -3.42 -1 -3.464 -1 424
-3.442 -1 -3.354 -1 -3.474 -1 -3.604 -1 345
-3.539 -1 -3.392 -1 -3.506 -1 -3.572 -2 353
-3.539 -1 -3.454 -1 -3.504 -1 -3.548 -1 100
-3.526 -1 -3.382 -1 -3.43 -1 -3.518 -1 395
-3.474 -1 -3.35 -1 -3.458 -1 -3.56 -1 441
-3.509 -1 -3.388 -1 -3.45 -1 -3.498 -2 260
-3.474 -1 -3.298 -1 -3.308 -1 -3.454 -1 57
-3.381 -1 -3.2 -1 -3.416 -1 -3.404 -1 487
-3.41 -1 -3.288 -1 -3.424 -1 -3.512 -1 365
-3.468 -1 -3.318 -1 -3.318 -1 -3.414 -1 78
-3.366 -1 -3.248 -1 -3.264 -1 -3.458 -1 61
-3.361 -1 -3.25 -1 -3.41 -1 -3.504 -1 232
-3.457 -1 -3.318 -1 -3.448 -1 -3.55 -1 386
-3.499 -1 -3.344 -1 -3.432 -2 -3.48 -1 356
-3.456 -1 -3.346 -1 -3.48 -2 -3.602 -1 455
-3.541 -1 -3.402 -1 -3.456 -1 -3.482 -2 78
-3.469 -1 -3.362 -1 -3.398 -1 -3.49 -2 152
-3.444 -1 -3.26 -1 -3.398 -1 -3.432 -2 444
-3.415 -1 -3.244 -1 -3.282 -1 -3.428 -1 104
-3.355 -1 -3.244 -1 -3.3 -1 -3.4 -1 254
-3.35 -1 -3.216 -1 -3.284 -1 -3.446 -1 127
-3.365 -1 -3.226 -1 -3.394 -1 -3.458 -1 485
-3.426 -1 -3.284 -1 -3.388 -1 -3.538 -2 337
-3.463 -1 -3.338 -1 -3.39 -1 -3.572 -1 187
-3.481 -1 -3.38 -1 -3.432 -1 -3.474 -1 394
-3.453 -1 -3.266 -1 -3.44 -1 -3.53 -1 385
-3.485 -1 -3.306 -1 -3.356 -1 -3.47 -1 184
-3.413 -1 -3.288 -1 -3.452 -1 -3.51 -1 390
-3.481 -1 -3.334 -1 -3.336 -1 -3.432 -1 6
-3.384 -1 -3.28 -1 -3.28 -1 -3.358 -2 10
-3.319 -1 -3.24 -1 -3.282 -1 -3.408 -1 258
-3.345 -1 -3.228 -1 -3.342 -1 -3.462 -1 311
-3.402 -1 -3.296 -1 -3.304 -1 -3.446 -1 18
-3.375 -1 -3.244 -1 -3.314 -1 -3.458 -1 209
-3.386 -1 -3.274 -1 -3.278 -1 -3.454 -1 2
-3.366 -1 -3.194 -1 -3.284 -1 -3.418 -1 276
-3.351 -1 -3.23 -1 -3.408 -1 -3.49 -1 334
-3.449 -1 -3.354 -1 -3.37 -1 -3.506 -2 59
-3.438 -1 -3.314 -1 -3.454 -1 -3.632 -2 412
-3.543 -1 -3.448 -1 -3.514 -1 -3.556 -1 273
-3.535 -1 -3.434 -1 -3.436 -1 -3.476 -1 18
-3.456 -1 -3.294 -1 -3.356 -1 -3.48 -1 385
-3.418 -1 -3.286 -1 -3.404 -1 -3.494 -1 360
-3.449 -1 -3.304 -1 -3.308 -1 -3.408 -1 41
-3.358 -1 -3.262 -1 -3.33 -1 -3.52 0 185
