8 1000 1 3 33 0 0 0 0
-3.513 -1 -3.164 -1 -3.218 -1 -3.328 -1 360
-3.273 -1 -3.016 -1 -3.08 -1 -3.27 -2 205
-3.175 -1 -2.89 -1 -3.126 -1 -3.302 -1 468
-3.214 -1 -2.92 -1 -3.102 -1 -3.188 -1 344
-3.145 -1 -2.8 -1 -3.028 -1 -3.332 -1 395
-3.18 -1 -2.876 -1 -2.996 -1 -3.208 -1 215
-3.102 -1 -2.768 -1 -2.834 -1 -3.156 -1 63
-2.995 -1 -2.72 -1 -2.902 -1 -3.102 -1 222
-3.002 -1 -2.712 -1 -2.852 -1 -3.15 -1 152
-3.001 -1 -2.738 -1 -2.766 -1 -3.062 -1 40
-2.914 -1 -2.608 -1 -2.804 -1 -3.104 -1 198
-2.954 -1 -2.682 -1 -2.978 -1 -3.182 -1 422
-3.08 -1 -2.746 -1 -2.962 -1 -3.152 -1 317
-3.057 -1 -2.726 -1 -2.924 -1 -3.088 -1 206
-3.006 -1 -2.722 -1 -3.01 -1 -3.174 -1 427
-3.092 -1 -2.726 -1 -2.804 -1 -3.13 -1 108
-2.967 -1 -2.636 -1 -2.908 -1 -3.182 -1 318
-3.045 -1 -2.728 -1 -2.952 -1 -3.154 -1 298
-3.053 -1 -2.74 -1 -2.992 -1 -3.186 -1 448
-3.089 -1 -2.806 -1 -2.82 -1 -3.124 -1 45
-2.972 -1 -2.668 -1 -2.94 -1 -3.174 -1 332
-3.057 -1 -2.708 -1 -2.774 -1 -2.994 -1 55
-2.884 -1 -2.566 -1 -2.926 -1 -3.128 -1 401
-3.027 -1 -2.644 -1 -2.996 -1 -3.18 -1 392
-3.088 -1 -2.79 -1 -3.054 -1 -3.21 -1 434
-3.132 -1 -2.856 -1 -3.138 -1 -3.208 -1 484
-3.173 -1 -2.846 -1 -2.998 -1 -3.21 -1 330
-3.104 -1 -2.812 -1 -2.884 -1 -3.13 -1 97
-3.007 -1 -2.754 -1 -3.058 -1 -3.262 -1 470
-3.16 -1 -2.876 -1 -3.154 -1 -3.294 -1 465
-3.224 -1 -2.932 -1 -2.994 -1 -3.246 -1 118
-3.12 -1 -2.79 -1 -2.786 -1 -3.064 -1 9
-2.925 -1 -2.616 -1 -2.65 -1 -2.95 0 30
