8 1000 0.1 4 37 0 0 0 0
-3.416 -1 -3.042 -1 -3.05 -1 -3.322 -1 36
-3.186 -1 -2.804 -1 -2.862 -1 -3.136 -1 48
-2.999 -1 -2.666 -1 -2.672 -1 -3.03 -1 3
-2.851 -1 -2.534 -1 -2.546 -1 -2.876 -1 38
-2.711 -1 -2.42 -1 -2.484 -1 -2.902 -1 49
-2.693 -1 -2.414 -1 -2.466 -1 -2.878 -1 49
-2.672 -1 -2.338 -1 -2.4 -1 -2.922 -1 48
-2.661 -1 -2.368 -1 -2.394 -1 -2.818 -1 23
-2.606 -1 -2.28 -1 -2.304 -1 -2.838 -1 23
-2.571 -1 -2.28 -1 -2.31 -1 -2.762 -1 30
-2.536 -1 -2.23 -1 -2.256 -1 -2.72 -1 26
-2.488 -1 -2.218 -1 -2.242 -1 -2.744 -1 16
-2.493 -1 -2.186 -1 -2.186 -1 -2.688 -1 0
-2.437 -1 -2.138 -1 -2.158 -1 -2.684 -1 17
-2.421 -1 -2.114 -1 -2.138 -1 -2.688 -1 22
-2.413 -1 -2.124 -1 -2.136 -1 -2.638 -1 8
-2.387 -1 -2.066 -1 -2.124 -1 -2.638 -1 29
-2.381 -1 -2.076 -1 -2.128 -1 -2.634 -1 26
-2.381 -1 -2.074 -1 -2.148 -1 -2.662 -1 49
-2.405 -1 -2.072 -1 -2.09 -1 -2.622 -1 10
-2.356 -1 -2.076 -1 -2.106 -1 -2.586 -1 13
-2.346 -1 -2.044 -1 -2.05 -1 -2.598 -1 2
-2.324 -1 -2.048 -1 -2.102 -1 -2.606 -1 35
-2.354 -1 -2.034 -1 -2.076 -1 -2.644 -1 22
-2.36 -1 -2.08 -1 -2.086 -1 -2.59 -1 5
-2.338 -1 -2.052 -1 -2.076 -1 -2.596 -1 19
-2.336 -1 -2.068 -1 -2.128 -1 -2.63 -1 41
-2.379 -1 -2.07 -1 -2.14 -1 -2.598 -1 48
-2.369 -1 -2.08 -1 -2.14 -1 -2.612 -1 33
-2.376 -1 -2.062 -1 -2.1 -1 -2.53 -1 27
-2.315 -1 -1.972 -1 -1.98 -1 -2.544 -1 9
-2.262 -1 -1.966 -1 -2.004 -1 -2.468 -1 17
-2.236 -1 -1.948 -1 -2.022 -1 -2.486 -1 40
-2.254 -1 -1.942 -1 -1.974 -1 -2.498 -1 32
-2.236 -1 -1.946 -1 -1.952 -1 -2.468 -1 3
-2.21 -1 -1.924 -1 -1.938 -1 -2.496 -1 11
-2.217 -1 -1.926 -1 -1.988 -1 -2.534 0 29
