10 1000 0.2 4 277 0 0 0 0
-3.811 -2 -3.44 -2 -3.494 -2 -3.72 -2 93
-3.607 -2 -3.234 -2 -3.272 -2 -3.494 -1 59
-3.383 -1 -3.054 -1 -3.052 -1 -3.418 -1 19
-3.235 -1 -2.894 -1 -2.936 -1 -3.354 -1 43
-3.145 -1 -2.858 -1 -2.888 -1 -3.204 -1 37
-3.046 -1 -2.756 -1 -2.846 -1 -3.21 -1 85
-3.028 -1 -2.732 -1 -2.834 -1 -3.154 -1 69
-2.994 -1 -2.642 -1 -2.72 -1 -3.174 -1 63
-2.947 -1 -2.632 -1 -2.704 -1 -3.144 -1 70
-2.924 -1 -2.636 -1 -2.74 -1 -3.14 -1 84
-2.94 -1 -2.62 -1 -2.738 -1 -3.176 -1 94
-2.957 -1 -2.622 -1 -2.676 -1 -3.122 -1 42
-2.899 -1 -2.584 -1 -2.664 -1 -3.106 -1 49
-2.885 -1 -2.592 -1 -2.646 -1 -3.106 -1 40
-2.876 -1 -2.598 -1 -2.732 -1 -3.176 -1 74
-2.954 -1 -2.642 -1 -2.768 -1 -3.194 -1 81
-2.981 -1 -2.634 -1 -2.686 -1 -3.086 -1 49
-2.886 -1 -2.562 -1 -2.57 -1 -3.062 -1 10
-2.816 -1 -2.54 -1 -2.604 -1 -3.092 -1 39
-2.848 -1 -2.554 -1 -2.676 -1 -3.134 -1 85
-2.905 -1 -2.572 -1 -2.584 -1 -3.05 -1 12
-2.817 -1 -2.54 -1 -2.62 -1 -3.076 -1 56
-2.848 -1 -2.516 -1 -2.564 -1 -3.07 -1 33
-2.817 -1 -2.494 -1 -2.564 -1 -3.06 -1 66
-2.812 -1 -2.492 -1 -2.596 -1 -3.09 -1 74
-2.843 -1 -2.538 -1 -2.604 -1 -3.02 -1 53
-2.812 -1 -2.506 -1 -2.512 -1 -2.984 -1 4
-2.748 -1 -2.448 -1 -2.53 -1 -3.08 -1 45
-2.805 -1 -2.504 -1 -2.634 -1 -3.102 -1 68
-2.868 -1 -2.514 -1 -2.642 -1 -3.05 -1 97
-2.846 -1 -2.528 -1 -2.644 -1 -3.104 -1 71
-2.874 -1 -2.548 -1 -2.616 -1 -3.032 -1 45
-2.824 -1 -2.498 -1 -2.502 -1 -2.956 -1 3
-2.729 -1 -2.404 -1 -2.438 -1 -2.968 -1 27
-2.703 -1 -2.406 -1 -2.424 -1 -2.906 -1 14
-2.665 -1 -2.382 -1 -2.426 -1 -2.954 -1 35
-2.69 -1 -2.386 -1 -2.44 -1 -2.884 -1 32
-2.662 -1 -2.348 -1 -2.5 -1 -3.01 -1 91
-2.755 -1 -2.44 -1 -2.546 -1 -2.952 -1 68
-2.749 -1 -2.438 -1 -2.582 -1 -2.984 -1 81
-2.783 -1 -2.442 -1 -2.506 -1 -2.91 -1 60
-2.708 -1 -2.396 -1 -2.56 -1 -2.962 -1 82
-2.761 -1 -2.434 -1 -2.484 -1 -2.942 -1 26
-2.713 -1 -2.392 -1 -2.406 -1 -2.852 -1 9
-2.629 -1 -2.34 -1 -2.35 -1 -2.802 -1 2
-2.576 -1 -2.298 -1 -2.31 -1 -2.822 -1 9
-2.566 -1 -2.266 -1 -2.398 -1 -2.78 -1 67
-2.589 -1 -2.266 -1 -2.454 -1 -2.908 -1 96
-2.681 -1 -2.354 -1 -2.396 -1 -2.782 -1 41
-2.589 -1 -2.282 -1 -2.356 -1 -2.804 -1 33
-2.58 -1 -2.322 -1 -2.332 -1 -2.772 -1 7
-2.552 -1 -2.27 -1 -2.454 -1 -2.842 -1 96
-2.648 -1 -2.292 -1 -2.36 -1 -2.764 -1 22
-2.562 -1 -2.25 -1 -2.37 -1 -2.796 -1 73
-2.583 -1 -2.284 -1 -2.308 -1 -2.778 -1 11
-2.543 -1 -2.272 -1 -2.292 -1 -2.694 -1 18
-2.493 -1 -2.18 -1 -2.262 -1 -2.768 -1 40
-2.515 -1 -2.212 -1 -2.336 -1 -2.718 -1 57
-2.527 -1 -2.24 -1 -2.334 -1 -2.682 -1 64
-2.508 -1 -2.154 -1 -2.238 -1 -2.672 -1 34
-2.455 -1 -2.144 -1 -2.314 -1 -2.714 -1 87
-2.514 -1 -2.17 -1 -2.218 -1 -2.644 -1 35
-2.431 -1 -2.114 -1 -2.25 -1 -2.636 -1 65
-2.443 -1 -2.118 -1 -2.282 -1 -2.626 -1 77
-2.454 -1 -2.122 -1 -2.218 -1 -2.642 -1 54
-2.43 -1 -2.122 -1 -2.342 -1 -2.728 -1 99
-2.535 -1 -2.142 -1 -2.264 -1 -2.598 -1 66
-2.431 -1 -2.072 -1 -2.154 -1 -2.546 -1 53
-2.35 -1 -1.988 -1 -2.068 -1 -2.448 -1 30
-2.258 -1 -1.892 -1 -2.042 -1 -2.396 -1 75
-2.219 -1 -1.872 -1 -1.92 -1 -2.3 -1 29
-2.11 -1 -1.796 -1 -2.002 -1 -2.394 -1 95
-2.198 -1 -1.8 -1 -1.886 -1 -2.292 -1 32
-2.089 -1 -1.708 -1 -1.76 -1 -2.078 -1 22
-1.919 -1 -1.608 -1 -1.822 -1 -2.206 -1 89
-2.014 -1 -1.65 -1 -1.824 -1 -2.198 -1 78
-2.011 -1 -1.66 -1 -1.902 -1 -2.224 -1 86
-2.063 -1 -1.638 -1 -1.736 -1 -2.006 -1 43
-1.871 -1 -1.484 -1 -1.708 -1 -1.982 -1 84
-1.845 -1 -1.468 -1 -1.606 -1 -1.822 -1 40
-1.714 -1 -1.372 -1 -1.662 -1 -1.9 -1 93
-1.781 -1 -1.37 -1 -1.674 -1 -1.896 -1 91
-1.785 -1 -1.426 -1 -1.666 -1 -1.898 -1 92
-1.782 -1 -1.374 -1 -1.442 -1 -1.662 -1 22
-1.552 -1 -1.258 -1 -1.4 -1 -1.624 -1 41
-1.512 -1 -1.224 -1 -1.436 -1 -1.63 -1 58
-1.533 -1 -1.236 -1 -1.378 -1 -1.624 -1 51
-1.501 -1 -1.252 -1 -1.404 -1 -1.63 -1 58
-1.517 -1 -1.214 -1 -1.5 -1 -1.7 -1 93
-1.6 -1 -1.306 -1 -1.428 -1 -1.61 -1 41
-1.519 -1 -1.214 -1 -1.452 -1 -1.584 -1 78
-1.518 -1 -1.224 -1 -1.344 -1 -1.49 -1 36
-1.417 -1 -1.162 -1 -1.23 -1 -1.34 -1 14
-1.285 -1 -1.112 -1 -1.294 -1 -1.41 -1 57
-1.352 -1 -1.12 -1 -1.284 -1 -1.41 -1 48
-1.347 -1 -1.164 -1 -1.302 -1 -1.418 -1 45
-1.36 -1 -1.124 -1 -1.248 -1 -1.342 -1 35
-1.295 -1 -1.1 -1 -1.364 -1 -1.476 -1 80
-1.42 -1 -1.186 -1 -1.394 -1 -1.536 -1 71
-1.465 -1 -1.218 -1 -1.448 -1 -1.582 -1 72
-1.515 -1 -1.212 -1 -1.432 -1 -1.562 -1 62
-1.497 -1 -1.192 -1 -1.43 -1 -1.548 -1 65
-1.489 -1 -1.182 -1 -1.29 -1 -1.4 -1 37
-1.345 -1 -1.11 -1 -1.342 -1 -1.46 -1 69
-1.401 -1 -1.16 -1 -1.216 -1 -1.294 -1 18
-1.255 -1 -1.09 -1 -1.318 -1 -1.416 -1 61
-1.367 -1 -1.146 -1 -1.146 -1 -1.246 -1 0
-1.196 -1 -1.06 -1 -1.342 -1 -1.454 -1 83
-1.398 -1 -1.126 -1 -1.226 -1 -1.306 -1 30
-1.266 -1 -1.104 -1 -1.322 -1 -1.468 -1 79
-1.395 -1 -1.166 -1 -1.326 -1 -1.404 -1 48
-1.365 -1 -1.142 -1 -1.308 -1 -1.37 -1 49
-1.339 -1 -1.116 -1 -1.164 -1 -1.232 -1 18
-1.198 -1 -1.052 -1 -1.32 -1 -1.414 -1 83
-1.367 -1 -1.132 -1 -1.328 -1 -1.452 -1 68
-1.39 -1 -1.13 -1 -1.244 -1 -1.33 -1 35
-1.287 -1 -1.1 -1 -1.24 -1 -1.336 -1 46
-1.288 -1 -1.098 -1 -1.16 -1 -1.224 -1 16
-1.192 -1 -1.066 -1 -1.236 -1 -1.324 -1 44
-1.28 -1 -1.106 -1 -1.354 -1 -1.442 -1 81
-1.398 -1 -1.14 -1 -1.32 -1 -1.444 -1 60
-1.382 -1 -1.132 -1 -1.26 -1 -1.342 -1 39
-1.301 -1 -1.08 -1 -1.152 -1 -1.198 -1 19
-1.175 -1 -1.04 -1 -1.3 -1 -1.412 -1 78
-1.356 -1 -1.132 -1 -1.288 -1 -1.38 -1 53
-1.334 -1 -1.106 -1 -1.302 -1 -1.368 -1 63
-1.335 -1 -1.136 -1 -1.294 -1 -1.362 -1 59
-1.328 -1 -1.112 -1 -1.366 -1 -1.482 -1 80
-1.424 -1 -1.162 -1 -1.218 -1 -1.316 -1 15
-1.267 -1 -1.088 -1 -1.392 -1 -1.474 -1 96
-1.433 -1 -1.168 -1 -1.514 -1 -1.598 -1 95
-1.556 -1 -1.262 -1 -1.336 -1 -1.484 -1 28
-1.41 -1 -1.16 -1 -1.4 -1 -1.504 -1 74
-1.452 -1 -1.206 -1 -1.342 -1 -1.416 -1 37
-1.379 -1 -1.146 -1 -1.18 -1 -1.226 -1 10
-1.203 -1 -1.048 -1 -1.198 -1 -1.288 -1 43
-1.243 -1 -1.07 -1 -1.318 -1 -1.436 -1 77
-1.377 -1 -1.15 -1 -1.438 -1 -1.51 -1 82
-1.474 -1 -1.18 -1 -1.276 -1 -1.37 -1 29
-1.323 -1 -1.094 -1 -1.358 -1 -1.47 -1 83
-1.414 -1 -1.176 -1 -1.29 -1 -1.374 -1 29
-1.332 -1 -1.114 -1 -1.342 -1 -1.426 -1 66
-1.384 -1 -1.106 -1 -1.362 -1 -1.432 -1 76
-1.397 -1 -1.146 -1 -1.418 -1 -1.53 -1 94
-1.474 -1 -1.198 -1 -1.484 -1 -1.572 -1 96
-1.528 -1 -1.178 -1 -1.392 -1 -1.506 -1 71
-1.449 -1 -1.162 -1 -1.28 -1 -1.384 -1 39
-1.332 -1 -1.124 -1 -1.206 -1 -1.308 -1 26
-1.257 -1 -1.078 -1 -1.128 -1 -1.202 -1 19
-1.165 -1 -1.06 -1 -1.324 -1 -1.38 -1 68
-1.352 -1 -1.114 -1 -1.312 -1 -1.406 -1 55
-1.359 -1 -1.132 -1 -1.452 -1 -1.576 -1 94
-1.514 -1 -1.198 -1 -1.278 -1 -1.388 -1 34
-1.333 -1 -1.142 -1 -1.34 -1 -1.426 -1 52
-1.383 -1 -1.146 -1 -1.29 -1 -1.408 -1 60
-1.349 -1 -1.144 -1 -1.144 -1 -1.192 -1 0
-1.168 -1 -1.03 -1 -1.22 -1 -1.3 -1 57
-1.26 -1 -1.102 -1 -1.192 -1 -1.254 -1 22
-1.223 -1 -1.054 -1 -1.236 -1 -1.316 -1 51
-1.276 -1 -1.076 -1 -1.212 -1 -1.276 -1 40
-1.244 -1 -1.062 -1 -1.174 -1 -1.252 -1 32
-1.213 -1 -1.07 -1 -1.32 -1 -1.42 -1 78
-1.37 -1 -1.156 -1 -1.194 -1 -1.208 -1 9
-1.201 -1 -1.058 -1 -1.066 -1 -1.102 -1 2
-1.084 -1 -1.026 -1 -1.346 -1 -1.416 -1 92
-1.381 -1 -1.136 -1 -1.22 -1 -1.274 -1 20
-1.247 -1 -1.076 -1 -1.076 -1 -1.108 -1 0
-1.092 -1 -1.024 -1 -1.114 -1 -1.156 -1 25
-1.135 -1 -1.046 -1 -1.074 -1 -1.102 -1 7
-1.088 -1 -1.022 -1 -1.124 -1 -1.164 -1 21
-1.144 -1 -1.032 -1 -1.184 -1 -1.264 -1 53
-1.224 -1 -1.078 -1 -1.16 -1 -1.214 -1 27
-1.187 -1 -1.052 -1 -1.186 -1 -1.27 -1 41
-1.228 -1 -1.076 -1 -1.314 -1 -1.404 -1 67
-1.359 -1 -1.136 -1 -1.21 -1 -1.252 -1 29
-1.231 -1 -1.068 -1 -1.268 -1 -1.35 -1 59
-1.309 -1 -1.116 -1 -1.252 -1 -1.328 -1 38
-1.29 -1 -1.078 -1 -1.33 -1 -1.434 -1 87
-1.382 -1 -1.152 -1 -1.154 -1 -1.186 -1 2
-1.17 -1 -1.054 -1 -1.164 -1 -1.222 -1 33
-1.193 -1 -1.048 -1 -1.226 -1 -1.332 -1 53
-1.279 -1 -1.092 -1 -1.34 -1 -1.408 -1 71
-1.374 -1 -1.116 -1 -1.144 -1 -1.182 -1 8
-1.163 -1 -1.058 -1 -1.16 -1 -1.198 -1 22
-1.179 -1 -1.054 -1 -1.188 -1 -1.29 -1 34
-1.239 -1 -1.084 -1 -1.288 -1 -1.374 -1 60
-1.331 -1 -1.12 -1 -1.148 -1 -1.188 -1 7
-1.168 -1 -1.07 -1 -1.272 -1 -1.36 -1 66
-1.316 -1 -1.09 -1 -1.108 -1 -1.142 -1 6
-1.125 -1 -1.03 -1 -1.33 -1 -1.406 -1 87
-1.368 -1 -1.116 -1 -1.298 -1 -1.35 -1 57
-1.324 -1 -1.102 -1 -1.372 -1 -1.478 -1 75
-1.425 -1 -1.15 -1 -1.282 -1 -1.35 -1 47
-1.316 -1 -1.1 -1 -1.358 -1 -1.482 -1 83
-1.42 -1 -1.176 -1 -1.402 -1 -1.508 -1 65
-1.455 -1 -1.186 -1 -1.356 -1 -1.434 -1 52
-1.395 -1 -1.164 -1 -1.398 -1 -1.49 -1 78
-1.444 -1 -1.164 -1 -1.444 -1 -1.538 -1 81
-1.491 -1 -1.16 -1 -1.48 -1 -1.588 -1 98
-1.534 -1 -1.204 -1 -1.21 -1 -1.278 -1 3
-1.244 -1 -1.09 -1 -1.116 -1 -1.138 -1 6
-1.127 -1 -1.022 -1 -1.086 -1 -1.106 -1 16
-1.096 -1 -1.034 -1 -1.234 -1 -1.282 -1 54
-1.258 -1 -1.096 -1 -1.134 -1 -1.178 -1 12
-1.156 -1 -1.058 -1 -1.198 -1 -1.236 -1 44
-1.217 -1 -1.072 -1 -1.29 -1 -1.374 -1 58
-1.332 -1 -1.1 -1 -1.152 -1 -1.186 -1 14
-1.169 -1 -1.042 -1 -1.094 -1 -1.128 -1 16
-1.111 -1 -1.024 -1 -1.032 -1 -1.054 -1 2
-1.043 -1 -1.012 -1 -1.164 -1 -1.234 -1 49
-1.199 -1 -1.068 -1 -1.376 -1 -1.458 -1 89
-1.417 -1 -1.134 -1 -1.274 -1 -1.342 -1 45
-1.308 -1 -1.11 -1 -1.212 -1 -1.31 -1 34
-1.261 -1 -1.078 -1 -1.37 -1 -1.476 -1 98
-1.423 -1 -1.166 -1 -1.212 -1 -1.288 -1 18
-1.25 -1 -1.088 -1 -1.22 -1 -1.306 -1 38
-1.263 -1 -1.11 -1 -1.148 -1 -1.188 -1 11
-1.168 -1 -1.038 -1 -1.24 -1 -1.328 -1 53
-1.284 -1 -1.108 -1 -1.196 -1 -1.27 -1 20
-1.233 -1 -1.07 -1 -1.418 -1 -1.512 -1 97
-1.465 -1 -1.186 -1 -1.346 -1 -1.454 -1 51
-1.4 -1 -1.158 -1 -1.286 -1 -1.348 -1 41
-1.317 -1 -1.104 -1 -1.266 -1 -1.372 -1 52
-1.319 -1 -1.114 -1 -1.318 -1 -1.396 -1 63
-1.357 -1 -1.136 -1 -1.4 -1 -1.484 -1 71
-1.442 -1 -1.16 -1 -1.43 -1 -1.564 -1 68
-1.497 -1 -1.196 -1 -1.24 -1 -1.302 -1 13
-1.271 -1 -1.078 -1 -1.242 -1 -1.332 -1 49
-1.287 -1 -1.096 -1 -1.13 -1 -1.194 -1 10
-1.162 -1 -1.054 -1 -1.148 -1 -1.204 -1 20
-1.176 -1 -1.042 -1 -1.128 -1 -1.164 -1 23
-1.146 -1 -1.054 -1 -1.086 -1 -1.114 -1 7
-1.1 -1 -1.024 -1 -1.056 -1 -1.092 -1 8
-1.074 -1 -1.02 -1 -1.336 -1 -1.44 -1 92
-1.388 -1 -1.138 -1 -1.19 -1 -1.25 -1 17
-1.22 -1 -1.08 -1 -1.382 -1 -1.484 -1 96
-1.433 -1 -1.194 -1 -1.458 -1 -1.53 -1 86
-1.494 -1 -1.232 -1 -1.39 -1 -1.492 -1 60
-1.441 -1 -1.19 -1 -1.348 -1 -1.48 -1 55
-1.414 -1 -1.15 -1 -1.28 -1 -1.34 -1 40
-1.31 -1 -1.132 -1 -1.384 -1 -1.49 -1 78
-1.437 -1 -1.19 -1 -1.434 -1 -1.5 -1 80
-1.467 -1 -1.194 -1 -1.276 -1 -1.352 -1 27
-1.314 -1 -1.126 -1 -1.174 -1 -1.22 -1 16
-1.197 -1 -1.056 -1 -1.318 -1 -1.402 -1 65
-1.36 -1 -1.132 -1 -1.366 -1 -1.458 -1 85
-1.412 -1 -1.156 -1 -1.192 -1 -1.258 -1 13
-1.225 -1 -1.09 -1 -1.326 -1 -1.438 -1 68
-1.382 -1 -1.136 -1 -1.34 -1 -1.416 -1 59
-1.378 -1 -1.09 -1 -1.238 -1 -1.274 -1 40
-1.256 -1 -1.06 -1 -1.294 -1 -1.348 -1 62
-1.321 -1 -1.126 -1 -1.154 -1 -1.208 -1 8
-1.181 -1 -1.05 -1 -1.156 -1 -1.22 -1 37
-1.188 -1 -1.076 -1 -1.378 -1 -1.474 -1 84
-1.426 -1 -1.154 -1 -1.198 -1 -1.266 -1 13
-1.232 -1 -1.074 -1 -1.37 -1 -1.49 -1 90
-1.43 -1 -1.188 -1 -1.502 -1 -1.63 -1 85
-1.566 -1 -1.252 -1 -1.32 -1 -1.4 -1 23
-1.36 -1 -1.128 -1 -1.414 -1 -1.508 -1 89
-1.461 -1 -1.192 -1 -1.224 -1 -1.3 -1 8
-1.262 -1 -1.106 -1 -1.354 -1 -1.418 -1 73
-1.386 -1 -1.174 -1 -1.5 -1 -1.614 -1 95
-1.557 -1 -1.242 -1 -1.496 -1 -1.616 -1 81
-1.556 -1 -1.27 -1 -1.362 -1 -1.456 -1 29
-1.409 -1 -1.164 -1 -1.196 -1 -1.244 -1 8
-1.22 -1 -1.066 -1 -1.18 -1 -1.262 -1 30
-1.221 -1 -1.082 -1 -1.288 -1 -1.376 -1 66
-1.332 -1 -1.132 -1 -1.294 -1 -1.394 -1 45
-1.344 -1 -1.13 -1 -1.348 -1 -1.412 -1 62
-1.38 -1 -1.136 -1 -1.266 -1 -1.326 -1 45
-1.296 -1 -1.114 -1 -1.33 -1 -1.444 -1 73
-1.387 -1 -1.142 -1 -1.4 -1 -1.512 -1 82
-1.456 -1 -1.152 -1 -1.448 -1 -1.54 -1 87
-1.494 -1 -1.172 -1 -1.318 -1 -1.42 -1 37
-1.369 -1 -1.164 -1 -1.4 -1 -1.532 -1 73
-1.466 -1 -1.168 -1 -1.492 -1 -1.6 -1 96
-1.546 -1 -1.248 -1 -1.256 -1 -1.338 0 7
