7 1000 0.6 1 24 0 0 0 0
-3.278 -1 -3.17 -1 -3.172 -1 -3.244 -1 2
-3.208 -1 -3.096 -1 -3.202 -1 -3.244 -1 220
-3.223 -1 -3.086 -1 -3.076 -1 -3.17 -1 177
-3.123 -1 -2.946 -1 -2.986 -1 -3.138 -1 53
-3.062 -1 -2.91 -1 -2.982 -1 -3.144 -1 200
-3.063 -1 -2.904 -1 -2.974 -1 -3.048 -1 265
-3.011 -1 -2.892 -1 -2.946 -1 -3.118 -1 207
-3.032 -1 -2.884 -1 -2.97 -1 -3.08 -1 179
-3.025 -1 -2.918 -1 -2.922 -1 -3.08 -1 14
-3.001 -1 -2.872 -1 -2.928 -1 -3.034 -1 116
-2.981 -1 -2.836 -1 -2.85 -1 -2.984 -1 69
-2.917 -1 -2.784 -1 -2.85 -1 -2.988 -1 124
-2.919 -1 -2.796 -1 -2.888 -1 -2.998 -1 107
-2.943 -1 -2.826 -1 -2.918 -1 -3.092 -1 135
-3.005 -1 -2.844 -1 -2.95 -1 -3.08 -1 245
-3.015 -1 -2.89 -1 -2.952 -1 -3.046 -1 194
-2.999 -1 -2.818 -1 -2.858 -1 -2.986 -1 162
-2.922 -1 -2.794 -1 -2.808 -1 -3.018 -1 18
-2.913 -1 -2.762 -1 -2.868 -1 -2.94 -1 214
-2.904 -1 -2.748 -1 -2.848 -1 -3.04 -1 232
-2.944 -1 -2.762 -1 -2.76 -1 -2.968 -1 2
-2.864 -1 -2.724 -1 -2.72 -1 -2.972 -1 47
-2.846 -1 -2.724 -1 -2.798 -1 -3.024 -1 112
-2.911 -1 -2.754 -1 -2.852 -1 -2.94 0 152
