9 1000 0.6 1 494 0 0 0 0
-3.608 -1 -3.44 -1 -3.494 -1 -3.542 -2 247
-3.518 -1 -3.392 -1 -3.452 -1 -3.538 -2 267
-3.495 -1 -3.382 -1 -3.472 -1 -3.586 -1 215
-3.529 -1 -3.39 -1 -3.446 -1 -3.484 -1 52
-3.465 -1 -3.316 -1 -3.43 -1 -3.532 -1 216
-3.481 -1 -3.32 -1 -3.37 -1 -3.532 -1 149
-3.451 -1 -3.286 -1 -3.308 -1 -3.406 -1 83
-3.357 -1 -3.224 -1 -3.292 -1 -3.362 -2 198
-3.327 -1 -3.198 -1 -3.306 -1 -3.486 -1 143
-3.396 -1 -3.27 -1 -3.324 -1 -3.342 -1 200
-3.333 -1 -3.23 -1 -3.364 -1 -3.486 -1 227
-3.425 -1 -3.252 -1 -3.352 -1 -3.518 -1 286
-3.435 -1 -3.324 -1 -3.38 -1 -3.528 -1 271
-3.454 -1 -3.37 -1 -3.408 -1 -3.454 -1 93
-3.431 -1 -3.25 -1 -3.322 -1 -3.442 -1 126
-3.382 -1 -3.232 -1 -3.378 -1 -3.452 -1 193
-3.415 -1 -3.334 -1 -3.414 -1 -3.5 -2 284
-3.457 -1 -3.332 -1 -3.326 -1 -3.368 -1 99
-3.347 -1 -3.182 -1 -3.21 -1 -3.47 -1 49
-3.34 -1 -3.214 -1 -3.314 -1 -3.448 -1 170
-3.381 -1 -3.296 -1 -3.302 -1 -3.446 -1 10
-3.374 -1 -3.246 -1 -3.294 -1 -3.404 -1 66
-3.349 -1 -3.238 -1 -3.272 -1 -3.372 -1 66
-3.322 -1 -3.216 -1 -3.32 -1 -3.43 -1 167
-3.375 -1 -3.216 -1 -3.318 -1 -3.49 -1 261
-3.404 -1 -3.232 -1 -3.292 -1 -3.422 -1 115
-3.357 -1 -3.276 -1 -3.324 -1 -3.486 -1 140
-3.405 -1 -3.292 -1 -3.33 -1 -3.446 -1 92
-3.388 -1 -3.256 -1 -3.27 -1 -3.372 -1 60
-3.321 -1 -3.204 -1 -3.308 -1 -3.398 -1 182
-3.353 -1 -3.184 -1 -3.212 -1 -3.384 -1 94
-3.298 -1 -3.124 -1 -3.206 -1 -3.454 -1 239
-3.33 -1 -3.202 -1 -3.206 -1 -3.406 -1 60
-3.306 -1 -3.194 -1 -3.302 -1 -3.418 -1 170
-3.36 -1 -3.22 -1 -3.26 -1 -3.378 -1 88
-3.319 -1 -3.178 -1 -3.264 -1 -3.424 -1 141
-3.344 -1 -3.194 -1 -3.284 -1 -3.426 -1 199
-3.355 -1 -3.208 -1 -3.31 -1 -3.476 -1 146
-3.393 -1 -3.218 -1 -3.326 -1 -3.474 -1 157
-3.4 -1 -3.224 -1 -3.302 -1 -3.454 -1 162
-3.378 -1 -3.248 -1 -3.306 -1 -3.448 -1 180
-3.377 -1 -3.204 -1 -3.266 -1 -3.384 -1 262
-3.325 -1 -3.17 -1 -3.234 -1 -3.42 -1 120
-3.327 -1 -3.224 -1 -3.338 -1 -3.448 -1 290
-3.393 -1 -3.232 -1 -3.322 -1 -3.378 -1 115
-3.35 -1 -3.16 -1 -3.204 -1 -3.386 -1 133
-3.295 -1 -3.132 -1 -3.182 -1 -3.336 -1 72
-3.259 -1 -3.086 -1 -3.186 -1 -3.294 -1 125
-3.24 -1 -3.112 -1 -3.168 -1 -3.294 -1 169
-3.231 -1 -3.118 -1 -3.19 -1 -3.34 -1 191
-3.265 -1 -3.122 -1 -3.138 -1 -3.358 -1 19
-3.248 -1 -3.11 -1 -3.212 -1 -3.356 -1 173
-3.284 -1 -3.114 -1 -3.152 -1 -3.304 -1 44
-3.228 -1 -3.116 -1 -3.228 -1 -3.34 -1 206
-3.284 -1 -3.18 -1 -3.292 -1 -3.396 -1 214
-3.344 -1 -3.178 -1 -3.174 -1 -3.43 -1 5
-3.302 -1 -3.116 -1 -3.158 -1 -3.314 -1 104
-3.236 -1 -3.138 -1 -3.19 -1 -3.348 -1 163
-3.269 -1 -3.182 -1 -3.286 -1 -3.32 -1 146
-3.303 -1 -3.204 -1 -3.276 -1 -3.382 -1 238
-3.329 -1 -3.206 -1 -3.292 -1 -3.42 -1 119
-3.356 -1 -3.228 -1 -3.258 -1 -3.444 -1 53
-3.351 -1 -3.212 -1 -3.352 -1 -3.426 -1 285
-3.389 -1 -3.282 -1 -3.282 -1 -3.364 -1 26
-3.323 -1 -3.18 -1 -3.278 -1 -3.49 -1 278
-3.384 -1 -3.252 -1 -3.318 -1 -3.478 -1 161
-3.398 -1 -3.274 -1 -3.304 -1 -3.504 -1 69
-3.404 -1 -3.28 -1 -3.326 -1 -3.498 -1 142
-3.412 -1 -3.278 -1 -3.37 -1 -3.404 -1 108
-3.387 -1 -3.272 -1 -3.322 -1 -3.484 -1 108
-3.403 -1 -3.258 -1 -3.334 -1 -3.394 -1 197
-3.364 -1 -3.256 -1 -3.314 -1 -3.466 -2 226
-3.39 -1 -3.248 -1 -3.32 -1 -3.46 -1 135
-3.39 -1 -3.244 -1 -3.366 -1 -3.442 -1 234
-3.404 -1 -3.326 -1 -3.408 -1 -3.464 -1 183
-3.436 -1 -3.302 -1 -3.35 -1 -3.4 -1 136
-3.375 -1 -3.26 -1 -3.278 -1 -3.454 -1 62
-3.366 -1 -3.218 -1 -3.228 -1 -3.338 -1 31
-3.283 -1 -3.176 -1 -3.316 -1 -3.452 -1 264
-3.384 -1 -3.246 -1 -3.27 -1 -3.462 -1 198
-3.366 -1 -3.242 -1 -3.358 -1 -3.484 -1 285
-3.421 -1 -3.312 -1 -3.326 -1 -3.472 -2 14
-3.399 -1 -3.216 -1 -3.284 -1 -3.38 -1 165
-3.332 -1 -3.23 -1 -3.322 -1 -3.448 -1 267
-3.385 -1 -3.286 -1 -3.326 -1 -3.428 -2 142
-3.377 -1 -3.222 -1 -3.31 -1 -3.362 -1 233
-3.336 -1 -3.184 -1 -3.296 -1 -3.364 -1 238
-3.33 -1 -3.208 -1 -3.23 -1 -3.448 -1 23
-3.339 -1 -3.15 -1 -3.276 -1 -3.416 -1 291
-3.346 -1 -3.212 -1 -3.244 -1 -3.438 -2 66
-3.341 -1 -3.2 -1 -3.296 -1 -3.376 -1 239
-3.336 -1 -3.176 -1 -3.226 -1 -3.336 -1 156
-3.281 -1 -3.182 -1 -3.184 -1 -3.352 -1 25
-3.268 -1 -3.104 -1 -3.228 -1 -3.422 -1 285
-3.325 -1 -3.158 -1 -3.162 -1 -3.342 -1 45
-3.252 -1 -3.116 -1 -3.164 -1 -3.306 -1 96
-3.235 -1 -3.118 -1 -3.162 -1 -3.322 -1 98
-3.242 -1 -3.112 -1 -3.226 -1 -3.314 -2 256
-3.27 -1 -3.154 -1 -3.156 -1 -3.396 -1 40
-3.276 -1 -3.174 -1 -3.168 -1 -3.346 -1 33
-3.257 -1 -3.07 -1 -3.136 -1 -3.35 -1 142
-3.243 -1 -3.098 -1 -3.156 -1 -3.374 -1 85
-3.265 -1 -3.142 -1 -3.18 -1 -3.37 -1 96
-3.275 -1 -3.184 -1 -3.22 -1 -3.256 -1 37
-3.238 -1 -3.096 -1 -3.256 -1 -3.43 -1 274
-3.343 -1 -3.178 -1 -3.24 -1 -3.394 -1 154
-3.317 -1 -3.194 -1 -3.25 -1 -3.37 -1 109
-3.31 -1 -3.196 -1 -3.314 -1 -3.394 -2 223
-3.354 -1 -3.238 -1 -3.244 -1 -3.334 -1 27
-3.289 -1 -3.128 -1 -3.142 -1 -3.278 -1 50
-3.21 -1 -3.07 -1 -3.178 -1 -3.348 -1 259
-3.263 -1 -3.16 -1 -3.178 -1 -3.332 -1 29
-3.255 -1 -3.17 -1 -3.182 -1 -3.32 -1 93
-3.251 -1 -3.12 -1 -3.212 -2 -3.348 -1 193
-3.28 -1 -3.158 -1 -3.192 -1 -3.378 -1 174
-3.285 -1 -3.112 -1 -3.24 -1 -3.354 -2 242
-3.297 -1 -3.1 -1 -3.21 -1 -3.35 -1 188
-3.28 -1 -3.186 -1 -3.308 -1 -3.418 -1 288
-3.363 -1 -3.214 -1 -3.27 -1 -3.474 -2 159
-3.372 -1 -3.242 -2 -3.312 -2 -3.458 -1 155
-3.385 -1 -3.268 -1 -3.294 -1 -3.424 -1 95
-3.359 -1 -3.214 -1 -3.22 -1 -3.382 -1 99
-3.301 -1 -3.178 -1 -3.178 -1 -3.326 -1 0
-3.252 -1 -3.096 -1 -3.18 -1 -3.31 -1 147
-3.245 -1 -3.136 -1 -3.288 -1 -3.352 -2 261
-3.32 -1 -3.194 -1 -3.248 -1 -3.472 -1 199
-3.36 -1 -3.216 -1 -3.352 -1 -3.46 -2 227
-3.406 -1 -3.256 -1 -3.366 -1 -3.462 -1 286
-3.414 -1 -3.294 -1 -3.312 -1 -3.462 -2 66
-3.387 -1 -3.236 -1 -3.25 -1 -3.406 -1 13
-3.328 -1 -3.14 -1 -3.218 -1 -3.336 -1 202
-3.277 -1 -3.152 -1 -3.16 -1 -3.32 -1 11
-3.24 -1 -3.1 -1 -3.098 -1 -3.268 -1 2
-3.183 -1 -3.022 -1 -3.058 -1 -3.322 -1 75
-3.19 -1 -3.034 -1 -3.064 -1 -3.266 -1 83
-3.165 -1 -3.038 -1 -3.174 -1 -3.346 -1 229
-3.26 -1 -3.134 -1 -3.26 -1 -3.372 -1 266
-3.316 -1 -3.214 -1 -3.262 -1 -3.47 -1 49
-3.366 -1 -3.206 -1 -3.294 -1 -3.354 -1 247
-3.324 -1 -3.184 -1 -3.25 -1 -3.36 -1 178
-3.305 -1 -3.228 -1 -3.326 -1 -3.402 -1 157
-3.364 -1 -3.234 -1 -3.268 -1 -3.352 -1 78
-3.31 -1 -3.18 -1 -3.294 -1 -3.456 -2 238
-3.375 -1 -3.212 -1 -3.29 -1 -3.386 -1 207
-3.338 -1 -3.23 -1 -3.276 -1 -3.414 -1 220
-3.345 -1 -3.202 -1 -3.332 -1 -3.428 -2 285
-3.38 -1 -3.254 -1 -3.262 -1 -3.418 -2 15
-3.34 -1 -3.244 -1 -3.312 -1 -3.432 -2 189
-3.372 -1 -3.26 -1 -3.334 -1 -3.416 -1 146
-3.375 -1 -3.244 -1 -3.288 -1 -3.516 -2 86
-3.402 -1 -3.228 -1 -3.272 -1 -3.46 -1 179
-3.366 -1 -3.208 -1 -3.232 -1 -3.39 -2 111
-3.311 -1 -3.2 -1 -3.204 -1 -3.398 -1 89
-3.301 -1 -3.14 -1 -3.144 -1 -3.292 -1 84
-3.218 -1 -3.108 -1 -3.224 -1 -3.376 -1 195
-3.3 -1 -3.13 -1 -3.26 -1 -3.428 -1 152
-3.344 -1 -3.23 -1 -3.27 -1 -3.374 -1 132
-3.322 -1 -3.206 -1 -3.224 -1 -3.388 -2 46
-3.306 -1 -3.196 -1 -3.314 -1 -3.422 -1 296
-3.368 -1 -3.238 -1 -3.372 -1 -3.474 -1 295
-3.423 -1 -3.302 -1 -3.342 -1 -3.436 -1 239
-3.389 -1 -3.298 -1 -3.294 -1 -3.428 -1 8
-3.361 -1 -3.242 -1 -3.31 -2 -3.46 -2 152
-3.385 -2 -3.284 -2 -3.392 -2 -3.504 -1 293
-3.448 -1 -3.348 -1 -3.406 -1 -3.486 -1 154
-3.446 -1 -3.31 -1 -3.358 -2 -3.474 -1 215
-3.416 -1 -3.298 -1 -3.31 -1 -3.416 -2 15
-3.363 -1 -3.262 -1 -3.332 -2 -3.5 -2 217
-3.416 -2 -3.312 -2 -3.428 -1 -3.482 -1 206
-3.455 -1 -3.292 -1 -3.326 -1 -3.428 -1 188
-3.377 -1 -3.25 -1 -3.276 -1 -3.382 -1 70
-3.329 -1 -3.17 -1 -3.23 -1 -3.314 -1 91
-3.272 -1 -3.188 -1 -3.284 -1 -3.4 -2 203
-3.342 -1 -3.238 -1 -3.246 -1 -3.424 -1 9
-3.335 -1 -3.182 -1 -3.256 -1 -3.406 -1 151
-3.331 -1 -3.136 -1 -3.312 -1 -3.386 -2 243
-3.349 -1 -3.192 -1 -3.268 -1 -3.396 -1 132
-3.332 -1 -3.156 -1 -3.22 -1 -3.368 -1 202
-3.294 -1 -3.156 -1 -3.182 -1 -3.312 -1 74
-3.247 -1 -3.124 -1 -3.164 -1 -3.304 -1 50
-3.234 -1 -3.136 -1 -3.156 -1 -3.346 -1 37
-3.251 -1 -3.124 -1 -3.246 -1 -3.354 -1 257
-3.3 -1 -3.186 -1 -3.204 -1 -3.348 -1 100
-3.276 -1 -3.144 -1 -3.226 -1 -3.396 -1 170
-3.311 -1 -3.212 -1 -3.28 -1 -3.394 -1 139
-3.337 -1 -3.19 -1 -3.262 -1 -3.428 -1 158
-3.345 -1 -3.21 -1 -3.27 -1 -3.374 -1 184
-3.322 -1 -3.19 -1 -3.216 -1 -3.332 -1 82
-3.274 -1 -3.116 -1 -3.178 -1 -3.358 -1 109
-3.268 -1 -3.126 -1 -3.228 -1 -3.34 -1 166
-3.284 -1 -3.122 -1 -3.242 -1 -3.314 -1 198
-3.278 -1 -3.122 -1 -3.124 -1 -3.36 -1 11
-3.242 -1 -3.078 -1 -3.216 -1 -3.41 -1 226
-3.313 -1 -3.182 -1 -3.272 -1 -3.454 -1 292
-3.363 -1 -3.234 -1 -3.328 -1 -3.456 -1 145
-3.392 -1 -3.236 -1 -3.284 -1 -3.464 -1 42
-3.374 -1 -3.25 -1 -3.274 -1 -3.504 -1 86
-3.389 -1 -3.222 -1 -3.26 -1 -3.426 -2 88
-3.343 -1 -3.22 -1 -3.266 -1 -3.428 -2 159
-3.347 -1 -3.212 -1 -3.268 -1 -3.386 -1 201
-3.327 -1 -3.188 -1 -3.276 -1 -3.41 -1 233
-3.343 -1 -3.182 -1 -3.182 -1 -3.318 -1 7
-3.25 -1 -3.112 -1 -3.154 -1 -3.338 -1 60
-3.246 -1 -3.122 -1 -3.212 -1 -3.348 -1 216
-3.28 -1 -3.076 -1 -3.224 -1 -3.402 -1 162
-3.313 -1 -3.176 -1 -3.182 -1 -3.326 -1 4
-3.254 -1 -3.146 -1 -3.278 -1 -3.45 -1 291
-3.364 -1 -3.254 -1 -3.324 -1 -3.42 -1 224
-3.372 -1 -3.194 -1 -3.288 -1 -3.392 -1 201
-3.34 -1 -3.242 -1 -3.288 -1 -3.406 -1 166
-3.347 -1 -3.2 -1 -3.212 -1 -3.468 -1 81
-3.34 -1 -3.274 -1 -3.336 -1 -3.484 -1 235
-3.41 -1 -3.284 -1 -3.366 -1 -3.5 -1 171
-3.433 -1 -3.306 -1 -3.382 -1 -3.516 -1 118
-3.449 -1 -3.34 -1 -3.394 -1 -3.47 -1 120
-3.432 -1 -3.282 -1 -3.31 -1 -3.478 -1 66
-3.394 -1 -3.21 -1 -3.282 -1 -3.402 -1 165
-3.342 -1 -3.18 -1 -3.214 -1 -3.344 -1 45
-3.279 -1 -3.126 -1 -3.18 -1 -3.3 -1 64
-3.24 -1 -3.084 -1 -3.118 -1 -3.35 -1 56
-3.234 -1 -3.078 -1 -3.086 -1 -3.294 -1 29
-3.19 -1 -3.102 -1 -3.236 -1 -3.366 -1 226
-3.301 -1 -3.164 -1 -3.228 -1 -3.356 -1 153
-3.292 -1 -3.208 -1 -3.278 -1 -3.368 -2 186
-3.323 -1 -3.19 -1 -3.326 -1 -3.386 -2 221
-3.356 -1 -3.248 -1 -3.376 -1 -3.414 -1 255
-3.395 -1 -3.246 -1 -3.34 -1 -3.424 -1 186
-3.382 -1 -3.302 -1 -3.314 -1 -3.474 -1 180
-3.394 -1 -3.256 -1 -3.326 -1 -3.434 -1 250
-3.38 -1 -3.246 -1 -3.248 -1 -3.432 -1 10
-3.34 -1 -3.226 -1 -3.25 -1 -3.356 -1 153
-3.303 -1 -3.16 -1 -3.242 -1 -3.274 -1 164
-3.258 -1 -3.116 -1 -3.18 -1 -3.272 -1 70
-3.226 -1 -3.052 -1 -3.232 -1 -3.346 -1 284
-3.289 -1 -3.202 -1 -3.266 -1 -3.418 -1 121
-3.342 -1 -3.246 -1 -3.31 -1 -3.424 -1 173
-3.367 -1 -3.234 -1 -3.226 -1 -3.452 -1 17
-3.339 -1 -3.214 -1 -3.26 -1 -3.388 -1 133
-3.324 -1 -3.116 -1 -3.27 -1 -3.42 -1 285
-3.345 -1 -3.254 -1 -3.31 -1 -3.392 -1 142
-3.351 -1 -3.178 -1 -3.232 -1 -3.374 -1 77
-3.303 -1 -3.212 -1 -3.326 -1 -3.464 -1 234
-3.395 -1 -3.228 -1 -3.296 -1 -3.458 -1 167
-3.377 -1 -3.218 -1 -3.21 -1 -3.416 -1 77
-3.313 -1 -3.21 -1 -3.268 -1 -3.404 -1 146
-3.336 -1 -3.202 -1 -3.256 -1 -3.386 -1 169
-3.321 -1 -3.224 -1 -3.318 -1 -3.472 -1 171
-3.395 -1 -3.23 -1 -3.318 -1 -3.444 -1 233
-3.381 -1 -3.254 -1 -3.336 -1 -3.498 -2 207
-3.417 -1 -3.274 -1 -3.342 -1 -3.43 -1 135
-3.386 -1 -3.264 -1 -3.292 -1 -3.328 -1 169
-3.31 -1 -3.188 -1 -3.326 -1 -3.446 -1 257
-3.386 -1 -3.248 -1 -3.262 -1 -3.384 -1 35
-3.323 -1 -3.23 -1 -3.226 -1 -3.426 -1 3
-3.326 -1 -3.144 -1 -3.234 -1 -3.392 -1 112
-3.313 -1 -3.194 -1 -3.24 -1 -3.42 -1 54
-3.33 -1 -3.158 -1 -3.246 -1 -3.384 -1 185
-3.315 -1 -3.212 -1 -3.212 -1 -3.334 -1 4
-3.273 -1 -3.12 -1 -3.192 -1 -3.412 -2 142
-3.302 -1 -3.15 -1 -3.282 -1 -3.442 -1 290
-3.362 -1 -3.258 -2 -3.332 -1 -3.47 -1 207
-3.401 -1 -3.246 -2 -3.346 -2 -3.472 -1 179
-3.409 -1 -3.254 -1 -3.344 -1 -3.454 -1 158
-3.399 -1 -3.294 -1 -3.378 -1 -3.488 -1 216
-3.433 -1 -3.302 -1 -3.308 -1 -3.442 -1 31
-3.375 -1 -3.252 -1 -3.316 -1 -3.41 -1 68
-3.363 -1 -3.234 -1 -3.276 -1 -3.376 -1 145
-3.326 -1 -3.17 -1 -3.252 -1 -3.374 -1 202
-3.313 -1 -3.11 -1 -3.178 -1 -3.4 -1 95
-3.289 -1 -3.168 -1 -3.228 -1 -3.356 -1 94
-3.292 -1 -3.188 -1 -3.212 -1 -3.332 -1 30
-3.272 -1 -3.168 -1 -3.176 -1 -3.342 -2 67
-3.259 -1 -3.172 -1 -3.184 -1 -3.286 -1 51
-3.235 -1 -3.104 -1 -3.224 -1 -3.424 -1 134
-3.324 -1 -3.228 -1 -3.374 -1 -3.52 -1 263
-3.447 -1 -3.316 -1 -3.36 -1 -3.534 -1 131
-3.447 -1 -3.284 -1 -3.306 -1 -3.474 -1 49
-3.39 -1 -3.276 -1 -3.292 -1 -3.438 -1 31
-3.365 -1 -3.216 -1 -3.268 -1 -3.41 -2 167
-3.339 -1 -3.184 -1 -3.258 -1 -3.4 -1 145
-3.329 -1 -3.21 -1 -3.252 -1 -3.394 -1 114
-3.323 -1 -3.208 -1 -3.326 -1 -3.382 -1 216
-3.354 -1 -3.23 -1 -3.336 -1 -3.428 -1 208
-3.382 -1 -3.26 -1 -3.316 -1 -3.442 -1 92
-3.379 -1 -3.28 -1 -3.348 -1 -3.508 -1 244
-3.428 -1 -3.324 -1 -3.334 -1 -3.466 -1 81
-3.4 -1 -3.3 -1 -3.352 -1 -3.486 -1 124
-3.419 -1 -3.266 -1 -3.298 -1 -3.426 -2 176
-3.362 -1 -3.264 -1 -3.316 -1 -3.492 -1 293
-3.404 -1 -3.232 -1 -3.3 -1 -3.436 -1 99
-3.368 -1 -3.212 -1 -3.212 -1 -3.42 -1 14
-3.316 -1 -3.23 -1 -3.28 -1 -3.458 -1 160
-3.369 -1 -3.194 -1 -3.248 -1 -3.38 -1 141
-3.314 -1 -3.184 -1 -3.338 -1 -3.514 -1 285
-3.426 -1 -3.25 -1 -3.252 -1 -3.384 -1 31
-3.318 -1 -3.186 -1 -3.31 -1 -3.448 -1 232
-3.379 -1 -3.22 -1 -3.224 -1 -3.36 -1 34
-3.292 -1 -3.146 -1 -3.176 -1 -3.346 -1 58
-3.261 -1 -3.076 -1 -3.152 -1 -3.372 -1 139
-3.262 -1 -3.122 -1 -3.164 -1 -3.354 -1 58
-3.259 -1 -3.058 -1 -3.108 -1 -3.294 -1 38
-3.201 -1 -3.072 -1 -3.146 -1 -3.286 -1 168
-3.216 -1 -3.106 -1 -3.278 -1 -3.436 -1 237
-3.357 -1 -3.258 -1 -3.334 -1 -3.4 -1 261
-3.367 -1 -3.218 -1 -3.338 -1 -3.444 -1 175
-3.391 -1 -3.228 -1 -3.322 -1 -3.43 -1 280
-3.376 -1 -3.322 -1 -3.34 -1 -3.504 -1 28
-3.422 -1 -3.324 -1 -3.418 -1 -3.484 -1 280
-3.451 -1 -3.32 -1 -3.396 -1 -3.448 -1 54
-3.422 -1 -3.29 -1 -3.398 -1 -3.514 -1 253
-3.456 -1 -3.302 -1 -3.402 -1 -3.478 -1 277
-3.44 -1 -3.316 -1 -3.368 -1 -3.51 -1 119
-3.439 -1 -3.268 -1 -3.318 -1 -3.426 -1 50
-3.372 -1 -3.2 -1 -3.33 -1 -3.432 -1 288
-3.381 -1 -3.274 -1 -3.292 -1 -3.452 -1 18
-3.372 -1 -3.19 -1 -3.368 -1 -3.458 -1 291
-3.413 -1 -3.292 -1 -3.264 -1 -3.442 -1 115
-3.353 -1 -3.204 -1 -3.208 -1 -3.358 -1 4
-3.283 -1 -3.134 -1 -3.246 -1 -3.408 -1 250
-3.327 -1 -3.248 -1 -3.392 -1 -3.482 -1 202
-3.437 -1 -3.334 -1 -3.362 -2 -3.484 -2 211
-3.423 -2 -3.3 -2 -3.412 -1 -3.56 -2 299
-3.486 -1 -3.308 -1 -3.34 -1 -3.492 -1 105
-3.416 -1 -3.224 -1 -3.336 -1 -3.544 -1 193
-3.44 -1 -3.3 -1 -3.31 -1 -3.412 -1 58
-3.361 -1 -3.222 -1 -3.332 -1 -3.532 -1 234
-3.432 -1 -3.244 -1 -3.292 -1 -3.422 -1 182
-3.357 -1 -3.198 -1 -3.338 -1 -3.48 -2 248
-3.409 -1 -3.29 -1 -3.3 -1 -3.432 -1 34
-3.366 -1 -3.202 -1 -3.354 -1 -3.476 -1 289
-3.415 -1 -3.312 -1 -3.36 -1 -3.466 -1 136
-3.413 -1 -3.27 -1 -3.324 -1 -3.4 -1 75
-3.362 -1 -3.296 -1 -3.374 -1 -3.484 -2 216
-3.429 -1 -3.25 -1 -3.318 -1 -3.458 -1 149
-3.388 -1 -3.264 -1 -3.332 -1 -3.412 -1 118
-3.372 -1 -3.272 -1 -3.272 -1 -3.398 -1 4
-3.335 -1 -3.218 -1 -3.26 -1 -3.424 -1 53
-3.342 -1 -3.232 -1 -3.234 -1 -3.322 -1 16
-3.278 -1 -3.158 -1 -3.304 -1 -3.424 -1 253
-3.364 -1 -3.232 -1 -3.23 -1 -3.434 -1 6
-3.332 -1 -3.202 -1 -3.318 -1 -3.388 -1 272
-3.353 -1 -3.208 -1 -3.364 -1 -3.422 -1 297
-3.393 -1 -3.23 -1 -3.25 -1 -3.406 -1 44
-3.328 -1 -3.224 -1 -3.342 -1 -3.444 -1 264
-3.393 -1 -3.304 -1 -3.456 -1 -3.552 -1 294
-3.504 -1 -3.352 -1 -3.462 -1 -3.49 -1 289
-3.476 -1 -3.384 -1 -3.39 -1 -3.52 -2 8
-3.455 -1 -3.288 -1 -3.376 -1 -3.492 -1 177
-3.434 -1 -3.278 -1 -3.316 -1 -3.344 -1 46
-3.33 -1 -3.22 -1 -3.35 -1 -3.392 -1 205
-3.371 -1 -3.236 -1 -3.258 -1 -3.464 -1 43
-3.361 -1 -3.216 -1 -3.214 -1 -3.384 -2 26
-3.299 -1 -3.188 -1 -3.222 -1 -3.428 -1 207
-3.325 -1 -3.188 -1 -3.272 -1 -3.424 -1 234
-3.348 -1 -3.236 -1 -3.256 -1 -3.392 -1 58
-3.324 -1 -3.18 -1 -3.252 -1 -3.264 -1 167
-3.258 -1 -3.178 -1 -3.226 -1 -3.368 -1 294
-3.297 -1 -3.162 -1 -3.198 -1 -3.396 -2 83
-3.297 -1 -3.136 -1 -3.168 -1 -3.256 -1 61
-3.212 -1 -3.05 -1 -3.156 -1 -3.326 -1 269
-3.241 -1 -3.066 -1 -3.174 -1 -3.39 -1 138
-3.282 -1 -3.152 -1 -3.212 -1 -3.366 -1 163
-3.289 -1 -3.12 -1 -3.226 -1 -3.346 -1 188
-3.286 -1 -3.192 -1 -3.282 -1 -3.468 -2 276
-3.375 -1 -3.19 -1 -3.198 -1 -3.404 -1 23
-3.301 -1 -3.2 -1 -3.33 -1 -3.4 -2 279
-3.365 -1 -3.248 -1 -3.256 -1 -3.372 -1 173
-3.314 -1 -3.198 -1 -3.28 -1 -3.42 -1 133
-3.35 -1 -3.206 -1 -3.256 -1 -3.39 -1 137
-3.323 -1 -3.202 -1 -3.3 -1 -3.404 -1 271
-3.352 -1 -3.232 -1 -3.314 -1 -3.444 -1 127
-3.379 -1 -3.246 -1 -3.27 -1 -3.318 -1 89
-3.294 -1 -3.17 -1 -3.318 -1 -3.366 -2 297
-3.342 -1 -3.234 -1 -3.256 -1 -3.452 -1 31
-3.354 -1 -3.24 -1 -3.28 -1 -3.392 -1 142
-3.336 -1 -3.206 -1 -3.314 -1 -3.482 -1 263
-3.398 -1 -3.22 -1 -3.248 -1 -3.404 -2 59
-3.326 -1 -3.202 -1 -3.258 -1 -3.392 -1 210
-3.325 -1 -3.24 -1 -3.24 -1 -3.32 -1 22
-3.28 -1 -3.214 -1 -3.33 -1 -3.456 -1 272
-3.393 -1 -3.302 -1 -3.372 -1 -3.438 -1 223
-3.405 -1 -3.296 -1 -3.306 -1 -3.402 -1 46
-3.354 -1 -3.234 -1 -3.266 -1 -3.368 -1 56
-3.317 -1 -3.158 -1 -3.158 -1 -3.384 -1 0
-3.271 -1 -3.124 -1 -3.262 -1 -3.328 -1 206
-3.295 -1 -3.176 -1 -3.244 -1 -3.424 -2 155
-3.334 -1 -3.242 -1 -3.322 -1 -3.372 -1 271
-3.347 -1 -3.244 -1 -3.238 -1 -3.35 -1 22
-3.294 -1 -3.194 -1 -3.204 -1 -3.324 -1 24
-3.264 -1 -3.146 -1 -3.206 -1 -3.388 -1 144
-3.297 -1 -3.134 -1 -3.184 -1 -3.342 -1 55
-3.263 -1 -3.118 -1 -3.232 -1 -3.334 -1 207
-3.283 -1 -3.182 -1 -3.308 -1 -3.466 -1 299
-3.387 -1 -3.22 -1 -3.3 -1 -3.37 -1 170
-3.335 -1 -3.196 -1 -3.206 -1 -3.334 -1 6
-3.27 -1 -3.154 -1 -3.16 -1 -3.332 -1 61
-3.246 -1 -3.088 -1 -3.104 -1 -3.284 -1 11
-3.194 -1 -3.042 -1 -3.158 -1 -3.33 -1 218
-3.244 -1 -3.164 -1 -3.264 -1 -3.432 -1 234
-3.348 -1 -3.18 -1 -3.238 -1 -3.376 -1 73
-3.307 -1 -3.18 -1 -3.212 -1 -3.35 -1 48
-3.281 -1 -3.142 -1 -3.274 -1 -3.42 -2 216
-3.347 -1 -3.24 -1 -3.298 -1 -3.462 -1 198
-3.38 -1 -3.21 -1 -3.286 -1 -3.416 -1 190
-3.351 -1 -3.206 -1 -3.22 -1 -3.42 -1 137
-3.32 -1 -3.2 -1 -3.194 -1 -3.382 -1 51
-3.288 -1 -3.188 -1 -3.318 -1 -3.45 -1 286
-3.384 -1 -3.29 -1 -3.392 -1 -3.418 -1 233
-3.405 -1 -3.204 -1 -3.27 -1 -3.39 -1 233
-3.33 -1 -3.22 -1 -3.224 -1 -3.382 -1 3
-3.303 -1 -3.17 -1 -3.28 -1 -3.336 -1 131
-3.308 -1 -3.164 -1 -3.274 -1 -3.394 -2 218
-3.334 -1 -3.23 -1 -3.244 -1 -3.362 -2 97
-3.303 -1 -3.202 -1 -3.284 -1 -3.392 -1 149
-3.338 -1 -3.18 -1 -3.184 -1 -3.358 -1 5
-3.271 -1 -3.138 -1 -3.256 -1 -3.344 -1 189
-3.3 -1 -3.17 -1 -3.306 -1 -3.436 -1 250
-3.371 -1 -3.204 -1 -3.306 -1 -3.424 -1 205
-3.365 -1 -3.254 -1 -3.286 -1 -3.458 -1 90
-3.372 -1 -3.254 -1 -3.332 -1 -3.49 -1 178
-3.411 -1 -3.26 -1 -3.312 -1 -3.444 -1 117
-3.378 -1 -3.226 -1 -3.264 -1 -3.374 -1 74
-3.319 -1 -3.172 -1 -3.184 -1 -3.364 -1 58
-3.274 -1 -3.202 -1 -3.264 -1 -3.376 -1 155
-3.32 -1 -3.22 -1 -3.268 -1 -3.448 -1 44
-3.358 -1 -3.208 -1 -3.278 -1 -3.432 -1 243
-3.355 -1 -3.226 -1 -3.278 -1 -3.454 -1 193
-3.366 -1 -3.192 -1 -3.288 -1 -3.416 -2 173
-3.352 -1 -3.274 -1 -3.368 -1 -3.47 -1 195
-3.419 -1 -3.332 -1 -3.4 -1 -3.494 -1 280
-3.447 -1 -3.348 -1 -3.374 -1 -3.466 -1 205
-3.42 -1 -3.25 -1 -3.326 -1 -3.45 -1 187
-3.388 -1 -3.26 -1 -3.326 -1 -3.454 -1 214
-3.39 -1 -3.262 -1 -3.3 -2 -3.404 -1 91
-3.352 -1 -3.192 -1 -3.306 -1 -3.468 -2 258
-3.387 -1 -3.278 -1 -3.378 -1 -3.596 -1 254
-3.487 -1 -3.364 -1 -3.372 -1 -3.458 -1 37
-3.415 -1 -3.238 -1 -3.276 -1 -3.43 -1 88
-3.353 -1 -3.216 -1 -3.288 -1 -3.456 -1 153
-3.372 -1 -3.278 -1 -3.314 -1 -3.514 -1 115
-3.414 -1 -3.254 -1 -3.266 -1 -3.392 -1 77
-3.329 -1 -3.282 -1 -3.276 -1 -3.374 -1 6
-3.325 -1 -3.144 -1 -3.24 -1 -3.408 -1 240
-3.324 -1 -3.22 -1 -3.346 -1 -3.484 -1 274
-3.415 -1 -3.31 -1 -3.318 -1 -3.44 -1 52
-3.379 -1 -3.246 -1 -3.282 -1 -3.348 -2 80
-3.315 -1 -3.168 -1 -3.296 -1 -3.414 -1 235
-3.355 -1 -3.174 -1 -3.196 -1 -3.342 -1 42
-3.269 -1 -3.116 -1 -3.202 -1 -3.378 -2 173
-3.29 -1 -3.162 -1 -3.184 -1 -3.402 -1 31
-3.293 -1 -3.19 -1 -3.318 -1 -3.412 -1 243
-3.365 -1 -3.25 -1 -3.254 -1 -3.356 -1 40
-3.305 -1 -3.182 -1 -3.264 -1 -3.446 -1 183
-3.355 -1 -3.228 -1 -3.28 -1 -3.312 -1 92
-3.296 -1 -3.158 -1 -3.136 -1 -3.306 -1 46
-3.221 -1 -3.132 -1 -3.248 -2 -3.374 -1 286
-3.311 -1 -3.216 -1 -3.264 -1 -3.466 -1 71
-3.365 -1 -3.268 -1 -3.388 -1 -3.444 -1 193
-3.416 -1 -3.256 -1 -3.314 -1 -3.426 -2 103
-3.37 -1 -3.252 -1 -3.306 -1 -3.42 -1 122
-3.363 -1 -3.212 -1 -3.228 -1 -3.402 -1 36
-3.315 -1 -3.18 -1 -3.354 -1 -3.422 -2 292
-3.388 -1 -3.244 -1 -3.416 -1 -3.494 -2 278
-3.455 -1 -3.346 -1 -3.392 -1 -3.514 -1 226
-3.453 -1 -3.304 -1 -3.4 -1 -3.488 -1 127
-3.444 -1 -3.312 -1 -3.318 -1 -3.472 -1 7
-3.395 -1 -3.252 -1 -3.278 -1 -3.418 -1 113
-3.348 -1 -3.194 -1 -3.234 -1 -3.362 -1 113
-3.298 -1 -3.166 -1 -3.304 -1 -3.414 -1 230
-3.359 -1 -3.204 -1 -3.2 -1 -3.332 -1 40
-3.266 -1 -3.122 -1 -3.136 -1 -3.308 -1 21
-3.222 -1 -3.106 -1 -3.156 -1 -3.322 -1 169
-3.239 -1 -3.13 -1 -3.196 -1 -3.324 -1 146
-3.26 -1 -3.092 -1 -3.186 -1 -3.354 -1 163
-3.27 -1 -3.1 -1 -3.214 -1 -3.384 -2 139
-3.299 -1 -3.158 -1 -3.282 -1 -3.36 -1 297
-3.321 -1 -3.19 -1 -3.2 -1 -3.384 -1 76
-3.292 -1 -3.186 -1 -3.192 -1 -3.332 -1 55
-3.262 -1 -3.156 -1 -3.248 -1 -3.384 -1 180
-3.316 -1 -3.216 -1 -3.246 -1 -3.38 -1 71
-3.313 -1 -3.188 -1 -3.242 -1 -3.402 -1 140
-3.322 -1 -3.182 -1 -3.27 -1 -3.39 -1 159
-3.33 -1 -3.168 -1 -3.262 -1 -3.47 -1 258
-3.366 -1 -3.268 -1 -3.342 -1 -3.462 -1 264
-3.402 -1 -3.256 -1 -3.344 -1 -3.436 -1 179
-3.39 -1 -3.18 -1 -3.208 -1 -3.352 -1 18
-3.28 -1 -3.144 -1 -3.212 -1 -3.322 -1 118
-3.267 -1 -3.144 -1 -3.25 -1 -3.342 -1 146
-3.296 -1 -3.15 -1 -3.176 -1 -3.344 -1 31
-3.26 -1 -3.12 -1 -3.2 -1 -3.28 -1 96
-3.24 -1 -3.116 -1 -3.276 -1 -3.344 -1 293
-3.31 -1 -3.166 -1 -3.244 -1 -3.39 -1 232
-3.317 -1 -3.164 -1 -3.174 -1 -3.4 -2 21
-3.287 -1 -3.162 -1 -3.298 -1 -3.372 0 223
