8 1000 1 4 31 0 0 0 0
-3.402 -1 -2.986 -1 -3 -1 -3.296 -1 22
-3.148 -1 -2.764 -1 -2.79 -1 -3.036 -1 59
-2.913 -1 -2.56 -1 -2.798 -1 -3.076 -1 257
-2.937 -1 -2.582 -1 -2.966 -1 -3.16 -1 436
-3.063 -1 -2.722 -1 -2.964 -1 -3.218 -1 382
-3.091 -1 -2.744 -1 -2.782 -1 -3.07 -1 44
-2.926 -1 -2.602 -1 -2.73 -1 -3.106 -1 143
-2.918 -1 -2.6 -1 -2.714 -1 -3.038 -1 142
-2.876 -1 -2.522 -1 -2.812 -1 -3.012 -1 283
-2.912 -1 -2.544 -1 -2.706 -1 -2.982 -1 121
-2.844 -1 -2.478 -1 -2.924 -1 -3.204 -1 484
-3.064 -1 -2.702 -1 -2.89 -1 -3.124 -1 233
-3.007 -1 -2.64 -1 -2.774 -1 -3.09 -1 133
-2.932 -1 -2.576 -1 -2.862 -1 -3.028 -1 320
-2.945 -1 -2.56 -1 -2.65 -1 -2.976 -1 57
-2.813 -1 -2.494 -1 -2.568 -1 -2.914 -1 65
-2.741 -1 -2.42 -1 -2.88 -1 -3.07 -1 465
-2.975 -1 -2.578 -1 -2.87 -1 -3.148 -1 357
-3.009 -1 -2.658 -1 -2.976 -1 -3.186 -1 305
-3.081 -1 -2.712 -1 -2.806 -1 -3.13 -1 122
-2.968 -1 -2.626 -1 -2.744 -1 -3.028 -1 150
-2.886 -1 -2.536 -1 -2.892 -1 -3.126 -1 426
-3.009 -1 -2.63 -1 -2.772 -1 -3.1 -1 178
-2.936 -1 -2.596 -1 -2.798 -1 -3.074 -1 180
-2.936 -1 -2.618 -1 -2.722 -1 -3.044 -1 156
-2.883 -1 -2.534 -1 -2.636 -1 -2.974 -1 95
-2.805 -1 -2.49 -1 -2.79 -1 -3.056 -1 296
-2.923 -1 -2.608 -1 -2.684 -1 -2.972 -1 80
-2.828 -1 -2.446 -1 -2.854 -1 -3.14 -1 355
-2.997 -1 -2.588 -1 -2.81 -1 -3.03 -1 189
-2.92 -1 -2.56 -1 -2.866 -1 -3.108 0 305
